[0;5;35;40m;[0;1;30;47m888888888888888888888888888888888[0;5;37;40m::.[0;5;35;40m  t[0m
[0;5;35;40m [0;1;30;47m8[0;5;35;41mX[0;1;31;47m8[0;1;30;47m8888[0;5;31;41mX[0;1;30;47m88888[0;5;31;41mX[0;1;30;47m888[0;1;31;41m8@X[0;5;37;41m8[0;1;30;47m888[0;5;35;41mX[0;1;31;47m8[0;1;30;47m8888[0;5;31;41m@[0;1;30;47m88888[0;5;31;41m8[0;1;30;47m8[0;5;35;40m.[0m
[0;5;35;40m [0;1;30;47m8[0;5;31;41m8[0;1;31;47m8[0;1;30;47m8888[0;5;31;41m8[0;1;30;47m8888[0;1;31;47m8[0;5;31;41mX[0;1;30;47m888[0;1;30;41mXSS8[0;1;30;47m888[0;5;31;41m8[0;1;31;47m8[0;1;30;47m888[0;1;31;47m8[0;5;31;41m8[0;1;30;47m8888[0;5;31;41m@8[0;1;30;47m8[0;5;35;40m.[0m
[0;5;35;40m [0;1;31;47m@[0;5;31;41m8X[0;1;30;47m888[0;1;31;47m8[0;5;31;41m8[0;1;31;47m8[0;1;30;47m88[0;1;37;47m [0;5;35;41mS[0;5;31;41m@[0;1;30;47m8[0;1;37;47m [0;1;30;47m8[0;1;30;41m8@X[0;5;35;40m.[0;1;30;47m888[0;5;31;41m8X[0;1;30;47m888[0;5;35;41mS[0;1;31;41m8[0;5;35;41mS[0;1;30;47m888[0;5;31;41m8[0;1;31;41m8[0;1;30;47m8[0;5;35;40m.[0m
[0;5;35;40m [0;1;31;47m8[0;5;31;41m8@[0;1;30;47m888[0;5;35;41mS[0;5;31;41m@[0;5;35;41mS[0;1;37;47m   [0;5;35;41mS[0;5;31;41mX[0;1;31;47m@[0;1;37;47m [0;1;30;47m8[0;5;31;40mX[0;1;30;41m88[0;5;35;40m:[0;1;30;47m88[0;1;31;47m8[0;5;31;41m8@[0;1;30;47m888[0;5;31;41mX8X[0;1;30;47m888[0;5;31;41m8[0;1;31;41m8[0;5;35;41m@[0;5;35;40m.[0m
[0;5;35;40m [0;1;30;47m888888[0;1;37;47m       [0;1;30;47m8[0;5;35;40m.[0;5;35;41mS[0;5;31;41m%@[0;1;30;41m88[0;5;31;41m888[0;5;35;40mt[0;1;30;47m88888888888888[0;5;35;40m.[0m
[0;5;35;40m:[0;1;30;47m8888[0;5;35;41mS[0;1;30;47m8[0;1;37;47m    [0;1;31;47m8[0;1;37;47m  [0;5;35;40m [0;5;31;40mS[0;5;35;41mS%t[0;5;31;41m;t%@[0;1;31;41mX[0;1;30;41m@[0;1;30;47m888[0;5;35;41mX[0;1;30;47m88888[0;5;31;41m@[0;1;30;47m8888[0;5;35;40m.[0m
[0;5;35;40m.[0;1;30;47m8888[0;5;31;41m8[0;1;30;47m8[0;1;37;47m   [0;1;30;47m8[0;5;35;41mS[0;1;37;47m  [0;5;35;40m tt[0;5;35;41m8%t[0;5;31;41m;S[0;1;31;41m@[0;1;30;41m8@[0;5;35;40m.[0;1;30;47m88[0;5;31;41m8[0;1;30;47m8888[0;5;37;41m8[0;5;31;41m8[0;1;30;47m8888[0;1;30;41m8[0m
[0;1;30;41m8[0;1;30;47m8888[0;5;31;41m@[0;1;31;47m8[0;1;37;47m   [0;1;30;47m8[0;5;35;41mX[0;1;37;47m  [0;5;35;40m::tt[0;5;35;41mXS[0;5;31;41mSX[0;1;30;41m88@8[0;1;30;47m8[0;1;31;47m@[0;5;31;41m8[0;5;35;41mS[0;1;30;47m888[0;5;35;41mX[0;1;31;41m8[0;1;31;47m8[0;1;30;47m888[0;1;30;41m@[0m
[0;1;31;41mt[0;1;30;47m888[0;1;31;47m8[0;5;31;41m@[0;5;35;41mS[0;1;37;47m   [0;1;31;47m8[0;5;35;41mX[0;1;30;47m88[0;5;35;40m:[0;1;30;47m88[0;5;35;41m@[0;5;31;40mS[0;1;30;41m88[0;1;31;41m8[0;1;30;41m8[0;1;30;47m8[0;1;30;41m8[0;1;31;41m8[0;5;35;40m;[0;5;35;41mS[0;5;31;41m8X[0;1;30;47m888[0;5;31;41m@8[0;5;35;41mX[0;1;30;47m888[0;1;31;41m;[0m
[0;5;35;40m [0;1;30;47m88888[0;1;37;47m      [0;1;30;47m8[0;5;35;40mt[0;5;35;41m8[0;1;37;47m [0;1;30;47m8[0;5;35;41mX[0;5;31;41m88[0;1;30;41m8[0;1;31;41m88[0;1;30;47m88[0;1;30;41mXX[0;1;30;47m888888888888[0;5;35;40m.[0m
[0;5;35;40m.[0;1;30;47m8[0;5;35;41mS[0;1;31;47m@[0;1;30;47m888[0;5;35;41mS[0;1;37;47m   [0;1;30;47m8[0;5;31;40mSS[0;1;30;47m8[0;1;37;47m [0;5;35;40mt[0;1;30;41m88[0;1;31;41m88[0;5;31;41m8[0;1;30;41m8[0;5;35;40m%[0;1;30;47m8[0;5;35;40m [0;1;31;41mS[0;1;30;41m8[0;1;30;47m8888[0;5;35;41mS[0;1;31;47m8[0;1;30;47m888[0;5;31;41m8[0;1;30;47m8[0;5;35;40m;[0m
[0;5;31;40m@[0;1;30;47m8[0;5;31;41m8[0;1;31;47m8[0;1;30;47m88[0;5;35;41mSX[0;1;37;47m  [0;1;30;47m8[0;5;35;40m.[0;1;30;41m8[0;1;30;47m8[0;1;37;47m  [0;1;30;41m888888@8[0;1;30;47m888[0;1;30;41mS[0;5;35;41mX[0;1;31;47m@[0;1;30;47m88[0;5;31;41m8[0;5;37;41m8[0;1;30;47m88[0;5;35;41m@[0;5;31;41m8[0;1;30;47m8[0;5;31;40m8[0m
[0;37;40m [0;1;30;47m8[0;5;31;41m8X[0;1;30;47m88[0;5;35;41mX[0;5;31;41m@[0;1;30;47m88[0;5;31;41m88[0;5;35;40m:[0;1;37;47m  [0;1;30;47m8[0;1;30;41m88[0;1;31;41mX[0;5;35;40mt[0;1;30;41m8[0;1;31;41mS[0;1;30;41mXS[0;1;30;47m888[0;5;31;41m@[0;1;31;41m8[0;5;31;41m8[0;1;31;47m8[0;1;30;47m8[0;5;31;41m8@[0;1;30;47m88[0;5;31;41m8[0;1;31;41m8[0;1;30;47m8[0;37;40m [0m
[0;37;40m [0;1;30;41m8[0;5;31;41m88[0;1;30;47m88[0;5;31;41m@8[0;1;31;47m8[0;1;30;47m8[0;5;37;41m8[0;5;31;41m@[0;1;31;47m@[0;1;30;47m888[0;1;30;41m@[0;5;31;41m8[0;1;30;41m@[0;5;35;40m::[0;1;30;41mX[0;1;31;41m@[0;1;30;41mX[0;1;30;47m888[0;1;31;47m8[0;5;31;41m8[0;5;35;41mS[0;1;30;47m8[0;5;37;41m8[0;1;31;41m8[0;5;31;41m8[0;1;30;47m88[0;1;31;41m88[0;1;30;41m8[0;37;40m [0m
[0;37;40m  [0;1;30;47m88888888888888[0;1;30;41m8XS[0;5;35;40m;:[0;1;30;41m%[0;1;31;41mt[0;1;30;41m8[0;1;30;47m88888888888888[0;37;40m  [0m
[0;37;40m  [0;5;31;40m8[0;1;30;47m8888[0;1;31;47m8[0;5;35;41mS[0;1;30;47m8888[0;5;37;41m8[0;1;31;47m@[0;1;30;47m8[0;5;37;40m.[0;1;30;41m%%[0;5;35;40mt;[0;1;30;41mtt[0;1;30;47m888[0;5;31;41mX[0;1;30;47m8888[0;5;37;41m8[0;5;35;41mX[0;1;30;47m8888[0;5;31;40m8[0;37;40m  [0m
[0;37;40m   [0;5;31;40mS[0;1;30;47m888[0;5;31;41mX[0;5;35;41mX[0;1;30;47m8888[0;5;31;41m8[0;1;31;47m8[0;1;30;47m88[0;1;30;41mt[0;1;31;41mt[0;5;35;40m :[0;1;31;41mt[0;1;30;41mt[0;1;30;47m88[0;5;35;41mX[0;5;31;41m@[0;1;30;47m8888[0;5;31;41m8[0;5;35;41m@[0;1;30;47m888[0;5;31;40mS[0;37;40m   [0m
[0;37;40m    [0;5;31;40mX[0;1;30;47m88[0;5;31;41m@8[0;1;30;47m8888[0;5;31;41m8X[0;1;30;47m88[0;1;31;41m;S[0;1;30;47m88[0;1;31;41mXt[0;1;30;47m88[0;5;31;41mX8[0;1;30;47m8888[0;5;31;41m88[0;1;30;47m88[0;5;31;40mX[0;37;40m    [0m
[0;37;40m     [0;5;31;40m8[0;1;30;47m8[0;5;31;41m88[0;1;31;47m8[0;1;30;47m88[0;5;35;41mS[0;1;31;41m8[0;5;31;41m8[0;1;30;47m8[0;5;35;40m;[0;1;31;41mS[0;1;30;41m;[0;1;30;47m88[0;1;30;41m;[0;1;31;41mS[0;5;31;40mS[0;1;30;47m8[0;5;31;41m8[0;1;31;41m8[0;5;35;41mX[0;1;30;47m888[0;1;31;41m88[0;5;35;40m [0;5;31;40m8[0;37;40m     [0m
[0;37;40m       [0;5;35;40m.[0;1;30;47m888888888[0;1;30;41m;;[0;5;37;40m.[0;1;30;47m8[0;30;41m;[0;1;31;41m:[0;5;35;40m [0;1;30;47m88888888[0;5;35;40m:[0;37;40m       [0m
[0;37;40m        [0;5;31;40m8[0;1;30;47m88888[0;5;31;41m@[0;1;30;47m88[0;1;30;41m8:[0;1;30;47m88[0;1;30;41m%8[0;1;30;47m88[0;5;35;41m@[0;1;30;47m8888[0;5;37;40m:[0;5;31;40m8[0;37;40m        [0m
[0;37;40m          [0;5;31;40m8[0;1;30;47m88[0;5;35;41m@[0;5;31;41m8[0;1;30;47m888[0;1;30;41m:[0;1;30;47m88[0;1;30;41m%[0;5;35;41m8[0;1;30;47m88[0;1;31;41m8[0;5;35;41mX[0;1;30;47m8[0;5;37;40m:[0;5;31;40m8[0;37;40m          [0m
[0;37;40m             [0;1;30;41m8[0;1;31;41m8[0;1;30;47m88[0;5;31;41mX@@[0;1;30;47m8[0;5;31;41m@@[0;1;30;47m88[0;1;31;41m8[0;1;30;41m8[0;37;40m             [0m
[0;37;40m               [0;1;30;41m@[0;5;35;40m [0;1;30;47m8[0;5;35;40m.[0;1;30;47m888[0;5;35;40m  [0;1;30;41m@[0;37;40m               [0m
[0;37;40m                  [0;5;31;40m8[0;5;35;40m;;[0;5;31;40m8[0;37;40m                  [0m
