[0;5;31;40m8[0;5;33;40m888888888888888[0;5;31;40m@[0;5;33;40m88888[0;5;31;40mX[0;5;33;40m8[0;1;30;41m8[0;5;33;40m8888888888888[0;1;30;41m8[0;5;31;40mX[0m
[0;5;31;40mS[0;1;30;43m8888888[0;5;33;40m8[0;1;30;43m888888[0;5;33;40m88[0;1;30;43m88[0;5;33;40m88888[0;5;31;40m@[0;1;30;43m888888888888[0;5;33;40m8[0;5;31;40m8@[0m
[0;5;31;40m@[0;1;30;43m88888[0;5;33;40m8[0;1;30;43m8[0;5;33;40m8[0;1;30;43m888888[0;5;33;40m88[0;1;30;43m88[0;5;33;40m8@888[0;5;31;40mX[0;1;30;43m88[0;5;33;40m@[0;1;30;43m8888888[0;5;33;40m8888[0;5;31;40mS[0m
[0;1;30;41m8[0;1;30;43m8[0;5;33;40m8[0;1;30;43m8[0;5;33;40m8[0;1;30;43m8[0;5;33;40m8[0;1;30;43m8[0;5;33;40m8[0;1;30;43m88[0;5;33;40m@[0;1;30;43m888[0;5;33;40m88[0;1;30;43m8[0;5;33;40m88[0;1;30;43m88[0;5;33;40m88[0;5;31;40m@[0;1;30;43m88888888888[0;5;33;40m88[0;5;31;40m@@[0m
[0;5;31;40m8[0;1;30;43m8[0;5;33;40m8[0;1;30;43m88888[0;5;33;40m8[0;1;30;43m88[0;5;33;40m8[0;1;30;43m888[0;5;33;40m88[0;1;30;43m8[0;5;33;40m@8@[0;1;30;43m8[0;5;31;40m88@[0;5;33;40m8[0;1;30;43m88[0;5;33;40m8[0;1;30;43m8888888[0;5;33;40m8[0;5;31;40mX[0;5;33;40m8[0;1;30;41m8[0m
[0;5;31;40m8[0;5;33;40m88[0;1;30;43m88888[0;5;33;40m8[0;1;30;43m88[0;5;33;40m8[0;1;30;43m88[0;5;33;40m8888@88[0;1;30;43m8[0;5;31;40m8[0;5;33;40m8[0;5;31;40m@[0;1;30;43m88[0;5;33;40m8[0;1;30;43m888888888[0;5;31;40m@[0;5;33;40m8[0;1;30;41m8[0m
[0;1;30;41m8[0;5;33;40m88[0;1;30;43m88[0;5;33;40m8[0;1;30;43m88888[0;5;33;40m8[0;1;30;43m888[0;5;33;40m888888[0;1;30;43m8[0;5;31;40m@8X[0;1;30;43m88[0;5;33;40m8@[0;1;30;43m88888[0;5;33;40m888[0;5;31;40m@@[0;1;30;41m8[0m
[0;5;31;40m8[0;1;30;43m8[0;5;33;40m8888[0;1;30;43m88[0;5;33;40m8[0;1;30;43m88[0;5;33;40m8[0;1;30;43m888[0;5;33;40m888[0;1;30;43m8[0;5;33;40m88[0;1;30;43m8[0;5;31;40mX[0;5;33;40m8[0;5;31;40m@[0;5;33;40m888[0;1;30;43m888888[0;5;33;40m8[0;1;30;43m8[0;5;33;40m8[0;5;31;40m@88[0m
[0;5;31;40mX[0;5;33;40m8888[0;1;30;43m888[0;5;33;40m8[0;1;30;43m88[0;5;33;40m8@[0;1;30;43m88[0;5;33;40m8888888[0;5;31;40mX8X[0;5;33;40m888[0;1;30;43m88888888[0;5;33;40m8[0;5;31;40m8XS[0m
[0;5;33;40m888[0;1;30;43m88888[0;5;33;40m8[0;1;30;43m88[0;5;33;40m@[0;1;30;43m888[0;5;33;40m888888888[0;5;31;40m@[0;1;30;43m8[0;5;33;40m88[0;1;30;43m888888[0;5;33;40m8[0;1;30;43m8[0;5;33;40m88[0;5;31;40m8X[0m
[0;5;33;40m888[0;1;30;43m8[0;5;33;40m888[0;1;30;43m8[0;5;33;40m8[0;1;30;43m88[0;5;33;40m8[0;1;30;43m888[0;5;33;40m@88888888[0;5;31;40m@[0;5;33;40m888[0;1;30;43m88888888[0;5;33;40m88[0;5;31;40m@[0;5;33;40m8[0m
[0;5;31;40m@[0;1;30;43m8[0;5;33;40m8888888[0;1;30;43m88[0;5;33;40m8[0;1;30;43m888[0;5;33;40m8888888[0;5;31;40m8[0;5;33;40m8[0;5;31;40m@[0;5;33;40m888[0;1;30;43m88888888[0;5;33;40m8[0;5;31;40m@[0;5;33;40m88[0m
[0;1;30;40m8[0;5;33;40m888[0;1;30;43m88[0;5;33;40m8[0;1;30;43m8[0;5;33;40m8[0;1;30;43m88[0;5;33;40m8[0;1;30;43m8[0;5;33;40m8[0;1;30;43m88[0;5;31;40m8[0;5;33;40m888[0;1;30;43m8[0;5;33;40m8[0;5;31;40m8[0;5;33;40m8[0;5;31;40m@[0;5;33;40m88[0;5;31;40m8[0;1;30;43m88888888[0;5;33;40m8[0;5;31;40m@[0;5;33;40m8[0;5;31;40m8[0m
[0;37;40m [0;5;33;40m88[0;1;30;43m88888[0;5;31;40m8[0;5;33;40m8@8888[0;1;30;43m8[0;5;33;40m88[0;5;31;40m@[0;1;30;43m8[0;5;33;40m8888[0;5;31;40mX[0;5;33;40m88[0;5;31;40m8[0;1;30;43m88888888[0;5;33;40m88[0;5;31;40m8[0;37;40m [0m
[0;37;40m [0;5;31;40mX[0;5;33;40m88[0;1;30;43m88[0;5;33;40m8888[0;1;30;43m8[0;5;31;40m@[0;5;33;40m888888[0;5;31;40m8[0;5;33;40m88888[0;5;31;40m8[0;5;33;40m8[0;5;31;40m8[0;5;33;40m8[0;1;30;43m8888888[0;5;33;40m888[0;5;31;40m@[0;37;40m [0m
[0;37;40m  [0;5;33;40m8[0;1;30;43m8[0;5;33;40m8[0;5;31;40m8[0;5;33;40m8[0;1;30;43m88[0;5;33;40m88[0;5;31;40m8[0;5;33;40m@[0;1;30;43m8[0;5;33;40m88888@8888[0;5;31;40m@[0;5;33;40m8[0;5;31;40m8[0;5;33;40m8@[0;1;30;43m888888[0;5;33;40m888[0;37;40m  [0m
[0;37;40m  [0;31;40m@[0;5;33;40m8888[0;1;30;43m8[0;5;33;40m8[0;1;30;43m888888[0;5;33;40m8888@88[0;5;31;40m8[0;5;33;40m8[0;5;31;40m8[0;5;33;40m88[0;5;31;40m8[0;5;33;40m8[0;1;30;43m888888[0;5;33;40m8[0;1;30;43m8[0;31;40m8[0;37;40m  [0m
[0;37;40m   [0;5;31;40m8[0;5;33;40m88[0;5;31;40m88[0;5;33;40m8[0;1;30;43m8[0;5;33;40m88[0;1;30;43m8[0;5;33;40m8888[0;5;31;40m@[0;5;33;40m888888[0;5;31;40m@X@8[0;5;33;40m8[0;1;30;43m888888[0;5;33;40m8[0;5;31;40m8[0;37;40m   [0m
[0;37;40m    [0;5;31;40m8[0;5;33;40m8[0;5;31;40m@[0;5;33;40m8[0;1;30;43m88[0;5;33;40m8[0;1;30;43m88[0;5;33;40m8888[0;5;31;40mX[0;1;30;43m88[0;5;33;40m88888[0;5;31;40m8X[0;5;33;40m88[0;1;30;43m888888[0;5;31;40m@[0;37;40m    [0m
[0;37;40m     [0;31;40mX[0;5;31;40mX[0;1;30;43m888[0;5;33;40m8[0;1;30;43m888[0;5;33;40m8888[0;1;30;43m88[0;5;33;40m888888[0;5;31;40m8[0;5;33;40m888[0;1;30;43m8888[0;31;40m8[0;37;40m     [0m
[0;37;40m       [0;5;33;40m8[0;1;30;43m88[0;5;33;40m8[0;1;30;43m888[0;5;33;40m88[0;5;31;40m@[0;5;33;40m8[0;1;30;43m88[0;5;33;40m8888[0;5;31;40m8[0;5;33;40m8888[0;1;30;43m888[0;5;33;40m8[0;37;40m       [0m
[0;37;40m        [0;31;40m@[0;5;33;40m888[0;1;30;43m88[0;5;33;40m888[0;1;30;43m88[0;5;33;40m888888888[0;1;30;43m8[0;5;33;40m88[0;31;40m8[0;37;40m        [0m
[0;37;40m          [0;31;40m8[0;5;33;40m8[0;1;30;43m8[0;5;33;40m88888888888[0;5;31;40mX[0;5;33;40m8888[0;31;40m8[0;37;40m          [0m
[0;37;40m             [0;5;31;40m8[0;5;33;40m8[0;5;31;40m@[0;5;33;40m8[0;1;30;43m88[0;5;33;40m88888[0;5;31;40m@[0;5;33;40m8[0;1;30;41m8[0;37;40m             [0m
[0;37;40m               [0;31;40m8[0;1;30;41m8[0;5;33;40m@[0;1;30;43m8[0;5;31;40mX[0;5;33;40m888[0;5;31;40m@[0;31;40m@[0;37;40m               [0m
[0;37;40m                  [0;1;30;40m8[0;5;31;40m8X[0;31;40m@[0;37;40m                  [0m
