[0;1;30;90;43m.[0;1;33;93;43m8888[0;33;5;43;103m88888888888888888888[0;1;33;93;43m888@@@@@@XXXXX[0;1;30;90;43m [0m
[0;1;33;93;43m%[0;33;5;43;103mt;;;;;;;;;;;;;;;;;;;;;;;;;tttttt%%%%SS[0;1;30;90;43m [0m
[0;1;33;93;43m%[0;33;5;43;103m;;;;;;;;;;;;::::;;;;;;;;;;;;ttttt%%%SS[0;1;30;90;43m [0m
[0;1;33;93;43m%[0;33;5;43;103m;;;;;;%ttttttttttttt%%%%%%%%%SSS%%%%%S[0;1;33;93;43mt[0m
[0;1;33;93;43mS[0;33;5;43;103m;;;;;[0;33;47m8[0;34;5;44;104m88@@@@@@@@@@@88888888888[0;1;34;94;44m88[0;1;30;90;43m8[0;33;5;43;103mt%%%%[0;1;33;93;43mt[0m
[0;1;33;93;43mS[0;33;5;43;103m;;;;:[0;33;47m8[0;34;5;44;104m8@@@XXXXXXXX@@@888888888[0;1;34;94;44m88[0;1;30;90;43m8[0;33;5;43;103mtt%%%[0;1;33;93;43mt[0m
[0;1;33;93;43mS[0;33;5;43;103m;;;;:[0;33;47m8[0;34;5;44;104m@@XXXXX[0;35;5;44;104m8[0;1;30;90;47m8[0;35;5;44;104m8[0;34;5;44;104mXXX@@@8[0;35;5;40;100m [0;1;34;94;44m8[0;34;5;44;104m888888[0;1;34;94;44m8[0;1;30;90;43m8[0;33;5;43;103mtt%%%[0;1;33;93;43mt[0m
[0;1;33;93;43mS[0;33;5;43;103m;;;::[0;33;47m8[0;34;5;44;104m@XXXX[0;37;5;40;100m:[0;1;30;90;47m:@@[0;34;5;44;104mSXXXX@@8[0;37;5;40;100mS[0;35;5;40;100m [0;37;5;40;100m8[0;1;30;90;44m8[0;34;5;44;104m8888[0;1;34;94;44m8[0;1;30;90;43m8[0;33;5;43;103mtt%%%[0;1;33;93;43mt[0m
[0;1;33;93;43mS[0;33;5;43;103m;;;::[0;33;47m8[0;34;5;44;104m@XXX[0;1;30;90;47m8[0;1;33;93;47m@[0;33;47mX[0;1;33;93;47mX[0;35;5;44;104m@[0;36;5;44;104mX[0;34;5;44;104mSXXX@@@8[0;33;47m8[0;37;43m88[0;35;5;40;100m [0;34;5;44;104m888[0;1;34;94;44m8[0;1;30;90;43m8[0;33;5;43;103mtt%%%[0;1;33;93;43mt[0m
[0;1;33;93;43mS[0;33;5;43;103m;;;::[0;33;47m8[0;34;5;44;104m@XX[0;37;5;40;100m;[0;33;47m@[0;1;30;90;47m;[0;1;33;93;47m8[0;1;30;90;47m%[0;36;5;44;104mXX[0;34;5;44;104mXXXX@@@8[0;37;5;40;100m@[0;1;33;93;43m@[0;37;5;40;100m8[0;37;43m@[0;34;5;40;100mX[0;34;5;44;104m88[0;1;34;94;44m8[0;1;30;90;43m8[0;33;5;43;103mtt%%%[0;1;33;93;43mt[0m
[0;1;33;93;43m%[0;33;5;43;103m;;;::[0;33;47m8[0;34;5;44;104m@@X[0;37;5;40;100m%[0;1;33;93;47m8[0;1;30;90;47mX[0;33;47mX[0;1;30;90;47mS[0;34;5;44;104mXXXXXX@@88[0;37;5;40;100mX[0;37;43m8[0;35;5;40;100m [0;37;43mX[0;35;5;40;100mt[0;34;5;44;104m88[0;1;34;94;44m8[0;1;30;90;43m8[0;33;5;43;103mtt%%%[0;1;30;90;43m [0m
[0;1;30;90;43m:[0;33;5;43;103m;;;;:[0;1;33;93;47m8[0;34;5;44;104m@@@[0;37;5;40;100m8[0;1;33;93;47m8[0;1;30;90;47m@[0;33;47mX[0;1;30;90;47m:[0;34;5;44;104mXXXX@@@888[0;1;30;90;47m@[0;37;43m8[0;37;5;40;100mX[0;1;33;93;43m@[0;35;5;40;100m [0;34;5;44;104m8[0;1;34;94;44m88[0;37;43mS[0;33;5;43;103mtt%%%[0;1;30;90;43m [0m
[0;1;30;90;43m:[0;33;5;43;103m;;;;;;[0;1;34;94;44m8[0;34;5;44;104m8@[0;35;5;40;100m:[0;37;5;43;103mX[0;1;30;90;47mt%[0;37;5;43;103mX[0;35;5;40;100m [0;34;5;44;104m@@@@@888[0;35;5;40;100m;[0;33;5;43;103m%[0;37;5;40;100m8[0;33;5;40;100m [0;33;5;43;103mS[0;35;5;40;100mX[0;34;5;44;104m8[0;1;34;94;44m8@[0;33;5;43;103m%t%%%%[0;1;30;90;43m.[0m
 [0;33;5;43;103m;;;;;;[0;37;5;40;100m8[0;34;5;44;104m888[0;33;47m8[0;37;5;43;103m@[0;37;5;40;100m8[0;1;30;90;47m8[0;37;5;43;103m@[0;35;5;40;100m [0;34;5;44;104m@88888[0;35;5;40;100m;[0;33;5;43;103mX[0;37;5;40;100mX[0;35;5;40;100m [0;33;5;43;103m8[0;37;43m@[0;1;34;94;44m888[0;35;5;40;100m [0;33;5;43;103mtt%%%S[0m 
 [0;1;30;90;43m.[0;33;5;43;103m;;;;;t[0;1;30;90;44m8[0;34;5;44;104m88[0;1;34;94;44m8[0;37;43m@[0;33;5;43;103mX[0;33;47m8[0;1;30;90;47mX@[0;37;5;40;100m8[0;35;5;40;100mS[0;34;5;44;104m88[0;1;30;90;44m8[0;37;5;40;100m888[0;37;43m8[0;33;5;43;103m@[0;1;33;93;43mX[0;1;34;94;44mX88[0;35;44mX[0;33;5;43;103mSt%%%%[0;1;30;90;43m [0m 
  [0;33;5;43;103mt;;;;;8[0;1;34;94;44m8[0;34;5;44;104m888[0;35;5;40;100mt[0;33;47m88[0;1;30;90;47m@[0;37;5;40;100m@8[0;35;5;40;100m%X[0;37;5;40;100m8[0;35;5;40;100m [0;33;5;40;100m.[0;1;30;90;43m88[0;35;5;40;100mS[0;1;34;94;44m888@[0;1;33;93;43mX[0;33;5;43;103mt%%%%S[0m  
  [0;1;30;90;43m.[0;33;5;43;103m;;;;;;[0;1;33;93;43m@[0;1;34;94;44m@[0;34;5;44;104m8888[0;1;34;94;44m@@[0;34;5;44;104m8[0;1;30;90;44m8[0;35;5;40;100mtt[0;1;30;90;44m8[0;34;5;44;104m8[0;1;34;94;44mX@[0;34;5;44;104m8[0;1;34;94;44m888X[0;1;33;93;43mX[0;33;5;43;103mt%%%%S[0;1;30;90;43m.[0m  
   [0;1;30;90;43m.[0;33;5;43;103mt;;;;;S[0;35;5;40;100mt[0;34;5;44;104m88888[0;1;30;90;44m8[0;35;44mX[0;34;5;44;104m88[0;1;34;94;44mX[0;1;30;90;44m8[0;34;5;44;104m8[0;1;34;94;44m8888[0;35;5;40;100mS[0;33;5;43;103m@%%%%%S[0;1;30;90;43m [0m   
    [0;1;30;90;43m:[0;33;5;43;103mtttt;;;[0;1;30;90;43m8[0;1;34;94;44m@[0;34;5;44;104m888888[0;1;34;94;44m888888X[0;33;5;40;100m;[0;33;5;43;103m%%%%%SS[0;1;30;90;43m.[0m    
     [0;1;30;90;43m.[0;33;5;43;103mStttttt%[0;33;5;40;100m [0;1;34;94;44m@88888888X[0;33;5;40;100m [0;33;5;43;103mX%%%%%S@[0;31;43m8[0m     
       [0;1;30;90;43m.[0;33;5;43;103mttttttt%[0;1;30;90;43m8[0;34;5;40;100m@[0;1;34;94;44m8888[0;1;30;90;44m8[0;33;5;40;100m;[0;33;5;43;103mS%%%%%SS[0;1;30;90;43m [0m       
        [0;31;43m8[0;1;33;93;43m@[0;33;5;43;103m%%%%%%%%[0;1;33;93;43m@[0;33;5;40;100m  [0;1;33;93;43mX[0;33;5;43;103m%%%%%SSS[0;1;33;93;43mX[0;31;43m8[0m        
          [0;1;30;90;43m.[0;1;33;93;43m@[0;33;5;43;103m%%%%%%%%%%%%SSSS[0;1;33;93;43mX[0;1;30;90;43m [0m          
             [0;1;30;90;43m [0;33;5;43;103mSSSSSSSSSSSS[0;1;30;90;43m [0m             
               [0;1;30;90;43m.[0;1;33;93;43mS[0;33;5;43;103mSSSSSS[0;1;33;93;43mS[0;1;30;90;43m [0m               
                  [0;1;30;90;43m    [0m                  
