[0;1;30;90;43m.[0;33;5;43;103m88@@@@@@[0;1;33;93;43mXS[0;33;5;43;103m8@@@@@@@@[0;1;37;97;47m88888@@@@@XXXSSS%%%[0;1;30;90;47mS[0m
[0;1;33;93;43m8[0;33;5;43;103m;;;;;[0;1;33;93;43m8%%[0;1;30;90;42m8@8[0;1;30;90;43m%[0;33;5;43;103m8::::::[0;37;5;47;107mttttttt%%%%SSSXXX@@[0;1;37;97;47m [0m
[0;1;33;93;43m8[0;33;5;43;103m;;;;%[0;1;30;90;43m%[0;1;30;90;41m8[0;32;5;40;100mS[0;31;43m8[0;1;30;90;43mSX[0;33;5;40;100m8[0;1;30;90;42m8[0;1;30;90;43mS[0;33;5;43;103mt::::[0;37;5;47;107m@[0;1;37;97;47mt t;t.[0;37;5;47;107mtt%%%S[0;1;30;90;47m:[0;1;37;97;47m.[0;1;30;90;47m [0;1;37;97;47m [0;1;30;90;47m:::[0m
[0;1;33;93;43m8[0;33;5;43;103m;;;8[0;1;30;90;43m%[0;1;30;90;42m8[0;32;5;40;100m@[0;1;30;90;43mX[0;33;5;40;100m8[0;1;30;90;43mX@@[0;33;5;40;100m8[0;1;30;90;43m@@[0;33;5;43;103m::::[0;37;5;47;107m%[0;1;30;90;47m8[0;37;5;40;100mS%%[0;36;5;40;100m [0;1;30;90;47m%[0;1;37;97;47m8%88SX[0;1;30;90;47m8[0;36;5;40;100m    [0;37;5;40;100m8[0;1;30;90;47m [0m
[0;1;33;93;43m8[0;33;5;43;103m;;;[0;1;30;90;43m%[0;1;30;90;42m8[0;1;30;90;43mX[0;33;5;40;100m888[0;1;30;90;43m8[0;33;5;40;100m888[0;1;30;90;43m88[0;33;5;43;103m8[0;37;5;43;103m::[0;33;5;43;103m.[0;37;5;47;107m:[0;1;30;90;47mt[0;37;5;40;100m8[0;36;5;40;100m [0;37;5;40;100mS@[0;36;5;40;100m            [0;1;30;90;47m%[0;1;37;97;47m.[0m
[0;1;33;93;43m8[0;33;5;43;103m;:[0;1;33;93;43m8[0;1;30;90;42m8[0;33;5;40;100m88[0;1;30;90;43m@[0;33;5;40;100m8[0;1;30;90;43m88888[0;33;5;40;100m@8[0;37;43mS[0;37;5;43;103m:::[0;37;5;47;107m:[0;1;30;90;47m;[0;37;5;40;100m8SX@[0;36;5;40;100m [0;37;5;40;100mX[0;36;5;40;100m    [0;37;5;40;100m%[0;36;5;40;100m     [0;1;30;90;47m%[0;1;37;97;47m.[0m
[0;1;33;93;43m8[0;33;5;43;103m;:[0;1;30;90;43m%[0;33;5;40;100m8[0;1;30;90;43m@@8[0;33;5;40;100m8[0;1;30;90;43m88[0;33;5;40;100m@@[0;1;30;90;43m8[0;33;5;40;100mSX[0;1;30;90;43m8[0;37;5;43;103m...[0;37;5;47;107m.[0;1;30;90;47m:8[0;37;5;40;100m888%S[0;36;5;40;100m [0;1;30;90;47m8[0;37;5;40;100m8[0;36;5;40;100m [0;37;5;40;100mS[0;36;5;40;100m  [0;37;5;40;100m%[0;36;5;40;100m  [0;1;30;90;47m%[0;1;37;97;47m.[0m
[0;1;33;93;43m8[0;33;5;43;103m:::%[0;1;33;93;43mX[0;1;30;90;43m@8[0;37;43mS[0;1;33;93;43m@[0;1;30;90;43m888[0;37;43m@[0;1;33;93;47mX[0;1;30;90;43m8[0;37;5;43;103m@...[0;37;5;47;107m.[0;1;30;90;47m:8[0;37;5;40;100m888[0;36;5;40;100m  [0;37;5;40;100m@[0;1;30;90;47m@8[0;36;5;40;100m       [0;1;30;90;47m%[0;1;37;97;47m.[0m
[0;1;33;93;43m8[0;33;5;43;103m:::::[0;37;5;43;103m::.[0;33;5;43;103m8[0;1;30;90;43m8[0;37;5;43;103m.........[0;37;5;47;107m:[0;1;30;90;47m@[0;37;5;40;100m88@@[0;36;5;40;100m  [0;1;30;90;47m.[0;37;5;47;107mtt[0;1;30;90;47m%[0;36;5;40;100m      [0;37;5;40;100m@[0;1;37;97;47m.[0m
[0;1;33;93;43m8[0;33;5;43;103m::::%88[0;1;33;93;43m8[0;1;30;90;43m88[0;37;43m@[0;37;5;43;103m@@@.....[0;37;5;47;107m;[0;1;37;97;47mXS%t;::@[0;37;5;47;107mtt[0;1;37;97;47mS  ... [0;1;30;90;47m.[0;1;37;97;47m [0m
[0;1;33;93;43m8[0;33;5;43;103m;::::%8[0;1;33;93;43m8[0;37;43mS[0;33;5;43;103m8[0;37;43mX[0;1;33;93;43m8[0;37;5;43;103m%......[0;37;5;47;107m.:::;;;ttttt%%%SSXX[0;1;37;97;47m [0m
[0;1;30;90;43mX[0;37;5;43;103mtttt;;;:8X;.......:[0;37;5;47;107m::;;;tttttt%%%SSXXX[0;1;30;90;47m%[0m
[0;37;5;40;100mS[0;37;5;47;107mttt;;;;:::.......::[0;33;5;43;103m.:::;t[0;1;30;90;43mtt;[0;33;5;43;103mt;;;tttt%%[0;1;30;90;43m.[0m
 [0;37;5;47;107mttttt;;;;:::::::::;[0;33;5;43;103m:::[0;1;30;90;43m%%%tt[0;33;41m8[0;1;30;90;43m;:[0;33;5;43;103m%;tttt%%[0m 
 [0;1;30;90;47m.[0;37;5;47;107mt[0;1;37;97;47m:[0;1;30;90;47mS%%t[0;1;37;97;47m:[0;37;5;47;107m;;;;;[0;1;30;90;47m;tt;t[0;1;37;97;47m8[0;33;5;43;103m::[0;1;33;93;43m@[0;1;30;90;43m%[0;1;30;90;41m8[0;1;30;90;43mt;;;;[0;33;42m8[0;1;30;90;43m:[0;1;33;93;43m8[0;33;5;43;103mttt%%[0;1;33;93;43mS[0m 
  [0;37;5;47;107mS[0;1;37;97;47m8[0;36;5;40;100m   [0;37;5;40;100mS[0;1;30;90;47m@t:%%:[0;37;5;40;100m8X[0;36;5;40;100m [0;37;5;40;100mX8[0;37;5;47;107mt[0;33;5;43;103m:[0;1;33;93;43m8[0;1;30;90;42m88[0;30;42m8[0;32;5;40;100mX[0;1;30;90;42m8[0;1;30;90;43m:[0;30;42m@[0;33;41mX[0;32;5;40;100mS[0;1;30;90;43m:.[0;33;5;43;103mtt%%S[0m  
  [0;36;5;40;100m [0;1;37;97;47m8[0;37;5;40;100mS[0;36;5;40;100m  [0;37;5;40;100mX[0;36;5;40;100m     [0;37;5;40;100m%[0;36;5;40;100m [0;37;5;40;100m@[0;36;5;40;100m [0;37;5;40;100mS[0;1;30;90;47m8[0;37;5;47;107mt[0;33;5;43;103m;[0;32;43m@[0;30;42m8[0;1;30;90;43m;[0;31;43m8[0;1;30;90;41m8[0;1;30;90;43m;:[0;32;43m8[0;1;30;90;43m:[0;31;43m8[0;1;30;90;43m.[0;33;42m8[0;1;33;93;43m8[0;33;5;43;103m%%%[0;1;30;90;43m.[0m  
   [0;36;5;40;100m [0;37;5;40;100mSSSS[0;36;5;40;100m  [0;37;5;40;100m%8[0;36;5;40;100m [0;37;5;40;100mS[0;36;5;40;100m [0;37;5;40;100mXXS8[0;37;5;47;107mt[0;1;33;93;43mX[0;1;30;90;42m8[0;1;30;90;43m;:;[0;1;30;90;42m8[0;1;30;90;43m::[0;33;42m8[0;1;30;90;43m:[0;30;42m8[0;1;30;90;42m88[0;1;33;93;43mX[0;33;5;43;103m%%[0;1;30;90;43m [0m   
    [0;30;5;40;100m@[0;37;5;40;100mSS%[0;36;5;40;100m  [0;37;5;40;100m88S[0;36;5;40;100m  [0;37;5;40;100mSSS8[0;37;5;47;107mt[0;33;5;43;103mX[0;1;33;93;43mS[0;1;30;90;43m::[0;33;42m8[0;1;30;90;43m::[0;31;43mX[0;1;30;90;43m:[0;33;41mS[0;1;30;90;43m:.[0;33;41m8[0;1;33;93;43m@[0;33;5;43;103m%[0;1;30;90;43m.[0m    
     [0;1;30;90;40m8[0;36;5;40;100m    [0;37;5;47;107m@S[0;1;37;97;47m.[0;36;5;40;100m      [0;37;5;47;107m8[0;33;5;43;103m;;tttt[0;1;30;90;43m.[0;31;43mS[0;33;5;43;103m%%%%%X[0;1;30;90;43m.[0m     
       [0;37;5;40;100m8[0;1;37;97;47m;;[0;37;5;47;107m@%[0;1;37;97;47m8;;tt%t[0;37;5;47;107m8[0;33;5;43;103mttX[0;1;33;93;43m8@X[0;31;43m@8[0;1;30;90;43m [0;1;33;93;43m8[0;33;5;43;103m88[0;1;33;93;43mX[0m       
        [0;36;5;40;100m.[0;1;37;97;47m@[0;37;5;47;107mSSSSSSSSSS[0;33;5;43;103mttt@[0;1;33;93;43mS[0;1;30;90;43m .  [0;1;33;93;43m%@[0;1;30;90;43m [0m        
          [0;36;5;40;100m [0;1;37;97;47mX[0;37;5;47;107mXXXXXXXX[0;33;5;43;103m%%%%%S[0;1;33;93;43m8[0;33;5;43;103m8[0;1;33;93;43m8[0;1;30;90;43m [0m          
             [0;1;30;90;47m.[0;37;5;47;107m@@@@@@[0;33;5;43;103m%%%%SS[0;1;33;93;43mS[0m             
               [0;37;5;40;100mS[0;1;37;97;47m;[0;37;5;47;107m@@@[0;33;5;43;103mSSS[0;1;33;93;43m8[0;1;30;90;43m [0m               
                  [0;36;5;40;100m [0;1;30;90;47mt[0;1;30;90;43m  [0m                  
