[0;1;30;90;41m8[0;33;41m88888888[0;31;43m8[0;1;30;90;43mSXXX[0;33;5;40;100m88[0;1;30;90;43mXXS[0;31;43m8[0;33;41m888888888888888[0;1;30;90;41m8888[0;30;41m@[0m
[0;1;30;90;41m8[0;31;43m8888[0;1;30;90;43mXX@@@888888888@@@XXX[0;31;43m8888888888[0;33;41m8888[0;1;30;90;41m8[0m
[0;1;30;90;41m8[0;37;5;40;100m8[0;33;5;40;100m8[0;1;30;90;43mXX@@888888888888888@@XX[0;31;43m8888888888[0;33;41m8[0;33;5;40;100m8[0;1;30;90;47m8[0;1;30;90;41m8[0m
[0;1;30;90;41m8[0;1;30;90;47mt[0;37;5;47;107mS[0;1;30;90;47m;[0;33;5;40;100m8[0;1;30;90;43m8888888888888888888@@XX[0;31;43m8888888[0;1;30;90;43mX[0;1;30;90;47m8[0;1;37;97;47m8[0;1;30;90;47m.[0;1;30;90;41m8[0m
[0;1;30;90;41m8[0;33;5;40;100mS[0;1;37;97;47m@[0;37;5;47;107mSX[0;1;30;90;47m:[0;33;5;40;100mS[0;1;30;90;43m888888888888888888@@XX[0;31;43m8888[0;33;5;40;100m8[0;1;30;90;47mX[0;1;37;97;47m8[0;37;5;47;107m@[0;1;37;97;47m%[0;33;5;40;100m:[0;1;30;90;41m8[0m
[0;1;30;90;41m8[0;33;5;40;100m;[0;37;5;47;107m%88tt[0;1;37;97;47m%[0;1;30;90;47m@[0;1;30;90;43m88888888888888888@@X[0;31;43m8[0;1;30;90;43mX[0;33;5;40;100m:[0;1;37;97;47m [0;37;5;47;107m@S[0;1;37;97;47m@X[0;37;5;47;107m@[0;37;5;40;100m@[0;1;30;90;41m8[0m
[0;1;30;90;41m8[0;1;30;90;43m@[0;1;30;90;47mt[0;37;5;47;107mSt88%:%[0;1;37;97;47m%[0;1;30;90;47mX[0;33;5;40;100mt[0;1;30;90;43m88888888888888@[0;33;5;40;100m:[0;1;30;90;47m:[0;37;5;47;107m8%@[0;1;37;97;47m88[0;37;5;47;107mX@[0;1;30;90;47m.[0;33;41m8[0;1;30;90;41m8[0m
[0;1;30;90;41m8[0;1;30;90;43m@[0;1;37;97;47m.[0;37;5;47;107m@8%:%XXt.%[0;1;37;97;47m:[0;33;5;40;100m :;[0;1;30;90;43m888888888[0;1;30;90;47mS[0;37;5;47;107m8%X[0;1;37;97;47m88[0;37;5;47;107m8%X[0;1;37;97;47m@8%[0;33;41m8[0;1;30;90;41m8[0m
[0;1;30;90;41m8[0;1;30;90;43m@8[0;1;37;97;47m.[0;37;5;47;107mtX@X:.;X%.@[0;33;5;40;100m :;[0;1;30;90;43m8888888[0;1;37;97;47mt[0;37;5;47;107mt8[0;1;37;97;47m8[0;37;5;47;107m@%%8[0;1;37;97;47m88[0;37;5;47;107mS[0;1;37;97;47m [0;33;5;40;100m8[0;33;41m8[0;1;30;90;41m8[0m
[0;1;30;90;41m8[0;1;30;90;43m@[0;33;5;40;100m8[0;1;37;97;47m@8[0;37;5;47;107m8;:SSS:;@.[0;1;30;90;47mt[0;33;5;40;100m:[0;1;30;90;43m8888888[0;33;5;40;100m;[0;37;5;47;107mt[0;1;37;97;47m8[0;37;5;47;107m@%888S%[0;1;37;97;47m8XX[0;33;5;40;100m@[0;33;41m8[0;1;30;90;41m8[0m
[0;1;30;90;41m8[0;1;30;90;43m@8[0;37;5;40;100m8[0;37;5;47;107m8;@@S..%S[0;1;37;97;47m@[0;37;5;47;107m8[0;1;37;97;47m%:;tt;: [0;1;30;90;47m:.[0;1;37;97;47m8:8[0;37;5;47;107m8%%8[0;1;37;97;47m88[0;37;5;47;107mS[0;1;37;97;47m8[0;37;5;40;100m@[0;33;41m88[0;1;30;90;41m8[0m
[0;1;30;90;41m8[0;1;30;90;43m@@88[0;1;30;90;47m8[0;1;37;97;47mS[0;37;5;47;107m;;XXStSSXXX@@88888[0;1;37;97;47m8[0;37;5;47;107mX[0;1;37;97;47m8[0;37;5;47;107m888SS[0;1;37;97;47mt[0;37;5;40;100m8[0;31;43m888[0;33;41m8[0;1;30;90;41m8[0m
[0;31;40m8[0;1;30;90;43mX@@888[0;1;37;97;47m;[0;37;5;47;107m@@X;88....:::;;;;t@[0;1;37;97;47m;[0;37;5;47;107mS88[0;1;37;97;47m8;[0;1;30;90;43m@[0;31;43m888[0;33;41m88[0;31;40m8[0m
 [0;1;30;90;43mXX@@888[0;1;30;90;47m:[0;37;5;47;107mX;S8[0;1;37;97;47m:t8[0;37;5;47;107m88@8X8[0;1;37;97;47m88@t S[0;37;5;47;107m@%@[0;1;30;90;47m;[0;1;30;90;43m8[0;31;43m8888[0;33;41m88[0m 
 [0;1;30;90;41m8[0;1;30;90;43mXX@@8888[0;33;5;40;100m [0;37;5;47;107m8@[0;1;37;97;47m8X%.X[0;37;5;47;107m8888[0;1;37;97;47mX.:;8[0;37;5;47;107m88[0;37;5;40;100m8[0;1;30;90;43mX[0;31;43m88888[0;33;41m88[0;1;30;90;41m8[0m 
  [0;31;43m88[0;1;30;90;43mXX@@@88[0;33;5;40;100mt[0;1;30;90;47m [0;37;5;47;107m88[0;1;37;97;47m%X[0;1;30;90;47m:S[0;1;37;97;47mt%[0;1;30;90;47m.S[0;1;37;97;47m%;8[0;37;5;47;107m8[0;1;37;97;47m:[0;33;5;40;100mS[0;31;43m888888[0;33;41m888[0m  
  [0;31;40m8[0;31;43m888[0;1;30;90;43mXXXX@@8[0;33;5;40;100m:[0;1;37;97;47m.S@[0;37;5;47;107m8[0;1;37;97;47m:@@:88t;[0;33;5;40;100mt[0;1;30;90;43m@[0;31;43m888888[0;33;41m888[0;31;40m8[0m  
   [0;30;41m8[0;31;43m888888[0;1;30;90;43mXXXXXX[0;33;5;40;100m:[0;37;5;40;100m8[0;1;37;97;47mX;S;[0;1;30;90;47m8[0;33;5;40;100m [0;31;43m888888888[0;33;41m888[0;30;41m8[0m   
    [0;30;41m8[0;31;43m8888888888888[0;33;5;40;100m8[0;1;37;97;47m@@[0;33;5;40;100mt[0;31;43m888888888[0;33;41m8888[0;30;41m8[0m    
     [0;31;40mX[0;31;43m888888888[0;1;30;90;43mX[0;33;5;40;100mS[0;37;5;40;100m8[0;1;37;97;47m:@8S[0;1;30;90;47m8[0;33;5;40;100m%[0;1;30;90;43mX[0;31;43m8888[0;33;41m88888[0;31;40mX[0m     
       [0;1;30;90;41m8[0;31;43m8888888[0;1;37;97;47mt8[0;37;5;47;107m888X[0;1;37;97;47m8[0;37;5;47;107m8[0;1;37;97;47m@X[0;33;5;40;100m8[0;31;43m8[0;33;41m88888[0;1;30;90;41m8[0m       
        [0;31;40mX[0;33;41m8[0;31;43m88888[0;33;5;40;100mX [0;1;30;90;47m%%[0;1;37;97;47m88[0;1;30;90;47m:X[0;37;5;40;100m8[0;33;5;40;100m@[0;33;41m888888[0;31;40mX[0m        
          [0;31;40m@[0;33;41m88[0;31;43m8888[0;33;41m888888888888[0;31;40m@[0m          
             [0;1;30;90;41m8[0;33;41m888888888888[0;1;30;90;41m8[0m             
               [0;31;40m8[0;1;30;90;41m8[0;33;41m888888[0;1;30;90;41m8[0;31;40m8[0m               
                  [0;31;40m@[0;1;30;90;41m88[0;31;40m8[0m                  
