[0;34;46mX;;:[0;1;34;94;46m888888888888888888888[0;34;46m:;;;;;;;tttttt@[0m
[0;34;46m%[0;1;36;96;46m.....::::::::::::::::::.......[0;1;34;94;46m88888888[0;34;46mS[0m
[0;34;46m%[0;1;36;96;46m...:::::;;;;;;;;;;;::::::......[0;1;34;94;46m8888888[0;34;46mS[0m
[0;34;46m%[0;1;36;96;46m.:::::;;;;tttttttttt;:::::......[0;1;34;94;46m888888[0;34;46mS[0m
[0;34;46mt[0;1;36;96;46m::::;;;ttt[0;36;5;46;106mttt[0;1;36;96;47mX[0;1;37;97;47m8[0;37;5;47;107mXt:::;%8[0;1;37;97;47mX[0;1;36;96;47m8[0;1;36;96;46m;:......[0;1;34;94;46m88888[0;34;46mS[0m
[0;34;46mt[0;1;36;96;46m:::;;;t[0;36;5;46;106mttt[0;1;36;96;47m8[0;37;5;47;107m@.   ...::;;;;t[0;1;37;97;47m8[0;1;36;96;47m8[0;1;36;96;46m.....[0;1;34;94;46m88888[0;34;46mS[0m
[0;34;46mt[0;1;36;96;46m:::;;t[0;36;5;46;106mtt[0;37;5;46;106m@[0;37;5;47;107m@    ..  ..::;;;ttt[0;1;37;97;47m8[0;1;36;96;46m;....[0;1;34;94;46m8888[0;34;46mS[0m
[0;34;46mt[0;1;36;96;46m::;;tt[0;36;5;46;106mt[0;1;36;96;47m8[0;37;5;47;107m:   8[0;1;37;97;47m888[0;37;5;47;107m%  ..[0;1;37;97;47m888[0;37;5;47;107m8ttttS[0;1;36;96;46m%...[0;1;34;94;46m8888[0;34;46mS[0m
[0;34;46mt[0;1;36;96;46m::;;t[0;36;5;46;106mt[0;37;5;46;106m@[0;37;5;47;107m;    [0;1;36;96;47m8[0;37;5;46;106m88[0;1;36;96;47m8[0;1;37;97;47mS[0;37;5;47;107m@ :[0;1;36;96;47m@[0;36;5;46;106mt[0;1;36;96;46mt[0;1;36;96;47m8[0;1;37;97;47m8[0;37;5;47;107mtttttS[0;1;36;96;46mt..[0;1;34;94;46m8888[0;34;46mS[0m
[0;34;46mt[0;1;36;96;46m::;;tt[0;37;5;47;107m@.   .[0;1;36;96;47m8[0;37;5;46;106m8@@@@[0;37;5;47;107m;[0;37;5;46;106m@[0;36;5;46;106mtt[0;1;36;96;46mt[0;36;5;46;106mt[0;1;37;97;47mX[0;37;5;47;107m;ttttt[0;1;37;97;47m8[0;1;36;96;46m..[0;1;34;94;46m8888[0;34;46mS[0m
[0;34;46mt[0;1;36;96;46m::;;;[0;37;5;46;106m@[0;37;5;47;107m:..  ;[0;1;36;96;47m8[0;37;5;46;106m@@X[0;36;5;46;106m;;[0;1;36;96;47m8[0;36;5;46;106m;t[0;1;36;96;46mttt[0;37;5;47;107mS;ttttt%[0;1;36;96;46mt.[0;1;34;94;46m8888[0;34;46mS[0m
[0;34;46mS[0;1;36;96;46m:::;;[0;1;36;96;47m8[0;37;5;47;107m::... :[0;1;37;97;47m8[0;37;5;46;106m8[0;36;5;46;106m;;;tt[0;1;36;96;46mtt;[0;1;36;96;47m8[0;37;5;47;107m;tttttt%[0;1;36;96;47m8[0;1;34;94;46m88888[0;34;46m@[0m
[0;36;44m8[0;1;36;96;46m::::;[0;1;36;96;47m8[0;37;5;47;107m;:::....;[0;37;5;46;106mX[0;36;5;46;106mttt[0;1;36;96;46mt[0;36;5;46;106mt[0;1;36;96;46mt[0;1;36;96;47m@[0;37;5;47;107m%tttttt%%[0;1;36;96;47m8[0;1;34;94;46m88888[0;36;44m8[0m
 [0;1;36;96;46m.::::;[0;37;5;47;107mt;;::::[0;1;37;97;47m8[0;37;5;46;106m8[0;1;36;96;46mttt;;[0;36;5;46;106mt[0;1;36;96;47m@[0;1;37;97;47mX8@XS[0;37;5;47;107m8t%%S[0;1;36;96;46m:[0;1;34;94;46m88888[0m 
 [0;34;46mS[0;1;36;96;46m.::::[0;1;37;97;47m%[0;37;5;47;107m;;;;;;[0;1;37;97;47m%8[0;1;36;96;47mS[0;1;36;96;46m;[0;36;5;46;106mt[0;1;36;96;46m;[0;1;36;96;47m8@[0;1;36;96;46m%::t[0;1;36;96;47m8[0;1;37;97;47mS[0;37;5;47;107mS%%%[0;1;37;97;47mt[0;1;34;94;46m88888[0;34;46mS[0m 
  [0;1;36;96;46m...:::[0;1;37;97;47m8[0;37;5;47;107mt;;;t%t[0;36;5;46;106m%[0;1;36;96;47m88S[0;37;5;47;107mttt@Sttt%%%[0;1;37;97;47m8[0;1;36;96;46m.[0;1;34;94;46m88888[0m  
  [0;36;44m8[0;1;36;96;46m....::[0;1;37;97;47m8[0;37;5;47;107mttt@[0;1;37;97;47m%%8%[0;37;5;47;107mSttttttt%%%%[0;1;37;97;47mX[0;1;36;96;46m.[0;1;34;94;46m88888[0;36;44m8[0m  
   [0;34;46m8[0;1;36;96;46m......[0;1;36;96;47m8[0;37;5;47;107mXtttttttttttt%%%%8[0;1;36;96;47m8[0;1;34;94;46m888888[0;34;46m8[0m   
    [0;34;46m8[0;1;36;96;46m.......[0;1;36;96;47m8[0;1;37;97;47m8[0;37;5;47;107m%tttttt%%%%S[0;1;37;97;47m@[0;1;36;96;47m8[0;1;36;96;46m.[0;1;34;94;46m888888[0;34;46m8[0m    
     [0;30;44m8[0;1;34;94;46m8[0;1;36;96;46m.......:[0;36;47m8[0;1;36;96;47m@[0;1;37;97;47m%X@@Xt[0;1;36;96;47m@[0;37;46m@[0;1;36;96;46m.[0;1;34;94;46m88888888[0;30;44m8[0m     
       [0;34;46mS[0;1;34;94;46m888[0;1;36;96;46m.......[0;1;34;94;46m88888888888888[0;34;46mS[0m       
        [0;30;44m8[0;34;46m;[0;1;34;94;46m88888888888888888888[0;34;46mt[0;30;44m8[0m        
          [0;36;44m@[0;34;46mt[0;1;34;94;46m8888888888888888[0;34;46mt[0;36;44m@[0m          
             [0;34;46mS[0;1;34;94;46m888888888888[0;34;46mX[0m             
               [0;36;44m8[0;34;46m%[0;1;34;94;46m888888[0;34;46m%[0;36;44m8[0m               
                  [0;36;44m@[0;34;46mXX[0;36;44m8[0m                  
