[0;1;30;90;47mt[0;1;37;97;47m@@@888888888888888888888@@@@@XXXSSS%%%[0;1;30;90;47mS[0m
[0;1;37;97;47m:[0;37;5;47;107m%ttttttttttt;;;ttttttttttt%%%%SSSXXX@@[0;1;37;97;47m [0m
[0;1;37;97;47m;[0;37;5;47;107mttttttt;;;;;;;;;;;;;tttttttt%%%SSSXX@@[0;1;37;97;47m [0m
[0;1;37;97;47m;[0;37;5;47;107mttttt;;;;;;ttttttttt%%%%%%%%t%%%SSSXX@[0;1;37;97;47m [0m
[0;1;37;97;47m;[0;37;5;47;107mtttt;;;;::t[0;1;33;93;47mS[0;33;5;43;103m....::::::;[0;1;33;93;43m:::[0;1;33;93;47m8[0;37;5;47;107mStt%%%SSXXX[0;1;37;97;47m.[0m
[0;1;37;97;47m;[0;37;5;47;107mttt;;;:::...%[0;1;33;93;47m8[0;33;5;43;103m.....::::;[0;37;5;43;103m@[0;37;5;47;107m8tttt%%%SSSXX[0;1;37;97;47m.[0m
[0;1;37;97;47m;[0;37;5;47;107mtt;;;t:..     8[0;37;5;43;103m8[0;33;5;43;103m....:::[0;1;37;97;47m@[0;37;5;47;107m;tttttt%X%SSXX[0;1;37;97;47m.[0m
[0;1;37;97;47m;[0;37;5;47;107mtt;;;8[0;1;33;93;47m8[0;37;5;47;107mS       .[0;1;37;97;47m@[0;37;5;43;103mX[0;33;5;43;103m...[0;1;33;93;47m%[0;37;5;47;107mt;;;tttt8[0;37;5;43;103m@[0;1;37;97;47mX[0;37;5;47;107m%SSXX[0;1;37;97;47m.[0m
[0;1;37;97;47m;[0;37;5;47;107mt;;;:8[0;33;5;43;103m..[0;1;37;97;47mX[0;37;5;47;107m:       t[0;1;33;93;47m@8[0;37;5;47;107mS::;;;ttS[0;1;33;93;47m@[0;1;33;93;43m..[0;1;37;97;47mX[0;37;5;47;107m%SSSX[0;1;37;97;47m.[0m
[0;1;37;97;47m;[0;37;5;47;107mtt;;:8[0;33;5;43;103m...[0;37;5;43;103m8[0;37;5;47;107m8.       ..::;;;t[0;1;37;97;47mX[0;1;33;93;43m;...[0;1;37;97;47mX[0;37;5;47;107m%SSXX[0;1;37;97;47m.[0m
[0;1;37;97;47m:[0;37;5;47;107mtt;;;8[0;33;5;43;103m:....[0;1;33;93;47m8[0;37;5;47;107mS      .:::;;8[0;37;5;43;103m@[0;1;33;93;43m::...[0;1;37;97;47mX[0;37;5;47;107m%SSXX[0;1;37;97;47m [0m
[0;1;30;90;47m;[0;37;5;47;107mtt;;;X[0;33;5;43;103m::.....[0;1;33;93;47mS[0;37;5;47;107m;  ..:::;%[0;1;33;93;47m@[0;1;33;93;43m:::....[0;1;37;97;47m8[0;37;5;47;107mSSSXX[0;1;30;90;47mt[0m
[0;37;5;40;100mS[0;37;5;47;107mttt;;;[0;33;5;43;103m::::.....[0;1;37;97;47m8[0;37;5;47;107m::::;;[0;1;37;97;47mX[0;33;5;43;103m;[0;1;33;93;43m:::....:[0;37;5;47;107mSSSSXX[0;37;5;40;100mS[0m
 [0;37;5;47;107mttttt;[0;1;37;97;47mS[0;33;5;43;103m:::::::::[0;37;5;43;103m@[0;37;5;47;107m8;;8[0;33;5;43;103m;[0;1;33;93;43m::::.....[0;1;33;93;47mX[0;37;5;47;107mSSSXX@[0m 
 [0;1;30;90;47m.[0;37;5;47;107mtttttt[0;37;5;43;103mX[0;33;5;43;103m;;::::::::[0;1;33;93;47m88[0;1;33;93;43m:::::.....;[0;37;5;47;107mXSSXXX[0;1;30;90;47m.[0m 
  [0;37;5;47;107mSttttt@[0;33;5;43;103m;[0;1;33;93;43m:::;;;;:[0;33;5;43;103m;;[0;1;33;93;43m;[0;33;5;43;103m;[0;1;33;93;43m:::.....:[0;37;5;47;107m8SSXXX8[0m  
  [0;36;5;40;100m [0;37;5;47;107mtttttt@[0;33;5;43;103m;[0;1;33;93;43m::::::[0;1;33;93;47m8[0;1;37;97;47mX88X[0;1;33;93;47m8[0;1;33;93;43m:.....:[0;1;37;97;47m8[0;37;5;47;107mSSXXX@[0;36;5;40;100m [0m  
   [0;37;5;40;100m8[0;37;5;47;107m%tttttS[0;1;33;93;47m8[0;1;33;93;43m::::[0;1;33;93;47m8[0;37;5;47;107m8tttt[0;1;37;97;47m8[0;1;33;93;47m8[0;1;33;93;43m:...[0;1;33;93;47m8[0;37;5;47;107m@SSXXX@[0;37;5;40;100m8[0m   
    [0;37;5;40;100m8[0;37;5;47;107m%%%%ttt[0;1;37;97;47mX[0;1;33;93;43m;..[0;37;5;43;103m8[0;1;37;97;47mS[0;37;5;47;107mttt%[0;1;37;97;47mX[0;37;5;43;103m@[0;1;33;93;43m..:[0;1;37;97;47m%[0;37;5;47;107mSSXXX@@[0;37;5;40;100m8[0m    
     [0;36;5;40;100m.[0;37;5;47;107m8%%%%%%S[0;1;37;97;47mt[0;1;33;93;43m;.[0;1;33;93;47m8%[0;1;37;97;47mSSt[0;1;33;93;47m8[0;1;33;93;43m.:[0;1;33;93;47mS[0;37;5;47;107mXSXXXX@[0;1;37;97;47m8[0;36;5;40;100m.[0m     
       [0;1;30;90;47m [0;37;5;47;107mSSS%%%%S[0;1;37;97;47mS[0;33;5;43;103mt[0;1;33;93;43m:.:.t[0;1;37;97;47m%[0;37;5;47;107mXXXXXX@@[0;1;30;90;47m.[0m       
        [0;36;5;40;100m.[0;1;37;97;47m@[0;37;5;47;107mSSSSSSSS8[0;1;33;93;47mSS[0;1;37;97;47m8[0;37;5;47;107mXXXXX@@@[0;1;37;97;47mX[0;36;5;40;100m.[0m        
          [0;36;5;40;100m [0;1;37;97;47mX[0;37;5;47;107mXXXXXXXXXXXX@@@@[0;1;37;97;47mS[0;36;5;40;100m [0m          
             [0;1;30;90;47m.[0;37;5;47;107m@@@@@@@@@@@8[0;1;30;90;47m.[0m             
               [0;37;5;40;100mS[0;1;37;97;47m;[0;37;5;47;107m@@@@@@[0;1;37;97;47mt[0;37;5;40;100mS[0m               
                  [0;36;5;40;100m [0;1;30;90;47mtt[0;36;5;40;100m [0m                  
