[0;1;30;90;47mt[0;1;37;97;47m@@@888%[0;37;43mS[0;1;31;91;43m8888888888888888888888[0;1;30;90;43m8[0;1;37;97;47m;SSS%%%[0;1;30;90;47mS[0m
[0;1;37;97;47m:[0;37;5;47;107m%ttttttt[0;1;37;97;47mS[0;33;5;43;103m;[0;1;33;93;43m:::::::::::::.....:[0;1;37;97;47mt[0;37;5;47;107mSSSXXX@@[0;1;37;97;47m [0m
[0;1;37;97;47m;[0;37;5;47;107mttttttt;;%[0;1;33;93;47m@[0;33;5;43;103m;::::;;[0;1;33;93;43m;::::::..[0;1;33;93;47m8[0;37;5;47;107mX%%SSSXX@@[0;1;37;97;47m [0m
[0;1;37;97;47m;[0;37;5;47;107mttttt;;;;;:@[0;37;5;43;103m8[0;33;5;43;103m:::::::;[0;1;33;93;43m::::[0;33;5;43;103m;[0;1;37;97;47m8[0;37;5;47;107mtt%%%SSSXX@[0;1;37;97;47m [0m
[0;1;30;90;47mS[0;37;5;47;107m%ttt;;;;:::::[0;1;37;97;47m8[0;37;5;43;103mX[0;33;5;43;103m.::::::;;[0;1;37;97;47mX[0;37;5;47;107mttttt%%%SSXX@[0;1;30;90;47m@[0m
[0;31;43mt[0;33;5;43;103m;[0;1;37;97;47m8[0;37;5;47;107mt;;;:::...  :[0;1;37;97;47mX[0;33;5;43;103m...:::[0;1;33;93;47mX[0;37;5;47;107m%;ttttt%%%SSS[0;1;37;97;47mS[0;1;33;93;43m:[0;31;43mS[0m
[0;31;43mt[0;1;33;93;43m::[0;1;33;93;47m8[0;37;5;47;107mX;::..       t[0;1;33;93;47m@[0;33;5;43;103m..[0;1;33;93;47m8[0;37;5;47;107mX;;;tttttt%%%8[0;1;33;93;47m8[0;1;31;91;43m88[0;31;43mS[0m
[0;31;43mt[0;1;33;93;43m::;[0;33;5;43;103m:[0;1;33;93;47mS[0;37;5;47;107mt:.          @8.::;;;ttttt%S[0;1;33;93;47m@[0;1;33;93;43m.[0;1;31;91;43m888[0;31;43mS[0m
[0;31;43mt[0;1;33;93;43m::[0;33;5;43;103m;:::[0;1;37;97;47m8[0;37;5;47;107m.           ..::;;;ttttt[0;1;37;97;47mX[0;1;33;93;43m;.[0;1;31;91;43m8888[0;31;43mS[0m
[0;31;43mt[0;1;33;93;43m::[0;33;5;43;103m;:::.[0;1;33;93;47m8[0;37;5;47;107m%          ..::;;;ttt8[0;37;5;43;103m@[0;1;33;93;43m...[0;1;31;91;43m8888[0;31;43mS[0m
[0;31;43mt[0;1;33;93;43m::;[0;33;5;43;103m::::..[0;1;37;97;47mS[0;37;5;47;107m:        .:::;;;tS[0;1;33;93;47m@[0;1;33;93;43m.....[0;1;31;91;43m8888[0;31;43mS[0m
[0;31;43mS[0;1;33;93;43m:::[0;33;5;43;103m;::::..[0;37;5;43;103m@[0;1;37;97;47m8[0;37;5;47;107m.    ..:::;;;t[0;1;37;97;47mX[0;1;33;93;43m;.....[0;1;31;91;43m88888[0;31;43m@[0m
[0;33;41m8[0;1;33;93;43m::::[0;33;5;43;103m;:::::..[0;37;5;43;103m8[0;37;5;47;107mX...:::;;;;8[0;33;5;43;103m;[0;1;33;93;43m:......[0;1;31;91;43m88888[0;33;41m8[0m
 [0;1;33;93;43m.::::;[0;33;5;43;103m;:::::::[0;1;33;93;47m@[0;37;5;47;107m%::;;;;S[0;1;33;93;47m8[0;1;33;93;43m::......[0;1;31;91;43m888888[0m 
 [0;31;43mS[0;1;33;93;43m.:::::;[0;33;5;43;103m;;::::::[0;1;37;97;47mS[0;37;5;47;107mt;;t[0;1;37;97;47mS[0;1;33;93;43m;::......[0;1;31;91;43m888888[0;31;43mS[0m 
  [0;1;33;93;43m...::::::::;;;;:[0;33;5;43;103m;[0;1;37;97;47m88[0;33;5;43;103m;[0;1;33;93;43m:::......[0;1;31;91;43m8888888[0m  
  [0;33;41m8[0;1;33;93;43m....::::::::::[0;33;5;43;103m;[0;1;33;93;43m:[0;33;5;43;103m;[0;1;33;93;43m::[0;33;5;43;103m;[0;1;33;93;43m.......[0;1;31;91;43m8888888[0;33;41m8[0m  
   [0;31;43m8[0;1;33;93;43m........::;::[0;1;33;93;47mS88X[0;33;5;43;103m;[0;1;33;93;47mS[0;1;33;93;43m.[0;33;5;43;103mt[0;1;33;93;43m....[0;1;31;91;43m8888888[0;31;43m8[0m   
    [0;31;43m8[0;1;33;93;43m..........[0;1;33;93;47m8[0;1;37;97;47mX[0;1;33;93;47mS[0;37;5;47;107mt8X@[0;1;37;97;47m%X[0;37;5;43;103m@[0;1;33;93;43m..[0;1;31;91;43m88888888[0;31;43m8[0m    
     [0;1;30;90;41m8[0;1;31;91;43m8[0;1;33;93;43m......t[0;1;33;93;47m8[0;1;37;97;47mS8[0;37;5;47;107m%%%%%%[0;1;37;97;47m8%[0;1;33;93;47m@[0;1;33;93;43m:[0;1;31;91;43m8888888[0;30;41m@[0m     
       [0;31;43mS[0;1;31;91;43m888[0;1;33;93;43m..[0;33;5;43;103mt[0;1;33;93;47mX[0;1;37;97;47mX[0;37;5;47;107mS%SSSSSX[0;1;37;97;47m%[0;1;33;93;47m@[0;1;33;93;43mt[0;1;31;91;43m88888[0;31;43mS[0m       
        [0;30;41m@[0;1;31;91;43m88888[0;1;33;93;43m;[0;1;37;97;47mS[0;37;5;47;107m@SSSSXXX[0;1;37;97;47m;[0;1;33;93;43m;[0;1;31;91;43m88888[0;30;41m@[0m        
          [0;33;41m@[0;1;31;91;43m88[0;1;33;93;43m:[0;33;47m8[0;1;33;93;43m:[0;1;37;97;47m8@[0;37;5;47;107mXXXX[0;1;37;97;47m8%[0;1;33;93;43mt::[0;1;31;91;43m88[0;33;41m@[0m          
             [0;31;43mS[0;1;31;91;43m8[0;33;47m8[0;1;33;93;43m.[0;1;33;93;47m@@[0;1;37;97;47m%[0;1;33;93;47m8[0;1;37;97;47mt[0;33;47m8[0;1;33;93;43m.[0;33;47m8[0;1;31;91;43m8[0;31;43mX[0m             
               [0;33;41m8[0;31;43m%[0;37;43m@[0;1;31;91;43m88[0;33;47m8[0;1;31;91;43m8[0;37;43mX[0;31;43m%[0;33;41m8[0m               
                  [0;33;41m@[0;31;43mXX[0;33;41m8[0m                  
