[0;30;42mX;;[0;1;30;90;42m:::[0;32;5;40;100m@[0;37;5;40;100m%[0;1;30;90;42mS;;;tttt[0;32;5;40;100mX[0;37;5;40;100m%[0;1;30;90;42mX;;;::::[0;32;5;40;100m@[0;37;5;40;100mt[0;1;30;90;42m%[0;30;42m;;;;ttt[0;1;30;90;42m8[0;36;5;40;100m [0;1;30;90;42mt[0;30;42m@[0m
[0;1;30;90;42mX:::;;X[0;1;37;97;47m;.[0;1;30;90;47m8[0;32;5;40;100m@[0;1;30;90;42m%%%%%8[0;1;37;97;47mt:[0;1;30;90;47m8[0;32;5;40;100m8[0;1;30;90;42mtt;;;S[0;1;37;97;47m: [0;37;5;40;100mS[0;1;30;90;42m8:....t[0;1;37;97;47m [0;1;30;90;47m;[0;36;5;40;100m.[0m
[0;36;5;40;100mt;[0;1;30;90;42mS;;ttS[0;36;5;40;100m;[0;1;30;90;47m8[0;37;5;40;100m%[0;36;5;40;100m [0;1;30;90;42m8XXXX@[0;36;5;40;100m;[0;1;30;90;47m8[0;37;5;40;100mt[0;36;5;40;100m.[0;1;30;90;42m@tt;;t[0;32;5;40;100mS[0;1;30;90;47m8[0;36;5;40;100m t[0;1;30;90;42m%....:[0;32;5;40;100m8[0;36;5;40;100m [0m
[0;30;42m%[0;1;30;90;42mX[0;36;5;40;100m t[0;1;30;90;42mt%%SX8@8[0;37;5;40;100mS[0;36;5;40;100m [0;1;30;90;42m@@@@@8@8[0;36;5;40;100m ;[0;1;30;90;42mtt;;:S;S[0;36;5;40;100m [0;32;5;40;100mS[0;1;30;90;42m...[0;30;42m..S[0m
[0;30;42mt[0;1;30;90;42mX8t%SSX@@88[0;36;5;40;100m;[0;1;30;90;42m8888888@8[0;32;5;40;100mS[0;1;30;90;42mS%%t;;::%8:....[0;30;42m.S[0m
[0;30;42mt[0;32;5;40;100mS[0;1;37;97;47m8[0;1;30;90;47mS[0;36;5;40;100m.[0;1;30;90;42m@X@888[0;36;5;40;100m [0;37;5;47;107m@[0;1;37;97;47m [0;37;5;40;100m%[0;32;5;40;100mX[0;1;30;90;42m88888[0;36;5;40;100m:[0;37;5;47;107m8[0;1;30;90;47m%[0;36;5;40;100m.[0;1;30;90;42mX%t;;;[0;32;5;40;100mX[0;1;37;97;47m@[0;1;30;90;47m@[0;36;5;40;100m%[0;1;30;90;42m;..[0;30;42m.S[0m
[0;30;42mt[0;1;30;90;42mt[0;32;5;40;100mX[0;37;5;40;100mX[0;1;30;90;47m;8[0;36;5;40;100m;[0;1;30;90;42m88888[0;36;5;40;100m [0;1;30;90;47mX[0;1;37;97;47m:[0;1;30;90;47mX[0;36;5;40;100m [0;1;30;90;42m88888[0;36;5;40;100m;[0;1;30;90;47m8;[0;37;5;40;100m@[0;32;5;40;100mS[0;1;30;90;42m%t;::8[0;37;5;40;100m%[0;1;30;90;47mS[0;37;5;40;100m%[0;32;5;40;100m8[0;1;30;90;42m..[0;30;42mS[0m
[0;30;42mt[0;1;30;90;42mt%S[0;32;5;40;100m@[0;1;30;90;42m8[0;36;5;40;100m;[0;37;5;40;100m@[0;36;5;40;100m;[0;1;30;90;42m88[0;32;5;40;100mXS[0;36;5;40;100m% : [0;1;30;90;47m8[0;36;5;40;100m [0;1;30;90;42m8888@[0;32;5;40;100m@[0;1;30;90;42m8[0;32;5;40;100mX[0;36;5;40;100m [0;32;5;40;100m8[0;1;30;90;42m;;:::@t8[0;36;5;40;100m [0;1;30;90;42m8[0;30;42mS[0m
[0;30;42mt[0;1;30;90;42mt%SX@88[0;36;5;40;100mt[0;1;30;90;42m88[0;32;5;40;100mS[0;36;5;40;100m%t;;t;:[0;1;30;90;42m8888@@SSX8;;::::..tS[0;30;42mS[0m
[0;30;42mt[0;1;30;90;42mt%SX@[0;36;5;40;100m [0;1;37;97;47m8[0;1;30;90;47m8[0;36;5;40;100m%[0;1;30;90;42m8[0;32;5;40;100mS[0;36;5;40;100m%ttt[0;1;30;90;47m8[0;37;5;47;107m8[0;1;30;90;47m8[0;36;5;40;100m%[0;1;30;90;42m888@XX[0;36;5;40;100m.[0;1;37;97;47mS[0;37;5;40;100m;[0;1;30;90;42mX;:::::[0;32;5;40;100m%[0;1;37;97;47m;[0;36;5;40;100m.[0;1;30;90;42mt[0m
[0;36;5;40;100m;[0;1;30;90;42m8%SX@@[0;1;30;90;47m8 [0;1;37;97;47m:[0;1;30;90;47m8[0;36;5;40;100m;[0;32;5;40;100mXSSSS[0;1;30;90;47m8[0;1;37;97;47m.:[0;1;30;90;47m8[0;32;5;40;100mS[0;1;30;90;42m8@XS%[0;37;5;40;100mt[0;1;30;90;47mt;[0;36;5;40;100m [0;1;30;90;42m@:::..[0;36;5;40;100m [0;1;30;90;47mX[0;37;5;40;100mX[0m
[0;1;30;90;42mS[0;36;5;40;100m;t[0;1;30;90;42mXSX@88[0;36;5;40;100m ;[0;37;5;40;100mtt[0;32;5;40;100mS[0;1;30;90;42m88888[0;37;5;40;100m;[0;36;5;40;100mt .[0;1;30;90;42m8SS%t%[0;36;5;40;100mt[0;1;30;90;42m8[0;36;5;40;100mt[0;32;5;40;100mS[0;1;30;90;42mt:...:[0;32;5;40;100m8[0m
[0;32;40m8[0;1;30;90;42m;[0;32;5;40;100mX[0;36;5;40;100m%[0;1;30;90;42m%SX@@888[0;36;5;40;100m. [0;1;30;90;42m8888888@[0;36;5;40;100m%t[0;1;30;90;42mS%tt;%::[0;32;5;40;100m8@[0;1;30;90;42m....[0;30;42m.[0;32;40m8[0m
 [0;36;5;40;100mt[0;1;30;90;47m8[0;1;30;90;42m8%%SSX@@[0;36;5;40;100m [0;1;30;90;47mS[0;32;5;40;100mS[0;1;30;90;42m8888@@X[0;36;5;40;100m.[0;1;30;90;47m@[0;1;30;90;42m8%tt;:::[0;36;5;40;100m%[0;1;30;90;47m8[0;1;30;90;42m@....[0;30;42m.[0m 
 [0;30;42m%[0;1;30;90;47m:[0;1;37;97;47m.[0;1;30;90;47m8[0;36;5;40;100m%[0;1;30;90;42mS%SSX@[0;1;37;97;47m ;[0;1;30;90;47mX[0;36;5;40;100m:[0;1;30;90;42m@XXSSS[0;1;37;97;47m :[0;1;30;90;47m8[0;32;5;40;100mS[0;1;30;90;42mt::::;[0;1;30;90;47m;.8[0;32;5;40;100m@[0;1;30;90;42m:[0;30;42m.S[0m 
  [0;1;30;90;42m;8[0;37;5;40;100m%[0;36;5;40;100m..[0;1;30;90;42m8%%%%S[0;32;5;40;100mS[0;1;30;90;47m8[0;36;5;40;100m  [0;1;30;90;42m8%%%tt[0;32;5;40;100m@[0;37;5;40;100mS[0;36;5;40;100m.:[0;1;30;90;42m@:::::8[0;36;5;40;100m tt[0;1;30;90;42mS[0m  
  [0;32;40m8[0;1;30;90;42m:S;%[0;36;5;40;100m.t[0;1;30;90;42mttttt@%X[0;36;5;40;100m t[0;1;30;90;42mt;;;;S:%[0;36;5;40;100m:[0;32;5;40;100mS[0;1;30;90;42m::...t.;[0;1;30;90;40m8[0m  
   [0;30;42m8[0;1;30;90;42m::8[0;36;5;40;100mt[0;1;30;90;42m;;;;;;;;8[0;36;5;40;100m;[0;1;30;90;42mt;;:::::@[0;36;5;40;100m%[0;1;30;90;42m;.....[0;30;42m..8[0m   
    [0;30;42m8[0;1;30;90;42m:8[0;1;37;97;47mX[0;1;30;90;47m;[0;36;5;40;100m [0;1;30;90;42mS::::;8[0;1;37;97;47mX[0;1;30;90;47m;[0;36;5;40;100m [0;1;30;90;42mS:::::8[0;1;37;97;47mS[0;1;30;90;47mt[0;36;5;40;100m.[0;1;30;90;42m%..[0;30;42m..8[0m    
     [0;32;40mX[0;1;30;90;42m:X[0;36;5;40;100m.[0;1;30;90;47m@[0;36;5;40;100m [0;32;5;40;100mS[0;1;30;90;42m;::::@[0;36;5;40;100m.[0;1;30;90;47m@[0;36;5;40;100m [0;32;5;40;100mX[0;1;30;90;42m;:...X[0;36;5;40;100m:[0;1;30;90;47m8[0;36;5;40;100m [0;32;5;40;100m@[0;1;30;90;42m:[0;30;42m:[0;32;40mX[0m     
       [0;30;42mS[0;1;30;90;42m.St8[0;36;5;40;100m [0;32;5;40;100m8[0;1;30;90;42m:::::St@[0;36;5;40;100m [0;32;5;40;100m8[0;1;30;90;42m.....%;X[0;32;5;40;100mS[0m       
        [0;32;40mX[0;30;42m;[0;1;30;90;42m..;t........;t..[0;30;42m....t[0;32;40mX[0m        
          [0;32;40m@[0;32;5;40;100mS[0;1;37;97;47mS[0;37;5;40;100m%[0;1;30;90;42m8......[0;32;5;40;100mS[0;1;37;97;47mS[0;37;5;40;100mt[0;1;30;90;42m@[0;30;42m..:t[0;32;40m@[0m          
             [0;36;5;40;100m [0;1;30;90;47mX[0;36;5;40;100m [0;1;30;90;42mX[0;30;42m.....[0;36;5;40;100m%[0;37;5;40;100m8[0;1;30;90;47mX[0;36;5;40;100m [0;30;42mX[0m             
               [0;32;40m8[0;32;5;40;100m@%[0;1;30;90;42mt[0;30;42m::::%8[0m               
                  [0;1;30;90;40m@[0;30;42mXX[0;32;40m8[0m                  
