[0;1;30;90;41m.[0;1;31;91;41mSSSSSSX[0;1;37;97;47m 8888888888888888@@@@@X [0;1;30;90;41m8[0;1;31;91;41m%%%ttt[0;30;41m:[0m
[0;1;31;91;41m;8[0;31;5;41;101m8888888[0;1;30;90;47m8[0;37;5;47;107mStt;;;ttttttttttt%%@[0;1;30;90;47m8[0;1;31;91;41m888888@@.[0m
[0;1;31;91;41m;[0;31;5;41;101m8888888888[0;1;37;97;47m [0;37;5;47;107m;;;;;;;;;ttttttt[0;1;37;97;47m [0;31;5;41;101m8[0;1;31;91;41m88888888@:[0m
[0;1;31;91;41m;[0;31;5;41;101m88888888888[0;35;5;41;101mX[0;37;5;47;107m8::::;;;;;ttt[0;1;37;97;47mX[0;35;5;41;101m8[0;31;5;41;101m888[0;1;31;91;41m88888888:[0m
[0;35;5;40;100m [0;31;5;41;101m888888[0;1;30;90;47m8[0;37;5;47;107m8::8[0;1;30;90;47m8[0;31;5;41;101m@[0;1;30;90;47m8[0;37;5;47;107m%.::::;;;X[0;1;30;90;47m8[0;31;5;41;101m8[0;1;30;90;47m8[0;1;37;97;47mX[0;37;5;47;107mt%[0;1;37;97;47mX[0;1;30;90;47m8[0;1;31;91;41m888888[0;35;5;40;100m:[0m
[0;1;37;97;47m;[0;37;5;47;107m8[0;1;30;90;47m8[0;31;5;41;101m888[0;35;5;41;101m@[0;37;5;47;107m:::...[0;1;30;90;47m8[0;31;5;41;101mX[0;35;5;41;101mX[0;1;37;97;47m [0;37;5;47;107m...::;[0;1;37;97;47m [0;31;5;41;101m88[0;35;5;41;101m8[0;37;5;47;107mtttt%%[0;31;5;41;101m8[0;1;31;91;41m888[0;35;5;40;100m;[0;1;37;97;47mX.[0m
[0;1;37;97;47m;[0;37;5;47;107mtt[0;1;37;97;47mt[0;35;5;41;101m@[0;31;5;41;101m8[0;35;5;41;101m@[0;37;5;47;107m;..  .[0;1;30;90;47m8[0;31;5;41;101mXXX[0;1;31;91;47m8[0;37;5;47;107m8..[0;1;37;97;47m@[0;35;5;41;101mX[0;31;5;41;101m888@[0;37;5;47;107m%tttt%[0;31;5;41;101m8[0;1;31;91;41m8[0;31;5;41;101m8[0;1;37;97;47m [0;37;5;47;107mXX[0;1;37;97;47m.[0m
[0;1;37;97;47m;[0;37;5;47;107mtt;t[0;1;37;97;47m [0;31;5;41;101m@[0;35;5;41;101mX[0;1;37;97;47m;[0;37;5;47;107mXX[0;1;37;97;47m%[0;1;30;90;47m8[0;35;5;41;101mXXX[0;31;5;41;101mSXX[0;1;30;90;47m88[0;31;5;41;101m@@8888[0;35;5;41;101m8[0;1;37;97;47m [0;37;5;47;107m88[0;1;37;97;47m [0;31;5;41;101m88[0;1;30;90;47m8[0;37;5;47;107mSSXX[0;1;37;97;47m.[0m
[0;1;37;97;47m;[0;37;5;47;107mt;;;:S[0;1;30;90;47m8[0;31;5;41;101mXXXX[0;35;5;41;101mXXXXX[0;31;5;41;101mSXXX@@@88888888[0;1;30;90;47m8[0;37;5;47;107m8%SSSX[0;1;37;97;47m.[0m
[0;1;37;97;47m;[0;37;5;47;107mtt;;::.8[0;1;30;90;47m8[0;31;5;41;101mXX[0;35;5;41;101mXXXXX[0;1;30;90;47m8[0;1;37;97;47m;[0;37;5;47;107m88[0;1;37;97;47m.[0;35;5;41;101mX[0;31;5;41;101m@8888888[0;1;37;97;47mt[0;37;5;47;107m%%%SSXX[0;1;37;97;47m.[0m
[0;1;37;97;47m:[0;37;5;47;107mtt;;;::..[0;1;37;97;47m:[0;35;5;41;101mX[0;31;5;41;101mXXSX[0;1;31;91;47m8[0;37;5;47;107m:  .:;[0;35;5;41;101m@[0;31;5;41;101m88888[0;1;37;97;47m [0;37;5;47;107mtt%%%SSXX[0;1;37;97;47m [0m
[0;1;30;90;47m;[0;37;5;47;107mtt;;;;::..;[0;1;37;97;47m [0;31;5;41;101mXXX[0;1;30;90;47m8[0;37;5;47;107m ..:::[0;37;5;40;100m [0;31;5;41;101m888[0;1;30;90;47m8[0;37;5;47;107m@ttt%%SSSXX[0;1;30;90;47mt[0m
[0;37;5;40;100mS[0;37;5;47;107mttt;;;;:::..8[0;1;30;90;47m8[0;31;5;41;101mX@[0;1;30;90;47m8[0;37;5;47;107m8::8[0;1;30;90;47m8[0;31;5;41;101m88[0;35;5;41;101m@[0;1;37;97;47mX[0;37;5;47;107mtttt%%%SSSXX[0;37;5;40;100mS[0m
 [0;37;5;47;107mttttt;;;;:::::[0;1;37;97;47m:[0;31;5;41;101mX@8@8888[0;1;37;97;47m [0;37;5;47;107mttttt%%%SSSXX@[0m 
 [0;1;30;90;47m.[0;37;5;47;107mttttt;;;;;;;;;%[0;1;30;90;47m8[0;31;5;41;101m8888[0;1;30;90;47m8[0;37;5;47;107mSttttt%%%SSSXXX[0;1;30;90;47m.[0m 
  [0;37;5;47;107mSttttttt;;;;;;;;8[0;35;5;40;100m [0;35;5;41;101m@[0;37;5;47;107m8tttttt%%%SSSXXX8[0m  
  [0;36;5;40;100m [0;37;5;47;107mttttttttttttttttttttttt%%%%SSSXXX@[0;36;5;40;100m [0m  
   [0;37;5;40;100m8[0;37;5;47;107m%ttttttttttttttttttt%%%%SSSSXXX@[0;37;5;40;100m8[0m   
    [0;37;5;40;100m8[0;37;5;47;107m%%%%tttttttttttt%%%%%SSSSXXX@@[0;37;5;40;100m8[0m    
     [0;36;5;40;100m.[0;37;5;47;107m8%%%%%%%%%%%%%%%%SSSSSXXXX@[0;1;37;97;47m8[0;36;5;40;100m.[0m     
       [0;1;30;90;47m [0;37;5;47;107mSSS%%%%%%%SSSSSSSXXXXX@@[0;1;30;90;47m.[0m       
        [0;36;5;40;100m.[0;1;37;97;47m@[0;37;5;47;107mSSSSSSSSSSSXXXXXX@@@[0;1;37;97;47mX[0;36;5;40;100m.[0m        
          [0;36;5;40;100m [0;1;37;97;47mX[0;37;5;47;107mXXXXXXXXXXXX@@@@[0;1;37;97;47mS[0;36;5;40;100m [0m          
             [0;1;30;90;47m.[0;37;5;47;107m@@@@@@@@@@@8[0;1;30;90;47m.[0m             
               [0;37;5;40;100mS[0;1;37;97;47m;[0;37;5;47;107m@@@@@@[0;1;37;97;47mt[0;37;5;40;100mS[0m               
                  [0;36;5;40;100m [0;1;30;90;47mtt[0;36;5;40;100m [0m                  
