[0;1;30;90;43m.[0;1;33;93;43mSX@8[0;33;5;43;103m888888888888888[0;1;31;91;41m;;;;;;:::::::......[0;30;41mt[0m
[0;1;30;90;43m:[0;1;33;93;43m%[0;1;30;90;43m:[0;1;33;93;43m%[0;33;5;43;103m%;;;;@tt;;;;;;;;[0;1;31;91;41mXXXXXXXSSSSt[0;33;41mXX[0;1;31;91;41m%%%tt[0;30;41m:[0m
[0;1;30;90;43m::;;[0;33;5;43;103m%;;;[0;1;33;93;43m%[0;33;5;40;100m8[0;1;30;90;43mS[0;33;5;43;103mX;::::;;;[0;1;31;91;41m@XXXXXXX%[0;31;43m8[0;1;30;90;43m:[0;1;33;93;43mS[0;33;5;43;103m%X[0;1;30;90;43m.[0;1;31;91;41m;%%t[0;30;41m:[0m
[0;1;30;90;43m.;;;t[0;33;5;43;103mS[0;1;33;93;43mS[0;1;30;90;43mSX[0;1;30;90;40m8[0;30;5;40;100m8[0;33;5;40;100m888[0;33;5;43;103mS:::::[0;1;31;91;41m@@%XXXXX[0;33;41m@[0;31;43m8S[0;1;30;90;43m:[0;33;5;43;103m%@[0;1;33;93;43m%[0;31;43m8[0;1;31;91;41m%[0;33;41m8[0;31;43m8[0;30;41m:[0m
[0;1;33;93;43mS[0;33;5;43;103mt@[0;1;30;90;43mtS%X[0;33;5;40;100m88[0;1;30;90;40m88[0;33;5;40;100m8[0;1;33;93;43m8[0;33;5;43;103mX:[0;37;5;43;103m%[0;33;5;43;103m.:::[0;1;31;91;41mS[0;1;30;90;43mX[0;1;33;93;43mX[0;1;30;90;43mS[0;1;31;91;41m%XX%[0;33;41mS[0;31;43mX[0;1;33;93;43mt[0;33;5;43;103mX[0;1;33;93;43m%X[0;33;5;43;103m%[0;1;30;90;43m.[0;33;41m@[0;1;30;90;43m [0;33;41mS[0;30;41m.[0m
[0;1;33;93;43mS[0;33;5;43;103m;;;t[0;1;33;93;43m@[0;33;5;43;103m@:t[0;33;5;40;100m8[0;30;5;40;100m88[0;33;5;40;100m@[0;1;30;90;43m8[0;37;5;43;103mSSSSS%[0;33;41m@[0;1;30;90;43m@[0;1;33;93;43mt[0;33;5;43;103mtX[0;1;30;90;43m%t[0;33;5;43;103m88[0;1;33;93;43m%[0;33;5;43;103m8%%t%[0;33;41mt8[0;31;43m@[0;1;31;91;41mt[0;30;41m.[0m
[0;1;33;93;43mS[0;33;5;43;103m;;;;:::[0;37;5;43;103m%S[0;33;5;40;100m8[0;30;5;40;100m@XX[0;33;5;40;100mS[0;37;5;43;103mX[0;1;30;90;43m8[0;37;5;43;103mXSS[0;1;31;91;41m888S[0;1;30;90;43mSS[0;1;33;93;43mX[0;33;5;43;103m8;;@SXS[0;31;43m@[0;1;31;91;41mS[0;31;43mt[0;1;31;91;41mt%[0;30;41m.[0m
[0;1;33;93;43mS[0;33;5;43;103m;;;::::[0;37;5;43;103mS[0;33;5;43;103mX[0;33;5;40;100mX[0;30;5;40;100mXS[0;33;5;40;100mtt%[0;37;43m@[0;1;30;90;43m8[0;33;5;43;103m@[0;37;5;43;103mS[0;1;31;91;41m88[0;33;41m@[0;1;31;91;41m@@[0;33;41m8[0;1;30;90;43m%[0;1;33;93;43mX@[0;33;5;43;103m%[0;1;33;93;43mS[0;33;5;43;103mt[0;1;33;93;43mS[0;31;43mS[0;1;31;91;41mSS[0;31;43mS[0;1;31;91;41mt%[0;30;41m.[0m
[0;1;33;93;43mS[0;33;5;43;103m;;;:::[0;37;5;43;103m%[0;1;33;93;43m8[0;33;5;40;100m@X[0;30;5;40;100mS[0;36;5;40;100mt;[0;33;5;40;100m:t[0;37;5;43;103m@@[0;1;30;90;43m8[0;37;43mX[0;1;31;91;41m88[0;1;30;90;43m8[0;1;33;93;43m%X[0;33;5;43;103m;@[0;1;30;90;43mt[0;31;43m8[0;1;30;90;43m;[0;33;5;43;103m%8@[0;1;33;93;43m@[0;1;31;91;41m%St[0;31;43m%[0;1;31;91;41m%[0;30;41m.[0m
[0;1;33;93;43mS[0;33;5;43;103m;;;:;[0;1;33;93;43mX[0;1;30;90;43m8[0;30;5;40;100m8@XS[0;33;5;40;100m%t;[0;1;30;90;43m8[0;33;47m8[0;37;5;43;103m@X[0;33;5;43;103m8[0;1;31;91;41m8[0;33;41m8[0;1;30;90;43m8[0;33;5;43;103m@[0;1;30;90;43mXS[0;1;31;91;41mXSXS[0;31;43mX[0;33;5;43;103mXtt[0;1;33;93;43m@[0;33;41mX[0;1;31;91;41m%[0;31;43mX[0;33;41mX[0;30;41m.[0m
[0;1;33;93;43m%[0;33;5;43;103m;;;%[0;31;5;40;100mS[0;1;30;90;40m88[0;30;5;40;100m8[0;33;5;40;100m8@@[0;37;43mX[0;37;5;43;103mX@@[0;33;5;43;103m8[0;1;30;90;43m8[0;37;5;43;103mSS[0;1;31;91;41m88@[0;33;41m@[0;1;31;91;41m@@@S[0;1;30;90;43m;[0;33;5;43;103mS;8[0;1;33;93;43m@[0;33;5;43;103mtt[0;1;30;90;43m.[0;33;41mX[0;31;43mS[0;33;41mX[0;30;41m.[0m
[0;1;30;90;43m:[0;33;5;43;103m;;[0;1;33;93;43m@[0;31;5;40;100mS[0;1;30;90;40m8@88[0;33;5;40;100m8[0;33;5;43;103mt[0;37;5;43;103mSSSXXS[0;33;5;40;100m8[0;33;5;43;103m@[0;37;5;43;103m%[0;1;31;91;41m888@@@X[0;31;43mS[0;33;5;43;103mt;%[0;1;33;93;43m;@[0;33;5;43;103mtt[0;31;43m8[0;33;41m@%[0;1;31;91;41m%[0;30;41mt[0m
[0;1;30;90;43m:[0;33;5;43;103m;;[0;1;33;93;43m88[0;30;5;40;100mX[0;1;30;90;40m8@@[0;33;5;40;100m8[0;33;5;43;103m:[0;37;5;43;103m%%SSS%[0;1;33;93;43m8[0;1;30;90;43m8[0;33;5;43;103m:[0;1;31;91;41m8@@@@XXS[0;1;33;93;43mS[0;33;5;43;103m;[0;1;30;90;43m:[0;1;31;91;41m;[0;1;33;93;43mX[0;33;5;43;103mtt[0;31;43m@[0;1;31;91;41m%%%[0;30;41m8[0m
 [0;33;5;43;103m;;t[0;1;30;90;43mt[0;1;30;90;40mS8[0;1;30;90;43mX[0;1;30;90;40m8[0;1;30;90;43m@[0;33;5;43;103m::::::::%:[0;1;31;91;41m@@@@XX[0;33;41m%[0;1;33;93;43m;[0;33;5;43;103mt@[0;33;41m8[0;1;31;91;41mS[0;33;41mS[0;31;43mX.[0;33;5;43;103mX[0;1;33;93;43mS[0;33;41m8[0;1;31;91;41m%[0m 
 [0;1;30;90;43m.[0;1;33;93;43m@[0;1;30;90;40m8[0;1;30;90;43mtt[0;33;5;43;103mt[0;1;33;93;43mX[0;1;30;90;40m8[0;1;30;90;43mS[0;33;5;43;103mt::::::::;[0;1;31;91;41m@@X[0;33;41mX[0;1;30;90;43mt[0;1;33;93;43mX[0;33;5;43;103mS[0;1;33;93;43mX[0;1;31;91;41mt[0;33;41m%[0;1;31;91;41mSSSS%[0;1;30;90;43m.[0;33;5;43;103mS[0;1;30;90;43m.[0;30;41m%[0m 
  [0;33;5;43;103m%[0;33;5;40;100m8[0;33;5;43;103m;;;S[0;1;30;90;43mtt%S[0;33;5;40;100m8[0;1;30;90;43m%[0;33;5;43;103m%;;;;;[0;1;31;91;41mXXXX%[0;33;41m@[0;1;31;91;41m%[0;33;41mt[0;1;31;91;41mSSSS[0;33;41m@[0;31;43m%[0;1;30;90;43m.[0;33;5;43;103m@[0;1;33;93;43mt[0;1;31;91;41mt[0m  
  [0;1;30;90;43m.;:[0;33;5;43;103mt;;;;;;t[0;1;33;93;43mX[0;33;5;43;103m%;;;;;[0;1;31;91;41mXXXXXSSSSSSS;[0;33;41m%@X%[0;30;41m8[0m  
   [0;1;30;90;43m.[0;1;33;93;43m%[0;1;30;90;43m:[0;33;5;43;103m;;;;;;;;;;;;;;[0;1;31;91;41mXXXSSSSSSS%%%%%%[0;30;41mS[0m   
    [0;1;30;90;43m:[0;33;5;43;103mtttt;;;;;;;;;;;[0;1;31;91;41mSSSSSSSSS%%%%%t[0;30;41mX[0m    
     [0;1;30;90;43m.[0;33;5;43;103mSttttttttttttt[0;1;31;91;41mSSSSSS%%%%%%%;[0;31;40m8[0m     
       [0;1;30;90;43m.[0;33;5;43;103mtttttttttttt[0;1;31;91;41mSSS%%%%%%%%t[0;30;41m:[0m       
        [0;31;43m8[0;1;33;93;43m@[0;33;5;43;103m%%%%%%%%%%[0;1;31;91;41m%%%%%%%%tt.[0;31;40m8[0m        
          [0;1;30;90;43m.[0;1;33;93;43m@[0;33;5;43;103m%%%%%%%%[0;1;31;91;41m%%%%%ttt.[0;30;41m8[0m          
             [0;1;30;90;43m [0;33;5;43;103mSSSSSS[0;1;31;91;41mtttttt[0;30;41m:[0m             
               [0;1;30;90;43m.[0;1;33;93;43mS[0;33;5;43;103mSSS[0;1;31;91;41mttt [0;30;41m8[0m               
                  [0;1;30;90;43m  [0;30;41m;8[0m                  
