[0;1;30;90;43m.[0;33;5;43;103m88@@@@@@@@@@@@@@@@@@[0;1;33;93;43m8[0;33;5;43;103m@@@@88888888888[0;1;33;93;43m88[0;1;30;90;43m [0m
[0;1;33;93;43m8[0;33;5;43;103m;;;;;;;;:::::::::[0;1;33;93;43m.[0;33;5;43;103m:;[0;33;5;41;101mt[0;33;5;43;103mt;;;;;;;ttttt%%%S[0;1;33;93;43mX[0m
[0;1;33;93;43m8[0;33;5;43;103m;;;;;:::::::::::t[0;31;5;41;101m:[0;33;5;43;103mtt[0;31;5;41;101m:[0;1;33;93;43m;.[0;33;5;43;103m;;;;;;;ttttt%%%[0;1;33;93;43mX[0m
[0;1;33;93;43m8[0;33;5;43;103m;;;;:::::::::;:;[0;33;5;41;101m;:[0;33;5;43;103m;[0;1;31;91;43m8[0;33;5;41;101m;t;[0;33;5;43;103mt;;;;;;;tttt%%%[0;1;33;93;43mX[0m
[0;1;33;93;43m8[0;33;5;43;103m;;::::::.[0;37;5;43;103m:::%[0;1;31;91;43m8[0;33;5;43;103m;[0;1;31;91;43m8[0;33;5;41;101m:[0;1;33;93;43m;[0;33;5;43;103m;[0;33;5;41;101m::t;;[0;33;5;43;103m%t;;;;;;tttt%%[0;1;33;93;43mX[0m
[0;1;33;93;43m8[0;33;5;43;103m;:::::::[0;37;5;43;103m%:St[0;33;5;43;103m:.:..;:[0;1;33;93;43m.[0;1;31;91;43m88888[0;33;5;43;103mtt%;tt;;ttt%%[0;1;33;93;43mX[0m
[0;1;33;93;43m8[0;33;5;43;103m;::::;[0;37;5;43;103m;%%tS%XXXX[0;33;5;43;103m:..::::[0;1;33;93;43m:[0;33;5;43;103m;[0;1;33;93;43m:[0;33;5;43;103m;ttt%;%tttt%[0;1;33;93;43mX[0m
[0;1;33;93;43m8[0;33;5;43;103m:::::;;[0;37;5;43;103mStSX@[0;1;33;93;47m8[0;37;43m@@@X[0;37;5;43;103mX[0;33;5;43;103m.::[0;1;33;93;43m.[0;1;31;91;43m8[0;33;5;41;101mXX[0;1;31;91;43m8[0;33;5;43;103m%tt;%%%tttt%[0;1;33;93;43m@[0m
[0;1;33;93;43m8[0;33;5;43;103m::::::[0;37;5;43;103m%St[0;33;5;43;103mt[0;33;5;41;101mS[0;35;5;41;101mXXXXX[0;31;5;41;101mS[0;33;5;41;101mX[0;1;31;91;43m88[0;31;5;41;101mX8[0;1;31;91;41m88[0;31;5;41;101m8888[0;1;33;93;43m;[0;33;5;43;103m;ttttttt%[0;1;33;93;43m@[0m
[0;1;33;93;43m8[0;33;5;43;103m::::;:[0;37;5;43;103m%S[0;33;5;43;103mt[0;31;5;41;101mXX[0;35;5;41;101mXXXXX[0;31;5;41;101mX8[0;31;5;40;100m@[0;1;31;91;41m8[0;31;5;41;101m@8[0;1;30;90;41m@X[0;1;31;91;41m8[0;31;5;41;101m8888[0;1;31;91;43m8[0;33;5;43;103mttt%ttt%[0;1;33;93;43m@[0m
[0;1;33;93;43m8[0;33;5;43;103m;::;;::;[0;31;5;41;101mXXXXXSXX[0;31;5;40;100mX@[0;30;5;40;100m8[0;31;5;40;100m8[0;1;30;90;41m88@[0;1;31;91;41mX[0;31;5;41;101m888888[0;33;5;43;103m%%t%%tt%[0;1;33;93;43mX[0m
[0;1;30;90;43m:[0;33;5;43;103m;:t%::;t[0;31;5;41;101m@XXXXX@8[0;31;5;40;100m8[0;30;5;40;100m8[0;31;5;40;100m8[0;31;5;41;101m8[0;1;31;91;41m88[0;31;5;41;101m88888888[0;33;5;43;103mS%ttXSt%[0;1;30;90;43m [0m
[0;1;30;90;43m:[0;33;5;43;103m;;t;t:;;[0;31;5;41;101m@[0;33;5;43;103m;[0;1;31;91;43m8[0;31;5;41;101m@X[0;1;30;90;41m88[0;31;5;40;100m8[0;30;5;40;100m8[0;1;30;90;40m8[0;1;30;90;41m8[0;31;5;41;101m@88888888[0;33;5;43;103m%[0;1;31;91;41m8[0;33;5;43;103m%%t%%S%%[0;1;30;90;43m.[0m
 [0;33;5;43;103m;;t;;tt;%:%[0;31;5;41;101m@[0;1;31;91;41m8S8[0;31;5;40;100m8[0;1;30;90;40m88@[0;1;30;90;41mX[0;1;31;91;41mX[0;31;5;41;101m888888[0;1;33;93;43m;[0;33;5;43;103m;X%%%%%S%%[0m 
 [0;1;33;93;43mX[0;33;5;43;103m;;t;;;%;;[0;1;33;93;43m%[0;31;5;41;101m88[0;1;31;91;41m8[0;1;30;90;41mX[0;31;5;41;101m88[0;1;30;90;41mX[0;30;41m8[0;1;30;90;40mSS[0;1;30;90;41m%[0;1;31;91;41m8[0;31;5;41;101m8888[0;1;33;93;43m:[0;33;5;43;103mttStt%S%%[0;1;33;93;43mS[0m 
  [0;33;5;43;103mt;t%t;t;;[0;1;33;93;43m;[0;31;5;41;101m8[0;33;5;41;101m8[0;33;5;43;103m@[0;1;31;91;41m8[0;31;5;41;101m888[0;1;30;90;41m%[0;31;40m;%[0;1;30;90;41mt[0;1;31;91;41mX[0;31;5;41;101m8[0;33;5;43;103m%[0;33;5;41;101m8[0;31;5;41;101m8[0;1;31;91;43m8[0;33;5;43;103mtt%t%XS%S[0m  
  [0;1;30;90;43m.[0;33;5;43;103m;t;ttt;;t[0;1;33;93;43m%[0;33;5;43;103m%;[0;1;31;91;43m8[0;31;5;41;101m8[0;33;5;41;101m8[0;1;31;91;41m8%[0;31;40m8[0;1;31;91;41m:[0;31;43m8[0;1;30;90;41m;[0;1;31;91;43m8[0;33;5;43;103m;S[0;1;33;93;43m;[0;33;5;43;103m%ttS%%%S%[0;1;30;90;43m.[0m  
   [0;1;30;90;43m.[0;33;5;43;103m;%;%t;;;%;;[0;1;33;93;43m:[0;31;5;41;101m8[0;33;5;43;103mt[0;1;33;93;43mt[0;33;41m8[0;1;31;91;41m@[0;1;33;93;43m:[0;33;5;43;103mt[0;1;30;90;41mt[0;1;33;93;43m.[0;33;5;43;103mttStt%SS%X%[0;1;30;90;43m [0m   
    [0;1;30;90;43m:[0;33;5;43;103m%tt%;;;%;;t[0;1;33;93;43m%[0;33;5;43;103m;;S%tt[0;1;33;93;43m%[0;33;5;43;103mtttS%%%S%SX[0;1;30;90;43m.[0m    
     [0;1;30;90;43m.[0;33;5;43;103mX%%%%t%%tt%tt%t%t%ttSSSSXSS@[0;1;30;90;43m.[0m     
       [0;1;33;93;43mX[0;33;5;43;103mtttttt%%%S%%%SS%%S%%%%%%[0;1;33;93;43mX[0m       
        [0;1;30;90;43m.[0;33;5;43;103m8ttttttttttttt%%%%%%%8[0;1;30;90;43m [0m        
          [0;1;30;90;43m.[0;33;5;43;103m8%%%%%%%%%%%%%%%%8[0;1;30;90;43m [0m          
             [0;1;33;93;43mS[0;33;5;43;103m%%%%%%%%%%SS[0;1;33;93;43mS[0m             
               [0;1;30;90;43m.[0;1;33;93;43m8[0;33;5;43;103mSSSSSS[0;1;33;93;43m8[0;1;30;90;43m [0m               
                  [0;1;30;90;43m    [0m                  
