[0;1;30;90;43m.[0;1;33;93;43m8888[0;33;5;43;103m88888888888888888888[0;1;33;93;43m888@@@@@@XXXXX[0;1;30;90;43m [0m
[0;1;33;93;43m%[0;33;5;43;103mt;;;;;;;;;;;;;;;;;;;;;;;S[0;1;33;93;43mX@SS%[0;33;5;43;103mtt%%%%SS[0;1;30;90;43m [0m
[0;1;33;93;43m%[0;33;5;43;103m;;;;;;;;;;;;:::;8@[0;1;30;90;43m%[0;33;5;43;103m%;;;;;@[0;1;30;90;43m;[0;33;5;43;103m@[0;1;30;90;43m::[0;33;5;43;103mttt%%%SS[0;1;30;90;43m [0m
[0;1;33;93;43m%[0;33;5;43;103m;;;;;;;;::::::::[0;1;30;90;43m@@[0;33;5;40;100m8[0;1;30;90;43mS[0;33;5;43;103mtt;;X[0;1;30;90;43m;;:::[0;33;5;43;103mttt%%%%S[0;1;33;93;43mt[0m
[0;1;33;93;43mS[0;33;5;43;103m;;;;;;::::::[0;1;30;90;43m8[0;33;5;40;100m8888[0;30;5;40;100m8[0;1;30;90;40m8[0;33;5;40;100m8[0;1;30;90;43mXS[0;33;5;43;103mX%[0;1;30;90;43mtt;::[0;33;5;43;103m%tttt%%%%[0;1;33;93;43mt[0m
[0;1;33;93;43mS[0;33;5;43;103m;;;;:::::[0;37;5;43;103m%SS[0;33;5;43;103m%[0;1;33;93;43m@[0;37;43mS[0;33;5;40;100m@[0;30;5;40;100m88X[0;33;5;40;100m888[0;1;30;90;43mXS[0;33;5;40;100m8[0;1;30;90;43m%t[0;33;5;43;103m@%;ttttt%%%[0;1;33;93;43mt[0m
[0;1;33;93;43mS[0;33;5;43;103m;;;;:::[0;37;5;43;103m%SSXXX@[0;1;30;90;43m8[0;33;5;40;100mX[0;31;5;40;100mS[0;30;5;40;100m@X[0;1;33;93;43m8@S[0;1;30;90;43mXS[0;1;33;93;43m@[0;33;5;43;103m@;;;;;tttt%%%[0;1;33;93;43mt[0m
[0;1;33;93;43mS[0;33;5;43;103m;;;::::[0;37;5;43;103mSSXX@[0;33;5;40;100m%t[0;36;5;40;100mt[0;30;5;40;100m%S[0;33;5;40;100mX[0;33;5;43;103mS[0;37;5;43;103mS%[0;33;5;43;103m:::;;;;;;;tttt%%%[0;1;33;93;43mt[0m
[0;1;33;93;43mS[0;33;5;43;103m;;;:::[0;37;5;43;103m%S[0;1;33;93;43m8[0;33;5;40;100mX[0;37;5;43;103m@[0;1;30;90;43m8[0;36;5;40;100m;:;t[0;30;5;40;100mS[0;33;5;43;103m8[0;37;5;43;103mXS%[0;33;5;43;103m:::;;;;;;;tttt%%%[0;1;33;93;43mt[0m
[0;1;33;93;43mS[0;33;5;43;103m;;;::::[0;1;30;90;43m88[0;33;5;43;103m8[0;33;5;40;100mS%t[0;36;5;40;100m;tt[0;30;5;40;100mS[0;33;5;40;100mX[0;37;5;43;103mSS%[0;33;5;43;103m:::;;;;;;;tttt%%%[0;1;33;93;43mt[0m
[0;1;33;93;43m%[0;33;5;43;103m;;;::;[0;1;30;90;43m8[0;33;5;40;100m8[0;37;5;43;103mSS[0;33;5;40;100mXX[0;30;5;40;100mSSSSX[0;33;5;40;100m@@[0;33;5;43;103m%::::;;;;;;;tttt%%%[0;1;30;90;43m [0m
[0;1;30;90;43m:[0;33;5;43;103m;;;;:[0;1;33;93;43mS[0;1;30;90;43m@[0;33;5;43;103m:[0;37;5;43;103m%S[0;33;5;43;103mS[0;33;5;40;100m@[0;30;5;40;100mX[0;33;5;40;100mX[0;30;5;40;100mX@@88X[0;1;30;90;43m8[0;33;5;43;103m;:;;;;;;;;tttt%%%[0;1;30;90;43m [0m
[0;1;30;90;43m:[0;33;5;43;103m;;;;;:::[0;1;30;90;43m88[0;33;5;40;100m88[0;1;30;90;43m88[0;33;5;40;100m8[0;30;5;40;100m@X[0;31;5;40;100mS[0;30;5;40;100m8[0;1;30;90;40m8@8[0;1;30;90;43mX[0;33;5;43;103m@;;;;;;tttt%%%%[0;1;30;90;43m.[0m
 [0;33;5;43;103m;;;;;;;;[0;33;5;40;100m8[0;33;5;43;103mt::::;[0;1;30;90;43m8[0;33;5;40;100m8[0;1;30;90;40m8[0;30;5;40;100mX[0;1;30;90;40m8XS%@[0;33;5;43;103m8;;;;ttttt%%%S[0m 
 [0;1;30;90;43m.[0;33;5;43;103m;;;;;;[0;1;30;90;43m%X[0;33;5;43;103m;:::::::[0;1;33;93;43m8[0;1;30;90;40m@SS[0;34;40m;;[0;31;40m%X[0;1;30;90;43m;[0;33;5;43;103m;;ttttt%%%%[0;1;30;90;43m [0m 
  [0;33;5;43;103mt;;;;t[0;1;30;90;40m8[0;1;33;93;43mX[0;33;5;43;103m;;;;;;;;S[0;34;40m;;;[0;31;40mtSX[0;1;33;93;43mS[0;1;30;90;43m:[0;33;5;43;103mtttttt%%%%S[0m  
  [0;1;30;90;43m.[0;33;5;43;103m;;;;%[0;1;30;90;43m;[0;33;5;43;103m;;;;;;;;;%[0;31;40mt[0;34;40m:[0;31;40mS%t8[0;33;5;43;103mStttttt%%%%S[0;1;30;90;43m.[0m  
   [0;1;30;90;43m.[0;33;5;43;103mt;;;;;;;;;;;;;;[0;1;30;90;43m;[0;31;40mX[0;1;30;90;43m;[0;1;33;93;43mX[0;1;30;90;43m;[0;31;40m;X[0;1;30;90;43m:[0;1;33;93;43m8[0;33;5;43;103mtt%%%%%S[0;1;30;90;43m.[0m   
    [0;1;30;90;43m:[0;33;5;43;103mtttt;;;;;;tX[0;1;33;93;43m@%[0;1;30;90;43m;[0;31;40mX[0;1;30;90;43m;[0;33;5;43;103mttS[0;1;33;93;43m%[0;1;30;90;41m8[0;33;5;40;100m8[0;33;5;43;103m%%%%%SS[0;1;30;90;43m.[0m    
     [0;1;30;90;43m.[0;33;5;43;103mStttttt[0;1;33;93;43m@[0;1;30;90;43m:[0;1;30;90;40m8[0;33;5;40;100m8[0;1;30;90;43m::[0;1;33;93;43m%S[0;33;5;43;103mXtttt[0;1;30;90;43m:.[0;33;5;43;103m%%%%S@[0;31;43m8[0m     
       [0;1;30;90;43m.[0;33;5;43;103mttttt[0;1;33;93;43mX[0;1;30;90;43m.[0;33;5;43;103mSttttttt%%X[0;31;40m8[0;1;30;90;43m [0;33;5;43;103m%%SS[0;1;30;90;43m [0m       
        [0;31;43m8[0;1;33;93;43m@[0;33;5;43;103m%%%%%%%%%%%%%%[0;1;30;90;43m.[0;31;43m8[0;1;33;93;43mS[0;33;5;43;103mSSS[0;1;33;93;43mX[0;31;43m8[0m        
          [0;1;30;90;43m.[0;1;33;93;43mX[0;33;5;43;103m%%%%%%%%%%%%SSSS[0;1;33;93;43mX[0;1;30;90;43m [0m          
             [0;1;30;90;43m [0;33;5;43;103mSSSSSSSSSSSS[0;1;30;90;43m [0m             
               [0;1;30;90;43m.[0;1;33;93;43mS[0;33;5;43;103mSSSSSS[0;1;33;93;43mS[0;1;30;90;43m [0m               
                  [0;1;30;90;43m    [0m                  
