[0;1;30;90;43m.[0;33;5;43;103m88@[0;1;30;90;43m;[0;34;40m.::[0;32;40m;[0;33;5;43;103m@@@@[0;1;30;90;43mt[0;34;40m:::::::::...[0;33;5;40;100m8[0;33;5;43;103m8888[0;32;40mt[0;34;40m.. [0;1;30;90;43m.[0;33;5;43;103m8[0;1;33;93;43m88[0;1;30;90;43m [0m
[0;1;33;93;43m8[0;33;5;43;103m;;;[0;1;30;90;43m:[0;34;40m::;[0;32;40m%[0;33;5;43;103m::::[0;1;30;90;43mS[0;1;30;90;40m%%%[0;34;40m;;;;;::::[0;1;30;90;43m;[0;33;5;43;103m;;;t[0;32;40mt[0;34;40m...[0;1;30;90;43m.[0;33;5;43;103m%%S[0;1;33;93;43mX[0m
[0;1;33;93;43m8[0;33;5;43;103m;;;[0;1;30;90;43m;[0;34;40m;;;[0;1;30;90;40m@[0;33;5;43;103m::::[0;1;30;90;43mX[0;1;30;90;40mXXXX[0;33;5;40;100m8[0;1;30;90;43m%%[0;33;5;40;100m8[0;34;40m;;::[0;1;30;90;43m;[0;33;5;43;103m;;;;[0;32;40m%[0;34;40m...[0;1;30;90;43m:[0;33;5;43;103m%%%[0;1;33;93;43mX[0m
[0;1;33;93;43m8[0;33;5;43;103m;;;[0;1;30;90;43mt[0;34;40m;[0;1;30;90;40mSS8[0;33;5;43;103m::::[0;1;30;90;43m@[0;1;30;90;40m88@[0;1;30;90;43m@[0;33;5;43;103m;;;;[0;1;30;90;43m%[0;32;40mt[0;34;40m;;[0;1;30;90;43mt[0;33;5;43;103m;;;;[0;32;40m%[0;34;40m...[0;1;30;90;43m:[0;33;5;43;103m%%%[0;1;33;93;43mX[0m
[0;1;33;93;43m8[0;33;5;43;103m;;:[0;1;30;90;43m%[0;1;30;90;40mSXX8[0;33;5;43;103m.[0;37;5;43;103m:::[0;1;30;90;43m8[0;30;5;40;100m8[0;1;30;90;40m8[0;30;5;40;100mX[0;33;5;43;103mt[0;37;5;43;103m;[0;33;5;43;103m:::;[0;33;5;40;100m8[0;1;30;90;40m%[0;34;40m;[0;1;30;90;43m%[0;33;5;43;103m;;;;[0;32;40m%[0;34;40m...[0;1;30;90;43m:[0;33;5;43;103mt%%[0;1;33;93;43mX[0m
[0;1;33;93;43m8[0;33;5;43;103m;::[0;1;30;90;43m%[0;1;30;90;40mX@@[0;30;5;40;100m8[0;37;5;43;103m::..[0;1;30;90;43m8[0;30;5;40;100m@8[0;1;30;90;43m8[0;37;5;43;103m:;;t[0;33;5;43;103m::[0;1;30;90;43mX[0;1;30;90;40mS%[0;1;30;90;43m%[0;33;5;43;103m;;;;[0;32;40m%[0;34;40m...[0;1;30;90;43m:[0;33;5;43;103mt%%[0;1;33;93;43mX[0m
[0;1;33;93;43m8[0;33;5;43;103m;::[0;1;30;90;43mS[0;1;30;90;40mX@8[0;30;5;40;100m@[0;37;5;43;103m....[0;1;30;90;43m8[0;30;5;40;100mSX[0;1;30;90;43m8[0;37;5;43;103m%:S[0;33;5;43;103mS[0;37;5;43;103m;[0;33;5;43;103m;[0;1;30;90;43mX[0;1;30;90;40mXS[0;1;30;90;43mS[0;33;5;43;103m:;;;[0;32;40m%[0;34;40m...[0;1;30;90;43m:[0;33;5;43;103mtt%[0;1;33;93;43mX[0m
[0;1;33;93;43m8[0;33;5;43;103m:::[0;1;30;90;43mS[0;1;30;90;40m@88[0;30;5;40;100m@[0;37;5;43;103m....[0;1;30;90;43m8[0;36;5;40;100mtt[0;30;5;40;100m%S[0;33;5;40;100mX@8[0;30;5;40;100mX[0;1;30;90;40m8@XS[0;1;30;90;43mS[0;33;5;43;103m:;;;[0;32;40m%[0;34;40m...[0;1;30;90;43m:[0;33;5;43;103mtt%[0;1;33;93;43m@[0m
[0;1;33;93;43m8[0;33;5;43;103m:::[0;1;30;90;43mX[0;1;30;90;40m@88[0;30;5;40;100mX[0;37;5;43;103m....[0;1;30;90;43m8[0;36;5;40;100m:;t[0;30;5;40;100mSX@88[0;1;30;90;40m88@X[0;1;30;90;43mS[0;33;5;43;103m:;;;[0;32;40m%[0;34;40m...[0;1;30;90;43m:[0;33;5;43;103mtt%[0;1;33;93;43m@[0m
[0;1;33;93;43m8[0;33;5;43;103m:::[0;1;30;90;43mX[0;1;30;90;40m@88[0;30;5;40;100mX[0;37;5;43;103m....[0;1;30;90;43m8[0;36;5;40;100m;tt[0;30;5;40;100mSX@88[0;1;30;90;40m8@XS[0;1;30;90;43mS[0;33;5;43;103m:;;;[0;32;40m%[0;34;40m...[0;1;30;90;43m:[0;33;5;43;103mtt%[0;1;33;93;43m@[0m
[0;1;33;93;43m8[0;33;5;43;103m;::[0;1;30;90;43mS[0;1;30;90;40m@88[0;30;5;40;100m@[0;37;5;43;103m....[0;1;30;90;43m8[0;30;5;40;100mSSSX[0;33;5;40;100m@[0;33;5;43;103m88[0;1;30;90;43m8[0;1;30;90;40m8@XS[0;1;30;90;43mS[0;33;5;43;103m:;;;[0;32;40m%[0;34;40m...[0;1;30;90;43m:[0;33;5;43;103mtt%[0;1;33;93;43mX[0m
[0;1;30;90;43m:[0;33;5;43;103m;::[0;1;30;90;43mS[0;1;30;90;40mX@8[0;30;5;40;100m8[0;37;5;43;103m:...[0;1;30;90;43m8[0;30;5;40;100m@@@[0;1;30;90;43m8[0;37;5;43;103m:;;[0;33;5;43;103m:[0;1;33;93;43m8[0;1;30;90;40m@SS[0;1;30;90;43m%[0;33;5;43;103m;;;;[0;32;40m%[0;34;40m...[0;1;30;90;43m:[0;33;5;43;103mtt%[0;1;30;90;43m [0m
[0;1;30;90;43m:[0;33;5;43;103m;;:[0;1;30;90;43m%[0;1;30;90;40mSX@8[0;37;5;43;103m::::[0;1;30;90;43m8[0;30;5;40;100m88[0;33;5;40;100m8[0;37;5;43;103m%;;[0;33;5;43;103m::;[0;1;30;90;43mX[0;1;30;90;40mS[0;34;40m;[0;1;30;90;43m%[0;33;5;43;103m;;;;[0;32;40m%[0;34;40m...[0;1;30;90;43m:[0;33;5;43;103mt%%[0;1;30;90;43m.[0m
 [0;33;5;43;103m;;;[0;1;30;90;43mt[0;1;30;90;40m%SX8[0;33;5;43;103m::.[0;37;5;43;103m;[0;1;30;90;43m8[0;1;30;90;40m88[0;1;30;90;43m8[0;33;5;43;103m::;;;;[0;1;30;90;43m%[0;34;40m;;[0;1;30;90;43mt[0;33;5;43;103m;;;;[0;32;40m%[0;34;40m...[0;1;30;90;43m:[0;33;5;43;103mt%%[0m 
 [0;1;33;93;43mX[0;33;5;43;103m;;[0;1;30;90;43m;[0;34;40m;;[0;1;30;90;40m%@[0;33;5;43;103m::::[0;1;30;90;43m@[0;1;30;90;40mXX[0;1;30;90;43m@[0;33;5;43;103m8%X8t@[0;1;30;90;43mt[0;34;40m;:[0;1;30;90;43m;[0;33;5;43;103m;;;;[0;32;40m%[0;34;40m...[0;1;30;90;43m:[0;33;5;43;103m%%[0;1;33;93;43mS[0m 
  [0;33;5;43;103mt;[0;1;30;90;43m;[0;34;40m:;;[0;1;30;90;40mX[0;33;5;43;103m::::[0;1;30;90;43mS[0;1;30;90;40mSSSS%S[0;32;40mt;[0;34;40m;:::[0;1;30;90;43m;[0;33;5;43;103m;;;;[0;32;40mt[0;34;40m...[0;1;30;90;43m.[0;33;5;43;103m%S[0m  
  [0;1;30;90;43m.[0;33;5;43;103m;[0;1;30;90;43m:[0;34;40m:::[0;32;40mt[0;33;5;43;103m;;;;[0;1;30;90;43m%[0;34;40m;;;;;;::::::[0;1;30;90;43m;[0;33;5;43;103m;;tt[0;32;40mt[0;34;40m...[0;1;30;90;43m.[0;33;5;43;103m%[0;1;30;90;43m.[0m  
   [0;1;30;90;43m.:[0;34;40m:::[0;32;40mt[0;33;5;43;103m;;;;[0;1;30;90;43mt[0;34;40m::::::::::..[0;1;30;90;43m:[0;33;5;43;103mtttt[0;32;40mt[0;34;40m.. [0;1;30;90;43m. [0m   
    [0;32;40mX[0;34;40m...[0;32;40m;[0;33;5;43;103m;;;;[0;1;30;90;43m;[0;34;40m:::[0;32;40m:[0;1;30;90;43m;[0;33;5;43;103m8@[0;1;30;90;43m:[0;32;40m;[0;34;40m...[0;1;30;90;43m:[0;33;5;43;103mtttt[0;32;40mt[0;34;40m   [0;32;40mS[0m    
     [0;34;40m ..[0;32;40m;[0;33;5;43;103m;;;;[0;1;30;90;43m;[0;34;40m...[0;1;30;90;43m:[0;33;5;43;103mtttt[0;1;33;93;43m8[0;32;40m:[0;34;40m..[0;1;30;90;43m:[0;33;5;43;103mtt%%[0;32;40mt[0;34;40m   [0m     
       [0;34;40m.[0;32;40m;[0;33;5;43;103mtttt[0;1;30;90;43m:[0;34;40m..[0;32;40mX[0;33;5;43;103m%%%%%%[0;1;30;90;43m:[0;34;40m..[0;1;30;90;43m:[0;33;5;43;103m%%%%[0;32;40m;[0;34;40m [0m       
        [0;32;40m.[0;33;5;43;103m8ttt[0;1;30;90;43m:[0;34;40m..[0;1;30;90;43m:[0;33;5;43;103m%%%%%%[0;1;30;90;43m.[0;34;40m..[0;1;30;90;43m.[0;33;5;43;103m%%%8[0;32;40m:[0m        
          [0;1;30;90;43m.[0;33;5;43;103m8%[0;1;30;90;43m.[0;34;40m..[0;33;5;40;100m8[0;1;30;90;43m [0;1;33;93;43m8X[0;1;30;90;43m [0;1;33;93;43m8%[0;1;30;90;43m.[0;34;40m  [0;1;30;90;43m.[0;33;5;43;103m%8[0;1;30;90;43m [0m          
             [0;32;40m@[0;34;40m            [0;32;40mX[0m             
               [0;34;40m          [0m               
                  [0;34;40m    [0m                  
