[0;1;30;90;45m:...:::::;;;;;;;;;;;:::::........       [0m
[0;1;30;90;45m:::[0;1;35;95;45mSSS[0;1;30;90;45m;X[0;1;35;95;45mSSSXXXXXXXX[0;1;30;90;45mSX[0;1;35;95;45mSSSSSS[0;1;30;90;45m::...;;.     [0m
[0;1;30;90;45m:[0;1;35;95;45mSSSS[0;1;30;90;45m8[0;1;30;90;47m::.[0;1;30;90;45m@[0;1;35;95;45mXXXXXXXX[0;37;45m8[0;1;30;90;47m .[0;35;47m@[0;1;30;90;45m%[0;1;35;95;45mSSSSS[0;1;30;90;45m:::[0;37;45m8[0;1;30;90;47m;t[0;1;30;90;45m8.   .[0m
[0;1;30;90;45m:[0;1;35;95;45mSSS[0;37;45m8[0;1;37;97;47m;;;t.[0;1;35;95;45mX@@@@@@[0;1;30;90;47m [0;1;37;97;47mtt;t[0;1;30;90;47m [0;1;35;95;45mXSSSSS[0;1;30;90;45m:[0;1;30;90;47m;[0;1;37;97;47m.   [0;1;30;90;47m%[0;1;30;90;45m   .[0m
[0;1;30;90;45m:[0;1;35;95;45mSSS[0;35;47m@[0;1;37;97;47m8[0;37;5;47;107m888[0;1;37;97;47m8[0;1;35;95;45mX@88888[0;1;37;97;47mt[0;37;5;47;107m888[0;1;37;97;47m8%[0;1;35;95;45mXXSSSSS[0;1;30;90;47m [0;1;37;97;47m@8@X[0;1;30;90;47m [0;1;30;90;45m.  .[0m
[0;1;30;90;45m:[0;1;35;95;45mSSX[0;1;30;90;47m [0;37;5;47;107m8[0;1;37;97;47m88[0;37;5;47;107m8@[0;37;45m@[0;1;35;95;45m888888[0;1;37;97;47m@[0;37;5;47;107m@888[0;1;37;97;47m8[0;1;35;95;45mXXXSSS[0;1;30;90;45m:[0;1;37;97;47mS8XX@;[0;1;30;90;45m.  .[0m
[0;1;30;90;45m:[0;1;35;95;45mSS[0;35;47m8[0;1;37;97;47mt%XX@@S[0;35;47m8[0;1;35;95;45m8888[0;1;37;97;47m%888@XS[0;1;30;90;47m [0;1;35;95;45mXXXS[0;1;30;90;45mt[0;1;30;90;47m [0;1;37;97;47m;;t;::[0;1;30;90;47m;[0;1;30;90;45m. .[0m
[0;1;30;90;45m:[0;1;35;95;45mS[0;1;30;90;45m%[0;1;30;90;47m [0;1;37;97;47m%@SS88@[0;35;47m@[0;1;35;95;45m8[0;35;47m8[0;1;35;95;47mS[0;35;47m8[0;1;37;97;47mX88@X8@%[0;37;45m@[0;1;35;95;45mXXS[0;1;30;90;45m8[0;1;30;90;47m [0;1;37;97;47mt%:.t[0;1;30;90;47m  [0;1;30;90;45mS .[0m
[0;1;30;90;45m:[0;1;35;95;45mSXXX@@88888[0;35;47m8[0;1;35;95;47mSSSS[0;1;35;95;45m88888@@XXXSSSSS[0;1;30;90;45m::.... .[0m
[0;1;30;90;45m:[0;1;35;95;45mSXXX@@88888[0;35;47m8X8[0;1;35;95;47mS[0;35;47m8[0;1;35;95;45m88888@@X[0;37;45mX8[0;1;30;90;45m8[0;1;35;95;45mSSSS[0;1;30;90;45m::.... .[0m
[0;1;30;90;45m:[0;1;35;95;45mSXXX@@@888[0;35;47m@[0;1;37;97;47mSSS[0;1;30;90;47m [0;37;45m@[0;1;35;95;45m88888@X[0;35;47m8[0;1;37;97;47m:.[0;1;30;90;47m [0;35;47m8[0;1;30;90;45m;[0;1;35;95;45mSS[0;1;30;90;45m:..... .[0m
[0;1;30;90;45m;[0;1;35;95;45mSSXXX@@@8[0;37;45mX[0;1;37;97;47mX@@@@[0;35;47m@[0;1;35;95;45m8888@@[0;37;45m@[0;1;37;97;47mttt;;[0;1;30;90;45m8[0;1;35;95;45mS[0;1;30;90;45m::..... .[0m
[0;1;30;90;45m:[0;1;35;95;45mSSSXXX@@@[0;37;45mX[0;37;5;47;107m@@@@@[0;35;47mX[0;1;35;95;45m88@@@X[0;37;45m8[0;1;37;97;47m88888[0;37;45mX[0;1;35;95;45mS[0;1;30;90;45m:.....  .[0m
 [0;1;35;95;45mSSSSXXXX@[0;35;47m8[0;1;37;97;47m88888[0;1;30;90;47m [0;1;35;95;45m@@@XXX[0;35;47m@[0;1;37;97;47mXXXSS[0;35;47m8[0;1;30;90;45m::.....  [0m 
 [0;1;30;90;45m:[0;1;35;95;45mSSSSSXX[0;35;47m8[0;1;37;97;47mS@@SX@X[0;1;30;90;47m [0;1;35;95;45mXXXX[0;35;47m8[0;1;37;97;47m%XStSSt[0;35;47m8[0;1;30;90;45m.....  .[0m 
  [0;1;30;90;45m:[0;1;35;95;45mSSSSSS[0;37;45mS[0;35;47m8XS[0;1;30;90;47m [0;35;47mSX8[0;37;45m8[0;1;35;95;45mSXSS[0;37;45mX[0;35;47m8@X[0;1;30;90;47m [0;35;47m@@8[0;1;30;90;45m8....   [0m  
  [0;35;5;40;100m8[0;1;30;90;45m:[0;1;35;95;45mSSSSSSSSSSSSSSSSSSSSSS[0;1;30;90;45m::......   .[0m  
   [0;1;30;90;45m:::[0;1;35;95;45mSSSSSSSSSSSS[0;1;30;90;45m%[0;1;30;90;47mtt[0;1;30;90;45m%[0;1;35;95;45mS[0;1;30;90;45m:::.......   .[0m   
    [0;1;30;90;45m:::::::[0;1;35;95;45mSSSSSS[0;37;45m8[0;1;37;97;47m:;;:[0;37;45m8[0;1;30;90;45m:.......    .[0m    
     [0;34;40m8[0;1;30;90;45m...::::::::[0;1;30;90;47m:[0;1;37;97;47m:tt:[0;1;30;90;47m:[0;1;30;90;45m......     [0;34;40m8[0m     
       [0;1;30;90;45m:.........[0;1;37;97;47m;@@@@;[0;1;30;90;45m....     .[0m       
        [0;34;40m8[0;1;30;90;45m.......8[0;1;37;97;47m;tttt;[0;1;30;90;45m8       [0;34;40m8[0m        
          [0;1;30;90;40m8[0;1;30;90;45m   .X[0;1;37;97;47m:tt..;;.[0;1;30;90;45mS    [0;34;40m8[0m          
             [0;1;30;90;45m.  .S8888S.   [0m             
               [0;1;30;90;45m..        [0m               
                  [0;34;40m8[0;1;30;90;45m   [0m                  
