[0;1;30;90;43m.[0;1;33;93;43m8888[0;33;5;43;103m88888888888888888888[0;1;33;93;43m888@@@@@@XXXXX[0;1;30;90;43m [0m
[0;1;33;93;43m%[0;33;5;43;103mt;;;;;;;;;;;;;;;;;;;;;;;;;tttttt%%%%SS[0;1;30;90;43m [0m
[0;1;33;93;43m%[0;33;5;43;103m;;;;%[0;1;30;90;43m8[0;33;5;43;103mX[0;33;5;40;100m [0;33;5;43;103m%;;[0;37;43m88[0;33;5;43;103m@[0;37;43mX[0;33;5;43;103m:;;;;;;;[0;1;33;93;43mX@[0;1;30;90;43m88[0;33;5;43;103m;t%[0;33;5;40;100m.[0;33;5;43;103m8[0;1;30;90;43m8[0;33;5;43;103mX%%SS[0;1;30;90;43m [0m
[0;1;33;93;43m%[0;33;5;43;103m;;;;;[0;1;30;90;43m8[0;33;5;43;103m;X[0;37;43m@[0;33;47m8[0;37;43m8@[0;33;5;43;103m;[0;37;43m@[0;33;5;43;103mX:::::;;;@[0;1;33;93;43mX[0;33;5;43;103m;[0;1;33;93;43mX[0;1;30;90;43m88[0;1;33;93;43mS8[0;33;5;43;103mt[0;1;30;90;43m8[0;33;5;43;103m%%%%S[0;1;33;93;43mt[0m
[0;1;33;93;43mS[0;33;5;43;103m;;;;;[0;37;43m@[0;33;47m8[0;33;5;43;103mS[0;1;30;90;47m:[0;1;30;90;44m8[0;35;5;40;100m;[0;33;47m8[0;37;5;43;103mX[0;1;30;90;47m8[0;37;5;43;103m%[0;33;5;43;103m.::::::;;[0;33;5;40;100m [0;33;5;43;103mX[0;37;43mX[0;37;5;40;100mX[0;1;34;94;44mX[0;35;5;40;100m [0;33;5;43;103m@[0;1;30;90;43m88[0;33;5;43;103mt%%%%[0;1;33;93;43mt[0m
[0;1;33;93;43mS[0;33;5;43;103m;;;;::%[0;37;5;40;100mS[0;1;37;97;47m [0;1;34;94;44m8[0;34;5;44;104m8[0;1;34;94;44m8[0;33;47m8[0;37;5;43;103mSSSSS%[0;33;5;43;103m::::;;[0;37;43mX[0;35;5;40;100m [0;37;5;40;100m;[0;1;34;94;44m@@[0;35;5;40;100mS[0;33;5;43;103m@ttt%%%[0;1;33;93;43mt[0m
[0;1;33;93;43mS[0;33;5;43;103m;;;;::[0;1;30;90;47mS[0;35;5;40;100mt[0;34;5;40;100mXSS[0;36;5;40;100m%[0;37;5;40;100m8[0;37;5;43;103m8XXXSS%[0;33;5;43;103m::::X[0;35;5;40;100m [0;1;30;90;44m@XSS8[0;33;5;40;100m;[0;33;5;43;103mttt%%%[0;1;33;93;43mt[0m
[0;1;33;93;43mS[0;33;5;43;103m;;;::[0;1;30;90;47m8[0;33;47m8[0;35;5;40;100m%[0;34;5;40;100mS[0;36;5;40;100m%t;[0;1;30;90;47m8S[0;37;5;43;103m8XXXSS%[0;33;5;43;103m::S[0;37;5;40;100mX[0;33;5;40;100m [0;1;30;90;44m@XSSX[0;1;30;90;43m8[0;33;5;40;100m.[0;33;5;43;103mtt%%%[0;1;33;93;43mt[0m
[0;1;33;93;43mS[0;33;5;43;103m;;;;[0;1;30;90;47mX[0;33;5;43;103mt[0;1;30;90;47m8[0;37;5;40;100mX[0;34;5;40;100mS[0;34;5;44;104m8[0;36;5;40;100m%;[0;1;30;90;47m@[0;37;5;43;103m8[0;1;33;93;47m@8[0;37;5;43;103mXXXS%[0;33;5;43;103m:@[0;37;43m8[0;33;5;43;103mt[0;33;5;40;100m [0;1;30;90;44mX[0;1;34;94;44mtX[0;1;30;90;44m%[0;35;5;40;100m%[0;33;5;40;100m [0;33;5;43;103mS[0;1;30;90;43m8[0;33;5;43;103m%%%%[0;1;33;93;43mt[0m
[0;1;33;93;43mS[0;33;5;43;103m;;;%%:[0;1;30;90;47m8[0;33;47m8[0;1;30;90;47m8[0;34;5;44;104mX[0;36;5;40;100m [0;37;5;40;100mt[0;1;33;93;47m@8[0;37;5;43;103m88XXSS%[0;33;5;43;103m:%%[0;1;33;93;43m8[0;37;43m8[0;37;5;40;100mS[0;1;34;94;44m8[0;34;5;44;104m8[0;1;34;94;44m@[0;1;30;90;43m8[0;33;5;40;100m [0;33;5;43;103mtXX%%%[0;1;33;93;43mt[0m
[0;1;33;93;43m%[0;33;5;43;103m;;;::[0;37;43m@[0;37;5;43;103mX%[0;1;30;90;47m8[0;34;5;44;104mX[0;37;5;40;100m:[0;1;33;93;47m8[0;37;5;43;103mX[0;33;47m@[0;37;5;43;103mXXXSSS[0;33;5;43;103m:::;[0;1;30;90;43m8[0;33;5;43;103m;[0;1;33;93;43m@[0;34;5;40;100mX[0;1;34;94;44m8[0;35;5;40;100m [0;33;5;43;103mt@[0;1;30;90;43m8[0;33;5;43;103mtt%%%[0;1;30;90;43m [0m
[0;1;30;90;43m:[0;33;5;43;103m;;;;;[0;33;47m8[0;33;5;43;103m::[0;37;5;43;103m%[0;33;47m8[0;37;5;43;103mXSS[0;1;33;93;47m8[0;37;5;43;103m8SSS%[0;33;5;43;103m::::[0;1;33;93;43m8[0;37;43mX[0;33;5;43;103m;;%[0;1;30;90;43m8[0;33;5;43;103m;;t[0;1;30;90;43m8[0;33;5;43;103m%t%%%[0;1;30;90;43m [0m
[0;1;30;90;43m:[0;33;5;43;103m;;;;;:::::[0;37;5;43;103m%%SSS%%[0;33;5;43;103m:::::;;;;;;;;tttt%%%%[0;1;30;90;43m.[0m
 [0;33;5;43;103m;;;;;;;:::::::[0;33;47m8[0;33;5;43;103mt[0;37;5;40;100m8[0;33;5;43;103m8::8[0;33;5;40;100m [0;33;5;43;103m%[0;37;43m@[0;33;5;43;103m;;;;;ttttt%%%S[0m 
 [0;1;30;90;43m.[0;33;5;43;103m;;;;;;;;;::::[0;37;43m8[0;33;5;43;103m;S[0;37;43mX@@X[0;33;5;43;103mX;[0;1;30;90;43m8[0;33;5;43;103m;;;;ttttt%%%%[0;1;30;90;43m [0m 
  [0;33;5;43;103mt;;;;;;;;;;;;X[0;37;5;40;100m8[0;33;5;43;103m;[0;37;43m8[0;35;5;40;100m [0;1;30;90;44m8[0;1;30;90;43m8[0;33;5;43;103mt[0;33;5;40;100m [0;33;5;43;103m8;;;ttttt%%%%S[0m  
  [0;1;30;90;43m.[0;33;5;43;103m;;;;;;;;;;;;;S[0;33;5;40;100m;[0;1;30;90;47m8[0;36;5;40;100m%[0;1;34;94;44m@@[0;33;5;40;100m;[0;33;5;43;103mX;;tttttt%%%%S[0;1;30;90;43m.[0m  
   [0;1;30;90;43m.[0;33;5;43;103mt;;;;;;;;;;;[0;37;43mS[0;35;5;40;100m%[0;1;30;90;44mSSS%[0;35;5;40;100mS[0;1;30;90;43m8[0;33;5;43;103mtttttt%%%%%S[0;1;30;90;43m [0m   
    [0;1;30;90;43m:[0;33;5;43;103mtttt;;;;;;[0;1;33;93;43mX[0;33;5;40;100m:[0;35;5;40;100m%[0;1;30;90;44m%%%%[0;35;5;40;100mS[0;33;5;40;100m:[0;1;33;93;43mS[0;33;5;43;103mttt%%%%%SS[0;1;30;90;43m.[0m    
     [0;1;30;90;43m.[0;33;5;43;103mSttttttt[0;1;30;90;43m8[0;1;33;93;43mX[0;1;30;90;43m8[0;35;5;40;100m.[0;1;30;90;44mt[0;1;34;94;44m;t[0;1;30;90;44mt[0;35;5;40;100m.[0;1;30;90;43m8[0;1;33;93;43mX[0;1;30;90;43m8[0;33;5;43;103m%%%%%%S@[0;31;43m8[0m     
       [0;1;30;90;43m.[0;33;5;43;103mtttttt[0;1;33;93;43mX[0;33;5;43;103m%[0;33;5;40;100m:[0;1;33;93;43m@[0;35;5;40;100m;[0;1;34;94;44m88%[0;1;33;93;43mX[0;33;5;40;100m:[0;33;5;43;103mS[0;1;33;93;43mX[0;33;5;43;103m%%%%SS[0;1;30;90;43m [0m       
        [0;31;43m8[0;1;33;93;43m@[0;33;5;43;103m%%%%%X[0;1;30;90;43m8[0;33;5;43;103m%[0;1;30;90;43m8[0;1;34;94;44m@8[0;33;5;40;100m:[0;33;5;43;103m%[0;1;30;90;43m8[0;33;5;43;103m@%%SSS[0;1;33;93;43mX[0;31;43m8[0m        
          [0;1;30;90;43m.[0;1;33;93;43m@[0;33;5;43;103m%%%[0;1;30;90;43m8[0;33;5;43;103m8%%[0;1;30;90;43m88[0;33;5;43;103m%%8[0;1;30;90;43m8[0;33;5;43;103mSSS[0;1;33;93;43mX[0;1;30;90;43m [0m          
             [0;1;30;90;43m [0;33;5;43;103mSSSSSSSSSSSS[0;1;30;90;43m [0m             
               [0;1;30;90;43m.[0;1;33;93;43mS[0;33;5;43;103mSSSSSS[0;1;33;93;43mS[0;1;30;90;43m [0m               
                  [0;1;30;90;43m    [0m                  
