[0;1;30;90;43m.[0;1;33;93;43m8888[0;33;5;43;103m88888888888888888888[0;1;33;93;43m888@@@@@@XXXXX[0;1;30;90;43m [0m
[0;1;33;93;43m%[0;33;5;43;103mt;;;;;;;;;;;;;;;;;;;;;;;;;tttttt%%%%SS[0;1;30;90;43m [0m
[0;1;33;93;43m%[0;33;5;43;103m;;;t[0;1;33;93;43m:t[0;33;5;43;103mt;;;;;:::;%t[0;1;31;91;43m88[0;33;5;43;103mt;;;;;;;ttttt%%%SS[0;1;30;90;43m [0m
[0;1;33;93;43m%[0;33;5;43;103m;;;;;[0;31;5;41;101m@@[0;33;5;41;101m@[0;1;31;91;43m8[0;33;5;41;101mX[0;1;31;91;43m8[0;33;5;43;103m::::[0;1;33;93;43mt[0;1;31;91;43m8[0;33;5;41;101mX[0;31;5;41;101m8@8[0;33;5;41;101m@[0;1;33;93;43m.[0;33;5;43;103m;;;;;;tttt%%%%S[0;1;33;93;43mt[0m
[0;1;33;93;43mS[0;33;5;43;103m;;;;;;[0;1;31;91;43m8[0;31;5;41;101m@@@@[0;1;31;91;43m8[0;33;5;43;103m:[0;1;31;91;43m8[0;31;5;41;101mXX@@@88[0;33;5;41;101m@[0;31;5;41;101m@[0;1;33;93;43m:[0;33;5;43;103m;;;;;;tttt%%%%[0;1;33;93;43mt[0m
[0;1;33;93;43mS[0;33;5;43;103m;;;;:::;;;:[0;37;5;43;103mSS[0;1;31;91;43m8[0;33;5;41;101mS[0;1;33;93;43m;[0;1;31;91;43m8[0;33;5;41;101mS[0;31;5;41;101mX@@[0;33;5;41;101m@[0;31;5;41;101m@[0;1;30;90;41m8[0;1;30;90;43mS%t[0;33;5;43;103m%;;ttttt%%%[0;1;33;93;43mt[0m
[0;1;33;93;43mS[0;33;5;43;103m;;;;:::[0;37;5;43;103m%SSXXXXXX[0;33;5;41;101mS[0;31;5;41;101mXX@@[0;33;5;41;101mX8[0;31;5;40;100m@X[0;33;5;40;100m8[0;30;5;40;100m@[0;1;30;90;43mt;[0;1;33;93;43m@[0;33;5;43;103m;tttt%%%[0;1;33;93;43mt[0m
[0;1;33;93;43mS[0;33;5;43;103m;;;:::;;[0;1;31;91;43m8[0;33;5;41;101mSS[0;33;5;43;103mt[0;37;5;43;103m@@[0;1;31;91;43m8[0;33;5;41;101mXX[0;31;5;41;101mXXX[0;33;5;41;101m@[0;1;30;90;41m8[0;31;5;40;100mX[0;30;5;40;100mX[0;1;30;90;40m8@[0;30;5;40;100m@[0;1;30;90;40m8[0;33;5;40;100m8[0;31;40m8[0;1;30;90;43m;[0;33;5;43;103m@ttt%%%[0;1;33;93;43mt[0m
[0;1;33;93;43mS[0;33;5;43;103m;;;:;[0;33;5;41;101mX[0;31;5;41;101mX[0;33;5;41;101mS[0;37;5;43;103mSX[0;37;43m@[0;35;5;41;101mX[0;1;31;91;43m8[0;33;5;41;101mS[0;35;5;41;101mXX[0;31;5;41;101mSX8[0;1;30;90;41m8[0;31;5;40;100m8[0;30;5;40;100m8[0;1;30;90;40m8@8S8[0;34;40m;[0;31;40m%[0;31;5;40;100mS[0;33;5;40;100m88[0;1;30;90;43m:[0;33;5;43;103m%t%%%[0;1;33;93;43mt[0m
[0;1;33;93;43mS[0;33;5;43;103m;;;:[0;1;33;93;43mt[0;1;31;91;43m8[0;33;5;43;103m;;[0;33;5;41;101mXXSS[0;1;31;91;43m8[0;33;5;41;101mS[0;35;5;41;101mXX[0;31;5;41;101mXXS8[0;33;41m8[0;1;33;93;43mSS[0;1;30;90;43mXX%[0;1;30;90;41m8[0;31;40m;[0;34;40m:[0;31;40mtS[0;33;5;40;100m8[0;31;40m%[0;31;43m@[0;33;5;43;103mt%%%[0;1;33;93;43mt[0m
[0;1;33;93;43m%[0;33;5;43;103m;;;::t[0;33;5;41;101mX[0;1;31;91;43m8[0;33;5;43;103m:[0;37;5;43;103mS[0;33;5;43;103m;[0;33;5;41;101mSSX[0;31;5;41;101mXXXXX[0;33;5;41;101mX[0;31;5;41;101m@[0;1;33;93;43m.[0;33;5;43;103m::;t[0;31;5;41;101m8[0;1;30;90;41mS[0;33;41m%[0;1;31;91;41m%[0;31;40m@;8S[0;1;33;93;43mX[0;33;5;43;103m%%%[0;1;30;90;43m [0m
[0;1;30;90;43m:[0;33;5;43;103m;;;;t[0;31;5;41;101m@X[0;33;5;43;103m:[0;37;5;43;103m%SSS[0;33;5;43;103m;;[0;31;5;41;101mXXXX@X[0;33;5;41;101m@[0;31;5;41;101m@[0;33;5;41;101m@[0;33;5;43;103mt;;[0;31;5;41;101m@888[0;33;41m8[0;31;40m.X@[0;33;5;40;100m8[0;33;5;43;103m%%%[0;1;30;90;43m [0m
[0;1;30;90;43m:[0;33;5;43;103m;;;;;[0;1;31;91;43m8[0;33;5;43;103mt:::[0;37;5;43;103m%%SS[0;33;5;43;103m;[0;33;5;41;101mX[0;31;5;41;101m@@@@8888[0;33;5;41;101m@[0;33;5;43;103mtt[0;31;5;41;101m88@8[0;31;43m8[0;1;30;90;43m:[0;31;40m88[0;1;33;93;43mX[0;33;5;43;103m%%[0;1;30;90;43m.[0m
 [0;33;5;43;103m;;;;;;;:::::::::[0;1;31;91;43m8[0;31;5;41;101m@88888888[0;33;5;41;101m@[0;31;5;41;101m888[0;1;31;91;43m8[0;33;5;43;103m%t[0;1;30;90;43m.[0;31;40m@[0;1;30;90;43m.[0;33;5;43;103m%S[0m 
 [0;1;30;90;43m.[0;33;5;43;103m;;;;;;;;;:::::::t[0;31;5;41;101m@8888888[0;1;31;91;43m8[0;31;5;41;101m88[0;33;5;43;103m%ttt%[0;31;40m%[0;1;33;93;43mt[0;33;5;43;103m%[0;1;30;90;43m [0m 
  [0;33;5;43;103mt;;;;;;;;;;;;;;;[0;1;31;91;43m8[0;31;5;41;101m8[0;33;5;41;101m@[0;31;5;41;101m88888[0;1;33;93;43mt[0;33;5;43;103m;ttttt%8[0;31;40mS[0;33;5;43;103mSS[0m  
  [0;1;30;90;43m.[0;33;5;43;103m;;;;;;;;;;;;;;;[0;33;5;41;101m@[0;31;5;41;101m8888888[0;33;5;43;103mtttttt%%[0;1;30;90;43m  [0;33;5;43;103mS[0;1;30;90;43m.[0m  
   [0;1;30;90;43m.[0;33;5;43;103mt;;;;;;;;;;;;;t[0;31;5;41;101m888[0;1;33;93;43mt[0;1;31;91;43m8[0;1;31;91;41m8[0;31;5;41;101m8[0;1;31;91;43m8[0;33;5;43;103mttt%%%%[0;1;33;93;43mX[0;33;5;43;103mS[0;1;30;90;43m [0m   
    [0;1;30;90;43m:[0;33;5;43;103mtttt;;;;;;;;t[0;1;31;91;43m8[0;31;5;41;101m8[0;1;31;91;43m8[0;1;33;93;43m:[0;33;5;43;103mtS[0;31;5;41;101m8[0;1;31;91;43m8[0;33;5;43;103m%t%%%%%SS[0;1;30;90;43m.[0m    
     [0;1;30;90;43m.[0;33;5;43;103mSttttttt%[0;1;31;91;43m8[0;31;5;41;101m88[0;1;33;93;43m:[0;33;5;43;103mttt[0;1;33;93;43m.[0;31;5;41;101m8[0;33;5;43;103mSt%%%%%%S@[0;31;43m8[0m     
       [0;1;30;90;43m.[0;33;5;43;103mtttttt[0;1;31;91;43m8[0;31;5;41;101m8[0;1;31;91;43m8[0;33;5;43;103m%tt%[0;33;5;41;101m8[0;1;31;91;41m8[0;1;31;91;43m8[0;33;5;43;103m%%%%%%SS[0;1;30;90;43m [0m       
        [0;31;43m8[0;1;33;93;43m@[0;33;5;43;103m%%%%%%%%%%[0;1;33;93;43mt[0;1;31;91;43m88[0;33;5;43;103m%%%%SSS[0;1;33;93;43mX[0;31;43m8[0m        
          [0;1;30;90;43m.[0;1;33;93;43m@[0;33;5;43;103m%%%%%%%%%%%%SSSS[0;1;33;93;43mX[0;1;30;90;43m [0m          
             [0;1;30;90;43m [0;33;5;43;103mSSSSSSSSSSSS[0;1;30;90;43m [0m             
               [0;1;30;90;43m.[0;1;33;93;43mS[0;33;5;43;103mSSSSSS[0;1;33;93;43mS[0;1;30;90;43m [0m               
                  [0;1;30;90;43m    [0m                  
