[0;33;41mS[0;31;5;41;101m88@@@@@@@@@@@@@@@@@@@@@@@88888888888[0;1;31;91;41m88[0;33;41m%[0m
[0;1;31;91;41mX[0;33;41mX[0;30;41m8[0;1;31;91;41m8[0;31;5;41;101m;;;;;:t[0;33;41m@[0;1;30;90;41m8[0;31;5;41;101m8[0;33;5;41;101m;;;;;[0;31;5;41;101m:;;;;;;8[0;30;41m8[0;33;41mS[0;31;5;41;101m%ttttt%[0;1;31;91;41mX[0;31;40m8[0;33;41m%[0;1;31;91;41mS[0m
[0;1;31;91;41m8[0;31;5;41;101m;[0;31;40m%:[0;30;41m8[0;33;41m@[0;31;5;41;101mX[0;33;5;41;101m;;;;t[0;1;30;90;40mXX[0;1;30;90;41m8[0;33;41m8[0;33;5;41;101mS;;;;;[0;31;5;41;101m:S[0;33;41mX[0;30;41m@[0;31;40m;;[0;31;5;41;101m%;;tt@[0;33;41mS[0;30;41m8[0;31;40m.:[0;31;5;41;101mS[0;1;31;91;41mX[0m
[0;1;31;91;41m8[0;31;5;41;101m;[0;1;31;91;41m8[0;1;30;90;41m@[0;31;40m;8[0;1;30;90;41m8[0;33;41m88[0;33;5;41;101mS::[0;31;43m8[0;31;5;40;100m8[0;1;30;90;40m8[0;31;5;40;100m8[0;1;30;90;41m8[0;33;41m88[0;33;5;41;101m%%[0;33;41m88[0;1;30;90;41m8[0;31;40m8;[0;30;41m8[0;1;31;91;41m@[0;31;5;41;101m;;X[0;33;41mXS[0;30;41mS[0;31;40mX.[0;30;41m8[0;1;31;91;41mX[0;31;5;41;101m%[0;1;31;91;41mX[0m
[0;1;31;91;41m8[0;31;5;41;101m;t[0;33;41m88[0;33;5;41;101m;;:::::;[0;1;30;90;43m88[0;33;5;41;101m..::::::;;[0;33;41m8@[0;31;5;41;101m%;;;;;tt[0;33;41mXS[0;31;5;41;101mS%[0;1;31;91;41mX[0m
[0;1;31;91;41m8[0;31;5;41;101m;:[0;33;5;41;101m;;:::::..........::::;;[0;31;5;41;101m:;;;;;;;ttt%%[0;1;31;91;41mX[0m
[0;1;31;91;41m@[0;31;5;41;101m8[0;1;31;91;41m8[0;33;5;41;101m;;:::..[0;30;5;40;100m@[0;31;5;40;100mXXSSSXX@[0;30;5;40;100m888[0;1;30;90;40m8@@X[0;31;40mS%%t[0;31;5;41;101m;;;;tt%[0;1;31;91;41m@8S[0m
[0;1;31;91;41m8[0;31;5;41;101m@[0;1;30;90;40mS[0;1;30;90;41m8[0;31;5;41;101m8[0;33;5;41;101m:::..[0;30;5;40;100m@XS[0;36;5;40;100mttt[0;30;5;40;100m%SX@8[0;36;5;40;100m  [0;1;30;90;40m@XSS[0;34;40m;;:[0;31;5;41;101m;;;;t[0;1;31;91;41m8[0;30;41m8[0;34;40m.[0;1;31;91;41m8X[0m
[0;1;31;91;41m8[0;31;5;41;101m:[0;1;30;90;41m8[0;1;30;90;40mSX[0;30;5;40;100m8[0;31;5;40;100m8[0;1;31;91;43m8[0;33;5;41;101m:.[0;30;5;40;100mXS[0;36;5;40;100mt;:[0;37;5;40;100mX[0;1;30;90;47m8[0;36;5;40;100m;[0;30;5;40;100mX@[0;36;5;40;100mt[0;37;5;40;100m8[0;1;30;90;40m88@XS[0;34;40m;;:[0;31;5;41;101m;t[0;1;31;91;41m8[0;1;30;90;41mX[0;31;40mS[0;34;40m..[0;30;41m8[0;31;5;41;101m%[0;1;31;91;41m@[0m
[0;1;31;91;41m8[0;31;5;41;101m:[0;33;5;41;101m;[0;33;41m8[0;31;5;40;100m8[0;33;41m8[0;33;5;41;101mX@[0;1;31;91;43m8[0;33;5;41;101mt[0;30;5;40;100mXS[0;36;5;40;100m%t:;;[0;1;30;90;47m:[0;36;5;40;100m.[0;30;5;40;100m@[0;37;5;40;100mS[0;36;5;40;100m [0;1;30;90;40m8@X@[0;30;5;40;100m@[0;1;30;90;40m8[0;34;40m;:[0;31;5;41;101mS[0;33;41mX[0;1;31;91;41m8[0;31;5;41;101m8[0;33;41mS[0;31;40m8[0;33;41mS[0;31;5;41;101m%%[0;1;31;91;41m@[0m
[0;1;31;91;41m8[0;31;5;41;101m;[0;33;5;41;101mt[0;33;41m8[0;33;5;41;101mS:::..[0;30;5;40;100m@XS[0;37;5;40;100mS@[0;1;30;90;47m@[0;36;5;40;100m [0;30;5;40;100mX[0;1;30;90;47m:[0;36;5;40;100m;[0;1;30;90;47m%[0;36;5;40;100m.[0;1;30;90;40m8[0;36;5;40;100m:  [0;30;5;40;100mXX[0;34;40m;[0;31;40m:[0;31;5;41;101m;;;;tX[0;1;31;91;41m@[0;31;5;41;101m%%[0;1;31;91;41mX[0m
[0;33;41mS[0;31;5;41;101m;:[0;33;5;41;101m;;::::.[0;31;5;40;100m8[0;30;5;40;100m8@@@X[0;36;5;40;100m [0;1;30;90;47mt[0;36;5;40;100m [0;37;5;40;100m8[0;1;30;90;47m%[0;36;5;40;100m [0;1;30;90;47m8[0;37;5;40;100m@[0;1;30;90;40mXS[0;34;40m;;:[0;31;40mS[0;31;5;41;101m;;;;tttt%[0;33;41m%[0m
[0;1;30;90;41mS[0;31;5;41;101m;8[0;1;30;90;41m8[0;33;41m@[0;33;5;41;101m;::::[0;1;30;90;41m8[0;1;30;90;40m8[0;30;5;40;100m888888[0;33;5;40;100m [0;1;30;90;47m;[0;1;37;97;47m.[0;1;30;90;47m@[0;1;30;90;40m8SS[0;34;40m;;::[0;1;30;90;41mX[0;31;5;41;101m;;;tt[0;33;41m%[0;30;41m@[0;1;31;91;41m@[0;31;5;41;101m%[0;33;41mt[0m
 [0;31;5;41;101m;;[0;1;30;90;41m8[0;34;40m;[0;31;40m8[0;33;41m@[0;31;5;41;101m8[0;33;5;41;101m;:%[0;1;30;90;40m8888888@[0;1;30;90;47m.t[0;30;5;40;100mS[0;1;30;90;40mS%[0;34;40m;;::[0;31;40m;[0;31;5;41;101mX;;8[0;33;41m%[0;31;40mX[0;34;40m.[0;30;41mS[0;31;5;41;101m%%[0m 
 [0;1;31;91;41mX[0;31;5;41;101m;S[0;1;30;90;41m8[0;31;40m%%[0;1;30;90;41m8X[0;33;41m8[0;33;5;41;101m8[0;33;41m8[0;1;30;90;40mXXXXXX[0;30;5;40;100m8[0;1;37;97;47m::[0;30;5;40;100mX[0;34;40m;;;::[0;31;40m:[0;33;41mS[0;31;5;41;101m8[0;33;41mX[0;1;30;90;41mX[0;30;41m@[0;31;40m;;[0;30;41m%[0;31;5;41;101m8%[0;1;31;91;41mS[0m 
  [0;31;5;41;101mt;[0;33;41m@[0;1;30;90;41mS[0;31;5;41;101m%;:[0;33;5;41;101m;;;[0;33;41m@[0;1;30;90;40mSS[0;30;5;40;100mS[0;36;5;40;100m.[0;37;5;40;100m8[0;1;37;97;47mX8[0;37;5;47;107mS[0;1;37;97;47m%[0;1;30;90;47m8[0;36;5;40;100m;[0;30;5;40;100m@[0;34;40m:[0;31;40m:[0;33;41mS[0;31;5;41;101m;;;ttS[0;1;30;90;41m%[0;33;41mX[0;31;5;41;101m%S[0m  
  [0;30;41m%[0;31;5;41;101m;;;;;;;;;;8[0;31;40m8[0;1;30;90;40mX[0;36;5;40;100m;;    [0;30;5;40;100mS[0;36;5;40;100m;[0;34;40m;[0;31;40m@[0;1;31;91;41m8[0;31;5;41;101m;;tt%tt%%%[0;30;41mt[0m  
   [0;33;41m%[0;31;5;41;101m;;;X[0;1;30;90;41m8[0;31;40mS[0;1;31;91;41m@[0;31;5;41;101m;;;t[0;33;41mS[0;31;40mt[0;34;40m::::::[0;31;40m;[0;33;41m%[0;31;5;41;101m%;tt[0;1;31;91;41m@[0;31;40m%[0;1;30;90;41mX[0;31;5;41;101m8%%%[0;33;41mt[0m   
    [0;33;41m%[0;31;5;41;101m;;;8[0;31;40m:[0;34;40m:[0;31;40mX[0;1;30;90;41mS[0;1;31;91;41m@[0;31;5;41;101m;;S[0;33;41m%[0;31;40m%[0;34;40m::[0;31;40mt[0;1;30;90;41mX[0;31;5;41;101mX;t[0;1;31;91;41m@[0;1;30;90;41mX[0;31;40mX[0;34;40m.[0;31;40m.[0;1;31;91;41m8[0;31;5;41;101m%%%[0;33;41mt[0m    
     [0;30;41m@[0;31;5;41;101mSt;8[0;30;41m@[0;31;40mX[0;33;41m%SX[0;1;31;91;41m@[0;31;5;41;101mt;t[0;33;41mSS[0;31;5;41;101m%t%[0;1;31;91;41mX[0;33;41mSS%[0;31;40mS[0;30;41m8[0;1;31;91;41m8[0;31;5;41;101m%%X[0;30;41m@[0m     
       [0;1;31;91;41mX[0;31;5;41;101mt8[0;33;41mX[0;31;5;41;101m@ttt@[0;33;41mXX[0;31;5;41;101mttttttttt%8[0;33;41mS[0;31;5;41;101m8%[0;1;31;91;41mX[0m       
        [0;30;41m@[0;31;5;41;101m8tttttt[0;33;41mS[0;34;40m.[0;30;41mX[0;1;31;91;41m8[0;31;5;41;101mttt%%%%%%%8[0;30;41m@[0m        
          [0;30;41mS[0;31;5;41;101m8%%%%X[0;31;40m@.[0;34;40m.[0;31;40mt[0;30;41mX[0;33;41mS[0;31;5;41;101m@%%%%8[0;30;41mS[0m          
             [0;1;31;91;41mS[0;31;5;41;101m%%%8[0;33;41m%[0;30;41mS[0;31;5;41;101m8S8[0;1;31;91;41m@[0;31;5;41;101mXS[0;1;31;91;41mS[0m             
               [0;33;41mt[0;1;31;91;41m8[0;31;5;41;101mX[0;1;31;91;41m@[0;31;5;41;101mSSSS[0;1;31;91;41m8[0;33;41mt[0m               
                  [0;30;41m%[0;33;41m%%[0;30;41m%[0m                  
