              [0;1;30;90;43m::[0;1;33;93;43mX[0;33;5;43;103m8@XX@8[0;1;33;93;43mX[0;1;30;90;43m.:[0m              
          [0;1;30;90;43m:[0;1;33;93;43m@[0;33;5;43;103mt:::::::;;;;;;;t[0;1;33;93;43m@[0;1;30;90;43m.[0m          
        [0;1;30;90;43m;[0;33;5;43;103m;:::::::::::::;;;;;;;t[0;1;33;93;43m%[0m        
      [0;1;33;93;43mS[0;33;5;43;103m::::::::::::::::::;;;;;;;;[0;1;33;93;43mS[0m      
    [0;1;30;90;43m:[0;33;5;43;103mt::::;:[0;37;5;43;103m;::::::[0;33;5;43;103m.:::::::;;;;;;;%[0;1;30;90;43m.[0m    
   [0;1;30;90;43m:[0;33;5;43;103m::8[0;1;30;90;43m@8[0;33;5;40;100m8[0;36;5;40;100mt[0;30;5;40;100m8S[0;33;5;43;103m8[0;37;5;43;103m....:::;[0;33;5;43;103m::::::;;;;;;tt[0;1;30;90;43m [0m   
  [0;1;30;90;43m:[0;33;5;43;103m:::[0;1;33;93;43m8[0;1;30;90;43m888[0;33;5;40;100m@[0;30;5;40;100m88[0;1;30;90;43m8[0;37;5;43;103mX[0;37;43m@[0;37;5;43;103m@:...::[0;33;5;43;103m:::::;;;;;;;tt[0;1;30;90;43m [0m  
 [0;1;30;90;43m:[0;33;5;43;103m;::::.[0;37;5;43;103m::.[0;33;5;40;100mS[0;30;5;40;100mX[0;33;5;40;100m;t[0;36;5;40;100m%[0;33;5;40;100mtt[0;1;30;90;43m88[0;37;43mXX[0;1;30;90;43m88[0;33;5;43;103m8::::;;;;;;ttt[0;1;30;90;43m.[0m 
 [0;33;5;43;103m@:::::[0;37;5;43;103m;:..[0;33;5;40;100m%[0;30;5;40;100mS[0;33;5;40;100m. [0;36;5;40;100m..:t[0;30;5;40;100mS@888[0;1;30;90;40m8[0;30;5;40;100m8[0;33;5;40;100m8[0;1;30;90;43mS[0;33;5;43;103m8;;;;;;ttt@[0m 
[0;1;30;90;43m.[0;33;5;43;103m;:::::[0;37;5;43;103m;:..@[0;33;5;40;100mS;[0;36;5;40;100m..:t[0;30;5;40;100mSXX@8[0;1;30;90;40m88@XS[0;32;40m;[0;1;30;90;43mS[0;33;5;43;103m%;;;;tttt[0;1;30;90;43m.[0m
[0;1;30;90;43m.[0;33;5;43;103m;;::::.[0;37;5;43;103m::...%[0;33;5;40;100mt[0;36;5;40;100mt%[0;30;5;40;100mSSX@8[0;1;30;90;40m888XSSS[0;34;40m;[0;1;30;90;40m8[0;33;5;43;103m@;;;tttt[0;1;30;90;43m [0m
[0;1;33;93;43m@[0;33;5;43;103m;;:::::[0;37;5;43;103m;::...[0;33;5;40;100mS[0;30;5;40;100mXXX@88[0;1;30;90;40m888@XS[0;34;40m;[0;1;30;90;40mSS[0;34;40m;[0;1;30;90;40m8[0;33;5;43;103mX;;tttt[0;1;33;93;43mX[0m
[0;1;33;93;43m@[0;33;5;43;103m;;;:::::.[0;37;5;43;103m:::.t[0;33;5;40;100mX[0;30;5;40;100m88888[0;1;30;90;40m8888@@S%[0;34;40m;:;[0;1;30;90;43mt[0;33;5;43;103m;tttt%[0;1;33;93;43mX[0m
[0;1;30;90;43m.[0;33;5;43;103m;;;;::::::.[0;37;5;43;103m:::;[0;1;30;90;43m8[0;30;5;40;100m88888[0;1;30;90;40m8@8X@[0;34;40m;[0;1;30;90;40mS[0;34;40m;[0;1;30;90;40mS[0;34;40m:[0;1;30;90;40mX[0;1;33;93;43m8[0;33;5;43;103mtttt%[0;1;30;90;43m [0m
 [0;33;5;43;103m;;;;;:::::::::::S[0;1;30;90;43m8[0;1;30;90;40m888@XXSS[0;34;40m:::::;[0;1;30;90;43m%[0;33;5;43;103mttt%%[0;1;30;90;43m.[0m
 [0;33;5;43;103m8;;;;;;:::::::::::8[0;1;30;90;40mXX[0;34;40m;[0;1;30;90;40mS[0;34;40m;;;;::...[0;1;30;90;43m;[0;33;5;43;103mtt%%8[0m 
  [0;33;5;43;103m;;;;;;;;;:::::::::[0;33;5;40;100m8[0;34;40m;;[0;1;30;90;40mSS[0;34;40m;;;;::..[0;1;33;93;43m8[0;33;5;43;103mt%%%[0;1;30;90;43m.[0m 
  [0;1;30;90;43m.[0;33;5;43;103m;;;;;;;;;;;;;8[0;1;33;93;43mXX[0;1;30;90;43mS[0;1;30;90;40m8[0;35;5;40;100m.[0;1;30;90;40mX[0;30;5;40;100mS[0;1;33;93;43mSX8S[0;1;30;90;43m;;t[0;32;40m:[0;34;40m.[0;1;30;90;40m8[0;33;5;43;103m%%%[0;1;30;90;43m.[0m  
   [0;1;30;90;43m.[0;33;5;43;103mt;;;;;;;;;[0;1;33;93;43mX[0;1;30;90;43mS[0;33;5;40;100mt[0;31;5;40;100m@[0;35;5;40;100m% .[0;1;30;90;47m8[0;1;30;90;43m%[0;1;33;93;43m8@[0;33;5;43;103m8Xtttt[0;1;33;93;43mX[0;1;30;90;43m;;[0;33;5;43;103mS%[0;1;30;90;43m.[0m   
    [0;1;30;90;43m.[0;33;5;43;103mSt;;;;;;;;;8[0;33;47m88[0;35;5;40;100m .[0;37;43m8[0;33;5;43;103mS;;tttttt%%%@[0;1;30;90;43m.[0m    
      [0;1;30;90;43m [0;33;5;43;103mtttt;;;;;;t[0;1;30;90;43m8[0;37;5;40;100m;;[0;33;5;40;100m [0;1;33;93;43m@[0;33;5;43;103mtttttt%%%%[0;1;30;90;43m [0m      
        [0;1;30;90;43m [0;33;5;43;103mStttttttt@[0;1;33;93;43m%%[0;33;5;43;103mXtttt%%%%S[0;1;30;90;43m [0m        
          [0;1;30;90;43m. [0;33;5;43;103mXttttttttt%%%%%X[0;1;30;90;43m .[0m          
               [0;1;30;90;43m. [0;1;33;93;43mS@88@S[0;1;30;90;43m .[0m               
