[0;34;40m......:::::::::::::::::...........      [0m
[0;34;40m..:::::;;;;;;[0;1;30;90;40m%%%%[0;34;40m;;;;;:::::.........    [0m
[0;34;40m.::::;;;[0;1;30;90;40m%SSSXX[0;30;5;40;100m8[0;36;5;40;100m .[0;1;30;90;40mXSSS[0;34;40m;;;:::::........   [0m
[0;34;40m.::;;;[0;1;30;90;40mSSXX@[0;30;5;40;100mX[0;37;5;40;100m%[0;1;30;90;47m.[0;1;37;97;47m8[0;1;30;90;47m%[0;1;37;97;47m@[0;1;30;90;47m [0;30;5;40;100m8[0;1;30;90;40mXXSS[0;34;40m;;;::::.......   [0m
[0;34;40m.:;;;[0;1;30;90;40mSXX@8[0;31;5;40;100mS[0;35;5;40;100m;;[0;1;37;97;47m [0;36;5;40;100m [0;30;5;40;100m@[0;36;5;40;100m [0;37;5;47;107m%[0;1;30;90;47m@[0;1;30;90;40m8@@XS%[0;34;40m;;::::.......  [0m
[0;34;40m:;;;[0;1;30;90;40mSX@[0;1;30;90;41m@[0;1;31;91;41m88@[0;30;5;40;100m@[0;36;5;40;100m [0;30;5;40;100m8@@[0;1;30;90;47m@[0;37;5;47;107m%[0;36;5;40;100m [0;1;30;90;40m88[0;30;5;40;100m@[0;36;5;40;100m.[0;37;5;40;100mS[0;1;30;90;47m8SS8[0;36;5;40;100m %[0;1;30;90;40mS[0;34;40m.......  [0m
[0;34;40m:;;[0;1;30;90;40mSX[0;1;30;90;41m@@[0;31;5;41;101m8@@[0;31;5;40;100m8[0;30;5;40;100m@XXS[0;1;30;90;47m%[0;37;5;47;107m%[0;1;30;90;47mX[0;30;5;40;100mS[0;37;5;40;100m@[0;1;30;90;47m [0;1;37;97;47mX8[0;37;5;47;107m8@@@SX88[0;1;30;90;47m [0;36;5;40;100m.[0;34;40m:..... [0m
[0;34;40m:;;[0;31;40m8[0;1;30;90;41mX[0;1;31;91;41m@8[0;1;30;90;41m88[0;31;5;40;100m8[0;30;5;40;100m@XS[0;36;5;40;100mt[0;1;30;90;47m.[0;37;5;47;107m;[0;1;30;90;47m@[0;37;5;40;100mX[0;1;37;97;47m@8[0;37;5;47;107mSSS@[0;36;5;40;100m [0;30;5;40;100mX[0;36;5;40;100m [0;1;30;90;47m8[0;1;30;90;40mX[0;30;5;40;100m8[0;1;30;90;47m%[0;37;5;47;107mS@[0;1;37;97;47m;[0;30;5;40;100m@[0;34;40m.... [0m
[0;34;40m:;[0;1;30;90;40m%SX@8[0;30;5;40;100m88@XS[0;36;5;40;100mt[0;37;5;40;100mS[0;37;5;47;107mt[0;1;37;97;47m.[0;36;5;40;100m; [0;37;5;40;100mX[0;1;37;97;47m:[0;37;5;47;107m%;[0;36;5;40;100m [0;1;30;90;40m8@[0;1;30;90;47mS[0;1;37;97;47mX;[0;37;5;40;100mX[0;36;5;40;100m.[0;34;40m;[0;37;5;40;100mX[0;1;30;90;47m:[0;1;37;97;47mX[0;37;5;47;107m8[0;36;5;40;100m [0;34;40m... [0m
[0;34;40m:;[0;1;30;90;40m%[0;30;5;40;100m8[0;1;30;90;40mX@88[0;30;5;40;100m8@XS[0;36;5;40;100m%[0;1;30;90;47mX[0;37;5;47;107m [0;1;30;90;47m;[0;36;5;40;100mt[0;30;5;40;100mSX[0;36;5;40;100m [0;37;5;47;107mS[0;1;37;97;47m8[0;36;5;40;100m [0;37;5;40;100mX[0;36;5;40;100m [0;1;37;97;47mS[0;37;5;47;107m8[0;1;37;97;47m8[0;37;5;47;107m8[0;1;37;97;47mtt[0;36;5;40;100m [0;34;40m;:[0;1;30;90;47m;[0;37;5;47;107m@[0;36;5;40;100mt[0;34;40m.. [0m
[0;34;40m:;[0;1;30;90;40mS[0;36;5;40;100m [0;1;30;90;40mX@88[0;30;5;40;100m88@XX[0;1;30;90;47m%[0;37;5;47;107m.;[0;1;30;90;47m;8.[0;1;37;97;47mS[0;37;5;47;107m%;%S%;%SS%[0;1;37;97;47mXt;[0;30;5;40;100m8[0;1;30;90;40m8[0;37;5;47;107mS[0;1;37;97;47m.[0;34;40m.. [0m
[0;34;40m.;[0;1;30;90;40m8[0;1;37;97;47mS[0;1;30;90;40mSX@88[0;30;5;40;100m888@[0;36;5;40;100m [0;37;5;47;107m@   ..:::tSS@tX[0;1;37;97;47mX[0;37;5;40;100m@[0;1;37;97;47m@%S[0;1;30;90;40m88[0;1;37;97;47m.[0;1;30;90;40m8[0;34;40m. [0m
[0;34;40m.:[0;30;5;40;100m8[0;37;5;47;107m@[0;36;5;40;100m:[0;1;30;90;40mSX@@88[0;31;5;40;100m8[0;35;5;40;100m%[0;30;5;40;100m8[0;37;5;40;100m8[0;37;5;47;107m%:.:::;X;;tttS8[0;1;30;90;47mS[0;30;5;40;100mX[0;37;5;47;107mS[0;1;37;97;47m@[0;1;30;90;47m@[0;34;40m.[0;37;5;40;100mS[0;1;30;90;40m8[0;34;40m  [0m
 [0;34;40m::[0;37;5;40;100m8[0;1;30;90;47m:[0;1;30;90;40mXSXX@[0;31;5;40;100mS[0;1;37;97;47m8[0;37;5;47;107m@[0;1;37;97;47m [0;30;5;40;100m@8[0;37;5;40;100mS[0;1;30;90;47mS;[0;37;5;47;107mSSS[0;1;37;97;47m8[0;37;5;47;107m;tttS[0;1;37;97;47m8[0;37;5;47;107mt[0;1;37;97;47m%[0;30;5;40;100mS[0;34;40m;[0;1;37;97;47m:t[0;34;40m;[0;37;5;40;100mX[0;34;40m. [0m 
 [0;34;40m.:[0;30;5;40;100mX[0;1;30;90;47m;[0;37;5;40;100m8[0;1;30;90;40mS%SS[0;31;5;40;100m8[0;36;5;40;100m  [0;1;30;90;47m:[0;37;5;47;107m@[0;1;30;90;47m%[0;36;5;40;100m ;[0;30;5;40;100mS[0;1;30;90;47mt[0;37;5;47;107m%%[0;1;30;90;40m8[0;1;37;97;47mS[0;37;5;47;107mttt[0;30;5;40;100mS[0;1;37;97;47m%[0;37;5;47;107m%%[0;36;5;40;100m [0;34;40m.[0;1;37;97;47m;@[0;1;30;90;40m@[0;36;5;40;100m [0;34;40m  [0m 
  [0;34;40m::[0;36;5;40;100m [0;1;37;97;47m:[0;37;5;40;100mX[0;34;40m;;;[0;1;30;90;40m%SSS[0;1;30;90;47mt[0;30;5;40;100mX[0;36;5;40;100m [0;1;30;90;47m@.[0;1;37;97;47m...[0;34;40m;[0;1;30;90;40m%[0;37;5;40;100mS[0;37;5;47;107m8t[0;37;5;40;100m8[0;36;5;40;100m:[0;37;5;47;107mSS[0;36;5;40;100m [0;30;5;40;100m8[0;1;37;97;47m@@[0;30;5;40;100mS[0;1;30;90;40m%[0;34;40m [0m  
  [0;34;40m.::[0;36;5;40;100m [0;1;30;90;47m.[0;36;5;40;100m [0;34;40m;[0;30;5;40;100m8[0;37;5;40;100mX[0;1;30;90;47m8[0;36;5;40;100m [0;1;30;90;40mS[0;31;40m%;[0;34;40m;[0;31;40mS[0;1;30;90;40m8[0;34;40m;:[0;31;40mS[0;34;40m:[0;1;30;90;40m8[0;1;30;90;47m8[0;37;5;47;107mS[0;1;37;97;47m.[0;31;5;40;100mS[0;30;5;40;100m8[0;37;5;47;107mS[0;1;37;97;47mt[0;30;5;40;100m8[0;34;40m.[0;1;30;90;47m:[0;36;5;40;100m [0;1;30;90;40mS[0;34;40m  [0m  
   [0;34;40m..:[0;36;5;40;100mt[0;1;37;97;47m.[0;37;5;40;100m8[0;1;30;90;47m%8[0;30;5;40;100m8[0;1;30;90;47mS8[0;34;40m::[0;31;40mt[0;35;5;40;100m;[0;1;37;97;47m8.[0;1;30;90;47mX@St[0;36;5;40;100m [0;1;30;90;40m8[0;34;40m..[0;1;30;90;47mt[0;1;37;97;47m8[0;36;5;40;100m :[0;1;37;97;47m:[0;1;30;90;47mS[0;34;40m.  [0m   
    [0;34;40m...[0;1;30;90;40mX[0;36;5;40;100m [0;1;30;90;47m:8[0;37;5;40;100m@[0;1;37;97;47mS[0;37;5;40;100mS[0;34;40m::[0;31;40m:[0;31;5;40;100m@[0;1;30;90;47m8[0;36;5;40;100m; [0;1;37;97;47m.[0;1;30;90;40m@[0;34;40m...[0;1;30;90;40m@[0;1;30;90;47m;[0;1;37;97;47mt[0;36;5;40;100m [0;34;40m.[0;1;37;97;47m [0;37;5;40;100m8[0;34;40m:  [0m    
     [0;34;40m ...;[0;36;5;40;100m [0;1;30;90;47m;[0;37;5;40;100m@[0;30;5;40;100m8[0;34;40m:..[0;31;40m:[0;34;40m...[0;31;40m%%[0;34;40m:[0;30;5;40;100mS[0;1;30;90;47m%[0;1;37;97;47m@[0;1;30;90;47mt[0;1;30;90;40m8[0;30;5;40;100m8[0;36;5;40;100m [0;30;5;40;100m8[0;34;40m   [0m     
       [0;34;40m....:[0;1;30;90;40m8[0;37;5;40;100m8[0;1;30;90;47m;@[0;37;5;40;100m8S[0;36;5;40;100m   [0;37;5;40;100m@[0;1;30;90;47mt[0;1;37;97;47mX[0;1;30;90;47m [0;37;5;40;100m8[0;36;5;40;100m.;;[0;1;30;90;40m@[0;34;40m   [0m       
        [0;34;40m .......[0;30;5;40;100m8@[0;36;5;40;100m  [0;37;5;40;100m%S[0;30;5;40;100m88[0;34;40m.[0;1;30;90;40m8@[0;34;40m     [0m        
          [0;34;40m ..........         [0m          
             [0;34;40m              [0m             
               [0;34;40m          [0m               
                  [0;34;40m    [0m                  
