[0;1;30;90;41m8[0;33;41m88888888[0;31;43m8[0;1;30;90;43mSXXX[0;33;5;40;100m88[0;1;30;90;43mXXS[0;31;43m8[0;33;41m888888888888888[0;1;30;90;41m8888[0;30;41m@[0m
[0;1;30;90;41m8[0;31;43m8888[0;1;30;90;43mXX@@@888888888@@@XXX[0;31;43m8888888888[0;33;41m8888[0;1;30;90;41m8[0m
[0;1;30;90;41m8[0;31;43m88[0;1;30;90;43mXX@@888888888888888@@XX[0;31;43m8888888888[0;33;41m888[0;1;30;90;41m8[0m
[0;1;30;90;41m8[0;31;43m8[0;1;30;90;43mXX@8888888888888888888@@XX[0;31;43m88888888[0;33;41m888[0;1;30;90;41m8[0m
[0;1;30;90;41m8[0;1;30;90;43mX@@888888888888888888888@@XX[0;31;43m88888888[0;33;41m88[0;1;30;90;41m8[0m
[0;1;30;90;41m8[0;1;30;90;43mX@88888888888888888888888@XXS[0;31;43m88888888[0;33;41m8[0;1;30;90;41m8[0m
[0;1;30;90;41m8[0;1;30;90;43m@88888888[0;37;5;43;103mSXXXXXXXS[0;33;5;43;103m::::::;;;;;[0;31;43m88888888[0;33;41m8[0;1;30;90;41m8[0m
[0;1;30;90;41m8[0;1;30;90;43m@88888888[0;37;5;43;103mXXXXXX@X[0;33;5;41;101mS[0;31;5;41;101mXX[0;1;31;91;43m8[0;33;5;43;103m;::;;;;;[0;31;43m88888888[0;33;41m8[0;1;30;90;41m8[0m
[0;1;30;90;41m8[0;1;30;90;43m@88888888[0;37;5;43;103mXXXXXX@[0;37;43m@X[0;33;5;41;101mX[0;31;5;41;101mX[0;33;5;41;101mX[0;1;33;93;43m:[0;33;5;43;103m::;;;;;[0;31;43m88888888[0;33;41m8[0;1;30;90;41m8[0m
[0;1;30;90;41m8[0;1;30;90;43m@88888888[0;37;5;43;103mXX@@8[0;33;47m8[0;37;5;43;103m@[0;37;43m@[0;33;5;41;101mX[0;31;5;41;101mXX[0;33;5;41;101mX[0;33;5;43;103m;::;;;;;[0;31;43m88888888[0;33;41m8[0;1;30;90;41m8[0m
[0;1;30;90;41m8[0;1;30;90;43m@88888888[0;37;5;43;103mSX[0;1;33;93;43mt[0;33;5;43;103mt[0;37;43m@[0;33;5;41;101mSS[0;31;5;41;101mXXX[0;33;5;41;101mX[0;33;5;43;103m;:;[0;1;31;91;43m8[0;33;5;41;101m@[0;1;31;91;43m88[0;33;5;43;103m;;[0;31;43m88888888[0;33;41m8[0;1;30;90;41m8[0m
[0;1;30;90;41m8[0;1;30;90;43m@@8888888[0;33;5;43;103mt[0;37;5;43;103mS[0;1;33;93;43m:.[0;37;5;43;103mXX[0;1;33;93;43m;[0;33;5;41;101mX[0;31;5;41;101mX@X[0;1;31;91;43m8[0;33;5;43;103m;t[0;31;5;41;101m@8[0;33;5;41;101m@[0;33;5;43;103m%;S[0;31;43m88888888[0;33;41m8[0;1;30;90;41m8[0m
[0;31;40m8[0;1;30;90;43mX@@888888[0;1;33;93;43m%[0;37;5;43;103m%[0;33;5;43;103m:[0;37;5;43;103mSSS%[0;33;5;43;103m:[0;1;31;91;43m8[0;31;5;41;101m@@88[0;1;31;91;43m8[0;31;5;41;101m@@[0;1;31;91;43m8[0;33;5;43;103m;;[0;1;33;93;43m;[0;31;43m8888888[0;33;41m88[0;31;40m8[0m
 [0;1;30;90;43mXX@@888888[0;33;5;43;103mt:::::::[0;1;31;91;43m8[0;31;5;41;101m888[0;1;31;91;43m8[0;1;33;93;43m.[0;33;5;43;103mt;;%[0;1;30;90;43mS[0;31;43m8888888[0;33;41m88[0m 
 [0;1;30;90;41m8[0;1;30;90;43mXX@@888888[0;33;5;43;103m;::::::[0;31;5;41;101m@8@8[0;33;5;43;103m%;;;t[0;1;30;90;43m%[0;31;43m8888888[0;33;41m88[0;1;30;90;41m8[0m 
  [0;31;43m88[0;1;30;90;43mXX@@@888@[0;33;5;43;103mt;;;;[0;1;33;93;43m%[0;1;31;91;43m8[0;1;33;93;43m.[0;33;5;43;103mt[0;33;5;41;101m@[0;33;5;43;103mt;;t[0;1;30;90;43m%[0;31;43m8888888[0;33;41m888[0m  
  [0;31;40m8[0;31;43m888[0;1;30;90;43mXXXX@@@@[0;33;5;43;103mX;t[0;1;31;91;43m8[0;1;33;93;43mt[0;33;5;43;103m;[0;1;33;93;43m;[0;33;5;41;101m@[0;33;5;43;103m;;;X[0;1;30;90;43m%[0;31;43m8888888[0;33;41m888[0;31;40m8[0m  
   [0;30;41m8[0;31;43m888888[0;1;30;90;43mXXXXX%[0;33;5;43;103m%;;;t;;%[0;1;30;90;43mt[0;31;43m88888888[0;33;41m888[0;30;41m8[0m   
    [0;30;41m8[0;31;43m888888888888[0;1;30;90;43mt[0;33;5;43;103mX;;X[0;1;30;90;43mt[0;31;43m88888888[0;33;41m8888[0;30;41m8[0m    
     [0;31;40mX[0;31;43m8888888888888[0;1;30;90;43m%%[0;31;43m88888888[0;33;41m88888[0;31;40mX[0m     
       [0;1;30;90;41m8[0;31;43m8888888888888888888[0;33;41m88888[0;1;30;90;41m8[0m       
        [0;31;40mX[0;33;41m8[0;31;43m88888888888888[0;33;41m8888888[0;31;40mX[0m        
          [0;31;40m@[0;33;41m88[0;31;43m8888[0;33;41m888888888888[0;31;40m@[0m          
             [0;1;30;90;41m8[0;33;41m888888888888[0;1;30;90;41m8[0m             
               [0;31;40m8[0;1;30;90;41m8[0;33;41m888888[0;1;30;90;41m8[0;31;40m8[0m               
                  [0;31;40m@[0;1;30;90;41m88[0;31;40m8[0m                  
