[0;1;30;90;43m.[0;33;5;43;103m@@@@@@@@@@@@@@[0;1;33;93;43mX[0;1;30;90;43mttt[0;33;5;40;100m88[0;1;30;90;43m;;:[0;1;33;93;43mS[0;33;5;43;103m@@@@88[0;1;33;93;43m8@@@@@XX[0;1;30;90;43m [0m
[0;1;33;93;43mX[0;33;5;43;103mt;;;;;S[0;1;33;93;43mX[0;1;30;90;43mt%S[0;33;5;40;100m8[0;30;5;40;100m@[0;1;30;90;40mXSSSSSSS[0;34;40m;;:[0;31;40m;[0;1;30;90;40m8[0;31;5;40;100mS[0;1;30;90;43m;;:[0;1;33;93;43m%[0;33;5;43;103m@%%%%SS[0;1;33;93;43m%[0m
[0;1;30;90;43m.;;t[0;33;5;40;100m8[0;1;30;90;40m8XSSXX@@@@@@[0;1;30;90;43m@S[0;1;33;93;43m@@[0;1;30;90;43m%S[0;1;30;90;40mS%[0;34;40m;;::::::[0;31;40m;X[0;31;5;40;100mS[0;1;30;90;43m:.  [0m
[0;31;40m:[0;34;40m;;[0;1;30;90;40m%S[0;30;5;40;100mX[0;1;30;90;43mXXX[0;33;5;40;100m8[0;1;30;90;40m88888[0;30;5;40;100m8[0;31;5;40;100mS[0;33;5;43;103m::::;;[0;31;5;40;100mX[0;1;30;90;40mXS[0;34;40m;;;[0;31;40m;[0;33;5;40;100m8[0;1;30;90;43mt;;[0;31;40m@[0;34;40m::..[0;31;40m.[0m
[0;31;40m:[0;34;40m;;[0;1;30;90;40mS8[0;33;5;43;103m;;:::[0;1;30;90;43m8[0;30;5;40;100m8888@[0;33;5;40;100m8[0;33;5;43;103m::::::[0;33;5;40;100m8[0;1;30;90;40m@S[0;34;40m;;;[0;1;30;90;43mt[0;33;5;43;103m;ttt%[0;31;40mS[0;34;40m:..[0;31;40m.[0m
[0;31;40m;[0;34;40m;[0;1;30;90;40m%X[0;30;5;40;100m@[0;33;5;43;103m:::::[0;1;30;90;43m8[0;30;5;40;100m@@@XX[0;33;5;40;100mX[0;37;5;43;103mSS%[0;33;5;43;103m:::[0;33;5;40;100m8[0;1;30;90;40m@XSS%[0;1;30;90;43mt[0;33;5;43;103m;tttt[0;31;40mX[0;34;40m:...[0m
[0;33;5;40;100m [0;1;30;90;47m88@%[0;1;37;97;47m8[0;1;30;90;47m888@[0;37;5;40;100mSS[0;1;30;90;47m;;;: :X@88X;X@88[0;35;5;40;100m.%[0;33;5;40;100m    [0;1;33;93;47mX[0;1;30;90;47m@[0;37;5;40;100m888[0;33;5;40;100m [0m
[0;1;37;97;47m;[0;37;5;47;107mtt;;8[0;34;5;44;104m@@XXX[0;1;37;97;47m [0;37;5;47;107m     [0;1;34;94;47m8[0;34;5;44;104mXXX@[0;36;5;44;104m@[0;37;5;47;107m:;;;t[0;1;30;90;47m8[0;34;5;44;104m888[0;1;34;94;44m88[0;1;37;97;47mS[0;37;5;47;107mSSXX[0;1;37;97;47m.[0m
[0;1;37;97;47m;[0;37;5;47;107mt;;;8[0;34;5;44;104m@@XXX[0;1;37;97;47m [0;37;5;47;107m     [0;1;30;90;47m8[0;34;5;44;104mXXX@[0;36;5;44;104m@[0;37;5;47;107m:;;;t[0;1;30;90;47m8[0;34;5;44;104m888[0;1;34;94;44m88[0;1;37;97;47mS[0;37;5;47;107mSSSX[0;1;37;97;47m.[0m
[0;1;37;97;47m;[0;37;5;47;107mtt;;8[0;34;5;44;104m@@XXX[0;1;37;97;47m [0;37;5;47;107m     [0;1;30;90;47m8[0;34;5;44;104mXXX@[0;36;5;44;104m@[0;37;5;47;107m:;;;t[0;1;30;90;47m8[0;34;5;44;104m888[0;1;34;94;44m88[0;1;37;97;47mS[0;37;5;47;107mSSXX[0;1;37;97;47m.[0m
[0;1;37;97;47m:[0;37;5;47;107mtt;;8[0;34;5;44;104m@@@XX[0;1;37;97;47m [0;37;5;47;107m     [0;1;34;94;47m8[0;34;5;44;104mXXX@[0;36;5;44;104m@[0;37;5;47;107m:;;;t[0;1;30;90;47m8[0;34;5;44;104m888[0;1;34;94;44m88[0;1;37;97;47mS[0;37;5;47;107mSSXX[0;1;37;97;47m [0m
[0;1;30;90;47m;[0;37;5;47;107mtt;;8[0;34;5;44;104m8@@@X[0;1;37;97;47m [0;37;5;47;107m     [0;37;5;44;104m8[0;34;5;44;104mX@@@@[0;37;5;47;107m;;;tt[0;1;30;90;47m8[0;34;5;44;104m88[0;1;34;94;44m888[0;1;37;97;47mS[0;37;5;47;107mSSXX[0;1;30;90;47mt[0m
[0;37;5;40;100mS[0;37;5;47;107mttt;8[0;34;5;44;104m888@@[0;1;37;97;47m [0;37;5;47;107m.....[0;36;5;44;104mX[0;34;5;44;104m@@@8@[0;37;5;47;107m;;ttt[0;1;30;90;47m8[0;34;5;44;104m88[0;1;34;94;44m888[0;1;37;97;47mS[0;37;5;47;107mSSXX[0;37;5;40;100mS[0m
 [0;37;5;47;107mtttt8[0;34;5;44;104m88888[0;1;30;90;47m@[0;37;5;47;107m:::::[0;36;5;44;104m@[0;34;5;44;104m8888@[0;37;5;47;107m;tttt[0;1;30;90;47m8[0;34;5;44;104m8[0;1;34;94;44m8888[0;1;37;97;47m%[0;37;5;47;107mSXX@[0m 
 [0;1;30;90;47m.[0;37;5;47;107mttt8[0;34;5;44;104m88888[0;1;30;90;47m8[0;37;5;47;107m;;;;;[0;36;5;44;104m@[0;34;5;44;104m88888[0;37;5;47;107mttttt[0;1;30;90;47m8[0;1;34;94;44m88888[0;1;37;97;47m%[0;37;5;47;107mXXX[0;1;30;90;47m.[0m 
  [0;37;5;47;107mStt8[0;34;5;44;104m88888[0;1;30;90;47m8[0;37;5;47;107m;;;;;[0;34;5;44;104m@88888[0;37;5;47;107mttttt[0;1;30;90;47m8[0;1;34;94;44m88888[0;1;37;97;47m%[0;37;5;47;107mXX8[0m  
  [0;36;5;40;100m [0;37;5;47;107mtt8[0;34;5;44;104m88888[0;1;30;90;47m8[0;37;5;47;107mttttt[0;34;5;44;104m888888[0;37;5;47;107mttt%%[0;1;30;90;47m8[0;1;34;94;44m88888[0;1;37;97;47mt[0;37;5;47;107mX@[0;36;5;40;100m [0m  
   [0;37;5;40;100m8[0;37;5;47;107m%[0;1;37;97;47m8[0;34;5;44;104m88888[0;1;30;90;47m8[0;37;5;47;107mttttt[0;34;5;44;104m888888[0;37;5;47;107mt%%%%[0;1;30;90;47m8[0;1;34;94;44m88888[0;1;37;97;47mt[0;37;5;47;107m@[0;37;5;40;100m8[0m   
    [0;37;5;40;100m8[0;1;37;97;47m@[0;1;34;94;44m888[0;34;5;44;104m88[0;1;30;90;47m8[0;37;5;47;107mttttt[0;34;5;44;104m888[0;1;34;94;44m88[0;34;5;44;104m8[0;37;5;47;107m%%%SS[0;1;30;90;47m8[0;1;34;94;44m88888[0;1;37;97;47m;[0;37;5;40;100m8[0m    
     [0;34;5;40;100mS[0;1;34;94;44m@8888[0;1;30;90;47m8[0;37;5;47;107m%%%%%[0;34;5;44;104m8[0;1;34;94;44m8888[0;34;5;44;104m8[0;37;5;47;107mSSSSS[0;1;30;90;47m8[0;1;34;94;44m888@X[0;34;5;40;100m@[0m     
       [0;1;34;94;44m:888[0;1;30;90;47m8[0;37;5;47;107m%%%%%[0;34;5;44;104m8[0;1;34;94;44m8888[0;34;5;44;104m8[0;37;5;47;107mSSXXX[0;1;30;90;47m8[0;1;34;94;44m8@@.[0m       
        [0;34;40m8[0;1;34;94;44mS8[0;1;30;90;47m8[0;37;5;47;107mSSSSS[0;34;5;44;104m8[0;1;34;94;44m88888[0;37;5;47;107mXXXX@[0;1;30;90;47m8[0;1;34;94;44m@%[0;30;44m8[0m        
          [0;30;44m8[0;1;30;90;47m8[0;37;5;47;107mXXXXX[0;1;34;94;44m888888[0;37;5;47;107mX@@@@[0;1;30;90;47m8[0;30;44m8[0m          
             [0;1;30;90;47m.[0;37;5;47;107m@@@[0;1;34;94;44m88@@@8[0;37;5;47;107m@@8[0;1;30;90;47m.[0m             
               [0;37;5;40;100mS[0;1;37;97;47m;[0;1;34;94;44m8@@@@8[0;1;37;97;47mt[0;37;5;40;100mS[0m               
                  [0;30;44m@. @[0m                  
