[0;31;5;40;100m8[0;33;5;40;100m888888888888888[0;31;5;40;100m@[0;33;5;40;100m88888[0;31;5;40;100mX[0;33;5;40;100m8[0;1;30;90;41m8[0;33;5;40;100m8888888888888[0;1;30;90;41m8[0;31;5;40;100mX[0m
[0;31;5;40;100mS[0;1;30;90;43m8888888[0;33;5;40;100m8[0;1;30;90;43m888888[0;33;5;40;100m88[0;1;30;90;43m88[0;33;5;40;100m88888[0;31;5;40;100m@[0;1;30;90;43m888888888888[0;33;5;40;100m8[0;31;5;40;100m8@[0m
[0;31;5;40;100m@[0;1;30;90;43m88888[0;33;5;40;100m8[0;1;30;90;43m8[0;33;5;40;100m8[0;1;30;90;43m888888[0;33;5;40;100m88[0;1;30;90;43m88[0;33;5;40;100m8@888[0;31;5;40;100mX[0;1;30;90;43m88[0;33;5;40;100m@[0;1;30;90;43m8888888[0;33;5;40;100m8888[0;31;5;40;100mS[0m
[0;1;30;90;41m8[0;1;30;90;43m8[0;33;5;40;100m8[0;1;30;90;43m8[0;33;5;40;100m8[0;1;30;90;43m8[0;33;5;40;100m8[0;1;30;90;43m8[0;33;5;40;100m8[0;1;30;90;43m88[0;33;5;40;100m@[0;1;30;90;43m888[0;33;5;40;100m88[0;1;30;90;43m8[0;33;5;40;100m88[0;1;30;90;43m88[0;33;5;40;100m88[0;31;5;40;100m@[0;1;30;90;43m88888888888[0;33;5;40;100m88[0;31;5;40;100m@@[0m
[0;31;5;40;100m8[0;1;30;90;43m8[0;33;5;40;100m8[0;1;30;90;43m88888[0;33;5;40;100m8[0;1;30;90;43m88[0;33;5;40;100m8[0;1;30;90;43m888[0;33;5;40;100m88[0;1;30;90;43m8[0;33;5;40;100m@8@[0;1;30;90;43m8[0;31;5;40;100m88@[0;33;5;40;100m8[0;1;30;90;43m88[0;33;5;40;100m8[0;1;30;90;43m8888888[0;33;5;40;100m8[0;31;5;40;100mX[0;33;5;40;100m8[0;1;30;90;41m8[0m
[0;31;5;40;100m8[0;33;5;40;100m88[0;1;30;90;43m88888[0;33;5;40;100m8[0;1;30;90;43m88[0;33;5;40;100m8[0;1;30;90;43m88[0;33;5;40;100m8888@88[0;1;30;90;43m8[0;31;5;40;100m8[0;33;5;40;100m8[0;31;5;40;100m@[0;1;30;90;43m88[0;33;5;40;100m8[0;1;30;90;43m888888888[0;31;5;40;100m@[0;33;5;40;100m8[0;1;30;90;41m8[0m
[0;1;30;90;41m8[0;33;5;40;100m88[0;1;30;90;43m88[0;33;5;40;100m8[0;1;30;90;43m88888[0;33;5;40;100m8[0;1;30;90;43m888[0;33;5;40;100m888888[0;1;30;90;43m8[0;31;5;40;100m@8X[0;1;30;90;43m88[0;33;5;40;100m8@[0;1;30;90;43m88888[0;33;5;40;100m888[0;31;5;40;100m@@[0;1;30;90;41m8[0m
[0;31;5;40;100m8[0;1;30;90;43m8[0;33;5;40;100m8888[0;1;30;90;43m88[0;33;5;40;100m8[0;1;30;90;43m88[0;33;5;40;100m8[0;1;30;90;43m888[0;33;5;40;100m888[0;1;30;90;43m8[0;33;5;40;100m88[0;1;30;90;43m8[0;31;5;40;100mX[0;33;5;40;100m8[0;31;5;40;100m@[0;33;5;40;100m888[0;1;30;90;43m888888[0;33;5;40;100m8[0;1;30;90;43m8[0;33;5;40;100m8[0;31;5;40;100m@88[0m
[0;31;5;40;100mX[0;33;5;40;100m8888[0;1;30;90;43m888[0;33;5;40;100m8[0;1;30;90;43m88[0;33;5;40;100m8@[0;1;30;90;43m88[0;33;5;40;100m8888888[0;31;5;40;100mX8X[0;33;5;40;100m888[0;1;30;90;43m88888888[0;33;5;40;100m8[0;31;5;40;100m8XS[0m
[0;33;5;40;100m888[0;1;30;90;43m88888[0;33;5;40;100m8[0;1;30;90;43m88[0;33;5;40;100m@[0;1;30;90;43m888[0;33;5;40;100m888888888[0;31;5;40;100m@[0;1;30;90;43m8[0;33;5;40;100m88[0;1;30;90;43m888888[0;33;5;40;100m8[0;1;30;90;43m8[0;33;5;40;100m88[0;31;5;40;100m8X[0m
[0;33;5;40;100m888[0;1;30;90;43m8[0;33;5;40;100m888[0;1;30;90;43m8[0;33;5;40;100m8[0;1;30;90;43m88[0;33;5;40;100m8[0;1;30;90;43m888[0;33;5;40;100m@88888888[0;31;5;40;100m@[0;33;5;40;100m888[0;1;30;90;43m88888888[0;33;5;40;100m88[0;31;5;40;100m@[0;33;5;40;100m8[0m
[0;31;5;40;100m@[0;1;30;90;43m8[0;33;5;40;100m8888888[0;1;30;90;43m88[0;33;5;40;100m8[0;1;30;90;43m888[0;33;5;40;100m8888888[0;31;5;40;100m8[0;33;5;40;100m8[0;31;5;40;100m@[0;33;5;40;100m888[0;1;30;90;43m88888888[0;33;5;40;100m8[0;31;5;40;100m@[0;33;5;40;100m88[0m
[0;1;30;90;40m8[0;33;5;40;100m888[0;1;30;90;43m88[0;33;5;40;100m8[0;1;30;90;43m8[0;33;5;40;100m8[0;1;30;90;43m88[0;33;5;40;100m8[0;1;30;90;43m8[0;33;5;40;100m8[0;1;30;90;43m88[0;31;5;40;100m8[0;33;5;40;100m888[0;1;30;90;43m8[0;33;5;40;100m8[0;31;5;40;100m8[0;33;5;40;100m8[0;31;5;40;100m@[0;33;5;40;100m88[0;31;5;40;100m8[0;1;30;90;43m88888888[0;33;5;40;100m8[0;31;5;40;100m@[0;33;5;40;100m8[0;31;5;40;100m8[0m
 [0;33;5;40;100m88[0;1;30;90;43m88888[0;31;5;40;100m8[0;33;5;40;100m8@8888[0;1;30;90;43m8[0;33;5;40;100m88[0;31;5;40;100m@[0;1;30;90;43m8[0;33;5;40;100m8888[0;31;5;40;100mX[0;33;5;40;100m88[0;31;5;40;100m8[0;1;30;90;43m88888888[0;33;5;40;100m88[0;31;5;40;100m8[0m 
 [0;31;5;40;100mX[0;33;5;40;100m88[0;1;30;90;43m88[0;33;5;40;100m8888[0;1;30;90;43m8[0;31;5;40;100m@[0;33;5;40;100m888888[0;31;5;40;100m8[0;33;5;40;100m88888[0;31;5;40;100m8[0;33;5;40;100m8[0;31;5;40;100m8[0;33;5;40;100m8[0;1;30;90;43m8888888[0;33;5;40;100m888[0;31;5;40;100m@[0m 
  [0;33;5;40;100m8[0;1;30;90;43m8[0;33;5;40;100m8[0;31;5;40;100m8[0;33;5;40;100m8[0;1;30;90;43m88[0;33;5;40;100m88[0;31;5;40;100m8[0;33;5;40;100m@[0;1;30;90;43m8[0;33;5;40;100m88888@8888[0;31;5;40;100m@[0;33;5;40;100m8[0;31;5;40;100m8[0;33;5;40;100m8@[0;1;30;90;43m888888[0;33;5;40;100m888[0m  
  [0;31;40m@[0;33;5;40;100m8888[0;1;30;90;43m8[0;33;5;40;100m8[0;1;30;90;43m888888[0;33;5;40;100m8888@88[0;31;5;40;100m8[0;33;5;40;100m8[0;31;5;40;100m8[0;33;5;40;100m88[0;31;5;40;100m8[0;33;5;40;100m8[0;1;30;90;43m888888[0;33;5;40;100m8[0;1;30;90;43m8[0;31;40m8[0m  
   [0;31;5;40;100m8[0;33;5;40;100m88[0;31;5;40;100m88[0;33;5;40;100m8[0;1;30;90;43m8[0;33;5;40;100m88[0;1;30;90;43m8[0;33;5;40;100m8888[0;31;5;40;100m@[0;33;5;40;100m888888[0;31;5;40;100m@X@8[0;33;5;40;100m8[0;1;30;90;43m888888[0;33;5;40;100m8[0;31;5;40;100m8[0m   
    [0;31;5;40;100m8[0;33;5;40;100m8[0;31;5;40;100m@[0;33;5;40;100m8[0;1;30;90;43m88[0;33;5;40;100m8[0;1;30;90;43m88[0;33;5;40;100m8888[0;31;5;40;100mX[0;1;30;90;43m88[0;33;5;40;100m88888[0;31;5;40;100m8X[0;33;5;40;100m88[0;1;30;90;43m888888[0;31;5;40;100m@[0m    
     [0;31;40mX[0;31;5;40;100mX[0;1;30;90;43m888[0;33;5;40;100m8[0;1;30;90;43m888[0;33;5;40;100m8888[0;1;30;90;43m88[0;33;5;40;100m888888[0;31;5;40;100m8[0;33;5;40;100m888[0;1;30;90;43m8888[0;31;40m8[0m     
       [0;33;5;40;100m8[0;1;30;90;43m88[0;33;5;40;100m8[0;1;30;90;43m888[0;33;5;40;100m88[0;31;5;40;100m@[0;33;5;40;100m8[0;1;30;90;43m88[0;33;5;40;100m8888[0;31;5;40;100m8[0;33;5;40;100m8888[0;1;30;90;43m888[0;33;5;40;100m8[0m       
        [0;31;40m@[0;33;5;40;100m888[0;1;30;90;43m88[0;33;5;40;100m888[0;1;30;90;43m88[0;33;5;40;100m888888888[0;1;30;90;43m8[0;33;5;40;100m88[0;31;40m8[0m        
          [0;31;40m8[0;33;5;40;100m8[0;1;30;90;43m8[0;33;5;40;100m88888888888[0;31;5;40;100mX[0;33;5;40;100m8888[0;31;40m8[0m          
             [0;31;5;40;100m8[0;33;5;40;100m8[0;31;5;40;100m@[0;33;5;40;100m8[0;1;30;90;43m88[0;33;5;40;100m88888[0;31;5;40;100m@[0;33;5;40;100m8[0;1;30;90;41m8[0m             
               [0;31;40m8[0;1;30;90;41m8[0;33;5;40;100m@[0;1;30;90;43m8[0;31;5;40;100mX[0;33;5;40;100m888[0;31;5;40;100m@[0;31;40m@[0m               
                  [0;1;30;90;40m8[0;31;5;40;100m8X[0;31;40m@[0m                  
