[0;1;30;90;47mt[0;1;37;97;47m@@@888888888888888888888@@@@@XXXSSS%%%[0;1;30;90;47mS[0m
[0;1;37;97;47m:[0;37;5;47;107m%t%%%%ttttttttttttttt%%%%%%%SSSXXX@@@@[0;1;37;97;47m [0m
[0;1;37;97;47m;[0;37;5;47;107mtt[0;1;30;90;47m8[0;33;5;40;100mt[0;1;30;90;47m88@@@@XXXXXXX@@@@888888888888[0;37;5;40;100m8[0;33;5;40;100mS.[0;37;5;47;107m@@[0;1;37;97;47m [0m
[0;1;37;97;47m;[0;37;5;47;107mtt[0;1;30;90;47m8.[0;1;37;97;47m%[0;1;30;90;47m8@XXXSSSSSSSSXXX@@888888888[0;33;5;40;100m [0;1;37;97;47m:[0;1;30;90;47m;[0;33;5;40;100m [0;37;5;47;107mX@[0;1;37;97;47m [0m
[0;1;37;97;47m;[0;37;5;47;107mtt[0;1;30;90;47m@.[0;1;37;97;47m.[0;1;30;90;47m8[0;37;5;47;107m;;::::....::::;;;;tttttt%%[0;1;30;90;47m8;;[0;33;5;40;100m [0;37;5;47;107mXX[0;1;37;97;47m.[0m
[0;1;37;97;47m;[0;37;5;47;107mtt[0;1;30;90;47m@[0;1;37;97;47m .[0;1;30;90;47m@[0;37;5;47;107m:::...    ..8;:;;;;ttttt%%[0;1;30;90;47m8;;[0;33;5;40;100m [0;37;5;47;107mXX[0;1;37;97;47m.[0m
[0;1;37;97;47m;[0;37;5;47;107mtt[0;1;30;90;47m@[0;1;37;97;47m :[0;1;30;90;47mX[0;37;5;47;107m:..     [0;1;37;97;47m@[0;37;5;47;107m   [0;1;30;90;47mX[0;1;37;97;47mt[0;37;5;47;107m::;[0;1;37;97;47m;[0;37;5;47;107m;tttttt%[0;1;30;90;47m8;:[0;33;5;40;100m [0;37;5;47;107mXX[0;1;37;97;47m.[0m
[0;1;37;97;47m;[0;37;5;47;107mtt[0;1;30;90;47mX[0;1;37;97;47m :[0;1;30;90;47mX[0;37;5;47;107m:.     t[0;1;30;90;47m8[0;37;5;47;107m; :[0;1;30;90;47m:[0;1;37;97;47m:[0;37;5;47;107m::%[0;1;30;90;43m8[0;37;5;47;107mS;ttttt%[0;1;30;90;47m8;:[0;33;5;40;100m [0;37;5;47;107mXX[0;1;37;97;47m.[0m
[0;1;37;97;47m;[0;37;5;47;107mt;[0;1;30;90;47mX[0;1;37;97;47m.:[0;1;30;90;47mX[0;37;5;47;107m..  :% t[0;1;30;90;47m.[0;1;37;97;47mS[0;37;5;47;107m [0;1;37;97;47m:[0;1;30;90;43m88[0;1;37;97;47mX[0;37;5;47;107m;[0;1;30;90;47m;X[0;37;5;47;107mS;%[0;1;30;90;47m:[0;37;5;47;107mttt%[0;1;30;90;47m8;:[0;33;5;40;100m [0;37;5;47;107mSX[0;1;37;97;47m.[0m
[0;1;37;97;47m;[0;37;5;47;107mtt[0;1;30;90;47mX[0;1;37;97;47m :[0;1;30;90;47mX[0;37;5;47;107m..  [0;1;37;97;47m@;[0;37;5;47;107m [0;1;37;97;47mt[0;33;5;40;100m::[0;37;5;47;107mX[0;1;37;97;47m%[0;1;30;90;43m88[0;1;37;97;47m8 [0;1;30;90;43m88[0;1;37;97;47mX[0;37;5;47;107m;[0;1;37;97;47m%[0;1;30;90;47m.[0;37;5;47;107mttt%[0;1;30;90;47m8;:[0;33;5;40;100m [0;37;5;47;107mXX[0;1;37;97;47m.[0m
[0;1;37;97;47m:[0;37;5;47;107mtt[0;1;30;90;47mX[0;1;37;97;47m :[0;1;30;90;47m@[0;37;5;47;107m:.. @[0;1;30;90;47m.[0;37;5;47;107m%X[0;33;5;40;100m.:[0;37;5;47;107m%:[0;1;37;97;47m@[0;37;5;47;107m8:[0;1;37;97;47m.[0;1;30;90;43m8[0;33;5;40;100m.[0;37;5;47;107mX[0;1;30;90;47m8[0;1;30;90;43m8[0;1;37;97;47mt[0;37;5;47;107mttt%[0;1;30;90;47m8:;[0;37;5;40;100m8[0;37;5;47;107mXX[0;1;37;97;47m [0m
[0;1;30;90;47m;[0;37;5;47;107mtt[0;1;30;90;47mtt[0;1;37;97;47mS[0;33;5;40;100m.[0;37;5;47;107m::..[0;1;37;97;47m [0;1;30;90;43m88[0;37;5;47;107m%:[0;1;37;97;47m8[0;1;30;90;47m8[0;1;30;90;43m8888[0;1;37;97;47m.[0;37;5;47;107m@t[0;1;30;90;47m;[0;1;30;90;43m8@[0;1;37;97;47m.[0;37;5;47;107mttt%[0;33;5;40;100mt[0;1;37;97;47m:[0;1;30;90;47mX8[0;37;5;47;107mXX[0;1;30;90;47mt[0m
[0;37;5;40;100mS[0;37;5;47;107mtt[0;1;37;97;47m%[0;33;5;40;100m:[0;37;5;47;107mS[0;1;30;90;43m8[0;37;5;47;107mS:::[0;1;37;97;47m@[0;1;30;90;43m88[0;37;5;47;107m8%[0;33;5;40;100mt[0;1;30;90;43m888888[0;1;30;90;47m:[0;37;5;47;107mt[0;1;37;97;47mt[0;33;5;40;100mS[0;1;30;90;47m%[0;37;5;47;107m%tt%@[0;1;30;90;43m@[0;37;5;47;107m8[0;33;5;40;100m%[0;1;37;97;47m [0;37;5;47;107mXX[0;37;5;40;100mS[0m
 [0;37;5;47;107mtt%[0;1;30;90;43m8[0;1;37;97;47m8[0;1;30;90;47mX:[0;37;5;47;107m;;::@[0;1;37;97;47m8%[0;33;5;40;100m;[0;1;30;90;43m888888888[0;37;5;40;100m8[0;1;37;97;47m [0;37;5;47;107m%tt%%[0;1;30;90;47mt[0;37;5;40;100m8[0;1;37;97;47m@[0;1;30;90;43m@[0;37;5;47;107m8X@[0m 
 [0;1;30;90;47m.[0;37;5;47;107mtt[0;1;30;90;47m.[0;37;5;40;100m8[0;37;5;47;107m8[0;1;30;90;43m8[0;37;5;47;107m8;;;[0;1;37;97;47m%[0;1;30;90;43m8888888888@@XX[0;1;30;90;47mX[0;37;5;47;107mt%%[0;1;37;97;47m8[0;1;30;90;43m8[0;1;37;97;47m8[0;33;5;40;100m.[0;1;30;90;47m%[0;37;5;47;107mXX[0;1;30;90;47m.[0m 
  [0;37;5;47;107mSt%[0;33;5;40;100m;[0;1;37;97;47m t[0;33;5;40;100m%[0;37;5;47;107mX;;[0;1;37;97;47m.[0;1;30;90;43m88888[0;33;5;40;100m%[0;1;30;90;47m8[0;33;5;40;100m [0;1;30;90;43m8@XX[0;31;43m8[0;1;30;90;43mX[0;1;37;97;47m.[0;37;5;47;107m%%@[0;33;5;40;100mS[0;1;37;97;47m [0;1;30;90;47m.[0;33;5;40;100mS[0;37;5;47;107m@X8[0m  
  [0;36;5;40;100m [0;37;5;47;107mtt@[0;33;5;40;100mS[0;1;37;97;47m;:[0;33;5;40;100mt[0;37;5;47;107m@tt8[0;1;37;97;47m;:S[0;37;5;47;107mXtttt[0;1;37;97;47m8[0;1;30;90;47m.t[0;1;37;97;47m [0;37;5;47;107m8%%8[0;33;5;40;100mS[0;1;30;90;47m:[0;1;37;97;47m:[0;33;5;40;100m8[0;1;37;97;47m8[0;37;5;47;107mX@[0;36;5;40;100m [0m  
   [0;37;5;40;100m8[0;37;5;47;107m%t8[0;33;5;40;100m%[0;1;30;90;47m.[0;1;37;97;47m%[0;1;30;90;43m8[0;1;37;97;47m%[0;37;5;47;107mtttttttttttt%%%%[0;1;37;97;47m%[0;33;5;40;100mX[0;1;37;97;47m;[0;1;30;90;47m:[0;33;5;40;100mX[0;1;37;97;47m8[0;37;5;47;107mX@[0;37;5;40;100m8[0m   
    [0;37;5;40;100m8[0;37;5;47;107m%%X[0;1;30;90;47m88[0;1;37;97;47m8[0;37;5;40;100m8[0;1;30;90;47m8[0;37;5;47;107m@ttttttt%%%%%8[0;1;30;90;47m8[0;33;5;40;100m:[0;1;37;97;47mX[0;37;5;40;100m8[0;33;5;40;100m [0;37;5;47;107m8@@[0;37;5;40;100m8[0m    
     [0;36;5;40;100m.[0;37;5;47;107m8%%[0;1;37;97;47m:[0;33;5;40;100mS[0;1;37;97;47m t[0;33;5;40;100m;[0;1;30;90;47mS[0;37;5;47;107m8%%%%%%%S8[0;1;30;90;47mS[0;33;5;40;100m%[0;1;37;97;47m: [0;33;5;40;100mX[0;1;30;90;47m.[0;37;5;47;107mX@[0;1;37;97;47m8[0;36;5;40;100m.[0m     
       [0;1;30;90;47m [0;37;5;47;107mSS@[0;1;30;90;47m%[0;33;5;40;100m%[0;1;37;97;47m.:[0;33;5;40;100m:[0;1;30;90;47m8[0;1;37;97;47mS[0;37;5;47;107mSSSS[0;1;37;97;47mS[0;1;30;90;47m8[0;33;5;40;100m;[0;1;37;97;47m..[0;33;5;40;100m%[0;1;30;90;47m@[0;37;5;47;107m8@@[0;1;30;90;47m.[0m       
        [0;36;5;40;100m.[0;1;37;97;47m@[0;37;5;47;107mSS8[0;1;30;90;47m%[0;33;5;40;100m%[0;1;30;90;47m;[0;1;37;97;47m%[0;1;30;90;47m@[0;33;5;40;100mt[0;1;30;90;47mSS[0;33;5;40;100mt[0;1;30;90;47m8[0;1;37;97;47mt[0;1;30;90;47mt[0;33;5;40;100mS[0;1;30;90;47mX[0;1;37;97;47m8[0;37;5;47;107m@@[0;1;37;97;47mX[0;36;5;40;100m.[0m        
          [0;36;5;40;100m [0;1;37;97;47mX[0;37;5;47;107mXX@[0;1;37;97;47m [0;33;5;40;100m. [0;1;30;90;47m.[0;1;37;97;47m::[0;1;30;90;47m.[0;33;5;40;100m :[0;1;30;90;47m.[0;37;5;47;107m8@@[0;1;37;97;47mS[0;36;5;40;100m [0m          
             [0;1;30;90;47m.[0;37;5;47;107m@@@8[0;1;30;90;47m:[0;33;5;40;100m..[0;1;30;90;47m;[0;1;37;97;47m8[0;37;5;47;107m@@8[0;1;30;90;47m.[0m             
               [0;37;5;40;100mS[0;1;37;97;47m;[0;37;5;47;107m@@@@@@[0;1;37;97;47mt[0;37;5;40;100mS[0m               
                  [0;36;5;40;100m [0;1;30;90;47mtt[0;36;5;40;100m [0m                  
