[0;1;30;90;44m.[0;1;34;94;44mSSSSSSSSXXXXXXXXXXXXSSSSSSSSS%%%%%%ttt[0;30;44m:[0m
[0;1;34;94;44m;8[0;34;5;44;104m8888888888888888888888888[0;1;34;94;44m8888888888@@.[0m
[0;1;34;94;44m;[0;34;5;44;104m888888[0;1;34;94;44m@[0;34;5;40;100mX[0;35;5;40;100m; ..[0;34;5;40;100mS[0;1;34;94;44m@[0;34;5;44;104m88888888888[0;1;34;94;44m@[0;1;30;90;44m8[0;34;5;40;100mX[0;35;5;40;100m.t;[0;1;30;90;44m8[0;1;34;94;44mt8888@:[0m
[0;1;34;94;44m;[0;34;5;44;104m8888[0;1;30;90;44m8[0;33;5;40;100m [0;33;47m88[0;33;5;40;100m;[0;37;5;40;100m8[0;33;5;40;100m :[0;33;47m88[0;37;5;40;100m8[0;35;5;40;100m%[0;34;5;44;104m8888888[0;1;34;94;44mS[0;35;5;40;100m [0;1;30;90;43m8[0;37;43m8[0;1;30;90;43m8[0;33;5;40;100m:tS[0;1;30;90;43m88[0;33;5;40;100mt[0;34;5;40;100m@[0;1;34;94;44m@88:[0m
[0;1;34;94;44m;[0;34;5;44;104m888[0;35;5;40;100m:[0;33;47m88[0;35;5;40;100m [0;35;44mX[0;34;5;44;104m8@@@[0;1;34;94;44m8[0;35;5;40;100m [0;33;47m88[0;37;5;40;100mX[0;34;5;44;104m8@888[0;34;5;40;100mS[0;37;43m88[0;35;5;40;100m [0;1;30;90;44m8[0;1;34;94;44m8[0;34;5;44;104m88[0;1;34;94;44m8X[0;34;5;40;100m@[0;1;30;90;43m88[0;33;5;40;100m;[0;1;34;94;44mS8:[0m
[0;1;34;94;44m;[0;34;5;44;104m88[0;34;5;40;100mX[0;33;47m88[0;1;30;90;44m8[0;34;5;44;104m8@@@XXXX[0;34;5;40;100mS[0;33;47m@@[0;35;5;40;100m [0;34;5;44;104m@@@[0;1;30;90;44m8[0;33;47m88[0;34;5;40;100mS[0;34;5;44;104m88888[0;1;34;94;44m888X[0;33;5;40;100mt[0;1;30;90;43m8[0;33;5;40;100m;[0;1;34;94;44m8:[0m
[0;1;34;94;44m;@[0;35;44mS[0;33;5;40;100m:[0;37;43m8[0;33;5;40;100m [0;35;5;40;100m%;.  [0;37;5;40;100m%SX[0;1;30;90;47m88[0;37;5;40;100m8[0;33;47m@8[0;35;5;40;100m:[0;34;5;44;104m8[0;1;30;90;44m8[0;35;5;40;100m [0;33;47m8[0;33;5;40;100m:[0;34;5;40;100mXXXS[0;35;5;40;100mSS%t;:[0;33;5;40;100m;[0;1;30;90;43m88[0;34;5;40;100mS[0;1;34;94;44m:[0m
[0;1;34;94;44m;[0;1;30;90;44m8[0;35;5;40;100mt[0;33;5;40;100m;[0;37;43m8[0;33;5;40;100m [0;35;5;40;100m [0;37;5;40;100mS@8[0;1;30;90;47m88@XS%X[0;33;47m@8[0;35;5;40;100m.[0;35;44m8[0;35;5;40;100m [0;37;5;40;100m8[0;33;47m8[0;33;5;40;100m.[0;35;5;40;100m      [0;33;5;40;100m   .X[0;1;30;90;43m88[0;35;5;40;100m%[0;1;34;94;44m:[0m
[0;1;34;94;44m;[0;34;5;44;104m88[0;35;5;40;100m.[0;33;47m8[0;1;30;90;47mS[0;1;34;94;44m8[0;34;5;44;104m@XXXX[0;36;5;44;104mXXX[0;35;5;44;104m@[0;1;30;90;47m%[0;33;47mX[0;37;5;40;100m8[0;34;5;44;104m@X@[0;35;5;40;100m%[0;33;47m88[0;1;30;90;44m8[0;34;5;44;104m888888[0;1;34;94;44m888[0;33;5;40;100m.[0;1;30;90;43m8[0;33;5;40;100mS[0;1;34;94;44mX:[0m
[0;1;34;94;44m;[0;34;5;44;104m88[0;1;34;94;44m8[0;33;5;40;100m [0;33;47m8[0;1;30;90;47mS[0;35;5;40;100m;[0;34;5;44;104m@XXX[0;36;5;44;104mXX[0;37;5;40;100m;[0;1;30;90;47m;[0;1;33;93;47mX[0;1;30;90;47m%[0;34;5;44;104m8XX@@[0;35;5;40;100m [0;33;47m88[0;35;5;40;100m;[0;1;34;94;44m8[0;34;5;44;104m8888[0;1;34;94;44m8[0;35;44mt[0;33;5;40;100m.[0;37;43m@[0;1;30;90;43m8[0;1;34;94;44mt8:[0m
[0;1;34;94;44m;[0;34;5;44;104m8888[0;35;5;40;100m.[0;33;47m888[0;37;5;40;100m@8@8[0;1;30;90;47m.[0;1;33;93;47mX[0;33;47mX[0;37;5;40;100m@[0;34;5;44;104m@XXX@@8[0;35;5;40;100mS[0;33;5;40;100m [0;33;47m8[0;37;43m8[0;33;5;40;100m.[0;35;5;40;100m ;.[0;33;5;40;100mt[0;37;43m@[0;1;30;90;43m8[0;35;5;40;100m.[0;1;34;94;44mS88:[0m
[0;1;30;90;44m:[0;34;5;44;104m888888[0;35;5;40;100m%[0;37;5;40;100mSX[0;1;30;90;47m@[0;37;5;40;100m88@[0;35;5;40;100m [0;34;5;44;104m8XXX8[0;1;34;94;44m88[0;34;5;44;104m8888[0;1;30;90;44m8[0;35;5;40;100m. [0;33;5;40;100m.t [0;35;5;40;100m;[0;34;5;40;100mX[0;1;34;94;44mS8888[0;30;44m.[0m
[0;30;44mS[0;34;5;44;104m88888888@@@@XX8[0;35;5;40;100m [0;37;5;40;100m8[0;33;5;40;100m [0;33;47m8[0;1;30;90;43m8[0;33;47m8[0;33;5;40;100mt[0;37;5;40;100m8[0;35;5;40;100m.[0;1;34;94;44mX[0;34;5;44;104m88888[0;1;34;94;44m88888888[0;30;44mX[0m
 [0;34;5;44;104m8888888888@@@[0;35;5;40;100m;[0;33;47m88[0;1;30;90;47mX[0;35;5;40;100m S[0;34;5;40;100m@[0;35;5;40;100mSt[0;33;5;40;100m [0;37;43m88[0;35;5;40;100m.[0;1;34;94;44m8[0;34;5;44;104m88[0;1;34;94;44m888888888[0m 
 [0;1;34;94;44m.[0;34;5;44;104m88888888888[0;35;5;40;100m;[0;33;47m88[0;35;5;40;100mt[0;34;5;44;104m8888888[0;1;30;90;44m8[0;33;5;40;100m:[0;37;43m8[0;33;5;40;100m.[0;1;34;94;44m8888888888.[0m 
  [0;1;34;94;44m8[0;34;5;44;104m888888888[0;1;34;94;44m@[0;37;43m8[0;33;47m8[0;34;5;40;100mS[0;34;5;44;104m8888888[0;1;34;94;44m88[0;1;30;90;44m%[0;1;30;90;43m88[0;34;5;40;100mX[0;1;34;94;44m88888888@[0m  
  [0;30;44m@[0;34;5;44;104m88888888[0;35;5;40;100m%[0;33;5;40;100m [0;1;30;90;43m88[0;33;5;40;100m:..:;[0;1;30;90;43m888888888[0;1;34;94;44mX8888888[0;30;44m@[0m  
   [0;30;44mt[0;1;34;94;44m88[0;34;5;44;104m888888[0;1;34;94;44m%[0;37;43m88[0;1;30;90;44m@[0;1;34;94;44m8@XXS%%[0;1;30;90;44mX@@[0;1;30;90;43m88[0;33;5;40;100m.[0;1;34;94;44m@88888@[0;30;44mt[0m   
    [0;30;44m%[0;1;34;94;44m8888[0;34;5;44;104m8888[0;35;5;40;100m:[0;37;43m8[0;1;30;90;43m8[0;35;44m%[0;34;5;44;104m888[0;1;34;94;44m8888@[0;33;5;40;100m.[0;37;43m@[0;33;5;40;100m%[0;1;34;94;44mX88888@[0;30;44m%[0m    
     [0;30;44m8[0;1;34;94;44m@8888888[0;35;5;40;100m:[0;1;30;90;43m88[0;35;5;40;100m [0;1;30;90;44m8[0;1;34;94;44m%SS[0;1;30;90;44m@[0;35;5;40;100m;[0;1;30;90;43m88[0;33;5;40;100m;[0;1;34;94;44m%8888@X[0;30;44m8[0m     
       [0;1;34;94;44m:8888888t[0;35;5;40;100m.[0;1;30;90;43m8888[0;37;43m@[0;1;30;90;43m88[0;33;5;40;100m.[0;1;30;90;44m8[0;1;34;94;44m8888@@.[0m       
        [0;34;40m8[0;1;34;94;44mS88888888%[0;1;30;90;44m@@8[0;1;34;94;44m;X8888@@%[0;30;44m8[0m        
          [0;30;44m8[0;1;34;94;44m%8888888888888@@@%[0;30;44m8[0m          
             [0;1;34;94;44m.@8888@@@@@@@.[0m             
               [0;30;44mX[0;1;34;94;44m;@@@@@@t[0;30;44mS[0m               
                  [0;30;44m@. @[0m                  
