[0;30;42mX;;[0;1;30;90;42m::::;;;;;tttttt;;;;::::[0;30;42m;;;;;;;tttttt@[0m
[0;30;42m%[0;1;30;90;42m:::;;;ttt%%%%%%%%%%ttt;;:::::::....[0;30;42m..:S[0m
[0;30;42m%[0;1;30;90;42m::;;tt%8[0;32;5;40;100m8[0;36;5;40;100m: [0;32;5;40;100m@[0;1;30;90;42mXXXXSSS%%%tt;;8[0;36;5;40;100m.%[0;1;30;90;42m8@:....[0;30;42m..S[0m
[0;30;42m%[0;1;30;90;42m;;tt8[0;36;5;40;100m [0;1;30;90;47mX[0;37;5;47;107mX[0;1;37;97;47m8S[0;37;5;40;100mt[0;1;30;90;42m8@@@@@@XXSS%tt;S[0;36;5;40;100m.[0;1;37;97;47m:X[0;37;5;47;107m8[0;1;30;90;47m8[0;36;5;40;100m [0;1;30;90;42mX..[0;30;42m..S[0m
[0;30;42mt[0;1;30;90;42m;tt%SS[0;1;30;90;47m8[0;37;5;47;107m;%[0;1;37;97;47m.[0;32;5;40;100m@[0;1;30;90;42m88888888@XXS%%t;S[0;1;30;90;47m;[0;37;5;47;107mX%[0;1;30;90;47m8[0;1;30;90;42m:....[0;30;42m.S[0m
[0;30;42mt[0;1;30;90;42mtt%SXX8[0;37;5;47;107mt:.%[0;37;5;40;100mt[0;1;30;90;42m888888888@XS%%[0;36;5;40;100mt[0;37;5;47;107m8ttS[0;1;30;90;42mX::...[0;30;42m.S[0m
[0;30;42mt[0;1;30;90;42mt%SSX@8[0;37;5;47;107m@.  8[0;37;5;40;100mS[0;1;30;90;47m8888[0;36;5;40;100mt[0;1;30;90;42m88[0;32;5;40;100mX[0;37;5;40;100m;[0;36;5;40;100m [0;37;5;40;100mS%[0;36;5;40;100m:[0;1;37;97;47mX[0;37;5;47;107mttt8[0;1;30;90;42m:::....[0;30;42mS[0m
[0;30;42mt[0;1;30;90;42mt%SX@8[0;37;5;40;100m;[0;1;37;97;47mX8[0;37;5;47;107mS8[0;1;37;97;47mX[0;37;5;47;107m8[0;1;37;97;47m [0;1;30;90;47mX8[0;36;5;40;100m [0;1;30;90;47m8[0;36;5;40;100mt%[0;1;30;90;47m8[0;36;5;40;100mt[0;37;5;40;100mt[0;1;30;90;47m8S[0;1;37;97;47m%:S[0;37;5;47;107m8[0;1;37;97;47m%:[0;36;5;40;100m:[0;1;30;90;42m::....[0;30;42mS[0m
[0;30;42mt[0;1;30;90;42mt%SX@[0;37;5;40;100mS[0;37;5;47;107m%.:::.%[0;1;37;97;47m;[0;37;5;40;100m;[0;36;5;40;100m.[0;1;30;90;47m88[0;1;30;90;42m88[0;36;5;40;100m [0;1;30;90;47m8[0;32;5;40;100m@X[0;1;30;90;47mt[0;37;5;47;107m8%%SSt@[0;36;5;40;100m [0;1;30;90;42m:....[0;30;42mS[0m
[0;30;42mt[0;1;30;90;42mt%S[0;36;5;40;100mt[0;1;37;97;47m;[0;37;5;47;107m:..  ;[0;1;37;97;47m%[0;37;5;40;100m;[0;36;5;40;100mtt%%[0;1;37;97;47m [0;32;5;40;100mX[0;1;30;90;42m8[0;1;30;90;47mt[0;1;30;90;42m8@XS[0;32;5;40;100m@[0;1;30;90;47m;[0;37;5;47;107mXttt%%[0;1;37;97;47m [0;1;30;90;42m8...[0;30;42mS[0m
[0;30;42mt[0;1;30;90;42m%@[0;1;37;97;47m [0;37;5;47;107m;;::..X[0;1;30;90;47m8[0;32;5;40;100mXSSSS[0;1;30;90;42m888888@XS%t[0;36;5;40;100m [0;1;37;97;47m@[0;37;5;47;107mtt%%%S[0;1;30;90;47mt[0;1;30;90;42m%[0;30;42m:S[0m
[0;30;42mS[0;32;5;40;100m8[0;1;30;90;47m8[0;37;5;47;107m;;;t:8[0;1;30;90;47m8[0;1;30;90;42m888888888888@XSS%t;t[0;36;5;40;100m [0;1;37;97;47m@[0;37;5;47;107m%XSSS[0;37;5;40;100m@[0;1;30;90;42m8[0;30;42m@[0m
[0;32;40m8[0;1;30;90;42m;t[0;1;37;97;47m [0;37;5;47;107m;t[0;1;30;90;47m%8[0;1;30;90;42m8888888888888@XSS%tt;::;[0;36;5;40;100m [0;1;30;90;47m8[0;37;5;47;107mSS[0;1;37;97;47m [0;1;30;90;42m.[0;30;42m.[0;32;40m8[0m
 [0;1;30;90;42m;;[0;1;30;90;47m8[0;1;37;97;47m8%[0;1;30;90;47m8[0;1;30;90;42mSX@@@888888@@XXS%%tt;:::::[0;36;5;40;100m [0;1;37;97;47m:S[0;1;30;90;47m8[0;1;30;90;42m.[0;30;42m.[0m 
 [0;30;42mS[0;1;30;90;42m;[0;1;37;97;47m;[0;32;5;40;100mS@[0;1;37;97;47m:[0;32;5;40;100mS[0;1;30;90;42mSSXXXXXXXXXSS%%tt;;:::::8[0;1;37;97;47m [0;1;30;90;42m88[0;1;37;97;47m.[0;30;42m:S[0m 
  [0;1;30;90;42m:[0;1;30;90;47m8[0;36;5;40;100mt[0;1;30;90;42m;t[0;36;5;40;100m [0;37;5;40;100m;[0;1;30;90;42m%%%SSSSSS%%%tt;;;:::::[0;36;5;40;100m .[0;1;30;90;42m:.[0;32;5;40;100m@[0;37;5;40;100mX[0;30;42m:[0m  
  [0;32;40m8[0;1;30;90;42m;[0;1;30;90;47mS[0;1;30;90;42m;;;8[0;1;30;90;47m8[0;1;30;90;42m8ttttttttt;;;;:::::X[0;1;30;90;47m8[0;1;30;90;42m8..[0;30;42m.[0;1;30;90;47m@[0;1;30;90;42m:[0;32;40m8[0m  
   [0;30;42m8[0;36;5;40;100m% [0;1;30;90;42mt::;;;;;;;;;;;;::::::::::..;[0;36;5;40;100m.[0;32;5;40;100mS[0;30;42m8[0m   
    [0;30;42m8[0;1;30;90;42mSS::::::::::::::::::::......t%[0;30;42m8[0m    
     [0;32;40mX[0;1;30;90;42m::::::::::::::::::.......[0;30;42m..:[0;32;40mX[0m     
       [0;30;42mS[0;1;30;90;42m.:::::::::::.........[0;30;42m...S[0m       
        [0;32;40mX[0;30;42m;[0;1;30;90;42m................[0;30;42m....t[0;32;40mX[0m        
          [0;32;40m@[0;30;42mt[0;1;30;90;42m..........[0;30;42m.....:t[0;32;40m@[0m          
             [0;30;42mS.........:::X[0m             
               [0;32;40m8[0;30;42m%::::::%[0;32;40m8[0m               
                  [0;32;40m@[0;30;42mXX[0;32;40m8[0m                  
