[0;34;40m......:[0;31;40mX[0;1;31;91;41m:XXXXXX%[0;30;41m8[0;31;40m:[0;34;40m:::::.[0;31;40m8[0;1;31;91;41mtSSSS%%:[0;31;40mX[0;34;40m      [0m
[0;34;40m..:::[0;31;40mt[0;1;30;90;41mt[0;31;5;41;101m8888888[0;1;30;90;41m%[0;31;40mX[0;1;30;90;40m%[0;34;40m;;;;;[0;31;40mS[0;1;30;90;41m;[0;31;5;41;101m888[0;1;31;91;41m8888[0;30;41mt[0;31;40m:[0;34;40m...   [0;31;40mt[0m
[0;34;40m.::[0;31;40m:[0;30;41m@[0;1;31;91;41m@[0;31;5;41;101m888888[0;1;31;91;41mX[0;1;30;90;41mX[0;1;30;90;40mXXXXSS[0;31;40m%[0;1;30;90;41m%[0;1;31;91;41m8[0;31;5;41;101m888888[0;1;31;91;41m:[0;31;40mS[0;34;40m......[0;31;40m;[0;30;41m:[0;1;31;91;41m.[0m
[0;34;40m.:[0;31;40m@[0;1;31;91;41mt[0;31;5;41;101m888888[0;1;31;91;41m8[0;1;30;90;41m@[0;1;30;90;40m8888@@@[0;1;30;90;41mX[0;1;31;91;41m8[0;31;5;41;101m888888[0;1;31;91;41mX[0;30;41m8[0;31;40m:[0;34;40m.....[0;31;40m:[0;30;41mS[0;1;31;91;41mX8:[0m
[0;31;40mt[0;1;30;90;41m;[0;31;5;41;101m888[0;1;31;91;41m8[0;1;31;91;43m8[0;31;43m%[0;37;43m@[0;1;30;90;43m8[0;1;33;93;43m%[0;33;5;40;100m8[0;1;30;90;40m88[0;30;5;40;100m8[0;1;30;90;40m88[0;31;5;40;100m8[0;1;30;90;41m8[0;31;5;41;101m@88888[0;1;31;91;41m8[0;1;30;90;41mt[0;31;40m;[0;34;40m:::...[0;31;40m8[0;1;31;91;41m%888:[0m
[0;1;31;91;41m;[0;31;5;41;101m888[0;33;41m8[0;1;30;90;43mS[0;1;33;93;43m%[0;33;5;43;103m@@:[0;37;5;43;103m%S[0;37;43mS[0;30;5;40;100m8@@[0;1;30;90;41m8[0;31;5;41;101m@X@@@88[0;1;30;90;41mS[0;31;40mX[0;34;40m;;:::.[0;31;40m%[0;1;30;90;41m:[0;1;31;91;41m88888:[0m
[0;1;31;91;41m;[0;31;5;41;101m8888[0;1;31;91;41m8[0;1;30;90;41m8[0;1;30;90;40m8[0;30;5;40;100mS[0;1;30;90;43m8[0;33;5;43;103mt[0;37;5;43;103mXX[0;33;5;40;100mS[0;31;5;40;100mX[0;31;5;41;101m8XXXX@@[0;1;31;91;41m@[0;1;30;90;41m@[0;1;30;90;40mXS[0;34;40m;;::[0;31;40m;[0;30;41mt[0;1;31;91;41m8888888[0;30;41m;[0m
[0;1;31;91;41m;[0;31;5;41;101m888[0;1;30;90;41mX[0;1;30;90;40m@88[0;30;5;40;100m88[0;33;5;40;100mX[0;37;5;43;103mXX[0;1;30;90;43m8[0;35;5;41;101mXX[0;31;5;41;101mSXXX8[0;1;30;90;41m8[0;1;30;90;40m8@XSS[0;34;40m;[0;31;40m;[0;30;41m@[0;1;31;91;41m@[0;31;5;41;101m8[0;1;31;91;41m88888%[0;31;40m8[0;34;40m [0m
[0;1;31;91;41m;[0;31;5;41;101m8[0;1;31;91;41m%[0;31;40m8[0;1;30;90;40mX@88[0;30;5;40;100m8@[0;33;5;40;100mX[0;37;5;43;103mXX[0;1;30;90;43m8[0;35;5;41;101mXXX[0;31;5;41;101mSX[0;1;30;90;41m8[0;30;5;40;100m88[0;1;30;90;40m88@XS[0;31;40m@[0;1;31;91;41m;[0;31;5;41;101m888[0;1;31;91;41m8888[0;30;41mS[0;31;40m:[0;34;40m. [0m
[0;1;30;90;41m;[0;30;41m@[0;31;40mt[0;1;30;90;40mSX@88[0;30;5;40;100m8[0;31;5;40;100m8[0;37;43mX[0;37;5;43;103mX@[0;33;5;41;101m8[0;35;5;41;101mXXX[0;1;30;90;41m8[0;31;5;40;100mX[0;30;5;40;100m@88[0;1;30;90;40m8@XX[0;1;30;90;41m%[0;31;5;41;101m88888[0;1;31;91;41m88[0;1;30;90;41m:[0;31;40mt[0;34;40m... [0m
[0;31;40m:[0;34;40m;;[0;1;30;90;40mSX@8[0;31;5;40;100m8[0;1;31;91;41m8[0;31;5;41;101mX[0;33;5;43;103mS[0;37;5;43;103mXX[0;1;31;91;43m8[0;31;5;41;101mS8[0;31;5;40;100mS[0;30;5;40;100mX@88[0;1;30;90;40m88@[0;1;30;90;41mX[0;1;31;91;41m8[0;31;5;41;101m888888[0;1;31;91;41m%[0;31;40m8[0;34;40m..... [0m
[0;34;40m.;;[0;1;30;90;40m%SX[0;1;30;90;41m@[0;31;5;41;101m@@@[0;33;5;43;103mS[0;37;5;43;103mSSX[0;1;33;93;43mt[0;33;5;40;100m@@8888[0;1;30;90;40m8[0;31;5;40;100m8[0;1;31;91;41mS[0;31;5;41;101m888888[0;1;31;91;41m8[0;30;41mS[0;31;40m:[0;34;40m.....[0;31;40m.%[0m
[0;34;40m.:;[0;31;40mt[0;1;30;90;41mS[0;1;31;91;41m8[0;31;5;41;101m888@[0;1;33;93;43m%[0;37;5;43;103m%%SS[0;33;5;43;103m%t;X%%@[0;1;33;93;43m;[0;1;31;91;43m8[0;1;31;91;41m8[0;31;5;41;101m8888[0;1;30;90;41m;[0;31;40mt[0;34;40m......[0;31;40mS[0;1;31;91;41m.[0;30;41mX[0m
 [0;34;40m:[0;30;41m8[0;1;31;91;41mX[0;31;5;41;101m888888[0;31;43m8[0;33;5;43;103m;::;S;t%X@@[0;1;33;93;43m@[0;33;5;43;103m8[0;1;33;93;43m@SSS[0;1;30;90;43m;[0;31;40mt[0;34;40m.....[0;31;40m;[0;30;41m;[0;1;31;91;41m88[0m 
 [0;30;41m%[0;31;5;41;101m8888888[0;1;30;90;41mS[0;1;30;90;40mX[0;1;30;90;43mX[0;33;5;43;103m;:::t%%%SSX88[0;1;33;93;43m8[0;33;5;43;103mX[0;1;30;90;43m;[0;32;40m:[0;34;40m....[0;31;40m.[0;30;41m8[0;1;31;91;41mX88.[0m 
  [0;1;31;91;41m8[0;31;5;41;101m8888[0;1;31;91;41m;[0;31;40mX[0;34;40m;[0;1;30;90;40m%S[0;31;5;40;100mX[0;1;33;93;43mS[0;33;5;43;103m;;;;;;;;;;;;;;[0;1;33;93;43m@[0;1;30;90;43m:::[0;33;41m8[0;1;31;91;41m;888@[0m  
  [0;30;41m@[0;31;5;41;101m88[0;1;31;91;41mX[0;30;41m8[0;34;40m::;;;;[0;31;40mt[0;33;41mX[0;1;31;91;43m8[0;1;33;93;43mt[0;33;5;43;103mS;;X;@;;;tX[0;1;33;93;43mS[0;1;30;90;43m:[0;31;43m8[0;1;30;90;41m:[0;1;31;91;41m88888[0;30;41m@[0m  
   [0;30;41m%%[0;31;40m:[0;34;40m::::::[0;30;41m8[0;1;31;91;41mX[0;31;5;41;101m888[0;1;31;91;41mX[0;33;5;43;103mS[0;31;43m8[0;33;41m8[0;1;30;90;43m;[0;33;5;43;103mS[0;31;40m8X%:[0;34;40m.[0;31;40m:[0;30;41mX[0;1;31;91;41m@8888@[0;30;41mt[0m   
    [0;34;40m.....:[0;31;40mS[0;1;30;90;41m:[0;31;5;41;101m8[0;1;31;91;41mX[0;1;31;91;43m88[0;31;43m@[0;1;33;93;43m.[0;31;43m;[0;30;41mt[0;31;40m;:[0;33;5;43;103m@[0;31;40m;[0;34;40m...[0;31;40m@[0;1;31;91;41mt88888@[0;30;41m%[0m    
     [0;34;40m ..[0;31;40m;[0;30;41mt[0;1;31;91;41m888@[0;31;43m;[0;1;31;91;43m88[0;33;41mS[0;31;40m8[0;1;33;93;43m@X[0;1;30;90;43m.[0;31;5;40;100mS[0;34;40m..[0;31;40mt[0;1;30;90;41m:[0;1;31;91;41m88888@X[0;30;41m8[0m     
       [0;31;40mS[0;1;31;91;41mS888888S[0;31;40m8[0;34;40m..[0;31;40m%:[0;34;40m..[0;31;40m:[0;30;41mS[0;1;31;91;41m@8888@@.[0m       
        [0;31;40m8[0;1;31;91;41mS888@[0;30;41mS[0;31;40m:[0;34;40m......[0;31;40m8[0;1;31;91;41m%8888@@%[0;31;40m8[0m        
          [0;30;41m8[0;1;31;91;41m%[0;1;30;90;41m.[0;31;40mt[0;34;40m......[0;31;40m%[0;1;30;90;41m.[0;1;31;91;41m888@@@%[0;30;41m8[0m          
             [0;34;40m     [0;31;40m:[0;30;41m%[0;1;31;91;41m@@@@@@.[0m             
               [0;34;40m [0;31;40m 8[0;1;31;91;41m%@@@@t[0;30;41mS[0m               
                  [0;30;41m@. @[0m                  
