[0;1;30;90;43m.[0;33;5;43;103m88@@@@@@@@@@@@@@@@@@@@@@@88888888888[0;1;33;93;43m88[0;1;30;90;43m [0m
[0;1;33;93;43m8[0;33;5;43;103m;;;;;;;;::::::::[0;37;5;43;103m@8[0;33;5;43;103m;;;;;;;;;;;ttttt%%%S[0;1;33;93;43mX[0m
[0;1;33;93;43m8[0;33;5;43;103m;;;;;:::::::::[0;37;5;43;103mS[0;1;33;93;47m8[0;1;37;97;47mS88[0;33;5;43;103mt::;;;;;;;;ttttt%%%[0;1;33;93;43mX[0m
[0;1;33;93;43m8[0;33;5;43;103m;;;;::::::::::[0;1;37;97;47mS8[0;37;5;47;107m888[0;1;37;97;47m8[0;1;33;93;47mX[0;33;5;43;103m;::;;t%t;;tttt%%%[0;1;33;93;43mX[0m
[0;1;33;93;43m8[0;33;5;43;103m;;::::::.[0;37;5;43;103m::::[0;1;37;97;47m8[0;37;5;47;107m8[0;1;37;97;47m@X[0;37;5;47;107m8888[0;1;37;97;47m8888@88@[0;37;5;43;103m8[0;33;5;43;103m;;tttt%%[0;1;33;93;43mX[0m
[0;1;33;93;43m8[0;33;5;43;103m;::::::[0;37;5;43;103m:::.t[0;1;37;97;47m8[0;37;5;47;107mXX8[0;1;37;97;47mS[0;1;33;93;47mS[0;1;37;97;47m88[0;37;5;47;107m888[0;1;37;97;47m8@X[0;1;33;93;47mX[0;1;37;97;47mXX%[0;33;5;43;103mt;;ttt%%[0;1;33;93;43mX[0m
[0;1;33;93;43m8[0;33;5;43;103m;:::::[0;37;5;43;103m::..;[0;1;37;97;47m88[0;37;5;47;107mX@[0;1;33;93;47mS@8[0;37;5;43;103m8[0;1;33;93;47m8X[0;1;37;97;47mS[0;33;47m%[0;1;33;93;47mS[0;37;5;43;103m8[0;1;33;93;47mX[0;1;37;97;47m%%@@[0;37;5;43;103m8[0;33;5;43;103m;;tttt%[0;1;33;93;43mX[0m
[0;1;33;93;43m8[0;33;5;43;103m:::::[0;37;5;43;103m;:...[0;1;37;97;47m8[0;37;5;47;107mX8X[0;37;5;43;103m%%[0;1;33;93;47m@8[0;37;5;43;103m888[0;1;33;93;47m8@@@[0;1;37;97;47m;X@8@[0;33;5;43;103mt;;tttt%[0;1;33;93;43m@[0m
[0;1;33;93;43m8[0;33;5;43;103m:::::[0;37;5;43;103m::..S[0;37;5;47;107mX8S[0;1;37;97;47m8[0;37;5;43;103m.%[0;1;33;93;47m@8[0;37;5;43;103m@88[0;1;33;93;47m8@X[0;1;37;97;47m;@X88[0;1;33;93;47m8[0;33;5;43;103m;;;tttt%[0;1;33;93;43m@[0m
[0;1;33;93;43m8[0;33;5;43;103m:::::[0;37;5;43;103m::..[0;1;37;97;47m8[0;37;5;47;107m@@[0;1;37;97;47m8[0;37;5;43;103m..%[0;1;33;93;47m@8[0;37;5;43;103m888[0;1;33;93;47m8S[0;1;37;97;47m:@X88@[0;33;5;43;103m;;;;tttt%[0;1;33;93;43m@[0m
[0;1;33;93;43m8[0;33;5;43;103m;::::.[0;37;5;43;103m::%[0;37;5;47;107mX8X[0;1;33;93;47mS[0;37;5;43;103m..%[0;1;33;93;47m@8[0;37;5;43;103m888[0;1;33;93;47mS[0;1;37;97;47m;S@888[0;37;5;43;103m8[0;33;5;43;103m;;;;tttt%[0;1;33;93;43mX[0m
[0;1;30;90;43m:[0;33;5;43;103m;:::::.[0;37;5;43;103m:X[0;37;5;47;107m@8X[0;37;5;43;103m%..%[0;1;33;93;47m88[0;37;5;43;103m88[0;1;33;93;47m@[0;1;37;97;47m;t8@88@[0;33;5;43;103m;;;;;tttt%[0;1;30;90;43m [0m
[0;1;30;90;43m:[0;33;5;43;103m;;::::::[0;37;5;43;103mX[0;37;5;47;107m8[0;1;37;97;47m8[0;37;5;47;107m@[0;37;5;43;103mS..S[0;1;33;93;47m8[0;37;5;43;103m88[0;1;33;93;47m8[0;1;37;97;47m%:8X888[0;37;5;43;103mX[0;33;5;43;103m;;;;tttt%%[0;1;30;90;43m.[0m
 [0;33;5;43;103m;;;:::::[0;37;5;43;103mS[0;37;5;47;107m8[0;1;37;97;47m8[0;37;5;47;107m8[0;1;33;93;47m@[0;37;5;43;103m::X[0;1;33;93;47m@[0;37;5;43;103m8[0;1;33;93;47m8[0;1;37;97;47mt;@@888@[0;33;5;43;103m;;;;;tttt%%[0m 
 [0;1;33;93;43mX[0;33;5;43;103m;;;;::::[0;1;37;97;47m@888[0;33;5;43;103m::[0;37;5;43;103mX[0;1;33;93;47mX8[0;1;37;97;47mt;X8X88@[0;33;5;43;103m%;;;;tttt%%[0;1;33;93;43mS[0m 
  [0;33;5;43;103mt;;;;;::[0;1;33;93;47m@[0;1;37;97;47m8X8[0;37;5;43;103m@[0;33;5;43;103m:[0;37;5;43;103mS[0;1;33;93;47mS[0;1;37;97;47m;tS8S888[0;1;33;93;47m@[0;33;5;43;103m;;;;tttt%%S[0m  
  [0;1;30;90;43m.[0;33;5;43;103m;;;;;;;t[0;1;37;97;47m@S8@[0;33;5;43;103mtS[0;1;30;90;47m [0;1;37;97;47m;%8X@88X[0;33;5;43;103mt;;ttttt%%%[0;1;30;90;43m.[0m  
   [0;1;30;90;43m.[0;33;5;43;103m;;;;;;;[0;1;33;93;47m8[0;1;37;97;47mS88@t.t88X888[0;37;5;43;103m8[0;33;5;43;103m;tttttt%%%[0;1;30;90;43m [0m   
    [0;1;30;90;43m:[0;33;5;43;103m;;;;;;;[0;37;5;43;103mX[0;1;37;97;47m@88S.@8S888X[0;33;5;43;103mtttttt%%%%[0;1;30;90;43m.[0m    
     [0;1;30;90;43m.[0;33;5;43;103mSt;;;;;%[0;1;37;97;47m@8@:S%@@@X[0;33;5;43;103mXtttt%%%%X[0;1;30;90;43m.[0m     
       [0;1;33;93;43mX[0;33;5;43;103mttttttS[0;1;37;97;47mS:@@[0;1;33;93;47mS[0;37;5;43;103m@88@[0;33;5;43;103mttt%%%%%[0;1;33;93;43mX[0m       
        [0;1;30;90;43m.[0;33;5;43;103m8ttt[0;37;5;43;103m8[0;1;37;97;47mX.SS[0;1;33;93;47m8[0;33;5;43;103mtttt%%%%%%%8[0;1;30;90;43m [0m        
          [0;1;30;90;43m.[0;33;5;43;103m8%%@[0;1;33;93;47mX[0;37;5;43;103m@[0;33;5;43;103m%%%%%%%%%%%8[0;1;30;90;43m [0m          
             [0;1;33;93;43mS[0;33;5;43;103m%%%%%%%%%%SS[0;1;33;93;43mS[0m             
               [0;1;30;90;43m.[0;1;33;93;43m8[0;33;5;43;103mSSSSSS[0;1;33;93;43m8[0;1;30;90;43m [0m               
                  [0;1;30;90;43m    [0m                  
