[0;1;30;90;43m.[0;33;5;43;103m88@@@@@@@[0;1;30;90;43m@[0;30;5;40;100m@8[0;1;30;90;43m8[0;33;5;43;103m8@@@@@@@@@@@[0;1;30;90;43mX[0;30;5;40;100m8[0;1;30;90;40m8[0;1;30;90;43mX[0;1;33;93;43m8[0;33;5;43;103m888888[0;1;33;93;43m88[0;1;30;90;43m [0m
[0;1;33;93;43m88[0;30;5;40;100m@[0;1;30;90;43mS[0;33;5;43;103mt;;;;:;%tX8X:8[0;30;5;40;100mS[0;1;30;90;43m@[0;33;5;43;103mt;;;;;tS%@[0;1;33;93;43m8[0;33;5;43;103m@t[0;1;33;93;43m8[0;30;5;40;100m8[0;1;30;90;43m%[0;33;5;43;103mS%S[0;1;33;93;43mX[0m
[0;1;33;93;43m8[0;33;5;43;103m;[0;1;30;90;43m8[0;30;5;40;100m8[0;33;5;40;100m@[0;1;30;90;43mX[0;33;5;43;103m;:::::::::::[0;1;30;90;43m8[0;30;5;40;100mX[0;33;5;40;100mX[0;1;30;90;43m@[0;33;5;43;103m;;;;;;;;;ttt[0;1;30;90;43m8[0;1;30;90;40m8[0;30;5;40;100m@[0;1;30;90;43mt[0;33;5;43;103mS[0;1;33;93;43mX[0m
[0;1;33;93;43m8[0;33;5;43;103m;;@@[0;1;33;93;43m88[0;33;5;43;103mS:8[0;33;5;40;100m@[0;1;33;93;43mX[0;33;5;43;103m::..:::XX8[0;1;33;93;43m8[0;33;5;43;103mX:8[0;33;5;40;100m8[0;1;30;90;43m%[0;33;5;43;103m;;;;tt%88[0;1;33;93;43m@S[0;1;30;90;43m.[0m
[0;1;33;93;43m8[0;33;5;43;103m;;:::::::[0;33;5;40;100m;[0;36;5;40;100m;[0;33;5;40;100mt[0;33;5;43;103m8[0;37;5;43;103m:::::[0;33;5;43;103m.:::::;[0;33;5;40;100m@[0;30;5;40;100m8[0;33;5;40;100m8[0;1;33;93;43m8[0;33;5;43;103m;;;tttt%%[0;1;33;93;43mX[0m
[0;1;33;93;43m8[0;33;5;43;103m8[0;1;30;90;43m8[0;1;33;93;43m8[0;33;5;43;103m::::[0;37;5;43;103m::;8@[0;37;43m@[0;33;5;43;103m8[0;37;5;43;103mS.X[0;1;30;90;43m8[0;33;5;43;103m8[0;37;5;43;103m:[0;33;5;43;103m.::::t[0;1;33;93;43m88[0;1;30;90;43mS[0;1;33;93;43m@[0;33;5;43;103mX;8[0;1;30;90;43mS[0;1;33;93;43m@[0;33;5;43;103mt%%[0;1;33;93;43mX[0m
[0;1;33;93;43m8[0;33;5;43;103mt[0;33;5;40;100mS[0;30;5;40;100mX[0;33;5;40;100m@[0;33;5;43;103mX:[0;37;5;43;103m::......:.:[0;33;5;40;100m .t[0;33;5;43;103mS.:::::;;;t;t[0;33;5;40;100m8[0;1;30;90;40m8[0;33;5;40;100m8[0;33;5;43;103m8%[0;1;33;93;43mX[0m
[0;1;33;93;43m8[0;33;5;43;103m:t[0;37;43mX[0;1;30;90;43m88[0;1;33;93;43m8[0;37;5;43;103m%.@[0;1;30;90;43m8[0;37;5;43;103m@......t[0;33;47m8[0;37;43m@[0;1;30;90;43m8[0;1;33;93;43m8[0;33;5;43;103m;:@[0;1;30;90;43m@[0;33;5;43;103m8;;;;;;S[0;1;30;90;43m@S%[0;1;33;93;43mSS[0m
[0;1;33;93;43m8[0;33;5;43;103m:::::[0;37;5;43;103m:%.;[0;33;5;40;100m  [0;33;47m8[0;37;5;43;103mt.......::[0;33;5;43;103mt:t[0;33;5;40;100m%[0;30;5;40;100mX[0;1;30;90;43m8[0;33;5;43;103m%;;;;tttt%[0;1;30;90;43m.[0m
[0;1;33;93;43m8[0;33;5;43;103m@[0;1;30;90;43mX[0;33;5;43;103mS::[0;37;5;43;103m::..S[0;33;47m888[0;37;5;43;103m8..X[0;37;43m@[0;37;5;43;103mS.::[0;33;5;43;103m:::S[0;1;30;90;43m88@[0;1;33;93;43m8[0;33;5;43;103m;;@[0;1;30;90;43m;[0;33;5;43;103m@tt%[0;1;33;93;43m@[0m
[0;1;33;93;43m8[0;33;5;43;103m%[0;33;5;40;100m%@[0;1;30;90;43m8[0;33;5;43;103m;.[0;37;5;43;103m::......S.t[0;33;5;40;100m ;[0;37;43m8[0;37;5;43;103mt;[0;33;5;43;103m:::::;;;X;S[0;30;5;40;100m@@[0;1;30;90;43mX[0;33;5;43;103mS%[0;1;33;93;43mX[0m
[0;1;30;90;43m:[0;33;5;43;103m;@[0;1;30;90;43m888[0;33;5;43;103m8.[0;37;5;43;103m:%[0;33;5;43;103m8[0;37;5;43;103m;......@[0;1;30;90;43m888[0;33;5;43;103m8::%[0;1;33;93;43m@[0;33;5;43;103mt;;;;;;8[0;1;30;90;43m8XX[0;1;33;93;43m@[0;1;30;90;43m [0m
[0;1;30;90;43m:[0;33;5;43;103m;;;;:tS:S[0;33;5;40;100m.%[0;37;5;43;103m@:..::;;[0;33;5;43;103m::tS:X[0;30;5;40;100mS[0;33;5;40;100m8[0;1;33;93;43m@[0;33;5;43;103m;;;;tt%%%X[0;1;30;90;43m:[0m
 [0;33;5;43;103mt8;::::::8[0;33;5;40;100mSS[0;1;30;90;43m8[0;33;5;43;103mS[0;37;5;43;103m:;[0;33;5;43;103m:X::::::;[0;1;33;93;43m8[0;33;5;40;100m88[0;1;30;90;43m8[0;33;5;43;103m@;;%8%t%%[0m 
 [0;1;30;90;43mt[0;30;5;40;100m8[0;33;5;40;100m8[0;33;5;43;103m8;::::;t;:SS:@[0;36;5;40;100m%[0;33;5;40;100m8[0;33;5;43;103m@:::;;;%t;@@t[0;1;33;93;43m8[0;30;5;40;100m8[0;33;5;40;100m8[0;1;33;93;43m8[0;33;5;43;103m%[0;1;33;93;43mS[0m 
  [0;1;30;90;43m@[0;33;5;40;100m8[0;30;5;40;100mS[0;1;30;90;43m8[0;33;5;43;103mS;::;:::::::[0;1;30;90;43m8[0;33;5;40;100m@X[0;1;30;90;43m8[0;33;5;43;103m%;;;t;;;;ttt[0;1;30;90;43mX[0;33;5;40;100m8[0;30;5;40;100m8[0;1;30;90;43mX[0m  
  [0;1;30;90;43m:[0;33;5;43;103m%tt8X;[0;1;33;93;43m8[0;30;5;40;100m8[0;1;30;90;43m8[0;33;5;43;103mS::::;;%;t8X;[0;1;33;93;43m8[0;30;5;40;100m8[0;1;30;90;43m@[0;33;5;43;103mXttttt%XS[0;1;30;90;43m.[0m  
   [0;1;30;90;43m.[0;33;5;43;103m;;;;;;[0;1;30;90;43m8[0;30;5;40;100m@@[0;1;30;90;43m@[0;33;5;43;103mt;;;;;;;;;;;[0;1;30;90;43m8[0;30;5;40;100m88[0;1;30;90;43mS[0;33;5;43;103m%tt%%%[0;1;30;90;43m [0m   
    [0;1;30;90;43m:[0;33;5;43;103m;;;;;tS%@[0;1;33;93;43m8[0;33;5;43;103mX;8[0;30;5;40;100mX[0;1;30;90;43mS[0;33;5;43;103mt;;;;ttXS8[0;1;33;93;43m@[0;33;5;43;103m8%[0;1;33;93;43m8[0;1;30;90;40m8[0;1;30;90;43m.[0m    
     [0;1;30;90;43m.[0;33;5;43;103mSt;;;;;;;;;;[0;1;30;90;43m8[0;30;5;40;100m8S[0;1;30;90;43m%[0;33;5;43;103mttttttt%%%%X[0;32;40m%[0m     
       [0;1;33;93;43mX[0;33;5;43;103mt[0;1;33;93;43m8[0;33;5;40;100m8[0;1;30;90;43m;[0;33;5;43;103mttttttt88[0;1;33;93;43m@X[0;33;5;43;103m8t[0;1;33;93;43m8[0;33;5;40;100m8[0;1;30;90;43m;[0;33;5;43;103m%%%%[0;1;33;93;43mX[0m       
        [0;1;30;90;43m.[0;33;5;43;103m8[0;33;5;40;100m8[0;1;30;90;40m8[0;33;5;40;100m8[0;1;33;93;43m8[0;33;5;43;103mttttttttt%%%[0;33;5;40;100m8[0;1;30;90;40m8[0;33;5;40;100m8[0;1;33;93;43m@[0;33;5;43;103m8[0;1;30;90;43m [0m        
          [0;1;30;90;43m.S[0;1;33;93;43mX[0;1;30;90;43mt[0;1;33;93;43mX[0;33;5;43;103m@%[0;1;33;93;43m8[0;1;30;90;43mS[0;1;33;93;43mX[0;33;5;43;103m%%%%%%X[0;1;33;93;43mX[0;1;30;90;43mt[0;32;40m%[0m          
             [0;1;33;93;43mS[0;33;5;43;103m%S%S[0;33;5;40;100m8[0;1;30;90;40m8[0;33;5;40;100m8[0;33;5;43;103m8%%SS[0;1;33;93;43mS[0m             
               [0;1;30;90;43m.[0;1;33;93;43m8[0;33;5;43;103mS@[0;1;30;90;43mXtt.[0;1;33;93;43m8[0;1;30;90;43m [0m               
                  [0;1;30;90;43m    [0m                  
