[0;1;30;90;41m.t;[0;31;5;40;100mS[0;1;37;97;47mS8888[0;1;30;90;47m%[0;1;30;90;41m8%[0;1;31;91;41mt%[0;1;30;90;41m%%[0;31;5;40;100m8[0;1;37;97;47m.8888:[0;31;5;40;100m8[0;1;30;90;41mt[0;1;31;91;41m;%;[0;1;30;90;41m%X[0;1;30;90;47mX[0;1;37;97;47mXXSSt[0;31;5;40;100mX[0;30;41m%[0;1;30;90;41m:[0;30;41m:[0m
[0;35;5;40;100m.[0;1;30;90;41m8[0;35;5;40;100m [0;1;30;90;47m%[0;1;37;97;47m%[0;37;5;47;107mtttt[0;1;30;90;47mtt[0;1;30;90;41m8[0;35;5;40;100m [0;1;30;90;47m8[0;35;5;40;100m:t[0;1;37;97;47m  [0;37;5;47;107mtttt[0;1;37;97;47m [0;1;30;90;47mt[0;31;5;40;100mS[0;35;5;40;100mt[0;1;30;90;47m8[0;35;5;40;100m [0;1;30;90;41m8[0;1;30;90;47mSX[0;37;5;47;107mSSSX[0;1;37;97;47mt[0;1;30;90;47m8[0;35;5;40;100m.[0;1;30;90;41m8[0;35;5;40;100m;[0m
[0;1;37;97;47m;[0;37;5;47;107mX[0;1;37;97;47m@88[0;35;5;40;100m [0;1;37;97;47m;[0;37;5;40;100mX[0;1;30;90;47m@[0;37;5;47;107m8t[0;1;37;97;47mX[0;37;5;47;107m;;;[0;1;37;97;47mX[0;37;5;47;107mX@[0;1;30;90;47m8%%8[0;37;5;47;107m@8[0;1;37;97;47mS[0;37;5;47;107mttt[0;1;37;97;47mS[0;37;5;47;107mS[0;1;37;97;47m8[0;1;30;90;47m8[0;35;5;40;100m [0;1;37;97;47m:[0;35;5;40;100m:[0;1;37;97;47mXX%8 [0m
[0;1;37;97;47m;[0;37;5;47;107mt[0;1;30;90;47m@[0;37;5;40;100mt[0;31;5;40;100mX[0;37;5;40;100mt[0;1;30;90;47m%[0;1;37;97;47m [0;1;30;90;41m8[0;35;5;40;100m%[0;1;30;90;47mt[0;1;37;97;47mS[0;37;5;47;107m:::[0;1;37;97;47m [0;1;30;90;47mX[0;35;5;40;100m;:[0;1;37;97;47m  [0;35;5;40;100m:[0;31;5;40;100mS[0;1;30;90;47m8;[0;37;5;47;107mttt[0;1;37;97;47m%[0;1;30;90;47m@[0;31;5;40;100m8[0;1;30;90;41mS[0;1;30;90;47mS@[0;35;5;40;100m [0;1;30;90;41m8[0;35;5;40;100m.[0;1;30;90;47m8[0;37;5;47;107m@[0;1;37;97;47m [0m
[0;1;37;97;47m;[0;37;5;47;107mt[0;1;37;97;47m;[0;31;5;40;100mX[0;1;30;90;41m8[0;1;31;91;41m8[0;31;5;41;101m88[0;1;30;90;41m8[0;31;5;40;100mS[0;37;5;40;100m;[0;37;5;47;107mt:..X[0;35;5;40;100m [0;31;5;40;100m%[0;31;5;41;101m8@8[0;1;31;91;41m8[0;31;5;40;100m@[0;35;5;40;100m;[0;37;5;47;107m8ttt%[0;35;5;40;100m.[0;1;30;90;41m8[0;1;31;91;41m%88@[0;1;30;90;41mS8[0;1;37;97;47m [0;37;5;47;107mX[0;1;37;97;47m.[0m
[0;1;37;97;47m;[0;37;5;47;107mt[0;1;37;97;47mS[0;1;30;90;47m8[0;35;5;40;100m:[0;1;30;90;41m@[0;31;5;40;100mS@X[0;1;30;90;47m8S[0;37;5;47;107m..  t[0;1;30;90;47mX8[0;31;5;40;100mX[0;35;5;40;100m%[0;31;5;40;100m%[0;1;30;90;41m8[0;37;5;40;100m;[0;1;30;90;47m8[0;37;5;47;107m@;ttt[0;1;30;90;47m8[0;35;5;40;100m [0;1;30;90;41m@X8%[0;31;5;40;100mS[0;37;5;40;100m%[0;1;37;97;47m.[0;37;5;47;107mX[0;1;37;97;47m.[0m
[0;1;30;90;47m8;[0;37;5;47;107mSt[0;1;37;97;47m [0;37;5;47;107m8;:[0;1;37;97;47m [0;37;5;47;107mS:X[0;1;37;97;47m [0;37;5;47;107m@[0;1;37;97;47m [0;37;5;47;107m;:8[0;1;37;97;47mS[0;37;5;47;107m..[0;1;37;97;47m%S[0;37;5;47;107mtS[0;1;30;90;47m%[0;1;37;97;47m@[0;1;30;90;47m@[0;1;37;97;47m8[0;37;5;47;107mS8[0;1;30;90;47mX[0;37;5;47;107m%%[0;1;37;97;47m@[0;1;30;90;47mS[0;37;5;47;107mX8[0;1;30;90;47mS[0;37;5;40;100m@[0m
[0;1;30;90;47mt[0;37;5;40;100m;[0;35;5;40;100m [0;1;30;90;47m8[0;1;37;97;47m%[0;37;5;47;107m;::t8[0;1;30;90;47m8[0;35;5;40;100m:[0;1;37;97;47m%[0;37;5;47;107mX[0;1;37;97;47m [0;1;30;90;47m8X[0;1;37;97;47m@[0;37;5;47;107m  ..[0;1;37;97;47mS[0;1;30;90;47m8[0;35;5;40;100m;[0;1;30;90;47m@[0;1;37;97;47m8:[0;1;30;90;41m8[0;35;5;40;100m.[0;1;37;97;47mS[0;37;5;47;107m8%%%[0;1;37;97;47m.[0;1;30;90;47m8[0;35;5;40;100m.:[0;1;30;90;47mX[0m
[0;1;31;91;41m;@[0;31;5;40;100m@[0;35;5;40;100mt[0;1;30;90;47mt[0;37;5;47;107m::.:[0;1;30;90;47m8[0;35;5;40;100m ;[0;35;5;41;101m@X8[0;37;5;40;100m:%[0;1;30;90;47m8[0;37;5;47;107m  ..[0;1;30;90;47m8[0;35;5;40;100m:[0;1;30;90;41m8[0;1;31;91;41m8[0;31;5;41;101m8[0;1;31;91;41m8[0;1;30;90;41m@[0;31;5;40;100m@[0;35;5;40;100m%[0;37;5;47;107mS%%%[0;1;30;90;47mX[0;31;5;40;100m@[0;1;30;90;41m@[0;1;31;91;41mS:[0m
[0;1;30;90;41m;X8[0;35;5;40;100m:[0;37;5;47;107m@::..[0;1;37;97;47m:[0;35;5;40;100m..%t; [0;37;5;40;100m;[0;1;37;97;47m8[0;37;5;47;107m  ..[0;1;37;97;47m@[0;35;5;40;100m;[0;31;5;40;100m@[0;1;30;90;41mX[0;1;31;91;41mS[0;1;30;90;41m%88[0;1;30;90;47m%[0;37;5;47;107mt%%%[0;1;37;97;47m8[0;35;5;40;100m%[0;1;30;90;41mS;[0;30;41m;[0m
[0;1;30;90;47m;X8[0;37;5;47;107mt@@@[0;1;37;97;47m8[0;37;5;47;107m;S:[0;1;30;90;47m8[0;37;5;47;107m8S[0;1;37;97;47mS[0;1;30;90;47m8[0;37;5;47;107m S;@8%@;[0;37;5;40;100mS[0;1;37;97;47m [0;37;5;47;107m8[0;1;37;97;47m%[0;35;5;40;100m:[0;37;5;47;107mS8%[0;1;37;97;47mS888[0;37;5;47;107mX[0;1;30;90;47m88S[0m
[0;1;30;90;47m;[0;37;5;47;107mt8[0;1;30;90;47m:S[0;35;5;40;100m;[0;37;5;47;107m8[0;1;37;97;47m [0;35;5;40;100m:[0;1;30;90;47m;[0;37;5;47;107mSt   %[0;1;37;97;47m8.[0;35;5;40;100m.[0;1;37;97;47mSS[0;35;5;40;100m;[0;1;37;97;47m t[0;37;5;47;107m@;ttX8[0;1;30;90;47m@[0;1;30;90;41m8[0;1;30;90;47m@[0;1;37;97;47m@[0;31;5;40;100mX[0;1;30;90;47m8S[0;1;37;97;47m8[0;37;5;47;107mX[0;1;30;90;47mt[0m
[0;37;5;40;100mS[0;37;5;47;107mt[0;1;30;90;47m8[0;35;5;40;100m.[0;31;5;40;100m@[0;1;30;90;41m8[0;31;5;40;100m%[0;35;5;40;100m.[0;1;30;90;41m8[0;35;5;40;100mt[0;37;5;40;100m%[0;1;37;97;47m8[0;37;5;47;107m...[0;1;37;97;47m [0;1;30;90;47m8[0;35;5;40;100m;[0;31;5;40;100mS[0;35;5;40;100m::[0;1;30;90;41m8[0;35;5;40;100m%[0;37;5;40;100m;[0;1;30;90;47mt[0;37;5;47;107mttt[0;1;37;97;47m@[0;35;5;40;100m:[0;1;30;90;41m8S8[0;1;31;91;41m@[0;1;30;90;41m88[0;35;5;40;100m% [0;37;5;47;107mX[0;37;5;40;100mS[0m
 [0;37;5;47;107mt@[0;35;5;40;100mt[0;1;30;90;41mS[0;1;31;91;41m%8@[0;1;30;90;41m88[0;1;30;90;47mS[0;37;5;47;107m:::::[0;1;30;90;47m8[0;1;30;90;41m88[0;1;31;91;41m88[0;1;30;90;41m8@[0;35;5;40;100m [0;37;5;47;107m%tttt[0;1;30;90;47m8[0;1;30;90;41mSt[0;1;31;91;41mXX;[0;1;30;90;41m:[0;31;5;40;100m@[0;1;37;97;47m8[0;37;5;47;107m@[0m 
 [0;1;30;90;47m.[0;1;37;97;47mS:[0;37;5;40;100mt[0;35;5;40;100m [0;1;30;90;47mX8[0;31;5;40;100mS[0;1;37;97;47m [0;1;30;90;47m:[0;37;5;47;107m;;;;X[0;1;37;97;47m [0;1;30;90;47mS[0;35;5;40;100m;[0;1;30;90;47mXX[0;35;5;40;100m;[0;1;30;90;47m8[0;1;37;97;47m [0;37;5;47;107m8tttt[0;1;30;90;47mt;[0;1;30;90;41m8[0;1;30;90;47m88[0;35;5;40;100m; [0;1;37;97;47m :[0;1;30;90;47m.[0m 
  [0;1;37;97;47mXS[0;37;5;47;107m8%tt8t[0;1;37;97;47mS[0;1;30;90;47mX[0;35;5;40;100m [0;1;37;97;47m@[0;35;5;40;100m:[0;1;37;97;47m.X[0;37;5;47;107mS@tt@X[0;1;37;97;47mS [0;35;5;40;100m%[0;1;37;97;47mS[0;35;5;40;100m:[0;1;30;90;47m8[0;1;37;97;47m%[0;37;5;47;107mS[0;1;37;97;47m8[0;37;5;47;107mSS@[0;1;37;97;47m@;t[0m  
  [0;31;40m@[0;35;5;40;100m [0;1;30;90;47m8[0;37;5;47;107mttt@[0;1;30;90;47m8[0;31;5;40;100m8[0;1;31;91;41m%[0;1;30;90;47m888[0;1;30;90;41m8[0;35;5;40;100m:[0;37;5;40;100mX[0;37;5;47;107mtttt[0;37;5;40;100mS[0;35;5;40;100m;[0;1;30;90;41m@[0;1;30;90;47m888[0;1;31;91;41mt[0;1;30;90;41m8[0;1;30;90;47m8[0;1;37;97;47m8[0;37;5;47;107mSXX[0;1;30;90;47m8[0;35;5;40;100m [0;31;40m@[0m  
   [0;1;30;90;41mX[0;1;37;97;47mS[0;37;5;47;107mtttt[0;1;30;90;47m8[0;1;30;90;41m8[0;1;31;91;41mt8[0;31;5;41;101m8[0;1;31;91;41m8[0;1;30;90;41mS[0;31;5;40;100m@[0;1;37;97;47m [0;37;5;47;107mtttt[0;1;37;97;47m [0;31;5;40;100m@[0;1;30;90;41mt[0;1;31;91;41m888;[0;1;30;90;41m8[0;1;30;90;47m8[0;37;5;47;107mSXXX[0;1;37;97;47mt[0;1;30;90;41mX[0m   
    [0;37;5;40;100m8[0;37;5;47;107m%%%%[0;1;30;90;47mX8[0;1;30;90;41m88[0;35;5;40;100m;[0;1;30;90;41m8[0;31;5;40;100mS[0;1;30;90;47m8:[0;37;5;47;107mttt%[0;1;37;97;47m [0;1;30;90;47m8[0;31;5;40;100mS[0;1;30;90;41m@[0;35;5;40;100mt[0;1;30;90;41m88[0;37;5;40;100mX[0;1;30;90;47m8[0;37;5;47;107mXX@@[0;37;5;40;100m8[0m    
     [0;35;5;40;100mt[0;1;37;97;47m.[0;1;30;90;47m8[0;1;37;97;47m [0;37;5;47;107m@S[0;1;30;90;47mt[0;37;5;47;107m%%S[0;1;30;90;47mt[0;37;5;47;107mXX[0;1;30;90;47mX%%@[0;37;5;47;107m@@[0;1;30;90;47mt[0;37;5;47;107mXSS[0;1;30;90;47m%[0;37;5;47;107m8[0;1;37;97;47m8 [0;37;5;40;100mS[0;1;37;97;47m [0;31;5;40;100m%[0m     
       [0;1;30;90;47mS[0;1;30;90;41m@[0;31;5;40;100m%[0;1;30;90;47m:[0;1;37;97;47mt[0;37;5;47;107m%%%[0;1;37;97;47m [0;1;30;90;47m@[0;35;5;40;100mt[0;31;5;40;100m@[0;1;37;97;47m..[0;31;5;40;100mS[0;35;5;40;100m%[0;1;30;90;47m8:[0;37;5;47;107mXXX[0;1;37;97;47mt[0;1;30;90;47mt[0;31;5;40;100mX[0;1;30;90;41m%[0;1;30;90;47mX[0m       
        [0;31;40mX[0;1;30;90;41m8[0;31;5;40;100m@[0;37;5;47;107m8SSS[0;1;37;97;47m%[0;1;30;90;41m88[0;1;31;91;41mX88X[0;1;30;90;41m88[0;1;37;97;47m;[0;37;5;47;107mXX@[0;1;37;97;47m8[0;31;5;40;100m8[0;1;30;90;41m@[0;31;40mX[0m        
          [0;35;5;40;100m [0;1;37;97;47mX[0;37;5;47;107mXXX8[0;35;5;40;100m [0;1;30;90;41m8t[0;1;31;91;41m.[0;1;30;90;41m.t8[0;35;5;40;100m [0;1;37;97;47m8[0;37;5;47;107m@@@[0;1;37;97;47mS[0;35;5;40;100m [0m          
             [0;1;30;90;47mt[0;1;37;97;47m [0;37;5;47;107m88[0;1;30;90;47m:8[0;1;37;97;47m8[0;37;5;47;107m8[0;1;30;90;47m8t[0;37;5;47;107m88[0;1;30;90;47m.%[0m             
               [0;31;5;40;100m%[0;37;5;40;100mS[0;1;37;97;47m%[0;37;5;47;107m@@@@[0;1;37;97;47m%[0;37;5;40;100mS[0;35;5;40;100mt[0m               
                  [0;36;5;40;100m [0;1;30;90;47mtt[0;36;5;40;100m [0m                  
