[0;30;42mX;;[0;1;30;90;42m::::;;;;;tttttt;;;;::::[0;30;42m;;;;;;;tttttt@[0m
[0;30;42m%[0;1;30;90;42m:::;;;ttt%%%%%%%%%%ttt;;:::::::....[0;30;42m..:S[0m
[0;30;42m%[0;1;30;90;42m::;;tt%%SSSXXXXXSSS%%%tt;;::::::....[0;30;42m..S[0m
[0;30;42m%[0;1;30;90;42m;;tt%S[0;33;42mSSXXXX@@@XXXXSSS%%%tttt;;;[0;1;30;90;42m:...[0;30;42m..S[0m
[0;30;42mt[0;1;30;90;42m;tt%S[0;1;30;90;43mX[0;33;5;43;103m::8[0;1;33;93;43mS[0;33;5;43;103mS:[0;37;5;43;103m%%%[0;33;5;43;103m8S:::::[0;1;33;93;43mXS[0;33;5;43;103mt;;;t[0;1;33;93;43m@[0;33;5;43;103m%t[0;32;43mS[0;1;30;90;42m....[0;30;42m.S[0m
[0;30;42mt[0;1;30;90;42mtt%SX[0;1;30;90;43m@[0;33;5;43;103m::@[0;1;30;90;43m88[0;33;5;43;103m8[0;37;5;43;103mSS[0;37;43mS[0;1;30;90;42m8[0;1;33;93;43m@[0;37;5;43;103mS%[0;33;5;43;103m:::[0;1;33;93;43mX[0;1;30;90;43mS[0;32;43m8[0;33;5;43;103mS;t[0;32;43m8[0;33;42mS[0;1;33;93;43m8[0;33;5;43;103mt[0;32;43mS[0;1;30;90;42m:...[0;30;42m.S[0m
[0;30;42mt[0;1;30;90;42mt%SSX[0;1;30;90;43m@[0;33;5;43;103m:[0;1;33;93;43m@[0;1;30;90;43m888[0;37;43mX[0;33;5;43;103m8[0;37;5;43;103m@[0;1;30;90;43m88[0;37;43mX[0;33;5;43;103m8[0;37;5;43;103mS%[0;33;5;43;103m:[0;1;30;90;43m@[0;32;43m8[0;1;30;90;43mXS[0;1;33;93;43mXXX[0;1;30;90;43mt::[0;33;5;43;103m8[0;32;43mS[0;1;30;90;42m:....[0;30;42mS[0m
[0;30;42mt[0;1;30;90;42mt%SX@[0;1;30;90;43m8[0;33;5;43;103m:8[0;1;33;93;43m8[0;37;5;43;103mXXX888[0;37;43m@@[0;1;33;93;43m8[0;37;5;43;103mSS[0;33;5;43;103m;[0;1;33;93;43m88[0;33;5;43;103m@;;[0;1;30;90;43mt[0;33;5;43;103mS[0;1;30;90;43m;::[0;1;33;93;43m8[0;32;43mS[0;1;30;90;42m:....[0;30;42mS[0m
[0;30;42mt[0;1;30;90;42mt%SX@[0;1;30;90;43m8[0;33;5;43;103m:[0;33;5;40;100m8[0;1;30;90;42m8[0;1;30;90;43m8[0;37;5;43;103mX@[0;1;33;93;47m8@[0;33;5;40;100m;[0;1;30;90;43m8[0;37;5;43;103mXXXS[0;33;5;43;103m8[0;1;30;90;42m88[0;1;33;93;43mX[0;33;5;43;103m;[0;1;30;90;43mS[0;33;5;43;103mX[0;1;30;90;43mt[0;1;30;90;42m;[0;1;30;90;43m:[0;33;5;43;103m;t[0;32;43mS[0;1;30;90;42m:....[0;30;42mS[0m
[0;30;42mt[0;1;30;90;42mt%SX@[0;1;30;90;43m8[0;33;5;43;103m.[0;37;5;43;103mS[0;1;33;93;43m8[0;1;30;90;43m8[0;37;43m@[0;1;30;90;43m8[0;37;43m88[0;33;47m8[0;37;5;43;103m@XXSS%[0;33;5;43;103mS[0;1;30;90;43m@XSStt[0;1;33;93;43m%[0;33;5;43;103mt;t[0;32;43mS[0;1;30;90;42m:....[0;30;42mS[0m
[0;30;42mt[0;1;30;90;42mt%SX@[0;1;30;90;43m8[0;33;5;43;103m:[0;37;5;43;103m%SSX[0;37;43mX[0;37;5;43;103mXXXXXSSS[0;33;5;43;103m::::;[0;1;30;90;43m%[0;33;5;43;103m;;;;;t[0;32;43mX[0;1;30;90;42m:....[0;30;42mS[0m
[0;30;42mS[0;1;30;90;42mtt%SX[0;32;43m8[0;33;5;43;103m::[0;37;5;43;103m%SSS[0;1;33;93;43m8[0;37;5;43;103mXXSSS%[0;33;5;43;103m::::;;8[0;1;33;93;43m@[0;33;5;43;103m;;;;t[0;33;42m8[0;1;30;90;42m:....[0;30;42m@[0m
[0;32;40m8[0;1;30;90;42m;t%%SX[0;33;5;43;103m%:::[0;37;5;43;103m%%S[0;33;5;43;103m8%[0;1;30;90;43m8[0;33;42m8[0;1;30;90;43m8[0;33;5;43;103m:::8[0;32;43m@[0;1;33;93;43m@[0;33;5;43;103m;;%[0;1;33;93;43mX[0;33;5;43;103m%;tS[0;33;42m:[0;1;30;90;42m....[0;30;42m.[0;32;40m8[0m
 [0;1;30;90;42m;;t%%S[0;1;30;90;43mS[0;33;5;43;103m:::::::X[0;1;33;93;43mX@[0;1;30;90;43m@X[0;33;5;43;103mXt[0;33;5;40;100m8[0;1;30;90;43m%[0;33;5;43;103mt;;;;;tt[0;1;30;90;43m.[0;1;30;90;42m:....[0;30;42m.[0m 
 [0;30;42mS[0;1;30;90;42m;;tt%S[0;33;5;43;103m8;;::::[0;1;33;93;43mS[0;1;30;90;43mXX[0;1;33;93;43mS[0;33;5;43;103m;[0;1;33;93;43m8S[0;1;30;90;43m%[0;32;43m8[0;1;30;90;42mt[0;1;30;90;43m;[0;33;5;43;103m;;;tt8[0;33;42m;[0;1;30;90;42m....[0;30;42m.S[0m 
  [0;1;30;90;42m::;;tt[0;33;42m8[0;33;5;43;103mS;;;;S[0;32;43m8[0;1;30;90;43mS[0;33;5;43;103mX;S[0;1;33;93;43mX[0;33;5;43;103m@[0;33;42m8[0;1;30;90;43m;[0;33;5;43;103m;;;;ttS[0;33;42m@[0;1;30;90;42m....[0;30;42m.:[0m  
  [0;32;40m8[0;1;30;90;42m:::;;;[0;33;42m8[0;33;5;43;103mX;;;t[0;1;30;90;43mt[0;33;42mXX[0;1;33;93;43mX[0;31;43m8[0;1;30;90;43m;[0;33;42mXS[0;1;33;93;43mS[0;33;5;43;103m;;ttt@[0;33;42m@[0;1;30;90;42m....[0;30;42m..[0;32;40m8[0m  
   [0;30;42m8[0;1;30;90;42m:::::;[0;33;42m%[0;1;33;93;43m@[0;33;5;43;103m;;;;;S8[0;1;30;90;43m:[0;33;5;43;103mS%;;tttt[0;1;33;93;43m@[0;33;42mt[0;1;30;90;42m....[0;30;42m..8[0m   
    [0;30;42m8[0;1;30;90;42m:::::::[0;32;43mS[0;33;5;43;103mX;;;;;[0;1;33;93;43mX[0;33;5;43;103m@tttttX[0;32;43m%[0;1;30;90;42m.....[0;30;42m..8[0m    
     [0;32;40mX[0;1;30;90;42m:::::::[0;33;42m;[0;1;30;90;43m:[0;33;5;43;103mXtttt[0;1;33;93;43m@X[0;33;5;43;103m%t@[0;1;30;90;43m:[0;33;42m;[0;1;30;90;42m....[0;30;42m..:[0;32;40mX[0m     
       [0;30;42mS[0;1;30;90;42m.::::::[0;33;42m:[0;32;43mS[0;1;33;93;43m8[0;33;5;43;103mttt%[0;1;33;93;43m@[0;32;43mS[0;33;42m:[0;1;30;90;42m....[0;30;42m...S[0m       
        [0;32;40mX[0;30;42m;[0;1;30;90;42m........[0;33;42mS[0;1;30;90;43m..[0;33;42mS[0;1;30;90;42m....[0;30;42m....t[0;32;40mX[0m        
          [0;32;40m@[0;30;42mt[0;1;30;90;42m..........[0;30;42m.....:t[0;32;40m@[0m          
             [0;30;42mS.........:::X[0m             
               [0;32;40m8[0;30;42m%::::::%[0;32;40m8[0m               
                  [0;32;40m@[0;30;42mXX[0;32;40m8[0m                  
