[0;37;5;40;100m8[0;1;30;90;42m8[0;30;42m;[0;1;30;90;42m::::;;;;;tttttt;;;;::::[0;30;42m;;;;;;;tttttt@[0m
[0;1;37;97;47m:[0;37;5;47;107mS[0;1;30;90;47m8[0;1;30;90;42m%;;;ttt%%%%%%%%%[0;32;5;40;100mS[0;36;5;40;100mt[0;1;30;90;42mtt;;:::::::....[0;30;42m..:S[0m
[0;1;37;97;47m;[0;37;5;47;107mtt8[0;36;5;40;100m [0;1;30;90;42mtt%%SSSXXXX[0;36;5;40;100m [0;37;5;40;100m%[0;1;30;90;47m8:.8[0;36;5;40;100m  [0;1;30;90;42mt;;::::::....[0;30;42m..S[0m
[0;1;37;97;47m;[0;37;5;47;107mtttt[0;1;37;97;47mt[0;36;5;40;100m%[0;1;30;90;42mSXX@@@@@@[0;32;5;40;100mX[0;1;37;97;47m.[0;1;30;90;47m.[0;1;37;97;47m:;[0;1;30;90;47m:.[0;32;5;40;100mS[0;1;30;90;42mtt;;::::::...[0;30;42m..S[0m
[0;1;37;97;47m;[0;37;5;47;107mtttt;t[0;1;37;97;47m [0;1;30;90;42m8@8888[0;32;5;40;100m@[0;1;30;90;47m8;[0;37;5;47;107m8[0;1;37;97;47m@..S8[0;1;30;90;47m%[0;37;5;40;100m%[0;1;30;90;42m@t;;:::::....[0;30;42m.S[0m
[0;1;37;97;47m;[0;37;5;47;107mttt;;;:S[0;1;30;90;47m8[0;1;30;90;42m888888[0;36;5;40;100mt[0;1;37;97;47m.%@8;[0;1;30;90;47m:[0;36;5;40;100m%[0;1;30;90;42mS%%t;;:::::...[0;30;42m.S[0m
[0;1;37;97;47m;[0;37;5;47;107mtt;;;::..8[0;37;5;40;100mt[0;1;30;90;42m8[0;32;5;40;100mXXX[0;37;5;40;100m%;[0;36;5;40;100m [0;1;37;97;47m:.[0;36;5;40;100m ; [0;1;30;90;42mXS%tt;:::::....[0;30;42mS[0m
[0;1;37;97;47m;[0;37;5;47;107mtt;;;::.   [0;1;37;97;47mt[0;36;5;40;100m %%[0;32;5;40;100m%SX[0;1;37;97;47m8@[0;32;5;40;100mS[0;1;30;90;42m8@XS%%t;;::::....[0;30;42mS[0m
[0;1;37;97;47m;[0;37;5;47;107mt;;;::..    :[0;1;37;97;47m [0;36;5;40;100m;t[0;32;5;40;100mSX[0;37;5;47;107mXX[0;36;5;40;100m%[0;1;30;90;42m8@[0;36;5;40;100m [0;37;5;40;100mt[0;1;30;90;42mX%t;;::::....[0;30;42mS[0m
[0;1;37;97;47m;[0;37;5;47;107mtt;;::..      X[0;1;30;90;47m8[0;32;5;40;100mSX[0;37;5;47;107mXX[0;36;5;40;100m%[0;1;30;90;42m88[0;1;37;97;47m 8[0;32;5;40;100m@[0;1;30;90;42m%t;;::::....[0;30;42mS[0m
[0;1;37;97;47m:[0;37;5;47;107mtt;;;::..       [0;1;37;97;47mS[0;36;5;40;100m.[0;37;5;47;107mX@[0;32;5;40;100mS[0;1;30;90;42m8@X[0;1;30;90;47m [0;32;5;40;100m@[0;1;30;90;42mtt;:::::....[0;30;42mS[0m
[0;1;30;90;47m;[0;37;5;47;107mtt;;;;::...;SX@@8[0;1;37;97;47mX@X.:[0;1;30;90;47m8[0;1;30;90;42m8[0;1;30;90;47m.[0;32;5;40;100m@[0;1;30;90;42mt;;:::::....[0;30;42m@[0m
[0;37;5;40;100mS[0;37;5;47;107mt@[0;1;37;97;47m%S%%%%tttS88888@@XXS%:;[0;1;30;90;47m%[0;36;5;40;100mt;;[0;32;5;40;100m%[0;36;5;40;100m [0;32;5;40;100mSS[0;37;5;40;100mS[0;1;37;97;47m.[0;1;30;90;47mt[0;1;30;90;42mS[0;30;42m.[0;32;40m8[0m
 [0;37;5;47;107mt%S8[0;1;37;97;47m8@@XXXSSX8[0;37;5;47;107m88888[0;1;37;97;47m888@ .[0;1;30;90;47mX[0;32;5;40;100mS[0;36;5;40;100m%t[0;32;5;40;100mX[0;36;5;40;100m.[0;32;5;40;100m@@[0;36;5;40;100m [0;1;30;90;47mS8[0;1;30;90;42mt[0;30;42m.[0m 
 [0;1;30;90;47m.[0;37;5;47;107mttttt;;;;;;t@88[0;1;37;97;47m8t%%;SX[0;1;30;90;47mX:[0;32;5;40;100m8[0;1;30;90;42m::::::....[0;30;42m.S[0m 
  [0;37;5;47;107mSttttttt;;;;;;;;[0;1;37;97;47mX88S[0;37;5;47;107mttt[0;1;30;90;47m [0;36;5;40;100m.[0;1;30;90;42m:::::....[0;30;42m.:[0m  
  [0;36;5;40;100m [0;37;5;47;107mttttttttttttttt[0;1;37;97;47mX88%[0;37;5;47;107mt8[0;1;37;97;47m;@t;[0;1;30;90;42m8::....[0;30;42m..[0;32;40m8[0m  
   [0;37;5;40;100m8[0;37;5;47;107m%ttttttttttttt[0;1;37;97;47mX88%[0;37;5;47;107mt%[0;1;37;97;47mSS[0;37;5;47;107m8%S[0;1;30;90;47m@[0;1;30;90;42m%...[0;30;42m..8[0m   
    [0;37;5;40;100m8[0;37;5;47;107m%%%%ttttttttt[0;1;37;97;47mX@8t[0;37;5;47;107m%%%%SSSS8[0;36;5;40;100m [0;1;30;90;42m.[0;30;42m..8[0m    
     [0;36;5;40;100m.[0;37;5;47;107m8%%%%%%%%%%%[0;1;37;97;47mS@8t[0;37;5;47;107m%SSSSSXXXX[0;1;37;97;47m;[0;32;5;40;100m8[0;32;40mX[0m     
       [0;1;30;90;47m [0;37;5;47;107mSSS%%%%%%%[0;1;37;97;47mSX@;[0;37;5;47;107mSSSXXXXX@@[0;1;30;90;47m.[0m       
        [0;36;5;40;100m.[0;1;37;97;47m@[0;37;5;47;107mSSSSSSSS[0;1;37;97;47m%SX;[0;37;5;47;107mXXXXX@@@[0;1;37;97;47mX[0;36;5;40;100m.[0m        
          [0;36;5;40;100m [0;1;37;97;47mX[0;37;5;47;107mXXXXXX[0;1;37;97;47m%%X:[0;37;5;47;107mXX@@@@[0;1;37;97;47mS[0;36;5;40;100m [0m          
             [0;1;30;90;47m.[0;37;5;47;107m@@@@[0;1;37;97;47mt%S.[0;37;5;47;107m@@@8[0;1;30;90;47m.[0m             
               [0;37;5;40;100mS[0;1;37;97;47m;[0;37;5;47;107m@[0;1;37;97;47m8.:S[0;37;5;47;107m@[0;1;37;97;47mt[0;37;5;40;100mS[0m               
                  [0;36;5;40;100m [0;1;30;90;47mtt[0;36;5;40;100m [0m                  
