[0;1;30;90;41m.[0;1;31;91;41mSSSSSSSSXXXXXXXXXXXXSSSSSSSSS%%%%%%ttt[0;30;41m:[0m
[0;1;31;91;41m;8[0;31;5;41;101m8888[0;33;41mX[0;31;43m8[0;31;5;41;101m8[0;33;41m@[0;31;43m8[0;31;5;41;101m8[0;33;41m@[0;1;30;90;43m%[0;31;5;41;101m8[0;33;41m@[0;1;30;90;43m%[0;31;5;41;101m8[0;33;41m@[0;31;43m8[0;1;30;90;43m%[0;1;31;91;41m8[0;31;5;41;101m8[0;1;30;90;43mt[0;1;31;91;41m8[0;31;5;41;101m8[0;1;30;90;43m;[0;1;31;91;41m88[0;1;30;90;43m:[0;1;31;91;41m@8[0;1;30;90;43m:[0;1;31;91;41mX888@@.[0m
[0;1;31;91;41m;[0;31;5;41;101m8[0;1;31;91;41m%[0;1;30;90;43mt[0;31;5;41;101m8[0;33;41m8[0;1;30;90;42m%[0;1;31;91;41mX[0;33;41m8[0;1;30;90;42mS[0;1;31;91;41m@[0;33;41m8[0;1;30;90;42mX[0;1;31;91;41m@[0;33;41m8[0;1;30;90;42mX[0;33;41m@8[0;1;30;90;42mX[0;33;41mX[0;31;43m8[0;1;30;90;42m%[0;1;31;91;41mX[0;33;41m8[0;33;42mX[0;1;31;91;41mS[0;33;41m8[0;33;42mS[0;33;41mS8[0;33;42mS[0;33;41m%@[0;33;42m%[0;33;41m%[0;1;31;91;41m@[0;1;30;90;43m.[0;1;31;91;41mS@:[0m
[0;1;31;91;41m;[0;31;5;41;101m8[0;33;41m@[0;1;30;90;42mt[0;31;5;41;101m8[0;1;30;90;42m%S[0;1;31;91;41m@[0;1;30;90;42mXX[0;1;31;91;41m8[0;1;30;90;42m@@[0;33;41m8[0;32;5;40;100m8[0;1;30;90;42m@[0;33;41m8[0;33;5;40;100m8[0;1;30;90;42m@[0;33;41m@[0;1;30;90;43mX[0;1;30;90;42mS[0;1;30;90;43mS[0;31;43m8[0;1;30;90;42mt[0;1;30;90;43mt[0;33;41m8[0;1;30;90;42m;[0;1;30;90;43m;[0;33;41m8[0;1;30;90;42m:[0;1;30;90;43m:[0;33;41m@[0;1;30;90;42m:[0;1;30;90;43m:[0;1;31;91;41m%[0;1;30;90;42m:[0;1;31;91;41m%8:[0m
[0;1;31;91;41m;[0;31;5;41;101m8[0;1;30;90;43mt[0;1;30;90;42mt[0;32;43m8[0;33;42m8[0;1;30;90;42mS@[0;1;30;90;43m@[0;1;30;90;42m@8[0;33;5;40;100m8[0;1;30;90;42m88[0;33;5;40;100m8[0;1;30;90;42m88[0;1;30;90;43m8[0;1;30;90;42m8[0;1;30;90;43m8[0;33;5;40;100m8[0;1;30;90;42mX[0;1;30;90;43mX[0;1;30;90;42mS%[0;1;30;90;43m%[0;1;30;90;42mt;[0;32;43m8[0;1;30;90;42m;:[0;32;43m8[0;1;30;90;42m::[0;33;42m8[0;1;30;90;42mS:[0;33;41m%[0;1;31;91;41m8:[0m
[0;1;31;91;41m;[0;31;5;41;101m88[0;33;41m@[0;1;30;90;43mSX@[0;1;30;90;42m88[0;32;43m8[0;1;30;90;43m88[0;37;43mSSXSS[0;1;30;90;43m8888@XXS%tt;;[0;33;42m@[0;1;30;90;42m:[0;33;42m%[0;1;30;90;43m::[0;31;43m8[0;1;31;91;41mS@8:[0m
[0;1;31;91;41m;[0;33;41m@[0;1;30;90;43m%SXX[0;1;30;90;42m888[0;1;30;90;43m8[0;37;5;43;103mSXXXXXX[0;1;33;93;43m8[0;33;5;43;103mX[0;1;30;90;43m8[0;1;33;93;43m8[0;33;5;43;103m8t::;;;;;[0;32;43mX[0;1;30;90;42m:::[0;33;42m@88[0;33;41m8t[0;1;31;91;41m:[0m
[0;1;31;91;41m;88@[0;1;30;90;43mX@8[0;1;30;90;42m88[0;1;30;90;43m8[0;37;5;43;103mXXXXXX@[0;32;5;40;100mS[0;33;5;40;100mX[0;1;30;90;42m8[0;33;5;40;100m8[0;1;30;90;42m8[0;1;30;90;43m8[0;33;5;43;103m::;;;;;[0;32;43mX[0;1;30;90;42m:[0;33;42mt[0;1;30;90;43m:[0;33;41m8X[0;1;31;91;41mX[0;33;41m%[0;1;31;91;41mX:[0m
[0;1;31;91;41m;[0;33;41m8[0;1;30;90;43mS[0;1;30;90;42mSX@888[0;1;30;90;43m8[0;37;5;43;103mXXXXX[0;1;33;93;47m@[0;37;43m8[0;32;5;40;100mSS[0;1;30;90;42m888[0;1;30;90;43m8[0;33;5;43;103m::;;;;;[0;32;43mX[0;1;30;90;42m::::S[0;33;42m@[0;33;41mS[0;1;31;91;41m%:[0m
[0;1;31;91;41m;[0;33;41m@8[0;1;31;91;41m@[0;33;41m8[0;1;30;90;43m@8[0;1;30;90;42m88[0;1;30;90;43m8[0;37;5;43;103mXXXXX[0;33;5;40;100m%%[0;32;5;40;100mSX[0;1;30;90;42m888[0;1;30;90;43m8[0;1;33;93;43mX@[0;33;5;43;103m;;;;;[0;32;43mX[0;1;30;90;42m::[0;1;30;90;43m;[0;33;41m8S%8S[0;1;31;91;41m:[0m
[0;1;31;91;41m;X[0;33;41m8[0;1;30;90;42mSX@888[0;1;30;90;43m8[0;37;5;43;103mSXXXX[0;1;30;90;43m8[0;32;5;40;100mSX[0;1;30;90;42m88888@[0;1;30;90;43mX[0;33;5;43;103m;;;;;[0;32;43mX[0;1;30;90;42m::[0;33;42mX[0;1;30;90;42m:t[0;1;30;90;43m:[0;1;31;91;41mS8:[0m
[0;1;30;90;41m;[0;31;43m88[0;33;41m@8[0;1;30;90;43mX[0;33;5;40;100m8[0;1;30;90;42m88[0;1;30;90;43m8[0;37;5;43;103mSSSSX[0;1;30;90;43m8[0;1;30;90;42m888888@X[0;33;42m8[0;33;5;43;103m;;;;;[0;33;42m8[0;1;30;90;42m:[0;33;42m%S[0;31;43m8[0;33;41m@8[0;31;43m8[0;33;41mX[0;30;41m.[0m
[0;30;41mS[0;31;5;41;101m8[0;33;41mS[0;1;30;90;43m%[0;33;42m8[0;1;30;90;43mXX@[0;1;30;90;42m@8[0;33;5;43;103mS[0;37;5;43;103m%%SS[0;1;30;90;43m8[0;1;30;90;42m88888@XS[0;33;42m8[0;33;5;43;103m;;;;@[0;1;30;90;42m::[0;33;42m@[0;33;41m8[0;1;30;90;43m::[0;33;41m8[0;1;31;91;41m@8[0;30;41mX[0m
 [0;31;5;41;101m88[0;33;41m88[0;1;30;90;43mS[0;1;30;90;42mSS[0;1;30;90;43mX[0;1;30;90;42m@[0;1;30;90;43m@[0;33;5;43;103m::::[0;1;30;90;43m8[0;1;30;90;42m88@@XXS%[0;32;43m8[0;33;5;43;103m;;;;[0;32;43mX[0;1;30;90;42m:[0;1;30;90;43m;[0;1;30;90;42m:t[0;1;30;90;43m:[0;31;43m8[0;33;41m8[0;1;31;91;41m88[0m 
 [0;1;31;91;41m.@[0;33;41mSX8[0;31;43m8[0;33;41m8[0;1;30;90;43mS[0;1;30;90;42mSX[0;1;30;90;43mX[0;33;5;43;103m:::t[0;33;42m8[0;1;30;90;42mXXSS%%[0;33;42m8[0;33;5;43;103mX;;;[0;1;30;90;43m:[0;1;30;90;42m::[0;33;42mX[0;33;41mXS%[0;1;31;91;41m@SX.[0m 
  [0;1;31;91;41m8[0;31;5;41;101m8[0;31;43m8[0;1;30;90;43mt[0;33;42m8[0;1;30;90;42mt%[0;1;30;90;43m%[0;33;42m8[0;1;30;90;42m%[0;1;30;90;43m%[0;33;5;43;103m;;;[0;1;33;93;43m8[0;1;30;90;42mS%%%t[0;33;42m%[0;33;5;43;103mS;;t[0;1;30;90;43m:[0;1;30;90;42m:[0;33;42m%[0;33;41m8[0;33;42m8[0;1;30;90;42mS[0;33;42m@[0;31;43m8[0;33;41m8[0;1;31;91;41m8@[0m  
  [0;30;41m@[0;31;5;41;101m8[0;1;31;91;41m88@[0;33;41mS8[0;33;42m8[0;1;30;90;42mt%t[0;32;43m8[0;33;5;43;103m8;8[0;1;30;90;42mttt;;[0;33;42m@[0;33;5;43;103m;;8[0;32;43m8[0;1;30;90;42m:[0;33;42mX[0;1;30;90;42m:S[0;31;43m8[0;33;41mXS[0;1;31;91;41mX88[0;30;41m@[0m  
   [0;30;41mt[0;1;31;91;41m8[0;33;41mX8[0;31;43m8[0;1;30;90;43m;;[0;33;41m8[0;33;42m8[0;1;30;90;42m;[0;33;42mS[0;1;30;90;42mt[0;1;30;90;43m;[0;33;5;43;103m@S[0;1;33;93;43m888[0;33;5;43;103m8%@[0;32;43mt[0;1;30;90;42m:[0;33;42m%[0;1;30;90;42m:X[0;33;41mX88Xt%[0;1;31;91;41m@[0;30;41mt[0m   
    [0;30;41m%[0;1;31;91;41m88[0;33;41m8[0;1;30;90;43m;;[0;1;30;90;42m;;[0;1;30;90;43m;;[0;1;30;90;42m::;[0;32;43m@[0;1;33;93;43mX[0;33;5;43;103mtt[0;1;33;93;43m@[0;32;43mX[0;1;30;90;42m:::[0;33;42m%[0;33;41mX[0;33;42mX[0;1;30;90;42m:[0;33;42mX[0;1;30;90;43m.[0;33;41m8[0;1;31;91;41mX@[0;30;41m%[0m    
     [0;30;41m8[0;1;31;91;41mX@8XS[0;33;41m%[0;31;43m8[0;1;30;90;42m:[0;33;42m%[0;33;41m8[0;1;30;90;42m:::[0;33;42mtt[0;1;30;90;42m:::[0;1;30;90;43m:[0;32;43m8[0;1;30;90;42m.[0;33;42m8[0;33;41mX[0;1;31;91;41mS88@S[0;30;41m8[0m     
       [0;1;31;91;41m:88[0;1;30;90;43m:[0;33;41m@8SS[0;33;42mS[0;1;30;90;42m:[0;1;30;90;43m:[0;1;30;90;42m::..[0;32;43m8[0;1;30;90;42mt;[0;33;41m@[0;1;31;91;41m%[0;33;41mSS8[0;1;31;91;41mS@.[0m       
        [0;31;40m8[0;1;31;91;41mS88[0;33;41m8[0;31;43m8[0;1;30;90;43m:[0;31;43m8[0;33;41mS[0;1;30;90;43m:[0;1;30;90;42mX[0;33;42m8[0;1;30;90;42mS[0;33;42m8S[0;33;41mt8[0;31;43m88[0;1;30;90;43m.[0;1;31;91;41m@@%[0;30;41m8[0m        
          [0;30;41m8[0;1;31;91;41m%@8[0;33;41mS8[0;33;42m8@[0;33;41m88[0;33;42m@[0;33;41mX[0;33;42m8@[0;33;41m8@[0;1;31;91;41m@@%[0;30;41m8[0m          
             [0;1;31;91;41m.%8888[0;32;43m8[0;30;42m;[0;1;31;91;41m@@@@S.[0m             
               [0;30;41mX[0;1;31;91;41m;@@@X@@t[0;30;41mS[0m               
                  [0;30;41m@. @[0m                  
