[0;1;30;90;47mS[0;1;33;93;43m8@@@@[0;33;5;43;103m8[0;1;37;97;47mX88888[0;1;33;93;47m8[0;33;5;43;103m8[0;1;33;93;43m88@@[0;1;33;93;47m8[0;1;37;97;47m@8888S[0;1;33;93;43m@@@XX@[0;1;37;97;47m%SSS%%%[0;1;30;90;47mS[0m
[0;1;37;97;47m:[0;37;5;47;107m%[0;1;37;97;47m8[0;33;5;43;103m;;;;;[0;37;5;43;103m8[0;37;5;47;107m%ttt;%[0;37;5;43;103m@[0;33;5;43;103m;;;;;[0;1;37;97;47m8[0;37;5;47;107mtttt%[0;1;33;93;47mX[0;33;5;43;103mttttt[0;1;33;93;47m8[0;37;5;47;107mXXX@@[0;1;37;97;47m [0m
[0;1;37;97;47m;[0;37;5;47;107mtt%[0;37;5;43;103m8[0;33;5;43;103m;;;;;[0;1;37;97;47m8[0;37;5;47;107m;;;;;[0;1;37;97;47m8[0;33;5;43;103m;;;;;[0;37;5;43;103m8[0;37;5;47;107m%ttttS[0;37;5;43;103m@[0;33;5;43;103mtttt%[0;1;37;97;47m8[0;37;5;47;107mX@@[0;1;37;97;47m [0m
[0;1;37;97;47m;[0;37;5;47;107mttttS[0;37;5;43;103mX[0;33;5;43;103m;;::[0;37;5;43;103m@[0;37;5;47;107m%::::;[0;1;33;93;47mS[0;33;5;43;103m::;;;[0;1;33;93;47mX[0;37;5;47;107mttttt[0;1;37;97;47m8[0;33;5;43;103mttt%%%[0;1;37;97;47m8[0;37;5;47;107m@[0;1;37;97;47m [0m
[0;1;37;97;47m;[0;37;5;47;107mtttt;;[0;1;37;97;47m8[0;37;5;43;103mS[0;33;5;43;103m::::[0;37;5;43;103m@[0;37;5;47;107m:..::t[0;37;5;43;103m8[0;33;5;43;103m::;;;[0;1;37;97;47m8[0;37;5;47;107mtttt%[0;1;33;93;47mS[0;33;5;43;103mtt%%%[0;37;5;43;103m8[0;1;30;90;47m [0m
[0;1;37;97;47m;[0;37;5;47;107mttt;;;:;[0;1;33;93;47mX[0;37;5;43;103mSSSSX[0;37;5;47;107mt....:%[0;37;5;43;103mX[0;33;5;43;103m:;;;[0;37;5;43;103m@[0;37;5;47;107mStt%%S[0;37;5;43;103m8[0;33;5;43;103mt%%%[0;1;30;90;43m.[0m
[0;1;37;97;47m;[0;37;5;47;107mtt;;;::..:[0;37;5;43;103mXXXXXX[0;37;5;47;107m; ..:;[0;1;37;97;47m8[0;33;5;43;103m:;;;;[0;1;33;93;47m@[0;37;5;47;107m%t%%%[0;1;37;97;47m8[0;33;5;43;103m%%%[0;1;30;90;43m [0m
[0;1;37;97;47m;[0;37;5;47;107mtt;;;::.   ;[0;37;5;43;103mX@@@XS[0;37;5;47;107m:..::t[0;37;5;43;103m8[0;33;5;43;103m;;;;;[0;1;37;97;47m8[0;37;5;47;107m%%%SS[0;1;37;97;47m8[0;33;5;43;103m%[0;1;33;93;43mt[0m
[0;1;37;97;47m;[0;37;5;47;107mt;;;::..    .t[0;37;5;43;103m@@@XX[0;1;37;97;47m8[0;37;5;47;107m:::;;S[0;37;5;43;103mS[0;33;5;43;103m;;;;[0;37;5;43;103mS[0;37;5;47;107mX%SSS@[0;37;43m8[0m
[0;1;37;97;47m;[0;37;5;47;107mtt;;::..      :[0;37;5;43;103mSXXSS@[0;37;5;47;107m%:;;;t[0;1;37;97;47m8[0;33;5;43;103m;;;tt[0;37;5;43;103m8[0;37;5;47;107mXSXX[0;1;37;97;47m.[0m
[0;1;37;97;47m:[0;37;5;47;107mtt;;;::..       ;[0;37;5;43;103m@SS[0;33;5;43;103m::[0;37;5;43;103m8[0;37;5;47;107m%;;tt%[0;37;5;43;103m8[0;33;5;43;103m;tttt[0;1;33;93;47mS[0;37;5;47;107mXX[0;1;37;97;47m [0m
[0;1;30;90;47m;[0;37;5;47;107mtt;;;;::...      .[0;1;37;97;47m8[0;37;5;43;103mS[0;33;5;43;103m:::;[0;1;33;93;47m@[0;37;5;47;107mtttttX[0;33;5;43;103mtttt%%[0;1;37;97;47m8[0;1;30;90;47mt[0m
[0;37;5;40;100mS[0;37;5;47;107mttt;;;;:::.......::;[0;37;5;43;103m8[0;33;5;43;103m:;;;;[0;1;37;97;47m8[0;37;5;47;107mttt%%[0;1;37;97;47m8[0;33;5;43;103mt%%%%[0;1;30;90;43mX[0m
 [0;37;5;47;107mttttt;;;;:::::::::;;;S[0;37;5;43;103mX[0;33;5;43;103m;;;;[0;37;5;43;103mS[0;37;5;47;107mS%%%SX[0;37;5;43;103m8[0;33;5;43;103m%%S[0m 
 [0;1;30;90;47m.[0;37;5;47;107mttttt;;;;;;;;;;;;;;;tt[0;1;37;97;47m8[0;33;5;43;103m;;;;t[0;37;5;43;103m8[0;37;5;47;107mSSSSX[0;1;37;97;47m8[0;33;5;43;103m%[0;1;30;90;43m [0m 
  [0;37;5;47;107mSttttttt;;;;;;;;;tttttt%[0;37;5;43;103m8[0;33;5;43;103m;tttt[0;1;33;93;47mS[0;37;5;47;107mXXXX8[0m  
  [0;36;5;40;100m [0;37;5;47;107mttttttttttttttttttttttt%X[0;33;5;43;103mtttt%%[0;1;37;97;47m8[0;37;5;47;107mX@[0;36;5;40;100m [0m  
   [0;37;5;40;100m8[0;37;5;47;107m%ttttttttttttttttttt%%%%S[0;1;37;97;47m8[0;33;5;43;103m%%%%%[0;37;5;43;103m@[0;37;5;40;100m8[0m   
    [0;37;5;40;100m8[0;37;5;47;107m%%%%tttttttttttt%%%%%SSSSX[0;37;5;43;103m8[0;33;5;43;103m%SS[0;1;30;90;43m.[0m    
     [0;36;5;40;100m.[0;37;5;47;107m8%%%%%%%%%%%%%%%%SSSSSXXXX[0;1;37;97;47m8[0;33;5;43;103m@[0;31;43m8[0m     
       [0;1;30;90;47m [0;37;5;47;107mSSS%%%%%%%SSSSSSSXXXXX@@[0;1;30;90;47m.[0m       
        [0;36;5;40;100m.[0;1;37;97;47m@[0;37;5;47;107mSSSSSSSSSSSXXXXXX@@@[0;1;37;97;47mX[0;36;5;40;100m.[0m        
          [0;36;5;40;100m [0;1;37;97;47mX[0;37;5;47;107mXXXXXXXXXXXX@@@@[0;1;37;97;47mS[0;36;5;40;100m [0m          
             [0;1;30;90;47m.[0;37;5;47;107m@@@@@@@@@@@8[0;1;30;90;47m.[0m             
               [0;37;5;40;100mS[0;1;37;97;47m;[0;37;5;47;107m@@@@@@[0;1;37;97;47mt[0;37;5;40;100mS[0m               
                  [0;36;5;40;100m [0;1;30;90;47mtt[0;36;5;40;100m [0m                  
