[0;1;30;90;43m.[0;1;33;93;43m8888[0;33;5;43;103m88888888888888888888[0;1;33;93;43m888@@@@@@XXXXX[0;1;30;90;43m [0m
[0;1;33;93;43m%[0;33;5;43;103mt;;;;;;;t[0;1;33;93;43mX[0;1;30;90;43m8[0;33;5;40;100mX[0;1;30;90;43m8[0;33;5;43;103mS;;;;;;;;;;;[0;1;33;93;43m@%%[0;1;30;90;43m%[0;33;5;43;103mStt%%%%SS[0;1;30;90;43m [0m
[0;1;33;93;43m%[0;33;5;43;103m;;;;;;;;[0;1;30;90;43m8888[0;33;5;40;100mt%[0;1;30;90;43m8[0;33;5;43;103m@t@[0;1;33;93;43mS[0;1;30;90;43m88@X[0;33;5;43;103mX;[0;1;33;93;43mX[0;33;5;43;103m@;X[0;1;30;90;43mS[0;33;5;43;103mttt%%%SS[0;1;30;90;43m [0m
[0;1;33;93;43m%[0;33;5;43;103m;;;;;;;;;;::[0;33;5;40;100mS[0;36;5;40;100m;::[0;33;5;40;100m;[0;36;5;40;100m;;t[0;33;5;40;100m%[0;36;5;40;100mt[0;30;5;40;100m%S[0;33;5;40;100m8[0;1;30;90;43mX[0;1;33;93;43m%[0;1;30;90;43m%S[0;33;5;43;103m@ttt%%%%S[0;1;33;93;43mt[0m
[0;1;33;93;43mS[0;33;5;43;103m;;;;;;;[0;1;33;93;43mX[0;1;30;90;43m8888[0;33;5;40;100m;[0;36;5;40;100m ..::[0;33;5;40;100m%[0;1;33;93;43m8[0;33;5;43;103m@[0;1;30;90;43m8[0;33;5;40;100mS[0;30;5;40;100mSS[0;33;5;40;100m8[0;1;30;90;43mXS@S%%[0;33;5;43;103mSt%%%%[0;1;33;93;43mt[0m
[0;1;33;93;43mS[0;33;5;43;103m;;;;;%[0;1;30;90;43m8[0;37;43mSXX[0;1;30;90;43m8[0;33;5;40;100mt;;::t[0;37;43mX[0;33;5;43;103m;:::;[0;1;33;93;43m@[0;1;30;90;43m888X%S%[0;33;5;43;103m8%tt%%%[0;1;33;93;43mt[0m
[0;1;33;93;43mS[0;33;5;43;103m;;;;;:[0;1;33;93;43m88[0;37;5;43;103m%SSXXXXXSS%[0;33;5;43;103m::::;;;;;;;X[0;1;30;90;43mS[0;33;5;43;103m%tt%%%[0;1;33;93;43mt[0m
[0;1;33;93;43mS[0;33;5;43;103m;;;;:::[0;37;5;43;103m%SSX@@XXXXXS%[0;33;5;43;103m:::;;;;;;;;tttt%%%[0;1;33;93;43mt[0m
[0;1;33;93;43mS[0;33;5;43;103m;;;;:::[0;37;5;43;103m%[0;33;5;43;103mS[0;37;43m8[0;33;5;40;100m   [0;1;33;93;47m8[0;37;5;43;103mXXXXSS[0;33;5;43;103m:::;;[0;1;33;93;43mSSS[0;1;30;90;43mS[0;33;5;43;103m@;tttt%%%[0;1;33;93;43mt[0m
[0;1;33;93;43mS[0;33;5;43;103m;;;;::::[0;1;33;93;43m8[0;37;43m@[0;33;47m88[0;33;5;40;100m [0;36;5;40;100m [0;33;5;40;100m [0;33;47m8[0;37;5;43;103m8[0;37;43m8[0;1;30;90;43m888[0;33;5;40;100mS[0;1;30;90;43m88[0;33;5;43;103mt@@;X[0;1;30;90;43mX[0;33;5;43;103m;tttt%%%[0;1;33;93;43mt[0m
[0;1;33;93;43m%[0;33;5;43;103m;;;;;:::[0;37;5;43;103m%SSX[0;33;5;40;100m.[0;36;5;40;100m      [0;33;5;40;100m:;[0;36;5;40;100m:;;[0;33;5;40;100mS[0;1;30;90;43m8XX@[0;33;5;43;103m@;tttt%%%[0;1;30;90;43m [0m
[0;1;30;90;43m:[0;33;5;43;103m;;;;;;X[0;37;43mSX[0;1;30;90;43m8[0;33;5;40;100m%;.[0;36;5;40;100m    [0;33;5;40;100m [0;1;30;90;43m8[0;33;5;43;103mt;[0;1;33;93;43mX[0;33;5;40;100m@%[0;36;5;40;100mt[0;33;5;40;100mS[0;1;30;90;43m8X@@%S[0;33;5;43;103mXtt%%%[0;1;30;90;43m [0m
[0;1;30;90;43m:[0;33;5;43;103m;;;;;%[0;1;33;93;43m8[0;1;30;90;43m8[0;37;43mSXX[0;1;30;90;43m8888[0;33;5;40;100m%[0;1;30;90;43m8[0;33;5;43;103mX:::;;t[0;1;33;93;43m@[0;1;30;90;43m@XS[0;1;33;93;43mXX[0;1;30;90;43mS[0;1;33;93;43mS[0;33;5;43;103mtt%%%%[0;1;30;90;43m.[0m
 [0;33;5;43;103m;;;;;;[0;1;33;93;43m@[0;33;5;43;103mS;::::::::::;;;;;;;;;;tt[0;1;33;93;43mS[0;33;5;43;103m%t%%%S[0m 
 [0;1;30;90;43m.[0;33;5;43;103m;;;;;;;;;S[0;1;30;90;43m8[0;1;33;93;43mX[0;33;5;43;103m;;;;;;;;;;;;;@[0;1;33;93;43m@[0;33;5;43;103m%tttt%%%%[0;1;30;90;43m [0m 
  [0;33;5;43;103mt;;;;;t[0;1;30;90;43m@[0;33;5;40;100m8%[0;30;5;40;100m%[0;33;5;40;100mX[0;1;30;90;43m8[0;33;5;43;103m%;;;;;;;;;;[0;1;30;90;43m%[0;33;5;43;103m@S[0;1;30;90;43m%[0;1;33;93;43mS[0;33;5;43;103mtt%%%%S[0m  
  [0;1;30;90;43m.[0;33;5;43;103m;;;;;;SXX[0;1;33;93;43m8[0;33;5;40;100mX[0;30;5;40;100mS[0;33;5;40;100mS[0;1;30;90;43m888[0;33;5;40;100m@@@@8[0;1;30;90;43m@[0;1;33;93;43m@[0;33;5;43;103m%8t[0;1;33;93;43mX[0;1;30;90;43m%[0;33;5;43;103mt%%%%S[0;1;30;90;43m.[0m  
   [0;1;30;90;43m.[0;33;5;43;103mt;;;;;;;t[0;33;5;40;100m8[0;30;5;40;100mXXXXXX[0;33;5;40;100m88[0;30;5;40;100m@@X@[0;1;30;90;43m@%%@t[0;33;5;43;103mS%%%S[0;1;30;90;43m [0m   
    [0;1;30;90;43m:[0;33;5;43;103mtS[0;1;30;90;43mt%X[0;33;5;40;100m88[0;30;5;40;100m@@X@@@[0;31;5;40;100mS[0;1;30;90;43m%[0;33;5;43;103mttX[0;1;30;90;43mS[0;33;5;40;100m8[0;30;5;40;100mX@[0;31;5;40;100mS[0;33;5;40;100m8[0;1;30;90;43mXXt%[0;1;33;93;43m8[0;33;5;43;103mS[0;1;30;90;43m.[0m    
     [0;1;30;90;43m.[0;33;5;43;103mX[0;1;33;93;43m8[0;1;30;90;43mS[0;1;33;93;43m@[0;33;5;43;103m8[0;1;33;93;43m@S%%[0;1;30;90;43m%S[0;1;33;93;43m%[0;33;5;43;103m%tttttt%[0;1;33;93;43m@X@[0;33;5;43;103mSX[0;1;30;90;43mt%[0;33;5;43;103m@[0;31;43m8[0m     
       [0;1;30;90;43m.[0;33;5;43;103m%tttttttttttttt%%%%%%%SS[0;1;30;90;43m [0m       
        [0;31;43m8[0;1;33;93;43m@[0;33;5;43;103m%%%%%%%%%%%%%%%%%SSS[0;1;33;93;43mX[0;31;43m8[0m        
          [0;1;30;90;43m.[0;1;33;93;43m@[0;33;5;43;103m%%%%%%%%%%%%SSSS[0;1;33;93;43mX[0;1;30;90;43m [0m          
             [0;1;30;90;43m [0;33;5;43;103mSSSSSSSSSSSS[0;1;30;90;43m [0m             
               [0;1;30;90;43m.[0;1;33;93;43mS[0;33;5;43;103mSSSSSS[0;1;33;93;43mS[0;1;30;90;43m [0m               
                  [0;1;30;90;43m    [0m                  
