[0;1;30;90;44m.[0;1;34;94;44mSSSSSX[0;1;30;90;47m%[0;1;37;97;47m8S[0;35;5;40;100m.[0;1;31;91;41mXXXXXXXXXXSSSSSSSS[0;35;5;40;100m;[0;1;37;97;47mtX[0;1;30;90;47mS[0;1;34;94;44mS%%ttt[0;30;44m:[0m
[0;1;34;94;44m;8[0;34;5;44;104m888888[0;1;30;90;47m8[0;37;5;47;107m8t[0;1;37;97;47m:[0;31;5;41;101m@888888888888888[0;1;37;97;47m [0;37;5;47;107m%8[0;37;5;40;100m.[0;1;34;94;44m88888@@.[0m
[0;1;34;94;44m;[0;34;5;44;104m888888888[0;1;30;90;47mX[0;37;5;47;107mtt[0;1;30;90;47mX[0;31;5;41;101m888888888888[0;1;30;90;47m8[0;37;5;47;107mS%[0;1;30;90;47m8[0;34;5;44;104m8[0;1;34;94;44m8888888@:[0m
[0;1;34;94;44m;[0;34;5;44;104m8888888888[0;36;5;44;104m@[0;1;37;97;47mt[0;37;5;47;107m:@[0;1;30;90;47m8[0;31;5;41;101m@8888888[0;1;30;90;47m8[0;37;5;47;107m8t[0;1;37;97;47m:[0;34;5;44;104m88[0;1;34;94;44m888888888:[0m
[0;1;37;97;47m [0;1;30;90;47m8[0;34;5;44;104m8888888@@@@[0;1;30;90;47m8[0;37;5;47;107m@.8[0;35;5;41;101mX[0;31;5;41;101m@@88[0;35;5;41;101m@[0;1;37;97;47mt[0;37;5;47;107m;8[0;1;30;90;47m8[0;34;5;44;104m8888[0;1;34;94;44m8888888[0;1;30;90;47m8;[0m
[0;1;30;90;47m:[0;37;5;47;107mt[0;1;37;97;47m@[0;36;5;44;104m@[0;34;5;44;104m8888@@@XXXX[0;1;37;97;47m [0;37;5;47;107m:.[0;1;37;97;47m [0;31;5;41;101mX@[0;1;37;97;47m [0;37;5;47;107m;t[0;1;30;90;47m8[0;34;5;44;104m888888[0;1;34;94;44m88888[0;34;5;44;104m8[0;1;37;97;47mt[0;37;5;47;107mX[0;1;30;90;47mt[0m
[0;1;31;91;41m;[0;1;30;90;47m8[0;37;5;47;107m@;[0;1;37;97;47m [0;34;5;44;104m@8@@XXXXXXX[0;36;5;44;104mS[0;1;37;97;47mt[0;37;5;47;107m %S:[0;1;37;97;47m;[0;34;5;44;104m@88888888[0;1;34;94;44m88[0;34;5;44;104m8[0;1;37;97;47m [0;37;5;47;107mS8[0;1;30;90;47m8[0;1;31;91;41m:[0m
[0;1;31;91;41m;[0;31;5;41;101m88[0;1;37;97;47m [0;37;5;47;107m;t[0;1;30;90;47m@[0;34;5;44;104m@XXXXS[0;36;5;44;104mXXX[0;34;5;44;104mSX[0;1;30;90;47m8[0;37;5;47;107m@8[0;1;30;90;47m8[0;34;5;44;104m@8888888888[0;1;30;90;47m8[0;37;5;47;107m@S[0;1;30;90;47mX[0;1;31;91;41m88:[0m
[0;1;31;91;41m;[0;31;5;41;101m888[0;35;5;41;101m@[0;1;37;97;47mX[0;37;5;47;107m:@[0;1;30;90;47m8[0;34;5;44;104mXXX[0;36;5;44;104mXXXXX[0;34;5;44;104mSXXX@@@8888888[0;36;5;44;104m8[0;1;37;97;47m@[0;37;5;47;107m%[0;1;37;97;47mt[0;31;5;41;101m8[0;1;31;91;41m888:[0m
[0;1;31;91;41m;[0;31;5;41;101m88888[0;1;30;90;47m8[0;37;5;47;107mX.[0;1;37;97;47mS[0;37;5;44;104m8[0;34;5;44;104mX[0;36;5;44;104mXXXXX[0;34;5;44;104mXXXX@@@888888[0;1;37;97;47m [0;37;5;47;107mt8[0;1;30;90;47m8[0;1;31;91;41m88888:[0m
[0;1;31;91;41m;[0;31;5;41;101m88888@@[0;1;37;97;47m [0;37;5;47;107m:.[0;1;37;97;47m [0;36;5;44;104mX[0;34;5;44;104mXSXXXXXX@@88888[0;1;30;90;47m8[0;37;5;47;107m%%[0;1;30;90;47m@[0;31;5;41;101m8[0;1;31;91;41m888888:[0m
[0;1;30;90;41m:[0;31;5;41;101m888888@@[0;35;5;41;101mX[0;1;37;97;47mS[0;37;5;47;107m.%[0;1;30;90;47m8[0;34;5;44;104mXXXXX@@@8888[0;1;30;90;47m8[0;37;5;47;107m8t[0;1;37;97;47m:[0;31;5;41;101m8[0;1;31;91;41m88888888[0;30;41m.[0m
[0;30;41mS[0;31;5;41;101m88888888@@[0;1;30;90;47m8[0;37;5;47;107m@.8[0;36;5;44;104mX[0;34;5;44;104m@@@@@888@[0;1;37;97;47m;[0;37;5;47;107mt8[0;1;30;90;47m8[0;31;5;41;101m88[0;1;31;91;41m88888888[0;30;41mX[0m
 [0;31;5;41;101m8888888888@@[0;1;37;97;47mt[0;37;5;47;107m:[0;1;37;97;47m [0;34;5;44;104m@@888888[0;1;37;97;47m [0;37;5;47;107mt[0;1;37;97;47m;[0;31;5;41;101m888[0;1;31;91;41m888888888[0m 
 [0;1;31;91;41m.[0;31;5;41;101m88888888888[0;1;37;97;47m [0;37;5;47;107m;[0;1;37;97;47m [0;34;5;44;104m88888888[0;1;37;97;47m [0;37;5;47;107mt[0;1;37;97;47m [0;31;5;41;101m88[0;1;31;91;41m888888888.[0m 
  [0;1;31;91;41m8[0;31;5;41;101m8888888888[0;1;37;97;47m [0;37;5;47;107m;[0;1;37;97;47m [0;34;5;44;104m88888888[0;1;37;97;47m [0;37;5;47;107mt[0;1;37;97;47m [0;31;5;41;101m8[0;1;31;91;41m888888888@[0m  
  [0;30;41m@[0;31;5;41;101m8888888888[0;1;37;97;47m [0;37;5;47;107mt[0;1;37;97;47m [0;34;5;44;104m88888888[0;1;30;90;47mS[0;37;5;47;107mt[0;1;37;97;47m [0;1;31;91;41m8888888888[0;30;41m@[0m  
   [0;30;41mt[0;1;31;91;41m88[0;31;5;41;101m8888888[0;1;30;90;47mS[0;37;5;47;107mt[0;1;37;97;47m [0;34;5;44;104m88888888[0;1;30;90;47mS[0;37;5;47;107m%[0;1;37;97;47m [0;1;31;91;41m88888888@[0;30;41mt[0m   
    [0;30;41m%[0;1;31;91;41m8888[0;31;5;41;101m8888[0;1;30;90;47mX[0;37;5;47;107mt[0;1;37;97;47m [0;34;5;44;104m8888[0;1;34;94;44m8888[0;1;30;90;47mX[0;37;5;47;107m%[0;1;30;90;47mS[0;1;31;91;41m8888888@[0;30;41m%[0m    
     [0;30;41m8[0;1;31;91;41m@888888[0;1;30;90;47mX[0;37;5;47;107m%[0;1;37;97;47m [0;1;34;94;44m88888888[0;1;30;90;47mX[0;37;5;47;107mS[0;1;30;90;47mS[0;1;31;91;41m88888@X[0;30;41m8[0m     
       [0;1;31;91;41m:88888[0;1;30;90;47m@[0;37;5;47;107m%[0;1;30;90;47mS[0;1;34;94;44m88888888[0;1;30;90;47m@[0;37;5;47;107mX[0;1;30;90;47mX[0;1;31;91;41m888@@.[0m       
        [0;31;40m8[0;1;31;91;41mS888[0;1;30;90;47m@[0;37;5;47;107mS[0;1;30;90;47mS[0;1;34;94;44m88888888[0;1;30;90;47m@[0;37;5;47;107mX[0;1;30;90;47mX[0;1;31;91;41m8@@%[0;30;41m8[0m        
          [0;30;41m8[0;1;31;91;41m%8[0;1;30;90;47m8[0;37;5;47;107mX[0;1;30;90;47mX[0;1;34;94;44m88888888[0;1;30;90;47m8[0;37;5;47;107m@[0;1;30;90;47m@[0;1;31;91;41m@%[0;30;41m8[0m          
             [0;37;5;40;100mS[0;37;5;47;107m@[0;1;30;90;47mX[0;1;34;94;44m888@@@@@[0;1;30;90;47m8[0;37;5;47;107m8[0;37;5;40;100mX[0m             
               [0;34;5;40;100mX[0;1;34;94;44m;@@@@@@t[0;34;5;40;100mX[0m               
                  [0;30;44m@. @[0m                  
