[0;1;30;90;47mt[0;1;37;97;47m@@@888888888888888888888@@@@@XXXSSS%%%[0;1;30;90;47mS[0m
[0;1;37;97;47m:[0;37;5;47;107m%ttttttttttt;;;ttttttttttt%%%%SSSXXX@@[0;1;37;97;47m [0m
[0;1;37;97;47m;[0;37;5;47;107mtttS[0;1;37;97;47m%;X[0;37;5;47;107mt;;;88X;;;;;;tt[0;1;37;97;47m8%;[0;37;5;47;107m8tt%S[0;1;37;97;47m88[0;37;5;47;107m8SXX@@[0;1;37;97;47m [0m
[0;1;37;97;47m;[0;37;5;47;107mttt[0;1;30;90;47mX[0;30;5;40;100m8@[0;36;5;40;100m [0;1;30;90;47m;[0;37;5;47;107mt;[0;1;30;90;47m%[0;30;5;40;100mS[0;36;5;40;100m:[0;1;30;90;47mX[0;37;5;47;107mS::;;;;;[0;30;5;40;100mS88[0;36;5;40;100m [0;1;37;97;47m%[0;37;5;47;107mt[0;1;37;97;47m8[0;36;5;40;100mt[0;1;30;90;40m8[0;36;5;40;100m [0;1;30;90;47m:[0;37;5;47;107mSSXX@[0;1;37;97;47m [0m
[0;1;37;97;47m;[0;37;5;47;107mttt[0;37;5;40;100mX[0;1;30;90;40mSXX8[0;1;30;90;47mt[0;37;5;40;100m8[0;1;30;90;40m88[0;30;5;40;100m8[0;37;5;40;100m8[0;37;5;47;107m;.::::;t[0;1;30;90;40mX%[0;34;40m;;[0;1;30;90;40mX[0;1;37;97;47mS[0;1;30;90;40mX[0;34;40m:.[0;1;30;90;40m@[0;1;30;90;47m:[0;37;5;47;107mSSXXX[0;1;37;97;47m.[0m
[0;1;37;97;47m;[0;37;5;47;107mttt[0;1;30;90;47m8[0;1;30;90;40mX@@8[0;30;5;40;100m@X888[0;1;30;90;47m.[0;37;5;47;107m  ...::@[0;36;5;40;100m;[0;1;30;90;40mS%[0;34;40m;;[0;1;30;90;40m8[0;34;40m::.[0;1;30;90;40m%[0;37;5;47;107m8SSSXX[0;1;37;97;47m.[0m
[0;1;37;97;47m;[0;37;5;47;107mtt;;[0;1;37;97;47m8[0;37;5;40;100mS[0;1;30;90;40m88[0;30;5;40;100m88@X[0;36;5;40;100m:[0;37;5;47;107mt    ..::t[0;1;30;90;47m [0;30;5;40;100m8[0;34;40m;;::::[0;36;5;40;100m [0;37;5;47;107m%%SSXX[0;1;37;97;47m.[0m
[0;1;37;97;47m;[0;37;5;47;107mtt;;%[0;1;30;90;47m.[0;30;5;40;100m888X[0;36;5;40;100m [0;1;30;90;47mS[0;37;5;47;107mt  .   ..::[0;1;37;97;47m8[0;36;5;40;100m [0;1;30;90;40mS[0;34;40m;;[0;1;30;90;40mS[0;36;5;40;100m;[0;1;30;90;47m;[0;37;5;47;107m%%SXSXX[0;1;37;97;47m.[0m
[0;1;37;97;47m;[0;37;5;47;107mt;;;[0;1;30;90;47m@[0;37;5;40;100m@[0;36;5;40;100m [0;30;5;40;100m8@S[0;36;5;40;100m t.. [0;37;5;40;100m8[0;37;5;47;107m@  ..:;[0;36;5;40;100m.[0;37;5;40;100m@[0;1;30;90;40mSS[0;34;40m;[0;1;30;90;40m@X[0;34;40m:[0;1;30;90;40m%[0;34;40m;[0;30;5;40;100m8[0;37;5;40;100mX[0;37;5;47;107mSSX[0;1;37;97;47m.[0m
[0;1;37;97;47m;[0;37;5;47;107mtt;;S@[0;35;5;40;100mt[0;1;30;90;47mX[0;36;5;40;100m [0;37;5;47;107m% X[0;1;37;97;47mX[0;37;5;47;107mX     ..:;@[0;1;30;90;47mt[0;30;5;40;100m@[0;36;5;40;100m [0;37;5;40;100m8[0;37;5;47;107mt%[0;1;37;97;47m.;[0;37;5;47;107m8%SSXX[0;1;37;97;47m.[0m
[0;1;37;97;47m:[0;37;5;47;107mtt;S[0;1;30;90;41m888[0;1;30;90;47m8[0;37;5;47;107m.          .::[0;1;30;90;47mt[0;1;30;90;41mXS%[0;1;37;97;47mX[0;37;5;47;107mtttt%%%SSXX[0;1;37;97;47m [0m
[0;1;30;90;47m;[0;37;5;47;107mtt;;[0;1;37;97;47mt[0;35;5;40;100m [0;1;30;90;47m8[0;37;5;47;107mS...      ..:::t[0;1;30;90;47m8[0;35;5;41;101m8[0;1;37;97;47m [0;37;5;47;107mttttt%%SSSXX[0;1;30;90;47mt[0m
[0;37;5;40;100mS[0;37;5;47;107mttt;;;;:::...;SS.:::t;tttttttt%%%SSSXX[0;37;5;40;100mS[0m
 [0;37;5;47;107mttttt;;;;:::S[0;36;5;40;100m.  [0;1;37;97;47m.[0;37;5;47;107m;;X[0;37;5;40;100m%[0;36;5;40;100m [0;1;30;90;47m8[0;37;5;47;107m8ttttt%%%SSSXX@[0m 
 [0;1;30;90;47m.[0;37;5;47;107mttttt;;;;;;[0;1;37;97;47mt[0;1;30;90;40mXX@[0;30;5;40;100m8[0;37;5;40;100m8[0;1;37;97;47mX[0;30;5;40;100m@[0;1;30;90;40mSS[0;36;5;40;100m [0;1;37;97;47m@[0;37;5;47;107mtttt%%%SSSXXX[0;1;30;90;47m.[0m 
  [0;37;5;47;107mSttttttt;;;[0;1;30;90;47m.[0;1;30;90;40mSSSS@[0;36;5;40;100m.[0;34;40m;;;[0;30;5;40;100m@[0;37;5;47;107mSttt%%%SSSXXX8[0m  
  [0;36;5;40;100m [0;37;5;47;107mttttttttttt[0;1;37;97;47m [0;36;5;40;100m;[0;34;40m;;;;:::[0;1;30;90;47m8[0;37;5;47;107mtt%%%%SSSXXX@[0;36;5;40;100m [0m  
   [0;37;5;40;100m8[0;37;5;47;107m%tttttttttt%[0;30;5;40;100m@[0;34;40m:::[0;1;30;90;40m@[0;36;5;40;100m;[0;1;30;90;47m8[0;37;5;47;107m%%%%%SSSSXXX@[0;37;5;40;100m8[0m   
    [0;37;5;40;100m8[0;37;5;47;107m%%%%ttttt[0;1;37;97;47mS[0;1;30;90;40m@@[0;34;40m::::[0;1;30;90;40mX[0;36;5;40;100m: .;[0;1;30;90;47m;[0;37;5;47;107mSSSXXX@@[0;37;5;40;100m8[0m    
     [0;36;5;40;100m.[0;37;5;47;107m8%%%%%%%8X[0;37;5;40;100m8[0;30;5;40;100m8@[0;37;5;40;100mS[0;1;37;97;47mX[0;1;30;90;47m.[0;36;5;40;100m [0;37;5;40;100m8[0;1;30;90;47m.[0;37;5;47;107m8SSXXXX@[0;1;37;97;47m8[0;36;5;40;100m.[0m     
       [0;1;30;90;47m [0;37;5;47;107mSSS%%%[0;37;5;40;100m%[0;31;5;40;100m8[0;30;41mt[0;31;5;40;100mX[0;1;37;97;47m:[0;37;5;47;107mSSSSSSXXXXX@@[0;1;30;90;47m.[0m       
        [0;36;5;40;100m.[0;1;37;97;47m@[0;37;5;47;107mSSSS[0;1;37;97;47m [0;1;31;91;41m88[0;1;30;90;47m8[0;37;5;47;107mSSSXXXXXX@@@[0;1;37;97;47mX[0;36;5;40;100m.[0m        
          [0;36;5;40;100m [0;1;37;97;47mX[0;37;5;47;107mXXX@8XXXXXXX@@@@[0;1;37;97;47mS[0;36;5;40;100m [0m          
             [0;1;30;90;47m.[0;37;5;47;107m@@@@@@@@@@@8[0;1;30;90;47m.[0m             
               [0;37;5;40;100mS[0;1;37;97;47m;[0;37;5;47;107m@@@@@@[0;1;37;97;47mt[0;37;5;40;100mS[0m               
                  [0;36;5;40;100m [0;1;30;90;47mtt[0;36;5;40;100m [0m                  
