[0;1;30;90;41m8[0;33;41m88888888[0;31;43m8[0;1;30;90;43mSXXX[0;33;5;40;100m88[0;1;30;90;43mXXS[0;31;43m8[0;33;41m888888888888888[0;1;30;90;41m8888[0;30;41m@[0m
[0;1;30;90;41m8[0;31;43m8888[0;1;30;90;43mXX@@@888888888@@@XXX[0;31;43m8888888888[0;33;41m8888[0;1;30;90;41m8[0m
[0;1;30;90;41m8[0;31;43m88[0;1;30;90;43mXX@@888888888888888@@XX[0;31;43m8888888888[0;33;41m888[0;1;30;90;41m8[0m
[0;1;30;90;41m8[0;31;43m8[0;1;30;90;43mXX@8888888888888888888@@XX[0;31;43m88888888[0;33;41m888[0;1;30;90;41m8[0m
[0;1;30;90;41m8[0;1;30;90;43mX@@888888888888888888888@@XX[0;31;43m88888888[0;33;41m88[0;1;30;90;41m8[0m
[0;1;30;90;41m8[0;1;30;90;43mX@888888888[0;33;5;40;100mS[0;1;30;90;43m8888888888888@@X[0;31;43m888888888[0;33;41m8[0;1;30;90;41m8[0m
[0;1;30;90;41m8[0;1;30;90;43m@88888888[0;33;5;40;100m%[0;31;5;40;100mS[0;33;5;40;100mtttttt%%X[0;1;30;90;43m888888@XX[0;31;43m88888888[0;33;41m8[0;1;30;90;41m8[0m
[0;1;30;90;41m8[0;1;30;90;43m@8888[0;33;5;40;100mS[0;1;30;90;43m8[0;33;5;40;100mSS[0;30;5;40;100mS%[0;36;5;40;100mtt. :[0;30;5;40;100m%SXX[0;31;5;40;100mX[0;33;5;40;100m@88[0;1;30;90;43m88@@X[0;31;43m88888888[0;33;41m8[0;1;30;90;41m8[0m
[0;1;30;90;41m8[0;1;30;90;43m@[0;33;5;40;100m8[0;30;5;40;100m8[0;31;5;40;100mS[0;1;30;90;47mt[0;31;5;40;100mS[0;30;5;40;100m@[0;33;5;40;100mt[0;36;5;40;100mt[0;30;5;40;100mX[0;36;5;40;100m%t [0;1;37;97;47m8[0;37;5;47;107m  t[0;1;37;97;47mt[0;36;5;40;100m%[0;30;5;40;100m@88[0;1;30;90;40m888[0;31;5;40;100m@[0;33;5;40;100m8[0;1;30;90;43m@X[0;31;43m88888888[0;33;41m8[0;1;30;90;41m8[0m
[0;1;30;90;41m8[0;1;30;90;43m@[0;31;5;40;100m8[0;1;30;90;40m8[0;33;5;40;100m;[0;1;30;90;47m;[0;36;5;40;100m [0;30;5;40;100m8[0;33;5;40;100m%[0;30;5;40;100mSXS[0;36;5;40;100m%[0;37;5;40;100mX[0;37;5;47;107m.   [0;1;37;97;47m@[0;36;5;40;100m.[0;30;5;40;100m88[0;1;30;90;40m88@@XS[0;30;5;40;100m8[0;33;5;40;100mX[0;1;30;90;43mX[0;31;43m888[0;31;5;40;100m8[0;1;30;90;41m8[0;31;43m88[0;33;41m8[0;1;30;90;41m8[0m
[0;1;30;90;41m8[0;1;30;90;43m@@[0;33;5;40;100mX[0;1;30;90;47m;[0;1;37;97;47m [0;37;5;40;100mt[0;33;5;40;100mS[0;30;5;40;100m88@XXS[0;1;37;97;47m8[0;37;5;47;107m :[0;1;30;90;47m%[0;30;5;40;100mS88[0;1;30;90;40m8[0;30;5;40;100m8X[0;1;30;90;40mXS%[0;34;40m;[0;37;5;40;100m8[0;37;5;47;107mt8[0;1;37;97;47m:[0;33;5;40;100m.8[0;31;5;40;100m8[0;31;40m@[0;1;30;90;41m8[0;31;43m8[0;33;41m8[0;1;30;90;41m8[0m
[0;1;30;90;41m8[0;1;30;90;43m@8[0;31;5;40;100m8[0;30;5;40;100m8[0;31;5;40;100m@[0;33;5;40;100mS[0;31;5;40;100m8[0;30;5;40;100m@888@X[0;37;5;40;100m@[0;1;30;90;47m%[0;36;5;40;100m:[0;30;5;40;100m888[0;1;30;90;40m8[0;36;5;40;100m [0;1;37;97;47m@[0;37;5;47;107mX[0;1;30;90;47mX[0;1;30;90;40mX[0;34;40m;;[0;36;5;40;100m [0;1;37;97;47m8[0;37;5;47;107mt8[0;33;5;40;100m [0;1;30;90;40m8[0;31;40m;8[0;33;41m8[0;31;43m8[0;33;41m8[0;1;30;90;41m8[0m
[0;31;40m8[0;1;30;90;43mX@@888[0;33;5;40;100m8[0;1;30;90;43m8[0;33;5;40;100m@@.[0;37;5;40;100m@[0;36;5;40;100m .[0;30;5;40;100m888[0;1;30;90;40m8[0;30;5;40;100mX[0;1;30;90;47m [0;37;5;47;107m;;;%[0;36;5;40;100m [0;34;40m;::[0;30;5;40;100m@[0;36;5;40;100m [0;1;30;90;40m@[0;31;40mt[0;31;43m8[0;31;40m8[0;33;5;40;100m [0;1;30;90;43mX[0;33;41m88[0;31;40m8[0m
 [0;1;30;90;43mXX@@8888888[0;1;37;97;47mt[0;1;30;90;47mt[0;30;5;40;100m@[0;1;30;90;40m888@[0;37;5;40;100m8[0;37;5;47;107m;;;;%[0;30;5;40;100m8[0;34;40m;;[0;32;40m:[0;34;40m:..[0;1;30;90;40mS[0;31;43m8[0;31;40m;[0;1;30;90;47m8@[0;33;41m88[0m 
 [0;1;30;90;41m8[0;1;30;90;43mXX@@8888888[0;1;30;90;40m8[0;30;5;40;100mS[0;37;5;40;100m8[0;1;30;90;40m@@8[0;31;5;40;100m8[0;1;30;90;47mS8;8[0;36;5;40;100m:[0;34;40m;[0;30;5;40;100mX[0;1;30;90;47mX[0;31;5;40;100m@[0;1;30;90;41m8[0;31;40m@[0;36;5;40;100m [0;1;37;97;47m8[0;33;5;40;100mt[0;31;40m8[0;1;30;90;40m@[0;33;5;40;100m@[0;33;41m8[0;1;30;90;41m8[0m 
  [0;31;43m88[0;1;30;90;43mXX@@@888[0;33;5;40;100m8[0;1;30;90;40mS8[0;37;5;47;107mS8[0;37;5;40;100mX[0;1;30;90;43m88@@@XX[0;31;5;40;100m8[0;36;5;40;100m;[0;37;5;47;107mX[0;33;5;40;100mX[0;31;43m88[0;33;5;40;100m%[0;1;30;90;47mt[0;31;40m%[0;33;41m8[0;1;30;90;41m88[0;33;41m8[0m  
  [0;31;40m8[0;31;43m888[0;1;30;90;43mXXXX@@[0;31;5;40;100m8[0;34;40m;[0;31;5;40;100m8[0;30;5;40;100mS[0;1;30;90;40m8[0;31;5;40;100mS[0;1;30;90;43m@@XXX[0;31;43m8[0;1;30;90;43mS[0;31;40mX;X[0;31;5;40;100mX[0;31;43m8[0;1;30;90;41m8[0;31;40m::[0;1;30;90;41m8[0;33;41m888[0;31;40m8[0m  
   [0;30;41m8[0;31;43m888888[0;1;30;90;43mX[0;31;5;40;100m8[0;34;40m:[0;31;40mX[0;31;5;40;100m8[0;34;40m;[0;1;30;90;40m@[0;1;30;90;43mXXX[0;31;43m88[0;1;30;90;43mS[0;1;30;90;41m8[0;31;40m;t[0;1;30;90;41m8[0;31;43m88[0;1;30;90;41m8[0;31;40m;;[0;1;30;90;41m8[0;33;41m888[0;30;41m8[0m   
    [0;30;41m8[0;31;43m888888[0;31;5;40;100m8[0;31;43m8[0;31;5;40;100m8[0;31;40mX8[0;1;30;90;41mX[0;31;43m888888[0;1;30;90;41m88[0;31;43m888[0;1;30;90;41m8[0;31;40m%X[0;1;30;90;41m8[0;33;41m888[0;30;41m8[0m    
     [0;31;40mX[0;31;43m88888888888888888888888[0;33;41m88888[0;31;40mX[0m     
       [0;1;30;90;41m8[0;31;43m8888888888888888888[0;33;41m88888[0;1;30;90;41m8[0m       
        [0;31;40mX[0;33;41m8[0;31;43m88888888888888[0;33;41m8888888[0;31;40mX[0m        
          [0;31;40m@[0;33;41m88[0;31;43m8888[0;33;41m888888888888[0;31;40m@[0m          
             [0;1;30;90;41m8[0;33;41m888888888888[0;1;30;90;41m8[0m             
               [0;31;40m8[0;1;30;90;41m8[0;33;41m888888[0;1;30;90;41m8[0;31;40m8[0m               
                  [0;31;40m@[0;1;30;90;41m88[0;31;40m8[0m                  
