[0;1;30;90;46m.[0;1;36;96;46mSSXXXXXXXXXXXXXXXXXXXXXXXSSSSSSS%%%%%%[0;1;30;90;46m [0m
[0;1;36;96;46m;[0;36;5;46;106mt;%[0;1;30;90;46m8[0;37;46mX[0;36;5;46;106m;;;;;;;;;;;;;;;;;;;;;ttt[0;1;30;90;46mX8[0;36;5;46;106m%%%%%SS[0;1;30;90;46m [0m
[0;1;36;96;46m;[0;36;5;46;106m;[0;1;36;96;46m%[0;1;30;90;46mXX[0;1;30;90;43m8[0;36;5;46;106m;;;;;;;::::;;;;;;;;;;;[0;1;36;96;46mX[0;1;30;90;46mt%[0;1;30;90;43m@[0;36;5;46;106mXt%%%SS[0;1;30;90;46m [0m
[0;1;36;96;46mt[0;36;5;46;106m;;;[0;1;30;90;43m8[0;36;5;40;100m.[0;36;5;46;106mX;;::::::::::::;;;;;;;;;[0;1;30;90;46m8[0;1;30;90;43m8[0;1;36;96;46mX[0;36;5;46;106mS%%%%S[0;1;30;90;46m [0m
[0;1;36;96;46mt[0;36;5;46;106m;;;[0;37;43mX[0;1;33;93;43mX[0;33;5;43;103m;X[0;33;47m8[0;36;47m8[0;36;5;46;106m;::....::::::;;;;;;;[0;33;5;40;100m [0;1;33;93;43mS[0;33;5;43;103mtX[0;1;33;93;43mX[0;37;5;40;100mS[0;1;36;96;46m@[0;36;5;46;106m%%[0;1;30;90;46m [0m
[0;1;36;96;46mt[0;36;5;46;106m;;;%[0;36;5;40;100m [0;1;30;90;43m8[0;1;33;93;43m@[0;33;5;43;103m@X[0;33;5;40;100m:[0;36;5;46;106m@[0;37;5;46;106mSSSSSSS[0;36;5;46;106m.::::;;;;;;t[0;1;30;90;46m8[0;1;30;90;43mX[0;1;33;93;43m%SX[0;1;30;90;43m%[0;1;30;90;46mX[0;36;5;46;106m%[0;1;30;90;46m [0m
[0;1;36;96;46mt[0;36;5;46;106m;%[0;1;30;90;46m8[0;37;46m@[0;36;5;46;106mX[0;1;30;90;46m8[0;36;5;40;100m;[0;36;5;46;106mX[0;36;47m8[0;36;5;40;100m [0;1;30;90;47m@[0;37;5;46;106mXXXXXXSS[0;36;5;46;106m.::::;;;;[0;1;30;90;46m88[0;1;36;96;46mX[0;1;30;90;46mt[0;32;5;40;100mX[0;1;36;96;46m%[0;1;30;90;46mt8[0;33;5;40;100mS[0;36;5;46;106m%[0;1;30;90;46m [0m
[0;1;36;96;46mt[0;36;5;46;106m;X[0;1;30;90;47m8[0;1;36;96;46mX[0;36;5;46;106m@[0;37;46mX[0;36;5;40;100m;[0;37;5;46;106mSSXX@@@@@XXSS[0;36;5;46;106m.:::;;;;[0;37;5;40;100mS[0;1;30;90;46m@[0;36;5;46;106m@[0;1;30;90;46m%8[0;1;36;96;46m%[0;36;5;46;106mt%%%[0;1;30;90;46m [0m
[0;1;36;96;46mt[0;36;5;46;106m;;;::%[0;1;30;90;46m8[0;37;5;46;106mSSX@@888@@XXS[0;36;5;46;106m.::t;;;;;;;S[0;1;30;90;46m@[0;36;5;46;106m@t%%%[0;1;30;90;46m [0m
[0;1;36;96;46mt[0;36;5;46;106m;;;:;[0;1;30;90;46m8[0;37;46m@[0;36;5;46;106m:[0;1;36;96;46mX[0;37;46m8[0;1;30;90;47m%[0;36;47m8[0;37;5;46;106m@8@@@XSS[0;36;5;46;106m:[0;1;36;96;46mX[0;1;30;90;46m8[0;33;5;40;100m:[0;36;47m8[0;36;5;46;106m;;;;;;[0;1;30;90;46m:@[0;36;5;46;106m%t%%%[0;1;30;90;46m [0m
[0;1;36;96;46mt[0;36;5;46;106m;;;:::::[0;37;5;46;106mSS[0;33;47m8[0;37;5;46;106m@X@@XXXSS[0;36;5;46;106m::;[0;37;5;40;100m8[0;1;36;96;46m@[0;36;5;46;106m;;;;;;tttt%%%[0;1;30;90;46m [0m
[0;1;30;90;46m:[0;36;5;46;106m;;;;::::.[0;36;47m8[0;33;5;43;103mX[0;33;47m@S[0;1;30;90;47m%[0;1;36;96;47m8[0;37;5;46;106mSSS[0;36;5;46;106m.:::[0;37;46mS[0;33;5;43;103mX[0;37;43m8[0;33;47m8[0;1;30;90;47m8[0;37;46mS[0;36;5;46;106mt;;tttt%%%[0;1;30;90;46m [0m
[0;1;30;90;46m:[0;36;5;46;106m;;;;;::::;[0;1;30;90;47m8[0;33;5;43;103m8[0;37;5;43;103mSSS[0;33;47m8[0;36;5;46;106m8:::::;[0;37;5;40;100m8[0;1;33;93;43mS[0;33;5;43;103mt%%[0;1;33;93;43m@[0;1;30;90;46mX[0;36;5;46;106mtttt%%%%[0;1;30;90;46m.[0m
 [0;36;5;46;106m;;;;;;;::;:[0;1;36;96;46m8[0;33;5;40;100mX[0;36;5;40;100m [0;1;30;90;47m8[0;33;5;40;100mt[0;1;30;90;43m8[0;36;5;46;106m@:::;t;@[0;33;5;40;100m8t[0;36;5;40;100m;[0;33;5;40;100m@[0;1;30;90;43m;[0;1;30;90;46mt[0;36;5;46;106mttt%%%S[0m 
 [0;1;30;90;46m.[0;36;5;46;106m;;;;;;;[0;36;5;40;100m [0;1;30;90;43m8[0;1;30;90;46m8[0;1;36;96;46mS[0;1;30;90;46m88[0;36;5;46;106m::X%;;;[0;1;30;90;46m8[0;1;30;90;43mX[0;1;30;90;46m8%@8[0;36;5;46;106m;tX@tt%%%%[0;1;30;90;46m [0m 
  [0;36;5;46;106mt;;;;;;;;;;t[0;1;30;90;46m8[0;36;5;46;106m;;;;;;;;t;;;[0;1;30;90;46m@[0;36;5;46;106mttttt%%%%S[0m  
  [0;1;30;90;46m.[0;36;5;46;106m;;;;;;;;;@[0;36;5;40;100m8[0;1;36;96;46mS[0;36;5;46;106m;@[0;1;30;90;46m8[0;37;5;40;100mS[0;36;5;46;106m;;;;;;X[0;1;30;90;46mXX[0;36;5;46;106mtttt%%%%S[0;34;46m@[0m  
   [0;1;30;90;46m.[0;36;5;46;106mt;;;;;;;;t;[0;1;36;96;46mX%X[0;1;30;90;43m8[0;36;5;46;106m;;;;;tttttt%%%%%S[0;1;30;90;46m [0m   
    [0;1;30;90;46m:[0;36;5;46;106mtttt;;;;;;;;[0;1;30;90;43m8[0;33;5;40;100m:[0;37;46mX[0;1;36;96;46m@[0;36;5;46;106m%tttttt%%%%%SS[0;1;30;90;46m.[0m    
     [0;34;46m8[0;36;5;46;106mStttttttttt[0;36;5;40;100m [0;1;33;93;43m%[0;33;5;43;103mtt8[0;1;30;90;43m8[0;1;36;96;46m@[0;36;5;46;106mtt%%%%%%S[0;1;36;96;46mX[0;34;46m8[0m     
       [0;1;30;90;46m.[0;36;5;46;106mtttttttttt[0;1;30;90;46mX[0;1;30;90;43m8.t.;[0;1;30;90;46m8[0;36;5;46;106m%%%%%SS[0;1;30;90;46m [0m       
        [0;36;44m8[0;1;36;96;46mS[0;36;5;46;106m%%%%%X[0;36;5;40;100m.[0;1;30;90;46m8%X[0;36;5;40;100m8[0;36;5;46;106m%[0;1;36;96;46mX[0;1;30;90;46mX8[0;36;5;46;106m%%SSS[0;1;36;96;46m%[0;34;46m8[0m        
          [0;34;46m8[0;1;36;96;46m%[0;36;5;46;106m%%%S[0;1;30;90;46m8[0;1;36;96;46mS[0;36;5;46;106m%[0;1;36;96;46mS[0;1;30;90;46m8[0;1;36;96;46mX[0;36;5;46;106m%%SSSS[0;1;36;96;46m%[0;34;46m8[0m          
             [0;1;30;90;46m [0;36;5;46;106mSSSSS[0;1;30;90;46m.[0;36;5;40;100m8[0;36;5;46;106mSSSSS[0;1;30;90;46m [0m             
               [0;1;30;90;46m.[0;1;36;96;46mt[0;36;5;46;106mSS[0;1;36;96;46mtt[0;36;5;46;106mSS[0;1;36;96;46mt[0;1;30;90;46m [0m               
                  [0;34;46m@[0;1;30;90;46m  [0;34;46m@[0m                  
