[0;1;30;90;44m.[0;1;34;94;44mSSSSSSSSXXXXXXXXXXXXSSSSSSSSS%%%%%%ttt[0;30;44m:[0m
[0;1;34;94;44m;8[0;34;5;44;104m8888888888888888888888888[0;1;34;94;44m8888888888@@.[0m
[0;1;34;94;44m;[0;34;5;44;104m888888[0;1;34;94;44m8@8[0;34;5;44;104m888888888[0;1;34;94;44m@@8[0;34;5;44;104m8888888[0;1;34;94;44m88X@88888@:[0m
[0;1;34;94;44m;[0;34;5;44;104m888[0;1;34;94;44m8[0;33;5;40;100m [0;1;33;93;43m8[0;33;5;43;103m@X@[0;37;43m8[0;36;5;40;100m;[0;34;5;44;104m8@@@[0;1;30;90;44m8[0;37;5;40;100m8[0;1;33;93;43m8[0;33;5;43;103m%S[0;1;33;93;43m8[0;33;5;40;100m [0;1;30;90;44m8[0;34;5;44;104m8888[0;1;30;90;44m8[0;33;5;40;100mt[0;1;33;93;43m8[0;33;5;43;103m@8[0;1;30;90;43m8[0;33;5;40;100m [0;1;34;94;44m@888:[0m
[0;1;34;94;44m;[0;34;5;44;104m88[0;1;34;94;44m8[0;1;30;90;43m8[0;33;5;43;103mSXt;tSS[0;36;5;40;100m [0;34;5;44;104m@@[0;1;34;94;44m8[0;1;33;93;47mS[0;33;5;43;103mSt;;%X8[0;1;30;90;44m8[0;34;5;44;104m88[0;1;30;90;44m8[0;33;5;43;103m8@S%S@8[0;1;30;90;43m8[0;1;34;94;44m@88:[0m
[0;1;34;94;44m;[0;34;5;44;104m88[0;1;34;94;44m@[0;33;5;43;103m8S;:[0;37;5;43;103m::S%[0;1;30;90;47mX[0;34;5;44;104mXX[0;36;5;40;100m [0;37;5;43;103mSS:::[0;33;5;43;103m.%%[0;36;5;40;100m:[0;34;5;44;104m88[0;36;5;40;100m [0;33;5;43;103mSS;;;t@8[0;1;34;94;44m%88:[0m
[0;1;34;94;44m;[0;34;5;44;104m888[0;33;5;40;100m [0;33;5;43;103mXSt[0;37;5;43;103m%%X@[0;36;5;40;100m [0;34;5;44;104mXX@[0;33;47m8[0;37;5;43;103mXSt%[0;33;5;43;103mtS[0;37;43mX[0;1;34;94;44m8[0;34;5;44;104m88[0;1;30;90;44m8[0;33;5;43;103m8@S%SX8[0;1;30;90;43m8[0;1;34;94;44m@88:[0m
[0;1;34;94;44m;[0;34;5;44;104m8888[0;36;5;40;100m [0;33;47m8[0;33;5;43;103m8[0;37;5;43;103mX8[0;1;30;90;47mt[0;36;5;40;100m [0;34;5;44;104mS[0;36;5;44;104mXXX8[0;1;30;90;47m@[0;33;47m8[0;37;5;43;103mXX[0;37;43m8[0;37;5;40;100m8[0;1;34;94;44m8[0;34;5;44;104m8888[0;1;30;90;44m8[0;33;5;40;100m.[0;1;33;93;43m8[0;33;5;43;103m88[0;1;30;90;43m8[0;36;5;40;100m [0;1;34;94;44m8888:[0m
[0;1;34;94;44m;[0;34;5;44;104m88888@88@XX[0;36;5;44;104mXXXXX[0;34;5;44;104mSX@8@@@888888[0;1;34;94;44m8@8888888:[0m
[0;1;34;94;44m;[0;34;5;44;104m88888@@XXXX[0;36;5;44;104mX[0;36;5;40;100m: [0;36;5;44;104m@X[0;34;5;44;104mXXXX@@@8[0;1;34;94;44m@8[0;34;5;44;104m88888[0;1;34;94;44m8888888:[0m
[0;1;34;94;44m;[0;34;5;44;104m88888@@@X8[0;1;30;90;47mS[0;1;33;93;47m8[0;37;5;43;103mXX8[0;1;30;90;47m:[0;36;5;40;100m.[0;34;5;44;104mXXX@[0;1;30;90;44m8[0;37;5;40;100m8[0;1;33;93;43m8[0;33;5;43;103mSS[0;1;33;93;43mX[0;33;5;40;100m [0;1;34;94;44m@[0;34;5;44;104m88[0;1;34;94;44m8888888:[0m
[0;1;30;90;44m:[0;34;5;44;104m888888@@8[0;33;47m8[0;37;5;43;103mXSt;%X@[0;36;5;40;100m;[0;34;5;44;104m@@[0;1;30;90;44m8[0;33;5;43;103m8X%t%S@[0;1;30;90;43m8[0;1;34;94;44m@88888888[0;30;44m.[0m
[0;30;44mS[0;34;5;44;104m88888888[0;34;5;40;100mS[0;33;5;43;103m%%[0;37;5;43;103m::..S[0;33;5;43;103mt[0;37;5;40;100mX[0;34;5;44;104m@@[0;36;5;40;100m [0;33;5;43;103m%S::;;XX[0;1;30;90;44m8[0;1;34;94;44m88888888[0;30;44mX[0m
 [0;34;5;44;104m888888888[0;37;43m8[0;33;5;43;103mS%t;tS8[0;1;30;90;44m8[0;34;5;44;104m88[0;1;34;94;44m@[0;1;33;93;43m8[0;33;5;43;103mXS%%S@[0;1;30;90;43m8[0;1;34;94;44m@88888888[0m 
 [0;1;34;94;44m.[0;34;5;44;104m888888888[0;37;5;40;100mX[0;37;43m@[0;33;5;43;103m@X[0;1;33;93;43m8[0;37;5;40;100m8[0;1;30;90;44m8[0;34;5;44;104m8888[0;1;34;94;44m@[0;33;5;40;100m [0;1;33;93;43m8[0;33;5;43;103m@X[0;1;30;90;43m8[0;33;5;40;100m [0;1;34;94;44m@88888888.[0m 
  [0;1;34;94;44m8[0;34;5;44;104m8888888888[0;1;34;94;44m88[0;34;5;44;104m888888888[0;1;34;94;44m8@88888888888@[0m  
  [0;30;44m@[0;34;5;44;104m8888888888888888[0;1;34;94;44m@@8[0;34;5;44;104m8888[0;1;34;94;44m88888888888[0;30;44m@[0m  
   [0;30;44mt[0;1;34;94;44m88[0;34;5;44;104m8888888888[0;1;34;94;44mX[0;33;5;40;100m [0;1;33;93;43mX[0;33;5;43;103mSX[0;1;33;93;43m@[0;33;5;40;100m.[0;1;34;94;44mX88888888888@[0;30;44mt[0m   
    [0;30;44m%[0;1;34;94;44m8888[0;34;5;44;104m888888[0;1;34;94;44mX[0;1;33;93;43mX[0;33;5;43;103m@S%%X8[0;1;33;93;43m@[0;1;34;94;44mX888888888@[0;30;44m%[0m    
     [0;30;44m8[0;1;34;94;44m@88888888[0;34;5;40;100m@[0;33;5;43;103mXX;;;;XX[0;34;5;40;100mX[0;1;34;94;44m8888888@X[0;30;44m8[0m     
       [0;1;34;94;44m:8888888X[0;1;30;90;43m@[0;33;5;43;103m8XSSX8[0;1;33;93;43mX[0;1;34;94;44mS88888@@.[0m       
        [0;34;40m8[0;1;34;94;44mS888888X[0;33;5;40;100m.[0;1;30;90;43mX[0;33;5;43;103m@@[0;1;30;90;43mS[0;33;5;40;100m:[0;1;34;94;44m%8888@@%[0;30;44m8[0m        
          [0;30;44m8[0;1;34;94;44m%8888888SS8888@@@%[0;30;44m8[0m          
             [0;1;34;94;44m.@8888@@@@@@@.[0m             
               [0;30;44mX[0;1;34;94;44m;@@@@@@t[0;30;44mS[0m               
                  [0;30;44m@. @[0m                  
