              [0;30;5;40;100mS[0;1;30;90;45m;;t[0;35;5;40;100m [0;1;30;90;43m8:[0;32;43m8[0;35;5;40;100m%[0;1;30;90;45m;:[0;30;5;40;100mS[0m              
          [0;1;30;90;43m:;%[0;1;30;90;45m8[0;1;35;95;45mXX[0;1;30;90;45mX[0;33;5;43;103m%;;;X[0;32;43m;[0;1;30;90;45m8[0;1;35;95;45mSS[0;1;30;90;45mt[0;33;5;43;103m@[0;1;30;90;43m..[0m          
        [0;1;30;90;43m;[0;33;5;43;103mtt[0;1;30;90;47m8[0;37;5;40;100m%[0;1;35;95;45mXXX[0;37;45m8[0;33;5;43;103m;;;t[0;1;30;90;47m8[0;35;5;40;100m [0;1;35;95;45mSSS[0;1;30;90;45m8[0;33;5;43;103m;;tS[0;35;5;40;100m8[0m        
      [0;1;30;90;45mt8[0;37;45m8@[0;1;35;95;45mX@@@@@@[0;37;45mS[0;35;47m8[0;37;45m8[0;1;35;95;45mXXXXSSS[0;1;30;90;45mS88;..:[0m      
    [0;1;30;90;40m8[0;1;30;90;45m%[0;1;35;95;45mXX@@@@88888@@@@XXXXSSSSS[0;1;30;90;45m::...[0;34;40m8[0m    
   [0;31;5;40;100mS[0;1;30;90;47m8[0;1;30;90;43m8[0;33;5;40;100m.[0;1;30;90;45m8[0;1;35;95;45m@8888[0;35;47m8[0;1;30;90;47m8[0;33;47m8[0;37;5;40;100m8[0;37;45m8[0;1;35;95;45m88@@@[0;37;45m@[0;1;30;90;47m8[0;1;30;90;43m8[0;33;5;40;100m;[0;1;30;90;45m8[0;1;35;95;45mSSS[0;1;30;90;45m::8[0;33;5;40;100m [0;1;30;90;43m8[0;30;42m8[0m   
  [0;1;30;90;43m;[0;33;5;43;103m;;:S[0;1;30;90;43m8[0;35;47m8[0;1;35;95;45m888[0;1;33;93;47m@[0;37;5;43;103mtttX[0;37;43mX[0;35;47m8[0;1;35;95;45m88@[0;33;47m8[0;33;5;43;103m::;X[0;1;30;90;43mt[0;1;30;90;45m8[0;1;35;95;45mSS[0;1;30;90;45m:[0;37;43m@[0;33;5;43;103mttt8[0;33;42m8[0m  
  [0;33;5;43;103m;;::[0;33;47m8[0;37;5;40;100m8[0;1;35;95;45m888[0;35;47m@[0;37;5;43;103mtttt[0;33;47mX[0;1;30;90;47mt[0;1;35;95;45m888[0;35;47m8[0;33;5;43;103m:::;[0;33;47m8[0;33;5;40;100mt[0;1;35;95;45mSSS[0;1;30;90;45m8[0;33;5;43;103mtttt[0;1;30;90;43m8[0;33;5;40;100m@[0;34;40m@[0m 
 [0;1;30;90;45m%[0;37;45m8[0;1;30;90;47m88[0;37;45m@[0;1;35;95;45m@8888[0;35;47m8X[0;1;30;90;47mSS[0;35;47m8[0;1;35;95;47mS[0;37;45m@[0;1;35;95;45m888@[0;35;47m8[0;1;30;90;47m88[0;37;45mX[0;1;35;95;45mXSSSS[0;1;30;90;45mt8[0;1;30;90;47m8[0;37;5;40;100m;[0;1;30;90;45m@.. [0m 
[0;34;40m@[0;1;35;95;45mSXXX@@88888[0;35;47m8[0;1;35;95;47mSSSS[0;1;35;95;45m88888@@XXXSSSSS[0;1;30;90;45m::.... [0;34;40m@[0m
[0;31;5;40;100m@[0;35;5;40;100m%[0;1;35;95;45mSXX@@@8[0;35;47m8[0;1;30;90;47m8[0;37;5;40;100m8[0;37;45m@[0;1;35;95;45m8[0;37;45m@[0;1;35;95;45m8888[0;35;47m8[0;37;5;40;100m@[0;35;5;40;100m [0;1;35;95;45m@@XXXS[0;1;30;90;45mt8[0;35;5;40;100m.X[0;1;30;90;45m:......S[0m
[0;1;33;93;43mX[0;33;5;43;103m8[0;1;30;90;43mS[0;1;30;90;45m8[0;1;35;95;45mXX@[0;1;30;90;47m8[0;37;5;43;103mS%%[0;33;5;43;103mS[0;37;43mX[0;35;47m8[0;1;35;95;45m888[0;1;30;90;47m8[0;37;5;43;103mX%%[0;33;5;43;103mX[0;1;30;90;43m8[0;1;30;90;45m8[0;1;35;95;45mXXX[0;1;30;90;47m8[0;33;5;43;103mt;;[0;1;33;93;43m8[0;1;30;90;43mt[0;1;30;90;45m8...[0;33;5;40;100m [0;33;5;43;103mS[0;1;33;93;43m%[0m
[0;1;33;93;43mX@[0;1;30;90;43m8[0;1;30;90;45mX[0;1;35;95;45mXX[0;37;45m@[0;33;5;43;103m:::[0;37;5;43;103m%8[0;37;43m8[0;37;45mX[0;1;35;95;45m88[0;35;47m8[0;37;5;43;103m%%%[0;33;5;43;103m:[0;37;5;43;103m@[0;1;30;90;43m8[0;1;30;90;45m@[0;1;35;95;45mXX[0;1;30;90;45m8[0;33;5;43;103m;;;;[0;1;33;93;43m@[0;1;30;90;43m8[0;1;30;90;45mt..8[0;33;5;43;103m%%[0;1;33;93;43m%[0m
[0;35;5;40;100m8[0;1;30;90;45m;S[0;1;35;95;45mSSX[0;1;30;90;45m8[0;1;30;90;47m8[0;33;47m88[0;1;30;90;47m8[0;1;35;95;45m@[0;37;45mS[0;1;35;95;45m@@@[0;37;45mX[0;1;30;90;47m8[0;1;33;93;47m8[0;33;47m8[0;1;30;90;47m8[0;1;35;95;45mX[0;1;30;90;45m@[0;1;35;95;45mXXS[0;1;30;90;45m8[0;33;47m8[0;37;43m@8[0;1;30;90;45m8:t...S[0;1;30;90;43m8[0;37;43mX[0;1;30;90;43mX[0m
[0;34;40m@[0;1;35;95;45mSSSSSXXXXXX@@@@@XXXXXXSSSSSS[0;1;30;90;45m::.....   [0;34;40m@[0m
 [0;1;30;90;45m:[0;1;35;95;45mSS[0;1;30;90;45m%88[0;1;35;95;45mSSXXXXX[0;1;30;90;45m@88[0;1;35;95;45mXXXXSSS[0;1;30;90;45m%8@[0;1;35;95;45mS[0;1;30;90;45m::....;8S  [0m 
  [0;1;30;90;45m8[0;33;5;43;103mXt%[0;1;33;93;43mt[0;1;30;90;43m8[0;1;30;90;45m8[0;1;35;95;45mSSS[0;37;45m8[0;33;5;43;103mS;%[0;1;33;93;43mt[0;1;30;90;43m8[0;1;30;90;45m8[0;1;35;95;45mSSS[0;1;30;90;45m8[0;33;5;43;103mSt%[0;1;33;93;43m;[0;1;30;90;43m8[0;1;30;90;45m@...8[0;1;33;93;43mS[0;33;5;43;103mSX[0;1;30;90;43m 8[0;31;40mX[0m 
  [0;1;30;90;43m:[0;33;5;43;103mtt;8[0;1;30;90;43mX[0;1;30;90;45m@[0;1;35;95;45mSS[0;1;30;90;45m8[0;33;5;43;103m;;;;8[0;1;30;90;43mX[0;1;30;90;45m@[0;1;35;95;45mSS[0;1;30;90;45m@[0;33;5;43;103m;;;t8[0;1;30;90;43mS[0;1;30;90;45mX..X[0;33;5;43;103m%%%S[0;1;33;93;43m8[0;33;42m@[0m  
   [0;1;30;90;43m:[0;33;5;43;103mS[0;37;43m8[0;1;30;90;45mS@:[0;1;35;95;45mSS[0;1;30;90;45m8[0;37;43mX[0;33;5;43;103m%S[0;33;47m8[0;1;30;90;45mS8[0;1;35;95;45mSS[0;1;30;90;45m:8[0;37;43mX[0;33;5;43;103mSS[0;37;43m8[0;1;30;90;45m%@...8[0;37;43mS[0;33;5;43;103mX[0;1;33;93;43mX[0;1;30;90;43m8[0;35;5;40;100m8[0m   
    [0;34;40m8[0;1;30;90;45m...:::::::::::::.........     [0;34;40m8[0m    
      [0;1;30;90;45m:..;t;.......;t;...... :;. .[0m      
        [0;35;5;40;100m8[0;1;33;93;43mS8[0;1;30;90;43m;[0;33;5;40;100mt[0;1;30;90;45mt...X[0;37;43m8[0;1;33;93;43mX8[0;1;30;90;43m:[0;33;5;40;100m%[0;1;30;90;45mt.  S[0;1;30;90;43m8[0;1;33;93;43mSX[0;1;30;90;42m8[0m        
          [0;1;30;90;43m..[0;32;43m%[0;1;30;90;45m8..%[0;33;5;43;103mS%%%[0;1;33;93;43m8[0;32;43m%[0;1;30;90;45m8  t[0;33;5;43;103m@[0;1;30;90;43m .[0m          
              [0;34;40m8[0;1;30;90;45m.[0;35;5;40;100m8[0;1;33;93;43mS@8%[0;1;30;90;45m8[0;35;5;40;100m@[0;1;30;90;45m..[0;34;40m8[0m              
