[0;1;30;90;41m.[0;1;31;91;41mSSSSSSSSXXXX[0;1;30;90;43mtt[0;33;5;40;100m8[0;1;33;93;43m8[0;33;5;43;103m88[0;1;30;90;43mt[0;33;5;40;100m8[0;1;33;93;43m8[0;33;5;43;103m8[0;1;33;93;43m8[0;1;30;90;43m;[0;33;5;40;100m8[0;1;33;93;43m@8@[0;1;30;90;43m:[0;31;5;40;100mS[0;1;33;93;43m@@X[0;33;41m8[0;1;30;90;41m8[0;1;33;93;43mXXS[0;33;41m8[0m
[0;1;31;91;41m;8[0;31;5;41;101m88888[0;1;30;90;47m8[0;1;37;97;47mSXX[0;35;5;41;101m@[0;31;5;41;101m8[0;1;30;90;41m@[0;1;30;90;40m%%[0;33;5;40;100m8[0;33;5;43;103m%[0;1;30;90;43m%[0;34;40m;;[0;1;30;90;43mt[0;33;5;43;103mS[0;1;30;90;43mt[0;34;40m::[0;1;30;90;43m;[0;33;5;43;103mS[0;1;30;90;43m;[0;34;40m..[0;1;30;90;43m:[0;33;5;43;103mX[0;1;30;90;43m:[0;34;40m..[0;33;41m8[0;33;5;43;103m@[0;31;43m8[0;34;40m [0m
[0;1;31;91;41m;[0;31;5;41;101m888888[0;1;30;90;47mX[0;37;5;47;107m;;;[0;35;5;41;101m@[0;31;5;41;101m8[0;1;30;90;41mX[0;1;30;90;40mXX8[0;1;30;90;43mS[0;1;30;90;40m8SS8[0;1;30;90;43mt[0;1;30;90;40m8[0;34;40m::[0;31;40m%[0;1;30;90;43m:[0;31;40m%[0;34;40m..[0;31;40mt[0;1;30;90;43m.[0;31;40mt[0;34;40m..[0;31;40m;[0;1;30;90;43m [0;31;40mt[0;34;40m [0m
[0;1;31;91;41m;[0;31;5;41;101m8[0;1;30;90;47m8888[0;31;5;41;101m88[0;1;30;90;47m8[0;1;37;97;47m;[0;1;30;90;47m8[0;31;5;41;101m88[0;1;30;90;43m@[0;33;5;40;100m8[0;31;5;40;100mS[0;33;5;43;103mX:X[0;31;5;40;100mS[0;30;5;40;100mX[0;33;5;43;103m@;X[0;1;30;90;40m88[0;33;5;43;103m@;@[0;31;40m@X[0;1;33;93;43m8[0;33;5;43;103mt[0;1;33;93;43m8[0;31;40mXS[0;1;33;93;43mX[0;33;5;43;103m%[0;1;33;93;43m@[0;31;40mS[0m
[0;1;31;91;41m;[0;31;5;41;101m8[0;37;5;47;107mSttt[0;31;5;41;101m888@@@@[0;33;5;43;103mt[0;1;33;93;43mXX[0;33;5;43;103m.::[0;1;33;93;43mS[0;1;30;90;43m@[0;33;5;43;103m::;[0;1;30;90;43m%t[0;33;5;43;103m;;;[0;1;30;90;43m::[0;33;5;43;103mttt[0;1;30;90;43m..[0;33;5;43;103m%%%[0;1;30;90;43m [0m
[0;1;31;91;41m;[0;31;5;41;101m8[0;1;30;90;47m8[0;37;5;47;107mSS[0;1;30;90;47m8[0;31;5;41;101m8@@XXXX[0;1;30;90;43m8[0;30;5;40;100mX@[0;37;43mS[0;37;5;43;103mS[0;1;33;93;43mS[0;30;5;40;100m8[0;1;30;90;40m8[0;1;30;90;43m@[0;33;5;43;103m:[0;1;30;90;43mX[0;1;30;90;40mXS[0;1;30;90;43mt[0;33;5;43;103m;[0;1;30;90;43m;[0;31;40m;:[0;1;30;90;43m:[0;33;5;43;103mt[0;1;30;90;43m.[0;31;40m::[0;1;30;90;43m.[0;33;5;43;103m%[0;1;30;90;43m [0;31;40m.[0m
[0;1;31;91;41m;[0;31;5;41;101m888888[0;1;37;97;47m.[0;37;5;47;107m.. [0;1;30;90;47m8[0;31;5;41;101mX[0;31;5;40;100mX[0;30;5;40;100mSXX[0;1;30;90;43m8[0;30;5;40;100m@88[0;1;30;90;40m8[0;1;30;90;43m@[0;1;30;90;40m@XS%[0;1;30;90;43mt[0;31;40m;[0;34;40m::[0;31;40m:[0;1;30;90;43m:[0;31;40m:[0;34;40m..[0;31;40m.[0;1;30;90;43m.[0;31;40m.[0;34;40m [0m
[0;1;31;91;41m;[0;31;5;41;101m88888@[0;1;30;90;47m8[0;37;5;47;107m. ;[0;1;31;91;47m8[0;31;5;41;101mS[0;1;30;90;43m8[0;33;5;40;100mtt[0;37;43m@[0;37;5;43;103mX[0;37;43mX[0;30;5;40;100mX8[0;1;30;90;43m8[0;33;5;43;103m:[0;1;30;90;43m@[0;1;30;90;40m@X[0;1;30;90;43m%[0;33;5;43;103m;[0;1;30;90;43m;[0;31;40m;:[0;1;30;90;43m:[0;33;5;43;103mt[0;1;30;90;43m:[0;31;40m::[0;1;30;90;43m.[0;33;5;43;103m%[0;1;30;90;43m [0;31;40m.[0m
[0;1;31;91;41m;[0;31;5;41;101m8[0;1;37;97;47m.:;;[0;31;5;41;101m@@[0;1;31;91;47m8[0;1;30;90;47mX[0;35;5;41;101mX[0;31;5;41;101mX[0;35;5;41;101mX[0;37;5;43;103m8[0;33;47m88[0;37;5;43;103mXXX[0;37;43mX[0;1;33;93;43mX[0;37;5;43;103m%[0;33;5;43;103m::[0;1;30;90;43mXS[0;33;5;43;103m;;;[0;1;30;90;43m;:[0;33;5;43;103m;tt[0;1;30;90;43m..[0;33;5;43;103m%%%[0;1;30;90;43m.[0m
[0;1;31;91;41m;[0;31;5;41;101m8[0;37;5;47;107m@;;%[0;31;5;41;101m@@XXXX[0;35;5;41;101mX[0;33;47m8[0;33;5;40;100mtt[0;37;5;43;103m@XX[0;33;5;40;100m@8[0;33;5;43;103mS:S[0;31;5;40;100mS[0;30;5;40;100mX[0;33;5;43;103m@;X[0;1;30;90;40m8[0;31;40m@[0;33;5;43;103m@t@[0;31;40m@X[0;1;33;93;43m@[0;33;5;43;103m%[0;1;33;93;43m@[0;31;40mX[0m
[0;1;31;91;41m;[0;31;5;41;101m8@[0;1;37;97;47m:;[0;35;5;41;101m@[0;31;5;41;101m@[0;37;5;41;101m8[0;1;30;90;47m888[0;35;5;41;101mS[0;31;5;41;101mX[0;31;5;40;100mS[0;30;5;40;100mSS[0;33;5;40;100mS[0;37;43mX[0;33;5;40;100mX[0;30;5;40;100m88X[0;1;30;90;43m@[0;30;5;40;100m@[0;1;30;90;40mXS8[0;1;30;90;43mt[0;31;40mS[0;34;40m::[0;31;40m%[0;1;30;90;43m:[0;31;40m%[0;34;40m..[0;31;40mt[0;1;30;90;43m.[0;31;40mt[0;34;40m [0m
[0;1;30;90;41m:[0;31;5;41;101m888888[0;1;37;97;47m [0;37;5;47;107m:..[0;1;30;90;47m8[0;31;5;41;101mX[0;33;5;40;100m@[0;30;5;40;100m@@[0;33;5;40;100m8[0;37;5;43;103mS[0;33;5;40;100m8[0;30;5;40;100m8[0;1;30;90;40m8[0;33;5;40;100m8[0;33;5;43;103m%[0;33;5;40;100m8[0;1;30;90;40mSS[0;33;5;40;100m8[0;33;5;43;103mS[0;1;30;90;43mt[0;34;40m::[0;33;5;40;100m8[0;33;5;43;103mX[0;1;30;90;43m:[0;34;40m..[0;1;30;90;41m8[0;33;5;43;103m@[0;31;43m8[0;34;40m [0m
[0;30;41mS[0;31;5;41;101m888888[0;35;5;41;101m@[0;37;5;47;107m@:[0;1;37;97;47mX[0;31;5;41;101mX@[0;33;5;43;103mt[0;1;30;90;43m88[0;37;5;43;103m%%[0;33;5;43;103m:[0;1;30;90;43m8@[0;33;5;43;103m;:;[0;1;30;90;43mS%[0;33;5;43;103mt;t[0;1;30;90;43m;;[0;33;5;43;103mttt[0;1;30;90;43m::[0;33;5;43;103m%%S[0;30;41m8[0m
 [0;31;5;41;101m8[0;37;5;47;107m%ttt[0;31;5;41;101m888@8@@[0;33;5;43;103m%[0;1;30;90;43m88[0;33;5;43;103m:::[0;1;30;90;43mXX[0;33;5;43;103m;;;[0;1;30;90;43m%%[0;33;5;43;103mt;;[0;1;30;90;43m;;[0;33;5;43;103mttt[0;1;30;90;43m::[0;33;5;43;103m%%S[0m 
 [0;1;31;91;41m.[0;1;37;97;47m%[0;37;5;47;107mtt[0;1;37;97;47m@[0;31;5;41;101m8888888[0;1;30;90;41m@[0;1;30;90;40mXX[0;33;5;40;100m8[0;33;5;43;103m%[0;1;30;90;43mX[0;1;30;90;40mSS[0;33;5;40;100m8[0;33;5;43;103m%[0;1;30;90;43m%[0;34;40m;:[0;1;30;90;43m;[0;33;5;43;103mS[0;1;30;90;43m;[0;34;40m..[0;1;30;90;43m:[0;33;5;43;103mX[0;1;30;90;43m:[0;34;40m..[0;33;41m8[0;33;5;43;103m@[0;31;43m8[0m 
  [0;1;31;91;41m8[0;1;30;90;47m88[0;31;5;41;101m88[0;1;30;90;47m8[0;1;37;97;47m   [0;35;5;41;101m8[0;31;5;41;101m8[0;1;30;90;41mS[0;1;30;90;40mSS8[0;1;30;90;43m%[0;1;30;90;40m8[0;34;40m;;[0;1;30;90;40m@[0;1;30;90;43m;[0;31;40mS[0;34;40m::[0;31;40m%[0;1;30;90;43m:[0;31;40m%[0;34;40m..[0;31;40mt[0;1;30;90;43m.[0;31;40mt[0;34;40m..[0;31;40m;[0;1;30;90;43m [0m  
  [0;30;41m@[0;31;5;41;101m8888[0;1;37;97;47m [0;37;5;47;107mttt[0;35;5;40;100m.[0;31;5;41;101m8[0;1;31;91;43m8[0;1;30;90;40m88[0;33;5;43;103m@;@[0;1;30;90;40m88[0;33;5;43;103m@;@[0;31;40m@X[0;1;33;93;43m8[0;33;5;43;103mt8[0;31;40mXX[0;1;33;93;43m@[0;33;5;43;103m%[0;1;33;93;43m@[0;31;40mXS[0;1;33;93;43mX[0;1;30;90;43m.[0m  
   [0;30;41mt[0;1;31;91;41m88[0;31;5;41;101m88[0;1;37;97;47m [0;37;5;47;107m8[0;1;30;90;47m8[0;31;5;41;101m88[0;1;33;93;43m:[0;1;30;90;43m;;[0;33;5;43;103m;;;[0;1;30;90;43m::[0;33;5;43;103m;;;[0;1;30;90;43m::[0;33;5;43;103mttt[0;1;30;90;43m..[0;33;5;43;103m%%%[0;1;30;90;43m   [0m   
    [0;30;41m%[0;1;31;91;41m8888[0;31;5;41;101m8888[0;31;43m8[0;31;40m;:[0;1;30;90;43m:[0;33;5;43;103m;[0;1;30;90;43m:[0;31;40m;:[0;1;30;90;43m:[0;33;5;43;103mt[0;1;30;90;43m:[0;31;40m::[0;1;30;90;43m.[0;33;5;43;103mt[0;1;30;90;43m.[0;31;40m::[0;1;30;90;43m.[0;33;5;43;103m%[0;1;30;90;43m [0;31;40m..[0m    
     [0;30;41m8[0;1;31;91;41m@888888[0;30;41m8[0;34;40m..[0;31;40m:[0;1;30;90;43m:[0;31;40m:[0;34;40m..[0;31;40m.[0;1;30;90;43m:[0;31;40m:[0;34;40m..[0;31;40m.[0;1;30;90;43m.[0;31;40m.[0;34;40m..[0;31;40m.[0;1;30;90;43m [0;31;40m.[0;34;40m [0m     
       [0;1;31;91;41m:88888[0;31;43m8[0;31;40m::[0;1;30;90;43m.[0;33;5;43;103mt[0;1;30;90;43m.[0;31;40m::[0;1;30;90;43m.[0;33;5;43;103mt[0;1;30;90;43m.[0;31;40m:.[0;1;30;90;43m.[0;33;5;43;103m%[0;1;30;90;43m [0;31;40m..[0;1;30;90;43m  [0m       
        [0;31;40m8[0;1;31;91;41mS888[0;1;33;93;43m.[0;1;30;90;43m..[0;33;5;43;103m%%%[0;1;30;90;43m..[0;33;5;43;103m%%%[0;1;30;90;43m  [0;33;5;43;103m%SS[0;1;30;90;43m .[0;31;43m8[0m        
          [0;30;41m8[0;1;31;91;41m%8[0;31;43mt[0;31;40mXX[0;1;33;93;43m@[0;33;5;43;103m%[0;1;33;93;43m@[0;31;40mXX[0;1;33;93;43m@[0;33;5;43;103m%[0;1;33;93;43m@[0;31;40mXS[0;1;33;93;43mX[0;33;5;43;103mS[0;1;33;93;43mX[0;31;40mS[0m          
             [0;31;40mX[0;34;40m  [0;31;40mt[0;1;30;90;43m [0;31;40mt[0;34;40m  [0;31;40m;[0;1;30;90;43m [0;31;40mt[0;34;40m  [0;31;40m;[0m             
               [0;34;40m [0;31;40m@[0;1;33;93;43m@[0;33;41m8[0;34;40m  [0;30;41m8[0;1;33;93;43m@[0;31;40m8[0;34;40m [0m               
                  [0;1;30;90;43m [0;31;40mS%[0;1;30;90;43m [0m                  
