[0;1;30;90;41m.[0;1;31;91;41mSSSSSSSSXXXXXXXXXXXXSSSSSSSSS%%%%%%ttt[0;30;41m:[0m
[0;1;31;91;41m;8[0;31;5;41;101m8888888888888888888888888[0;1;31;91;41m8888888888@@.[0m
[0;1;31;91;41m;[0;31;5;41;101m8888888888888888888888888888[0;1;31;91;41m888888888@:[0m
[0;1;31;91;41m;[0;31;5;41;101m888888888888@@@[0;1;30;90;47m8[0;1;37;97;47m@[0;31;5;41;101m8[0;1;37;97;47m  [0;31;5;41;101m888888888[0;1;31;91;41m888888888:[0m
[0;1;31;91;41m;[0;31;5;41;101m88888888@@@@@@@[0;37;5;47;107m8[0;1;37;97;47mX[0;31;5;41;101m@[0;1;37;97;47mt[0;37;5;47;107m8[0;31;5;41;101m8[0;1;30;90;47m@[0;31;5;41;101m@8888888[0;1;31;91;41m88888888:[0m
[0;1;31;91;41m;[0;31;5;41;101m8888888@@@XX[0;1;30;90;47m8[0;33;5;41;101mX[0;31;5;41;101mX[0;37;5;47;107mt[0;1;37;97;47m:[0;31;5;41;101mX[0;1;30;90;47m@[0;37;5;47;107mt[0;31;5;41;101m@[0;1;30;90;47m8[0;1;37;97;47m%[0;31;5;41;101m8888888[0;1;31;91;41m88888888:[0m
[0;1;31;91;41m;[0;31;5;41;101m888888@@XXX[0;37;5;41;101m8[0;37;5;47;107m8[0;33;5;41;101mX[0;1;37;97;47m [0;37;5;47;107m:[0;1;30;90;47m@[0;31;5;41;101mX[0;1;37;97;47m [0;37;5;47;107m;[0;1;31;91;47m8[0;31;5;41;101m@[0;37;5;47;107mt[0;31;5;41;101m@8888888[0;1;31;91;41m8888888:[0m
[0;1;31;91;41m;[0;31;5;41;101m88888@@XXXX[0;1;30;90;47m8[0;37;5;47;107mX[0;1;31;91;47m8[0;37;5;47;107m@:[0;1;30;90;47m8[0;31;5;41;101mX[0;1;37;97;47mS[0;37;5;47;107m:[0;1;30;90;47m@[0;31;5;41;101m@[0;37;5;47;107mS[0;1;30;90;47mX[0;31;5;41;101m8888888[0;1;31;91;41m8888888:[0m
[0;1;31;91;41m;[0;31;5;41;101m88888@@XXXX[0;1;37;97;47m%[0;37;5;47;107m8[0;33;5;41;101mS[0;37;5;47;107m%8[0;33;5;41;101mX[0;31;5;41;101mX[0;1;37;97;47mt[0;37;5;47;107m.[0;33;5;41;101mX@[0;37;5;47;107m%8[0;31;5;41;101m8888888[0;1;31;91;41m8888888:[0m
[0;1;31;91;41m;[0;31;5;41;101m88888@@XXX[0;33;5;41;101mX[0;37;5;47;107m%[0;1;30;90;47mX8[0;37;5;47;107mt[0;1;37;97;47m [0;31;5;41;101mXX[0;37;5;47;107m8.[0;33;5;41;101mX[0;31;5;41;101m@[0;37;5;47;107m@8[0;31;5;41;101m8888888[0;1;31;91;41m8888888:[0m
[0;1;31;91;41m;[0;31;5;41;101m88888@@@XX[0;1;30;90;47m8[0;37;5;47;107m:[0;33;5;41;101mX[0;1;37;97;47mS[0;37;5;47;107m:[0;1;37;97;47m [0;31;5;41;101mX[0;1;30;90;47m8[0;37;5;47;107m%.[0;33;5;41;101mX[0;31;5;41;101m@[0;1;37;97;47m@[0;37;5;47;107m8[0;31;5;41;101m8888888[0;1;31;91;41m8888888:[0m
[0;1;30;90;41m:[0;31;5;41;101m888888@@@X[0;37;5;47;107m8 [0;33;5;41;101mX[0;37;5;47;107mX;[0;1;37;97;47m [0;31;5;41;101mX[0;1;30;90;47m8[0;37;5;47;107mtt[0;1;30;90;47m88[0;37;5;47;107mSt[0;31;5;41;101m@88888[0;1;31;91;41m88888888[0;30;41m.[0m
[0;30;41mS[0;31;5;41;101m88888888@[0;33;5;41;101m@[0;37;5;47;107m8t[0;1;30;90;47m8[0;37;5;47;107m%t[0;1;37;97;47m [0;31;5;41;101m@[0;1;37;97;47m [0;37;5;47;107m;8[0;31;5;41;101m8[0;33;5;41;101m8[0;37;5;47;107m8S[0;1;30;90;47m8[0;31;5;41;101m88888[0;1;31;91;41m88888888[0;30;41mX[0m
 [0;31;5;41;101m888888888[0;33;5;40;100m.[0;37;5;47;107m88[0;31;5;41;101m@[0;37;5;47;107m8t[0;31;5;41;101m@@[0;1;30;90;47mX[0;37;5;47;107mt[0;31;5;41;101m@8[0;1;30;90;47m8[0;37;5;47;107mS8[0;31;5;41;101m88888[0;33;5;41;101m8[0;1;37;97;47m [0;1;30;90;47mX[0;1;31;91;41m888888[0m 
 [0;1;31;91;41m.[0;31;5;41;101m888888888[0;1;37;97;47m%[0;37;5;47;107m8[0;31;5;41;101m8[0;1;37;97;47mS[0;37;5;47;107m8[0;31;5;41;101m88[0;1;37;97;47m t[0;31;5;41;101m88[0;1;37;97;47mt[0;37;5;47;107m8[0;31;5;41;101m88888[0;1;37;97;47m [0;37;5;47;107m8[0;1;30;90;43m8[0;1;31;91;41m888888.[0m 
  [0;1;31;91;41m8[0;31;5;41;101m88888888[0;1;30;90;47m@[0;37;5;47;107m@[0;31;5;41;101m8[0;1;37;97;47m [0;37;5;47;107m8[0;31;5;41;101m88[0;1;37;97;47mX[0;1;30;90;47m@[0;31;5;41;101m8[0;1;30;90;47m8[0;37;5;47;107mX[0;31;5;41;101m88888[0;1;30;90;47mX[0;1;37;97;47mX[0;31;5;41;101m8[0;1;31;91;41m888888@[0m  
  [0;30;41m@[0;31;5;41;101m88888888[0;1;30;90;47m8[0;37;5;47;107m8[0;1;30;90;47m8[0;1;37;97;47mt[0;37;5;47;107m%[0;33;5;40;100m [0;1;30;90;47m8[0;37;5;47;107m%[0;1;37;97;47m [0;1;30;90;47m8[0;37;5;47;107m@[0;1;30;90;47m8[0;31;5;41;101m888[0;1;30;90;47m8[0;37;5;47;107m@[0;1;37;97;47mS[0;31;5;41;101m8[0;1;31;91;41m8888888[0;30;41m@[0m  
   [0;30;41mt[0;1;31;91;41m88[0;31;5;41;101m888888[0;1;37;97;47m8X[0;37;5;47;107m@@[0;1;37;97;47m X[0;37;5;47;107m88[0;1;37;97;47mS[0;37;5;47;107mX[0;33;5;41;101m8[0;31;5;41;101m88[0;1;30;90;47mS[0;37;5;47;107m8[0;1;30;90;47m8[0;1;31;91;41m8888888@[0;30;41mt[0m   
    [0;30;41m%[0;1;31;91;41m8888[0;31;5;41;101m888[0;1;30;90;47m8[0;1;37;97;47mt[0;37;5;47;107mXSX%@X88[0;1;30;90;47mX[0;1;37;97;47m%[0;37;5;47;107mX[0;1;30;90;47mX[0;31;5;41;101m8[0;1;31;91;41m8888888@[0;30;41m%[0m    
     [0;30;41m8[0;1;31;91;41m@88888[0;1;37;97;47m.[0;37;5;47;107m88888S888[0;1;30;90;47m8[0;37;5;40;100m.[0;31;5;41;101m8[0;1;31;91;41m8888888@X[0;30;41m8[0m     
       [0;1;31;91;41m:88888[0;37;5;40;100m:[0;1;37;97;47m8[0;37;5;47;107m8X88X8[0;1;30;90;47mS[0;1;31;91;41m88888888@@.[0m       
        [0;31;40m8[0;1;31;91;41mS88888[0;33;5;40;100m:[0;1;30;90;47m8[0;33;5;40;100m%[0;37;5;40;100m:[0;1;30;90;47m8[0;1;31;91;41m88888888@@%[0;30;41m8[0m        
          [0;30;41m8[0;1;31;91;41m%8888888888888@@@%[0;30;41m8[0m          
             [0;1;31;91;41m.@8888@@@@@@@.[0m             
               [0;30;41mX[0;1;31;91;41m;@@@@@@t[0;30;41mS[0m               
                  [0;30;41m@. @[0m                  
