[0;1;30;90;43m.[0;33;5;43;103m88@@@@@@@@@@@@@@@@@@@@@@@88888888888[0;1;33;93;43m88X[0m
[0;1;30;90;43m.[0;33;5;43;103m;;;;;;;;:S%::::::;[0;1;30;90;43m88[0;33;5;43;103mS;;;;;;t@ttttt%%%%8[0m
[0;1;30;90;43m.[0;33;5;43;103m;;;;;::::t[0;33;5;40;100m88[0;1;30;90;43m@[0;33;5;43;103m::::[0;1;33;93;43m@[0;33;5;40;100m:[0;36;5;40;100m [0;1;30;90;43m8[0;33;5;43;103m;;;;[0;1;33;93;43m8[0;33;5;40;100m8[0;1;30;90;40m@[0;1;33;93;43m8[0;33;5;43;103m;ttttt%%%8[0m
[0;1;30;90;43m.[0;33;5;43;103m;;;;::::::8[0;30;5;40;100m8[0;1;30;90;43m8[0;33;5;43;103m::[0;1;33;93;43m888[0;33;5;40;100m;[0;36;5;40;100m [0;37;43mS[0;33;5;43;103m8[0;1;30;90;43m8[0;33;5;43;103mt;[0;1;30;90;43m%[0;1;30;90;40m@[0;1;30;90;43m;[0;33;5;43;103m;;;tttt%%%8[0m
[0;1;30;90;43m.[0;33;5;43;103m;;:8[0;1;30;90;43m@[0;33;5;43;103m%::.[0;37;5;43;103m::[0;1;30;90;43m8[0;30;5;40;100mX[0;33;5;40;100m%t[0;36;5;40;100m:.     .[0;33;5;40;100mt@[0;30;5;40;100m8[0;33;5;40;100m8[0;33;5;43;103m;;;;;t[0;1;33;93;43mX[0;1;30;90;43m:[0;33;5;43;103mt%%8[0m
[0;1;30;90;43m.[0;33;5;43;103m;;::[0;1;30;90;43m8[0;33;5;40;100mtX[0;33;5;43;103m8[0;37;5;43;103m:[0;33;5;43;103mX[0;1;33;93;43m@[0;33;5;43;103mS[0;1;30;90;43m88[0;37;43m@[0;37;5;43;103m@XS%[0;33;5;43;103m;tS8[0;1;33;93;43m8[0;1;30;90;43m88[0;33;5;43;103mX[0;1;30;90;43mt[0;1;33;93;43m@[0;33;5;43;103mtX[0;1;30;90;43mX[0;30;5;40;100mS[0;33;5;40;100m8[0;33;5;43;103m%tt%8[0m
[0;1;30;90;43m:[0;33;5;43;103m;8[0;1;33;93;43m@[0;33;5;43;103mS:[0;1;30;90;43m8[0;33;5;40;100m;%[0;37;43mS[0;1;30;90;43m88[0;37;5;43;103m:.......::[0;33;5;43;103m.:::::[0;1;30;90;43mt[0;31;43m@[0;1;30;90;43mtS[0;30;5;40;100m@[0;33;5;40;100m8[0;33;5;43;103mSS[0;1;33;93;43m@t[0;33;5;43;103m%8[0m
[0;1;30;90;43m:[0;33;5;43;103m;[0;1;33;93;43m8[0;31;43m@@[0;1;30;90;43m8[0;33;5;43;103m8[0;1;33;93;43m@[0;1;30;90;43m888[0;37;5;43;103m%.........::[0;33;5;43;103m:::::;[0;1;30;90;43mS[0;33;41m8[0;31;43m8[0;1;30;90;43mt[0;33;5;43;103m8[0;31;43mS[0;33;41m88[0;1;30;90;43m:[0;33;5;43;103m%8[0m
[0;1;30;90;43m:[0;33;5;43;103m:;[0;1;30;90;43m@8888[0;1;33;93;43mX[0;37;5;43;103m%[0;1;30;90;43m8[0;33;5;40;100m [0;33;47m8[0;37;5;43;103m........::[0;33;5;43;103m.:::8[0;33;5;40;100m88[0;33;5;43;103m88[0;33;41m8[0;31;43m888[0;33;41m8[0;1;33;93;43m8[0;33;5;43;103m%8[0m
[0;1;30;90;43m:[0;33;5;43;103m::X[0;1;30;90;43m88888[0;1;33;93;43m8[0;37;5;43;103m.@[0;33;5;40;100m  [0;37;5;43;103m8......::[0;33;5;43;103m.:%[0;1;30;90;43m8[0;33;5;40;100mX[0;1;30;90;43mS[0;33;5;43;103m;@[0;31;43m88888[0;1;33;93;43m%[0;33;5;43;103mt%8[0m
[0;1;30;90;43m:[0;33;5;43;103m;::t[0;1;33;93;43mS[0;1;30;90;43m8888[0;37;5;43;103mX..[0;33;47m8[0;33;5;40;100m [0;37;43m8[0;37;5;43;103m;....::[0;33;5;43;103m:[0;1;33;93;43mX[0;33;5;40;100mS[0;1;30;90;43m8[0;33;5;43;103m%;%[0;31;43mX8[0;33;41m8[0;31;43m@[0;1;30;90;43m;[0;33;5;43;103m@tt%8[0m
[0;1;30;90;43m.[0;33;5;43;103m;::::::SX@[0;37;5;43;103m...S[0;1;30;90;43m8[0;33;5;40;100m.[0;33;5;43;103m8[0;37;5;43;103m.:::[0;33;5;43;103mX[0;33;5;40;100m@X[0;33;5;43;103m8:;;8[0;1;33;93;43m8[0;33;5;43;103m8S;tttt%[0;1;33;93;43m8[0m
[0;1;30;90;43m.[0;33;5;43;103m;;::::::[0;37;5;43;103m;::::..[0;33;5;43;103m8[0;33;5;40;100mtS[0;33;5;43;103mS;[0;1;30;90;43m8[0;33;5;40;100m%[0;1;30;90;43m8[0;33;5;43;103m;::;;;;;;tttt%%[0;1;30;90;43m [0m
 [0;33;5;43;103mt;;:::::::..[0;37;5;43;103m::::[0;33;5;43;103m:[0;1;30;90;43m8[0;33;5;40;100mtS[0;1;30;90;43m8[0;33;5;43;103mS::;;;;;;;;tttt%%[0;1;30;90;43m.[0m
 [0;1;30;90;43m.[0;33;5;43;103m;;;;:::::::::::S[0;33;5;40;100m8X8X[0;1;33;93;43m8[0;33;5;43;103m:;;;;;;;;tttt%%8[0m 
  [0;33;5;43;103mS;;;;;:::::::;[0;1;30;90;43m8[0;33;5;40;100mS[0;1;30;90;43m8[0;33;5;43;103mt:[0;1;33;93;43mX[0;33;5;40;100m@[0;1;30;90;43m8[0;33;5;43;103mS;;;;;;tttt%%%[0;1;30;90;43m.[0m 
   [0;33;5;43;103m;;;;;;;;;;:[0;1;33;93;43m8[0;33;5;40;100m@8[0;33;5;43;103m@;;;;%[0;1;30;90;43mX[0;30;5;40;100mS[0;1;30;90;43m%[0;33;5;43;103mt;;ttttt%%%[0;1;30;90;43m [0m  
   [0;1;30;90;43m.[0;33;5;43;103m;;;;;;;;S[0;1;30;90;43m@[0;33;5;40;100m8[0;1;33;93;43mX[0;33;5;43;103m;;;;;;;;8[0;33;5;40;100m88[0;1;33;93;43m8[0;33;5;43;103mttttt%%%[0;1;30;90;43m [0m   
    [0;1;30;90;43m.[0;33;5;43;103mt;;;;;[0;1;30;90;43m%[0;30;5;40;100mS[0;1;30;90;43mX[0;33;5;43;103m%;;;;;;;;;;t[0;1;30;90;43mt[0;30;5;40;100mX[0;1;30;90;43mX[0;33;5;43;103mXt%%%%[0;1;30;90;43m [0m    
      [0;33;5;43;103mXt;[0;1;33;93;43m8[0;33;5;40;100m88[0;33;5;43;103m8;;;;;;;;;tttttX[0;1;30;90;43mX[0;30;5;40;100mX[0;1;30;90;43m;[0;33;5;43;103m%%S[0;1;30;90;43m.[0m     
       [0;1;30;90;43m.[0;33;5;43;103mS[0;1;30;90;43m@t[0;33;5;43;103mtttttttttttttttt%%[0;1;33;93;43m@[0;33;5;40;100m8[0;1;33;93;43m@8[0m       
         [0;1;33;93;43m8[0;33;5;43;103mttttttttttttt%%%%%%%@[0;1;30;90;43m [0m        
           [0;1;33;93;43m8[0;33;5;43;103m%%%%%%%%%%%%%%%%8[0;1;30;90;43m [0m          
             [0;1;30;90;43m [0;33;5;43;103mS%%%%%%%%%SS[0;1;33;93;43m@[0;1;30;90;43m [0m            
               [0;1;30;90;43m.[0;1;33;93;43m@[0;33;5;43;103mSSSSSS8[0;1;30;90;43m [0m               
                  [0;1;30;90;43m  [0;1;33;93;43mS[0;1;30;90;43m [0m                  
