[0;36;5;40;100m [0;1;30;90;47m88888888888888888888888888888888888888[0;36;5;40;100m.[0m
[0;37;5;40;100m%[0;1;30;90;47m@@@XXXXX[0;1;37;97;47m            [0;1;30;90;47mXXXXX@@@@@88888888[0;37;5;40;100m;[0m
[0;37;5;40;100m%[0;1;30;90;47m@XXXX[0;1;37;97;47m           [0;1;30;90;47m@[0;36;5;40;100m;[0;1;30;90;42m@@[0;36;5;40;100mt[0;1;30;90;47m8XXXX@@@@@8888888[0;37;5;40;100m;[0m
[0;37;5;40;100m%[0;1;30;90;47mXXX[0;1;37;97;47m            [0;1;30;90;47mX[0;32;5;40;100m8[0;1;30;90;42m8XX88[0;1;30;90;47m8[0;1;37;97;47m [0;1;30;90;47mXXXX@@@@888888[0;37;5;40;100m;[0m
[0;1;30;90;47m8XX[0;1;37;97;47m             [0;36;5;40;100m [0;1;30;90;42m888@@@[0;36;5;40;100m:[0;1;37;97;47m  [0;1;30;90;47mXXX@@@@@88888[0;37;5;40;100m;[0m
[0;1;30;90;47m8X[0;1;37;97;47m              [0;37;5;40;100mt[0;1;30;90;42m88888@[0;36;5;40;100m:[0;1;37;97;47m   [0;1;30;90;47mXXX@@@@88888[0;37;5;40;100mt[0m
[0;1;30;90;47m8X[0;1;37;97;47m               [0;36;5;40;100mt[0;1;30;90;42m8888[0;32;5;40;100m8[0;1;30;90;47mX[0;1;37;97;47m    [0;1;30;90;47mXXX@@@88888[0;37;5;40;100mt[0m
[0;1;30;90;47m8[0;1;37;97;47m          [0;1;30;90;47mX@8:[0;1;37;97;47m:.[0;1;30;90;47m%[0;37;5;40;100mX[0;36;5;40;100m  [0;37;5;40;100mt[0;1;30;90;47m8;;8[0;37;5;40;100mt%[0;1;30;90;47m88@@@@@8888[0;37;5;40;100mt[0m
[0;1;30;90;47m8[0;1;37;97;47m      [0;1;30;90;47mX[0;36;5;40;100m [0;32;5;40;100mXXS[0;1;30;90;47m8[0;37;5;47;107mS[0;1;37;97;47m [0;37;5;40;100m%[0;36;5;40;100m  [0;37;5;40;100mt[0;1;30;90;47m8[0;37;5;40;100m%[0;36;5;40;100m ;[0;32;5;40;100mX[0;36;5;40;100m%[0;1;30;90;47m@[0;37;5;47;107m8[0;37;5;40;100mS[0;1;30;90;42mt;[0;30;42mX[0;32;5;40;100mX[0;1;30;90;47m8@@8888[0;37;5;40;100mt[0m
[0;1;30;90;47m8[0;1;37;97;47m     [0;1;30;90;47m8[0;32;5;40;100m8[0;1;30;90;42m888[0;1;30;90;47m@[0;37;5;47;107mX[0;36;5;40;100m tt%[0;32;5;40;100mSX[0;1;30;90;42m88888XS[0;32;5;40;100m8[0;1;37;97;47m@[0;37;5;40;100m@[0;1;30;90;42m;;:[0;30;42mX[0;36;5;40;100m [0;1;30;90;47m@8888[0;37;5;40;100mt[0m
[0;37;5;40;100mS[0;1;37;97;47m    [0;1;30;90;47mS[0;32;5;40;100m8[0;1;30;90;42m88[0;32;5;40;100m8S[0;37;5;47;107m%[0;36;5;40;100m [0;32;5;40;100mSSSSX@[0;1;30;90;42m8888@XS%[0;32;5;40;100m8[0;37;5;47;107m@[0;30;42m8%[0;1;30;90;42m::[0;30;42m8[0;1;30;90;47m88888[0;37;5;40;100m;[0m
[0;36;5;40;100m [0;1;30;90;47mX[0;1;37;97;47m    [0;37;5;40;100mt[0;36;5;40;100m [0;1;30;90;47m8[0;1;37;97;47m [0;1;30;90;47m8[0;1;37;97;47m@[0;32;5;40;100m@@@@@[0;1;30;90;42m88888@XXS%t[0;1;37;97;47m:[0;36;5;40;100m [0;1;30;90;47m8[0;37;5;40;100mt[0;36;5;40;100m;.[0;1;30;90;47m88888[0;36;5;40;100m [0m
[0;36;5;40;100m%[0;1;30;90;47mXX[0;1;37;97;47m       [0;37;5;40;100m@[0;1;37;97;47m;[0;1;30;90;42m888888888@XXS%tt[0;1;30;90;47mt[0;36;5;40;100m [0;1;30;90;47m@@@@88888[0;32;5;40;100mS[0m
 [0;1;30;90;47mXXX[0;1;37;97;47m      [0;37;5;40;100mt[0;1;37;97;47m@[0;1;30;90;42m888888@@XXSS%tt;[0;1;37;97;47mt[0;36;5;40;100m [0;1;30;90;47m@@@888888[0m 
 [0;37;5;40;100m;[0;1;30;90;47mXXX[0;1;37;97;47m     [0;1;30;90;47m8:[0;36;5;40;100m:[0;1;30;90;42mXX@XXXSS%%%[0;30;42mS[0;1;30;90;42mt[0;30;42mt[0;32;5;40;100m@[0;1;30;90;47m;8@@888888[0;36;5;40;100m [0m 
  [0;1;30;90;47m@XXXXX[0;1;37;97;47m   [0;36;5;40;100m [0;1;37;97;47m;[0;1;30;90;42m8SSSSS%%%t[0;30;42m%[0;1;30;90;42m;;S[0;1;37;97;47m.[0;36;5;40;100m.[0;1;30;90;47m@@8888888[0m  
  [0;32;5;40;100mX[0;1;30;90;47m@@XXXXXX[0;36;5;40;100mt[0;32;5;40;100mX[0;1;37;97;47m:[0;32;5;40;100m@[0;1;30;90;42m%[0;30;42mX[0;1;30;90;42mttt;;;[0;30;42m@t[0;1;30;90;42m8[0;1;37;97;47m.[0;32;5;40;100m@X[0;1;30;90;47m@8888888[0;32;5;40;100mX[0m  
   [0;36;5;40;100m;[0;1;30;90;47m@@@@XXX[0;30;42m8[0;1;30;90;42m;8[0;1;37;97;47m [0;1;30;90;47m8[0;1;30;90;42m@[0;30;42m@tttt@[0;1;30;90;42mS[0;1;30;90;47m8[0;1;37;97;47m [0;1;30;90;42m8:[0;32;40m8[0;1;30;90;47m8888888[0;36;5;40;100m;[0m   
    [0;36;5;40;100mt[0;1;30;90;47m@@@@@@[0;32;5;40;100m8[0;1;30;90;42m::;[0;36;5;40;100m.[0;1;37;97;47m  [0;37;5;40;100mS[0;32;5;40;100mSX[0;37;5;40;100m%[0;1;30;90;47m:[0;1;37;97;47m [0;36;5;40;100m.[0;30;42m;[0;1;30;90;42m:.[0;32;5;40;100m8[0;1;30;90;47m888888[0;36;5;40;100mt[0m    
     [0;32;5;40;100m8[0;1;30;90;47m8@@@@8[0;30;42m8[0;1;30;90;42m::8[0;1;30;90;47m8[0;37;5;40;100m%[0;1;30;90;47m8[0;37;5;40;100m88[0;1;30;90;47m8[0;37;5;40;100m%[0;1;30;90;47m8[0;32;5;40;100m8[0;1;30;90;42m.:[0;30;42m8[0;1;30;90;47m888888[0;32;5;40;100m8[0m     
       [0;37;5;40;100m;[0;1;30;90;47m88888[0;32;5;40;100mS[0;1;30;90;42mX[0;36;5;40;100m [0;1;30;90;47m@@8[0;36;5;40;100m  [0;1;30;90;47m888[0;36;5;40;100m [0;1;30;90;42mS[0;32;5;40;100mX[0;1;30;90;47m88888[0;36;5;40;100m [0m       
        [0;32;5;40;100m8[0;1;30;90;47m8888888888888888888888[0;32;5;40;100m8[0m        
          [0;32;5;40;100m@[0;1;30;90;47m888888888888888888[0;32;5;40;100m@[0m          
             [0;36;5;40;100m [0;1;30;90;47m888888888888[0;36;5;40;100m [0m             
               [0;32;5;40;100mS[0;37;5;40;100m%[0;1;30;90;47m8888888[0;32;5;40;100mS[0m               
                  [0;32;5;40;100m@[0;36;5;40;100m  [0;32;5;40;100mX[0m                  
