[0;30;42mX;;[0;1;30;90;42m:::@[0;1;30;90;47m;[0;1;37;97;47m8888888;t[0;1;30;90;47mt[0;37;5;40;100m%[0;1;37;97;47m;S[0;37;5;40;100m%[0;1;30;90;47mS[0;1;37;97;47mt @@@@@XX [0;1;30;90;42m8[0;30;42mttttt@[0m
[0;30;42m%[0;1;30;90;42m:::;;;t[0;1;30;90;47m8[0;37;5;47;107m@ttt;;[0;1;31;91;41m8[0;1;30;90;47m8[0;1;37;97;47m: [0;35;5;40;100m  [0;1;30;90;47m%[0;1;37;97;47m [0;1;30;90;47m@[0;1;31;91;41m8[0;37;5;47;107mSt%%%X[0;1;30;90;47m8[0;1;30;90;42m;...[0;30;42m..:S[0m
[0;30;42m%[0;1;30;90;42m::;;tt%%8[0;1;30;90;47mt[0;37;5;47;107mt;;;[0;35;5;40;100m [0;1;31;91;41mX8@[0;31;5;41;101m88[0;1;31;91;41m@@X[0;1;30;90;41m8[0;37;5;47;107mSttt[0;1;37;97;47m [0;1;30;90;42m8::....[0;30;42m..S[0m
[0;30;42m%[0;1;30;90;42m;;tt%%SXX@[0;36;5;40;100m;[0;1;37;97;47mS[0;37;5;47;107m::[0;1;37;97;47m [0;35;5;40;100mtt.[0;31;5;41;101m88[0;35;5;40;100mt[0;1;30;90;41m88[0;1;30;90;47m8[0;37;5;47;107mtt[0;1;37;97;47m@[0;36;5;40;100m;[0;1;30;90;42m:::::...[0;30;42m..%[0m
[0;1;30;90;47m@[0;36;5;40;100m%[0;1;30;90;42mtt%SSX@@888[0;1;30;90;47m8[0;37;5;47;107mS@[0;1;30;90;47mS[0;1;37;97;47m.[0;1;30;90;47m8X88[0;1;37;97;47m.[0;1;30;90;47m8[0;1;37;97;47mX[0;37;5;47;107mS[0;1;30;90;47m8[0;1;30;90;42mt;:::::....@[0;37;5;40;100mX[0m
[0;1;37;97;47m;[0;37;5;47;107mt[0;1;37;97;47m [0;1;30;90;42m8SXX@888888[0;32;5;40;100mS[0;1;37;97;47m [0;37;5;47;107m%[0;1;37;97;47m  [0;1;30;90;47m8[0;35;5;40;100mt[0;1;30;90;47mS[0;1;37;97;47m @ [0;1;30;90;42m8%t;;:::::.t[0;1;30;90;47m8[0;37;5;47;107m@[0;1;37;97;47m.[0m
[0;1;37;97;47m;[0;37;5;47;107mttS[0;1;30;90;47m8[0;1;30;90;42m@@888888[0;32;5;40;100mXXX[0;36;5;40;100m [0;1;37;97;47mXS: ;@[0;36;5;40;100m.[0;1;30;90;42mXS%tt;:::::[0;36;5;40;100m [0;1;37;97;47m8[0;37;5;47;107mXX[0;1;37;97;47m.[0m
[0;1;37;97;47m;[0;37;5;47;107mtt;;8[0;37;5;40;100m:[0;1;30;90;42m8888[0;32;5;40;100mXS[0;36;5;40;100m%%%[0;32;5;40;100m%S[0;1;30;90;47m8[0;37;5;47;107mXt[0;1;30;90;47m8[0;1;30;90;42m8@XS%%t;;::8[0;1;37;97;47m;[0;37;5;47;107mSSXX[0;1;37;97;47m.[0m
[0;1;37;97;47m;[0;37;5;47;107mt;;;::[0;1;37;97;47m;[0;36;5;40;100m;[0;1;30;90;42m88[0;32;5;40;100mS[0;36;5;40;100m%t;;t[0;32;5;40;100mSXSS[0;1;30;90;42m88@XSS%t;;S[0;1;30;90;47mX[0;37;5;47;107mS%SSSX[0;1;37;97;47m.[0m
[0;1;37;97;47m;[0;37;5;47;107mS%[0;1;37;97;47m;8[0;37;5;47;107m:[0;1;37;97;47m@S[0;37;5;47;107mt[0;1;30;90;47mS[0;32;5;40;100mSS[0;36;5;40;100m%ttt%[0;32;5;40;100mSX[0;1;30;90;42m8888@XS%%tt[0;33;5;40;100m [0;37;5;47;107m8[0;1;37;97;47m;t[0;37;5;47;107m%[0;1;37;97;47mS [0;37;5;47;107m88[0;1;37;97;47m.[0m
[0;1;30;90;47m8[0;1;31;91;41m8[0;1;37;97;47m:.[0;1;30;90;47m888[0;1;37;97;47mtt[0;35;5;41;101m8[0;1;37;97;47m8[0;1;30;90;47m8[0;32;5;40;100mXSSSS[0;1;30;90;42m888888@XS%t[0;36;5;40;100m%[0;1;37;97;47m;[0;1;31;91;41m8[0;1;37;97;47m  [0;37;5;40;100m;[0;1;30;90;47m8[0;35;5;40;100m:[0;1;30;90;47m;[0;1;37;97;47m [0;1;31;91;41m@[0;37;5;40;100mX[0m
[0;37;5;40;100m%[0;1;30;90;41m8[0;1;31;91;41m@@[0;35;5;40;100mt[0;31;5;41;101m8[0;35;5;40;100m:[0;1;31;91;41m88[0;35;5;40;100mt[0;37;5;47;107m8.[0;1;37;97;47mX[0;36;5;40;100m [0;1;30;90;42m88888888@XSS8[0;1;37;97;47m [0;37;5;47;107mt[0;1;37;97;47m8[0;1;31;91;41mXSX[0;1;30;90;41m8[0;1;31;91;41m8[0;1;30;90;41m8[0;1;31;91;41mSS[0;1;30;90;41m@[0;35;5;40;100m [0m
[0;35;5;40;100m  [0;1;30;90;41m8[0;35;5;40;100m.[0;1;31;91;41m@[0;31;5;41;101m8[0;1;31;91;41m8[0;35;5;40;100m %[0;1;30;90;47m8[0;37;5;47;107m;.[0;1;37;97;47mS[0;36;5;40;100m:[0;1;30;90;42m8888888@XSS%8[0;1;30;90;47mt[0;37;5;47;107mt%[0;37;5;40;100m;[0;1;31;91;41mX[0;35;5;40;100mt[0;1;31;91;41mX8S[0;35;5;40;100m%[0;1;30;90;41m8[0;35;5;40;100m% [0m
 [0;1;37;97;47m.[0;1;30;90;47m8X[0;1;37;97;47m [0;1;31;91;41m8[0;1;30;90;47m%%X[0;1;37;97;47m%[0;37;5;47;107m8[0;37;5;40;100mt[0;1;30;90;42m888888@@XXS%%tt;[0;32;5;40;100mS[0;1;37;97;47mS;[0;1;30;90;47m8X8[0;1;31;91;41m8[0;1;30;90;47m%88t[0m 
 [0;1;30;90;47m.[0;1;37;97;47m. [0;1;30;90;47m8[0;1;31;91;41m8[0;1;30;90;47m8[0;1;37;97;47m.;[0;1;30;90;47m8[0;1;30;90;42m@XXXXXXXXSS%%tt;;::;[0;1;30;90;47m8[0;1;37;97;47m. [0;37;5;40;100m:[0;1;31;91;41m@[0;35;5;40;100m [0;1;30;90;47mt[0;1;37;97;47m [0;1;30;90;47m.[0m 
  [0;37;5;47;107mS[0;1;37;97;47m8[0;37;5;47;107mS[0;37;5;40;100m:[0;37;5;47;107mX[0;1;30;90;47m;[0;1;30;90;42m8%%%SSSSSS%X@tt;;;:::::X[0;1;30;90;47m@[0;37;5;47;107m8[0;35;5;40;100m [0;37;5;47;107m8[0;1;37;97;47mS[0;37;5;47;107m8[0m  
  [0;36;5;40;100m [0;37;5;47;107mtt[0;1;37;97;47m@[0;36;5;40;100m;[0;1;30;90;42m;;ttttttttt[0;36;5;40;100m [0;37;5;47;107m8@[0;1;30;90;47m8[0;1;30;90;42mt;:::::::..[0;32;5;40;100mX[0;1;37;97;47mt[0;37;5;47;107mX@[0;36;5;40;100m [0m  
   [0;37;5;40;100m8[0;1;30;90;47m8[0;1;30;90;42m;:::;;;;;;;8[0;1;37;97;47m.[0;37;5;47;107mtttt[0;1;37;97;47mX[0;36;5;40;100mt[0;1;30;90;42m:::::......[0;37;5;40;100m;8[0m   
    [0;30;42m8[0;1;30;90;42m:::::::::%[0;1;30;90;47m8[0;37;5;47;107mX[0;1;37;97;47m@ [0;37;5;47;107mXS[0;1;37;97;47m %[0;37;5;47;107mX[0;1;30;90;47m%[0;1;30;90;42m@:......[0;30;42m..8[0m    
     [0;32;40mX[0;1;30;90;42m:::::::[0;36;5;40;100m [0;37;5;47;107m8[0;1;31;91;41m8[0;1;30;90;47m8[0;1;37;97;47m;[0;1;30;90;47m@[0;35;5;40;100m [0;1;30;90;47m88[0;1;37;97;47m.[0;1;30;90;47mS[0;1;31;91;41m@[0;37;5;47;107m8[0;1;30;90;47m8[0;1;30;90;42m;...[0;30;42m..:[0;32;40mX[0m     
       [0;30;42mS[0;1;30;90;42m.::8[0;1;37;97;47m:[0;37;5;47;107m%%[0;35;5;40;100m%[0;1;31;91;41mSXX88[0;1;30;90;41m8[0;1;31;91;41mSS[0;1;30;90;41m@[0;37;5;47;107m@X[0;1;37;97;47m@[0;36;5;40;100m:[0;30;42m...S[0m       
        [0;32;40mX[0;1;30;90;42m%[0;1;30;90;47m@[0;37;5;47;107mXSSS[0;1;30;90;47m8[0;1;30;90;41m888[0;1;31;91;41m@8[0;1;30;90;41m8[0;1;31;91;41mS[0;1;30;90;41m8[0;37;5;40;100mt[0;37;5;47;107m@X@@[0;1;37;97;47m [0;1;30;90;42m@[0;32;40mX[0m        
          [0;36;5;40;100m [0;1;37;97;47mX[0;37;5;47;107mXXX[0;1;37;97;47mS[0;37;5;40;100m;[0;1;30;90;47mS[0;37;5;40;100mt[0;1;30;90;47m8[0;35;5;40;100m. [0;1;30;90;47mt[0;37;5;40;100m;[0;1;37;97;47m.[0;37;5;47;107m@@@[0;1;37;97;47mS[0;36;5;40;100m [0m          
             [0;1;30;90;47m.[0;37;5;47;107m@@[0;1;37;97;47m8[0;37;5;40;100mt[0;1;30;90;47mX[0;35;5;40;100mt[0;1;31;91;41m@[0;1;30;90;47m@8[0;1;37;97;47m.[0;37;5;47;107m@8[0;1;30;90;47m.[0m             
               [0;37;5;40;100mS[0;1;37;97;47m;[0;37;5;47;107m@[0;1;30;90;47m88[0;37;5;40;100m;[0;1;30;90;47m8[0;37;5;47;107m8[0;1;37;97;47mt[0;37;5;40;100mS[0m               
                  [0;36;5;40;100m [0;1;30;90;47m%%[0;36;5;40;100m [0m                  
