[0;30;41m;[0;1;31;91;41m::;;;;;;;;;;;;;;;;;;;;;;;:::::::......[0;30;41mt[0m
[0;1;30;90;41m.[0;1;31;91;41mSSXXXXXXXXXXX@@XXXXXXXXXXXSSSSSS%%%%tt[0;30;41m:[0m
[0;1;30;90;41m:[0;1;31;91;41mXX[0;1;31;91;43m8[0;33;5;43;103mttttttttttttttttttttttt%%%%%SSSS[0;31;43m8[0;1;31;91;41m%t[0;30;41m:[0m
[0;1;30;90;41m:[0;1;31;91;41mXX[0;1;31;91;43m8[0;33;5;43;103m;;;ttttttttttttttt%%%%%%%%SSS%%%[0;31;43mX[0;1;31;91;41m%%[0;30;41m.[0m
[0;1;30;90;41m:[0;1;31;91;41mXX[0;1;31;91;43m8[0;33;5;43;103m;;[0;33;47m8[0;34;5;44;104m88@@@@8@@@@@@888888[0;1;34;94;44m8[0;34;5;44;104m8888[0;1;34;94;44m88[0;1;30;90;43m8[0;33;5;43;103mt%[0;31;43mX[0;1;31;91;41m%%[0;30;41m.[0m
[0;1;30;90;41m:[0;1;31;91;41mXX[0;1;31;91;43m8[0;33;5;43;103m;:[0;33;47m8[0;34;5;44;104m8@@@8[0;36;5;40;100m;[0;37;5;40;100m%[0;34;5;44;104m@@8@X@@@88[0;1;34;94;44m88[0;36;5;40;100m:[0;1;34;94;44m8[0;34;5;44;104m8[0;1;34;94;44m8888[0;1;30;90;43m8[0;33;5;43;103mtt[0;31;43mX[0;1;31;91;41m%%[0;30;41m.[0m
[0;1;30;90;41m;[0;1;31;91;41mXX[0;1;31;91;43m8[0;33;5;43;103m;:[0;33;47m8[0;34;5;44;104m@@X[0;36;5;44;104m8[0;1;30;90;47m8t[0;1;37;97;47m%S8[0;1;30;90;47m8[0;34;5;44;104mXXX@@@8[0;1;30;90;47m88;[0;1;37;97;47m.t[0;1;30;90;47m8[0;1;34;94;44m8[0;34;5;44;104m8[0;1;34;94;44m8[0;1;30;90;43m8[0;33;5;43;103mtt[0;31;43mX[0;1;31;91;41m%%[0;30;41m.[0m
[0;1;30;90;41m;[0;1;31;91;41mXX[0;1;31;91;43m8[0;33;5;43;103m::[0;33;47m8[0;34;5;44;104m@[0;36;5;44;104m8[0;36;5;40;100m.[0;1;37;97;47m.[0;37;5;47;107mXXSS[0;1;37;97;47m8[0;34;5;44;104mX[0;1;30;90;47m8[0;36;5;40;100m:[0;34;5;44;104mXX8[0;36;5;40;100m;[0;1;30;90;47m8[0;37;5;47;107m88[0;1;37;97;47m888[0;1;34;94;44m88[0;1;30;90;44m8[0;1;34;94;44m8[0;1;30;90;43m8[0;33;5;43;103mtt[0;31;43mX[0;1;31;91;41m%%[0;30;41m.[0m
[0;1;30;90;41m;[0;1;31;91;41mX@[0;1;31;91;43m8[0;33;5;43;103m::[0;33;47m8[0;34;5;44;104m8[0;36;5;40;100m;[0;37;5;40;100m:[0;1;37;97;47mX[0;37;5;47;107mXXXSS[0;1;30;90;47m88[0;37;5;40;100m:[0;34;5;44;104m@@[0;36;5;40;100m%.[0;1;30;90;47m%[0;37;5;47;107m8[0;1;37;97;47m8888[0;1;30;90;47m8[0;1;34;94;44mX[0;34;5;40;100mS[0;1;34;94;44m8[0;1;30;90;43m8[0;33;5;43;103mtt[0;31;43mX[0;1;31;91;41m%%[0;30;41m.[0m
[0;1;30;90;41m;[0;1;31;91;41mX@[0;1;31;91;43m8[0;33;5;43;103m::[0;33;47m8[0;1;30;90;47m8[0;1;37;97;47m:. [0;1;30;90;47m8[0;36;5;40;100m%[0;1;30;90;47m8[0;36;5;40;100m [0;1;30;90;47m8%[0;1;37;97;47m;;[0;37;5;40;100m;[0;36;5;40;100m [0;1;37;97;47m.[0;1;30;90;47m X8[0;1;34;94;44m%[0;36;5;40;100mt[0;1;30;90;44m8[0;34;5;40;100mS[0;37;5;40;100mt[0;1;30;90;47m%t[0;36;5;40;100m [0;1;30;90;43m8[0;33;5;43;103mtt[0;31;43mX[0;1;31;91;41m%%[0;30;41m.[0m
[0;1;30;90;41m;[0;1;31;91;41mXX[0;1;31;91;43m8[0;33;5;43;103m::[0;33;47m8[0;34;5;44;104m@8[0;1;30;90;47mX[0;1;37;97;47mS;:t:%%[0;1;30;90;47m8[0;34;5;44;104m@X@8[0;1;30;90;47m8[0;1;37;97;47m: [0;1;30;90;47m;:t;[0;1;37;97;47m [0;1;30;90;47m8[0;1;34;94;44m88[0;1;30;90;43m8[0;33;5;43;103mtt[0;31;43m@[0;1;31;91;41m%%[0;30;41m.[0m
[0;1;30;90;41m:[0;1;31;91;41mXX[0;33;41m8[0;33;5;43;103m;:[0;37;5;43;103m@[0;34;5;44;104m@@@[0;36;5;40;100m.[0;1;30;90;47mt[0;1;37;97;47mtS;[0;1;30;90;47mX[0;36;5;44;104m8[0;34;5;44;104mXX@@@8[0;1;34;94;44m8[0;1;30;90;47m8.[0;1;37;97;47m. [0;1;30;90;47m8[0;1;30;90;44m8[0;34;5;44;104m8[0;1;34;94;44m88[0;37;43mS[0;33;5;43;103mtt[0;33;41m8[0;1;31;91;41m%%[0;30;41mt[0m
[0;30;41m@[0;1;31;91;41mXX@[0;33;5;43;103mt;;[0;1;34;94;44m8[0;34;5;44;104m8@@@@XXX@@88[0;1;34;94;44m8[0;34;5;44;104m8888888888[0;1;34;94;44m8@[0;33;5;43;103m%t%[0;1;31;91;41mS%%[0;30;41m8[0m
 [0;1;31;91;41mXXX[0;1;31;91;43m8[0;33;5;43;103m;;[0;37;5;40;100m8[0;34;5;44;104m888@@@@@@88[0;1;30;90;44m8[0;36;5;40;100m [0;1;34;94;44m8[0;36;5;40;100mt[0;1;30;90;44m8[0;34;5;44;104m888888[0;1;34;94;44m88[0;33;5;40;100m [0;33;5;43;103mtt[0;1;31;91;43m8[0;1;31;91;41m%%%[0m 
 [0;1;30;90;41m:[0;1;31;91;41mXX@[0;33;5;43;103mt;t[0;34;5;40;100mX[0;34;5;44;104m88888888[0;1;30;90;47m8[0;1;37;97;47m %@8[0;1;30;90;47mt[0;34;5;44;104m888888[0;1;34;94;44m88[0;35;44mX[0;33;5;43;103mSt%[0;1;31;91;41mS%%[0;30;41m:[0m 
  [0;1;31;91;41mSXX[0;1;31;91;43m8[0;33;5;43;103m;;@[0;1;34;94;44m8[0;34;5;44;104m8888[0;1;34;94;44m8[0;1;30;90;47m8[0;36;5;40;100m [0;1;37;97;47m88888[0;1;30;90;47m8[0;1;34;94;44m8[0;37;5;40;100m;[0;1;34;94;44mS[0;34;5;44;104m88[0;1;34;94;44m88@[0;1;33;93;43mX[0;33;5;43;103mt%[0;31;43m8[0;1;31;91;41m%%t[0m  
  [0;30;41m8[0;1;31;91;41mSXX[0;1;31;91;43m8[0;33;5;43;103m;;[0;1;33;93;43m@[0;1;34;94;44m@[0;34;5;44;104m88[0;1;34;94;44m8[0;34;5;40;100mS[0;1;30;90;44m8[0;36;5;40;100m [0;1;37;97;47m8.[0;1;30;90;47mt[0;1;37;97;47m:%S[0;1;30;90;44m88[0;36;5;40;100m%[0;1;34;94;44m888X[0;1;33;93;43mX[0;33;5;43;103mt%[0;1;31;91;43m8[0;1;31;91;41m%%%[0;30;41m8[0m  
   [0;30;41mS[0;1;31;91;41mSSS[0;1;31;91;43m8[0;33;5;43;103m;;S[0;35;5;40;100mt[0;34;5;44;104m8[0;1;34;94;44m8[0;37;5;40;100mS[0;1;30;90;47m%S8[0;1;34;94;44mX%[0;36;5;40;100m.[0;1;34;94;44m%[0;34;5;40;100mS[0;1;30;90;47mXS[0;37;5;40;100m%[0;1;34;94;44m88[0;35;5;40;100mS[0;33;5;43;103m@%%[0;31;43m%[0;1;31;91;41m%%%[0;30;41mS[0m   
    [0;30;41mX[0;1;31;91;41mSSS[0;31;43m8[0;33;5;43;103mt;;[0;1;30;90;43m8[0;1;34;94;44m@[0;34;5;44;104m8[0;1;34;94;44m8[0;37;5;40;100mS[0;1;37;97;47m.::...[0;37;5;40;100mS[0;1;34;94;44m88X[0;33;5;40;100m;[0;33;5;43;103m%%S[0;33;41m8[0;1;31;91;41m%%t[0;30;41mX[0m    
     [0;31;40m8[0;1;31;91;41mtSSX[0;1;33;93;43m;[0;33;5;43;103mtt%[0;33;5;40;100m [0;1;34;94;44mX8@[0;37;5;40;100m;[0;1;30;90;47m88[0;37;5;40;100m;[0;1;34;94;44mX8X[0;33;5;40;100m [0;33;5;43;103mS%%[0;1;33;93;43m:[0;1;31;91;41mS%%;[0;31;40m8[0m     
       [0;1;30;90;41m.[0;1;31;91;41mSSS[0;33;41m8[0;33;5;43;103mStt%[0;1;30;90;43m8[0;34;5;40;100m@[0;1;34;94;44m8888[0;1;30;90;44m8[0;33;5;40;100m;[0;33;5;43;103mS%%[0;1;33;93;43mX[0;33;41m8[0;1;31;91;41m%%t[0;30;41m:[0m       
        [0;31;40m8[0;1;31;91;41m:%%%[0;31;43m8[0;1;33;93;43mS[0;33;5;43;103m%%%[0;1;33;93;43m@[0;33;5;40;100m  [0;1;33;93;43mX[0;33;5;43;103m%%%[0;1;33;93;43mS[0;31;43m8[0;1;31;91;41m%tt.[0;31;40m8[0m        
          [0;30;41m8[0;1;31;91;41m:%%%[0;33;41m@[0;1;31;91;43m8[0;33;5;43;103mS%%%%S[0;1;33;93;43m.[0;33;41m@[0;1;31;91;41mttt.[0;30;41m8[0m          
             [0;30;41m:[0;1;31;91;41m%%%%[0;31;43m8[0;1;33;93;43m::[0;31;43m8[0;1;31;91;41m%ttt[0;30;41m:[0m             
               [0;30;41m8 [0;1;31;91;41mtttttt [0;30;41m8[0m               
                  [0;30;41m8;;8[0m                  
