[0;1;30;90;45m::::;;;;;;tttttttttt[0;1;37;97;47m88888@@@@@XXXSSS%%%[0;1;30;90;47mS[0m
[0;1;30;90;45m:::::;;;ttt%%%%%%%tt[0;37;5;47;107mttttttt%%%%SSSXXX@@[0;1;37;97;47m [0m
[0;1;30;90;45m:::;;ttt%%SSSSSSSSS%[0;37;5;47;107m;tttttttt%%%SSSXX@@[0;1;37;97;47m [0m
[0;1;30;90;45m::;;tt%SSXX@88@@@@XX[0;37;5;47;107m;;;ttt@Xtt%%%SSSXX@[0;1;37;97;47m [0m
[0;1;30;90;45m;;;t@8[0;35;47m88[0;1;30;90;47m.    [0;1;37;97;47m@%[0;35;47m8[0;1;30;90;45m888@[0;37;5;47;107m:;;t[0;1;37;97;47mS[0;35;5;40;100m [0;1;30;90;45m8[0;1;30;90;47m     [0;1;37;97;47m;t%8[0;37;5;47;107mXXX[0;1;37;97;47m.[0m
[0;1;30;90;45m;;t%%SX@8[0;1;37;97;47mt[0;37;5;47;107mX[0;1;37;97;47m%[0;1;30;90;45m8[0;1;37;97;47mX[0;37;5;47;107m8[0;1;30;90;45m88888[0;37;5;47;107m::X;%[0;1;30;90;45m88[0;1;37;97;47m8[0;37;5;40;100m8[0;1;30;90;45mS[0;1;30;90;47m;[0;37;5;47;107m%%%SSSXX[0;1;37;97;47m.[0m
[0;1;30;90;45m;tt%SX@8[0;37;45m8[0;1;37;97;47mX[0;37;5;47;107m@[0;1;37;97;47m%X8S@St[0;37;45m8[0;1;30;90;45m8[0;37;5;47;107m.[0;1;37;97;47m8[0;37;5;40;100m8[0;1;30;90;47m:[0;35;47m8[0;1;30;90;45m88[0;1;30;90;47m.[0;37;5;40;100m8[0;1;30;90;45m@8[0;1;37;97;47m@[0;37;5;47;107m%%%SSXX[0;1;37;97;47m.[0m
[0;1;30;90;45m;t%SSX@8[0;37;5;47;107m8t:%[0;1;37;97;47m%8[0;37;5;47;107mX[0;1;37;97;47mtX@[0;1;30;90;47m [0;1;30;90;45m8[0;37;5;47;107m.[0;1;30;90;47m [0;1;30;90;45m8[0;1;30;90;47mtt[0;1;30;90;45mS8[0;1;30;90;47mt[0;1;30;90;45m%;;%[0;1;37;97;47m@[0;37;5;47;107m%%SSXX[0;1;37;97;47m.[0m
[0;1;30;90;45m;t%SX@8[0;37;45m8[0;1;37;97;47m@[0;37;5;47;107mSt[0;1;37;97;47m;[0;37;5;47;107m@XSt[0;1;37;97;47mX%%%[0;1;30;90;47m t  [0;1;30;90;45m8SS8[0;35;5;40;100m:[0;1;30;90;45mt;8[0;1;37;97;47mX[0;37;5;47;107m%%SSSX[0;1;37;97;47m.[0m
[0;1;30;90;45m;t8[0;1;30;90;47m [0;37;45m8[0;1;30;90;45m@88[0;37;5;47;107m8@S[0;1;37;97;47m%[0;1;30;90;47m:[0;1;37;97;47m888[0;35;47m8[0;1;30;90;45m8[0;35;47m8[0;1;30;90;45m8[0;37;5;47;107mt@8[0;1;37;97;47m8[0;1;30;90;47m:[0;35;47m8[0;1;30;90;45m8[0;35;5;40;100mt[0;1;30;90;45mXt;X[0;1;37;97;47m [0;37;5;47;107m%%[0;1;37;97;47mS[0;1;30;90;47m [0;1;37;97;47mX[0;37;5;47;107mX[0;1;37;97;47m.[0m
[0;1;30;90;45m;%[0;37;5;47;107mS@[0;1;37;97;47m8[0;35;47m8[0;1;30;90;47m :8.[0;1;37;97;47m8[0;37;5;47;107mS[0;1;37;97;47m@88SS[0;37;5;47;107m@[0;1;37;97;47mS[0;1;30;90;45m8[0;37;5;47;107m%[0;1;30;90;47m [0;1;30;90;45m8[0;1;30;90;47m;:[0;35;47m8[0;1;30;90;45m88%S[0;35;5;40;100m8:[0;1;30;90;47m@ [0;1;37;97;47m;[0;1;30;90;45m8@:[0;1;37;97;47m8 [0m
[0;1;30;90;45m;;[0;1;37;97;47m88[0;35;47m8[0;1;37;97;47mX[0;1;30;90;47m  %[0;1;37;97;47m%[0;33;5;40;100m%[0;1;30;90;47mX[0;37;5;47;107m%[0;1;37;97;47m:[0;37;5;47;107mXS[0;1;37;97;47mX%[0;37;5;47;107mt[0;35;47m8[0;1;37;97;47m8[0;1;30;90;45m8[0;1;30;90;47m  [0;1;30;90;45m8X@t[0;31;5;40;100m8[0;33;41m@[0;1;30;90;45m8[0;1;30;90;47m:%:[0;1;30;90;45m8[0;1;30;90;47m [0;1;30;90;45m8X[0;37;5;47;107m@[0;1;30;90;47mt[0m
[0;1;30;90;40m8[0;1;30;90;45m;[0;1;37;97;47m;[0;1;30;90;47mt[0;1;30;90;45mX8[0;1;30;90;47m [0;1;37;97;47mX88[0;37;5;40;100mS[0;1;30;90;47m;[0;1;37;97;47m8[0;1;30;90;43m8[0;1;30;90;45m88[0;1;30;90;47m [0;1;37;97;47m@[0;37;5;47;107m8[0;1;30;90;45m8[0;37;5;47;107m:[0;1;30;90;45m88[0;1;37;97;47mt[0;37;5;47;107m8[0;1;37;97;47m.[0;33;41m8[0;1;30;90;45m%[0;35;5;40;100m8:[0;1;30;90;45m888[0;1;30;90;47mt[0;1;37;97;47mt[0;37;5;47;107m8[0;1;30;90;47m;[0;1;30;90;45m8[0;37;5;47;107mX[0;37;5;40;100mS[0m
 [0;1;30;90;45m88t8[0;1;37;97;47mt[0;37;5;47;107m%[0;1;37;97;47m8t[0;1;30;90;45m8[0;1;30;90;47m@[0;1;37;97;47m X[0;33;5;40;100m%[0;35;5;40;100m@[0;1;30;90;47m.[0;1;37;97;47m@[0;1;30;90;47m [0;1;30;90;45m8X[0;37;5;47;107m;S[0;1;30;90;47m [0;1;30;90;45m8[0;1;37;97;47m;[0;1;30;90;47m;[0;1;30;90;41mX[0;1;30;90;45mtS[0;35;5;40;100m8[0;1;30;90;47m.t[0;1;30;90;45m8:[0;35;47m8[0;1;37;97;47m%[0;37;5;47;107mX[0;1;37;97;47m%;[0m 
 [0;1;30;90;45m::;[0;1;30;90;47m [0;1;37;97;47mXX[0;1;30;90;45m%S[0;1;30;90;43m@[0;33;5;40;100m8[0;1;30;90;43m@[0;33;5;40;100m [0;37;5;40;100m@[0;1;30;90;45m8XXXSS[0;37;5;47;107m;;ttt[0;1;37;97;47m8[0;35;5;40;100mX[0;1;30;90;41m8[0;33;41m8[0;31;43m88[0;1;37;97;47m@[0;37;5;47;107mS[0;1;30;90;45m8@[0;1;30;90;47m:[0;37;5;47;107mXX[0;1;30;90;47m.[0m 
  [0;1;30;90;45m;:[0;1;37;97;47mX[0;1;30;90;47m [0;1;37;97;47m8[0;37;45m8[0;1;30;90;45m@[0;1;30;90;41m8[0;1;30;90;45mX[0;31;5;40;100m8[0;1;30;90;45m8[0;35;5;40;100m8[0;1;30;90;45m%%%%%%[0;37;5;47;107mtttttt[0;1;30;90;47mX:[0;33;5;40;100m8[0;1;37;97;47mS[0;1;30;90;43m8[0;1;30;90;47mt[0;1;37;97;47mt[0;1;30;90;45mS88[0;37;5;47;107mX8[0m  
  [0;34;40m@[0;1;30;90;45m:8[0;1;37;97;47mX[0;1;30;90;45m8[0;35;47m8[0;1;30;90;45mX%ttttttttt;[0;37;5;47;107mtttttt%%S8[0;1;37;97;47m8[0;37;5;47;107m8[0;1;30;90;47m [0;1;37;97;47m:[0;1;30;90;45m8[0;1;30;90;47m [0;37;5;47;107m@[0;36;5;40;100m [0m  
   [0;35;5;40;100m8[0;1;30;90;45m:::::::;;;;;;;::[0;37;5;47;107mtttt%%%%SSSSXXX@[0;37;5;40;100m8[0m   
    [0;30;5;40;100mS[0;1;30;90;45m:::::::::::::::[0;37;5;47;107mt%%%%%SSSSXXX@@[0;37;5;40;100m8[0m    
     [0;34;40mX[0;1;30;90;45m::::::::::::::[0;37;5;47;107m%%%SSSSSXXXX@[0;1;37;97;47m8[0;36;5;40;100m.[0m     
       [0;1;30;90;45m:::::::::::::[0;37;5;47;107mSSSSSXXXXX@@[0;1;30;90;47m.[0m       
        [0;34;40mX[0;1;30;90;45m:::::::::::[0;37;5;47;107mSXXXXXX@@@[0;1;37;97;47mX[0;36;5;40;100m.[0m        
          [0;34;40m@[0;1;30;90;45m.........[0;37;5;47;107mXXXX@@@@[0;1;37;97;47mS[0;36;5;40;100m [0m          
             [0;1;30;90;45m.......[0;37;5;47;107m@@@@@8[0;1;30;90;47m.[0m             
               [0;34;40m8[0;1;30;90;45m....[0;37;5;47;107m@@@[0;1;37;97;47mt[0;37;5;40;100mS[0m               
                  [0;34;40m@[0;1;30;90;45m [0;1;30;90;47mt[0;36;5;40;100m [0m                  
