[0;31;43mX[0;1;31;91;43m888888888888888888888888888888888888[0;31;43mtt@[0m
[0;31;43m%[0;1;33;93;43m.....::::::::::[0;1;31;91;43m88888888[0;1;33;93;43m.......[0;1;31;91;43m88888888[0;31;43mS[0m
[0;31;43m%[0;1;33;93;43m...:::::;[0;33;5;43;103m;;[0;1;33;93;43m:[0;1;31;91;43m8[0;31;5;41;101m8[0;1;31;91;41m8@@@@@XXX@8[0;1;31;91;43m88[0;1;33;93;43m....[0;1;31;91;43m8888888[0;31;43mS[0m
[0;31;43m%[0;1;33;93;43m.:::::;[0;33;5;43;103m;:[0;1;33;93;43m.[0;1;31;91;43m8[0;1;31;91;41m888888@[0;1;30;90;41m8[0;1;31;91;41mXStXXXXX[0;31;5;41;101m8[0;1;31;91;43m8[0;1;33;93;43m...[0;1;31;91;43m888888[0;31;43mS[0m
[0;31;43mt[0;1;33;93;43m::::;[0;33;5;43;103m;::[0;1;31;91;43m8[0;1;31;91;41m8888888@[0;1;30;90;41m8[0;31;5;40;100m8[0;1;30;90;41m8888S[0;1;31;91;41mtXXXX[0;1;31;91;43m8[0;1;33;93;43m...[0;1;31;91;43m88888[0;31;43mS[0m
[0;31;43mt[0;1;33;93;43m:::;[0;33;5;43;103m:::[0;1;31;91;43m8[0;1;31;91;41m888[0;1;30;90;41m8[0;31;5;40;100mXXXX@[0;30;5;40;100m@88[0;1;30;90;40m88@[0;1;30;90;41mX[0;1;31;91;41mSXXXXX[0;33;5;41;101m8[0;1;33;93;43m..[0;1;31;91;43m88888[0;31;43mS[0m
[0;31;43mt[0;1;33;93;43m:::[0;33;5;43;103m;::[0;1;31;91;43m8[0;1;31;91;41m8888[0;31;5;40;100mS[0;30;5;40;100mXSXX@@88[0;1;30;90;40m88[0;1;30;90;41m8[0;1;31;91;41m@@XXXXXS[0;1;31;91;43m8[0;1;33;93;43m..[0;1;31;91;43m8888[0;31;43mS[0m
[0;31;43mt[0;1;33;93;43m::;[0;33;5;43;103m:::[0;31;5;41;101m8[0;1;31;91;41m88[0;31;5;41;101m8[0;31;5;40;100mS[0;30;5;40;100m%[0;36;5;40;100mttt[0;30;5;40;100m%SX@8[0;1;30;90;40m88[0;31;5;40;100m8[0;1;31;91;41m@@@XXXXXX[0;1;31;91;43m8[0;1;33;93;43m.[0;1;31;91;43m8888[0;31;43mS[0m
[0;31;43mt[0;1;33;93;43m::[0;33;5;43;103m;::[0;1;31;91;43m8[0;1;31;91;41m888[0;31;5;41;101m88[0;35;5;40;100mt[0;36;5;40;100m;:;t[0;30;5;40;100mSX@88[0;1;30;90;40m88[0;1;30;90;41m8[0;1;31;91;41m@@X[0;1;30;90;41m%t[0;1;31;91;41mXXS[0;1;31;91;43m8[0;1;33;93;43m.[0;1;31;91;43m8888[0;31;43mS[0m
[0;31;43mt[0;1;33;93;43m::[0;33;5;43;103m;::[0;1;31;91;43m8[0;1;31;91;41m88[0;31;5;40;100mXX[0;35;5;40;100m%t;[0;36;5;40;100m;tt[0;30;5;40;100mSX@88[0;1;30;90;40m8@[0;31;5;40;100m8[0;1;31;91;41mS@%[0;30;41m8[0;1;30;90;41m%[0;31;40m8[0;1;31;91;41mXS[0;1;31;91;43m8[0;1;33;93;43m.[0;1;31;91;43m8888[0;31;43mS[0m
[0;31;43mt[0;1;33;93;43m::;[0;33;5;43;103m::[0;1;31;91;43m8[0;1;31;91;41m88[0;31;5;40;100m@S[0;31;5;41;101m88[0;35;5;40;100m%%%%%[0;31;5;40;100mSS[0;1;30;90;41m8[0;31;5;40;100m8[0;1;30;90;41m88@@[0;1;31;91;41m%XX[0;1;30;90;41mt[0;31;40m:[0;1;31;91;41mSS[0;1;31;91;43m8[0;1;33;93;43m.[0;1;31;91;43m8888[0;31;43mS[0m
[0;31;43mS[0;1;33;93;43m:::[0;33;5;43;103m;::[0;1;31;91;41m88[0;31;5;40;100m8XXXX[0;1;31;91;41m8[0;31;5;41;101m8[0;1;31;91;41m8[0;1;30;90;41m8[0;1;31;91;41m8[0;31;5;40;100m@[0;1;31;91;41m@[0;1;30;90;41m88[0;1;31;91;41mXXX%[0;1;30;90;41mS[0;1;31;91;41mt[0;31;40mS[0;30;41m8[0;1;31;91;41mS@[0;1;31;91;43m888888[0;31;43m@[0m
[0;33;41m8[0;1;33;93;43m:.[0;1;31;91;43m8[0;1;33;93;43m:[0;33;5;43;103m;[0;1;31;91;43m88[0;1;31;91;41m8[0;31;5;40;100m8[0;1;30;90;40m8[0;30;5;40;100m8@@[0;31;5;40;100m@[0;1;30;90;41m88[0;31;5;40;100m@[0;1;30;90;41m8[0;31;5;40;100m8[0;1;30;90;41m888XSSX[0;30;41m8[0;31;40m;[0;30;41m8[0;1;30;90;41mt[0;1;31;91;41mS[0;1;31;91;43m88888[0;31;43mt[0;1;31;91;43m8[0;33;41m8[0m
 [0;1;31;91;43m8[0;1;30;90;41m8[0;1;30;90;43mS[0;1;33;93;43m:[0;1;30;90;43mX[0;31;5;40;100mX[0;1;33;93;43m:[0;31;43mX[0;30;5;40;100m8[0;1;30;90;41m8[0;1;30;90;40m888[0;30;5;40;100m88888[0;1;30;90;40m8888@XS[0;34;40m;[0;1;30;90;40mS[0;34;40m;[0;31;40m8[0;30;41m8[0;1;31;91;43m88[0;31;40mX[0;1;31;91;43m88[0;1;30;90;41m8[0;31;43m8[0;1;31;91;43m8[0m 
 [0;31;40m:[0;34;40m:[0;31;40mSX[0;34;40m;[0;31;40mt[0;30;5;40;100m8[0;1;30;90;40mXS@@@@8888888@@XXS[0;34;40m;:;;[0;31;40m;@.[0;34;40m.[0;31;40mX;[0;34;40m.[0;31;40m;%[0m 
  [0;34;40m::;;;[0;1;30;90;40mSS[0;34;40m;[0;1;30;90;40mS@SS@XSXX[0;34;40m;;[0;1;30;90;40mS[0;34;40m;:;;::;:.::..:  [0m  
  [0;34;40m.:::;;;;;[0;1;30;90;40mS%SS%S[0;34;40m;[0;1;30;90;40mS[0;34;40m;;;;;:::::::::.....[0m  
   [0;34;40m..::::::::;::::::::::...:.......  [0m   
    [0;34;40m.:;::;;:;;::;::;;.:;:.::.::..:. [0m    
     [0;34;40m..::.::.::::::.::..::.:.....  [0m     
       [0;34;40m....;..::.::..:..::..:  . [0m       
        [0;34;40m .:::::::.:.::......... [0m        
          [0;34;40m ..........         [0m          
             [0;34;40m  .:. .: .:.  [0m             
               [0;34;40m. .. ..   [0m               
                  [0;34;40m    [0m                  
