[0;35;5;40;100m;[0;1;30;90;47mXSSSSSSS%%%%%%%%%%%%SSSSSSSXXXXX@@@@8[0;37;5;40;100m8[0;35;5;40;100m%[0m
[0;35;5;40;100m [0;35;47mSSSSSSSSSS%%%%%%%%SSSSSSSSSXXXXXXXX@@@[0;35;5;40;100m:[0m
[0;35;5;40;100m [0;35;47mSSSSSS%%[0;1;30;90;47m.[0;35;47m%[0;1;37;97;47m:[0;1;30;90;47m.;[0;1;37;97;47m:::::[0;35;47m%%%SSSSSSSSXXXXXXX@@[0;35;5;40;100m:[0m
[0;37;5;40;100m8[0;35;47mSSSS[0;1;30;90;47mt[0;35;5;40;100mt:%[0;1;30;90;40m8[0;35;5;40;100m%[0;1;30;90;47m@[0;30;5;40;100m8[0;35;5;40;100mX.[0;1;37;97;47m;;;;:::[0;35;47m%%[0;35;5;40;100m [0;1;30;90;47mX[0;35;5;40;100mtS[0;30;5;40;100m@[0;1;30;90;47mt[0;35;5;40;100mX[0;34;40m;[0;35;5;40;100m.[0;1;30;90;47mX[0;35;47mXXXX@[0;35;5;40;100m:[0m
[0;37;5;40;100m8[0;35;47mSSS%[0;1;30;90;47m@[0;1;30;90;40m8X888[0;30;5;40;100m888X[0;1;30;90;47m [0;37;5;40;100m8[0;35;5;40;100m [0;1;37;97;47m:;;;:[0;1;30;90;47m [0;35;5;40;100mX[0;34;40m;;;:t:::[0;35;5;40;100m:[0;1;30;90;47m%[0;35;5;40;100m;[0;1;30;90;47m@[0;35;47mX@[0;35;5;40;100m.[0m
[0;37;5;40;100m8[0;35;47mSS%%[0;35;5;40;100m [0;1;30;90;40m@8[0;30;5;40;100m8[0;36;5;40;100mt;:t[0;30;5;40;100m@[0;34;5;40;100mS[0;35;5;40;100m%[0;30;5;40;100mX[0;37;5;40;100m8[0;1;37;97;47m%tt;;[0;1;30;90;47mX[0;1;30;90;40mXS%888X[0;34;40m;:[0;30;5;40;100m8[0;34;40m:[0;1;30;90;40m@[0;1;30;90;47m@[0;35;47mXX[0;35;5;40;100m.[0m
[0;37;5;40;100m8[0;35;47mS%[0;1;30;90;47m@[0;35;5;40;100m. :[0;1;30;90;40m8[0;30;5;40;100m@%[0;36;5;40;100m;:t[0;30;5;40;100mSSS[0;35;5;40;100m;[0;1;30;90;47m.[0;1;37;97;47mS%%;[0;1;30;90;47mtX[0;35;5;40;100m [0;1;30;90;40m8X8[0;30;5;40;100m8[0;1;30;90;40m88[0;34;40m::::[0;35;5;40;100m%[0;35;47mXXX[0;35;5;40;100m.[0m
[0;37;5;40;100m8[0;35;47mS%[0;1;30;90;47mS[0;35;5;40;100m;S[0;30;5;40;100m8[0;1;30;90;40m8[0;30;5;40;100m8XXS[0;36;5;40;100mt;[0;35;5;40;100m [0;1;30;90;47m;[0;1;37;97;47mSSSS%[0;1;30;90;47m:[0;35;5;40;100m;[0;30;5;40;100m@[0;1;30;90;40mXXSS[0;34;40m;:::[0;1;30;90;40mX[0;35;5;40;100m@ [0;35;47mXXXX[0;35;5;40;100m.[0m
[0;37;5;40;100m8[0;35;47mS%[0;1;35;95;47m%[0;1;37;97;47m:;;[0;1;30;90;47m@[0;30;5;40;100mX@X[0;35;5;40;100m%[0;36;5;40;100mt;:[0;35;5;40;100m.[0;1;30;90;47m8[0;1;37;97;47m%SS%%t;[0;1;30;90;47m @[0;30;5;40;100mX[0;1;30;90;40m%[0;34;40m;;;::[0;1;30;90;40m8[0;35;5;40;100m%[0;1;30;90;47m;[0;35;47mXXX[0;35;5;40;100m.[0m
[0;37;5;40;100m8[0;35;47mS%%[0;1;37;97;47m:;[0;1;30;90;47m8[0;30;5;40;100m88@[0;37;5;40;100m8[0;1;30;90;47mX[0;35;5;40;100m  .[0;36;5;40;100mtt[0;35;5;40;100m.[0;1;37;97;47m%S%tt;[0;1;30;90;47m [0;34;5;40;100mS[0;1;30;90;40mS[0;34;40m;[0;1;30;90;40m@[0;35;5;40;100mt[0;1;30;90;40m8[0;34;40mt;..[0;1;30;90;40mX[0;1;30;90;47mS[0;35;47mXX[0;35;5;40;100m.[0m
[0;37;5;40;100m8[0;35;47mS%%[0;1;37;97;47m:;[0;35;5;40;100mt[0;1;30;90;40m8[0;35;5;40;100m;[0;1;30;90;47mt[0;1;37;97;47mSSSXS[0;1;30;90;47m @[0;35;5;40;100m [0;1;30;90;47mt[0;1;37;97;47m%%t;;[0;1;30;90;47m8[0;1;30;90;40mSS[0;35;5;40;100mS[0;1;30;90;47m;[0;35;47mSSSX[0;35;5;40;100m.X[0;1;30;90;40m8[0;34;5;40;100mS[0;35;47mXX[0;35;5;40;100m.[0m
[0;35;5;40;100m:[0;35;47mSS%%[0;1;37;97;47m:[0;35;5;40;100m [0;1;30;90;47mS[0;1;37;97;47mtt%%SSSSSS%%tt;:[0;1;30;90;47m8[0;35;5;40;100m%[0;1;30;90;47mt[0;35;47mSSSSSXXXXXXX[0;35;5;40;100mt[0m
[0;35;5;40;100mX[0;35;47mSSS%[0;1;35;95;47m%[0;1;37;97;47m:;;ttt%%%%%ttt;;::[0;35;47m%%SSSSSSXXXXXXX[0;35;5;40;100m@[0m
 [0;35;47mSSSS%%[0;1;37;97;47m::;;;;ttt;;[0;1;30;90;47m;.[0;1;37;97;47m:[0;1;30;90;47m;[0;37;5;40;100m8[0;35;47m%SSSSSSSXXXXXXX@[0m 
 [0;35;5;40;100m.[0;35;47mSSSSS%%[0;1;37;97;47m::::;[0;1;30;90;47m [0;35;5;40;100mSt[0;30;5;40;100m8[0;1;30;90;40m88[0;35;5;40;100m.[0;1;30;90;40mXX[0;34;5;40;100mS[0;1;30;90;47m%[0;35;47mSSSSSXXXXXXX@[0;35;5;40;100m:[0m 
  [0;35;47mXSSSSSS%%%%%[0;37;5;40;100m8[0;30;5;40;100m8[0;1;30;90;40mSSSXS[0;34;40m;;;[0;37;5;40;100m8[0;35;5;40;100mS[0;30;5;40;100m@[0;1;30;90;47mS[0;35;47mSXXXXXXXX@[0m  
  [0;35;5;40;100m8[0;35;47mSSSSSSSSSSS[0;1;30;90;47mS[0;1;30;90;40m8[0;34;40m;[0;1;30;90;40m@[0;30;5;40;100m888[0;1;30;90;40m8[0;34;40m;;tt[0;35;5;40;100m;[0;35;47mXXXXXXXXX@[0;35;5;40;100m8[0m  
   [0;35;5;40;100mS[0;35;47mSSSSSSSS[0;37;5;40;100m8[0;35;5;40;100mX@S[0;34;40m;;[0;1;30;90;40mSXXS[0;34;40m;::[0;1;30;90;40m8[0;35;5;40;100m [0;35;47mXXXXXXX@@[0;35;5;40;100mS[0m   
    [0;35;5;40;100mS[0;35;47mXXSSSSSX[0;35;5;40;100m S[0;30;5;40;100m@[0;1;30;90;40mX[0;34;40m:;::::[0;1;30;90;40m8[0;35;5;40;100m.[0;35;47mXXXXXXXX@@[0;35;5;40;100mX[0m    
     [0;34;5;40;100mX[0;1;30;90;47m;[0;35;47mXXXXXXXXX[0;35;5;40;100m.[0;1;30;90;40mX[0;34;40m:::::..[0;1;30;90;40m8[0;37;5;40;100m8[0;35;47mXXXX@@[0;1;30;90;47m%[0;34;5;40;100mX[0m     
       [0;35;5;40;100m.[0;35;47mXXXXXXX[0;35;5;40;100m.[0;34;40m...[0;35;5;40;100m%[0;1;30;90;47mX[0;35;5;40;100mSS[0;34;5;40;100mX[0;34;40m;.:[0;35;5;40;100m [0;35;47mX@@@[0;35;5;40;100m:[0m       
        [0;34;5;40;100m@[0;1;30;90;47mX[0;35;47mXXXXX[0;35;5;40;100mS[0;34;40m.[0;34;5;40;100mS[0;1;30;90;47m8[0;35;47mXXXXX@[0;35;5;40;100m %t[0;35;47m@@[0;1;30;90;47m@[0;34;5;40;100mX[0m        
          [0;35;5;40;100m8[0;1;30;90;47m@[0;35;47mXXX[0;35;5;40;100m [0;1;30;90;47m8[0;35;47mXXXXX@@@@@@[0;1;30;90;47m@[0;35;5;40;100m8[0m          
             [0;35;5;40;100m:[0;35;47m@@@@@@@@@@@@[0;35;5;40;100m:[0m             
               [0;35;5;40;100m@ [0;35;47m@@@@@@[0;35;5;40;100m @[0m               
                  [0;35;5;40;100m8tt8[0m                  
