[0;1;30;90;44m.[0;1;34;94;44mS[0;35;5;40;100mS[0;1;30;90;44m8%[0;1;34;94;44mSSSSXXXXXXX[0;33;5;40;100mt[0;1;33;93;43mXXXXXX[0;33;5;40;100mS[0;1;34;94;44mSSSSSS%%%%%%[0;1;30;90;44m;[0;34;5;40;100m8[0;1;34;94;44mt[0;30;44m:[0m
[0;1;34;94;44m;8[0;34;5;40;100m8[0;33;5;40;100m@[0;34;5;40;100m@[0;34;5;44;104m88888888888[0;33;5;40;100m;[0;33;5;43;103m;;;;;;[0;33;5;40;100m%[0;1;34;94;44m8[0;34;5;44;104m88[0;1;34;94;44m8888888@[0;35;5;40;100m:[0;1;30;90;43m8[0;1;30;90;44mX[0;1;34;94;44m@.[0m
[0;1;34;94;44m;[0;34;5;44;104m8[0;1;34;94;44m88[0;1;30;90;44m8[0;33;5;40;100mt[0;1;30;90;44m8[0;34;5;40;100mX[0;35;5;40;100m;[0;1;34;94;44m8[0;34;5;44;104m8888[0;1;34;94;44m8[0;35;5;40;100mS[0;33;5;43;103m@;;;;;;@[0;34;5;40;100m@[0;1;34;94;44m8[0;34;5;44;104m888[0;1;34;94;44m8888[0;34;5;40;100m@[0;1;30;90;43m@[0;35;5;40;100mt[0;1;34;94;44m@8@:[0m
[0;1;34;94;44m;[0;34;5;44;104m8888[0;1;34;94;44mS[0;1;33;93;43mSS[0;33;5;43;103mS@[0;1;34;94;44m@[0;34;5;44;104m88@@@[0;35;5;40;100m [0;33;5;43;103m::::;;[0;35;5;40;100m [0;34;5;44;104m888888[0;1;34;94;44m8[0;1;30;90;44m8[0;1;30;90;43m8[0;33;5;40;100mS[0;1;34;94;44mS8888:[0m
[0;1;34;94;44m;[0;34;5;44;104m8888[0;1;30;90;44m8[0;33;5;43;103mSS[0;1;33;93;43mX8[0;1;30;90;43m8[0;35;5;40;100m. [0;34;5;44;104m88[0;35;5;40;100m;[0;33;5;43;103m@::::::8[0;34;5;40;100mX[0;1;34;94;44m8[0;34;5;44;104m888[0;1;34;94;44mX[0;33;5;40;100m;[0;1;30;90;43m@[0;1;30;90;44m8[0;1;34;94;44m888888:[0m
[0;1;34;94;44m;[0;34;5;44;104m88888[0;1;34;94;44m8[0;35;5;40;100m.[0;37;5;40;100m8[0;1;33;93;43mX@[0;33;5;43;103m8[0;37;5;43;103mSX[0;35;5;40;100m.[0;34;5;44;104m@[0;1;30;90;47mS[0;37;5;43;103mSS%[0;33;5;43;103m:::[0;1;30;90;43m8[0;1;34;94;44m8[0;34;5;44;104m88[0;34;5;40;100m@[0;35;5;40;100m;[0;1;30;90;43m%[0;35;5;40;100m:[0;1;34;94;44m88888888:[0m
[0;1;34;94;44m;[0;34;5;44;104m888888@8[0;37;43mX[0;37;5;43;103mSXX@[0;35;5;40;100m.[0;34;5;44;104mX[0;1;30;90;47m@[0;37;5;43;103mXSS%[0;33;5;43;103m::[0;33;5;40;100m.[0;34;5;44;104m88[0;35;44mX[0;33;5;40;100mS:[0;34;5;40;100mX[0;34;5;44;104m88[0;1;34;94;44m8888888:[0m
[0;1;34;94;44m:[0;34;5;44;104m88888@@X[0;35;5;40;100m:[0;33;47m8[0;1;33;93;47m8[0;1;30;90;47m@[0;35;5;40;100m.[0;36;5;44;104m@[0;35;5;40;100m [0;37;5;43;103m8XXSS%[0;33;5;43;103m:S[0;35;5;40;100mS[0;34;5;40;100m@[0;33;5;40;100m:[0;35;44mS[0;34;5;44;104m88[0;1;34;94;44m8[0;34;5;44;104m8[0;1;34;94;44m8888888.[0m
[0;33;5;40;100mX[0;35;5;40;100m;[0;1;34;94;44m88[0;35;5;40;100m;[0;33;5;40;100m [0;1;34;94;44m8[0;34;5;44;104m8[0;35;5;40;100mt[0;37;5;40;100m8[0;35;5;40;100mt[0;34;5;44;104mX[0;35;5;40;100m;[0;1;30;90;47mS[0;37;5;40;100mt[0;36;5;44;104m@[0;1;30;90;47m8[0;37;5;43;103mXXXS%[0;33;5;43;103m:[0;35;5;40;100m [0;34;5;44;104m8[0;1;30;90;44m8[0;33;5;40;100m%[0;35;44mS[0;1;34;94;44m8S[0;33;5;40;100mX[0;1;30;90;44m8[0;1;34;94;44m8X[0;33;5;40;100m.[0;35;5;40;100mS[0;1;34;94;44mX@[0;34;5;40;100m8[0;33;5;40;100m8[0m
[0;1;30;90;43m:[0;33;5;43;103m;%%::;t[0;37;5;43;103mSSXXXXX@@XXSS%[0;33;5;43;103m:;%;;;St;;S%ttSX%[0;1;30;90;43m [0m
[0;1;30;90;43m:[0;33;5;43;103m;;;::::[0;37;5;43;103m%SSXXXXXXXSSS[0;33;5;43;103m::::;;;;;;;tttt%%%[0;1;30;90;43m [0m
[0;1;30;90;43m:[0;33;5;43;103m;;;;::::[0;37;5;43;103m%SSSSXXSSS%[0;33;5;43;103m::::;;;;;;;;tttt%%%[0;1;30;90;43m [0m
[0;1;30;90;43m:[0;33;5;43;103m;;;;;;;::::[0;37;5;43;103m%SSS%%[0;33;5;43;103m:::::;;;;;t;;tttt%%S%[0;1;30;90;43m.[0m
 [0;35;5;40;100m:[0;1;34;94;44m%S[0;35;5;40;100m:[0;33;5;40;100mt[0;35;44mS[0;1;34;94;44m8[0;35;5;40;100mS[0;1;30;90;43m8[0;34;5;40;100mX[0;1;34;94;44m8[0;1;30;90;44m8[0;1;30;90;43m8[0;35;5;40;100m:[0;1;34;94;44m8[0;35;5;40;100m [0;33;5;43;103m:::::;[0;33;5;40;100m [0;1;34;94;44m@[0;34;5;40;100m@[0;1;30;90;43m8[0;1;30;90;44m8[0;1;34;94;44m@[0;1;30;90;44m@[0;1;30;90;43m8[0;34;5;40;100m@[0;1;34;94;44mX%[0;33;5;40;100m%[0;35;5;40;100m;[0;1;34;94;44m%;[0;35;5;40;100mS[0m 
 [0;1;34;94;44m.[0;33;5;40;100m.@[0;1;30;90;44m8[0;1;34;94;44m8[0;34;5;44;104m888[0;1;34;94;44m8[0;34;5;44;104m8888[0;1;34;94;44m8[0;35;5;40;100mS[0;1;33;93;43m8[0;33;5;43;103m::;;;;[0;1;33;93;43m@[0;34;5;40;100m8[0;1;34;94;44m88[0;34;5;44;104m88[0;1;34;94;44m88888@%[0;33;5;40;100mX[0;35;5;40;100m:[0;1;34;94;44m.[0m 
  [0;1;30;90;44m@8[0;35;5;40;100m;[0;34;5;40;100mX[0;1;34;94;44m8[0;34;5;44;104m88888888[0;1;34;94;44m8[0;1;30;90;43m8[0;33;5;43;103m;;;;;;[0;1;30;90;43m8[0;1;34;94;44m8[0;34;5;44;104m888[0;1;34;94;44m88888@[0;33;5;40;100m [0;1;30;90;43m8[0;1;30;90;44m@[0;1;34;94;44m@[0m  
  [0;30;44m@[0;34;5;44;104m88[0;1;30;90;44m8[0;1;30;90;43m8X[0;33;5;43;103m@[0;33;5;40;100m:[0;1;34;94;44m8[0;34;5;44;104m88888[0;33;5;40;100m:[0;33;5;43;103m;;;;;;[0;33;5;40;100mt[0;1;34;94;44m8[0;34;5;44;104m8[0;1;34;94;44m888888[0;35;5;40;100mS[0;1;30;90;43mX[0;35;5;40;100m%[0;1;34;94;44m@8[0;30;44m@[0m  
   [0;30;44mt[0;1;34;94;44m8[0;1;30;90;44m8[0;33;5;43;103m%[0;1;33;93;43mS%[0;33;5;43;103mX[0;35;5;40;100m;[0;1;34;94;44m88[0;34;5;44;104m8[0;1;34;94;44m8[0;34;5;40;100m8[0;33;5;43;103m@;;;;;;X[0;34;5;40;100m8[0;1;34;94;44m@8888[0;1;30;90;44m8[0;1;30;90;43m@[0;33;5;40;100mS[0;1;34;94;44mS8@[0;30;44mt[0m   
    [0;30;44m%[0;1;34;94;44m8[0;35;5;40;100m;[0;1;30;90;43m8[0;1;33;93;43m%%[0;1;30;90;43m:[0;1;33;93;43m%8[0;33;5;40;100mt[0;1;34;94;44mX[0;34;5;44;104m8[0;35;5;40;100m:[0;33;5;43;103m;;;;tt[0;35;5;40;100m.[0;1;34;94;44m888%S[0;33;5;40;100mX[0;1;30;90;43mX[0;1;30;90;44m8[0;1;34;94;44m88@[0;30;44m%[0m    
     [0;30;44m8[0;1;34;94;44m@8S[0;1;30;90;43m:[0;33;5;43;103m8[0;1;33;93;43mX[0;33;5;43;103mXt[0;35;5;40;100mX[0;1;30;90;44m8[0;1;33;93;43mS[0;33;5;43;103mtttttt[0;1;33;93;43mS[0;1;30;90;44m8[0;1;34;94;44m@8[0;35;5;40;100m;[0;1;30;90;43m;[0;33;5;40;100m;[0;1;34;94;44m@8@X[0;30;44m8[0m     
       [0;1;34;94;44m:8[0;33;5;40;100m.[0;33;5;43;103m%t[0;1;33;93;43mS[0;35;5;40;100m;[0;1;34;94;44m8@[0;1;30;90;43m8[0;33;5;43;103mtttttt[0;1;30;90;43m8[0;1;34;94;44mX[0;1;30;90;44mS[0;33;5;40;100m%[0;35;5;40;100m:[0;1;34;94;44mXt@@.[0m       
        [0;34;40m8[0;1;34;94;44mS%[0;1;30;90;44m@[0;1;34;94;44m@888[0;33;5;40;100mt[0;33;5;43;103m%%%%%%[0;33;5;40;100m%[0;1;34;94;44m8St8@@%[0;30;44m8[0m        
          [0;30;44m8[0;1;34;94;44m%88X[0;1;30;90;44m8[0;1;33;93;43m@[0;33;5;43;103m%%%%%%[0;1;33;93;43m@[0;1;30;90;44m8[0;1;34;94;44mX@@%[0;30;44m8[0m          
             [0;1;34;94;44m.@8[0;35;5;40;100mt[0;33;5;43;103mSSSSSS[0;35;5;40;100m;[0;1;34;94;44m@@.[0m             
               [0;30;44mX[0;1;30;90;43m%[0;33;5;43;103mSSSSSS[0;1;30;90;43mt[0;30;44mX[0m               
                  [0;31;43m8[0;1;30;90;43m  [0;31;43m8[0m                  
