[0;1;30;90;43m.[0;33;5;43;103m88@@@@@@@@@@@@@@@@@@@@@@@88888888888[0;1;33;93;43m88[0;1;30;90;43m [0m
[0;1;33;93;43m8[0;33;5;43;103m;;;;;;S[0;1;30;90;47mS@[0;1;34;94;44m8[0;34;5;44;104m88[0;1;30;90;47m8X[0;33;5;43;103m8::::;;;;8[0;1;30;90;47m88[0;1;34;94;44m888[0;1;30;90;47m8[0;37;5;40;100m8[0;33;5;43;103m8tt%%%S[0;1;33;93;43mX[0m
[0;1;33;93;43m8[0;33;5;43;103m;;;;;[0;33;47m8[0;1;30;90;47m8[0;37;5;47;107mS[0;1;30;90;47m8[0;1;34;94;44m%[0;34;40m8[0;1;30;90;44mX[0;34;5;44;104m8[0;37;5;47;107mt[0;1;37;97;47m:[0;37;5;40;100m@[0;33;5;43;103m::::::[0;37;5;40;100m8[0;1;37;97;47m [0;37;5;47;107mt[0;34;5;44;104m8[0;1;30;90;44m;[0;34;40mX[0;1;34;94;44m:[0;36;5;44;104m8[0;37;5;47;107mX[0;1;30;90;47m8[0;33;5;40;100m.[0;33;5;43;103mtt%%%[0;1;33;93;43mX[0m
[0;1;33;93;43m8[0;33;5;43;103m;;;;:%[0;1;30;90;47m8[0;1;37;97;47m [0;1;30;90;47mX[0;34;5;44;104m8[0;1;30;90;44m@[0;1;34;94;44m@[0;1;30;90;47m8[0;1;37;97;47m;[0;1;30;90;47mX[0;1;33;93;47mX[0;33;5;43;103m::::::8[0;1;30;90;47m8[0;1;37;97;47m [0;1;30;90;47m8[0;1;34;94;44mX[0;1;30;90;44m:[0;1;34;94;44m@[0;1;30;90;47m8%[0;37;5;40;100m8[0;33;5;43;103m@tt%%%[0;1;33;93;43mX[0m
[0;1;33;93;43m8[0;33;5;43;103m;;:::::t[0;33;47m8[0;1;30;90;47mt8S[0;33;47m@[0;37;5;43;103m@::::[0;33;5;43;103m.:::::S[0;33;47m8[0;37;5;40;100m8@8[0;37;43m8[0;33;5;43;103mS;tttt%%[0;1;33;93;43mX[0m
[0;1;33;93;43m8[0;33;5;43;103m;S[0;37;5;40;100m8%[0;37;5;43;103m@[0;33;5;43;103m::[0;37;5;43;103m::%[0;1;30;90;47m;8[0;1;33;93;47m8[0;37;5;43;103m....t[0;1;30;90;47m.[0;37;5;40;100mt[0;33;47m8[0;33;5;43;103m::::t[0;1;30;90;47mS[0;36;5;40;100m [0;37;43m@[0;33;5;43;103m;;;;%[0;1;30;90;43m8[0;36;5;40;100m;[0;1;30;90;43m8[0;33;5;43;103mS[0;1;33;93;43mX[0m
[0;36;5;40;100m.%[0;34;5;44;104m88[0;1;30;90;44m8[0;1;30;90;47m%[0;33;47m8[0;1;30;90;47m;@[0;37;5;40;100mt[0;34;5;44;104m@X[0;36;5;44;104m8[0;1;30;90;47m:[0;33;47mX[0;1;30;90;47m %8[0;34;5;44;104m@X@[0;1;30;90;47mX[0;33;47m8[0;1;30;90;47m;[0;37;5;40;100m8[0;36;5;40;100m [0;1;34;94;44m8[0;34;5;44;104m8[0;1;34;94;44m8[0;37;5;40;100m8[0;37;43m8[0;33;5;40;100m.[0;37;5;40;100m@[0;36;5;40;100m:[0;1;34;94;44m@88[0;33;5;40;100m [0;1;30;90;43m8[0;33;5;40;100m@[0m
[0;37;5;40;100m%[0;34;5;44;104m@8888@[0;1;30;90;47m8[0;1;37;97;47m [0;36;5;44;104mS[0;34;5;44;104mXXS[0;36;5;44;104mXX[0;1;30;90;47m8[0;1;37;97;47m [0;37;5;44;104m8[0;34;5;44;104mXXX@@[0;1;30;90;47m8@[0;34;5;44;104m@88888[0;1;30;90;47m88[0;34;5;44;104m8[0;1;34;94;44m88888[0;36;5;40;100mt[0m
[0;36;5;40;100m [0;34;5;44;104m88888[0;1;37;97;47m [0;37;5;47;107m.[0;1;37;97;47m [0;34;5;44;104mXXX[0;36;5;44;104mXX[0;1;37;97;47mS[0;37;5;47;107m [0;1;37;97;47m [0;34;5;44;104mSXXXX[0;1;37;97;47m%[0;37;5;47;107m:[0;1;30;90;47m8[0;34;5;44;104m88888[0;1;37;97;47mt[0;37;5;47;107mt[0;36;5;40;100m [0;1;34;94;44m88888[0;1;37;97;47m;.[0m
[0;1;37;97;47m [0;1;30;90;47m8[0;34;5;44;104m888[0;1;30;90;47m8[0;37;5;47;107m:.t[0;1;30;90;47m8[0;34;5;44;104mXX[0;36;5;44;104mX[0;1;30;90;47m8[0;37;5;47;107m  %[0;1;30;90;47m8[0;34;5;44;104mXXX[0;1;30;90;47m8[0;37;5;47;107m::8[0;36;5;40;100m [0;34;5;44;104m888[0;1;30;90;47m8[0;37;5;47;107mtt[0;1;37;97;47m@[0;34;5;44;104m8[0;1;34;94;44m888[0;1;30;90;47m8[0;37;5;47;107mX[0;1;37;97;47m.[0m
[0;1;30;90;44m8[0;34;5;44;104m@888@[0;36;5;44;104m@X[0;37;5;44;104m8[0;1;34;94;47m8[0;36;5;44;104mX[0;34;5;44;104mXX[0;36;5;44;104mX[0;1;30;90;47m8888[0;36;5;44;104mX[0;34;5;44;104mXXX[0;36;5;44;104mX@@@[0;34;5;44;104m88888888[0;1;34;94;44m88888[0;1;30;90;44m8[0m
[0;1;30;90;44m:[0;34;5;44;104m88[0;1;30;90;47m8[0;1;37;97;47m [0;36;5;44;104m@[0;34;5;44;104m8@@@X[0;1;30;90;47m8[0;1;37;97;47m [0;37;5;44;104m8[0;34;5;44;104mXXXXX[0;1;30;90;47m8[0;1;37;97;47m [0;34;5;44;104mX88888[0;1;30;90;47m8@[0;34;5;44;104m88[0;1;34;94;44m8888[0;1;30;90;47m88[0;1;34;94;44m88[0;30;44m.[0m
[0;30;44mS[0;34;5;44;104m8[0;1;37;97;47m [0;37;5;47;107mt[0;1;37;97;47m [0;34;5;44;104m8888@[0;1;37;97;47m%[0;37;5;47;107m.[0;1;37;97;47m [0;34;5;44;104mXXX@@[0;1;37;97;47mX[0;37;5;47;107m:[0;1;30;90;47m8[0;34;5;44;104m88888[0;1;37;97;47mX[0;37;5;47;107mt[0;1;30;90;47m8[0;34;5;44;104m88[0;1;34;94;44m88[0;34;5;44;104m8[0;1;37;97;47mX[0;37;5;47;107mS[0;36;5;40;100m;[0;1;34;94;44m88[0;30;44mX[0m
 [0;36;5;44;104m8[0;37;5;47;107mtt%[0;1;30;90;47m8[0;34;5;44;104m888[0;1;30;90;47m8[0;37;5;47;107m::t[0;1;30;90;47m8[0;34;5;44;104m@@@[0;1;30;90;47m8[0;37;5;47;107m:;S[0;1;30;90;47m8[0;34;5;44;104m888[0;1;30;90;47m8[0;37;5;47;107mtt8[0;36;5;40;100m [0;34;5;44;104m8[0;1;34;94;44m88[0;1;30;90;47m8[0;37;5;47;107mSS[0;1;37;97;47m@[0;36;5;40;100mt[0;1;34;94;44m8[0m 
 [0;1;30;90;44m;[0;34;5;44;104m88888888@@@@@888@@@8888888888[0;1;34;94;44m8888888[0;1;30;90;44m;[0m 
  [0;1;34;94;44m8[0;34;5;44;104m8888[0;1;30;90;47m8[0;1;37;97;47m [0;34;5;44;104m@88888[0;1;30;90;47m8[0;1;37;97;47m [0;34;5;44;104m888888[0;1;30;90;47m8S[0;34;5;44;104m888[0;1;34;94;44m88[0;34;5;44;104m8[0;1;30;90;47m88[0;1;34;94;44m8888@[0m  
  [0;30;44m@[0;34;5;44;104m888[0;1;37;97;47m:[0;37;5;47;107mt[0;1;30;90;47mX[0;34;5;44;104m88888[0;1;37;97;47mS[0;37;5;47;107mt[0;1;30;90;47m8[0;34;5;44;104m88888[0;1;37;97;47m@[0;37;5;47;107mt[0;1;30;90;47m8[0;34;5;44;104m8[0;1;34;94;44m888[0;34;5;44;104m8[0;1;37;97;47m@[0;37;5;47;107mS[0;36;5;40;100m [0;1;34;94;44m8888[0;30;44m@[0m  
   [0;30;44mt[0;1;34;94;44m8[0;36;5;40;100m:[0;37;5;47;107mtt%[0;1;30;90;47m8[0;34;5;44;104m888[0;1;30;90;47m8[0;37;5;47;107mttS[0;1;30;90;47m8[0;34;5;44;104m888[0;1;30;90;47m8[0;37;5;47;107mtt@[0;1;30;90;47m8[0;34;5;44;104m8[0;1;34;94;44m88[0;1;30;90;47m8[0;37;5;47;107mSS8[0;1;30;90;47m8[0;1;34;94;44m8@[0;30;44mt[0m   
    [0;30;44m%[0;1;34;94;44m8[0;34;5;44;104m88888888888888[0;1;34;94;44m88[0;34;5;44;104m888[0;1;34;94;44m8888888888[0;30;44m%[0m    
     [0;30;44m8[0;1;34;94;44m@888[0;34;5;44;104m8[0;1;30;90;47m@[0;1;37;97;47m [0;34;5;44;104m8[0;1;34;94;44m8888[0;34;5;44;104m8[0;1;30;90;47mS[0;1;37;97;47m [0;34;5;44;104m8[0;1;34;94;44m88888[0;1;30;90;47mS@[0;1;34;94;44m888@X[0;30;44m8[0m     
       [0;1;34;94;44m:88[0;1;37;97;47mS[0;37;5;47;107m%[0;1;30;90;47m8[0;1;34;94;44m88888[0;1;37;97;47m@[0;37;5;47;107mS[0;1;30;90;47m8[0;1;34;94;44m88888[0;1;37;97;47m8[0;37;5;47;107mX[0;1;30;90;47m8[0;1;34;94;44m8@@.[0m       
        [0;34;40m8[0;36;5;40;100m.[0;37;5;47;107m@X@[0;1;30;90;47m8[0;1;34;94;44m888[0;1;30;90;47m8[0;37;5;47;107m@X8[0;1;30;90;47m8[0;1;34;94;44m888[0;1;30;90;47m8[0;37;5;47;107m888[0;1;30;90;47m8[0;1;34;94;44m%[0;30;44m8[0m        
          [0;30;44m8[0;1;34;94;44m%8888888888888@@@%[0;30;44m8[0m          
             [0;1;34;94;44m.8[0;1;37;97;47m  [0;1;34;94;44m88@@@8[0;1;37;97;47m [0;1;30;90;47mS[0;1;34;94;44m8.[0m             
               [0;37;5;40;100mS[0;36;5;40;100m.[0;1;34;94;44m@@@@8[0;1;37;97;47m@t[0;34;5;40;100m8[0m               
                  [0;30;44m@. [0;1;30;90;44m@[0m                  
