[0;37;5;40;100m8[0;1;37;97;47m@@[0;1;30;90;47m;;[0;1;37;97;47m88[0;1;30;90;47m:;[0;1;37;97;47m88[0;1;30;90;47m:;[0;1;37;97;47m88[0;1;30;90;47m:;[0;1;37;97;47m88[0;1;30;90;47m;;[0;1;37;97;47m88[0;1;30;90;47m:;[0;1;37;97;47m@@[0;1;30;90;47m;%[0;1;37;97;47m@X[0;1;30;90;47mt%[0;1;37;97;47mSS[0;1;30;90;47m%S[0;1;37;97;47m%%[0;37;5;40;100m8[0m
[0;1;30;90;47m:[0;37;5;47;107m%t[0;1;37;97;47mt:[0;37;5;47;107mtt[0;1;37;97;47m%:[0;37;5;47;107mtt[0;1;37;97;47mt;[0;37;5;47;107m;;[0;1;37;97;47m%;[0;37;5;47;107mtt[0;1;30;90;47mSX[0;37;5;47;107mtt[0;1;37;97;47mt:[0;37;5;47;107mtt[0;1;37;97;47mt.[0;37;5;47;107m%%[0;1;37;97;47m: [0;37;5;47;107mSX[0;1;37;97;47m.[0;1;30;90;47m.[0;37;5;47;107m@@[0;1;30;90;47mt[0m
[0;1;37;97;47m;[0;37;5;47;107mXXttSXt;SS;@[0;36;5;40;100m [0;1;30;90;47m%[0;1;37;97;47m X [0;36;5;40;100m [0;1;30;90;44m88[0;36;5;40;100m [0;1;30;90;47m;[0;37;5;47;107m%[0;1;37;97;47m8[0;36;5;40;100m [0;37;5;40;100m%[0;37;5;47;107mttX@%S88XX8[0;1;37;97;47m8 [0m
[0;1;37;97;47m;.[0;1;30;90;47m [0;37;5;47;107mtt[0;1;37;97;47m:.[0;37;5;47;107m;;[0;1;37;97;47m;;[0;37;5;47;107m@[0;37;5;40;100mt[0;34;5;40;100mX[0;36;5;40;100m;[0;34;5;40;100mX[0;1;30;90;47m8[0;1;37;97;47m.[0;34;5;40;100m@@@8[0;1;30;90;47mt[0;36;5;40;100m%[0;1;30;90;44m8[0;34;5;40;100mX[0;1;30;90;44m8S[0;1;30;90;47m;[0;1;37;97;47m [0;1;30;90;47m [0;37;5;47;107m%%[0;1;37;97;47m [0;1;30;90;47m:[0;37;5;47;107mSX[0;1;30;90;47m.t[0;1;37;97;47m [0m
[0;1;37;97;47m;[0;37;5;47;107m88tt88[0;1;37;97;47m [0;1;30;90;47m88[0;34;5;40;100mS[0;1;37;97;47m%[0;1;30;90;47mX[0;36;5;40;100mt[0;34;5;40;100m@X[0;36;5;40;100m [0;37;5;47;107m@[0;1;30;90;47m8@88[0;37;5;47;107m8[0;1;37;97;47mt[0;1;30;90;44m8[0;34;5;40;100m8[0;1;30;90;44mS[0;36;5;40;100m [0;1;37;97;47m [0;36;5;40;100m:[0;37;5;40;100mS[0;36;5;40;100m%[0;1;37;97;47m.88[0;37;5;47;107mSX[0;1;37;97;47m@X.[0m
[0;1;30;90;47mt[0;37;5;47;107mtt[0;1;37;97;47m%t[0;37;5;47;107m;;[0;37;5;40;100mt[0;1;30;90;44m8[0;36;5;40;100m:t [0;1;37;97;47mt:;@@[0;37;5;47;107m..[0;1;37;97;47m@[0;1;30;90;47mS[0;37;5;47;107mS;[0;1;37;97;47m%[0;1;30;90;47m%[0;37;5;47;107m8[0;1;37;97;47m [0;1;30;90;47m@[0;36;5;40;100mt[0;1;30;90;44m@[0;34;5;40;100m@[0;1;30;90;44mt[0;34;5;40;100m@[0;1;37;97;47mS[0;37;5;47;107mS[0;1;37;97;47m:.[0;37;5;47;107mXX[0;1;30;90;47mS[0m
[0;1;30;90;47m.[0;37;5;47;107mtt[0;1;37;97;47mXS[0;37;5;47;107m;%[0;1;30;90;47m8[0;36;5;40;100m [0;34;5;40;100mX[0;36;5;40;100m:[0;1;30;90;47mX[0;1;37;97;47m@[0;37;5;47;107m  8[0;1;37;97;47m8[0;37;5;47;107m  [0;1;37;97;47m%[0;1;33;93;43m.[0;37;43m8[0;37;5;47;107m8[0;1;30;90;47m%8[0;33;47m8[0;1;31;91;43m8[0;37;5;40;100m8[0;36;5;40;100m %[0;1;30;90;44mX%[0;37;5;40;100mS[0;1;37;97;47m8[0;37;5;47;107m%[0;1;37;97;47mt:[0;37;5;47;107mXX[0;1;30;90;47m;[0m
[0;1;37;97;47m;@@[0;37;5;47;107m@[0;1;37;97;47m [0;1;30;90;47m8[0;1;30;90;44m8[0;1;37;97;47m [0;37;5;47;107m%[0;1;30;90;47m;[0;1;37;97;47m;[0;37;5;47;107m  @@  8[0;1;37;97;47m;[0;33;47m8[0;1;30;90;43m88[0;1;31;91;43m88888[0;1;37;97;47mt[0;37;5;47;107mt[0;1;37;97;47mX[0;1;30;90;47mX[0;1;37;97;47m;[0;36;5;40;100m [0;1;30;90;44mX[0;1;30;90;47m8[0;37;5;40;100m%[0;1;37;97;47m@%t.[0m
[0;1;37;97;47m;;.%[0;34;5;40;100mS[0;1;30;90;44m8[0;36;5;40;100m:%:[0;1;37;97;47m%X[0;37;5;47;107m  [0;1;37;97;47m8@[0;37;5;47;107m8[0;33;47m8[0;37;43m@[0;1;33;93;43m;;[0;37;43mS[0;1;33;93;43m..[0;1;30;90;43m8[0;1;31;91;43m88[0;1;30;90;47m8[0;37;5;47;107mtt[0;1;37;97;47m: [0;37;5;40;100mt[0;1;30;90;44m8@X8[0;1;37;97;47mX [0;1;30;90;47m;[0;1;37;97;47m.[0m
[0;1;37;97;47m;[0;37;5;47;107mtt%[0;36;5;40;100m;[0;1;30;90;44m8[0;36;5;40;100m.[0;1;30;90;44m8[0;37;5;47;107m8..::%[0;1;37;97;47m.[0;37;43m8[0;1;30;90;47m%[0;1;37;97;47m.[0;1;33;93;43m;;:..[0;1;31;91;43m88[0;1;30;90;43m8[0;1;37;97;47mS[0;37;5;47;107m%Stt[0;1;37;97;47m8[0;37;5;40;100mt[0;1;30;90;44m%[0;34;5;40;100mX@[0;1;37;97;47m [0;37;5;47;107mXX[0;1;37;97;47m.[0m
[0;1;30;90;47m%[0;37;5;47;107mtt[0;1;37;97;47mt[0;36;5;40;100m [0;1;30;90;47m8[0;37;5;47;107mS[0;1;37;97;47m:t[0;37;5;47;107mt8[0;1;30;90;47m [0;33;47m8[0;37;43m@[0;1;33;93;43m;;;;;::..[0;1;31;91;43m888[0;1;30;90;43m8[0;1;30;90;47m%[0;1;37;97;47m [0;37;5;47;107mtt[0;1;37;97;47m:[0;1;30;90;47m.[0;1;37;97;47m [0;36;5;40;100m ;[0;1;30;90;47m:[0;37;5;47;107mXX[0;1;30;90;47mS[0m
[0;1;30;90;47mS[0;37;5;47;107mt[0;1;30;90;47mt[0;1;30;90;44m88[0;34;5;40;100m@X[0;37;5;40;100mt[0;37;5;47;107m8X[0;33;47m8[0;37;43mX[0;33;47m8X[0;1;37;97;47m% [0;37;5;40;100mS[0;1;30;90;43m8[0;1;33;93;43m::..[0;1;31;91;43m8888[0;33;47m8[0;1;30;90;47m:[0;1;37;97;47m@[0;37;5;47;107mtt[0;1;37;97;47m@[0;36;5;40;100m.[0;1;30;90;44m@8X%[0;1;30;90;47m8[0;37;5;47;107mX[0;1;30;90;47m@[0m
[0;37;5;40;100mS[0;1;37;97;47m%.[0;34;5;40;100mS[0;1;30;90;44m8[0;34;5;40;100m8@[0;37;5;47;107m8:[0;1;37;97;47m@@[0;37;5;47;107m..[0;1;37;97;47m [0;33;5;40;100m;[0;31;5;41;101m8[0;1;31;91;43m8[0;1;30;90;43m8[0;37;43mS[0;1;33;93;43m.[0;1;31;91;43m888888[0;1;30;90;43m8[0;1;37;97;47m8[0;37;5;47;107mt[0;1;37;97;47m%t[0;37;5;47;107m%[0;1;37;97;47m8[0;1;30;90;44m@@S8[0;1;30;90;47m.[0;1;37;97;47m.[0;37;5;40;100mS[0m
 [0;1;37;97;47mt; [0;1;30;90;47m;[0;36;5;40;100m [0;37;5;40;100mX[0;37;5;47;107m;;[0;1;37;97;47mSS[0;37;5;47;107m::8[0;1;37;97;47m8[0;37;5;47;107mX%[0;1;37;97;47m%;[0;33;47m@[0;1;31;91;43m888888[0;1;30;90;43m8[0;1;37;97;47m@[0;37;5;47;107mt[0;1;37;97;47mt;[0;37;5;47;107m%%[0;36;5;40;100m [0;37;5;40;100mt[0;1;30;90;47mX%[0;1;37;97;47m:[0;1;30;90;47m.[0m 
 [0;1;30;90;47m.[0;37;5;47;107mt8[0;1;30;90;47mS[0;1;30;90;44m@[0;36;5;40;100mt[0;34;5;40;100m@[0;1;30;90;47m8[0;37;5;47;107m;;88;;88;SS[0;1;37;97;47mt[0;1;31;91;43m888888[0;1;30;90;43m8[0;1;37;97;47m8[0;37;5;47;107m%%[0;1;30;90;47m@[0;37;5;40;100mt[0;1;30;90;44mS8[0;1;30;90;47m8[0;1;37;97;47mt[0;37;5;47;107mX[0;1;30;90;47m.[0m 
  [0;37;5;47;107mS[0;1;30;90;47m@[0;1;30;90;44m;888[0;1;30;90;47m8[0;37;5;47;107mt;[0;1;37;97;47m.[0;1;30;90;47m [0;37;5;47;107m;;[0;1;37;97;47m:[0;1;30;90;47mS[0;37;5;47;107mX%t[0;1;37;97;47m8[0;1;31;91;43m888[0;1;30;90;43mS8@[0;1;30;90;47m8t[0;37;5;47;107m%%[0;37;5;40;100mX[0;1;30;90;44mX8t%[0;1;30;90;47m8[0;37;5;47;107m8[0m  
  [0;36;5;40;100m [0;37;5;47;107mS[0;1;37;97;47m8[0;1;30;90;44m8[0;34;5;40;100mS[0;1;30;90;47m88[0;37;5;47;107m8[0;1;37;97;47m.[0;37;5;47;107mX%tS8[0;1;37;97;47m8[0;37;5;47;107mtX[0;1;33;93;47mX[0;1;31;91;43m88[0;33;47m8[0;1;37;97;47m%[0;1;30;90;47m%[0;1;37;97;47m8[0;1;30;90;43m8[0;37;5;47;107mS8[0;1;37;97;47m8[0;37;5;47;107m8[0;1;30;90;47mX[0;34;5;40;100m@[0;37;5;40;100mS[0;1;30;90;44m8[0;36;5;40;100m [0;37;5;47;107m8[0;36;5;40;100m [0m  
   [0;37;5;40;100m8[0;37;5;47;107m%[0;1;30;90;47m [0;1;37;97;47m [0;37;5;40;100m;[0;1;30;90;44m;88[0;1;30;90;47m%[0;37;5;47;107mt[0;1;37;97;47m;[0;1;30;90;47m.[0;37;5;47;107mS%88[0;1;30;90;43m8[0;1;30;90;47mX[0;37;5;40;100m8[0;1;37;97;47m.[0;37;5;47;107mt%[0;1;37;97;47m:[0;1;30;90;47m.[0;37;5;47;107mS[0;1;30;90;47m8[0;1;30;90;44m:%S[0;1;30;90;47m8 :[0;37;5;47;107m@[0;37;5;40;100m8[0m   
    [0;37;5;40;100m8[0;1;37;97;47mS%[0;34;5;40;100mX[0;1;30;90;44m8[0;34;5;40;100m@[0;1;30;90;44m@%[0;1;37;97;47mS.[0;36;5;40;100m [0;37;5;47;107m@t[0;1;37;97;47m88[0;37;5;47;107m%t[0;1;37;97;47mXS[0;37;5;47;107m%[0;1;37;97;47m.[0;1;30;90;47m8[0;1;37;97;47m.[0;37;5;47;107mX[0;36;5;40;100m:[0;1;30;90;44mX[0;34;5;40;100mX[0;1;30;90;44mS:[0;1;30;90;47m8[0;1;37;97;47m;[0;37;5;40;100m8[0m    
     [0;36;5;40;100m.[0;37;5;47;107m8[0;1;30;90;47mt8[0;34;5;40;100mX[0;37;5;40;100m;[0;1;30;90;47m:[0;34;5;40;100m@@[0;1;30;90;44m;[0;36;5;40;100mt[0;1;30;90;47m8[0;37;5;47;107m@8[0;36;5;40;100m:;[0;37;5;47;107m8%[0;1;37;97;47m [0;1;30;90;44m@:8:[0;1;30;90;47m8[0;1;37;97;47m [0;34;5;40;100m%[0;1;30;90;44m8[0;1;30;90;47m [0;1;37;97;47m8[0;36;5;40;100m.[0m     
       [0;37;5;40;100m8[0;1;37;97;47m [0;37;5;47;107mSS[0;1;37;97;47m:[0;1;30;90;44m8%[0;34;5;40;100mX[0;1;30;90;44mt[0;36;5;40;100m [0;1;30;90;47m8[0;1;30;90;44m:88;[0;37;5;40;100mt[0;36;5;40;100m [0;1;30;90;44m88@X[0;1;30;90;47m%[0;37;5;47;107mX@[0;1;37;97;47m [0;37;5;40;100mS[0m       
        [0;36;5;40;100m.[0;1;37;97;47mt[0;37;5;47;107m8S[0;1;30;90;47mt[0;37;5;40;100m%[0;1;30;90;47m8[0;36;5;40;100m.[0;37;5;47;107m8[0;1;37;97;47m8[0;1;30;90;44m8S%8[0;1;37;97;47m@[0;37;5;47;107mX[0;1;30;90;47mt[0;1;30;90;44m8[0;1;30;90;47m8[0;1;37;97;47m 88;[0;36;5;40;100m.[0m        
          [0;36;5;40;100mt[0;1;37;97;47mX[0;37;5;47;107mX[0;1;30;90;47m:;[0;37;5;47;107mXX[0;1;30;90;47m:8[0;1;37;97;47m;;[0;1;30;90;47m8t[0;37;5;47;107mX@[0;1;30;90;47m;%[0;37;5;47;107m@[0;1;37;97;47mS[0;36;5;40;100mt[0m          
             [0;1;30;90;47m%[0;1;37;97;47m8[0;37;5;47;107m@@[0;1;37;97;47m88[0;37;5;47;107m@@[0;1;37;97;47m88[0;37;5;47;107m@@[0;1;37;97;47m8[0;1;30;90;47m%[0m             
               [0;36;5;40;100m:[0;1;30;90;47m8[0;37;5;47;107m@@[0;1;30;90;47m.:[0;37;5;47;107m@@[0;1;30;90;47mX[0;36;5;40;100m;[0m               
                  [0;36;5;40;100m [0;37;5;40;100mSS[0;36;5;40;100m [0m                  
