[0;1;30;90;43m.[0;1;33;93;43m8888[0;33;5;43;103m88888888888888888888[0;1;33;93;43m888@@@@@@XXXXX[0;1;30;90;43m [0m
[0;1;33;93;43m%[0;33;5;43;103mt;;;;;;;;;;;;;;;;;;;;;;;;;tttttt%%%%SS[0;1;30;90;43m [0m
[0;1;33;93;43m%[0;33;5;43;103m;;;;;;;;;;;;::::;;;;;;;;;;;;ttttt%%%SS[0;1;30;90;43m [0m
[0;1;33;93;43m%[0;33;5;43;103m;;;;;;;;::::::::::::;;;;;;;;;tttt%%%%S[0;1;33;93;43mt[0m
[0;1;33;93;43mS[0;33;5;43;103m;;;;;;::::::[0;37;5;43;103m%%%[0;33;5;43;103m.:t::::;;;;;;;;tttt%%%%[0;1;33;93;43mt[0m
[0;1;33;93;43mS[0;33;5;43;103m;;;;:::::[0;37;5;43;103m%SSSSSSS[0;1;30;90;43m8[0;37;43mS[0;33;5;43;103m;;8[0;1;33;93;43m8@@8[0;33;5;43;103mS;;;ttttt%%%[0;1;33;93;43mt[0m
[0;1;33;93;43mS[0;33;5;43;103m;;;;:::[0;37;5;43;103m%SS[0;1;33;93;43m8[0;1;30;90;43m88888[0;37;43mX[0;1;33;93;43m@[0;1;30;90;43m88[0;1;30;90;42m88@XS%t[0;33;42m8[0;1;30;90;43m;[0;33;5;43;103mt;tttt%%%[0;1;33;93;43mt[0m
[0;1;33;93;43mS[0;33;5;43;103m;;;::::[0;37;5;43;103mS[0;1;33;93;43m8[0;33;5;40;100m@[0;32;5;40;100mXS[0;36;5;40;100m%%[0;33;5;40;100m%[0;1;30;90;43m8[0;37;43m@[0;1;33;93;43m8[0;33;5;40;100mX[0;33;5;43;103mS:X[0;1;33;93;43mS[0;1;30;90;43mX[0;1;30;90;42mS%%t;[0;33;42m@[0;1;33;93;43m8[0;33;5;43;103mtttt%%%[0;1;33;93;43mt[0m
[0;1;33;93;43mS[0;33;5;43;103m;;;:::[0;37;5;43;103m%[0;1;30;90;43m8[0;1;30;90;42m8[0;32;5;40;100mXS[0;36;5;40;100m%[0;1;30;90;43m8[0;1;33;93;47m8[0;37;5;43;103m8[0;33;47m8[0;37;43m@X[0;33;5;40;100mX[0;1;30;90;43m8[0;1;33;93;43m888[0;33;5;43;103m@8[0;1;30;90;43mS[0;1;30;90;42m%t;;;[0;1;33;93;43m8[0;33;5;43;103mttt%%%[0;1;33;93;43mt[0m
[0;1;33;93;43mS[0;33;5;43;103m;;;:::8[0;1;30;90;42m88[0;32;5;40;100mXS[0;1;30;90;43m8[0;37;43m8[0;33;5;40;100mt[0;36;5;40;100mt%[0;32;5;40;100mSX[0;1;30;90;42m8888@XX[0;1;30;90;43mSt[0;1;30;90;42mt;;:[0;33;42m8[0;33;5;43;103mttt%%%[0;1;33;93;43mt[0m
[0;1;33;93;43m%[0;33;5;43;103m;;;:::[0;1;30;90;43m8[0;1;30;90;42m888[0;1;30;90;43m88[0;32;5;40;100mSSSS[0;1;30;90;42m888888@XS%%[0;1;30;90;43mt[0;33;42m8[0;1;30;90;42m:[0;30;42m;[0;1;30;90;42m:[0;1;33;93;43mS[0;33;5;43;103mtt%%%[0;1;30;90;43m [0m
[0;1;30;90;43m:[0;33;5;43;103m;;;;:@[0;1;30;90;42m888[0;1;30;90;43m88[0;1;30;90;42m8888888888@XSS%t;[0;1;30;90;43m::[0;33;42mS[0;1;30;90;42m:%[0;1;30;90;43m.[0;33;5;43;103m%%%%[0;1;30;90;43m [0m
[0;1;30;90;43m:[0;33;5;43;103m;;;;;[0;1;30;90;43mX[0;1;30;90;42m@@[0;1;30;90;43m8[0;1;33;93;43m8[0;1;30;90;42m8888888888@XSS%tt;[0;33;42m@[0;33;5;43;103m;t[0;1;33;93;43mS[0;1;30;90;43m:[0;32;43m8[0;1;30;90;43m:[0;1;33;93;43mS[0;33;5;43;103m%%[0;1;30;90;43m.[0m
 [0;33;5;43;103m;;;;[0;1;30;90;43m%[0;1;30;90;42mSX[0;1;30;90;43mX[0;33;5;43;103m:[0;1;30;90;43m@[0;1;30;90;42m@888888@@XXS%%tt;:;[0;33;5;43;103mStttt%%%S[0m 
 [0;1;30;90;43m.[0;33;5;43;103m;[0;1;33;93;43m@[0;1;30;90;43mt[0;33;42m@[0;1;30;90;43mt[0;33;5;43;103mS;;[0;1;30;90;43mS[0;1;30;90;42mXXXXXXXXSS%%tt;;:::[0;33;5;43;103mSttt%%%%[0;1;30;90;43m [0m 
  [0;33;5;43;103mt;;;;;;;[0;1;33;93;43mX[0;1;30;90;42m%SSSSSS%%%tt;;;:::[0;33;42mX[0;33;5;43;103mttt%%%%S[0m  
  [0;1;30;90;43m.[0;33;5;43;103m;;;;;;;;[0;32;43m8[0;1;30;90;42mtttttttt;;;;:::::[0;1;30;90;43m.[0;33;5;43;103mtt%%%%S[0;1;30;90;43m.[0m  
   [0;1;30;90;43m.[0;33;5;43;103mt;;;;;;X[0;33;42m@[0;1;30;90;42m;;;;;;;;:::::::[0;32;43m@[0;33;5;43;103m%%%%%%S[0;1;30;90;43m [0m   
    [0;1;30;90;43m:[0;33;5;43;103mtttt;;;%[0;1;30;90;43m:[0;1;30;90;42m;:::::::::::;[0;1;30;90;43m:[0;33;5;43;103m%%%%%SS[0;1;30;90;43m.[0m    
     [0;1;30;90;43m.[0;33;5;43;103mSttttttt%[0;1;33;93;43m@[0;1;30;90;43m:::::::::.[0;33;5;43;103mX%%%%%S@[0;31;43m8[0m     
       [0;1;30;90;43m.[0;33;5;43;103mttttttttttttttt%%%%%%%SS[0;1;30;90;43m [0m       
        [0;31;43m8[0;1;33;93;43m@[0;33;5;43;103m%%%%%%%%%%%%%%%%%SSS[0;1;33;93;43mX[0;31;43m8[0m        
          [0;1;30;90;43m.[0;1;33;93;43m@[0;33;5;43;103m%%%%%%%%%%%%SSSS[0;1;33;93;43mX[0;1;30;90;43m [0m          
             [0;1;30;90;43m [0;33;5;43;103mSSSSSSSSSSSS[0;1;30;90;43m [0m             
               [0;1;30;90;43m.[0;1;33;93;43mS[0;33;5;43;103mSSSSSS[0;1;33;93;43mS[0;1;30;90;43m [0m               
                  [0;1;30;90;43m    [0m                  
