              [0;36;5;40;100m [0;37;5;40;100m8[0;1;30;90;47m%.[0;1;37;97;47m;tt;[0;1;30;90;47m.S[0;37;5;40;100m8[0;36;5;40;100m [0m              
          [0;36;5;40;100m [0;1;30;90;47mt[0;1;37;97;47m@88888888888888@[0;1;30;90;47mt[0;36;5;40;100m [0m          
        [0;1;30;90;47mX[0;1;37;97;47m888[0;37;5;47;107m88888888[0;1;37;97;47m8888888888@[0;1;30;90;47mX[0m        
      [0;1;30;90;47mS[0;1;37;97;47m88[0;37;5;47;107m88[0;1;37;97;47m.[0;1;30;90;47m8[0;36;5;40;100mt[0;34;5;40;100m@[0;1;30;90;44m8[0;36;5;40;100m.[0;1;37;97;47m [0;37;5;47;107m88888[0;1;37;97;47m888888888@[0;1;30;90;47mS[0m      
    [0;36;5;40;100m.[0;1;37;97;47m@8[0;37;5;47;107m888[0;1;37;97;47m [0;1;34;94;44m8X[0;34;5;40;100mX[0;36;5;40;100m.[0;1;30;90;44m888[0;1;37;97;47m [0;37;5;47;107m888888[0;1;37;97;47m88888888@S[0;36;5;40;100m.[0m    
   [0;37;5;40;100mX[0;1;37;97;47m88[0;37;5;47;107m8888[0;1;37;97;47m8;[0;1;30;90;47m%8[0;1;30;90;44m8888[0;36;5;40;100m.[0;37;5;47;107m@888888[0;1;37;97;47m88888888@@[0;37;5;40;100m@[0m   
  [0;37;5;40;100mS[0;1;37;97;47m88[0;37;5;47;107m88888@XX[0;1;37;97;47m.[0;1;30;90;44m8888[0;36;5;40;100m;[0;37;5;47;107mX@@88888[0;1;37;97;47m8888888@@@[0;37;5;40;100mS[0m  
 [0;30;5;40;100mS[0;1;37;97;47m88[0;37;5;47;107m88888@XXX[0;1;37;97;47m [0;34;5;40;100m%%SS[0;37;5;40;100mS[0;37;5;47;107m@X@@8888[0;1;37;97;47m88888888@@X[0;36;5;40;100mt[0m 
 [0;1;37;97;47m;88[0;37;5;47;107m8888@@XX[0;1;37;97;47mt[0;36;5;40;100mtt;t%[0;34;5;40;100mS[0;1;30;90;44m8[0;1;30;90;47m8[0;1;37;97;47mS[0;37;5;47;107m@8888[0;1;37;97;47m88888888@@X:[0m 
[0;36;5;40;100mt[0;1;37;97;47m888[0;37;5;47;107m8888@@XX[0;36;5;40;100m.%t;;t[0;34;5;44;104m@88[0;1;34;94;44m8[0;1;30;90;47m8[0;37;5;47;107m8888[0;1;37;97;47m88888888@@XX[0;36;5;40;100mt[0m
[0;37;5;40;100m8[0;1;37;97;47m888[0;37;5;47;107m88888@X[0;1;37;97;47m8[0;34;5;40;100mX[0;34;5;44;104mX@[0;36;5;44;104m8@[0;34;5;44;104m@8@@8[0;1;34;94;44mX[0;36;5;40;100m.[0;1;37;97;47m8[0;37;5;47;107m88[0;1;37;97;47m88888888@@XX[0;37;5;40;100m8[0m
[0;1;30;90;47mt[0;1;37;97;47m8888[0;37;5;47;107m8888@@@[0;36;5;40;100m%[0;1;34;94;44m8[0;34;5;44;104mXX888@8[0;1;34;94;44m888[0;36;5;40;100m%[0;1;37;97;47m%[0;37;5;47;107m8[0;1;37;97;47m8888888@@@XX[0;1;30;90;47mS[0m
[0;1;30;90;47mt[0;1;37;97;47m88888[0;37;5;47;107m88888@[0;1;37;97;47m:[0;34;5;40;100m%[0;1;30;90;44m8[0;1;34;94;44m8[0;34;5;44;104m@8888[0;1;34;94;44m@[0;34;5;44;104m8[0;1;34;94;44m8SS[0;1;30;90;47m8[0;1;37;97;47m8888888@@@XX[0;1;30;90;47mS[0m
[0;37;5;40;100m8[0;1;37;97;47m888888[0;37;5;47;107m888888[0;1;37;97;47m8[0;1;30;90;47m@[0;1;30;90;44m8[0;1;34;94;44m@[0;1;30;90;44m8[0;1;34;94;44m8[0;34;5;44;104m8[0;1;34;94;44m@8[0;34;5;44;104m8[0;1;34;94;44m8@[0;1;30;90;44m%[0;1;34;94;44m8[0;34;5;40;100mS[0;1;37;97;47m;8888@@@XXX[0;37;5;40;100m@[0m
 [0;1;37;97;47m8888888[0;37;5;47;107m8888888[0;1;30;90;44m@[0;1;34;94;44m@S[0;34;5;44;104m8[0;1;34;94;44m8S[0;1;30;90;44mS[0;1;34;94;44mS8X[0;34;5;44;104m8[0;1;34;94;44m@%S[0;1;37;97;47m 888@@XXXS[0;30;5;40;100mS[0m
 [0;1;37;97;47m.888888888[0;37;5;47;107m888[0;1;37;97;47m8[0;1;30;90;44m88[0;1;37;97;47m [0;36;5;40;100m [0;1;34;94;44m8[0;34;5;44;104m8[0;1;34;94;44mS[0;36;5;40;100m:[0;1;34;94;44m%;X8@@[0;1;30;90;44mS[0;1;37;97;47mt8@@@XXS[0;1;30;90;47m [0m 
  [0;1;37;97;47m8888888888888[0;1;34;94;44m8[0;1;37;97;47mS8@[0;1;30;90;44m8[0;1;34;94;44m8[0;1;30;90;44m8[0;1;37;97;47mX[0;1;30;90;44m8[0;1;34;94;44m88S%[0;1;30;90;44m88[0;1;34;94;44mX[0;1;30;90;47m8[0;1;37;97;47m@@XXSS[0;30;5;40;100mX[0m 
  [0;36;5;40;100m [0;1;37;97;47m8888888%[0;36;5;40;100m [0;1;34;94;44m8@8[0;36;5;40;100m:t;[0;1;30;90;47m%[0;1;37;97;47m [0;1;34;94;44mX[0;1;37;97;47m 8S[0;1;30;90;44m8[0;1;34;94;44m88@8[0;1;30;90;44m8[0;1;30;90;47mt@[0;1;37;97;47mSXXSS[0;36;5;40;100m [0m  
   [0;36;5;40;100m [0;1;37;97;47m@88888 [0;1;30;90;47m;[0;1;34;94;44m@[0;1;30;90;47m8[0;1;37;97;47mX8;[0;1;30;90;47m8[0;37;5;40;100m%[0;1;30;90;47m8[0;1;30;90;44m8[0;1;37;97;47m @8X[0;36;5;40;100m [0;1;34;94;44m@@@X[0;36;5;40;100m.[0;1;37;97;47mXXXSS[0;36;5;40;100m [0m   
    [0;36;5;40;100mt[0;1;37;97;47m%@@8888S88[0;1;30;90;47m8[0;1;30;90;44m8[0;1;34;94;44m88[0;1;30;90;47m8X[0;36;5;40;100m.[0;1;34;94;44m@[0;1;30;90;47m8[0;1;37;97;47m@@[0;1;30;90;47m;[0;36;5;40;100m;t[0;1;30;90;44m8[0;1;30;90;47m8[0;1;37;97;47mXSS;[0;36;5;40;100mt[0m    
      [0;37;5;40;100m8[0;1;37;97;47mX@@@@@@8X[0;1;30;90;47mt8[0;1;37;97;47mX@@@@%@@XXXXSSS[0;37;5;40;100m8[0m      
        [0;37;5;40;100m8[0;1;37;97;47mS@@@@@@@@@@@@XXXXXXSSt[0;37;5;40;100m8[0m        
          [0;36;5;40;100m:[0;1;30;90;47m8[0;1;37;97;47mtXXXXXXXXXXXXSS;[0;1;30;90;47m8[0;36;5;40;100m;[0m          
               [0;36;5;40;100m [0;37;5;40;100m8[0;1;30;90;47mXt:;tX[0;37;5;40;100m8[0;36;5;40;100m [0m               
