[0;36;5;40;100m [0;1;30;90;47mXXXXXXXSSSSSSSSSSSS[0;1;31;91;41m;;;;;;:::[0;33;41m:X[0;31;43mX[0;33;41m8[0;1;31;91;41m......[0;30;41mt[0m
[0;37;5;40;100m8[0;36;5;40;100m [0;37;5;40;100m8X[0;36;5;40;100m [0;37;5;40;100m8Xt[0;1;30;90;47m%  .[0;36;5;40;100m [0;1;30;90;47m88[0;36;5;40;100m [0;1;30;90;47m88[0;37;5;40;100mt[0;1;30;90;47m;[0;1;31;91;41mXXXXXXXS[0;33;41mS[0;1;30;90;43m::[0;33;5;43;103mt[0;1;33;93;43m@[0;31;43m@[0;1;31;91;41m%[0;33;41mX[0;1;31;91;41mttt[0;30;41m:[0m
[0;37;5;40;100m8[0;1;30;90;44mS:;[0;1;34;94;44m;[0;1;30;90;44mtt%[0;1;30;90;47mS[0;1;37;97;47m..[0;1;30;90;47m.[0;1;30;90;44m@XXXXSX[0;1;30;90;47m;[0;1;31;91;41m@XS[0;1;30;90;43mt;[0;1;31;91;41m%XS[0;33;41mX[0;31;43mt[0;33;5;43;103m@[0;1;33;93;43m@[0;33;5;43;103m@[0;1;30;90;43m.[0;31;43m8%[0;1;31;91;41m%%t[0;30;41m:[0m
[0;37;5;40;100m8[0;1;30;90;47mt[0;1;30;90;44m8[0;30;44mS[0;1;30;90;44mt%X[0;1;30;90;47mX[0;1;37;97;47m..::[0;1;30;90;47m:[0;34;5;40;100m8[0;1;30;90;44m@8@8[0;1;30;90;47m%[0;1;37;97;47m.[0;1;31;91;41m@@X[0;31;43mX[0;1;33;93;43m:[0;33;5;43;103mX[0;1;33;93;43m;[0;33;5;43;103m@S[0;1;33;93;43m8[0;33;5;43;103m@%%[0;33;41m@[0;31;43mX[0;1;31;91;41m%%%%[0;30;41m.[0m
[0;37;5;40;100m8[0;1;30;90;47m.[0;36;5;40;100m [0;1;30;90;44mt%S[0;34;5;40;100mS[0;1;37;97;47m.::;;;[0;37;5;40;100mt[0;1;30;90;44m888[0;36;5;40;100m.[0;1;37;97;47m;:[0;1;31;91;41m8@@@X[0;33;41m@[0;31;43m%[0;1;33;93;43mS[0;33;5;43;103mSSt@[0;31;43m8[0;1;31;91;41m%[0;31;43m@[0;1;31;91;41m%%%%[0;30;41m.[0m
[0;37;5;40;100m8[0;1;30;90;47m [0;36;5;40;100m:[0;1;34;94;44mt[0;36;44mt[0;1;30;90;44mX[0;34;5;40;100m@[0;1;37;97;47m:;;ttt[0;36;5;40;100m [0;1;30;90;44m888[0;36;5;40;100m:[0;1;37;97;47mt;[0;1;31;91;41m88@[0;33;41m@[0;1;33;93;43mt;[0;33;5;43;103mS[0;1;33;93;43mt[0;31;43m%[0;1;33;93;43m@[0;33;5;43;103mXX[0;31;43m%[0;1;31;91;41mS[0;33;41m8S[0;1;31;91;41m%%%[0;30;41m.[0m
[0;1;30;90;47m88[0;1;30;90;44m%S88@[0;37;5;40;100mS[0;1;37;97;47m;t%%[0;1;30;90;47mS[0;34;5;40;100mXS[0;36;5;40;100m;[0;34;5;40;100mS[0;1;30;90;44m8[0;1;30;90;47m8[0;1;37;97;47mt[0;1;31;91;41m888[0;33;41m8[0;1;30;90;43mS[0;31;43mX[0;33;41m@[0;1;31;91;41mXX[0;31;43mS[0;1;33;93;43m@[0;33;5;43;103mtt[0;31;43m%[0;1;31;91;41mS[0;31;43m%[0;1;31;91;41m%%%[0;30;41m.[0m
[0;36;5;40;100m [0;1;30;90;44m%%[0;34;5;40;100m8[0;36;5;40;100m;[0;34;5;40;100m%[0;1;30;90;44m88[0;1;30;90;47m8[0;1;37;97;47m%%[0;1;30;90;47mS[0;34;5;40;100mS[0;36;5;40;100m%   [0;34;5;40;100mS[0;1;30;90;44m8[0;1;30;90;47m8[0;1;31;91;41m8888@@@[0;33;41m8[0;33;5;43;103m%;S@t[0;1;33;93;43m:[0;31;43m8[0;33;41mX[0;1;31;91;41m%%%[0;30;41m.[0m
[0;36;5;40;100mt[0;1;34;94;44m;[0;1;30;90;44m%[0;34;5;40;100m8[0;36;5;40;100m;%[0;1;30;90;44m88[0;37;5;40;100m;[0;1;37;97;47m%%[0;1;30;90;47m8[0;36;5;40;100m%t [0;37;5;40;100mS[0;36;5;40;100m [0;34;5;40;100mS[0;1;30;90;44m8[0;1;30;90;47m8[0;1;31;91;41m8888@@@X[0;33;5;43;103mXX[0;1;31;91;41m%[0;1;33;93;43m@[0;33;5;43;103mt[0;1;31;91;43m8[0;1;31;91;41m%S%%%[0;30;41m.[0m
[0;30;44mX[0;1;30;90;44mt%SX@888[0;36;5;40;100m  ;%ttt%[0;34;5;40;100mSXS[0;1;31;91;41m8888@[0;31;43m@S[0;1;33;93;43mS;[0;31;43mX[0;1;31;91;41mXS[0;33;41m8[0;1;33;93;43m;[0;33;5;43;103m@[0;33;41m%[0;1;31;91;41m%%%[0;30;41m.[0m
[0;30;44mX[0;34;5;40;100m@[0;36;5;40;100m  [0;1;30;90;44m8@[0;36;5;40;100m.[0;37;5;40;100m%[0;36;5;40;100m [0;34;5;40;100mXX[0;37;5;40;100m%[0;1;30;90;47m8[0;37;5;40;100mS[0;36;5;40;100m%;[0;37;5;40;100mX[0;1;30;90;47m8[0;36;5;40;100m [0;34;5;40;100m8[0;1;31;91;41m8888X[0;33;41m8[0;31;43mS@[0;1;31;91;41mXXX[0;33;41m8[0;31;43m@[0;1;33;93;43mS:[0;1;31;91;41m%%%%[0;30;41m.[0m
[0;34;40m@[0;1;30;90;47m8SS[0;35;5;40;100m [0;34;5;40;100mX[0;1;30;90;47mt;;[0;35;5;40;100m.t[0;1;37;97;47m   [0;35;5;40;100m; [0;1;37;97;47m   [0;35;5;40;100m8%[0;1;30;90;41m888888[0;1;31;91;41mXXXX[0;1;30;90;41m8[0;1;30;90;43m8[0;31;43m8[0;33;41m8[0;1;31;91;41mS%%%[0;1;30;90;41mt[0m
[0;30;41m@[0;1;31;91;41mXXX@@@@8888[0;33;41m8[0;1;30;90;43m8[0;1;33;93;43mSS[0;31;43m@[0;1;31;91;41m888[0;1;37;97;47m::..  [0;1;30;90;47m  ....:::;;;t[0;36;5;40;100m:[0m
 [0;1;31;91;41mXXXXXX[0;33;41mX[0;1;31;91;41mX@8[0;33;41m@[0;1;30;90;43m88[0;33;5;43;103mS%[0;1;33;93;43mX[0;1;31;91;41m@[0;1;30;90;43m@[0;33;41mX[0;1;30;90;47m:[0;1;30;90;44m8[0;36;5;40;100m;t[0;1;30;90;44m8[0;36;5;40;100mt[0;34;5;40;100mX[0;1;30;90;44m8[0;1;30;90;47mX..%[0;1;30;90;44mS[0;34;5;40;100mXX[0;1;30;90;44m%[0;34;5;40;100m@[0;1;30;90;44m8X[0m 
 [0;1;30;90;41m:[0;1;31;91;41mXXXX[0;33;41m8[0;33;5;43;103m8@[0;31;43mX[0;33;41m8[0;1;30;90;43mXX[0;33;5;43;103m%ttS[0;31;43m8[0;1;30;90;43mS[0;1;31;91;41m@[0;1;30;90;47m.[0;34;5;40;100mS[0;1;30;90;44m%ttt;8[0;1;30;90;47mt.:;[0;34;5;40;100m8[0;30;44m;;t;%8[0m 
  [0;1;31;91;41mSXXXXX[0;31;43m8[0;1;33;93;43mt@[0;33;5;43;103mS%X%S[0;31;43m@S[0;1;31;91;41mXX[0;1;30;90;47m .[0;1;30;90;44m8[0;30;44m%S%[0;1;30;90;44mS[0;1;30;90;47m:.:::;[0;1;30;90;44m8[0;30;44mXXX8[0m  
  [0;30;41m8[0;1;31;91;41mSXXXS[0;33;41m8[0;31;43m8[0;1;33;93;43mtX[0;33;5;43;103m@@@[0;1;30;90;43mt[0;1;31;91;41mX[0;31;43m8[0;1;31;91;41mXX[0;1;30;90;47m .[0;36;5;40;100m:[0;1;30;90;44m;::[0;36;5;40;100m%[0;1;30;90;47m::::;;[0;36;5;40;100m:[0;1;30;90;44m..[0;30;44m.[0;34;40m@[0m  
   [0;30;41mS[0;1;31;91;41mSSS[0;31;43m8[0;1;33;93;43m@t[0;31;43m8[0;1;31;91;41mSX[0;1;33;93;43m:[0;33;5;43;103mtt[0;31;43mS[0;1;31;91;41mX[0;31;43mS[0;1;31;91;41mS[0;1;30;90;47m.:[0;1;30;90;44m@:::S[0;1;30;90;47mt:;;;t[0;1;30;90;44m@. [0;30;44m8[0m   
    [0;30;41mX[0;1;31;91;41mSSS%SS[0;31;43m8[0;33;5;43;103mXt@;X[0;31;43m8S[0;1;31;91;41mS[0;1;30;90;47m;[0;34;5;40;100mS[0;1;30;90;44m:%[0;34;5;40;100m8[0;1;30;90;44m%:[0;34;5;40;100m8[0;1;30;90;47m%;;%[0;34;5;40;100mX[0;1;30;90;44m.[0;30;44mt[0;34;40m@[0m    
     [0;31;40m8[0;1;31;91;41mtSSSS[0;31;43m@[0;33;5;43;103mt[0;1;33;93;43m.[0;1;30;90;43m:[0;33;5;43;103mt[0;1;33;93;43m%[0;1;31;91;41mSSS[0;36;5;40;100m [0;1;34;94;44m:[0;1;30;90;44m:@[0;30;5;40;100m@8[0;30;44m:[0;1;34;94;44m:[0;36;5;40;100mt[0;1;30;90;47m;t[0;36;5;40;100m.[0;1;34;94;44m.[0;30;44mt[0;34;40m%[0m     
       [0;1;30;90;41m.[0;1;31;91;41m%%[0;33;41mX[0;1;33;93;43mt@[0;33;41m8[0;1;31;91;41mS[0;31;43mS[0;1;33;93;43m;S[0;33;41m8[0;1;31;91;41mS[0;36;5;40;100mt[0;1;34;94;44m:[0;1;30;90;44m:S[0;34;5;40;100m8[0;1;30;90;44mS.[0;1;34;94;44m:[0;34;5;40;100mX[0;1;30;90;47mt%[0;36;5;40;100mt[0;30;44m%[0m       
        [0;31;40m@[0;1;30;90;43m.[0;31;43m;8[0;1;31;91;41m%%%[0;33;41mX[0;31;43mX[0;33;5;43;103mX[0;33;41m@[0;1;31;91;41m%[0;30;44mS;S%;;%S%;S[0;34;40m%[0m        
          [0;30;41m8[0;1;31;91;41m:%%t[0;33;41m8[0;31;43m@[0;33;41m8[0;1;31;91;41m%%[0;30;44mX[0;36;5;40;100m [0;37;5;40;100mX%[0;1;30;90;44m@[0;30;44mS[0;36;5;40;100m [0;37;5;40;100mS[0;36;5;40;100m:[0;34;40mS[0m          
             [0;30;41m:[0;1;31;91;41m%%%%%%[0;34;5;40;100mS[0;1;30;90;47m%%%[0;36;5;40;100m ;[0;37;5;40;100mX[0m             
               [0;30;41m8 [0;1;31;91;41mttt[0;1;30;90;47m%%%[0;37;5;40;100m8[0;36;5;40;100m:[0m               
                  [0;30;41m8;[0;36;5;40;100m t[0m                  
