[0;36;5;40;100m [0;1;30;90;47mXXXXXXXSSSSSSSSSSSS[0;31;5;41;101m@[0;33;41mX[0;1;31;91;41m8[0;31;5;41;101m@@8[0;33;41mX[0;31;5;41;101m888888[0;33;41mS[0;1;31;91;41m8[0;31;5;41;101m88[0;1;31;91;41mS[0;33;41mS%[0m
[0;37;5;40;100m8[0;36;5;40;100m [0;37;5;40;100m8X[0;36;5;40;100m [0;37;5;40;100m8Xt[0;1;30;90;47m%  .[0;36;5;40;100m [0;1;30;90;47m88[0;36;5;40;100m [0;1;30;90;47m88[0;37;5;40;100mt[0;1;30;90;47m;[0;31;5;41;101m;X[0;31;40m8[0;1;30;90;41mt[0;31;5;41;101m8;[0;33;41mS[0;30;41m8[0;33;41mX[0;31;5;41;101mX@[0;33;41mS[0;31;40m8[0;33;41mS[0;31;5;41;101mS[0;1;31;91;41m8[0;1;30;90;41mS[0;31;40m@[0;31;5;41;101m@[0;1;31;91;41mX[0m
[0;37;5;40;100m8[0;1;30;90;44mS:;[0;1;34;94;44m;[0;1;30;90;44mtt%[0;1;30;90;47mS[0;1;37;97;47m..[0;1;30;90;47m.[0;1;30;90;44m@XXXXSX[0;1;30;90;47m;[0;33;5;41;101m;[0;31;5;41;101mt8;;;%X;;;t8SttS[0;1;31;91;41m8[0;31;5;41;101mX[0;1;31;91;41mX[0m
[0;37;5;40;100m8[0;1;30;90;47mt[0;1;30;90;44m8[0;30;44mS[0;1;30;90;44mt%X[0;1;30;90;47mX[0;1;37;97;47m..::[0;1;30;90;47m:[0;34;5;40;100m8[0;1;30;90;44m@8@8[0;1;30;90;47m%[0;1;37;97;47m.[0;33;5;41;101m:[0;31;5;41;101m8[0;1;30;90;41m@[0;33;41m@[0;31;5;41;101mX[0;33;41mX[0;31;40m@@XX@XXX[0;33;41mS[0;31;5;41;101m8[0;33;41m%[0;31;40mX[0;1;31;91;41m8X[0m
[0;37;5;40;100m8[0;1;30;90;47m.[0;36;5;40;100m [0;1;30;90;44mt%S[0;34;5;40;100mS[0;1;37;97;47m.::;;;[0;37;5;40;100mt[0;1;30;90;44m888[0;36;5;40;100m.[0;1;37;97;47m;:[0;33;5;41;101m::[0;31;43m8[0;33;5;41;101mS%[0;1;30;90;41m%[0;34;40m;[0;1;30;90;40mS@[0;34;40m;[0;1;30;90;40m8[0;34;40m.;:[0;33;41m%[0;31;5;41;101mS8[0;1;31;91;41m@[0;31;5;41;101m%[0;1;31;91;41mX[0m
[0;37;5;40;100m8[0;1;30;90;47m [0;36;5;40;100m:[0;1;34;94;44mt[0;36;44mt[0;1;30;90;44mX[0;34;5;40;100m@[0;1;37;97;47m:;;ttt[0;36;5;40;100m [0;1;30;90;44m888[0;36;5;40;100m:[0;1;37;97;47mt;[0;33;5;41;101m:[0;31;43m8[0;1;30;90;41m8[0;31;5;41;101m8[0;33;5;41;101m;[0;1;30;90;41mS[0;34;40m;;[0;1;30;90;40m8[0;30;5;40;100m8[0;36;5;40;100m;[0;1;30;90;40m@[0;34;40m:.[0;33;41m%[0;31;5;41;101m%[0;1;31;91;41mX[0;30;41m@[0;1;31;91;41m8X[0m
[0;1;30;90;47m88[0;1;30;90;44m%S88@[0;37;5;40;100mS[0;1;37;97;47m;t%%[0;1;30;90;47mS[0;34;5;40;100mXS[0;36;5;40;100m;[0;34;5;40;100mS[0;1;30;90;44m8[0;1;30;90;47m8[0;1;37;97;47mt[0;33;5;41;101m.:[0;33;5;40;100m8[0;33;41m8[0;33;5;41;101m8[0;1;31;91;41m8[0;31;40mt[0;34;40m;:[0;30;5;40;100m@8[0;34;40m:.[0;31;40m:[0;31;5;41;101m8[0;1;31;91;41m8[0;33;41mSS[0;31;5;41;101m%[0;1;31;91;41mX[0m
[0;36;5;40;100m [0;1;30;90;44m%%[0;34;5;40;100m8[0;36;5;40;100m;[0;34;5;40;100m%[0;1;30;90;44m88[0;1;30;90;47m8[0;1;37;97;47m%%[0;1;30;90;47mS[0;34;5;40;100mS[0;36;5;40;100m%   [0;34;5;40;100mS[0;1;30;90;44m8[0;1;30;90;47m8[0;33;5;41;101m.[0;1;31;91;43m8[0;33;41m8[0;33;5;41;101mt:;[0;33;41m@[0;31;40m%[0;30;5;40;100m8[0;36;5;40;100m  [0;1;30;90;40m8[0;31;40m%[0;1;31;91;41mX[0;31;5;41;101mttX[0;33;41m%[0;1;31;91;41m8@[0m
[0;36;5;40;100mt[0;1;34;94;44m;[0;1;30;90;44m%[0;34;5;40;100m8[0;36;5;40;100m;%[0;1;30;90;44m88[0;37;5;40;100m;[0;1;37;97;47m%%[0;1;30;90;47m8[0;36;5;40;100m%t [0;37;5;40;100mS[0;36;5;40;100m [0;34;5;40;100mS[0;1;30;90;44m8[0;1;30;90;47m8[0;33;5;41;101m.:[0;31;5;40;100m8[0;33;41m8[0;33;5;41;101m8;;[0;31;5;41;101m%[0;33;41mS[0;31;40m@8[0;33;41mS[0;31;5;41;101m%;%[0;1;31;91;41m8[0;1;30;90;41mXX[0;31;5;41;101m%[0;1;31;91;41m@[0m
[0;30;44mX[0;1;30;90;44mt%SX@888[0;36;5;40;100m  ;%ttt%[0;34;5;40;100mSXS[0;33;5;41;101m.8[0;1;31;91;43m8[0;33;5;41;101m::t[0;33;41m8[0;31;5;41;101mt;;;;S[0;33;41mX[0;31;5;41;101mttt[0;33;41mS[0;1;31;91;41m8@[0m
[0;30;44mX[0;34;5;40;100m@[0;36;5;40;100m  [0;1;30;90;44m8@[0;36;5;40;100m.[0;37;5;40;100m%[0;36;5;40;100m [0;34;5;40;100mXX[0;37;5;40;100m%[0;1;30;90;47m8[0;37;5;40;100mS[0;36;5;40;100m%;[0;37;5;40;100mX[0;1;30;90;47m8[0;36;5;40;100m [0;34;5;40;100m8[0;33;5;41;101m.t[0;31;5;40;100m8[0;1;30;90;41m8[0;33;5;41;101m8;[0;33;41m8[0;30;41m8[0;33;41m@[0;31;5;41;101mSX[0;33;41mX[0;31;40m8[0;33;41mX[0;31;5;41;101m%[0;1;31;91;41m8[0;1;30;90;41mX[0;30;41m8[0;31;5;41;101mS[0;1;31;91;41mX[0m
[0;34;40m@[0;37;5;40;100m8[0;1;30;90;47mSS[0;36;5;40;100m [0;1;30;90;44m@[0;1;30;90;47mtt;[0;36;5;40;100m t[0;1;30;90;47m...[0;36;5;40;100m: [0;1;30;90;47m..:[0;34;5;40;100m8[0;33;5;41;101m;t[0;1;31;91;43m8[0;33;5;41;101mtt%XX%%%%@XSSX[0;1;31;91;43m8[0;33;5;41;101mX[0;33;41mX[0m
[0;34;40m.:;;[0;1;30;90;40m%SX@[0;30;5;40;100m8[0;1;30;90;41m88[0;31;5;40;100m8[0;1;30;90;47m@%%[0;30;5;40;100mS88[0;1;30;90;40m88[0;1;37;97;47m::..  [0;1;30;90;47m  ....:::;;;t[0;36;5;40;100m:[0m
 [0;34;40m::;;[0;1;30;90;40m%SX[0;1;31;91;41m@[0;1;30;90;41m@[0;1;30;90;40m@8[0;30;5;40;100m8[0;36;5;40;100mt[0;1;37;97;47m%[0;1;30;90;47m [0;1;30;90;40m88@@[0;1;30;90;47m:[0;1;30;90;44m8[0;36;5;40;100m;t[0;1;30;90;44m8[0;36;5;40;100mt[0;34;5;40;100mX[0;1;30;90;44m8[0;1;30;90;47mX..%[0;1;30;90;44mS[0;34;5;40;100mXX[0;1;30;90;44m%[0;34;5;40;100m@[0;1;30;90;44m8X[0m 
 [0;34;40m.::;;;[0;1;30;90;40m%[0;1;30;90;41mSS[0;31;40m@[0;1;30;90;40mXX[0;36;5;40;100m:[0;1;37;97;47m8[0;37;5;40;100m8[0;1;30;90;40mXXXS[0;1;30;90;47m.[0;34;5;40;100mS[0;1;30;90;44m%ttt;8[0;1;30;90;47mt.:;[0;34;5;40;100m8[0;30;44m;;t;%8[0m 
  [0;34;40m::::;;[0;31;40m;[0;30;41m@[0;1;30;90;41m8[0;1;30;90;47mX[0;1;37;97;47mS[0;1;30;90;47m:[0;36;5;40;100m:[0;1;30;90;40mSSS%[0;34;40m;[0;1;30;90;47m .[0;1;30;90;44m8[0;30;44m%S%[0;1;30;90;44mS[0;1;30;90;47m:.:::;[0;1;30;90;44m8[0;30;44mXXX8[0m  
  [0;34;40m.::::::[0;36;5;40;100m [0;37;5;47;107m@[0;35;5;40;100m [0;1;30;90;41m%[0;1;31;91;41m8[0;31;40mX[0;34;40m;;;;;[0;1;30;90;47m .[0;36;5;40;100m:[0;1;30;90;44m;::[0;36;5;40;100m%[0;1;30;90;47m::::;;[0;36;5;40;100m:[0;1;30;90;44m..[0;30;44m.[0;34;40m@[0m  
   [0;34;40m..::::[0;36;5;40;100m [0;37;5;47;107m8[0;35;5;40;100m;[0;30;41mS[0;1;31;91;41m8[0;31;40mS[0;34;40m:::::[0;1;30;90;47m.:[0;1;30;90;44m@:::S[0;1;30;90;47mt:;;;t[0;1;30;90;44m@. [0;30;44m8[0m   
    [0;34;40m.....:[0;1;30;90;41m@[0;1;31;91;41mt[0;1;30;90;47m8[0;31;5;40;100mS[0;34;40m::::::[0;1;30;90;47m;[0;34;5;40;100mS[0;1;30;90;44m:%[0;34;5;40;100m8[0;1;30;90;44m%:[0;34;5;40;100m8[0;1;30;90;47m%;;%[0;34;5;40;100mX[0;1;30;90;44m.[0;30;44mt[0;34;40m@[0m    
     [0;34;40m ....[0;1;30;90;41m:[0;30;41m@[0;1;30;90;47mS[0;37;5;40;100mX[0;34;40m......[0;36;5;40;100m [0;1;34;94;44m:[0;1;30;90;44m:@[0;30;5;40;100m@8[0;30;44m:[0;1;34;94;44m:[0;36;5;40;100mt[0;1;30;90;47m;t[0;36;5;40;100m.[0;1;34;94;44m.[0;30;44mt[0;34;40m%[0m     
       [0;34;40m...[0;31;40m:[0;1;30;90;47mX[0;35;5;40;100m;[0;34;40m.......[0;36;5;40;100mt[0;1;34;94;44m:[0;1;30;90;44m:S[0;34;5;40;100m8[0;1;30;90;44mS.[0;1;34;94;44m:[0;34;5;40;100mX[0;1;30;90;47mt%[0;36;5;40;100mt[0;30;44m%[0m       
        [0;34;40m ..[0;35;5;40;100m [0;30;41m@[0;34;40m.......[0;30;44mS;S%;;%S%;S[0;34;40m%[0m        
          [0;34;40m [0;31;40m;.[0;34;40m.......[0;30;44mX[0;36;5;40;100m [0;37;5;40;100mX%[0;1;30;90;44m@[0;30;44mS[0;36;5;40;100m [0;37;5;40;100mS[0;36;5;40;100m:[0;34;40mS[0m          
             [0;34;40m       [0;34;5;40;100mS[0;1;30;90;47m%%%[0;36;5;40;100m ;[0;37;5;40;100mX[0m             
               [0;34;40m     [0;1;30;90;47m%%%[0;37;5;40;100m8[0;36;5;40;100m:[0m               
                  [0;34;40m  [0;36;5;40;100m t[0m                  
