[0;1;30;90;44m.[0;1;34;94;44mSSSSSSSSXXXXX[0;35;44mS[0;35;41m@[0;1;31;91;41mXXXX[0;1;30;90;42m;;::::[0;30;42m;;;;;;;tttttt@[0m
[0;1;34;94;44m;[0;1;30;90;44m8[0;1;34;94;44m%[0;1;30;90;44m@8[0;1;34;94;44mt[0;1;30;90;44m88[0;1;34;94;44m@[0;34;5;44;104m88[0;1;34;94;44m8[0;35;5;40;100mS[0;1;30;90;45mS[0;31;5;41;101m888888[0;1;30;90;42mtt[0;32;43m8[0;1;30;90;43m;;;::::::.[0;32;43mtttt[0;33;42mX[0;30;42m:S[0m
[0;1;34;94;44m;[0;36;5;40;100m [0;37;5;40;100m@@8888[0;1;34;94;44m@[0;34;5;44;104m88[0;1;30;90;45mS[0;31;5;41;101m8888888[0;31;45m@[0;1;30;90;42m%%[0;1;30;90;43mt[0;33;5;43;103m;[0;1;33;93;43mX[0;1;30;90;43m;[0;33;5;43;103mX[0;1;30;90;43m::[0;33;5;43;103mtt[0;1;30;90;43m.:[0;33;5;43;103mS[0;1;30;90;43m.[0;1;33;93;43m@[0;33;5;43;103m%[0;32;43mS[0;30;42m.S[0m
[0;1;34;94;44m;@[0;36;5;40;100mt   .[0;1;34;94;44mX[0;34;5;44;104m8[0;35;44m8[0;31;45m@[0;31;5;41;101m88@@@8[0;1;31;91;41m8[0;1;30;90;45m@[0;34;5;44;104m8[0;1;30;90;42mXS[0;1;30;90;43m%[0;33;5;43;103m%[0;1;30;90;43m%[0;1;33;93;43mXS[0;1;30;90;43m:;[0;33;5;43;103mX8[0;32;43mS[0;1;33;93;43m@[0;1;30;90;43m.:.[0;33;5;43;103mS[0;32;43mS[0;30;42m.S[0m
[0;1;34;94;44m;[0;34;5;44;104m8[0;34;5;40;100m@[0;37;5;40;100mSXX[0;36;5;40;100m [0;34;5;44;104m8[0;1;30;90;45m@[0;31;5;41;101m8@@@@@@[0;35;5;40;100m  [0;34;5;44;104m@@[0;1;30;90;42m@X[0;1;30;90;43mS[0;33;5;43;103mt[0;1;30;90;43m%tt;[0;33;5;43;103mS;X[0;1;30;90;43m:...[0;33;5;43;103m%%[0;32;43mS[0;30;42m.S[0m
[0;1;34;94;44m;[0;34;5;44;104m8[0;36;5;40;100mt[0;1;30;90;47m888[0;35;5;40;100m:[0;1;31;91;41m8[0;31;5;41;101m@@@XXX[0;35;5;40;100m [0;1;30;90;47mS%[0;37;5;40;100mX[0;34;5;44;104mX@[0;1;30;90;42m88[0;1;30;90;43mX[0;33;5;43;103m:;;[0;1;33;93;43m@[0;33;5;43;103m%8;;S%[0;1;33;93;43mS[0;33;5;43;103m%t%[0;32;43mS[0;30;42m.S[0m
[0;1;34;94;44m;[0;1;30;90;44m8[0;37;5;40;100m8@[0;35;5;40;100m [0;1;31;91;41m@[0;31;5;41;101m8@@XXX[0;35;5;41;101m8[0;1;30;90;47m8X[0;37;5;40;100m8[0;1;30;90;47m@%[0;36;5;40;100m [0;34;5;44;104mX[0;1;30;90;42m88[0;1;30;90;43m@[0;33;5;43;103m::;;[0;1;33;93;43m8[0;32;43m@[0;1;30;90;43m;[0;1;33;93;43mS[0;32;43m8[0;33;5;43;103m8tSt%[0;32;43m%[0;1;30;90;42m.[0;30;42mS[0m
[0;1;30;90;44m@[0;37;5;40;100m8[0;35;5;40;100m [0;1;30;90;41m8[0;31;5;41;101m88@@XX[0;35;5;41;101m8[0;35;5;40;100m [0;1;30;90;47m;X[0;37;5;40;100m@[0;36;5;40;100m [0;37;5;40;100mS[0;1;30;90;47mXt[0;36;5;40;100m [0;1;30;90;42m88[0;1;30;90;43m8[0;33;5;43;103m::;;[0;1;30;90;43mt;[0;1;33;93;43mX[0;1;30;90;43m::[0;33;5;43;103m8ttt%[0;32;43m%[0;1;30;90;42m.[0;30;42mS[0m
[0;34;5;40;100m8[0;35;5;40;100m:[0;1;31;91;41m8[0;31;5;41;101m888@@@[0;1;30;90;45m8[0;35;5;44;104m8[0;37;5;40;100m;[0;1;30;90;47m;S[0;37;5;40;100m8SX[0;1;30;90;47mSt[0;37;5;40;100m;[0;1;30;90;42m88[0;1;30;90;43m8[0;33;5;43;103m::;;%[0;1;33;93;43m@[0;1;30;90;43m;[0;1;33;93;43m@[0;33;5;43;103mStttt%[0;32;43m%[0;1;30;90;42m.[0;30;42mS[0m
[0;1;30;90;41m;[0;31;5;41;101m88888@[0;35;5;40;100m%[0;37;5;40;100m@S[0;1;30;90;47m88SS%SSXX[0;37;5;40;100m@[0;1;30;90;42m88[0;1;30;90;43m8[0;33;5;43;103m::;;;;S[0;1;33;93;43m8[0;33;5;43;103m;tttt%[0;32;43mS[0;1;30;90;42m.[0;30;42mS[0m
[0;1;31;91;41m;[0;31;5;41;101m88888[0;35;5;40;100mX;[0;36;5;40;100m [0;37;5;40;100m88t[0;36;5;40;100m [0;37;5;40;100m%[0;1;30;90;47m88[0;37;5;40;100m;[0;36;5;40;100m [0;37;5;40;100mt@[0;1;30;90;42m88[0;32;43m8[0;1;30;90;43m@XS%%[0;32;43m%SSSSSXXX[0;33;42m%[0;1;30;90;42m.[0;30;42mS[0m
[0;1;30;90;41m%[0;1;31;91;41mSS[0;33;41mX[0;31;5;40;100m@[0;33;5;40;100mt[0;36;44m@88[0;36;5;40;100mt.[0;34;46m888[0;36;5;40;100m :[0;34;46m888[0;36;5;40;100m.88[0;1;30;90;42m@@XS%[0;36;42m@XXXXSSS[0;1;30;90;42m@[0;33;42mSS%[0;30;42m8[0m
[0;32;40m8[0;1;30;90;42m;t%%SX@@88888888888[0;34;5;44;104m@8888888888[0;1;34;94;44m888[0;35;44m8[0;35;41mS[0;1;31;91;41m888[0;30;41mX[0m
 [0;1;30;90;42m;;[0;33;42m8[0;1;30;90;43m%%SXXX@@@88888[0;1;30;90;42m@@[0;1;34;94;44m8[0;37;5;40;100m@[0;36;5;40;100m  [0;37;5;40;100mX[0;36;5;40;100m. [0;37;5;40;100mS[0;1;34;94;44mX[0;34;5;44;104m8[0;1;34;94;44m8@[0;35;5;40;100m.[0;35;41m8[0;1;31;91;41m88888[0m 
 [0;30;42mS[0;1;30;90;42m;[0;33;42m%[0;33;5;43;103mS;[0;1;33;93;43mS[0;1;30;90;43m%[0;1;33;93;43m8[0;1;30;90;43mS[0;1;33;93;43mX[0;33;5;43;103m:[0;1;33;93;43m8[0;1;30;90;43mX[0;1;33;93;43m8[0;1;30;90;43mX[0;1;33;93;43mS[0;1;30;90;43mX[0;1;30;90;42mXS[0;1;34;94;44m8[0;36;5;40;100m;     t[0;1;34;94;44m888[0;1;30;90;45m:[0;1;31;91;41m888888.[0m 
  [0;1;30;90;42m::[0;32;43mS[0;33;5;43;103m;[0;1;30;90;43mt[0;1;33;93;43m8[0;1;30;90;43mt%[0;33;5;43;103m8;[0;1;30;90;43m%[0;1;33;93;43m@[0;1;30;90;43m%S[0;33;5;43;103m8[0;1;30;90;43m%[0;1;30;90;42m%%[0;34;5;44;104m88[0;34;5;40;100m%[0;36;5;40;100m   [0;34;5;40;100m%[0;1;34;94;44m88[0;34;45m8[0;1;31;91;41mS888888[0;35;41mt[0m  
  [0;32;40m8[0;1;30;90;42m::[0;1;30;90;43m;[0;33;5;43;103mt8[0;1;33;93;43m%[0;33;5;43;103m%;;;@[0;1;33;93;43mS[0;33;5;43;103m%;[0;1;30;90;43mt[0;1;30;90;42mtt[0;34;5;44;104m88[0;34;5;40;100mS[0;37;5;40;100mXX@[0;34;5;40;100mS[0;35;44mS[0;35;41m8[0;1;31;91;41m888888X[0;35;5;40;100m:[0;1;30;90;40m8[0m  
   [0;30;42m8[0;1;30;90;42m::[0;1;30;90;43m:[0;33;5;43;103m;S[0;1;33;93;43m@[0;1;30;90;43m;[0;33;5;43;103mX[0;1;30;90;43m;[0;33;5;43;103m8SS;[0;1;30;90;43m;[0;1;30;90;42m;;[0;34;5;44;104m8[0;1;34;94;44m8[0;36;5;40;100m [0;37;5;40;100m@@X[0;1;30;90;41m8[0;1;31;91;41m888888@[0;31;5;40;100mX[0;37;5;40;100mS[0;30;5;40;100mS[0m   
    [0;30;42m8[0;1;30;90;42m::[0;32;43mX[0;33;5;43;103m%[0;1;30;90;43m::[0;1;33;93;43m%[0;1;30;90;43m::[0;33;5;43;103m;;;[0;1;30;90;43m:[0;1;30;90;42m::[0;1;34;94;44m8[0;36;5;40;100m;[0;37;5;40;100mX[0;35;5;40;100m [0;31;5;40;100m@[0;1;31;91;41m8888888[0;1;30;90;41m8[0;35;5;40;100m [0;36;5;40;100m [0;1;30;90;40m8[0m    
     [0;32;40mX[0;1;30;90;42m::[0;33;42mX[0;1;30;90;43m:[0;1;33;93;43mS[0;1;30;90;43m:[0;1;33;93;43mS[0;33;5;43;103mtttt[0;1;30;90;43m:[0;1;30;90;42m::[0;34;5;40;100mX[0;37;5;40;100m8[0;35;5;40;100m:[0;1;31;91;41mS888888[0;35;41mS[0;35;5;40;100m8[0;37;5;40;100mX[0;36;5;40;100m [0;1;30;90;40mX[0m     
       [0;30;42mS[0;1;30;90;42m.:[0;32;43m%[0;1;33;93;43mX[0;33;5;43;103mXtttt[0;1;30;90;43m.[0;1;30;90;42m::[0;35;5;40;100m@[0;1;30;90;41m8[0;1;31;91;41m888888X[0;34;45m8[0;1;34;94;44m@[0;34;5;40;100m@[0;36;5;40;100m [0m       
        [0;32;40mX[0;30;42m;[0;1;30;90;42m.[0;33;42m;[0;1;30;90;43m.[0;33;5;43;103mX%%%[0;1;30;90;43m.[0;1;30;90;42m..[0;1;31;91;41mX88888@[0;1;30;90;41mX[0;35;5;40;100m:[0;36;5;40;100m .[0;1;30;90;40mS[0m        
          [0;32;40m@[0;30;42mt[0;1;30;90;42m.[0;33;42m:[0;32;43m%[0;1;33;93;43m8[0;33;5;43;103m%[0;1;30;90;43m [0;1;30;90;42m..[0;1;31;91;41m88888;[0;35;44m@[0;1;30;90;44mX@[0;1;30;90;40m@[0m          
             [0;30;42mS..[0;33;42m8[0;32;43m8[0;30;42m..[0;1;31;91;41m@@@%[0;1;30;90;45m;[0;1;30;90;44mS[0;1;34;94;44m.[0m             
               [0;32;40m8[0;30;42m%:::[0;1;31;91;41m@@[0;31;45m@[0;1;34;94;44m:[0;30;44mS[0m               
                  [0;32;40m@[0;30;42mX[0;30;41m.[0;34;40m@[0m                  
