[0;36;5;40;100m [0;1;30;90;47mXXXXXXXSSSSSSSSSSSS[0;1;31;91;41mSX[0;1;30;90;47mX:8[0;1;30;90;41m8[0;1;31;91;41mS[0;1;30;90;41m8[0;1;30;90;47mX[0;1;37;97;47m@X[0;1;30;90;47mX[0;1;30;90;41m@[0;1;31;91;41m%[0;31;5;40;100mX[0;1;30;90;47m8S8[0;1;31;91;41mt[0;30;41m:[0m
[0;37;5;40;100m8[0;36;5;40;100m [0;37;5;40;100m8X[0;36;5;40;100m [0;37;5;40;100m8Xt[0;1;30;90;47m%  .[0;36;5;40;100m [0;1;30;90;47m88[0;36;5;40;100m [0;1;30;90;47m88[0;37;5;40;100mt[0;1;30;90;47m;8[0;31;5;41;101m@8[0;31;5;40;100m%[0;1;37;97;47m [0;37;5;47;107m%[0;1;30;90;47mS[0;31;5;41;101m88[0;1;30;90;47m88[0;1;31;91;41m88[0;1;37;97;47m [0;37;5;47;107mX[0;1;30;90;47mt[0;1;31;91;41mX@8[0;37;5;40;100m@[0m
[0;37;5;40;100m8[0;1;30;90;44mS:;[0;1;34;94;44m;[0;1;30;90;44mtt%[0;1;30;90;47mS[0;1;37;97;47m..[0;1;30;90;47m.[0;1;30;90;44m@XXXXSX[0;1;30;90;47m;[0;37;5;47;107m8S[0;1;30;90;47mX[0;31;5;41;101m88[0;1;30;90;47m8[0;37;5;47;107mX@[0;1;30;90;47m8[0;1;31;91;41m88[0;1;30;90;47m8[0;37;5;47;107m@8[0;1;30;90;47m8[0;1;31;91;41m88[0;1;30;90;47mX[0;1;37;97;47m8[0;1;30;90;47m%[0m
[0;37;5;40;100m8[0;1;30;90;47mt[0;1;30;90;44m8[0;30;44mS[0;1;30;90;44mt%X[0;1;30;90;47mX[0;1;37;97;47m..::[0;1;30;90;47m:[0;34;5;40;100m8[0;1;30;90;44m@8@8[0;1;30;90;47m%[0;1;37;97;47m.[0;31;5;41;101m8[0;35;5;40;100m [0;1;37;97;47m.[0;37;5;47;107mX[0;1;30;90;47m8[0;31;5;41;101m88[0;1;37;97;47m [0;37;5;47;107mt[0;1;30;90;47mtt[0;37;5;47;107m%[0;1;37;97;47m [0;31;5;41;101m8[0;1;31;91;41m8[0;1;30;90;47m8[0;37;5;47;107m8[0;1;30;90;47m.[0;1;30;90;41m8[0;1;31;91;41m:[0m
[0;37;5;40;100m8[0;1;30;90;47m.[0;36;5;40;100m [0;1;30;90;44mt%S[0;34;5;40;100mS[0;1;37;97;47m.::;;;[0;37;5;40;100mt[0;1;30;90;44m888[0;36;5;40;100m.[0;1;37;97;47m;:[0;1;30;90;47m8[0;31;5;41;101m8@[0;1;37;97;47m [0;37;5;47;107mt[0;1;37;97;47m@[0;35;5;41;101m8[0;31;5;41;101m8[0;35;5;41;101m8[0;1;37;97;47m: [0;31;5;41;101m8[0;1;31;91;41m8[0;35;5;40;100m;[0;1;37;97;47mX[0;37;5;47;107mX[0;1;30;90;47m@[0;1;31;91;41m88[0;35;5;40;100m:[0m
[0;37;5;40;100m8[0;1;30;90;47m [0;36;5;40;100m:[0;1;34;94;44mt[0;36;44mt[0;1;30;90;44mX[0;34;5;40;100m@[0;1;37;97;47m:;;ttt[0;36;5;40;100m [0;1;30;90;44m888[0;36;5;40;100m:[0;1;37;97;47mt;X[0;37;5;47;107m8[0;1;30;90;47m8[0;31;5;41;101m8[0;35;5;41;101m@[0;37;5;47;107m8t[0;1;30;90;47m8[0;1;31;91;41m8[0;31;5;41;101m88[0;1;31;91;41m8[0;1;30;90;47m8[0;37;5;47;107m%[0;1;37;97;47m;[0;31;5;41;101m8[0;1;31;91;41m8[0;35;5;40;100m;[0;1;37;97;47mX[0;1;30;90;47mS[0m
[0;1;30;90;47m88[0;1;30;90;44m%S88@[0;37;5;40;100mS[0;1;37;97;47m;t%%[0;1;30;90;47mS[0;34;5;40;100mXS[0;36;5;40;100m;[0;34;5;40;100mS[0;1;30;90;44m8[0;1;30;90;47m8[0;1;37;97;47mt@[0;37;5;47;107m::[0;1;37;97;47m [0;31;5;41;101m@8[0;1;30;90;47m8[0;1;37;97;47m;:[0;1;30;90;47m88[0;1;37;97;47mt[0;1;30;90;47m:8[0;1;31;91;41m8[0;31;5;41;101m8[0;1;30;90;47m%[0;37;5;47;107mXX[0;1;30;90;47m;[0m
[0;36;5;40;100m [0;1;30;90;44m%%[0;34;5;40;100m8[0;36;5;40;100m;[0;34;5;40;100m%[0;1;30;90;44m88[0;1;30;90;47m8[0;1;37;97;47m%%[0;1;30;90;47mS[0;34;5;40;100mS[0;36;5;40;100m%   [0;34;5;40;100mS[0;1;30;90;44m8[0;1;30;90;47m8[0;37;5;47;107m.8[0;1;37;97;47m8[0;37;5;47;107m:%[0;1;30;90;47m8[0;31;5;41;101m88[0;1;37;97;47m XS[0;1;30;90;47m8[0;31;5;41;101m8[0;1;31;91;41m8[0;1;30;90;47m8[0;37;5;47;107mSS[0;1;37;97;47m%t.[0m
[0;36;5;40;100mt[0;1;34;94;44m;[0;1;30;90;44m%[0;34;5;40;100m8[0;36;5;40;100m;%[0;1;30;90;44m88[0;37;5;40;100m;[0;1;37;97;47m%%[0;1;30;90;47m8[0;36;5;40;100m%t [0;37;5;40;100mS[0;36;5;40;100m [0;34;5;40;100mS[0;1;30;90;44m8[0;1;30;90;47m8[0;37;5;47;107m.[0;1;37;97;47mSt[0;37;5;47;107m:;[0;1;37;97;47mt[0;1;30;90;47m%8[0;31;5;41;101m8[0;1;31;91;41m88[0;31;5;41;101m8[0;1;30;90;47m8t.[0;37;5;47;107mSS[0;1;37;97;47m [0;1;30;90;47m;[0;1;37;97;47m.[0m
[0;30;44mX[0;1;30;90;44mt%SX@888[0;36;5;40;100m  ;%ttt%[0;34;5;40;100mSXS[0;37;5;47;107m:::tt;t%[0;1;37;97;47m [0;31;5;41;101m88[0;1;37;97;47m:[0;37;5;47;107mS%SX@XX[0;1;37;97;47m.[0m
[0;30;44mX[0;34;5;40;100m@[0;36;5;40;100m  [0;1;30;90;44m8@[0;36;5;40;100m.[0;37;5;40;100m%[0;36;5;40;100m [0;34;5;40;100mXX[0;37;5;40;100m%[0;1;30;90;47m8[0;37;5;40;100mS[0;36;5;40;100m%;[0;37;5;40;100mX[0;1;30;90;47m8[0;36;5;40;100m [0;34;5;40;100m8[0;1;37;97;47m%[0;37;5;47;107m::[0;1;37;97;47m%;[0;37;5;47;107m;;[0;1;37;97;47m; [0;37;5;47;107m%t[0;1;37;97;47m:[0;1;30;90;47m [0;37;5;47;107m%%[0;1;37;97;47m [0;1;30;90;47m:[0;37;5;47;107mXX[0;1;30;90;47mS[0m
[0;34;40m8[0;1;30;90;47m@[0;1;37;97;47m;;[0;37;5;40;100m8[0;34;5;40;100mS[0;1;30;90;47mt[0;1;37;97;47m:S[0;1;30;90;47m8[0;37;5;40;100m%[0;1;37;97;47mXS [0;35;5;40;100m;[0;37;5;40;100m8[0;1;37;97;47m@X;[0;35;5;40;100m@[0;1;37;97;47m8[0;37;5;47;107m%%[0;1;37;97;47m@X[0;37;5;47;107mSX[0;1;37;97;47mX%[0;37;5;47;107mXX[0;1;37;97;47m%t[0;37;5;47;107m@@[0;1;37;97;47mt;[0;37;5;47;107m88[0;1;30;90;47m8[0m
[0;30;41mS[0;31;5;41;101m8[0;1;30;90;47m8[0;37;5;47;107m8%[0;1;30;90;47m8[0;31;5;41;101m8@[0;1;37;97;47m X@;[0;35;5;41;101mX[0;31;5;41;101m@[0;1;30;90;47m8[0;37;5;47;107mt;[0;1;30;90;47mX[0;31;5;41;101m@X[0;1;37;97;47m::..  [0;1;30;90;47m  ....:::;;;t[0;36;5;40;100m:[0m
 [0;1;30;90;47m8[0;31;5;41;101m88[0;1;30;90;47mS[0;1;37;97;47m% [0;1;30;90;47m8[0;31;5;41;101m8[0;1;31;91;41m8[0;35;5;40;100m%[0;31;5;41;101m@[0;1;31;91;47m8[0;1;37;97;47m X.[0;31;5;41;101m@@[0;1;30;90;47m8[0;37;5;47;107m%[0;1;30;90;47m:[0;1;30;90;44m8[0;36;5;40;100m;t[0;1;30;90;44m8[0;36;5;40;100mt[0;34;5;40;100mX[0;1;30;90;44m8[0;1;30;90;47mX..%[0;1;30;90;44mS[0;34;5;40;100mXX[0;1;30;90;44m%[0;34;5;40;100m@[0;1;30;90;44m8X[0m 
 [0;1;30;90;47m.[0;37;5;47;107m8[0;35;5;40;100m.[0;31;5;41;101m88[0;1;37;97;47mt[0;37;5;47;107m8[0;1;37;97;47m [0;31;5;41;101m@@[0;1;30;90;47mX[0;37;5;47;107m88[0;35;5;41;101m@[0;31;5;41;101m8[0;35;5;40;100m;[0;37;5;47;107m8;[0;1;37;97;47m [0;1;30;90;47m.[0;34;5;40;100mS[0;1;30;90;44m%ttt;8[0;1;30;90;47mt.:;[0;34;5;40;100m8[0;30;44m;;t;%8[0m 
  [0;1;37;97;47m: [0;1;30;90;47m8[0;31;5;41;101m88[0;35;5;40;100m%[0;1;37;97;47m [0;37;5;47;107mtS[0;1;37;97;47m.[0;35;5;40;100m.[0;31;5;41;101m88[0;1;30;90;47m8 [0;1;37;97;47m@[0;35;5;41;101m@[0;31;5;41;101m8[0;1;30;90;47m .[0;1;30;90;44m8[0;30;44m%S%[0;1;30;90;44mS[0;1;30;90;47m:.:::;[0;1;30;90;44m8[0;30;44mXXX8[0m  
  [0;30;41m@[0;35;5;40;100m:[0;1;37;97;47m@[0;37;5;47;107m%[0;1;30;90;47mX[0;31;5;41;101m88[0;1;30;90;47m8[0;1;37;97;47m [0;31;5;41;101m88[0;1;30;90;47m8[0;37;5;47;107mS8[0;1;30;90;47m8[0;31;5;41;101m88[0;1;37;97;47m [0;1;30;90;47m .[0;36;5;40;100m:[0;1;30;90;44m;::[0;36;5;40;100m%[0;1;30;90;47m::::;;[0;36;5;40;100m:[0;1;30;90;44m..[0;30;44m.[0;34;40m@[0m  
   [0;30;41mt[0;31;5;41;101m8[0;35;5;40;100m:[0;1;37;97;47m.[0;37;5;47;107m@[0;1;30;90;47m8[0;31;5;41;101m88[0;35;5;40;100m.[0;37;5;47;107m8[0;1;37;97;47m;[0;35;5;40;100m [0;31;5;41;101m88[0;1;30;90;47m8[0;1;37;97;47m.[0;37;5;47;107mt[0;1;30;90;47m.:[0;1;30;90;44m@:::S[0;1;30;90;47mt:;;;t[0;1;30;90;44m@. [0;30;44m8[0m   
    [0;30;41m%[0;1;31;91;41m8[0;31;5;41;101m8[0;1;37;97;47m [0;37;5;47;107m%[0;1;37;97;47m; [0;37;5;47;107mt[0;1;37;97;47m%[0;31;5;41;101m88[0;35;5;40;100m [0;37;5;47;107m8[0;1;37;97;47mXS[0;37;5;47;107mt[0;1;30;90;47m;[0;34;5;40;100mS[0;1;30;90;44m:%[0;34;5;40;100m8[0;1;30;90;44m%:[0;34;5;40;100m8[0;1;30;90;47m%;;%[0;34;5;40;100mX[0;1;30;90;44m.[0;30;44mt[0;34;40m@[0m    
     [0;31;5;40;100m8[0;1;31;91;41m88[0;35;5;41;101m8[0;1;37;97;47mX[0;37;5;47;107m8[0;1;30;90;47m8[0;1;31;91;41m8[0;31;5;41;101m8[0;1;37;97;47m.%t[0;37;5;47;107m%%[0;1;37;97;47mt[0;36;5;40;100m [0;1;34;94;44m:[0;1;30;90;44m:@[0;30;5;40;100m@8[0;30;44m:[0;1;34;94;44m:[0;36;5;40;100mt[0;1;30;90;47m;t[0;36;5;40;100m.[0;1;34;94;44m.[0;30;44mt[0;34;40m%[0m     
       [0;35;5;40;100mt[0;1;31;91;41m8888[0;1;30;90;47m8[0;37;5;47;107mS%[0;1;37;97;47m;.[0;37;5;47;107m%S[0;1;37;97;47m:[0;36;5;40;100mt[0;1;34;94;44m:[0;1;30;90;44m:S[0;34;5;40;100m8[0;1;30;90;44mS.[0;1;34;94;44m:[0;34;5;40;100mX[0;1;30;90;47mt%[0;36;5;40;100mt[0;30;44m%[0m       
        [0;35;5;40;100mtt:[0;37;5;47;107m8S88SS8[0;1;37;97;47m8[0;37;5;47;107mS[0;30;44mS;S%;;%S%;S[0;34;40m%[0m        
          [0;36;5;40;100mt[0;1;37;97;47mX[0;37;5;47;107mX[0;1;30;90;47m:;[0;37;5;47;107mXX[0;1;30;90;47m:t[0;37;5;47;107mX[0;30;44mX[0;36;5;40;100m [0;37;5;40;100mX%[0;1;30;90;44m@[0;30;44mS[0;36;5;40;100m [0;37;5;40;100mS[0;36;5;40;100m:[0;34;40mS[0m          
             [0;1;30;90;47m%[0;1;37;97;47m8[0;37;5;47;107m@@[0;1;37;97;47m88[0;37;5;47;107m@[0;34;5;40;100mS[0;1;30;90;47m%%%[0;36;5;40;100m ;[0;37;5;40;100mX[0m             
               [0;36;5;40;100m:[0;1;30;90;47m8[0;37;5;47;107m@@[0;1;30;90;47m.%%%[0;37;5;40;100m8[0;36;5;40;100m:[0m               
                  [0;36;5;40;100m [0;37;5;40;100mS[0;36;5;40;100m t[0m                  
