[0;36;5;40;100m [0;1;30;90;47mXXXXXXXSSSSSSSSSSSSSSXXXXXX@@@@@888888[0;36;5;40;100m [0m
[0;37;5;40;100m8[0;1;30;90;47m......    [0;1;37;97;47m        [0;1;30;90;47m    ......:::;;;ttt%[0;37;5;40;100m@[0m
[0;37;5;40;100m8[0;1;30;90;47m....  [0;1;37;97;47m  ...........  [0;1;30;90;47m   .....:::;;;ttt[0;37;5;40;100m@[0m
[0;37;5;40;100m8[0;1;30;90;47m..X@:@:SS.X.%%[0;1;37;97;47m::::...  [0;1;30;90;47m @@;8t88%8%88tt[0;37;5;40;100m@[0m
[0;37;5;40;100m8[0;1;30;90;47m. [0;34;5;40;100mX[0;1;34;94;44mS[0;36;5;40;100m:[0;1;34;94;44m8[0;36;5;40;100m:[0;1;30;90;44m8[0;1;34;94;44m@[0;36;5;40;100m [0;1;34;94;44m8[0;36;5;40;100m [0;1;30;90;44m8[0;36;5;40;100mt[0;1;37;97;47m;;;;:::.. [0;1;30;90;44m8[0;1;34;94;44mS[0;36;5;40;100mt[0;1;34;94;44m@[0;34;5;40;100mS[0;1;34;94;44m%%[0;34;5;40;100mS[0;1;34;94;44mX[0;34;5;40;100mS[0;1;34;94;44mt[0;1;30;90;44m8[0;1;30;90;47m;t[0;37;5;40;100m@[0m
[0;37;5;40;100m8[0;1;30;90;47m  [0;36;5;40;100m;[0;1;30;90;44mS[0;1;34;94;44m%[0;1;30;90;44mX@[0;1;34;94;44mS[0;1;30;90;44m88888[0;36;5;40;100m [0;1;37;97;47m%%tt;;::..[0;34;5;40;100mS[0;1;34;94;44mtt;;;;;:::[0;34;5;40;100m8[0;1;30;90;47m;t[0;37;5;40;100m@[0m
[0;1;30;90;47m8 [0;1;37;97;47m [0;1;30;90;47m.[0;37;5;40;100m;[0;1;30;90;44mX@888888[0;1;30;90;47m8[0;1;37;97;47mt%%%%tt;::.[0;1;30;90;47m.[0;36;5;40;100m [0;1;30;90;44mtt;[0;1;34;94;44m::[0;1;30;90;44m:[0;1;34;94;44m.[0;1;30;90;44m:[0;36;5;40;100m:[0;1;30;90;47m%;t[0;37;5;40;100m@[0m
[0;1;30;90;47m8 [0;1;37;97;47m ..[0;36;5;40;100m:[0;1;30;90;44m8888[0;34;5;40;100m@X[0;36;5;40;100m [0;1;37;97;47mSSSSS%%t;;:.. [0;34;5;40;100mX[0;1;30;90;44mt;;;::[0;34;5;40;100m@[0;1;30;90;47m:;;;[0;37;5;40;100m@[0m
[0;1;30;90;47m8 [0;1;37;97;47m ..[0;1;30;90;47m8[0;1;34;94;44m@[0;1;30;90;44m8[0;1;34;94;44m8[0;1;30;90;44m88[0;1;34;94;44m8[0;1;30;90;47m8[0;1;37;97;47mSXSSS%%tt;::. [0;37;5;40;100m%[0;1;34;94;44mSt%%;%[0;36;5;40;100m [0;1;30;90;47m:;;;[0;37;5;40;100m@[0m
[0;1;30;90;47m8 [0;1;37;97;47m ..[0;1;30;90;47m8[0;36;44mS[0;1;34;94;44m@[0;1;30;90;44m88[0;1;34;94;44m8[0;1;30;90;44m8[0;1;30;90;47mS[0;1;37;97;47mSSSSS%%tt;:.. [0;1;30;90;47m8[0;1;34;94;44mtS;;%;[0;37;5;40;100mS[0;1;30;90;47m:;;;[0;37;5;40;100m@[0m
[0;37;5;40;100m8[0;1;30;90;47m [0;1;37;97;47m ..[0;36;5;40;100m [0;1;34;94;44m8@888[0;34;5;44;104m8[0;37;5;40;100m;[0;1;37;97;47mSSS%%%%t;::.. [0;36;5;40;100mt[0;1;34;94;44m@SSS%X[0;34;5;40;100mS[0;1;30;90;47m;;;t[0;37;5;40;100m@[0m
[0;37;5;40;100mX[0;1;30;90;47m  [0;1;37;97;47m [0;1;30;90;47m8[0;1;34;94;44mXX8[0;1;30;90;44m88[0;1;34;94;44m8@8[0;1;30;90;47mS[0;1;37;97;47m%%%%tt;;:.. [0;1;30;90;47m8[0;1;34;94;44mS%S;;Stt[0;37;5;40;100m@[0;1;30;90;47m;;t[0;36;5;40;100m [0m
[0;36;5;40;100m.[0;1;30;90;47m. 8[0;1;34;94;44m%[0;1;30;90;44mS[0;1;34;94;44mS[0;34;5;40;100m8[0;36;5;40;100m;:[0;34;5;40;100mS[0;1;34;94;44mX[0;1;30;90;44m88[0;1;30;90;47m8[0;1;37;97;47mtt;;;::.. [0;1;30;90;47m8[0;1;34;94;44mt;t[0;1;30;90;44m@[0;30;5;40;100m@@[0;1;30;90;44mX[0;1;34;94;44mt.;[0;37;5;40;100m%[0;1;30;90;47m;t[0;36;5;40;100m:[0m
 [0;1;30;90;47m.8[0;1;34;94;44mXSt%[0;34;5;40;100mS[0;36;5;40;100m;:;[0;1;30;90;44m@8[0;1;34;94;44mX8[0;1;30;90;47m8[0;1;37;97;47m::::... [0;37;5;40;100mX[0;1;34;94;44mXS;t[0;30;5;40;100m8X@8[0;1;34;94;44m;:t%[0;36;5;40;100m [0;1;30;90;47mt[0m 
 [0;37;5;40;100m@%[0;1;34;94;44mXSt@[0;34;5;40;100mX[0;36;5;40;100mttt[0;1;34;94;44m@SX@[0;37;5;40;100mS[0;1;37;97;47m.....  [0;1;30;90;47m [0;37;5;40;100mt[0;1;34;94;44mXStX[0;30;5;40;100m8@@8[0;1;34;94;44mS:t%[0;36;5;40;100m [0;37;5;40;100mX[0m 
  [0;36;5;40;100m [0;1;34;94;44m;%[0;1;30;90;44m;[0;1;34;94;44m%[0;30;5;40;100m@SSX[0;1;34;94;44m%[0;1;30;90;44mS[0;1;34;94;44mtt[0;37;5;40;100m;[0;1;37;97;47m.   [0;1;30;90;47m   .[0;36;5;40;100m [0;1;34;94;44m;t[0;1;30;90;44m:[0;1;34;94;44mt[0;30;5;40;100m888[0;1;30;90;40m8[0;1;34;94;44m;[0;30;44m:[0;1;34;94;44m;.[0;36;5;40;100m.[0m  
  [0;34;40m8[0;1;34;94;44mtttt%t%%t%%%[0;1;30;90;44mX[0;36;5;40;100m;;;;;;tt[0;1;30;90;44mS[0;1;34;94;44mttt;tt;t;;::[0;34;40m8[0m  
   [0;30;44m8[0;1;34;94;44mtt[0;1;30;90;44m:;;;[0;1;34;94;44m;t%;[0;1;30;90;44m;;;;[0;1;34;94;44m;tt;[0;1;30;90;44m::::[0;1;34;94;44m:t;:[0;1;30;90;44m::.[0;30;44m.[0;1;34;94;44m;.[0;30;44m8[0m   
    [0;30;44m8[0;1;30;90;44mS[0;36;5;40;100m:[0;37;5;40;100mtS[0;36;5;40;100m [0;34;5;40;100mX[0;1;30;90;44m;;8[0;36;5;40;100m [0;37;5;40;100m%S[0;36;5;40;100m [0;1;30;90;44m8;;8[0;36;5;40;100m [0;37;5;40;100m%%[0;36;5;40;100m [0;1;30;90;44m@::[0;34;5;40;100m@[0;36;5;40;100m [0;37;5;40;100mt[0;36;5;40;100m ;[0;1;30;90;44m%[0;30;44m8[0m    
     [0;30;5;40;100m8[0;1;30;90;47mt::::[0;1;30;90;44mS;[0;37;5;40;100mX[0;1;30;90;47m::::S[0;1;30;90;44m;;[0;1;30;90;47m@:::;[0;37;5;40;100m@[0;1;30;90;44m:t[0;1;30;90;47m;tttS[0;30;5;40;100m8[0m     
       [0;37;5;40;100m@[0;1;30;90;47m:::[0;37;5;40;100mt[0;36;5;40;100m [0;1;30;90;47mX::::t[0;36;5;40;100m  [0;1;30;90;47m%;;;;@[0;36;5;40;100m  [0;1;30;90;47mttt[0;37;5;40;100mX[0m       
        [0;30;5;40;100m@[0;1;30;90;47m@;;;;;;;;;;;;;;;tttt%8[0;30;5;40;100m@[0m        
          [0;36;5;40;100m%[0;1;30;90;47m8;;;;;;;;tttttt%%8[0;30;5;40;100m%[0m          
             [0;37;5;40;100mX[0;1;30;90;47mtttttttt%%%%[0;37;5;40;100mX[0m             
               [0;36;5;40;100m:[0;37;5;40;100m8[0;1;30;90;47m%%%%%%[0;37;5;40;100m8[0;36;5;40;100m:[0m               
                  [0;36;5;40;100m%  t[0m                  
