[0;36;5;40;100m [0;1;30;90;47m88888888888888888888888888888888888888[0;36;5;40;100m.[0m
[0;37;5;40;100m%[0;1;30;90;47m@@@XXXXX[0;1;37;97;47m          [0;32;5;40;100mSX[0;1;30;90;47mXXXXX@@@@@88888888[0;37;5;40;100m;[0m
[0;37;5;40;100m%[0;1;30;90;47m@XXXX[0;1;37;97;47m         [0;1;30;90;47m8[0;36;5;40;100m ::[0;1;30;90;42mS%[0;36;5;40;100mt;;[0;1;30;90;47m8XX@@@@@8888888[0;37;5;40;100m;[0m
[0;37;5;40;100m%[0;1;30;90;47mXXX[0;1;37;97;47m  [0;1;30;90;47mX[0;1;37;97;47m          [0;1;30;90;47m8[0;1;30;90;42m@XXX[0;36;5;40;100m [0;1;30;90;47m@[0;1;37;97;47m [0;1;30;90;47mXXXX@@@@888888[0;37;5;40;100m;[0m
[0;1;30;90;47m8XX[0;1;37;97;47m   [0;36;5;40;100m.[0;1;30;90;47m8[0;1;37;97;47m         [0;1;30;90;47m8[0;1;30;90;42m8[0;36;5;40;100m%%[0;1;30;90;42mX[0;1;30;90;47m8[0;1;37;97;47m   [0;1;30;90;47mXXX@@@8[0;32;5;40;100mX[0;1;30;90;47m88888[0;37;5;40;100m;[0m
[0;1;30;90;47m8X8888[0;1;30;90;42m@8[0;1;30;90;47m@@X[0;1;37;97;47m      [0;1;30;90;47m8@[0;1;37;97;47m  [0;1;30;90;47m8[0;37;5;40;100m;[0;1;37;97;47m    [0;1;30;90;47mX8888[0;1;30;90;42m@:[0;1;30;90;47m88888[0;37;5;40;100mt[0m
[0;1;30;90;47m8X8[0;36;5;40;100m [0;1;30;90;42m8X@88[0;36;5;40;100mt[0;1;30;90;47m8[0;1;37;97;47m        [0;1;30;90;47mSX[0;1;37;97;47m       [0;1;30;90;47m@[0;37;5;40;100m:[0;1;30;90;42m8::::t[0;36;5;40;100mt[0;1;30;90;47m88[0;37;5;40;100mt[0m
[0;1;30;90;47m8[0;1;37;97;47m   [0;1;30;90;47m8[0;1;30;90;42m@888[0;1;37;97;47m    ...   [0;36;5;40;100m :[0;1;37;97;47m       [0;1;30;90;47mXX8[0;1;30;90;42m%:::[0;1;30;90;47m8888[0;37;5;40;100mt[0m
[0;1;30;90;47m8[0;1;37;97;47m   [0;36;5;40;100m% [0;1;30;90;47mX8[0;36;5;40;100m [0;1;30;90;47m8[0;1;37;97;47m  ..: [0;1;30;90;47m8[0;37;5;40;100m;:[0;1;30;90;42m88[0;36;5;40;100m::.[0;1;30;90;47m8[0;1;37;97;47m   [0;1;30;90;47mXX[0;36;5;40;100m.[0;1;30;90;42m8[0;1;30;90;47m88[0;36;5;40;100mt[0;1;30;90;42m8[0;1;30;90;47m888[0;37;5;40;100mt[0m
[0;1;30;90;47m8[0;1;37;97;47m           .... [0;1;30;90;47m8[0;32;5;40;100mS[0;1;30;90;42m888[0;1;30;90;47m8[0;1;37;97;47m     [0;1;30;90;47mXX8@@@@8888[0;37;5;40;100mt[0m
[0;37;5;40;100mS[0;1;37;97;47m         [0;1;30;90;47m8[0;1;37;97;47m      [0;1;30;90;47m8[0;32;5;40;100m@[0;36;5;40;100m  [0;1;30;90;42m8[0;1;30;90;47m8[0;1;37;97;47m     [0;1;30;90;47mX8X@@@@8888[0;37;5;40;100m;[0m
[0;36;5;40;100m [0;1;30;90;47mX[0;1;37;97;47m       [0;1;30;90;47mX[0;1;30;90;42m8[0;1;30;90;47mS[0;1;37;97;47m     [0;1;30;90;47m8[0;1;37;97;47m    [0;1;30;90;47m8[0;1;37;97;47m    [0;1;30;90;47mX8[0;1;30;90;42mt[0;1;30;90;47m8@@@88888[0;36;5;40;100m [0m
[0;36;5;40;100m%[0;1;30;90;47mXX[0;1;37;97;47m   [0;1;30;90;47m8[0;36;5;40;100m. [0;32;5;40;100mS[0;1;30;90;42m8[0;32;5;40;100m%[0;37;5;40;100m::[0;1;30;90;47m8[0;1;37;97;47m    [0;1;30;90;47m88[0;1;37;97;47m   [0;1;30;90;47mX[0;37;5;40;100m;[0;36;5;40;100mtt[0;1;30;90;42m8:@[0;32;5;40;100mSS[0;36;5;40;100m [0;1;30;90;47m88888[0;32;5;40;100mS[0m
 [0;1;30;90;47mXXX[0;1;37;97;47m   [0;1;30;90;47m8[0;32;5;40;100mX[0;1;30;90;42m@@@[0;32;5;40;100mS[0;1;30;90;47m8[0;1;37;97;47m     [0;32;5;40;100mSX[0;1;37;97;47m    [0;1;30;90;47mX8[0;1;30;90;42m8:::8[0;1;30;90;47m8888888[0m 
 [0;37;5;40;100m;[0;1;30;90;47mXXX[0;1;37;97;47m   [0;1;30;90;42m8@[0;36;5;40;100mt[0;1;30;90;42m88[0;1;37;97;47m  [0;1;30;90;47m8[0;36;5;40;100m:[0;32;5;40;100mX[0;1;30;90;42m8SS88[0;36;5;40;100m%[0;1;30;90;47m8XX[0;1;30;90;42m8t8t@[0;1;30;90;47m888888[0;36;5;40;100m [0m 
  [0;1;30;90;47m@XXXX8[0;37;5;40;100m:[0;1;30;90;47mX[0;1;37;97;47m [0;1;30;90;47mX88[0;1;37;97;47m   [0;1;30;90;47m8[0;1;30;90;42mS%%%[0;1;30;90;47m8XXX8[0;36;5;40;100m [0;1;30;90;47m8@8[0;36;5;40;100m [0;1;30;90;47m888888[0m  
  [0;32;5;40;100mX[0;1;30;90;47m@@XXXXXXX[0;1;37;97;47m  [0;1;30;90;47mS[0;1;37;97;47m  [0;37;5;40;100m:[0;1;30;90;42mS[0;36;5;40;100mtt[0;1;30;90;42m%[0;36;5;40;100m [0;1;30;90;47mX@@@@@@8888888[0;32;5;40;100mX[0m  
   [0;36;5;40;100m;[0;1;30;90;47m@@@@XXXXX8[0;36;5;40;100m [0;1;30;90;47mXX88XX8[0;37;5;40;100m;[0;1;30;90;47m@@[0;36;5;40;100m.[0;1;30;90;47m8@88888888[0;36;5;40;100m;[0m   
    [0;36;5;40;100mt[0;1;30;90;47m@@@@@@@@[0;1;30;90;42m8%[0;1;30;90;47m8@@@@@@@@8[0;1;30;90;42mt@[0;1;30;90;47m88888888[0;36;5;40;100mt[0m    
     [0;32;5;40;100m8[0;1;30;90;47m8@@8[0;36;5;40;100m%[0;1;30;90;42m%;::;;8[0;1;30;90;47m8@@8[0;1;30;90;42m8;::::;[0;32;5;40;100mX[0;1;30;90;47m8888[0;32;5;40;100m8[0m     
       [0;37;5;40;100m;[0;1;30;90;47m8888[0;1;30;90;42mt:::[0;1;30;90;47m8@888888[0;1;30;90;42m.[0;30;42m::[0;1;30;90;42m:[0;1;30;90;47m8888[0;36;5;40;100m [0m       
        [0;32;5;40;100m8[0;1;30;90;47m88[0;36;5;40;100m [0;1;30;90;42mS[0;36;5;40;100m:[0;37;5;40;100m:[0;1;30;90;42m88[0;1;30;90;47m888888[0;1;30;90;42m88[0;36;5;40;100m .[0;1;30;90;42mS[0;36;5;40;100mt[0;1;30;90;47m88[0;32;5;40;100m8[0m        
          [0;32;5;40;100m@[0;36;5;40;100m [0;1;30;90;47m8888888888888888[0;36;5;40;100m [0;32;5;40;100m@[0m          
             [0;36;5;40;100m [0;1;30;90;47m888888888888[0;36;5;40;100m [0m             
               [0;32;5;40;100mS[0;37;5;40;100m%[0;1;30;90;47m8888888[0;32;5;40;100mS[0m               
                  [0;32;5;40;100m@[0;36;5;40;100m  [0;32;5;40;100mX[0m                  
