[0;30;41mt[0;1;31;91;41mSSSSSSSSXXXXXXXXXXXXSSSSSSSSSS%%%%%ttt:[0m
[0;1;30;90;41m.[0;1;31;91;41m8[0;31;5;41;101m8888888888888888888888888[0;1;31;91;41m8888888888@@%[0m
[0;1;30;90;41m:[0;31;5;41;101m8888888888888888888888888888[0;1;31;91;41m888888888@%[0m
[0;1;30;90;41m:[0;31;5;41;101m888888888888@@@@8888[0;1;31;91;41m8[0;31;43m88[0;1;31;91;41m88[0;31;5;41;101m8888[0;1;31;91;41m888888888%[0m
[0;1;30;90;41m:[0;31;5;41;101m88888888@@@@@@@@@@[0;31;43mS[0;1;33;93;43mt[0;1;30;90;43m@[0;1;31;91;41m88[0;33;41m8[0;1;30;90;43mt[0;31;43mt[0;1;31;91;41m8[0;31;5;41;101m888[0;1;31;91;41m88888888S[0m
[0;1;30;90;41m:[0;31;5;41;101m8888888@@@XXXXXXX[0;1;30;90;43m8[0;33;5;43;103mS[0;1;31;91;41m8[0;31;5;41;101m@888[0;1;31;91;41m8[0;1;33;93;43mt[0;31;43mX[0;31;5;41;101m888[0;1;31;91;41m88888888S[0m
[0;1;30;90;41m:[0;31;5;41;101m888888@@XXXXXXXXX[0;33;5;43;103m@[0;1;33;93;43mt[0;31;5;41;101m@@@888[0;31;43mS[0;1;33;93;43m;[0;31;5;41;101m8888[0;1;31;91;41m8888888S[0m
[0;1;30;90;41m:[0;31;5;41;101m88888@@XXXXS[0;35;5;41;101mXXXX[0;31;5;41;101mX[0;37;43mX[0;33;5;43;103m%[0;31;5;41;101m8@@@88[0;1;30;90;43m%t[0;31;5;41;101m8888[0;1;31;91;41m8888888S[0m
[0;1;30;90;41m;[0;31;5;41;101m88888@@XXXX[0;35;5;41;101mXXXXX[0;31;5;41;101mS[0;1;31;91;43m8[0;37;5;43;103mX[0;1;33;93;43mt[0;31;5;41;101m8@@8[0;1;30;90;43mX[0;33;5;43;103m%[0;1;31;91;41m@[0;31;5;41;101m8888[0;1;31;91;41m8888888S[0m
[0;1;30;90;41m:[0;31;5;41;101m88888@@XXXXS[0;35;5;41;101mXXXX[0;31;5;41;101mSX[0;1;30;90;43m8[0;37;5;43;103mS[0;1;33;93;43mt[0;31;5;41;101m88[0;1;30;90;43mX[0;33;5;43;103mt[0;31;43m8[0;31;5;41;101m88888[0;1;31;91;41m8888888S[0m
[0;1;30;90;41m:[0;31;5;41;101m88888@@@XXXXXSXXXXX[0;33;5;41;101m8[0;33;5;43;103mXX[0;1;30;90;43m@[0;33;5;43;103mX[0;33;41m8[0;31;5;41;101m888888[0;1;31;91;41m888[0;30;41m8[0;1;31;91;41mt88%[0m
[0;30;41mt[0;31;5;41;101m888888@8[0;1;30;90;41m888[0;31;5;41;101m@XXXXXX@[0;1;31;91;43m8[0;1;33;93;43m%X[0;33;5;43;103m%[0;1;30;90;43mS[0;1;31;91;41m8[0;31;5;41;101m888888[0;1;31;91;41m88[0;30;41m8[0;31;40m%[0;1;31;91;41m888;[0m
[0;31;40m8[0;31;5;41;101m88888[0;1;31;91;41mS[0;31;5;40;100m8[0;30;5;40;100m8[0;1;30;90;40m88[0;30;5;40;100m8[0;31;5;40;100mX[0;1;30;90;41m8[0;31;5;41;101mXX@8[0;1;30;90;43m8[0;33;5;43;103mS%[0;1;30;90;43m@[0;1;31;91;41m88[0;1;33;93;43mt[0;33;5;43;103mX[0;31;43m8[0;1;31;91;41m8[0;31;5;41;101m888[0;1;31;91;41m88[0;30;41m8[0;34;40m.[0;1;30;90;41m;[0;1;31;91;41m888[0;30;41m;[0m
 [0;1;31;91;41m8[0;31;5;41;101m888[0;1;30;90;41m@[0;1;30;90;40m@SX@@8[0;30;5;40;100m@[0;1;30;90;40m8[0;31;5;40;100m8[0;31;5;41;101m8[0;31;43m@[0;33;5;43;103m%S[0;1;30;90;43m@[0;1;31;91;41m8[0;31;5;41;101m8888[0;31;43m8[0;33;5;43;103mX[0;1;33;93;43mt[0;1;31;91;41m@[0;31;5;41;101m8[0;1;31;91;41m8X[0;31;40m@[0;34;40m.[0;30;41m@[0;1;31;91;41m8888[0;31;40m8[0m
 [0;30;41m;[0;31;5;41;101m88[0;1;31;91;41m8[0;1;30;90;40m@[0;34;40m;[0;1;30;90;40m%SS88@XX[0;1;30;90;43m@8[0;1;31;91;41m8[0;31;5;41;101m88888888[0;1;31;91;41m8[0;31;43mX[0;1;33;93;43m:[0;31;43m@[0;1;30;90;41mt[0;31;40m;[0;34;40m.[0;31;40m8[0;1;31;91;41m8888t[0m 
  [0;1;31;91;41m@[0;31;5;41;101m88[0;1;30;90;41mS[0;1;30;90;40m@XX@SSSS8[0;1;30;90;43m%[0;1;30;90;40mS[0;31;40m8[0;1;30;90;41mX[0;1;31;91;41m8[0;31;5;41;101m8888888[0;1;31;91;41m8[0;1;30;90;41mt[0;31;40m@[0;1;30;90;43m::[0;31;40m8[0;1;31;91;41m@8888[0;31;40m8[0m 
   [0;1;31;91;41m8[0;31;5;41;101m88[0;1;31;91;41m8[0;1;30;90;41m%[0;31;40m%[0;34;40m;;;[0;31;40m;[0;33;5;40;100m8[0;1;30;90;43mt[0;1;30;90;40m8[0;34;40m;;;[0;31;40m;8[0;1;30;90;41m%%tt[0;30;41m%[0;31;40m8;[0;34;40m..[0;31;40m:[0;33;41m@[0;1;31;91;41m88888[0;30;41mt[0m  
   [0;30;41m@[0;1;31;91;41m88[0;31;5;41;101m88[0;1;31;91;41m8[0;1;30;90;41mt[0;30;41m8[0;1;30;90;43mtt[0;33;5;40;100m8[0;31;40m:[0;34;40m:::::::::....[0;31;40m:[0;30;41m8[0;1;31;91;41mS88888[0;30;41m.[0m   
    [0;30;41m@[0;1;31;91;41m88888[0;31;5;41;101m8[0;1;31;91;41mS[0;1;30;90;41mt[0;31;40m8;[0;34;40m::::::.....[0;31;40mS[0;30;41mS[0;1;31;91;41m%88888@[0;30;41m:[0m    
      [0;1;31;91;41mX88888888t[0;1;30;90;41m;t[0;30;41mX888Xt[0;1;30;90;41m;[0;1;31;91;41mS8888888@[0;30;41mX[0m     
       [0;1;30;90;41m.[0;1;31;91;41m88888888888888888888888@;[0m       
         [0;1;31;91;41mt888888888888888888@@S[0;30;41m@[0m        
           [0;1;31;91;41m;8888888888888@@@S[0;30;41mX[0m          
             [0;30;41m.[0;1;31;91;41m@8888@@@@@@@:[0;30;41m8[0m            
               [0;30;41m@[0;1;31;91;41m:@@@@@@%[0;30;41m%[0m               
                  [0;30;41m8:[0;1;31;91;41m [0;30;41mX[0m                  
