[0;1;30;90;44m.[0;1;34;94;44mSSSSSS[0;1;30;90;43m8[0;33;5;43;103m88888888888888888[0;1;33;93;43m888@@@@@@XXXXX[0;1;30;90;43m [0m
[0;1;34;94;44m;8[0;34;5;44;104m888888[0;35;5;40;100m;[0;37;5;40;100m8[0;37;43mX[0;33;5;43;103m;;;;;;;;;;;;;;;;tttttt%%%%SS[0;1;30;90;43m [0m
[0;1;34;94;44m;[0;34;5;44;104m8888888888[0;35;44m8[0;37;43m@[0;33;5;43;103m::::;;;;;;;;;;;;ttttt%%%SS[0;1;30;90;43m [0m
[0;1;34;94;44m;[0;34;5;44;104m88888888888[0;1;34;94;44m8[0;33;5;43;103m%:::::::;;;;;;;;;tttt%%%%S[0;1;33;93;43mt[0m
[0;1;34;94;44m;[0;34;5;44;104m88888888@@@@[0;35;5;40;100m [0;37;5;43;103m@%[0;33;5;43;103m.::::::;;;;;;;;tttt%%%%[0;1;33;93;43mt[0m
[0;1;30;90;43mS[0;37;5;40;100mX[0;35;5;40;100m%[0;1;34;94;44m8[0;34;5;44;104m8888@@@XXXX[0;35;5;40;100m [0;1;30;90;47m@[0;33;47m8[0;37;5;43;103mS%[0;33;5;43;103m::::;;;;;;;ttttt%%%[0;1;33;93;43mt[0m
[0;1;33;93;43mS[0;33;5;43;103m;;t[0;33;47m8[0;1;34;94;44m8[0;34;5;44;104m8@@XXXXXXXXX[0;37;5;40;100mS[0;37;5;43;103mS%[0;33;5;43;103m::::;;;;;;;tttt%%%[0;1;33;93;43mt[0m
[0;1;33;93;43mS[0;33;5;43;103m;;;:[0;33;47m8[0;34;5;44;104m8@XXXXS[0;36;5;44;104mXXX[0;34;5;44;104mSXX[0;1;30;90;47mS[0;37;5;43;103mS%[0;33;5;43;103m:::;;;;;;;tttt%%%[0;1;33;93;43mt[0m
[0;1;33;93;43mS[0;33;5;43;103m;;;::[0;1;30;90;47m@[0;34;5;44;104m@XXXX[0;36;5;44;104mXXXXX[0;34;5;44;104mSXX[0;1;30;90;47m8[0;37;5;43;103m8[0;33;5;43;103m:::;;;;;;;tttt%%%[0;1;33;93;43mt[0m
[0;1;33;93;43mS[0;33;5;43;103m;;;:::[0;37;5;43;103m@[0;1;30;90;47mt8[0;1;30;90;45m8[0;34;5;44;104mX[0;36;5;44;104mXXXXX[0;34;5;44;104mXXXX@[0;1;34;94;44m8[0;35;5;40;100m [0;33;47m8[0;33;5;43;103m;;;;;;;tttt%%%[0;1;33;93;43mt[0m
[0;1;33;93;43m%[0;33;5;43;103m;;;::::[0;37;5;43;103m%SX[0;1;30;90;47m@[0;34;5;44;104mXXSXXXXXX@@88[0;37;43m8[0;33;5;43;103m;;;;;;tttt%%%[0;1;30;90;43m [0m
[0;1;30;90;43m:[0;33;5;43;103m;;;;::::[0;37;5;43;103m%SS[0;37;5;40;100m%[0;34;5;44;104mXXXXXX@@@888[0;1;34;94;44m@[0;33;5;43;103mS;;;;;tttt%%%[0;1;30;90;43m [0m
[0;1;30;90;43m:[0;33;5;43;103m;;;;;:::::[0;37;5;43;103m%X[0;37;5;40;100mX[0;34;5;44;104m@X@@@@@88888[0;1;34;94;44m@[0;37;5;40;100mS[0;37;43m@[0;33;5;43;103m%;tttt%%%%[0;1;30;90;43m.[0m
 [0;33;5;43;103m;;;;;;;::::::t[0;33;47m8[0;1;30;90;47m8[0;1;34;94;44m8[0;34;5;44;104m88888888888[0;1;34;94;44m8[0;35;5;40;100m;[0;33;5;43;103mXttt%%%S[0m 
 [0;1;30;90;43m.[0;33;5;43;103m;;;;;;;;;::::::%[0;35;44m8[0;34;5;44;104m8888888888[0;1;34;94;44m88[0;35;5;40;100mS[0;33;5;43;103mtt%%%%[0;1;30;90;43m [0m 
  [0;33;5;43;103mt;;;;;;;;;;;;;;;[0;37;43m@[0;34;5;44;104m888888888[0;1;34;94;44m8888[0;35;5;40;100m [0;33;5;43;103m%%%%S[0m  
  [0;1;30;90;43m.[0;33;5;43;103m;;;;;;;;;;;;;;;;[0;37;43m@[0;35;5;40;100m:[0;1;34;94;44m8[0;34;5;44;104m8888[0;1;34;94;44m8888888S[0;35;5;40;100m:[0;33;5;40;100mt[0;1;33;93;43m@[0;1;30;90;43m.[0m  
   [0;1;30;90;43m.[0;33;5;43;103mt;;;;;;;;;;;;;;;;;[0;1;33;93;43m@[0;35;5;40;100m [0;1;34;94;44m88888888888@[0;30;44m%[0m   
    [0;1;30;90;43m:[0;33;5;43;103mtttt;;;;;;;;;;;;ttt[0;33;5;40;100m [0;1;34;94;44m888888888@[0;30;44m%[0m    
     [0;1;30;90;43m.[0;33;5;43;103mSttttttttttttttttt%[0;35;5;40;100mS[0;1;34;94;44m888888@X[0;30;44m8[0m     
       [0;1;30;90;43m.[0;33;5;43;103mttttttttttttttt%%%[0;1;30;90;43m8[0;35;5;40;100m [0;1;30;90;44m8[0;1;34;94;44m@@@.[0m       
        [0;31;43m8[0;1;33;93;43m@[0;33;5;43;103m%%%%%%%%%%%%%%%%%SS[0;1;33;93;43mX[0;34;5;40;100m8[0;30;44m8[0m        
          [0;1;30;90;43m.[0;1;33;93;43m@[0;33;5;43;103m%%%%%%%%%%%%SSSS[0;1;33;93;43mX[0;1;30;90;43m [0m          
             [0;1;30;90;43m [0;33;5;43;103mSSSSSSSSSSSS[0;1;30;90;43m [0m             
               [0;1;30;90;43m.[0;1;33;93;43mS[0;33;5;43;103mSSSSSS[0;1;33;93;43mS[0;1;30;90;43m [0m               
                  [0;1;30;90;43m    [0m                  
