[0;1;30;90;41m8[0;33;41m88888888[0;31;43m8[0;1;30;90;43mSXX[0;1;30;90;47m:[0;1;37;97;47m88888888888@[0;1;30;90;47m.[0;33;41m88888888[0;1;30;90;41m8888[0;30;41m@[0m
[0;1;30;90;41m8[0;31;43m8888[0;1;30;90;43mXX@@@888[0;37;5;47;107mX;;ttttttttttS[0;31;43m88888888[0;33;41m8888[0;1;30;90;41m8[0m
[0;1;30;90;41m8[0;31;43m88[0;1;30;90;43mXX@@888888[0;1;30;90;47m%[0;37;5;47;107m;;;;;;;ttttt[0;1;30;90;47m%[0;31;43m888888888[0;33;41m888[0;1;30;90;41m8[0m
[0;1;30;90;41m8[0;31;43m8[0;1;30;90;43mXX@888888888[0;37;5;47;107m8:::;;;;;tt[0;1;37;97;47m8[0;1;30;90;43mXX[0;31;43m88888888[0;33;41m888[0;1;30;90;41m8[0m
[0;1;30;90;41m8[0;1;30;90;43mX@@8888888888[0;37;5;47;107m@..::::;;;;8[0;1;30;90;43m8XX[0;31;43m88888888[0;33;41m88[0;1;30;90;41m8[0m
[0;1;30;90;41m8[0;1;30;90;43mX@8888888888[0;1;37;97;47m.[0;37;5;47;107m   ...::;;;;[0;1;30;90;47m:[0;1;30;90;43m@X[0;31;43m888888888[0;33;41m8[0;1;30;90;41m8[0m
[0;1;30;90;41m8[0;1;30;90;43m@88888888888[0;37;5;47;107m;  :[0;1;37;97;47m%[0;1;30;90;47mt@@t[0;1;37;97;47m%[0;37;5;47;107mt;;%[0;1;30;90;43m@XX[0;31;43m88888888[0;33;41m8[0;1;30;90;41m8[0m
[0;1;30;90;41m8[0;1;30;90;43m@8888888888[0;33;5;40;100m;[0;1;37;97;47mX[0;37;5;47;107m X[0;37;5;40;100m@[0;33;5;40;100mt[0;1;30;90;43m8888[0;33;5;40;100m8S[0;1;37;97;47m%[0;37;5;47;107m;[0;1;37;97;47m;[0;1;30;90;43m@@X[0;31;43m88888888[0;33;41m8[0;1;30;90;41m8[0m
[0;1;30;90;41m8[0;1;30;90;43m@8888888888[0;33;5;40;100m:[0;1;30;90;47m8[0;37;5;47;107mt[0;1;30;90;47m8[0;33;5;40;100m:;[0;1;30;90;43m8[0;37;43m8[0;1;30;90;43m88[0;33;5;40;100m88t[0;37;5;47;107mX[0;1;30;90;43m88@X[0;31;43m88888888[0;33;41m8[0;1;30;90;41m8[0m
[0;1;30;90;41m8[0;1;30;90;43m@8888888888[0;33;5;40;100m;:[0;37;5;47;107m8[0;1;30;90;47m@[0;33;5;40;100m;[0;1;30;90;47m@;[0;1;37;97;47m@t[0;1;30;90;47m%[0;33;5;40;100mX[0;1;30;90;43m8[0;33;5;40;100m:[0;1;37;97;47m8[0;1;30;90;43m8@@X[0;31;43m88888888[0;33;41m8[0;1;30;90;41m8[0m
[0;1;30;90;41m8[0;1;30;90;43m@88888888888[0;1;30;90;47m;[0;37;5;47;107m [0;37;5;40;100m@[0;33;5;40;100m [0;1;37;97;47mX :; [0;1;30;90;47m%[0;33;5;40;100m8[0;1;30;90;47m%[0;37;5;47;107m;[0;1;30;90;47m8[0;1;30;90;43m@@X[0;31;43m88888888[0;33;41m8[0;1;30;90;41m8[0m
[0;1;30;90;41m8[0;1;30;90;43m@@8888888888[0;37;5;47;107m% [0;1;30;90;47mt[0;33;5;40;100mt[0;1;37;97;47mS8:tX[0;37;5;40;100m8[0;33;5;40;100m8[0;1;37;97;47mX[0;37;5;47;107m;X[0;1;30;90;43m@XX[0;31;43m88888888[0;33;41m8[0;1;30;90;41m8[0m
[0;31;40m8[0;1;30;90;43mX@@888888888[0;1;37;97;47m8[0;37;5;47;107m.[0;1;30;90;47m%[0;33;5;40;100m%[0;1;30;90;47m.[0;1;37;97;47m.;.[0;1;30;90;47m [0;33;5;40;100mtS[0;37;5;47;107mtt[0;1;37;97;47m@[0;1;30;90;43mXX[0;31;43m88888888[0;33;41m88[0;31;40m8[0m
 [0;1;30;90;43mXX@@88888888[0;33;5;40;100m;[0;37;5;47;107mt:%::@S;S[0;1;37;97;47mt[0;37;5;47;107mtS[0;1;30;90;43m8X[0;31;43m888888888[0;33;41m88[0m 
 [0;1;30;90;41m8[0;1;30;90;43mXX@@88888888[0;1;37;97;47mX[0;37;5;47;107m;;;;;;;ttt[0;1;37;97;47mS[0;1;30;90;43mX[0;31;43m888888888[0;33;41m88[0;1;30;90;41m8[0m 
  [0;31;43m88[0;1;30;90;43mXX@@@8888[0;33;5;40;100mt[0;37;5;47;107m%;;;;tttttt%[0;33;5;40;100mS[0;31;43m88888888[0;33;41m888[0m  
  [0;31;40m8[0;31;43m888[0;1;30;90;43mXXXX@@@[0;1;37;97;47m@[0;37;5;47;107mtttttttttttt[0;1;37;97;47m8[0;31;43m8888888[0;33;41m888[0;31;40m8[0m  
   [0;30;41m8[0;31;43m888888[0;1;30;90;43mXXX[0;37;5;47;107m8tttttttttt%%8[0;31;43m888888[0;33;41m888[0;30;41m8[0m   
    [0;30;41m8[0;31;43m88888888[0;33;5;40;100m:[0;37;5;47;107m%tttttt%%%%%[0;33;5;40;100m.[0;31;43m8888[0;33;41m8888[0;30;41m8[0m    
     [0;31;40mX[0;31;43m88888888[0;1;37;97;47m%[0;37;5;47;107m%%%%%%%%SS[0;1;37;97;47m%[0;31;43m888[0;33;41m88888[0;31;40mX[0m     
       [0;1;30;90;41m8[0;31;43m88888[0;1;30;90;43m8[0;37;5;47;107m8%%%SSSSSSS8[0;1;30;90;43m8[0;33;41m88888[0;1;30;90;41m8[0m       
        [0;31;40mX[0;33;41m8[0;31;43m888[0;1;37;97;47m [0;37;5;47;107mSSSSSSSXXXXX[0;1;37;97;47m.[0;33;41m8888[0;31;40mX[0m        
          [0;31;40m@[0;33;41m88[0;37;5;47;107m8XXXXXXXXXX@@8[0;33;41m88[0;31;40m@[0m          
             [0;33;5;40;100m [0;37;5;47;107m@@@@@@@@@@@8[0;37;5;40;100m@[0m             
               [0;37;5;40;100mS[0;1;37;97;47m;[0;37;5;47;107m@@@@@@[0;1;37;97;47mt[0;37;5;40;100mS[0m               
                  [0;36;5;40;100m [0;1;30;90;47mtt[0;36;5;40;100m [0m                  
