[0;1;30;90;43m.[0;33;5;43;103m88@@@@@@@@@@@@@@@@@@@@@@@88888888888[0;1;33;93;43m88[0;1;30;90;43m [0m
[0;1;33;93;43m8[0;33;5;43;103m;;;;;;;;:::::::::::;;;;;;;;;;ttttt%%%S[0;1;33;93;43mX[0m
[0;1;33;93;43m8[0;33;5;43;103m;;;;;:::::::::::::::::;;;;;;;;ttttt%%%[0;1;33;93;43mX[0m
[0;1;33;93;43m8[0;33;5;43;103m;;;;:::::::::..:::::::::;;;;;;;tttt%%%[0;1;33;93;43mX[0m
[0;1;33;93;43m8[0;33;5;43;103m;;::::::.[0;37;5;43;103m:::::::::[0;33;5;43;103m.:::::;Xt;;;;;tttt%%[0;1;33;93;43mX[0m
[0;1;33;93;43m8[0;33;5;43;103m;::::::[0;37;5;43;103m:::.......:::[0;33;5;43;103m.::;[0;30;5;40;100mS[0;33;5;40;100m8[0;1;30;90;40mX[0;1;33;93;43m@[0;33;5;43;103mS;;;;ttt%%[0;1;33;93;43mX[0m
[0;1;33;93;43m8[0;33;5;43;103m;:::::[0;37;5;43;103m::...........::[0;33;5;43;103m.:;[0;1;30;90;43m@@[0;1;30;90;40mX[0;33;5;40;100m8[0;1;30;90;43m%[0;33;5;43;103m;;;;tttt%[0;1;33;93;43mX[0m
[0;1;33;93;43m8[0;33;5;43;103m:::::[0;37;5;43;103m;:;:[0;1;30;90;43m8[0;37;43m@[0;37;5;43;103m%88[0;33;47m8[0;37;5;43;103m8[0;33;47m8[0;37;43m@[0;37;5;43;103mX:::[0;33;5;43;103m:;[0;1;30;90;43m@[0;1;30;90;40m8[0;1;30;90;43m@[0;33;5;43;103m8;;;;;tttt%[0;1;33;93;43m@[0m
[0;1;33;93;43m8[0;33;5;43;103m:::::[0;37;5;43;103m:t[0;37;43m@[0;33;5;40;100m%[0;36;5;40;100m%t[0;33;5;40;100m;[0;36;5;40;100m:..[0;33;5;40;100m:t%%[0;37;43mX[0;37;5;43;103m::[0;33;5;43;103mS[0;33;5;40;100m8[0;1;30;90;40m@8[0;33;5;40;100m8[0;30;5;40;100mS[0;1;30;90;43mt[0;1;33;93;43m@[0;33;5;43;103m;;;tttt%[0;1;33;93;43m@[0m
[0;1;33;93;43m8[0;33;5;43;103m:::::[0;37;5;43;103m::[0;37;43mX[0;30;5;40;100m@X[0;36;5;40;100mtt;::.%[0;30;5;40;100mXS[0;33;5;40;100m@[0;1;30;90;43m8[0;37;5;43;103mt[0;33;5;40;100m8[0;1;30;90;40mX8[0;30;5;40;100m8[0;1;30;90;40m8[0;1;30;90;43m%[0;1;33;93;43m8[0;1;30;90;43mS[0;33;5;43;103mt;;tttt%[0;1;33;93;43m@[0m
[0;1;33;93;43m8[0;33;5;43;103m;::::.[0;37;5;43;103m:[0;33;5;40;100m@[0;30;5;40;100mXX[0;36;5;40;100mt[0;30;5;40;100m%[0;36;5;40;100m;t%tt[0;30;5;40;100mX@S[0;33;5;40;100m88[0;1;30;90;40m@8[0;33;5;40;100m8888[0;30;5;40;100mX[0;1;30;90;43m%;[0;33;5;43;103m%;tttt%[0;1;33;93;43mX[0m
[0;1;30;90;43m:[0;33;5;43;103m;:::::.[0;1;30;90;43m8[0;30;5;40;100m88XSS@XX[0;36;5;40;100m%[0;30;5;40;100m@8@[0;1;30;90;40m88@88XS[0;34;40m;:::[0;32;40m%[0;1;30;90;43m;[0;33;5;43;103mtttt%[0;1;30;90;43m [0m
[0;1;30;90;43m:[0;33;5;43;103m;;:::@[0;1;30;90;43m8[0;30;5;40;100m@8[0;1;30;90;40m8[0;30;5;40;100m@8X88@X[0;1;30;90;40m88[0;30;5;40;100m8[0;1;30;90;40m8X8XSX[0;34;40m::::...[0;1;30;90;43mt[0;1;33;93;43m8[0;33;5;43;103mS%%[0;1;30;90;43m.[0m
 [0;33;5;43;103m;;8[0;1;30;90;43mS8[0;33;5;40;100m [0;1;30;90;40m@X8[0;36;5;40;100m:[0;30;5;40;100m8888[0;1;30;90;40m8888[0;30;5;40;100m8[0;1;30;90;40m8@XX@SX%[0;34;40m;;:...;:[0;32;40m;[0;1;33;93;43mS[0;33;5;43;103m%[0m 
 [0;1;33;93;43mX[0;1;33;93;47mX[0;33;47m@[0;33;5;40;100m [0;1;30;90;40m8[0;36;5;40;100m;[0;30;5;40;100mX[0;36;5;40;100m [0;1;30;90;40m8[0;37;5;40;100m@[0;1;30;90;40mX@@8[0;30;5;40;100m8[0;1;30;90;40m888[0;33;5;40;100m8[0;33;5;43;103mX[0;1;33;93;43m8[0;37;5;40;100m8[0;36;5;40;100m;[0;1;30;90;40mS[0;34;40m;;::.:;.[0;32;40m;[0;1;30;90;40mX[0;34;40m:[0;32;40m:[0;1;30;90;43m:[0;1;33;93;43mS[0m 
  [0;33;5;43;103mtSX[0;33;47m88[0;1;30;90;43mS8X[0;33;5;43;103m8[0;1;30;90;43mS@[0;33;5;43;103m@[0;1;30;90;43mX@[0;1;33;93;43m8X8[0;33;5;43;103mX:;S[0;1;33;93;47m@[0;1;30;90;47mS[0;33;5;40;100mS[0;1;30;90;43m%%[0;32;40m;[0;1;30;90;43mttt;[0;1;33;93;43m@[0;33;5;43;103mX[0;1;33;93;43m8[0;33;5;43;103mXS[0m  
  [0;1;30;90;43m.[0;33;5;43;103m;;t%;;;;;;::::;;;;;;;X;;;%ttttt%%%[0;1;30;90;43m.[0m  
   [0;1;30;90;43m.[0;33;5;43;103m;;;;;;;;;;;;;;;;;;;;;;;tttttt%%%[0;1;30;90;43m [0m   
    [0;1;30;90;43m:[0;33;5;43;103m;;;;;;;;;;;;;;;;;;;;tttttt%%%%[0;1;30;90;43m.[0m    
     [0;1;30;90;43m.[0;33;5;43;103mSt;;;;;;;;;;;;;;ttttttt%%%%X[0;1;30;90;43m.[0m     
       [0;1;33;93;43mX[0;33;5;43;103mttttttttttttttttttt%%%%%[0;1;33;93;43mX[0m       
        [0;1;30;90;43m.[0;33;5;43;103m8ttttttttttttt%%%%%%%8[0;1;30;90;43m [0m        
          [0;1;30;90;43m.[0;33;5;43;103m8%%%%%%%%%%%%%%%%8[0;1;30;90;43m [0m          
             [0;1;33;93;43mS[0;33;5;43;103m%%%%%%%%%%SS[0;1;33;93;43mS[0m             
               [0;1;30;90;43m.[0;1;33;93;43m8[0;33;5;43;103mSSSSSS[0;1;33;93;43m8[0;1;30;90;43m [0m               
                  [0;1;30;90;43m    [0m                  
