[0;37;5;40;100m@[0;1;30;90;42m8[0;30;42m;[0;1;30;90;42m::::;;;;;tttttt;;[0;1;37;97;47m@8888@@@@@XXXSSS%%[0;1;30;90;47m%[0;1;30;90;42mX[0m
[0;1;37;97;47m:[0;37;5;47;107mS[0;1;30;90;47m8[0;1;30;90;42m%;;;ttt%%%%X%%%%%[0;37;5;47;107m%tttX8S%%%%SSSXX[0;1;37;97;47m8[0;36;5;40;100m [0;30;42m:S[0m
[0;1;37;97;47m;[0;37;5;47;107mtt8[0;36;5;40;100m [0;1;30;90;42m%8S%S[0;33;42m88[0;1;30;90;43mS[0;1;33;93;43mX[0;1;37;97;47m@;[0;1;30;90;47mS[0;32;5;40;100m@[0;1;30;90;42mSS[0;37;5;47;107mtt[0;1;37;97;47mS[0;37;5;40;100mt[0;1;30;90;42m%[0;33;42m8[0;1;30;90;43mS[0;1;33;93;43m@[0;1;37;97;47m%%[0;37;5;47;107m@%8[0;1;37;97;47m%8[0;1;30;90;47m@[0;1;30;90;42m%[0;30;42m..S[0m
[0;1;37;97;47m;[0;37;5;47;107mtt%[0;36;5;40;100m [0;32;5;40;100m%[0;1;37;97;47m%[0;37;5;47;107mS[0;37;5;40;100m%[0;1;30;90;42mX[0;1;30;90;43m@@[0;33;5;40;100m8[0;1;30;90;43m88[0;1;30;90;47m [0;37;5;47;107m@[0;1;30;90;47mt[0;1;30;90;42m@X[0;37;5;47;107mtX[0;36;5;40;100m.[0;1;30;90;42m%[0;1;30;90;43m%%[0;1;30;90;47mS [0;1;37;97;47m;%[0;37;5;47;107m%[0;1;30;90;47m8[0;1;30;90;42m;8[0;1;37;97;47m [0;1;30;90;47m8[0;1;30;90;42m.[0;30;42m..S[0m
[0;1;37;97;47m;[0;37;5;47;107mtt[0;1;37;97;47m:[0;1;30;90;42m%X@[0;1;30;90;47m88[0;1;30;90;42m@888[0;1;30;90;43m888[0;1;37;97;47m@[0;37;5;47;107m:[0;1;37;97;47mt[0;1;30;90;42m8[0;37;5;47;107mS[0;36;5;40;100m;[0;1;30;90;42mXS[0;33;47m8[0;1;37;97;47mX88[0;37;5;47;107mXtt[0;37;5;40;100mt[0;1;30;90;47m8[0;37;5;47;107m8[0;1;37;97;47mS[0;37;5;47;107mS[0;1;30;90;42m8.[0;30;42m.S[0m
[0;1;37;97;47m;[0;37;5;47;107mtt[0;1;37;97;47m [0;1;30;90;42mSX[0;1;30;90;47m8[0;1;37;97;47mS[0;37;5;47;107m@[0;1;30;90;47m8[0;1;30;90;42m88888[0;32;5;40;100mX[0;36;5;40;100m;[0;1;37;97;47mX[0;37;5;47;107m.[0;1;37;97;47m%[0;36;5;40;100m;[0;1;30;90;42m8[0;32;5;40;100mS[0;1;37;97;47m:8[0;37;5;47;107m;ttt%[0;1;30;90;47m@[0;1;30;90;42m%S[0;36;5;40;100m [0;37;5;47;107m8S[0;32;5;40;100mX[0;1;30;90;42m.[0;30;42m.S[0m
[0;1;37;97;47m;[0;37;5;47;107mtt[0;1;37;97;47mt[0;1;30;90;42mSX@888[0;36;5;40;100mt[0;1;37;97;47m 8:[0;1;30;90;47m8[0;32;5;40;100mXX[0;37;5;40;100m;[0;37;5;47;107m ;[0;1;30;90;42m88[0;1;37;97;47m [0;37;5;47;107m;;[0;1;30;90;47m;[0;36;5;40;100m [0;32;5;40;100m@[0;36;5;40;100m [0;1;37;97;47mS[0;37;5;47;107m88@X[0;1;37;97;47m.[0;37;5;47;107mS[0;1;30;90;42m8..[0;30;42mS[0m
[0;1;37;97;47m;[0;37;5;47;107mtt[0;1;37;97;47m8[0;1;30;90;42mX@[0;36;5;40;100m;[0;1;30;90;42m8888[0;32;5;40;100mX[0;1;30;90;47m8[0;37;5;47;107mS [0;1;37;97;47m@[0;1;30;90;47m8X[0;37;5;47;107m;;[0;1;30;90;42m88[0;1;30;90;47m8%[0;36;5;40;100m%[0;1;30;90;42mS8[0;1;30;90;47m;[0;37;5;47;107mtttS[0;1;37;97;47m;[0;1;30;90;47m@[0;1;37;97;47m%[0;37;5;47;107mS[0;1;30;90;42mt..[0;30;42mS[0m
[0;1;37;97;47m;[0;37;5;47;107mt;[0;1;37;97;47m@[0;1;30;90;42mX[0;36;5;40;100m;[0;1;30;90;47mS[0;1;30;90;42m88[0;32;5;40;100m@XS[0;36;5;40;100m%:[0;1;37;97;47m [0;37;5;47;107mtX  ;[0;1;30;90;42m888@@[0;37;5;40;100mt[0;1;37;97;47mStSX::X[0;36;5;40;100m [0;1;30;90;47m@[0;37;5;47;107m8[0;1;30;90;42mS..[0;30;42mS[0m
[0;1;37;97;47m;[0;37;5;47;107mtt[0;1;30;90;47mX[0;1;30;90;42mX[0;1;30;90;47m;[0;36;5;40;100m:[0;1;30;90;42m8[0;32;5;40;100m@[0;1;30;90;42m8[0;36;5;40;100m;[0;32;5;40;100mS[0;36;5;40;100mt;; [0;1;37;97;47m;[0;37;5;47;107m  ;[0;1;30;90;42m888[0;36;5;40;100m:[0;1;30;90;47mS[0;1;37;97;47mX.88[0;1;30;90;47mt[0;1;37;97;47m8:@[0;1;30;90;47m:[0;36;5;40;100mt[0;1;37;97;47m%[0;36;5;40;100m.[0;1;30;90;42m..[0;30;42mS[0m
[0;1;37;97;47m:[0;37;5;47;107mtt@[0;1;37;97;47m8:[0;1;30;90;42m@[0;36;5;40;100m.[0;1;30;90;42m8[0;32;5;40;100mS[0;36;5;40;100m [0;32;5;40;100mX[0;1;30;90;47m8[0;32;5;40;100mS[0;36;5;40;100m.[0;32;5;40;100mS[0;36;5;40;100m:[0;1;30;90;47m8[0;37;5;47;107m@;[0;1;30;90;42m8[0;36;5;40;100m%[0;1;37;97;47m::8[0;1;30;90;47m:[0;1;37;97;47m8[0;1;30;90;47m8[0;1;37;97;47m8[0;1;30;90;47mS[0;1;37;97;47m@@[0;1;30;90;47m8[0;37;5;47;107m%[0;32;5;40;100m@[0;1;30;90;42mS:..[0;30;42mS[0m
[0;1;30;90;47m8[0;1;37;97;47m%%%S[0;36;5;40;100m t[0;37;5;40;100mS[0;36;5;40;100m:[0;1;30;90;47m8[0;36;5;40;100m :[0;1;30;90;47m@[0;36;5;40;100m [0;37;5;40;100m;[0;36;5;40;100m [0;1;30;90;47m8[0;36;5;40;100m. [0;1;37;97;47m [0;37;5;40;100m;[0;1;37;97;47m%;[0;1;30;90;47m888[0;1;37;97;47m [0;36;5;40;100m [0;1;37;97;47m  [0;36;5;40;100m [0;1;30;90;47m;[0;37;5;40;100mX[0;1;30;90;47m%S[0;1;30;90;42m@888X[0m
[0;32;40m8[0;1;30;90;42m;t%[0;1;30;90;47m8@[0;36;5;40;100m.[0;37;5;47;107m;[0;1;30;90;47m%[0;1;37;97;47m [0;37;5;47;107m:[0;37;5;40;100mt[0;37;5;47;107m8[0;1;30;90;47m:[0;36;5;40;100m:[0;1;37;97;47m:[0;37;5;47;107m.t[0;1;30;90;47m;[0;32;5;40;100mX[0;37;5;47;107m8[0;36;5;40;100m [0;1;30;90;42mXS[0;32;5;40;100mS[0;1;37;97;47m:[0;36;5;40;100m [0;1;30;90;42mS[0;1;30;90;47m@[0;1;30;90;42m:[0;32;5;40;100mS[0;36;5;40;100m [0;1;30;90;42m:[0;1;30;90;47m8[0;36;5;40;100m :[0;37;5;47;107mSXX[0;37;5;40;100mS[0m
 [0;1;30;90;42m;;t%[0;32;5;40;100m@[0;37;5;47;107m8[0;1;37;97;47m.[0;36;5;40;100m.[0;37;5;47;107m;[0;1;30;90;47m%[0;37;5;40;100m%[0;1;37;97;47m;[0;1;30;90;42m8[0;36;5;40;100m:[0;37;5;47;107m%[0;1;37;97;47m8[0;36;5;40;100m [0;1;30;90;47m8[0;1;30;90;42m@[0;37;5;47;107mt[0;37;5;40;100m%[0;1;30;90;47mS[0;32;5;40;100mX[0;1;30;90;42m%[0;1;37;97;47m [0;37;5;47;107mX[0;32;5;40;100mS[0;1;30;90;47m8[0;36;5;40;100m.[0;1;30;90;42m:[0;1;30;90;47m8[0;32;5;40;100mX[0;1;30;90;42mt[0;1;37;97;47m.[0;37;5;47;107mSXX@[0m 
 [0;30;42mS[0;1;30;90;42m;;t[0;37;5;40;100mtt[0;1;30;90;42m8[0;37;5;47;107m8[0;1;37;97;47m [0;1;30;90;42mX[0;32;5;40;100m@[0;1;30;90;42mX@[0;1;30;90;47mS8[0;36;5;40;100m:[0;1;37;97;47m;@[0;1;30;90;42mS[0;37;5;47;107mt[0;1;30;90;42m8[0;32;5;40;100mX[0;1;30;90;47mS[0;37;5;40;100mS[0;1;30;90;43m8[0;37;5;47;107m8%[0;1;37;97;47mt[0;37;5;47;107mX[0;32;5;40;100mS[0;1;30;90;42mt[0;1;37;97;47mt[0;1;30;90;47m88[0;37;5;47;107mXXX[0;1;30;90;47m.[0m 
  [0;1;30;90;42m::;;%[0;1;37;97;47mt[0;1;30;90;47m8[0;1;30;90;42m%S[0;1;30;90;43mS[0;1;30;90;42mS[0;1;30;90;43m@8[0;1;30;90;47m:[0;37;5;47;107m%;[0;1;30;90;47m@[0;1;30;90;42m%[0;37;5;47;107mt[0;37;5;40;100mt[0;1;30;90;42mt;[0;32;5;40;100m8[0;1;30;90;43m8[0;33;47mS[0;37;5;47;107m@[0;1;37;97;47m@t[0;37;5;47;107mX[0;36;5;40;100m [0;1;30;90;42m@[0;1;37;97;47m8[0;37;5;47;107mXXX8[0m  
  [0;32;40m8[0;1;30;90;42m:::;@;[0;32;43mX[0;1;33;93;43m@@[0;1;30;90;47m:[0;37;43m@[0;1;37;97;47m@8[0;37;5;47;107m%[0;1;37;97;47m@[0;1;30;90;47m8[0;1;30;90;42mt[0;37;5;47;107m%[0;37;5;40;100mS[0;1;30;90;42mX;[0;33;42mSS[0;1;30;90;43m:X[0;1;33;93;43mX@[0;1;37;97;47mS[0;37;5;47;107mX[0;1;37;97;47mS[0;37;5;47;107m8XX@[0;36;5;40;100m [0m  
   [0;30;42m8[0;1;30;90;42m::::;[0;33;42m8[0;1;33;93;43m@[0;33;5;43;103m@[0;33;47m@[0;1;37;97;47m8[0;1;33;93;47m@[0;1;33;93;43m@[0;1;37;97;47m%[0;1;30;90;42m8@;[0;37;5;47;107m%[0;1;37;97;47mXt[0;1;30;90;42m8[0;1;30;90;43m::[0;32;43m8[0;1;30;90;43m:[0;1;33;93;43m@X[0;1;30;90;47m [0;1;37;97;47m8[0;37;5;47;107mXXX@[0;37;5;40;100m8[0m   
    [0;30;42m8[0;1;30;90;42m:::[0;37;5;40;100m;[0;1;37;97;47mt[0;1;33;93;47m8[0;1;37;97;47m@[0;37;5;47;107mtt%[0;1;37;97;47m%[0;37;5;47;107m@[0;1;37;97;47m [0;32;5;40;100mS[0;1;30;90;42m:[0;37;5;47;107m%[0;1;30;90;47mX[0;1;30;90;42m8:%::.[0;32;43m8[0;1;30;90;43m.[0;1;30;90;42m%[0;1;30;90;47m8[0;37;5;47;107m@@@[0;37;5;40;100m8[0m    
     [0;32;40mX[0;32;5;40;100m@[0;1;37;97;47mt[0;37;5;47;107m%S8%%[0;1;37;97;47m8[0;1;30;90;42m8::88:[0;37;5;47;107mS[0;1;37;97;47m t[0;37;5;47;107mXS[0;1;37;97;47m;[0;1;30;90;42m%..[0;30;42m:..[0;1;30;90;42m8[0;1;30;90;47m;[0;36;5;40;100m.[0m     
       [0;1;30;90;47m [0;37;5;47;107mSSS%%[0;1;37;97;47m [0;1;30;90;42mt[0;37;5;40;100mt[0;1;30;90;47m@[0;37;5;47;107m@[0;1;30;90;47m%[0;1;30;90;42m:[0;37;5;47;107mX[0;36;5;40;100mt[0;1;30;90;42m:[0;36;5;40;100m:[0;1;30;90;47m8[0;1;37;97;47mX[0;1;30;90;42m8..[0;30;42m...S[0m       
        [0;36;5;40;100m.[0;1;37;97;47m@[0;37;5;47;107mSSS[0;1;37;97;47m [0;1;30;90;47m8[0;37;5;47;107mSSS[0;36;5;40;100m [0;1;30;90;42m.[0;37;5;47;107mX[0;1;30;90;47m8[0;1;30;90;42m...[0;36;5;40;100mt[0;1;30;90;42m8[0;30;42m...t[0;32;40mX[0m        
          [0;36;5;40;100m [0;1;37;97;47mX[0;37;5;47;107mXX[0;1;37;97;47m@[0;37;5;47;107m@XX[0;1;37;97;47m;[0;1;30;90;42m%[0;1;37;97;47mX[0;1;30;90;42m@[0;30;42m...;.:t[0;32;40m@[0m          
             [0;1;30;90;47m.[0;37;5;47;107m@@@@@[0;1;37;97;47mS[0;1;30;90;42m;[0;30;42m..:::X[0m             
               [0;37;5;40;100mS[0;1;37;97;47m;[0;37;5;47;107m@@[0;1;37;97;47m8[0;30;42m:::%[0;32;40m8[0m               
                  [0;36;5;40;100m [0;1;30;90;47mS[0;30;42m@[0;32;40m8[0m                  
