[0;30;42mX;;[0;1;30;90;42m::::;;;;;tttttt;;;;::::[0;30;42m;;;;;;;tttttt@[0m
[0;30;42m%[0;1;30;90;42m::;;tt%%%SSSSSSSSS%%%ttt;;;;;;:::::.[0;30;42m.:S[0m
[0;30;42m%[0;1;30;90;42m::[0;1;37;97;47m X                        [0;1;30;90;47m;tttt%[0;1;37;97;47m;[0;1;30;90;47mt[0;30;42m..S[0m
[0;30;42m%[0;1;30;90;42m;;[0;1;37;97;47m [0;1;30;90;47m8[0;36;5;40;100m [0;1;37;97;47m.                       [0;1;30;90;47m;tt[0;1;37;97;47m [0;36;5;40;100m:[0;37;5;40;100mt[0;1;30;90;47m;[0;30;42m..S[0m
[0;30;42mt[0;1;30;90;42m;t[0;1;37;97;47m [0;1;30;90;47m88[0;1;37;97;47m.[0;1;30;90;42mX@@8888888888@XXS%%t;;::::[0;1;30;90;47mt8[0;37;5;40;100mt[0;1;30;90;47m;[0;1;30;90;42m.[0;30;42m.S[0m
[0;30;42mt[0;1;30;90;42mtt[0;1;37;97;47m [0;1;30;90;47m88[0;1;37;97;47m:[0;1;30;90;42m@88888888888888@XS%%t;;:::[0;1;30;90;47mt8[0;37;5;40;100m%[0;1;37;97;47m [0;1;30;90;42m.[0;30;42m.S[0m
[0;30;42mt[0;1;30;90;42mt%[0;1;37;97;47m [0;1;30;90;47m88[0;1;37;97;47m:[0;1;30;90;42m888888[0;32;5;40;100mXXXX[0;1;30;90;42m888888@XS%tt;:::[0;1;30;90;47mt8[0;37;5;40;100m%[0;1;37;97;47m [0;1;30;90;42m..[0;30;42mS[0m
[0;30;42mt[0;1;30;90;42mt%[0;1;37;97;47m [0;1;30;90;47m88[0;1;37;97;47m;[0;1;30;90;42m8888[0;32;5;40;100mXS[0;36;5;40;100m%%%[0;32;5;40;100m%S[0;1;30;90;42m88888@XS%%t;;::[0;1;30;90;47mt8[0;37;5;40;100m%[0;1;37;97;47m [0;1;30;90;42m..[0;30;42mS[0m
[0;30;42mt[0;1;30;90;42mt%[0;1;37;97;47m [0;1;30;90;47m88[0;1;37;97;47m;[0;1;30;90;42m8888[0;32;5;40;100mS[0;36;5;40;100m%t;;t[0;32;5;40;100mSX[0;1;30;90;42m8888@XSS%t;;::[0;1;30;90;47mt8[0;37;5;40;100m%[0;1;37;97;47m [0;1;30;90;42m..[0;30;42mS[0m
[0;30;42mt[0;1;30;90;42mt%[0;1;37;97;47m [0;1;30;90;47m88[0;1;37;97;47m;[0;1;30;90;42m8888[0;32;5;40;100mS[0;36;5;40;100m%ttt%[0;32;5;40;100mSX[0;1;30;90;42m8888@XS%%t;;::[0;1;30;90;47mt8[0;37;5;40;100m%[0;1;37;97;47m [0;1;30;90;42m..[0;30;42mS[0m
[0;30;42mt[0;1;30;90;42mt%[0;1;37;97;47m [0;1;30;90;47m88[0;1;37;97;47m;[0;1;30;90;42m88888[0;32;5;40;100mXSSSS[0;1;30;90;42m888888@XS%tt;:::[0;1;30;90;47m;88;[0;1;30;90;42m..[0;30;42mS[0m
[0;30;42mS[0;1;30;90;42mtt[0;1;30;90;47mX%[0;37;5;40;100m;[0;1;37;97;47m@[0;1;30;90;42m888888888888888@XSS%t;;:::[0;1;37;97;47m;[0;36;5;40;100m.[0;1;30;90;47m88[0;1;30;90;42m..[0;30;42m@[0m
[0;32;40m8[0;1;30;90;42m;t[0;36;5;40;100m [0;1;37;97;47mX[0;1;30;90;42m8[0;37;5;47;107m%[0;1;30;90;42m8@888888888888@XSS%tt;:::%[0;37;5;47;107mX[0;1;30;90;42mX[0;1;37;97;47m;[0;36;5;40;100m [0;1;30;90;42m.[0;30;42m.[0;32;40m8[0m
 [0;1;30;90;42m;;S[0;37;5;47;107m@[0;32;5;40;100mS[0;1;37;97;47m [0;1;30;90;47mX[0;1;30;90;42mX@@@888888@@XXS%%tt;::::[0;1;30;90;47m8[0;1;37;97;47m [0;1;30;90;42m8[0;37;5;47;107m8[0;1;30;90;42mt.[0;30;42m.[0m 
 [0;30;42mS[0;1;30;90;42m;;[0;1;30;90;47m8[0;1;37;97;47m:[0;1;30;90;42m8[0;37;5;47;107m@[0;32;5;40;100mS[0;1;30;90;42mSXXXXXXXXXSS%%tt;;::::8[0;37;5;47;107m8[0;1;30;90;42m8[0;1;37;97;47m [0;1;30;90;47m8[0;1;30;90;42m.[0;30;42m.S[0m 
  [0;1;30;90;42m::t[0;1;37;97;47m%[0;1;30;90;47m8[0;36;5;40;100m [0;1;37;97;47m8[0;1;30;90;42m8%%SSSSSS%%%tt;;;::::%[0;1;37;97;47mS[0;36;5;40;100m  [0;1;37;97;47m;[0;1;30;90;42m:[0;30;42m.:[0m  
  [0;32;40m8[0;1;30;90;42m::@[0;1;37;97;47m@[0;36;5;40;100m [0;37;5;40;100mt[0;1;37;97;47mX[0;1;30;90;42m8ttttttttt;;;;:::::@[0;1;37;97;47m%[0;37;5;40;100mt[0;36;5;40;100m;[0;1;37;97;47mS[0;1;30;90;42mX[0;30;42m..[0;32;40m8[0m  
   [0;30;42m8[0;1;30;90;42m::@[0;1;37;97;47mS[0;1;30;90;47m8[0;36;5;40;100m:[0;1;37;97;47m8[0;36;5;40;100m:[0;1;30;90;42m;;;;;;;;;:::::::[0;36;5;40;100mt[0;1;37;97;47mX[0;36;5;40;100m;[0;37;5;40;100m;[0;1;37;97;47m%[0;1;30;90;42mX[0;30;42m..8[0m   
    [0;30;42m8[0;1;30;90;42m::%[0;1;37;97;47m  [0;1;30;90;42m8[0;1;37;97;47m [0;1;30;90;47mt[0;1;30;90;42m@::::::::::::S[0;1;30;90;47mS[0;1;37;97;47m [0;1;30;90;42m8[0;1;30;90;47m%;[0;1;30;90;42mt[0;30;42m..8[0m    
     [0;32;40mX[0;1;30;90;42m:::[0;36;5;40;100m [0;1;37;97;47mS[0;37;5;40;100m;[0;36;5;40;100m:[0;1;37;97;47m;[0;1;30;90;47m8[0;1;30;90;42mX::::::::S[0;1;30;90;47m8[0;1;37;97;47m;[0;36;5;40;100m: [0;1;37;97;47mt[0;36;5;40;100m [0;30;42m..:[0;32;40mX[0m     
       [0;30;42mS[0;1;30;90;42m.:t[0;1;30;90;47m8[0;1;37;97;47mt[0;36;5;40;100m .[0;1;37;97;47m.[0;1;30;90;47m%[0;32;5;40;100mX[0;1;30;90;42m::..[0;32;5;40;100m@[0;1;30;90;47mS[0;1;37;97;47m [0;36;5;40;100m::[0;1;37;97;47m:[0;1;30;90;47m8[0;1;30;90;42mt[0;30;42m..S[0m       
        [0;32;40mX[0;30;42m;[0;1;30;90;42m..%[0;1;30;90;47m8[0;1;37;97;47m;[0;1;30;90;47m8[0;32;5;40;100mS[0;1;30;90;47m8[0;1;37;97;47m.[0;1;30;90;47m88[0;1;37;97;47m.[0;1;30;90;47m8[0;32;5;40;100mS[0;37;5;40;100mt[0;1;37;97;47m:[0;1;30;90;47m8[0;1;30;90;42m%[0;30;42m..t[0;32;40mX[0m        
          [0;32;40m@[0;30;42mt[0;1;30;90;42m..:[0;36;5;40;100m.[0;1;37;97;47m [0;1;30;90;47m;[0;36;5;40;100m tt [0;1;30;90;47mt;[0;36;5;40;100m.[0;1;30;90;42m:[0;30;42m.:t[0;32;40m@[0m          
             [0;30;42mS...[0;1;30;90;42mt[0;36;5;40;100m [0;1;30;90;47m%t[0;36;5;40;100m [0;1;30;90;42m%[0;30;42m:::X[0m             
               [0;32;40m8[0;30;42m%::::::%[0;32;40m8[0m               
                  [0;32;40m@[0;30;42mXX[0;32;40m8[0m                  
