[0;1;30;90;47mt[0;1;37;97;47m@@@@88.[0;1;30;90;44m8[0;1;34;94;44mXXXXXXXXXXXXSSSSSSSSS%%%%%%ttt[0;30;44m:[0m
[0;1;37;97;47m:[0;37;5;47;107m%[0;1;37;97;47m.[0;1;30;90;41m8[0;1;31;91;41m%[0;1;30;90;47m8[0;37;5;47;107mttt[0;1;30;90;47mX[0;34;5;44;104m88888888888888888[0;1;34;94;44m8888888888@@.[0m
[0;1;37;97;47m;[0;37;5;47;107mt[0;1;30;90;47m8[0;1;31;91;41m@@[0;1;30;90;47m8[0;1;37;97;47m:.  [0;37;5;47;107m8[0;1;30;90;47m8[0;34;5;44;104m88888888888888888[0;1;34;94;44m888888888@:[0m
[0;1;37;97;47m;[0;37;5;47;107mt[0;1;30;90;47mS[0;1;31;91;41m@8@@@X[0;1;30;90;47m8[0;1;37;97;47m;[0;37;5;47;107m%[0;1;37;97;47mX[0;36;5;44;104mX[0;34;5;44;104m@@88888888888888[0;1;34;94;44m888888888:[0m
[0;37;5;40;100m%[0;37;5;47;107mSt[0;1;30;90;47mt[0;37;5;40;100m;[0;1;31;91;41m88[0;1;30;90;47m88[0;1;30;90;41m8[0;35;5;40;100mt[0;1;37;97;47m.[0;37;5;47;107m;:[0;1;37;97;47m [0;34;5;44;104mX@@@@88888888888[0;1;34;94;44m88888888:[0m
[0;1;34;94;44m;[0;34;5;44;104m8[0;1;37;97;47m [0;37;5;47;107mt8S[0;1;37;97;47m8:[0;37;5;47;107m::[0;1;37;97;47mX[0;37;5;47;107mX.  ;[0;1;30;90;47m8[0;34;5;44;104mXX@@@888888888[0;1;34;94;44m88888888:[0m
[0;1;34;94;44m;[0;34;5;44;104m88[0;36;5;44;104m@[0;37;5;47;107m8;::..       8[0;1;30;90;47m8[0;34;5;44;104mX@@@888888888[0;1;34;94;44m8888888:[0m
[0;1;34;94;44m;[0;34;5;44;104m8888[0;1;30;90;47m8[0;37;5;47;107m%:.     S[0;1;37;97;47m%[0;37;5;47;107m@  [0;1;37;97;47mt[0;36;5;44;104mX[0;34;5;44;104m@@888888888[0;1;34;94;44m8888888:[0m
[0;1;34;94;44m;[0;34;5;44;104m88888@[0;1;37;97;47m [0;37;5;47;107m.    @[0;1;30;90;47m8[0;35;5;40;100m;[0;1;30;90;47m8[0;37;5;47;107m   ;[0;1;30;90;47mX[0;34;5;44;104m@@88888888[0;1;34;94;44m8888888:[0m
[0;1;34;94;44m;[0;34;5;44;104m88888@@[0;1;34;94;47m8[0;37;5;47;107m8   [0;1;37;97;47m [0;35;5;41;101m8X[0;1;30;90;47m8888[0;1;37;97;47m [0;37;5;47;107mS8[0;1;30;90;47m8[0;34;5;44;104m88888888[0;1;34;94;44m8888888:[0m
[0;1;34;94;44m;[0;34;5;44;104m88888@@@X[0;1;30;90;47m8[0;37;5;47;107mt ;[0;1;37;97;47m [0;31;5;41;101m88888[0;35;5;40;100m;[0;1;30;90;47m8[0;1;37;97;47m [0;37;5;47;107mX[0;1;37;97;47m;[0;34;5;44;104m@888888[0;1;34;94;44m8888888:[0m
[0;1;30;90;44m:[0;34;5;44;104m888888@@@XX[0;1;37;97;47m [0;37;5;47;107m.8[0;1;37;97;47m:[0;1;30;90;47m888[0;1;37;97;47mt[0;1;30;90;47mS[0;35;5;40;100m.[0;1;37;97;47m:[0;37;5;47;107m;;%[0;1;30;90;47m8[0;34;5;44;104m8888[0;1;34;94;44m88888888[0;30;44m.[0m
[0;30;44mS[0;34;5;44;104m88888888@@@@[0;36;5;44;104mX[0;1;37;97;47mX[0;37;5;47;107m...%t:;S;;tt8[0;1;30;90;47m8[0;34;5;44;104m88[0;1;34;94;44m88888888[0;30;44mX[0m
 [0;34;5;44;104m8888888888@@@@[0;1;30;90;47m8[0;37;5;47;107m@::;;;;;ttttt[0;1;37;97;47m;[0;34;5;44;104m8[0;1;34;94;44m88888888[0m 
 [0;1;34;94;44m.[0;34;5;44;104m888888888888888[0;1;30;90;47mX[0;37;5;47;107mt;;;tt@[0;1;30;90;47m:[0;35;5;40;100m [0;1;30;90;47m8[0;37;5;47;107mX%%[0;1;30;90;47m@[0;1;34;94;44m888888.[0m 
  [0;1;34;94;44m8[0;34;5;44;104m8888888888888888[0;1;37;97;47m:[0;37;5;47;107mttttX[0;35;5;40;100m;[0;1;31;91;41m8S[0;37;5;47;107m8%X8[0;1;37;97;47mX[0;37;5;40;100m:[0;1;34;94;44m888@[0m  
  [0;30;44m@[0;34;5;44;104m88888888888888888[0;36;5;40;100m.[0;37;5;47;107m8tt[0;1;37;97;47mS[0;1;31;91;41m@X@XXX@[0;1;30;90;47mS[0;1;37;97;47mS:[0;1;34;94;44m88[0;30;44m@[0m  
   [0;30;44mt[0;1;34;94;44m88[0;34;5;44;104m8888888888888888[0;1;30;90;47m8[0;37;5;47;107mX%8[0;1;31;91;41mXX@SSS[0;31;5;40;100mS[0;1;30;90;47m8[0;1;37;97;47mt[0;37;5;47;107m@[0;36;5;40;100mt[0m   
    [0;30;44m%[0;1;34;94;44m8888[0;34;5;44;104m88888888888[0;1;34;94;44m888[0;34;5;44;104m8[0;1;37;97;47m [0;37;5;47;107m@8[0;1;30;90;47mX[0;1;37;97;47m [0;37;5;40;100m;[0;1;37;97;47m@8[0;1;30;90;47mS8[0;37;5;47;107m@[0;37;5;40;100m8[0m    
     [0;30;44m8[0;1;34;94;44m@888888888888888888[0;34;5;44;104m8[0;1;37;97;47m%[0;37;5;47;107mSXXXX@[0;1;37;97;47m8[0;36;5;40;100m.[0m     
       [0;1;34;94;44m:8888888888888888888[0;1;30;90;47m8[0;37;5;47;107m8X@@[0;1;30;90;47m.[0m       
        [0;34;40m8[0;1;34;94;44mS8888888888888888888[0;1;30;90;47m@[0;1;37;97;47mS[0;36;5;40;100m.[0m        
          [0;30;44m8[0;1;34;94;44m%8888888888888@@@%[0;30;44m8[0m          
             [0;1;34;94;44m.@8888@@@@@@@.[0m             
               [0;30;44mX[0;1;34;94;44m;@@@@@@t[0;30;44mS[0m               
                  [0;30;44m@. @[0m                  
