[0;34;40m......:::::::::::::::::...........      [0m
[0;34;40m..:::::;;;;;;[0;1;30;90;40m%%%%[0;34;40m;;;;;:::::.........    [0m
[0;34;40m.:::[0;31;40m;[0;1;30;90;40m8[0;31;5;40;100mSS[0;1;30;90;40mSSSSXXXXXXSSS[0;34;40m;;;:::::..[0;31;40m:88X.[0;34;40m.   [0m
[0;34;40m.:[0;31;40m;[0;33;5;40;100m88[0;33;5;43;103m8[0;1;33;93;43mX[0;1;30;90;43mX[0;1;30;90;40mXX@@@888@@8888S[0;34;40m;;;::::.[0;32;40m.[0;1;30;90;43m:[0;1;33;93;43mt@[0;1;30;90;41m88[0;31;40m:[0;34;40m  [0m
[0;34;40m.[0;1;30;90;40m8[0;1;30;90;43mt[0;31;40m%[0;34;40m;[0;1;30;90;40mSXX@[0;33;5;40;100m88[0;1;30;90;43m8[0;33;5;40;100m8[0;30;5;40;100m8[0;33;5;40;100m8[0;1;30;90;43m8[0;30;5;40;100mX[0;1;30;90;40m8[0;1;30;90;43m8[0;1;30;90;40m88[0;1;30;90;43mX[0;1;30;90;40mX8[0;1;30;90;43mS[0;30;5;40;100m@[0;31;40mt[0;33;5;40;100m8[0;1;30;90;43m;;[0;31;40m@:[0;34;40m..[0;31;40m:[0;34;40m.[0;31;40m:[0;1;30;90;43m.[0;31;40mX[0;34;40m [0m
[0;34;40m:[0;1;30;90;43mt[0;33;5;40;100m8[0;34;40m;[0;1;30;90;40mSX[0;30;5;40;100m8[0;1;30;90;43m@8[0;33;5;40;100m8[0;30;5;40;100m@8[0;33;5;40;100m@[0;37;43mS[0;33;5;40;100m@[0;30;5;40;100m@[0;1;30;90;43m8[0;30;5;40;100m8[0;1;33;93;43m8[0;1;30;90;40m88[0;1;33;93;43m@[0;1;30;90;40m@[0;1;30;90;43mX[0;1;30;90;40mX8[0;1;30;90;43mt[0;31;5;40;100mX[0;31;40m;;[0;1;30;90;40m8[0;1;30;90;43m;;[0;31;40m%[0;34;40m...[0;31;40m8[0;1;30;90;43m.[0;34;40m [0m
[0;34;40m:[0;31;40m;[0;1;30;90;43m%SX@[0;33;5;40;100m8[0;1;30;90;40m88[0;30;5;40;100m88[0;33;5;40;100m@[0;30;5;40;100mS[0;33;5;40;100mS[0;37;43m@[0;30;5;40;100mX[0;1;30;90;43m8[0;33;5;40;100mX[0;33;5;43;103m@[0;30;5;40;100m88[0;1;33;93;43m@[0;30;5;40;100mX[0;1;30;90;43mX[0;1;30;90;40mX[0;1;30;90;43mS[0;1;30;90;40mX[0;31;40mt[0;33;5;40;100m8[0;34;40m:::[0;31;40m:[0;31;5;40;100mS[0;1;30;90;43m::::[0;31;40m.[0;34;40m [0m
[0;34;40m:;;[0;1;30;90;40mSX@88[0;30;5;40;100m88@S[0;1;30;90;43m8[0;33;5;40;100m%[0;37;43m@[0;33;5;40;100mt%[0;1;30;90;43m8[0;33;5;43;103m@[0;30;5;40;100m@8[0;1;33;93;43m8[0;1;30;90;43m8[0;30;5;40;100mX[0;1;30;90;40m@[0;1;30;90;43mS[0;33;5;40;100m8[0;1;30;90;43m%[0;31;40mt[0;34;40m:::....... [0m
[0;34;40m:;[0;1;30;90;40m%SX@88[0;30;5;40;100m8@XS[0;36;5;40;100mt[0;33;5;40;100m;[0;33;47m8[0;1;30;90;43m88[0;37;43m@[0;37;5;43;103mX[0;33;5;40;100mX[0;30;5;40;100mX[0;33;5;43;103mt[0;1;30;90;43m8@@S[0;1;30;90;40m8[0;34;40m;;:::....... [0m
[0;34;40m:;[0;1;30;90;40m%SX@88[0;30;5;40;100m8[0;31;5;40;100mS[0;1;30;90;43m8[0;33;5;40;100mXS[0;1;30;90;43m8[0;37;43m8[0;1;30;90;43m88[0;37;43m@[0;37;5;43;103mX[0;33;5;43;103mSX[0;37;5;43;103m%[0;1;30;90;43m8@XSS[0;33;5;40;100m8[0;31;5;40;100mX[0;1;30;90;43mt[0;31;40mt[0;34;40m:....... [0m
[0;34;40m:;;[0;1;30;90;40mSX@88[0;30;5;40;100m88S[0;33;5;40;100mXS[0;37;43m@[0;33;5;40;100m%[0;37;43m@[0;1;30;90;43m8[0;33;5;40;100m@[0;37;43mX[0;37;5;43;103mSS[0;1;33;93;43mS[0;33;5;40;100m8[0;1;30;90;43m@[0;1;33;93;43mS[0;1;30;90;40m@[0;1;30;90;43m%[0;30;5;40;100m@[0;1;30;90;40m8[0;31;40mt[0;34;40m::....... [0m
[0;34;40m.;;[0;1;30;90;40m%SX@88[0;30;5;40;100m888[0;1;30;90;43m8[0;33;5;40;100mXX[0;37;5;43;103mX[0;30;5;40;100mS[0;1;30;90;43m88[0;33;5;43;103m%%[0;1;30;90;43m8@[0;1;30;90;40m8[0;33;5;43;103m@[0;30;5;40;100m@[0;1;30;90;40m8[0;1;30;90;43mt[0;34;40m::::....... [0m
[0;34;40m.:;;[0;1;30;90;40m%SX@@88[0;30;5;40;100m@[0;1;33;93;43m@[0;30;5;40;100m88[0;1;30;90;43m88[0;30;5;40;100m8[0;1;30;90;43m8[0;33;5;43;103m::[0;1;30;90;43mX[0;1;30;90;40mX[0;1;30;90;43mS%[0;34;40m;;[0;1;30;90;43m;[0;31;40mS[0;34;40m::.......  [0m
 [0;34;40m::;;[0;1;30;90;40m%SXX@@[0;33;5;40;100m8[0;1;30;90;43m@[0;1;30;90;40m888[0;1;33;93;43m8[0;30;5;40;100mX[0;33;5;43;103mS::%[0;1;30;90;40m8[0;1;33;93;43m@[0;31;40mt[0;34;40m;:[0;1;30;90;43m;;[0;34;40m:........ [0m 
 [0;34;40m.::;;;[0;1;30;90;40m%SSX[0;33;5;40;100m8[0;33;5;43;103m@[0;1;30;90;40m8X@[0;33;5;43;103m@[0;33;5;40;100m8[0;33;5;43;103m;;;;[0;33;5;40;100m8[0;33;5;43;103m@[0;31;40m;[0;34;40m:[0;31;40m;[0;1;33;93;43m@[0;31;5;40;100mX[0;34;40m........  [0m 
  [0;34;40m::::;;;;[0;1;30;90;40m%S[0;1;30;90;43mS[0;1;33;93;43mX[0;1;30;90;43m%[0;1;33;93;43mS[0;1;30;90;43m%[0;1;30;90;40mX[0;33;5;43;103mt;;;[0;31;40mt[0;1;30;90;43m;[0;1;33;93;43m%[0;1;30;90;43m;[0;1;33;93;43mS[0;1;30;90;43m:[0;31;40m:[0;34;40m.......  [0m  
  [0;34;40m.::::::;;;;[0;31;40mt[0;1;30;90;40m8[0;31;40mt[0;34;40m;;[0;1;33;93;43mX[0;33;5;43;103m;;[0;1;33;93;43m@[0;34;40m::[0;31;40m;S:[0;34;40m........   [0m  
   [0;34;40m..:::::::::::::[0;1;30;90;43m;[0;33;5;43;103m;;[0;1;30;90;43m;[0;34;40m::..........   [0m   
    [0;34;40m.....::::::::[0;31;40m:[0;1;30;90;43m:[0;33;5;43;103mS%[0;1;30;90;43m:[0;31;40m;[0;34;40m.........    [0m    
     [0;34;40m ..........[0;32;40m.[0;1;30;90;43m;[0;33;5;43;103m%[0;1;30;90;43m:.[0;33;5;43;103m%[0;1;30;90;43m:[0;31;40m.[0;34;40m.......    [0m     
       [0;34;40m...........[0;1;30;90;43m.[0;1;33;93;43m%%%[0;32;40m.[0;34;40m......    [0m       
        [0;34;40m .........[0;1;30;90;43m.[0;33;5;43;103m%%[0;1;30;90;43m.[0;32;40m.[0;34;40m...      [0m        
          [0;34;40m ........[0;1;30;90;43m..[0;34;40m         [0m          
             [0;34;40m      [0;31;40m..[0;34;40m      [0m             
               [0;34;40m          [0m               
                  [0;34;40m    [0m                  
