[0;1;30;90;43m.[0;1;33;93;43m88[0;1;30;90;43m.:[0;33;5;43;103m88[0;1;30;90;43m::[0;33;5;43;103m88[0;1;30;90;43m;;[0;33;5;43;103m88[0;1;30;90;43m;;[0;33;5;43;103m88[0;1;30;90;43m;:[0;33;5;43;103m88[0;1;30;90;43m::[0;1;33;93;43m88[0;1;30;90;43m..[0;1;33;93;43m@@[0;1;30;90;43m..[0;1;33;93;43m@X[0;1;30;90;43m  [0;1;33;93;43mXX[0;1;30;90;43m [0m
[0;1;30;90;43m.[0;33;5;43;103mt;[0;1;33;93;43mS%[0;33;5;43;103m;;[0;1;33;93;43mX%[0;33;5;43;103m;;[0;1;33;93;43mXS[0;33;5;43;103m;;[0;1;33;93;43mXS[0;33;5;43;103m;;[0;1;33;93;43mSS[0;33;5;43;103m;;[0;1;33;93;43mS%[0;33;5;43;103m;;[0;1;33;93;43mSt[0;33;5;43;103mtt[0;1;33;93;43m%[0;1;30;90;43m.[0;33;5;43;103m%%[0;1;33;93;43mt[0;1;30;90;43m [0;33;5;43;103mSS[0;1;30;90;43m [0m
[0;1;33;93;43m%[0;33;5;43;103m%%;;%%;;tt;;tt::t%;;%%;;%%;;%SttSX%%X@[0;1;30;90;43m [0m
[0;1;33;93;43m%%[0;1;30;90;43m;[0;33;5;43;103m;;[0;1;33;93;43mS[0;1;30;90;43m%[0;33;5;43;103m;;[0;1;33;93;43mSS[0;33;5;43;103m::[0;1;33;93;43mXS[0;33;5;43;103m::[0;1;33;93;43mXS[0;33;5;43;103m::[0;1;33;93;43mS%[0;33;5;43;103m;;[0;1;33;93;43m%[0;1;30;90;43mt[0;33;5;43;103m;;[0;1;33;93;43mt[0;1;30;90;43m;[0;33;5;43;103mtt[0;1;30;90;43m:.[0;33;5;43;103m%%[0;1;30;90;43m  [0;1;33;93;43mt[0m
[0;1;33;93;43mS[0;33;5;43;103mXX;;X[0;1;33;93;43mS[0;1;30;90;47m88[0;1;37;97;47m           [0;1;30;90;47m8888888888888[0;1;33;93;43mt[0;33;5;43;103m8%%[0;1;33;93;43m8@t[0m
[0;1;30;90;43m:[0;33;5;43;103m;;[0;1;33;93;43mXX[0;33;5;43;103m:[0;37;5;43;103m@[0;1;37;97;47m    [0;1;33;93;47m88[0;33;47m8[0;1;33;93;47m88[0;33;47m8[0;1;33;93;47m888[0;33;47m8[0;37;5;43;103m88[0;1;30;90;43m8[0;37;5;43;103m@@[0;1;30;90;43m8[0;33;5;43;103mS%[0;1;33;93;43m%[0;33;5;40;100m.[0;1;30;90;47m88[0;33;5;43;103mtt[0;1;33;93;43m%t[0;33;5;43;103m%%[0;1;30;90;43m [0m
[0;1;30;90;43m:[0;33;5;43;103m;;[0;1;33;93;43m@@[0;33;5;43;103m:[0;37;5;43;103m@[0;1;37;97;47m   [0;1;33;93;47m8[0;33;5;43;103mS[0;37;5;43;103mXXXXXXSS[0;33;5;43;103m;t:%;t%t%t[0;33;47m8[0;1;30;90;47m88[0;33;5;43;103mtt[0;1;33;93;43mS%[0;33;5;43;103m%%[0;1;30;90;43m [0m
[0;1;33;93;43mS88[0;33;5;43;103m;:@[0;33;47m8[0;1;37;97;47m   [0;37;5;43;103m8[0;37;43mX[0;37;5;43;103m@X8[0;37;43m@[0;37;5;43;103mXX[0;1;30;90;43m8[0;37;5;43;103mSS[0;1;30;90;43m8[0;33;5;43;103mS:8[0;1;30;90;43mS[0;33;5;43;103m;t[0;1;30;90;43mt[0;33;5;43;103m;[0;33;47m8[0;1;30;90;47m88[0;37;43mS[0;1;33;93;43mX[0;33;5;43;103mt%[0;1;33;93;43mXSt[0m
[0;1;33;93;43mSS%[0;33;5;43;103m;:[0;1;33;93;43mX[0;37;43m@[0;1;37;97;47m   [0;37;5;43;103m@@@88[0;1;33;93;47mX[0;37;5;43;103m88XXS[0;33;5;43;103m::t;t%;tt[0;33;47m8[0;1;30;90;47m88[0;1;30;90;43m8.[0;33;5;43;103mt%[0;1;30;90;43m. [0;1;33;93;43mt[0m
[0;1;33;93;43mS[0;33;5;43;103m;;tt:[0;37;5;43;103m@[0;1;37;97;47m   [0;37;43mX[0;37;5;43;103mX@[0;1;30;90;43m8[0;37;5;43;103m8[0;1;37;97;47m     [0;33;47mX[0;1;33;93;47m8[0;37;5;43;103m8[0;1;30;90;43m8[0;33;5;43;103m:;[0;1;30;90;43m%[0;33;5;43;103mX;[0;1;33;93;43m@[0;33;5;40;100m.[0;1;30;90;47m88[0;33;5;43;103mtt%S%%[0;1;33;93;43mt[0m
[0;1;30;90;43m:[0;33;5;43;103m;;[0;1;33;93;43mSS[0;33;5;43;103m:[0;37;5;43;103m@[0;1;37;97;47m  [0;1;30;90;47mX[0;37;5;43;103mSXXX@[0;1;37;97;47m        [0;1;30;90;47m8[0;33;47m@[0;33;5;43;103m%;;S;[0;33;47m8[0;1;30;90;47m88[0;33;5;43;103mtt[0;1;30;90;43m..[0;33;5;43;103m%%[0;1;30;90;43m [0m
[0;1;30;90;43m:[0;33;5;43;103m;;@@:[0;37;5;43;103mS[0;1;37;97;47m  [0;1;33;93;47mX[0;37;5;43;103mS[0;1;30;90;43m8[0;33;5;43;103mS[0;37;5;43;103mX[0;33;5;43;103mX[0;37;43m@[0;1;33;93;47mX[0;1;37;97;47m     [0;1;30;90;47m8888[0;33;5;43;103m%t[0;1;30;90;43mt[0;33;5;43;103m;[0;33;47m8[0;1;30;90;47m88[0;33;5;43;103mtt[0;1;33;93;43m@X[0;33;5;43;103m%%[0;1;30;90;43m [0m
[0;1;30;90;43m:[0;1;33;93;43mXX[0;33;5;43;103m;;[0;1;33;93;43m@X[0;33;47mS[0;1;37;97;47m [0;33;47m@[0;33;5;43;103mt:[0;37;5;43;103m%[0;33;5;43;103m@[0;37;5;43;103mSS[0;33;5;43;103m%[0;37;5;43;103mS[0;1;33;93;47m8[0;1;30;90;47m@[0;1;37;97;47m [0;1;30;90;47m888888[0;33;5;43;103mStt[0;33;47m8[0;1;30;90;47m8[0;33;47m@[0;1;33;93;43mS%[0;33;5;43;103m%%[0;1;33;93;43m%t[0;1;30;90;43m.[0m
 [0;1;33;93;43mXS[0;33;5;43;103m;;[0;1;33;93;43m@X[0;37;5;43;103m8[0;1;30;90;47m88[0;1;30;90;43m@[0;33;5;43;103m:;[0;1;30;90;43m8[0;33;5;43;103m::[0;1;30;90;43m8[0;33;5;43;103mS:X[0;1;30;90;47m88888888[0;33;5;43;103mS[0;1;33;93;43m@[0;33;5;40;100m:[0;1;30;90;47m8[0;37;5;43;103m@[0;1;33;93;43mS%[0;33;5;43;103m%%[0;1;33;93;43m%[0;1;30;90;43m [0m 
 [0;1;30;90;43m.[0;33;5;43;103m;X@;;X[0;1;30;90;47m88[0;33;5;43;103m%SX;t%;:X;;[0;37;43m@[0;1;30;90;47m8888888[0;37;43m@[0;33;47m8[0;1;30;90;47m8[0;1;33;93;43m@[0;33;5;43;103mt%[0;1;33;93;43m8@[0;33;5;43;103m%[0;1;30;90;43m [0m 
  [0;33;5;43;103mt[0;1;30;90;43m:;[0;33;5;43;103m;;[0;1;33;93;43m%[0;1;30;90;43m@[0;33;47mX8[0;1;30;90;43m8[0;33;5;43;103mX;[0;1;33;93;43m8[0;1;30;90;43m%[0;33;5;43;103m;;[0;1;30;90;43m%[0;33;5;43;103m;;[0;1;30;90;43mt[0;1;30;90;47m88888888[0;33;47m@[0;1;30;90;43mS.[0;33;5;43;103m%%[0;1;30;90;43m  [0;33;5;43;103mS[0m  
  [0;1;30;90;43m.[0;33;5;43;103mtt;;tt;[0;33;47m@[0;1;30;90;47m8[0;33;47mX[0;1;33;93;47m8[0;33;5;43;103mt;Xt;%XS[0;1;30;90;47m8888888[0;33;47m@[0;33;5;43;103m%%S%%SX[0;1;30;90;43m.[0m  
   [0;1;30;90;43m.[0;33;5;43;103mt[0;1;33;93;43m%[0;1;30;90;43m:[0;33;5;43;103m;;[0;1;33;93;43m%[0;1;30;90;43m%[0;1;33;93;47m8[0;1;30;90;47m888[0;33;47m8[0;1;30;90;43mS[0;33;5;43;103mX;[0;1;33;93;43m@[0;1;30;90;43mt[0;33;47m8[0;1;30;90;47m888888[0;33;47m8[0;1;30;90;43m;.[0;33;5;43;103m%%[0;1;30;90;43m  [0;33;5;43;103mS[0;1;30;90;43m [0m   
    [0;1;30;90;43m:[0;1;33;93;43m@X[0;33;5;43;103mtt[0;1;33;93;43m@@[0;33;5;43;103m;;[0;33;47m@[0;1;30;90;47m88[0;33;47mX[0;33;5;43;103mS[0;1;33;93;43m8[0;37;43m8[0;1;30;90;47m888888[0;33;47m@[0;33;5;43;103mt%[0;1;33;93;43mXS[0;33;5;43;103m%%[0;1;33;93;43mS%[0;1;30;90;43m.[0m    
     [0;1;30;90;43m.[0;33;5;43;103mS[0;1;33;93;43mXS[0;33;5;43;103mtt[0;1;33;93;43mXS[0;33;5;43;103mtt[0;33;47m@[0;1;30;90;47m88[0;1;30;90;43m8[0;37;43m@[0;1;30;90;47m8888[0;33;47m@[0;33;5;43;103mt%[0;1;33;93;43mS%[0;33;5;43;103m%%[0;1;33;93;43m%t[0;33;5;43;103m@[0;31;43m8[0m     
       [0;1;30;90;43m:.[0;33;5;43;103mtt[0;1;33;93;43m%%[0;33;5;43;103mtt[0;1;33;93;43mS[0;1;30;90;43m8[0;33;47m8[0;1;30;90;47m8888[0;33;47m8[0;1;30;90;43m8[0;1;33;93;43mt[0;33;5;43;103m%%[0;1;33;93;43m%[0;1;30;90;43m [0;33;5;43;103m%S[0;1;30;90;43m .[0m       
        [0;31;43m8[0;1;33;93;43mS[0;33;5;43;103mX%%XX%%X[0;1;33;93;43m@[0;33;5;43;103m%%X@%%@@SS8[0;1;33;93;43m%[0;31;43m8[0m        
          [0;30;41m8[0;1;33;93;43m@[0;33;5;43;103m%[0;1;30;90;43m .[0;33;5;43;103m%%[0;1;30;90;43m  [0;33;5;43;103m%%[0;1;30;90;43m  [0;33;5;43;103m%S[0;1;30;90;43m  [0;33;5;43;103mS[0;1;33;93;43mX[0;30;41m8[0m          
             [0;1;30;90;43m [0;33;5;43;103m@SS@@SS@@SS@[0;1;30;90;43m [0m             
               [0;33;41m8[0;1;30;90;43m [0;33;5;43;103mSS[0;1;30;90;43m  [0;33;5;43;103mSS[0;1;30;90;43m [0;33;41m8[0m               
                  [0;1;30;90;43m    [0m                  
