[0;1;30;90;47mt[0;1;37;97;47m@@@888.[0;1;30;90;44m8[0;1;34;94;44mXXXXXXXXXXXXSSSSSSSSS%%%%%%ttt[0;30;44m:[0m
[0;1;37;97;47m:[0;37;5;47;107m%ttttttt[0;1;30;90;47mX[0;34;5;44;104m88888888888888888[0;1;34;94;44m8888888888@@.[0m
[0;1;37;97;47m;[0;37;5;47;107mtttttttt;@[0;1;30;90;47m8[0;34;5;44;104m88888888888888888[0;1;34;94;44m888888888@:[0m
[0;1;37;97;47m;[0;37;5;47;107mttttt8[0;1;37;97;47m [0;1;30;90;47m8[0;36;5;44;104m@[0;1;30;90;47m8[0;37;5;47;107mt[0;1;37;97;47mX[0;36;5;44;104mX[0;34;5;44;104m@@88888888888888[0;1;34;94;44m888888888:[0m
[0;37;5;40;100m%[0;37;5;47;107mSttt;;;;8[0;34;5;44;104m@[0;1;30;90;47m8[0;37;5;47;107m::[0;1;37;97;47m [0;34;5;44;104mX@@@@88888888888[0;1;34;94;44m88888888:[0m
[0;1;34;94;44m;[0;34;5;44;104m8[0;1;37;97;47m [0;37;5;47;107mt;;;::8[0;34;5;44;104m@[0;1;37;97;47m [0;37;5;47;107m.  ;[0;1;30;90;47m8[0;34;5;44;104mXX@@@888888888[0;1;34;94;44m88888888:[0m
[0;1;34;94;44m;[0;34;5;44;104m88[0;36;5;44;104m@[0;37;5;47;107m8;8[0;1;37;97;47m:[0;1;30;90;47m@8[0;1;37;97;47m [0;37;5;47;107m.     8[0;1;30;90;47m8[0;34;5;44;104mX@@@888888888[0;1;34;94;44m8888888:[0m
[0;1;34;94;44m;[0;34;5;44;104m8888[0;1;30;90;47m8[0;37;5;47;107m%:.          [0;1;37;97;47mt[0;36;5;44;104mX[0;34;5;44;104m@@888888888[0;1;34;94;44m8888888:[0m
[0;1;34;94;44m;[0;34;5;44;104m88888@[0;1;37;97;47m [0;37;5;47;107m.        :%.;[0;1;30;90;47mX[0;34;5;44;104m@@88888888[0;1;34;94;44m8888888:[0m
[0;1;34;94;44m;[0;34;5;44;104m88888@@[0;1;34;94;47m8[0;37;5;47;107m8     8[0;1;30;90;47m8[0;34;5;44;104mSXX[0;1;30;90;47m8[0;37;5;47;107m%8[0;1;30;90;47m8[0;34;5;44;104m88888888[0;1;34;94;44m8888888:[0m
[0;1;34;94;44m;[0;34;5;44;104m88888@@@X[0;1;30;90;47m8[0;37;5;47;107mt   [0;36;5;44;104mS[0;34;5;44;104mXXXXX[0;1;30;90;47m8[0;37;5;47;107m::[0;1;37;97;47m;[0;34;5;44;104m@888888[0;1;34;94;44m8888888:[0m
[0;1;30;90;44m:[0;34;5;44;104m888888@@@XX[0;1;37;97;47m [0;37;5;47;107m. [0;1;30;90;47m8[0;34;5;44;104mXXX@@[0;1;37;97;47m [0;37;5;47;107m:;;%[0;1;30;90;47m8[0;34;5;44;104m8888[0;1;34;94;44m88888888[0;30;44m.[0m
[0;30;44mS[0;34;5;44;104m88888888@@@@[0;36;5;44;104mX[0;1;37;97;47mX[0;37;5;47;107m;[0;1;37;97;47m [0;1;30;90;47m8[0;36;5;44;104mX[0;1;30;90;47m8[0;1;37;97;47m:[0;37;5;47;107m;;;;tt8[0;1;30;90;47m8[0;34;5;44;104m88[0;1;34;94;44m88888888[0;30;44mX[0m
 [0;34;5;44;104m8888888888@@@@[0;1;30;90;47m8[0;37;5;47;107m@::;;;;;ttttt[0;1;37;97;47m;[0;34;5;44;104m8[0;1;34;94;44m88888888[0m 
 [0;1;34;94;44m.[0;34;5;44;104m888888888888888[0;1;30;90;47mX[0;37;5;47;107mt;;;ttttt8[0;1;37;97;47m%[0;37;5;47;107m8%[0;1;30;90;47m@[0;1;34;94;44m888888.[0m 
  [0;1;34;94;44m8[0;34;5;44;104m8888888888888888[0;1;37;97;47m:[0;37;5;47;107mttttt[0;1;37;97;47m:[0;34;5;44;104m8[0;1;30;90;47m8[0;1;37;97;47m.S[0;37;5;47;107m8S8[0;37;5;40;100m:[0;1;34;94;44m888@[0m  
  [0;30;44m@[0;34;5;44;104m88888888888888888[0;36;5;40;100m.[0;37;5;47;107m8ttt[0;34;5;44;104m88[0;37;5;47;107m%%%SSSX[0;1;37;97;47m:[0;1;34;94;44m88[0;30;44m@[0m  
   [0;30;44mt[0;1;34;94;44m88[0;34;5;44;104m8888888888888888[0;1;30;90;47m8[0;37;5;47;107mX%[0;36;5;40;100m:[0;34;5;44;104m8[0;1;37;97;47mX[0;37;5;47;107mSSSSXXX@[0;36;5;40;100mt[0m   
    [0;30;44m%[0;1;34;94;44m8888[0;34;5;44;104m88888888888[0;1;34;94;44m888[0;34;5;44;104m8[0;1;37;97;47m [0;37;5;47;107mS[0;1;30;90;47mS[0;37;5;40;100m.[0;1;30;90;47m8[0;1;37;97;47m [0;37;5;47;107m8XX@@[0;37;5;40;100m8[0m    
     [0;30;44m8[0;1;34;94;44m@888888888888888888[0;34;5;44;104m8[0;1;37;97;47m%[0;37;5;47;107mSXXXX@[0;1;37;97;47m8[0;36;5;40;100m.[0m     
       [0;1;34;94;44m:8888888888888888888[0;1;30;90;47m8[0;37;5;47;107m8X@@[0;1;30;90;47m.[0m       
        [0;34;40m8[0;1;34;94;44mS8888888888888888888[0;1;30;90;47m@[0;1;37;97;47mS[0;36;5;40;100m.[0m        
          [0;30;44m8[0;1;34;94;44m%8888888888888@@@%[0;30;44m8[0m          
             [0;1;34;94;44m.@8888@@@@@@@.[0m             
               [0;30;44mX[0;1;34;94;44m;@@@@@@t[0;30;44mS[0m               
                  [0;30;44m@. @[0m                  
