[0;36;5;40;100m [0;1;30;90;40m8[0;34;40m....:::::::::::::::::...........      [0m
[0;1;30;90;47m;[0;1;37;97;47m@[0;37;5;40;100mX[0;34;40m;:::;;;;;;[0;1;30;90;40m%%%%[0;34;40m;;;;;:::::.........    [0m
[0;1;30;90;47m;[0;1;37;97;47m88t[0;36;5;40;100m.[0;34;40m;;;[0;1;30;90;40m%SSSXXXXXXSSS[0;34;40m;;;[0;1;30;90;40m@[0;30;5;40;100m8[0;1;30;90;40mS[0;34;40m::........   [0m
[0;1;30;90;47m;[0;1;37;97;47m8888[0;1;30;90;47m:[0;30;5;40;100mX[0;1;30;90;40mSXX@@@888@@@X8[0;36;5;40;100m [0;1;30;90;47mt[0;1;37;97;47m;[0;37;5;40;100m8[0;36;5;40;100m:[0;1;30;90;40m8[0;34;40m:::.......   [0m
[0;1;30;90;47m;[0;1;37;97;47m8888[0;37;5;47;107m8[0;1;37;97;47m8[0;1;30;90;47m8[0;30;5;40;100m8[0;1;30;90;40m88888[0;30;5;40;100m8[0;1;30;90;40m888[0;30;5;40;100m8[0;37;5;40;100m@[0;1;37;97;47mSX[0;36;5;40;100m [0;1;30;90;40m@%[0;34;40m;;::::.......  [0m
[0;1;30;90;47m;[0;1;37;97;47m888[0;37;5;47;107m8888[0;1;37;97;47m@[0;37;5;40;100mS[0;30;5;40;100m8888@88[0;36;5;40;100m [0;1;37;97;47m%[0;37;5;47;107m8[0;1;30;90;47m:[0;30;5;40;100m8[0;1;30;90;40m@XS%[0;34;40m;;:::.......  [0m
[0;1;30;90;47m;[0;1;37;97;47m888[0;37;5;47;107m8888@@[0;1;37;97;47mt[0;36;5;40;100m [0;30;5;40;100mXXSX[0;37;5;40;100m8[0;1;37;97;47mXX:[0;30;5;40;100m8[0;1;30;90;40m88@XS[0;34;40m;;::::....... [0m
[0;1;30;90;47m;[0;1;37;97;47m88[0;37;5;47;107m8888@@XXX[0;1;30;90;47m.[0;36;5;40;100m.tt [0;1;30;90;47m@[0;36;5;40;100m [0;30;5;40;100mX8[0;1;30;90;40m88@XSS[0;34;40m;;:::....... [0m
[0;1;30;90;47m;[0;1;37;97;47m88[0;37;5;47;107m8888@X[0;1;37;97;47m@ [0;37;5;47;107mXS8[0;1;30;90;47m@[0;36;5;40;100m:t[0;30;5;40;100mS[0;36;5;40;100m [0;1;30;90;47m8[0;36;5;40;100m;[0;30;5;40;100m8[0;1;30;90;40m88@XS[0;34;40m;;:::....... [0m
[0;1;30;90;47m;[0;1;37;97;47m88[0;37;5;47;107m8888@@8[0;1;30;90;47mt8[0;1;37;97;47m8[0;37;5;47;107mSS[0;1;37;97;47m@[0;37;5;40;100mS[0;30;5;40;100mSXX[0;37;5;40;100mS@[0;30;5;40;100m8[0;1;30;90;40m@XSS[0;34;40m;;:::....... [0m
[0;1;30;90;47m;[0;1;37;97;47m88[0;37;5;47;107m88888@XX[0;1;37;97;47m8[0;1;30;90;47m8t[0;37;5;47;107mXXX[0;1;37;97;47m [0;36;5;40;100m:[0;30;5;40;100m88X[0;37;5;40;100m8[0;36;5;40;100m [0;1;30;90;40m@[0;30;5;40;100m8[0;36;5;40;100m:[0;34;40m;;:::....... [0m
[0;1;30;90;47m@[0;1;37;97;47m888[0;37;5;47;107m88888@@XX[0;1;37;97;47m;[0;37;5;40;100mS[0;1;37;97;47mt[0;37;5;47;107mXX8[0;1;30;90;47m8[0;30;5;40;100m8[0;1;30;90;40m8@[0;36;5;40;100mt[0;37;5;40;100m88[0;1;30;90;40mX[0;34;40m;::::....... [0m
[0;36;5;40;100m [0;1;37;97;47m8888[0;37;5;47;107m888888@@[0;1;30;90;47m [0;37;5;40;100m%[0;1;30;90;47m8[0;37;5;40;100mX[0;1;37;97;47m@[0;37;5;47;107m@8[0;1;37;97;47m%[0;36;5;40;100m [0;1;30;90;40mXSS[0;36;5;40;100m  [0;1;30;90;40mS[0;34;40m:::.......  [0m
 [0;1;37;97;47m88888[0;37;5;47;107m8888888[0;1;37;97;47mS[0;37;5;47;107m88[0;1;37;97;47mS[0;37;5;40;100mS[0;1;30;90;47m8[0;1;37;97;47m8[0;37;5;47;107m88[0;1;30;90;47m;[0;30;5;40;100m8[0;34;40m;;[0;1;30;90;40mX[0;36;5;40;100m ;[0;34;40m:........ [0m 
 [0;1;30;90;47mS[0;1;37;97;47m888888[0;37;5;47;107m8888888888[0;1;30;90;47m [0;36;5;40;100m [0;1;30;90;47m.[0;1;37;97;47m888[0;37;5;40;100m@[0;1;30;90;40m%[0;34;40m::[0;30;5;40;100m@[0;37;5;40;100mX[0;1;30;90;40m@[0;34;40m......  [0m 
  [0;1;37;97;47m@888888888[0;37;5;47;107m88888[0;1;37;97;47m888[0;1;30;90;47m@[0;36;5;40;100m [0;1;37;97;47m%88t[0;36;5;40;100m:[0;34;40m:.::.....  [0m  
  [0;36;5;40;100m [0;1;37;97;47m88888888888888888[0;1;30;90;47m t[0;36;5;40;100m.[0;1;30;90;47m@[0;1;37;97;47m888[0;1;30;90;47mt[0;30;5;40;100m8[0;34;40m......   [0m  
   [0;37;5;40;100mS[0;1;37;97;47m888888888888888t[0;36;5;40;100mt[0;30;5;40;100mX%[0;1;30;90;47m:[0;1;37;97;47m888@X[0;37;5;40;100m@[0;34;40m;...   [0m   
    [0;37;5;40;100m%[0;1;37;97;47m8888888888888[0;1;30;90;47mt[0;36;5;40;100m%[0;30;5;40;100m@[0;36;5;40;100m [0;1;37;97;47m%8@@@@@X;[0;36;5;40;100m.[0;34;40m.   [0m    
     [0;36;5;40;100m;[0;1;37;97;47m%@@888888@[0;1;30;90;47mt[0;36;5;40;100m [0;30;5;40;100m@[0;36;5;40;100m [0;1;37;97;47m @@@@@@XXXXS[0;1;30;90;47mt[0;1;30;90;40m8[0;34;40m [0m     
       [0;1;30;90;47mS[0;1;37;97;47m@@@@@[0;1;30;90;47m;[0;37;5;40;100m8[0;36;5;40;100m  [0;1;30;90;47m8[0;1;37;97;47mt@@@@XXXXXSSSS[0;1;30;90;47mS[0m       
        [0;36;5;40;100mt[0;1;37;97;47m.XX@@@@@XXXXXXXXSSSSS[0;1;30;90;47m [0;36;5;40;100m;[0m        
          [0;36;5;40;100m.[0;1;37;97;47m XXXXXXXXXSSSSSS%[0;1;30;90;47m.[0;36;5;40;100m.[0m          
             [0;1;30;90;47mX[0;1;37;97;47mSSSSSSSSS%%%[0;1;30;90;47mX[0m             
               [0;36;5;40;100m [0;1;30;90;47m;[0;1;37;97;47m%%%%%%[0;1;30;90;47m:[0;36;5;40;100m [0m               
                  [0;36;5;40;100m [0;1;30;90;47m88[0;36;5;40;100m [0m                  
