[0;30;42mX;;[0;1;30;90;42m::::;;;;;tttttt;;;;::::[0;30;42m;;;;;;;tttttt@[0m
[0;30;42m%[0;1;30;90;42m:::;;;ttt%%%%%%%%%[0;36;5;40;100m%[0;1;30;90;42mStt;;:::::::....[0;30;42m..:S[0m
[0;30;42m%[0;1;30;90;42m::;;tt%%SSSXXXXX[0;36;5;40;100m% [0;1;30;90;47m@[0;37;5;40;100m@[0;36;5;40;100m .t[0;1;30;90;42mt;;::::::....[0;30;42m..S[0m
[0;30;42m%[0;1;30;90;42m;;tt%%SXX@@88[0;32;5;40;100mS8[0;36;5;40;100m%t[0;1;30;90;47m88[0;37;5;40;100m%8[0;1;30;90;47m8[0;37;5;40;100m8S[0;36;5;40;100m:[0;1;30;90;42m8;::::::...[0;30;42m..S[0m
[0;30;42mt[0;1;30;90;42m;tt%SSX@@88[0;1;30;90;47m8SS@SS[0;36;5;40;100m [0;37;5;40;100m%[0;32;5;40;100mS[0;1;30;90;47m8[0;37;5;40;100mX[0;1;30;90;42m8[0;1;30;90;47m8[0;37;5;40;100m%[0;1;30;90;47mS[0;32;5;40;100m@[0;1;30;90;42m8:::::....[0;30;42m.S[0m
[0;30;42mt[0;1;30;90;42mtt%SXX@888[0;36;5;40;100m:[0;1;30;90;47m.X[0;36;5;40;100m;[0;1;30;90;47m8t;[0;36;5;40;100m [0;32;5;40;100m%[0;1;30;90;47m8[0;32;5;40;100mS[0;36;5;40;100m [0;32;5;40;100m8[0;1;30;90;47m8[0;37;5;40;100mS[0;36;5;40;100mt[0;1;30;90;47m@[0;36;5;40;100m [0;1;30;90;42mtt::::...[0;30;42m.S[0m
[0;30;42mt[0;1;30;90;42mt%SSX@888[0;36;5;40;100m:[0;1;30;90;47m8t:S8X8X[0;36;5;40;100m;[0;1;30;90;47m;[0;37;5;40;100mS[0;1;30;90;47mS[0;37;5;40;100mX[0;1;30;90;47m@[0;37;5;40;100mXXXS[0;1;30;90;47m8[0;37;5;40;100m%[0;1;30;90;42m8:::....[0;30;42mS[0m
[0;30;42mt[0;1;30;90;42mt%SX@888[0;32;5;40;100mS[0;1;30;90;47m;%%.;[0;37;5;40;100m@t[0;1;30;90;47m;; @[0;37;5;40;100mtt[0;36;5;40;100m  [0;37;5;40;100m%[0;1;30;90;47m88[0;32;5;40;100m@8[0;36;5;40;100m t[0;1;30;90;42m:::....[0;30;42mS[0m
[0;30;42mt[0;1;30;90;42mt%SX@88[0;37;5;40;100mX[0;1;30;90;47m8:%[0;37;5;40;100mX[0;1;30;90;47m88:8t8@[0;1;37;97;47mt[0;1;30;90;47m88SX888[0;36;5;40;100m%[0;32;5;40;100mX[0;36;5;40;100m:[0;1;30;90;42m8:::....[0;30;42mS[0m
[0;30;42mt[0;1;30;90;42mt%SX@88[0;36;5;40;100m [0;1;30;90;47m8%t;:;88@:[0;1;37;97;47m ;[0;36;5;40;100m:[0;1;30;90;47m8[0;37;5;40;100m8@%[0;1;30;90;47m8@[0;37;5;40;100m8[0;36;5;40;100m ;[0;1;30;90;47m8[0;37;5;40;100m%[0;1;30;90;42m::....[0;30;42mS[0m
[0;30;42mt[0;1;30;90;42mt%SX@@8[0;1;30;90;47mXX 888St%;:8[0;1;37;97;47m@[0;36;5;40;100m [0;32;5;40;100m8[0;1;30;90;47m88[0;37;5;40;100m%[0;36;5;40;100m %t[0;1;30;90;42m8S[0;36;5;40;100m; [0;1;30;90;42m8:....[0;30;42mS[0m
[0;30;42mS[0;1;30;90;42mtt%SX@[0;36;5;40;100m.[0;1;30;90;47mX8X8t8[0;37;5;40;100mX%[0;1;30;90;47m%%8X[0;37;5;47;107m8[0;36;5;40;100m;[0;1;30;90;47mt8[0;36;5;40;100m;[0;1;30;90;42m8[0;36;5;40;100m: [0;1;30;90;47mX[0;36;5;40;100m.[0;37;5;40;100mXX[0;36;5;40;100mt[0;32;5;40;100mS[0;1;30;90;42m:....[0;30;42m@[0m
[0;32;40m8[0;1;30;90;42m;t%%S[0;37;5;40;100m@[0;1;30;90;47mSSS[0;36;5;40;100m [0;37;5;40;100mSS[0;1;30;90;47mX[0;37;5;40;100m@[0;1;30;90;47mX8X[0;36;5;40;100m [0;1;30;90;47m8[0;37;5;47;107m8[0;36;5;40;100m:; [0;1;30;90;47m@8[0;32;5;40;100mS[0;1;30;90;47m8[0;37;5;40;100m8X[0;36;5;40;100m [0;37;5;40;100m8[0;36;5;40;100m;[0;32;5;40;100mS[0;1;30;90;42m....[0;30;42m.[0;32;40m8[0m
 [0;1;30;90;42m;;t%%[0;36;5;40;100mt[0;37;5;40;100mX[0;36;5;40;100m [0;37;5;40;100m@[0;36;5;40;100m [0;37;5;40;100mXS[0;36;5;40;100m [0;1;30;90;47m8S%SS8[0;37;5;47;107m8[0;37;5;40;100m%[0;1;30;90;47mS@@[0;36;5;40;100m t[0;1;30;90;47m8[0;37;5;40;100m8@@[0;36;5;40;100mt[0;37;5;40;100m@[0;1;30;90;42m8....[0;30;42m.[0m 
 [0;30;42mS[0;1;30;90;42m;;tt[0;37;5;40;100m@[0;36;5;40;100m [0;1;30;90;47m88@[0;37;5;40;100mX[0;1;30;90;42m88[0;37;5;40;100mS8@[0;1;30;90;47m8[0;37;5;40;100mS[0;1;30;90;47m;[0;37;5;47;107m8[0;36;5;40;100m [0;1;30;90;47m8[0;36;5;40;100m  [0;37;5;40;100mS%[0;36;5;40;100m. [0;32;5;40;100m8[0;36;5;40;100m  [0;1;30;90;47m8[0;36;5;40;100m.[0;1;30;90;42m...[0;30;42m.S[0m 
  [0;1;30;90;42m::;;tt%S[0;36;5;40;100m:[0;1;30;90;47m8X[0;36;5;40;100m [0;1;30;90;47mXX8[0;1;30;90;42mS8[0;1;37;97;47m.8[0;1;30;90;47mX[0;37;5;40;100mS%[0;36;5;40;100mt[0;1;30;90;47mX[0;36;5;40;100m:[0;1;30;90;47m8[0;36;5;40;100m%[0;1;30;90;42m@[0;37;5;40;100m8%[0;1;30;90;42m:;..[0;30;42m.:[0m  
  [0;32;40m8[0;1;30;90;42m:::;;;ttXStS[0;32;5;40;100mX[0;1;30;90;42mXtt[0;1;37;97;47m 8[0;36;5;40;100m %[0;32;5;40;100m8[0;1;30;90;42m:::St:8[0;32;5;40;100mX[0;1;30;90;42m...[0;30;42m..[0;32;40m8[0m  
   [0;30;42m8[0;1;30;90;42m:::::;;;;;;;;;;[0;1;37;97;47m.8[0;37;5;40;100mX[0;1;30;90;42m:::::::.....[0;30;42m..8[0m   
    [0;30;42m8[0;1;30;90;42m:::::::::::::t[0;1;37;97;47mS8[0;1;30;90;47m8[0;1;30;90;42m:::::......[0;30;42m..8[0m    
     [0;32;40mX[0;1;30;90;42m:::::::@X;;8[0;1;30;90;47m;[0;1;37;97;47m88%[0;36;5;40;100m [0;32;5;40;100m8[0;1;30;90;42m:.....[0;30;42m...:[0;32;40mX[0m     
       [0;30;42mS[0;1;30;90;42m.:;[0;32;5;40;100m@[0;36;5;40;100m;[0;32;5;40;100mS[0;36;5;40;100m% [0;37;5;40;100m%[0;1;30;90;47m88[0;1;37;97;47m:[0;1;30;90;47m%%[0;37;5;40;100mX[0;1;30;90;47m8[0;36;5;40;100m [0;32;5;40;100mS88[0;1;30;90;42m8S[0;30;42m..S[0m       
        [0;32;40mX[0;30;42m;[0;1;30;90;42m..:[0;36;5;40;100m%   [0;1;30;90;42m:t[0;1;30;90;47mX[0;1;30;90;42m8[0;37;5;40;100mS[0;32;5;40;100m@[0;1;30;90;42m@[0;1;30;90;47m@[0;1;30;90;42m8;[0;30;42m:..t[0;32;40mX[0m        
          [0;32;40m@[0;30;42mt[0;1;30;90;42m...S;:[0;36;5;40;100m t[0;1;30;90;42m;S[0;36;5;40;100m;[0;1;30;90;42mX8[0;30;42m..:t[0;32;40m@[0m          
             [0;30;42mS....[0;1;30;90;42m8[0;30;42m:.[0;1;30;90;42m@[0;30;42m::::X[0m             
               [0;32;40m8[0;30;42m%::::::%[0;32;40m8[0m               
                  [0;32;40m@[0;30;42mXX[0;32;40m8[0m                  
