[0;34;40m......:::;[0;1;30;90;40m8[0;30;5;40;100m8[0;34;40m;:::::::[0;1;37;97;47mtttttt[0;1;30;90;47m             [0;37;5;40;100m8[0m
[0;34;40m..::::[0;1;30;90;40mS[0;36;5;40;100m [0;1;30;90;47m:t[0;36;5;40;100m [0;30;5;40;100m8[0;1;30;90;40mS%%%%[0;34;40m;;;[0;1;37;97;47m88888t[0;1;30;90;47m.% 8[0;33;47m8[0;1;30;90;47m%S; [0;1;37;97;47m@@@@[0;1;30;90;47mt[0m
[0;34;40m.:::;[0;36;5;40;100m [0;1;37;97;47mt [0;30;5;40;100m%[0;1;30;90;40mSSSXXXXXXSS[0;1;37;97;47m888[0;1;30;90;47m X8[0;1;30;90;43m88[0;33;5;40;100m.[0;1;30;90;43m88[0;33;5;40;100m.[0;1;30;90;43m88[0;33;5;40;100m [0;1;30;90;47m8.[0;1;37;97;47m%@[0;1;30;90;47mt[0m
[0;34;40m.::[0;30;5;40;100m8[0;1;30;90;47m.[0;1;37;97;47m8[0;1;30;90;47m8[0;1;30;90;40mXXX@@@888@@@X[0;1;37;97;47m88[0;1;30;90;47m @[0;1;30;90;43m88[0;33;5;40;100m..t%[0;1;30;90;47m8[0;33;5;40;100m;:;[0;1;30;90;43m88[0;37;5;40;100m8[0;1;30;90;47mt[0;1;37;97;47mS[0;1;30;90;47mt[0m
[0;34;40m.:;[0;36;5;40;100m [0;37;5;40;100m@[0;36;5;40;100m [0;1;30;90;40m@X@88888[0;30;5;40;100m8[0;1;30;90;40m88888[0;1;37;97;47m8%[0;1;30;90;47m:[0;1;30;90;43m88[0;33;5;40;100m::t[0;36;5;40;100m@8[0;33;5;40;100m:tttt[0;1;30;90;43m88[0;1;30;90;47mX.;[0m
[0;34;40m:;;;[0;1;30;90;40m8[0;36;5;40;100m [0;30;5;40;100mS[0;1;30;90;40m@88[0;30;5;40;100m8888@8888[0;1;30;90;40m8[0;1;37;97;47m8S[0;1;30;90;47mS[0;33;5;40;100m.[0;1;30;90;43m8[0;33;5;40;100mtS[0;32;5;40;100m8[0;36;5;40;100m8[0;32;5;40;100mS[0;1;30;90;42m8@8[0;33;5;40;100m8XS[0;1;30;90;43m8[0;1;30;90;47m8 ;[0m
[0;34;40m:;;[0;1;30;90;40mSXX[0;36;5;40;100m:[0;37;5;40;100mS[0;30;5;40;100mS88@XXSXX@@8[0;37;5;47;107mS[0;1;37;97;47m@[0;1;30;90;47m 8[0;33;47m8[0;1;30;90;47m8[0;33;5;40;100m:[0;36;5;40;100m8[0;34;46mX[0;1;30;90;46m%%[0;1;30;90;42m8[0;32;5;40;100m8[0;33;5;40;100mXt[0;1;30;90;43m88[0;1;30;90;47mX ;[0m
[0;34;40m:;;[0;1;30;90;40mSX@8[0;30;5;40;100m8[0;37;5;40;100m%@[0;36;5;40;100m%[0;37;5;40;100mX[0;36;5;40;100m:ttt[0;30;5;40;100m%SX@[0;37;5;47;107m%S[0;1;37;97;47m;[0;1;30;90;47m%[0;33;47m8[0;37;43m8[0;33;5;40;100m;[0;1;30;90;46mS[0;34;46mS@@@[0;36;44m88[0;33;5;40;100mS[0;1;30;90;43m8[0;1;30;90;47m8 [0;1;37;97;47m@[0;1;30;90;47m;[0m
[0;34;40m:;[0;1;30;90;40m%SX@88[0;30;5;40;100m8[0;36;5;40;100m;[0;1;30;90;47m@[0;37;5;40;100m@[0;36;5;40;100mt;:;t[0;30;5;40;100mSX@[0;37;5;47;107m%S[0;1;37;97;47m8t[0;1;30;90;47m:@[0;33;47m8[0;1;30;90;43m8[0;36;5;40;100m;S[0;1;30;90;46mS[0;36;5;40;100m t[0;33;5;40;100mS.[0;1;30;90;47mS [0;1;37;97;47mS8[0;1;30;90;47m;[0m
[0;34;40m:;[0;1;30;90;40m%SX@88[0;30;5;40;100m8@X[0;36;5;40;100m [0;1;30;90;47m8[0;36;5;40;100m ;tt[0;30;5;40;100mSX@[0;37;5;47;107m%SX[0;1;37;97;47m88S;[0;1;30;90;47m [0;33;5;40;100m [0;1;37;97;47m8[0;37;5;40;100m8[0;1;37;97;47m8[0;1;30;90;47m  [0;1;37;97;47mt8888[0;1;30;90;47m;[0m
[0;34;40m:;;[0;1;30;90;40mSX@88[0;30;5;40;100m88@XS[0;37;5;40;100m@@[0;36;5;40;100mt[0;30;5;40;100mSX@8[0;37;5;47;107mSS[0;1;37;97;47m88888[0;33;5;40;100m [0;1;37;97;47m%[0;1;30;90;47m%[0;33;5;40;100m:[0;1;37;97;47m88888888[0;1;30;90;47mt[0m
[0;1;30;90;40mX[0;30;5;40;100m8@@XS[0;33;5;40;100mXS%t;;::  :;;t[0;1;37;97;47mXSS%%ttt;[0;1;30;90;47m          [0;33;5;40;100m [0m
[0;33;5;40;100m;[0;1;37;97;47m8888888888@888[0;37;5;47;107mSSSS[0;1;37;97;47m8[0;1;30;90;40m8@XS@[0;36;5;40;100m. [0;30;5;40;100mX[0;34;40m:::.......  [0m
 [0;1;37;97;47m88888@:[0;1;30;90;47m%8X888@:[0;1;37;97;47mS888[0;1;30;90;40mXX[0;30;5;40;100m8[0;37;5;40;100m8[0;1;37;97;47m [0;36;5;40;100m [0;34;40m;:::........ [0m 
 [0;1;30;90;47mt[0;1;37;97;47m888%[0;1;30;90;47m@[0;1;30;90;43m888[0;33;5;40;100mtt[0;1;30;90;47m8[0;1;30;90;43m8[0;33;5;40;100m [0;1;30;90;43m8[0;33;47m8[0;1;30;90;47mt[0;1;37;97;47m88[0;1;30;90;40mS[0;36;5;40;100m [0;1;37;97;47mS[0;1;30;90;47m@[0;1;30;90;40m%[0;34;40m::::........  [0m 
  [0;1;37;97;47m88@[0;1;30;90;47m%[0;1;30;90;43m88[0;33;5;40;100mS%[0;36;5;40;100mX@[0;33;5;40;100mttt%[0;1;30;90;43m88[0;1;30;90;47m [0;1;37;97;47m8[0;1;30;90;40m@[0;37;5;40;100m8[0;36;5;40;100m [0;34;40m;::::........  [0m  
  [0;33;5;40;100mt[0;1;37;97;47m8@[0;1;30;90;47m@[0;33;5;40;100m%[0;1;30;90;43m8[0;33;5;40;100m@[0;1;30;90;42m8[0;36;5;40;100m8[0;1;30;90;42m8X@8[0;33;5;40;100mX;[0;1;30;90;43m8[0;1;30;90;47m:[0;1;37;97;47m8[0;34;40m::[0;30;5;40;100mS%[0;34;40m::.........   [0m  
   [0;33;5;40;100m [0;1;37;97;47m8[0;1;30;90;47m:[0;33;5;40;100mt[0;1;30;90;43m88[0;32;5;40;100mX[0;34;46mX[0;1;30;90;46mtt[0;36;5;40;100m8[0;32;5;40;100mX[0;33;5;40;100m@[0;1;30;90;43m8[0;1;30;90;47m8[0;1;37;97;47m:8[0;34;40m:::;[0;36;5;40;100m:[0;30;5;40;100m@[0;34;40m.[0;1;30;90;40mS[0;34;40m......   [0m   
    [0;33;5;40;100m.[0;1;37;97;47m%[0;1;30;90;47mS[0;1;30;90;43m88[0;36;5;40;100m%8[0;34;46m@[0;1;30;90;46m%[0;36;5;40;100m8[0;32;5;40;100mS[0;36;5;40;100mt[0;33;47m8[0;1;30;90;47m;[0;1;37;97;47m88[0;34;40m:....[0;1;30;90;40m8[0;36;5;40;100m ;[0;34;40m....    [0m    
     [0;33;5;40;100mX[0;1;37;97;47mS%[0;1;30;90;47m:@[0;33;5;40;100m [0;1;37;97;47mX[0;37;5;40;100m8[0;1;30;90;47m t [0;1;37;97;47m@888[0;34;40m.......[0;30;5;40;100m@S[0;34;40m..    [0m     
       [0;1;30;90;47mt[0;1;37;97;47m8[0;1;30;90;47m::X[0;37;5;40;100m8[0;1;37;97;47m8888888[0;34;40m........:[0;36;5;40;100m;[0;1;30;90;40m@[0;34;40m  [0m       
        [0;33;5;40;100m@[0;1;30;90;47m [0;1;37;97;47m8888888888[0;34;40m......      [0m        
          [0;33;5;40;100m%[0;1;30;90;47m [0;1;37;97;47m88888888[0;34;40m.         [0m          
             [0;1;30;90;47m%[0;1;37;97;47m@@@@@@[0;34;40m       [0m             
               [0;33;5;40;100mt[0;1;30;90;47m.[0;1;37;97;47m@@@[0;34;40m     [0m               
                  [0;33;5;40;100m%[0;1;30;90;47mX[0;34;40m  [0m                  
