[0;1;30;90;47mt[0;1;37;97;47m@@@888%[0;1;30;90;47m.[0;1;37;97;47m@:[0;1;30;90;44m88[0;1;37;97;47m.8888:[0;1;30;90;44m88[0;1;37;97;47m.888@.[0;1;30;90;44m88[0;1;37;97;47m XXXS [0;1;30;90;44m88[0;1;30;90;47m;[0;1;37;97;47m%[0;1;30;90;47mS[0m
[0;1;37;97;47m:[0;37;5;47;107m%tttt[0;1;37;97;47m8[0;37;5;40;100m;[0;1;37;97;47m% [0;1;30;90;44m8[0;34;5;44;104m888[0;37;5;47;107mt;tt[0;34;5;44;104m8888[0;37;5;47;107mtttt[0;34;5;44;104m8[0;1;34;94;44m888[0;37;5;47;107m%SSS[0;1;34;94;44m8888[0;37;5;47;107m8[0;1;37;97;47m [0m
[0;1;37;97;47m:[0;37;5;47;107mttttttX[0;35;5;40;100m:[0;1;37;97;47m8S[0;1;30;90;47m8[0;1;34;94;44m8[0;34;5;44;104m8[0;37;5;47;107mt;;;[0;34;5;44;104m8888[0;37;5;47;107mtttt[0;34;5;44;104m888[0;1;34;94;44m8[0;37;5;47;107m%%SS[0;1;34;94;44m8888[0;37;5;47;107m8[0;1;37;97;47m [0m
[0;1;37;97;47m;[0;37;5;47;107mt@ttt;@[0;37;5;40;100m%[0;35;5;40;100m [0;37;5;47;107mX:8[0;1;30;90;47m88[0;37;5;47;107m%%[0;1;30;90;47m8[0;34;5;44;104m8888[0;1;30;90;47m8[0;37;5;47;107mXS[0;1;30;90;47m8[0;34;5;44;104m8888[0;1;30;90;47m8[0;37;5;47;107m@@[0;1;30;90;47m8[0;1;34;94;44m8888[0;1;30;90;47m8:[0m
[0;1;30;90;47m8[0;37;5;47;107m8[0;1;30;90;47m@%[0;37;5;47;107m8[0;1;37;97;47m@[0;37;5;47;107mS[0;1;37;97;47m%[0;35;5;40;100m;[0;37;5;40;100mX[0;37;5;47;107m:::.[0;1;37;97;47mS[0;1;30;90;47m88[0;1;37;97;47m::..  [0;1;30;90;47m88[0;1;37;97;47m      [0;1;30;90;47m88[0;1;37;97;47m     [0;1;30;90;47m%[0;36;5;40;100m;[0m
[0;1;34;94;44m;[0;1;30;90;44m8[0;1;30;90;47m;;S[0;35;5;40;100m..[0;37;5;40;100m%[0;35;5;40;100m [0;1;30;90;41m8[0;37;5;47;107m8..  .[0;1;37;97;47m [0;1;30;90;47m8[0;37;5;47;107m:.::[0;1;30;90;47m8[0;34;5;44;104m88[0;36;5;44;104m@[0;37;5;47;107mtttt[0;36;5;44;104m8[0;1;34;94;44m88[0;34;5;44;104m8[0;37;5;47;107mSSSX[0;34;5;44;104m8[0;1;34;94;44m:[0m
[0;1;34;94;44m;[0;34;5;44;104m8[0;37;5;47;107mS[0;1;37;97;47m8@[0;37;5;47;107m%::.St      %8;.:[0;34;5;44;104m@888[0;37;5;47;107m%ttt[0;34;5;44;104m88[0;1;34;94;44m88[0;37;5;47;107mSSSX[0;1;34;94;44m8:[0m
[0;1;34;94;44m;[0;34;5;44;104m8[0;1;37;97;47m%[0;37;5;47;107m;@[0;1;37;97;47m%[0;37;5;47;107m;:.         XX[0;1;37;97;47m8[0;37;5;47;107m8[0;34;5;44;104m@888[0;1;37;97;47m%[0;37;5;47;107mtt[0;1;37;97;47m%[0;34;5;44;104m88[0;1;34;94;44m88[0;1;37;97;47m;[0;37;5;47;107mSS[0;1;37;97;47m;[0;1;34;94;44m8:[0m
[0;36;5;40;100m%[0;1;30;90;47m88[0;1;37;97;47m  [0;1;30;90;47m8@[0;37;5;47;107m8.        ;[0;1;37;97;47m .[0;1;30;90;47mS[0;1;37;97;47m [0;36;5;40;100m [0;1;30;90;47m8888[0;1;37;97;47m  [0;1;30;90;47m8[0;36;5;40;100m ....[0;1;30;90;47mSS[0;36;5;40;100m:;[0;34;5;40;100mX[0m
[0;1;37;97;47m;[0;37;5;47;107mt[0;1;37;97;47m [0;34;5;44;104m88[0;1;37;97;47m [0;37;5;47;107m:;8%        .[0;1;37;97;47m . [0;37;5;47;107m%[0;1;37;97;47m8[0;37;5;47;107mS;[0;1;37;97;47m [0;34;5;44;104m88[0;1;30;90;47mX[0;37;5;47;107mtt%%[0;1;30;90;47m@[0;1;34;94;44m88[0;1;30;90;47m8[0;37;5;47;107mX[0;1;37;97;47m.[0m
[0;1;37;97;47m:[0;37;5;47;107mt[0;34;5;44;104m8888[0;37;5;47;107m;:.%[0;1;37;97;47m [0;37;5;47;107m:.%X    [0;1;30;90;47m;[0;1;30;90;41m8[0;37;5;47;107mS::8[0;1;37;97;47m8[0;34;5;44;104m8888[0;37;5;47;107mtt%%[0;1;34;94;44m8888[0;37;5;47;107m@[0;1;37;97;47m [0m
[0;1;30;90;47m;[0;37;5;47;107m%[0;34;5;44;104m8888[0;37;5;47;107m%:::[0;34;5;44;104mX[0;36;5;40;100m:[0;1;37;97;47m%:[0;1;30;90;47mXt[0;1;37;97;47m [0;1;30;90;47m;[0;1;37;97;47m [0;35;5;40;100m;[0;31;5;40;100mS[0;37;5;47;107m%:;;t[0;1;37;97;47m [0;1;34;94;44m@[0;34;5;44;104m88[0;37;5;47;107m%t%S[0;1;34;94;44m8888[0;37;5;47;107m8[0;1;30;90;47mt[0m
[0;36;5;40;100m;[0;34;5;44;104m88888@[0;1;37;97;47m;t[0;36;5;44;104m@[0;34;5;44;104m@@@[0;37;5;40;100m:[0;1;37;97;47mS[0;37;5;47;107m8[0;1;37;97;47m [0;1;30;90;47m;[0;1;37;97;47m  [0;1;30;90;47m8X[0;37;5;47;107m;;;ttX[0;1;30;90;47m8[0;1;34;94;44m8[0;34;5;44;104m8[0;1;37;97;47m .[0;34;5;44;104m8[0;1;34;94;44m88888[0;36;5;40;100m%[0m
 [0;37;5;47;107m8tttt8[0;1;30;90;47m88[0;37;5;47;107m8::::[0;1;37;97;47m8[0;1;30;90;47m@[0;37;5;47;107m%::;;;;;ttttt8[0;1;37;97;47mS[0;36;5;40;100m:[0;36;5;44;104m8[0;1;37;97;47mX[0;37;5;47;107mSSXX[0;1;37;97;47mX[0m 
 [0;1;30;90;44m;[0;37;5;47;107mtttt[0;34;5;44;104m8888[0;37;5;47;107m;;;;[0;34;5;44;104m88[0;1;34;94;44m8[0;1;37;97;47m [0;37;5;47;107m;;;;tttttt%[0;1;37;97;47m:t[0;1;30;90;47m8[0;1;34;94;44mX8[0;37;5;47;107mXXXX[0;1;30;90;44m;[0m 
  [0;37;5;47;107mSttt[0;34;5;44;104m8888[0;37;5;47;107m;;;;[0;34;5;44;104m8888[0;1;37;97;47mX[0;37;5;47;107m8tttttttt%8[0;1;30;90;47m8[0;37;5;40;100m;[0;1;37;97;47m@[0;1;30;90;47m8[0;1;37;97;47m8[0;37;5;47;107mXX8[0m  
  [0;36;5;40;100m [0;37;5;47;107m@X[0;1;30;90;47m8[0;34;5;44;104m8888[0;1;30;90;47m8[0;37;5;47;107mXS[0;1;30;90;47m8[0;34;5;44;104m8888[0;1;30;90;47m8[0;37;5;47;107m8[0;1;37;97;47mS[0;37;5;47;107m@tttt%%%%[0;1;37;97;47m.[0;35;5;40;100mt[0;1;30;90;47m8[0;37;5;47;107mX[0;1;37;97;47m8%8[0;36;5;40;100m [0m  
   [0;34;5;40;100m8[0;1;30;90;47m8[0;1;37;97;47m      [0;1;30;90;47m88[0;1;37;97;47m      [0;1;30;90;47m88[0;1;37;97;47m.X[0;37;5;47;107m%[0;1;37;97;47m%[0;37;5;40;100mS[0;37;5;47;107mSS8S[0;1;37;97;47m;[0;1;30;90;41m;[0;1;37;97;47m:[0;37;5;47;107mXX@[0;36;5;40;100m [0m   
    [0;30;44m%[0;34;5;44;104m8[0;37;5;47;107m%%%t[0;36;5;44;104m8[0;34;5;44;104m888[0;37;5;47;107mtttt[0;36;5;44;104m8[0;34;5;44;104m8[0;1;34;94;44m8[0;34;5;44;104m8[0;37;5;47;107m%[0;1;37;97;47mXt[0;1;30;90;47m%[0;35;5;40;100m [0;1;30;90;47mS[0;31;5;40;100m@[0;35;5;40;100mt[0;1;30;90;41mX[0;1;31;91;41m;[0;1;30;90;47m8[0;37;5;47;107m@@[0;37;5;40;100m@[0m    
     [0;30;44m8[0;37;5;47;107m8%%%[0;1;34;94;44m8888[0;37;5;47;107m%%%%[0;1;34;94;44m8888[0;37;5;47;107mSS@[0;1;37;97;47mSS %8[0;37;5;47;107m8[0;1;37;97;47m [0;37;5;40;100m@[0;1;37;97;47m8[0;36;5;40;100m.[0m     
       [0;1;30;90;47m [0;37;5;47;107mS[0;1;37;97;47mt[0;1;34;94;44m8888[0;1;37;97;47m;[0;37;5;47;107m%%[0;1;37;97;47mt[0;1;34;94;44m8888[0;1;37;97;47m:[0;37;5;47;107mSS[0;1;37;97;47m;[0;1;34;94;44mX[0;1;30;90;47m8[0;37;5;47;107m@X@@[0;1;30;90;47m.[0m       
        [0;34;5;40;100m@[0;1;30;90;44m8[0;36;5;40;100m:::::[0;1;30;90;47mSS[0;36;5;40;100m::::::[0;1;30;90;47mXX[0;36;5;40;100m:;;[0;1;30;90;47m8[0;1;37;97;47mSS[0;36;5;40;100m.[0m        
          [0;36;5;40;100m [0;1;37;97;47mS[0;37;5;47;107mXX[0;1;30;90;47m8[0;1;34;94;44m88[0;1;30;90;47m8[0;37;5;47;107mXXXX[0;1;30;90;47m8[0;1;34;94;44m88[0;1;30;90;47m8[0;37;5;47;107m@@[0;1;37;97;47mS[0;36;5;40;100m [0m          
             [0;1;30;90;47m.[0;1;34;94;44m8888[0;37;5;47;107m8@@@[0;1;34;94;44m@@@@[0;1;30;90;47m:[0m             
               [0;30;44mX[0;1;34;94;44m;@[0;37;5;47;107m8@@8[0;1;34;94;44m@t[0;30;44mS[0m               
                  [0;1;30;90;44m@[0;1;30;90;47mS%[0;1;30;90;44m8[0m                  
