[0;1;30;90;41m.[0;1;31;91;41mSSSSSSSSXXXXXXXXXXXXSSSSSSSSS%%%%%%ttt[0;30;41m:[0m
[0;1;31;91;41m;8[0;31;5;41;101m8888888888888888888888888[0;1;31;91;41m8888888888@@.[0m
[0;1;31;91;41m;[0;31;5;41;101m8888888888888888888888888888[0;1;31;91;41m888888888@:[0m
[0;1;31;91;41m;[0;31;5;41;101m888888888888@@@88888888888888[0;1;31;91;41m888888888:[0m
[0;1;31;91;41m;[0;31;5;41;101m88888888@@@@@@@@@@@88888888888[0;1;31;91;41m88888888:[0m
[0;1;31;91;41m;[0;31;5;41;101m8888888@@XXX[0;35;5;41;101mXXX[0;31;5;41;101mXXXX@@@@8888888[0;1;31;91;41m88888888:[0m
[0;1;31;91;41m;[0;31;5;41;101m888888@@X[0;37;5;47;107m         ..::;;;tttt[0;31;5;41;101m88[0;1;31;91;41m8888888:[0m
[0;1;31;91;41m;[0;31;5;41;101m88888@@XX[0;37;5;47;107m         @[0;1;30;90;47m@[0;1;37;97;47m [0;1;30;90;47m8[0;1;37;97;47m [0;37;5;47;107m%;;ttt[0;31;5;41;101m88[0;1;31;91;41m8888888:[0m
[0;1;31;91;41m;[0;31;5;41;101m88888@@XX[0;37;5;47;107m      8[0;1;33;93;47mX[0;1;37;97;47m8[0;37;43m8[0;1;30;90;43m8[0;1;31;91;43m8[0;31;5;41;101m8[0;35;5;40;100m.[0;1;30;90;41m8[0;1;30;90;47m8%[0;37;5;47;107m8tt[0;31;5;41;101m88[0;1;31;91;41m8888888:[0m
[0;1;31;91;41m;[0;31;5;41;101m88888@@XX[0;37;5;47;107m      %[0;1;37;97;47mX[0;33;47m8[0;37;43m@[0;33;47mX[0;37;5;43;103mt[0;33;5;43;103mS[0;31;43mS[0;31;5;41;101m8[0;1;31;91;41m@[0;1;30;90;41m8[0;37;5;40;100m%[0;1;37;97;47m8[0;37;5;47;107mt[0;31;5;41;101m88[0;1;31;91;41m8888888:[0m
[0;1;31;91;41m;[0;31;5;41;101m88888@@@X[0;37;5;47;107m.     @[0;1;37;97;47m@[0;37;43m@[0;1;33;93;43m@[0;37;5;43;103m::[0;33;5;43;103m;t[0;1;30;90;47m [0;37;5;47;107m8ttt%[0;31;5;41;101m88[0;1;31;91;41m8888888:[0m
[0;1;30;90;41m:[0;31;5;41;101m888888@@@[0;37;5;47;107m8.    :[0;1;37;97;47m8[0;37;5;43;103m@:::[0;33;5;43;103m:88[0;37;5;47;107m;ttt8[0;31;5;41;101m8[0;1;31;91;41m88888888[0;30;41m.[0m
[0;30;41mS[0;31;5;41;101m88888888@[0;1;37;97;47m [0;37;5;47;107m...[0;1;37;97;47m8[0;37;5;43;103m@[0;33;5;43;103m@SS%.::8[0;37;5;43;103m8[0;37;5;47;107mtttt[0;1;30;90;47m8[0;31;5;41;101m8[0;1;31;91;41m88888888[0;30;41mX[0m
 [0;31;5;41;101m888888888@[0;37;5;47;107mX::[0;1;37;97;47m8[0;33;5;43;103m8:S%:::@S[0;1;37;97;47mX[0;37;5;47;107mttt8[0;31;5;41;101m8[0;1;31;91;41m888888888[0m 
 [0;1;31;91;41m.[0;31;5;41;101m888888888[0;35;5;41;101m@[0;37;5;47;107mtt[0;1;37;97;47m8[0;33;5;43;103mXS8%X@8@[0;1;37;97;47m8[0;37;5;47;107mttt%[0;35;5;41;101m8[0;1;31;91;41m888888888.[0m 
  [0;1;31;91;41m8[0;31;5;41;101m888888888[0;35;5;41;101m@[0;37;43m@[0;33;5;43;103m:;[0;1;33;93;43m8@[0;1;30;90;43m%[0;1;33;93;43mX[0;33;5;43;103m8;[0;1;37;97;47m%[0;37;5;47;107mtttX[0;35;5;41;101m8[0;1;31;91;41m888888888@[0m  
  [0;30;41m@[0;31;5;41;101m8888888888[0;1;31;91;41m8[0;1;33;93;43m%@[0;33;5;43;103m8[0;1;30;90;43mt[0;33;5;43;103m8@@SS[0;1;33;93;47mX[0;1;37;97;47m8t[0;31;5;41;101m8[0;1;31;91;41m8888888888[0;30;41m@[0m  
   [0;30;41mt[0;1;31;91;41m88[0;31;5;41;101m888888888[0;33;41m8[0;33;5;43;103m8S;;;;;8[0;33;41m8[0;1;31;91;41m8888888888@[0;30;41mt[0m   
    [0;30;41m%[0;1;31;91;41m8888[0;31;5;41;101m8888888[0;1;31;91;41m8[0;31;43m8[0;1;33;93;43mX[0;33;5;43;103m;;[0;1;33;93;43mX[0;31;43m8[0;1;31;91;41m88888888888@[0;30;41m%[0m    
     [0;30;41m8[0;1;31;91;41m@888888888888XX88888888888@X[0;30;41m8[0m     
       [0;1;31;91;41m:8888888888888888888888@@.[0m       
        [0;31;40m8[0;1;31;91;41mS888888888888888888@@%[0;30;41m8[0m        
          [0;30;41m8[0;1;31;91;41m%8888888888888@@@%[0;30;41m8[0m          
             [0;1;31;91;41m.@8888@@@@@@@.[0m             
               [0;30;41mX[0;1;31;91;41m;@@@@@@t[0;30;41mS[0m               
                  [0;30;41m@. @[0m                  
