[0;31;43mX[0;1;31;91;43m8[0;33;41m8[0;31;40m;[0;31;43m8[0;1;31;91;43m888[0;31;43m%[0;31;40m8@[0;31;43m%[0;1;31;91;43m888[0;31;43m@[0;31;40m%[0;1;30;90;41m8[0;1;31;91;43m8888[0;33;41m8[0;31;40mt[0;31;43m8[0;1;31;91;43m888[0;31;43m%[0;31;40m@X[0;31;43mS[0;1;31;91;43m888[0;31;43m8[0;31;40m;[0;30;41m@[0;31;43m%@[0m
[0;31;43m8[0;31;40mS[0;34;40m:::[0;1;30;90;41m8[0;1;31;91;43m8[0;31;43m8[0;31;40mt[0;34;40m;;[0;31;40mt[0;1;30;90;43m%[0;1;31;91;43m8[0;31;5;40;100mX[0;1;30;90;40mX[0;36;5;40;100mt [0;1;30;90;47m8[0;1;33;93;47mSS[0;1;30;90;47m8[0;36;5;40;100m [0;30;5;40;100mS[0;34;40m;[0;1;30;90;41m8[0;1;31;91;43m8[0;31;43m8[0;31;40m;[0;34;40m..[0;31;40m:[0;33;41m8[0;31;43mt[0;30;41m8[0;34;40m.  [0;31;40mt[0;33;41m8[0m
[0;31;43m8[0;31;40mX[0;34;40m::[0;31;40m:[0;1;30;90;41m8[0;1;31;91;43m8[0;1;30;90;43m%[0;1;30;90;40mXSS@[0;1;30;90;43mX[0;37;43m8[0;1;30;90;47m;[0;1;37;97;47m8[0;37;5;47;107m8@XXX@88[0;1;37;97;47m8[0;1;30;90;47m%[0;37;43mX[0;31;43m8[0;31;40m;[0;34;40m..[0;31;40m;[0;31;43m8[0;1;31;91;43m8[0;30;41m@[0;31;40m.[0;34;40m. [0;31;40m%[0;33;41m8[0m
[0;31;43m%[0;1;33;93;43m.[0;31;43m@[0;31;40m8[0;31;43mt[0;1;33;93;43m::;.[0;33;5;40;100m88[0;1;33;93;43m.[0;1;33;93;47mS[0;37;5;47;107m8S;::8[0;1;37;97;47m..8[0;37;5;47;107m;t%@[0;1;37;97;47m8[0;1;33;93;47mX[0;1;31;91;43m8[0;1;30;90;41m88[0;1;31;91;43m8[0;1;33;93;43m.[0;1;31;91;43m88[0;31;43mS[0;31;40m8[0;31;43m8[0;1;31;91;43m8[0;31;43mS[0m
[0;31;43mt[0;1;31;91;43m8[0;31;43m8[0;31;40mX[0;1;30;90;43m%[0;1;33;93;43m:[0;33;5;43;103m;:[0;1;31;91;43m8[0;31;5;40;100mSS[0;37;43mS[0;37;5;47;107m@;...[0;1;37;97;47mt[0;1;30;90;43m88@@[0;1;30;90;47m;[0;37;5;47;107m;;t%[0;1;37;97;47m8[0;1;30;90;43m@[0;30;41m8[0;31;40m8[0;1;31;91;43m8[0;1;33;93;43m..[0;1;31;91;43m8[0;31;43mX[0;31;40m%[0;33;41m8[0;1;31;91;43m8[0;31;43mS[0m
[0;33;41m8[0;31;40mS[0;34;40m;;[0;1;30;90;40mS[0;31;5;40;100m@[0;1;30;90;43mX@[0;1;30;90;40m88[0;30;5;40;100m8[0;33;5;40;100m;[0;37;5;47;107mS   ;[0;1;30;90;43m88888@[0;37;5;47;107mX;;t8[0;30;5;40;100m%[0;34;40m::[0;31;40m:[0;33;41m8[0;31;43mt[0;31;40m8[0;34;40m...[0;31;40mt[0;33;41m8[0m
[0;31;43m@[0;30;41m8[0;34;40m;[0;1;30;90;40mSX[0;1;30;90;43mX[0;1;33;93;43m:[0;1;30;90;43m8[0;30;5;40;100m@88[0;33;5;40;100m.[0;37;5;47;107m%   t[0;1;30;90;43m888888[0;37;5;47;107m@;;t@[0;33;5;40;100mt[0;34;40m::[0;31;40mt[0;31;43m@[0;1;31;91;43m8[0;33;41m8[0;31;40m.[0;34;40m..[0;31;40m@[0;31;43m8[0m
[0;31;43mt[0;1;33;93;43m:[0;1;30;90;43m%[0;31;5;40;100m@[0;1;30;90;43mS[0;33;5;43;103m:::;[0;33;5;40;100m8@[0;1;33;93;47m8[0;37;5;47;107mt    [0;1;30;90;47m:[0;33;5;40;100mX@[0;1;30;90;43m88[0;1;30;90;47m@[0;37;5;47;107m:;;;@[0;37;43m8[0;33;41m88[0;1;31;91;43m8[0;1;33;93;43m...[0;31;43mt[0;30;41m8[0;31;43m@[0;1;31;91;43m8[0;31;43mS[0m
[0;31;43mt[0;1;31;91;43m8[0;1;30;90;43mS[0;1;30;90;40m@[0;1;30;90;43mX[0;33;5;43;103m;:.[0;37;43mS[0;33;5;40;100m@X[0;33;47m8[0;37;5;47;107mt    .[0;1;37;97;47m:[0;1;30;90;43m88[0;1;30;90;47mS[0;37;5;47;107mt:;;;@[0;1;30;90;43m8[0;31;40m88[0;31;43mt[0;1;33;93;43m..[0;1;31;91;43m8[0;31;43m@[0;31;40mt[0;1;30;90;41m8[0;1;31;91;43m8[0;31;43mS[0m
[0;33;41m8[0;31;40m%[0;1;30;90;40m%SX[0;31;5;40;100m@[0;1;30;90;43m8[0;33;5;40;100m8[0;30;5;40;100m8@X[0;36;5;40;100m [0;37;5;47;107mt      [0;1;37;97;47m;[0;1;30;90;43m8[0;37;5;47;107m.::;;;@[0;36;5;40;100mt[0;34;40m::[0;31;40m:[0;1;30;90;41m8[0;31;43m%[0;31;40m@[0;34;40m...[0;31;40m;[0;1;30;90;41m8[0m
[0;31;43mX[0;1;30;90;41m8[0;34;40m;[0;1;30;90;40mSX[0;1;30;90;43m@[0;1;33;93;43m;[0;1;30;90;43m8[0;31;5;40;100mX[0;30;5;40;100m8@[0;33;5;40;100m [0;37;5;47;107mt      [0;1;37;97;47m:[0;1;30;90;43m8[0;37;5;47;107m:::;;;@[0;33;5;40;100mt[0;34;40m::[0;31;40mS[0;31;43mS[0;1;31;91;43m8[0;31;43m8[0;31;40m:[0;34;40m..[0;31;40m8[0;31;43m8[0m
[0;31;43mS[0;1;33;93;43m:[0;1;30;90;43m%[0;31;5;40;100m@[0;1;31;91;43m8[0;33;5;43;103m:::;[0;1;30;90;43m88[0;1;33;93;47m8[0;37;5;47;107m%     .[0;1;37;97;47m [0;1;30;90;43m8[0;37;5;47;107m::;;;t@[0;37;43m@[0;31;43m88[0;1;31;91;43m8[0;1;33;93;43m..[0;1;31;91;43m88[0;30;41m8[0;31;43mX[0;1;31;91;43m8[0;31;43m@[0m
[0;33;41m8[0;1;31;91;43m8[0;1;30;90;41m8[0;31;40mt[0;1;30;90;43m%[0;1;33;93;43m:[0;33;5;43;103m::[0;1;30;90;43m@[0;31;5;40;100m@@[0;37;43m8[0;37;5;47;107m%.....:[0;1;30;90;47m.[0;1;30;90;43m8[0;37;5;47;107m;;;;tt@[0;1;30;90;43m8[0;31;40mXS[0;31;43mS[0;1;33;93;43m..[0;1;31;91;43m8[0;31;43m8[0;31;40m:[0;30;41m8[0;31;43mt[0;33;41m8[0m
 [0;31;40m;[0;34;40m:;;[0;1;30;90;40m8[0;1;30;90;43mS[0;31;5;40;100mS[0;1;30;90;40mX@@[0;36;5;40;100m:[0;37;5;47;107mS::::::[0;1;30;90;47m;[0;1;30;90;43mX[0;37;5;47;107m;;;ttt@[0;30;5;40;100mS[0;34;40m:..[0;30;41m8[0;31;43mS[0;31;40mS[0;34;40m...[0;31;40m.[0m 
 [0;31;40mS:[0;34;40m:[0;31;40mt[0;31;43m@[0;1;33;93;43m:[0;1;30;90;43m%[0;30;5;40;100m8[0;1;30;90;40mSX[0;33;5;40;100m;[0;37;5;47;107mX;;;;;;[0;1;30;90;47m%[0;31;43m@[0;37;5;47;107mtttttt8[0;33;5;40;100mX[0;34;40m..[0;31;40mX[0;31;43mS[0;1;31;91;43m8[0;31;43m8[0;31;40m:[0;34;40m.[0;31;40m t[0m 
  [0;31;43m%[0;1;30;90;41m8[0;1;31;91;43m8[0;1;33;93;43m::::[0;1;30;90;43m%%[0;33;47m8[0;37;5;47;107m@;;;;;;[0;1;30;90;47mS[0;31;43m8[0;37;5;47;107mSttttt8[0;1;33;93;43m;[0;31;43m88[0;1;31;91;43m88888[0;30;41m8[0;31;43mX[0m  
  [0;31;40m%:[0;33;41m8[0;1;31;91;43m8[0;1;33;93;43m..[0;31;43mS[0;31;40mSS[0;1;30;90;43m8[0;37;5;47;107m@tttttt[0;1;30;90;47m@[0;31;43m8[0;37;5;47;107mXtttt%8[0;1;30;90;43m8[0;31;40m%%[0;31;43m@[0;1;31;91;43m888[0;33;41m8[0;31;40m.t[0m  
   [0;34;40m..[0;31;40mt[0;31;43mS[0;30;41m8[0;34;40m:::[0;30;5;40;100mX[0;37;5;47;107m@tttttt[0;1;30;90;47m8[0;31;43m8[0;37;5;47;107m@tt%%%8[0;30;5;40;100m8[0;34;40m...[0;31;40m8[0;31;43mX[0;31;40mt[0;34;40m  [0m   
    [0;31;40m:[0;31;43m@[0;1;33;93;43m.[0;31;43mt[0;31;40m8[0;34;40m::[0;33;5;40;100mX[0;37;5;47;107m8tttttt[0;1;30;90;47m8[0;31;43m8[0;37;5;47;107m8%%%%S[0;1;37;97;47m8[0;31;5;40;100mX[0;34;40m..[0;31;40m@[0;31;43m%[0;1;31;91;43m8[0;31;43m8[0;31;40m.[0m    
     [0;1;30;90;41m8[0;1;31;91;43m8[0;1;33;93;43m..[0;31;43m88[0;1;33;93;43m;[0;37;5;47;107m8%%%%%%[0;37;5;40;100m8[0;31;43m8[0;37;5;47;107m8%SSSS[0;1;37;97;47m8[0;1;33;93;43m:[0;31;43m88[0;1;31;91;43m888[0;30;41m@[0m     
       [0;31;43mS8[0;31;40m;;[0;1;30;90;43mS[0;1;37;97;47m@[0;37;5;47;107m@%%%%S[0;37;5;40;100m8[0;31;43m8[0;1;37;97;47m8[0;37;5;47;107mSSSX8[0;1;37;97;47mS[0;1;30;90;43m%[0;31;40m;:[0;31;43m8X[0m       
        [0;34;40m ...[0;33;5;40;100m:[0;1;37;97;47mS8[0;37;5;47;107m8XSS@[0;1;37;97;47m8[0;37;5;47;107mXX@8[0;1;37;97;47m@%[0;33;5;40;100m:[0;34;40m    [0m        
          [0;34;40m [0;31;40m@[0;31;43mt[0;1;33;93;43m.[0;33;47m8[0;1;30;90;47m;[0;1;37;97;47m;XX@@XS;[0;1;30;90;47mt[0;33;47m8[0;1;31;91;43m8[0;31;43mt[0;31;40m@[0;34;40m [0m          
             [0;31;43mS[0;1;31;91;43m88[0;30;41m@[0;31;43m;[0;1;33;93;43m.::.[0;1;31;91;43m8[0;30;41m8[0;1;31;91;43m88[0;31;43mX[0m             
               [0;31;40m8 %[0;31;43m@[0;1;31;91;43m88[0;31;43mX[0;31;40m%[0;34;40m [0;31;40m8[0m               
                  [0;34;40m [0;30;41m88[0;34;40m [0m                  
