[0;1;30;90;44m.[0;1;34;94;44mSSSSSX[0;1;37;97;47mt888888[0;1;30;90;47mS[0;1;30;90;44m8[0;1;34;94;44mXXXXXSSSX[0;1;37;97;47m @@@@XX[0;1;30;90;47m8[0;1;34;94;44m%%%ttt[0;30;44m:[0m
[0;34;5;40;100mS[0;1;34;94;44m8[0;34;5;44;104m88888[0;36;5;44;104m8[0;37;5;47;107m@tttt;;;X[0;1;37;97;47m.[0;36;5;40;100m [0;34;5;44;104m8888888[0;37;5;47;107mX%%%%SS[0;1;30;90;47m8[0;34;5;44;104m8[0;1;34;94;44m88@@.[0m
[0;1;37;97;47m.[0;34;5;44;104m88888888[0;1;30;90;47m8@[0;1;37;97;47mX[0;37;5;47;107m;;;;;;;[0;1;30;90;47m8[0;34;5;44;104m888888[0;36;5;40;100m.[0;37;5;47;107m@t%%%SSS8[0;1;37;97;47m [0;34;5;44;104m8[0;1;34;94;44m@:[0m
[0;1;37;97;47m;[0;37;5;47;107mX[0;1;30;90;47m@[0;36;5;44;104m8[0;34;5;44;104m88888888[0;1;30;90;47m8[0;37;5;47;107m;::::;X[0;34;5;44;104m@8888888[0;36;5;44;104m8[0;1;30;90;47m8[0;1;37;97;47mt[0;37;5;47;107m%%SSSX@[0;36;5;44;104m8[0;1;34;94;44m:[0m
[0;1;37;97;47m;[0;37;5;47;107mtttt[0;1;37;97;47m;[0;34;5;44;104m@88@@@@[0;1;37;97;47m [0;37;5;47;107m...:::%[0;1;37;97;47m [0;1;30;90;47m8[0;34;5;44;104m88888888[0;1;30;90;47m8[0;37;5;47;107m%%SSXX[0;1;37;97;47mX[0;1;30;90;44mS[0m
[0;1;37;97;47m;[0;37;5;47;107mttt;;@[0;34;5;44;104m@@@8888[0;1;37;97;47m [0;37;5;47;107mt;;ttt%%S[0;1;37;97;47m.[0;1;34;94;44m88888[0;34;5;44;104m8[0;1;34;94;44m8[0;1;37;97;47m [0;37;5;47;107m%SSSXX[0;1;30;90;47m [0m
[0;1;30;90;47mX[0;37;5;47;107mtt;;;:[0;1;37;97;47m;[0;34;5;44;104mXX[0;1;30;90;43m8[0;1;30;90;47m88[0;1;30;90;43m888[0;37;5;40;100m8[0;1;30;90;47m8[0;1;30;90;43m8888[0;33;5;40;100m S[0;1;30;90;43mX[0;31;43mX@[0;33;5;40;100mt%[0;31;43m8[0;34;5;44;104m888[0;1;30;90;47m8[0;37;5;47;107m8SSXX[0;1;37;97;47m.[0m
[0;1;34;94;44mt[0;37;5;47;107m8t;;;::%[0;1;37;97;47m:[0;1;30;90;43m8[0;1;30;90;47m8[0;37;5;40;100m@[0;1;30;90;43m888[0;1;30;90;47m8[0;37;5;40;100m8[0;33;5;40;100m%[0;1;30;90;43m888[0;37;5;40;100mX[0;33;5;40;100m%[0;1;30;90;43mX[0;31;43mX[0;1;30;90;43mX[0;33;5;40;100m.%[0;31;43m8[0;34;5;44;104m88[0;1;34;94;44m888[0;34;5;44;104m8[0;1;30;90;47m8[0;1;37;97;47mt[0;37;5;47;107mX[0;1;37;97;47m.[0m
[0;1;34;94;44m;[0;34;5;44;104m8[0;1;30;90;47mS[0;37;5;47;107m8;::.. [0;1;30;90;43m88888888888888@X[0;31;43m@@@8[0;34;5;44;104m88[0;1;34;94;44m888888[0;1;37;97;47m:.[0m
[0;1;34;94;44m;[0;34;5;44;104m888@[0;1;30;90;47m8[0;37;5;47;107m@.. [0;1;30;90;43m8[0;1;30;90;47m88[0;1;30;90;43m888[0;33;5;40;100m.[0;1;30;90;47m8[0;1;30;90;43m8888[0;33;5;40;100m:[0;1;30;90;43m8XS[0;31;43m@[0;33;5;40;100mX@[0;31;43m8[0;37;5;47;107mt[0;1;30;90;47m8[0;1;34;94;44m8888888[0;1;30;90;47m:[0m
[0;1;34;94;44m;[0;34;5;44;104m88888[0;36;5;44;104m@[0;37;5;47;107m;..[0;1;30;90;43m8[0;1;30;90;47m8[0;37;5;40;100m8[0;1;30;90;43m888[0;1;30;90;47m88[0;33;5;40;100mt[0;1;30;90;43m88[0;33;5;40;100mt[0;37;5;40;100m@[0;33;5;40;100m;[0;1;30;90;43mX[0;31;43mX[0;1;30;90;43m@[0;33;5;40;100m .[0;31;43m8[0;37;5;47;107mtt[0;36;5;40;100m [0;1;34;94;44m888888[0;1;30;90;44m;[0m
[0;1;30;90;44mS[0;34;5;44;104m888888[0;1;30;90;47m8[0;37;5;47;107m:.[0;37;43m8[0;1;30;90;43m88888888888@XS[0;31;43m@@@8[0;1;30;90;43m8[0;37;5;47;107mttX[0;1;30;90;47m8[0;1;34;94;44m88888[0;30;44m.[0m
[0;36;5;40;100m [0;34;5;44;104m8888888[0;36;5;44;104m@[0;1;30;90;47m@8[0;1;30;90;43m8888888888@XS88[0;31;43m@88[0;1;30;90;47m%[0;37;5;47;107mt%%%@[0;1;37;97;47m:[0;1;30;90;47m8[0;1;34;94;44m88[0;30;44mX[0m
 [0;37;5;47;107m8[0;1;30;90;47m8[0;34;5;44;104m88888888[0;1;30;90;43m88[0;33;5;40;100m;[0;37;5;40;100m8[0;33;5;40;100m.[0;1;30;90;43m888[0;37;5;40;100m8[0;33;5;40;100m [0;1;30;90;43m@[0;31;43mX@[0;33;5;40;100m [0;37;5;40;100mS[0;33;5;40;100m8[0;31;43m88[0;1;37;97;47m [0;37;5;47;107m@%%SSSX8[0;1;34;94;44m8[0m 
 [0;1;30;90;47m.[0;37;5;47;107mtt[0;1;37;97;47m@[0;1;30;90;47m@[0;34;5;44;104m88888[0;35;44m8[0;1;30;90;43m8X@@XXXXS[0;31;43m@@@8888[0;35;44m@[0;1;34;94;44m88[0;1;30;90;47m8[0;37;5;47;107mSSSXXX[0;1;30;90;47mX[0m 
  [0;37;5;47;107mSttt[0;1;37;97;47mS[0;34;5;44;104m88888[0;35;44m8[0;1;30;90;43m8[0;31;43mX@X[0;1;30;90;43m8[0;31;43m@@@@[0;1;30;90;43mX[0;31;43m8888[0;35;44m@[0;1;34;94;44m8888[0;1;37;97;47m.[0;37;5;47;107mSXXX8[0m  
  [0;36;5;40;100m [0;37;5;47;107mtttt[0;1;30;90;47m8[0;34;5;44;104m88888[0;1;34;94;44mX[0;31;5;40;100mS[0;31;43m@[0;33;5;40;100m [0;37;5;40;100m@[0;33;5;40;100m8[0;31;43m88[0;33;5;40;100mX[0;37;5;40;100m@[0;33;5;40;100mt[0;31;43m8[0;1;30;90;43m8[0;1;34;94;44mS888888[0;1;37;97;47m [0;37;5;47;107mXX@[0;36;5;40;100m [0m  
   [0;37;5;40;100m8[0;37;5;47;107m%ttt[0;1;37;97;47mt[0;1;30;90;47m8[0;34;5;44;104m88888[0;34;5;40;100m8[0;33;5;40;100m8[0;31;43m888888[0;1;30;90;43m8[0;1;37;97;47m.[0;37;5;47;107m%[0;1;30;90;47m8[0;1;34;94;44m88888888[0;36;5;40;100m: [0m   
    [0;37;5;40;100m8[0;37;5;47;107m%%%%tt8[0;1;30;90;47m8[0;34;5;44;104m888[0;1;34;94;44m8[0;34;5;40;100m8[0;31;5;40;100m8[0;31;43m88[0;1;30;90;43m8[0;1;37;97;47m [0;37;5;47;107mS%%S[0;1;37;97;47m.[0;1;30;90;47m8[0;34;5;44;104m8[0;1;34;94;44m8888@[0;30;44m%[0m    
     [0;36;5;40;100m.[0;37;5;47;107m8%%%%%%[0;36;5;40;100m:[0;1;34;94;44m88888[0;35;44mS[0;35;5;40;100m@[0;1;37;97;47m.[0;37;5;47;107mSSSSSSXX[0;1;37;97;47m8[0;36;5;40;100m.[0;1;34;94;44m@X[0;30;44m8[0m     
       [0;1;30;90;47m [0;37;5;47;107mSSS%%8[0;34;5;44;104m8[0;1;34;94;44m88888888[0;34;5;44;104m8[0;1;30;90;47m8[0;37;5;47;107mXXXXX@8[0;1;30;90;44m8[0m       
        [0;36;5;40;100m.[0;1;37;97;47m@[0;37;5;47;107mSSSSS[0;1;37;97;47m;[0;1;30;90;47m8[0;36;5;44;104m8[0;1;34;94;44m8888888[0;36;5;40;100m [0;37;5;47;107mX@@@[0;1;37;97;47mX[0;36;5;40;100m.[0m        
          [0;36;5;40;100m [0;1;37;97;47mX[0;37;5;47;107mXXXXXX[0;1;37;97;47mX[0;1;34;94;44m888888@[0;1;30;90;47mS[0;37;5;47;107m@[0;1;37;97;47mS[0;36;5;40;100m [0m          
             [0;1;30;90;47m.[0;37;5;47;107m@@@@@[0;1;37;97;47m [0;1;34;94;44m8@@@@@.[0m             
               [0;37;5;40;100mS[0;1;37;97;47m;[0;37;5;47;107m@@@[0;1;30;90;47m%[0;1;34;94;44m8@t[0;30;44mS[0m               
                  [0;36;5;40;100m [0;1;30;90;47mtt[0;36;5;40;100m [0m                  
