[0;36;5;40;100m;                                      t[0m
[0;36;5;40;100m.[0;37;5;40;100mXX@@@@@8888888888888@X@@@XXXXXSSSS%[0;36;5;40;100m   :[0m
[0;36;5;40;100m [0;37;5;40;100m@@@@88888[0;1;30;90;47m8888888[0;37;5;40;100m@[0;1;30;90;47m8[0;37;5;40;100m8@[0;33;5;40;100m [0;37;5;40;100mS8X@@@XXXXXSSS%[0;36;5;40;100m  :[0m
[0;36;5;40;100m [0;37;5;40;100m@@@888[0;1;30;90;47m8888888888[0;33;5;41;101mt[0;1;30;90;47m8[0;33;5;40;100m: [0;33;5;41;101mX[0;33;5;40;100m.t[0;37;5;40;100m88@@@XXXXSSSS[0;36;5;40;100m  .[0m
[0;36;5;40;100m [0;37;5;40;100m@@888[0;1;30;90;47m88888@@@8X[0;1;31;91;43m8[0;33;5;41;101m;%XS[0;1;31;91;43m8[0;1;30;90;43m8[0;37;5;40;100m8[0;1;30;90;43m8[0;33;5;40;100m [0;37;5;40;100m8@@@XXXXSSS%[0;36;5;40;100m .[0m
[0;36;5;40;100m [0;37;5;40;100m@888[0;1;30;90;47m8888@@XXS8[0;1;30;90;43m8[0;33;47m8[0;33;5;41;101mt[0;31;5;41;101m%[0;33;5;41;101mt[0;33;5;43;103m:[0;1;33;93;43m.[0;1;30;90;43m8[0;33;5;41;101mX[0;31;5;41;101m8[0;37;5;40;100mX88@@@XXXXSSS[0;36;5;40;100m .[0m
[0;36;5;40;100m [0;37;5;40;100m888[0;1;30;90;47m8888@XSSSXX8[0;33;5;41;101mtS[0;31;5;41;101mtX[0;33;5;41;101mS[0;31;5;41;101m%[0;33;5;41;101mXS[0;33;5;40;100mt[0;37;5;40;100m@@8@@@XXXXSSS%[0;36;5;40;100m.[0m
[0;36;5;40;100m [0;37;5;40;100m88[0;1;30;90;47m8888@XSS%%[0;1;37;97;47m88[0;1;30;90;47m8[0;1;37;97;47m8[0;37;5;47;107m8[0;33;5;41;101mX[0;1;37;97;47m88[0;33;5;41;101m@[0;1;37;97;47m@X[0;33;5;40;100m.[0;1;37;97;47mSt[0;37;5;40;100m88@@XXXXSSS%[0;36;5;40;100m.[0m
[0;36;5;40;100m [0;37;5;40;100m88[0;1;30;90;47m8888@XS%%t[0;1;37;97;47m8[0;37;5;47;107m%@%%@%S8X@[0;1;37;97;47m8[0;37;5;47;107m@[0;1;37;97;47m%[0;37;5;40;100m88@@@XXXSSS%[0;36;5;40;100m.[0m
[0;36;5;40;100m [0;37;5;40;100m88[0;1;30;90;47m8888@XSS%%:[0;1;37;97;47m@8888@@XX%St[0;1;30;90;47m8[0;37;5;40;100m88@@@XXXSSS%[0;36;5;40;100m.[0m
[0;36;5;40;100m [0;37;5;40;100m888[0;1;30;90;47m888@@XSS%%%[0;1;37;97;47m;%XS%ttt.[0;1;30;90;47m.[0;37;5;40;100m888@@@XXXXSSS%[0;36;5;40;100m.[0m
[0;36;5;40;100m:[0;37;5;40;100m888[0;1;30;90;47m8888@@XXSSS%[0;1;37;97;47mt%St;%; [0;1;30;90;47m8[0;37;5;40;100m888@@@XXXXSSS%[0;36;5;40;100m;[0m
[0;30;5;40;100mX[0;37;5;40;100m@888[0;1;30;90;47m88888@@@XXX[0;1;37;97;47m@[0;37;5;47;107m8[0;1;37;97;47m@88X8%[0;1;30;90;47m8[0;37;5;40;100m88@@@XXXXSSSS[0;36;5;40;100m [0;30;5;40;100m@[0m
 [0;37;5;40;100m@@8888[0;1;30;90;47m888888888[0;1;37;97;47mX[0;37;5;47;107m88[0;1;37;97;47m8888S[0;37;5;40;100m88@@@XXXXXSSS%[0;36;5;40;100m [0m 
 [0;36;5;40;100m.[0;37;5;40;100m@@@8888[0;1;30;90;47m888888[0;37;5;40;100m8[0;1;37;97;47m@[0;37;5;47;107m8[0;1;37;97;47m888@[0;37;5;47;107m8[0;1;37;97;47m@[0;37;5;40;100m@@@@XXXXXSSS%[0;36;5;40;100m :[0m 
  [0;37;5;40;100mX@@@@88888888[0;1;30;90;47m:[0;37;5;47;107m8[0;1;37;97;47m@@@8XX[0;37;5;47;107m8[0;1;30;90;47m;[0;37;5;40;100m@@XXXXXSSS%[0;36;5;40;100m  [0m  
  [0;30;5;40;100m8[0;37;5;40;100mX@@@@@@8888[0;1;30;90;47m@[0;37;5;47;107m8[0;1;37;97;47mX:[0;37;5;47;107m8[0;1;30;90;47m::[0;1;37;97;47m8.S[0;37;5;47;107m8[0;1;30;90;47m8[0;37;5;40;100mXXXXXSSS%[0;36;5;40;100m  [0;30;5;40;100m8[0m  
   [0;32;5;40;100mS[0;37;5;40;100mXXX@@@@@@[0;1;30;90;47m8[0;1;37;97;47mX[0;1;30;90;47m [0;1;37;97;47m%S[0;36;5;40;100m;[0;30;5;40;100mXX[0;36;5;40;100mt[0;1;37;97;47m%t[0;1;30;90;47m.[0;1;37;97;47mX[0;37;5;40;100m8XXSSSS%[0;36;5;40;100m  [0;32;5;40;100mS[0m   
    [0;32;5;40;100mX[0;37;5;40;100mXXXXXXX[0;1;30;90;47mX[0;37;5;47;107m8[0;1;37;97;47mSXt[0;1;30;90;47m;[0;30;5;40;100mXXXX[0;1;30;90;47m%[0;1;37;97;47m;S%8[0;1;30;90;47mX[0;37;5;40;100mSSSS[0;36;5;40;100m   [0;30;5;40;100mX[0m    
     [0;1;30;90;40m8[0;36;5;40;100m [0;37;5;40;100mXXXXX[0;1;30;90;47m:[0;1;37;97;47mX8 X[0;1;30;90;47mS[0;30;5;40;100m@@@@[0;1;30;90;47m@[0;1;37;97;47mX[0;1;30;90;47m [0;1;37;97;47m8%[0;1;30;90;47m:[0;37;5;40;100mSS%[0;36;5;40;100m   [0;1;30;90;40m8[0m     
       [0;36;5;40;100m.[0;37;5;40;100mSSXX[0;1;30;90;47m;[0;1;37;97;47m8XS[0;1;30;90;47m:%[0;30;5;40;100m@@@@[0;1;30;90;47mX:[0;1;37;97;47m%%@[0;1;30;90;47m;[0;37;5;40;100m%[0;36;5;40;100m   :[0m       
        [0;1;30;90;40m8[0;36;5;40;100m [0;37;5;40;100mS[0;36;5;40;100m [0;1;37;97;47m:X[0;37;5;47;107m8[0;1;37;97;47m:8.[0;37;5;40;100mXXXX[0;1;30;90;47m [0;1;37;97;47m8:8%.[0;36;5;40;100m   [0;1;30;90;40m8[0m        
          [0;30;5;40;100m8[0;36;5;40;100m [0;37;5;40;100mXXXXXXXXSSSSSSSS[0;36;5;40;100m [0;30;5;40;100m8[0m          
             [0;36;5;40;100m:            :[0m             
               [0;30;5;40;100m@[0;36;5;40;100m.      .[0;30;5;40;100m@[0m               
                  [0;30;5;40;100m8[0;36;5;40;100m;;[0;30;5;40;100m8[0m                  
