[0;1;30;90;44m.[0;1;34;94;44mSSSSSSSSXXXXXXXXXXXXSSSSSSSSS%%%%%%ttt[0;30;44m:[0m
[0;1;34;94;44m;88[0;34;5;44;104m8888[0;1;34;94;44m@X[0;34;5;44;104m8888888888[0;1;34;94;44m@@[0;34;5;44;104m888888[0;1;34;94;44m8888XS8888@@.[0m
[0;1;34;94;44m;[0;34;5;44;104m8[0;34;5;40;100m8[0;1;30;90;43m8[0;1;34;94;44m@[0;34;5;44;104m88[0;37;43m@X[0;34;5;44;104m88[0;1;34;94;44m8[0;1;30;90;43m8[0;35;5;40;100mt%[0;1;30;90;43m8[0;1;34;94;44m8[0;34;5;44;104m88[0;37;43m@@[0;34;5;44;104m88[0;1;34;94;44m8[0;1;30;90;43m8[0;35;5;40;100m@[0;34;5;40;100m8[0;1;30;90;43m8[0;1;34;94;44mX88[0;1;30;90;43m88[0;1;34;94;44m88X[0;1;30;90;43m8[0;34;5;40;100m8[0;1;34;94;44m@:[0m
[0;1;34;94;44m;[0;34;5;44;104m88[0;33;5;40;100m:[0;1;30;90;43m88[0;1;33;93;43m@[0;33;5;43;103mSS[0;1;33;93;43m@[0;37;43m8[0;37;5;40;100m8[0;33;5;40;100m [0;34;5;44;104m8@[0;37;5;40;100m8[0;1;30;90;47m@[0;33;47m8[0;1;33;93;43m8[0;33;5;43;103mSS[0;1;33;93;43m@[0;1;30;90;43m8[0;33;5;40;100m:;[0;34;5;44;104m88[0;33;5;40;100m;[0;1;30;90;43m88[0;1;33;93;43mS[0;33;5;43;103m@@[0;1;33;93;43mS[0;1;30;90;43m8[0;33;5;40;100mSX[0;1;34;94;44m88:[0m
[0;1;34;94;44m;[0;34;5;44;104m88[0;1;34;94;44m8[0;35;5;40;100mS[0;35;44m@[0;1;34;94;44m8[0;34;5;44;104m888[0;35;44m8[0;35;5;40;100m:[0;34;5;44;104m8@@8[0;35;5;40;100m.[0;1;30;90;44m8[0;34;5;44;104m8@88[0;35;44m@[0;35;5;40;100m%[0;1;34;94;44m8[0;34;5;44;104m88[0;1;34;94;44m8[0;35;5;40;100mX[0;1;34;94;44mS8888%[0;34;5;40;100m8[0;1;34;94;44mX88:[0m
[0;35;44m;[0;1;34;94;44m8888888[0;34;5;44;104m88888888888888[0;1;34;94;44m888888888@@@@@XXX[0;35;44m:[0m
[0;1;31;91;41m;[0;31;5;41;101m888888@@XXXXXXXXXXX@@@888888888[0;1;31;91;41m8888888:[0m
[0;1;31;91;41m;[0;31;5;41;101m88888@@XXXXS[0;35;5;41;101mXXX[0;31;5;41;101mSXXXX@@888888888[0;1;31;91;41m8888888:[0m
[0;31;5;40;100mS[0;35;5;41;101mS[0;37;5;41;101m88[0;1;31;91;47m8888@@[0;1;30;90;47m888888888[0;1;31;91;47m@@8888[0;37;5;41;101m88[0;35;5;41;101mSSSSSXXXX@@@[0;1;30;90;41m8[0m
[0;37;5;40;100m:[0;1;30;90;47m88888[0;1;37;97;47m                  [0;1;30;90;47m888888888888888[0;35;5;40;100m.[0m
[0;35;5;40;100m.[0;1;30;90;47m88888888[0;1;37;97;47m           [0;1;30;90;47m8888888888[0;1;31;91;47m@@@8[0;1;30;90;47m88888[0;35;5;40;100m;[0m
[0;1;30;90;41m:[0;31;5;41;101m888888@@@XXXXXXXXX@@@888888888[0;1;31;91;41m88888888[0;30;41m.[0m
[0;30;41mS[0;31;5;41;101m88888888@@@@XXX@@@@@8888888888[0;1;31;91;41m88888888[0;30;41mX[0m
 [0;35;5;41;101mSSS[0;37;5;41;101m888[0;1;31;91;47m888888888888888[0;37;5;41;101m888[0;35;5;41;101mSSSSSSXXXX@@@@[0m 
 [0;35;5;40;100m.[0;1;30;90;47m888888888888888888888888888888888888[0;35;5;40;100m:[0m 
  [0;1;30;90;47m8[0;1;31;91;47m@[0;1;30;90;47m888888888888888888888[0;1;31;91;47m@@@@@[0;1;30;90;47m88888888[0m  
  [0;30;41m@[0;31;5;41;101m88888888888888888888888[0;1;31;91;41m88888888888[0;30;41m@[0m  
   [0;30;41mt[0;1;31;91;41m88[0;31;5;41;101m888888888888888888[0;1;31;91;41m88888888888@[0;30;41mt[0m   
    [0;1;30;90;41mS[0;35;5;41;101mXXXSSSSSSSSSSSSSSXXXXXXX@@@@@8[0;1;30;90;41m%[0m    
     [0;31;5;40;100m8[0;1;30;90;47m8888888888888888888888888888[0;31;5;40;100m8[0m     
       [0;35;5;40;100m.[0;1;31;91;47m88888888888888[0;1;30;90;47m8888888888[0;35;5;40;100m:[0m       
        [0;31;40m8[0;1;31;91;41mS888888888888888888@@%[0;30;41m8[0m        
          [0;30;41m8[0;1;31;91;41m%8888888888888@@@%[0;30;41m8[0m          
             [0;1;30;90;41m8[0;35;5;41;101m@@@@@@@88888[0;1;30;90;41m8[0m             
               [0;31;5;40;100m8[0;35;5;40;100m [0;1;30;90;47m888888[0;35;5;40;100m [0;31;5;40;100m@[0m               
                  [0;31;5;40;100m8[0;35;5;40;100m;;[0;31;5;40;100m8[0m                  
