[0;1;30;90;44m.[0;1;34;94;44mSSSSSSSSXXXXXXXXXXXXSSSSSSSSS%%%%%%ttt[0;30;44m:[0m
[0;1;34;94;44m;8[0;34;5;44;104m8888888888888888888888888[0;1;34;94;44m8888888888@@.[0m
[0;1;34;94;44m;[0;34;5;44;104m8888888888888888888888[0;36;5;44;104m8[0;34;5;44;104m@8888[0;1;34;94;44m888888888@:[0m
[0;1;34;94;44m;[0;34;5;44;104m888888888888@@@88888888[0;1;30;90;47m8[0;1;37;97;47mX:[0;1;30;90;47m8[0;34;5;44;104m88[0;1;34;94;44m888888888:[0m
[0;1;34;94;44m;[0;34;5;44;104m88888888@@@@@@@@@@@888888[0;1;37;97;47m [0;37;5;47;107mtS[0;1;30;90;47mX[0;34;5;44;104m8[0;1;34;94;44m88888888:[0m
[0;1;34;94;44m;[0;34;5;44;104m8888888@@@XXXXXXXX@@@88888[0;1;37;97;47m [0;37;5;47;107mtt@[0;36;5;40;100m [0;1;34;94;44m8888888:[0m
[0;1;34;94;44m;[0;34;5;44;104m888888@@XXXXXXXXXXX@@@88888[0;37;5;47;107m8ttt[0;1;30;90;47m8[0;1;34;94;44m888888:[0m
[0;1;34;94;44m;[0;34;5;44;104m88888@@XXXXS[0;36;5;44;104mXXX[0;34;5;44;104mSXXXX@@88888[0;1;30;90;47m8[0;37;5;47;107mttt%[0;1;30;90;47m8[0;1;34;94;44m88888:[0m
[0;1;34;94;44m;[0;34;5;44;104m88888@@XXXX[0;36;5;44;104mXXXXX[0;34;5;44;104mSXXX@@@8888[0;1;30;90;47m8[0;37;5;47;107mttt%X[0;34;5;44;104m8[0;1;34;94;44m8888:[0m
[0;1;34;94;44m;[0;34;5;44;104m88888@@XXXX[0;36;5;44;104mXXXXX[0;34;5;44;104mXXXX@@@8888[0;1;30;90;47m8[0;37;5;47;107mttt%%[0;1;30;90;47m8[0;1;34;94;44m8888:[0m
[0;1;34;94;44m;[0;34;5;44;104m88888@@@XXXXXSXXXXXX@@88888[0;1;37;97;47m:[0;37;5;47;107mttt%%[0;1;37;97;47m [0;1;34;94;44m8888:[0m
[0;1;30;90;44m:[0;34;5;44;104m8888[0;1;30;90;47m8[0;34;5;44;104m8@@@XXXXXXXXX@@@88888[0;37;5;40;100m.[0;37;5;47;107mtttt%%[0;1;37;97;47m [0;1;34;94;44m8888[0;30;44m.[0m
[0;30;44mS[0;34;5;44;104m8888[0;1;30;90;47m8[0;1;37;97;47m [0;34;5;44;104m88@@@@XXX@@@@@88888[0;36;5;44;104m@[0;37;5;47;107mSttt%%%[0;1;30;90;47m8[0;1;34;94;44m8888[0;30;44mX[0m
 [0;34;5;44;104m88888[0;37;5;47;107mS[0;1;37;97;47mS[0;36;5;44;104m@[0;34;5;44;104m88@@@@@@@8888888[0;1;30;90;47m@[0;37;5;47;107mtttt%%%X[0;1;34;94;44m88888[0m 
 [0;1;34;94;44m.[0;34;5;44;104m8888[0;1;30;90;47m8[0;37;5;47;107m;t[0;1;37;97;47m [0;36;5;44;104m@[0;34;5;44;104m888888888888[0;1;30;90;47m8[0;37;5;47;107m8tttt%%%S[0;1;30;90;47m8[0;1;34;94;44m8888.[0m 
  [0;1;34;94;44m8[0;34;5;44;104m8888[0;1;30;90;47mX[0;37;5;47;107mtt;@[0;1;37;97;47m [0;1;30;90;47m88[0;36;5;44;104m@@@[0;1;30;90;47m88[0;1;37;97;47m @[0;37;5;47;107mtttttt%%%S[0;1;30;90;47mX[0;1;34;94;44m8888@[0m  
  [0;30;44m@[0;34;5;44;104m88888[0;1;30;90;47m8[0;37;5;47;107mStttttttttttttttt%%%%X[0;1;30;90;47m8[0;1;34;94;44m88888[0;30;44m@[0m  
   [0;30;44mt[0;1;34;94;44m88[0;34;5;44;104m8888[0;1;37;97;47m [0;37;5;47;107m%tttttttttttt%%%%S[0;1;37;97;47m [0;1;34;94;44m88888@[0;30;44mt[0m   
    [0;30;44m%[0;1;34;94;44m8888[0;34;5;44;104m888[0;1;30;90;47m8[0;1;37;97;47mS[0;37;5;47;107mttttttt%%%%%[0;1;37;97;47mS[0;1;30;90;47m8[0;34;5;44;104m8[0;1;34;94;44m88888@[0;30;44m%[0m    
     [0;30;44m8[0;1;34;94;44m@8888888[0;34;5;44;104m8[0;36;5;44;104m8[0;1;30;90;47m8X[0;1;37;97;47m    [0;1;30;90;47mX8[0;36;5;40;100m;[0;1;34;94;44m8888888@X[0;30;44m8[0m     
       [0;1;34;94;44m:8888888888888888888888@@.[0m       
        [0;34;40m8[0;1;34;94;44mS888888888888888888@@%[0;30;44m8[0m        
          [0;30;44m8[0;1;34;94;44m%8888888888888@@@%[0;30;44m8[0m          
             [0;1;34;94;44m.@8888@@@@@@@.[0m             
               [0;30;44mX[0;1;34;94;44m;@@@@@@t[0;30;44mS[0m               
                  [0;30;44m@. @[0m                  
