[0;1;30;90;43m.[0;1;33;93;43m8X[0;31;43m8[0;1;31;91;41mSSS@[0;1;33;93;43mt[0;33;5;43;103m8888888888888888[0;1;33;93;43m8@8@@t@@XXXXXX[0;1;30;90;43m [0m
[0;1;30;90;43m:[0;33;5;43;103mt;;[0;1;33;93;43m%[0;31;5;41;101m8888[0;1;31;91;43m8[0;33;5;43;103m;;;;;;;;;;;;;;;;t[0;1;31;91;43m8[0;33;5;43;103mt%[0;1;31;91;43m8[0;33;5;43;103mt[0;1;33;93;43m%.[0;33;5;43;103m%%SSS[0;1;30;90;43m [0m
[0;1;31;91;41m;[0;33;5;41;101m8[0;33;5;43;103mt;;;[0;1;31;91;43m8[0;31;5;41;101m8888[0;1;33;93;43mt[0;33;5;43;103m;::::;;;;;;;[0;1;33;93;43m;;[0;33;5;43;103mt[0;1;33;93;43m:[0;31;5;41;101m8[0;1;33;93;43mt[0;1;31;91;41m8[0;1;33;93;43m;[0;31;5;41;101m8[0;1;33;93;43m.[0;33;5;43;103mS[0;1;31;91;43m8[0;33;5;43;103mSSS[0;1;30;90;43m [0m
[0;1;31;91;41m;[0;31;5;41;101m88[0;1;31;91;43m8[0;33;5;43;103m;;;;[0;1;31;91;43m8[0;31;5;41;101m888[0;33;5;41;101mX[0;33;5;43;103m;:::::::;t;;%[0;31;5;41;101m8888[0;1;31;91;41m888[0;33;5;41;101m8[0;1;31;91;41m8[0;33;5;43;103mSS[0;1;33;93;43m;[0;33;5;43;103mS[0;1;33;93;43mt[0m
[0;31;43m@[0;31;5;41;101m8888[0;1;33;93;43m;[0;33;5;43;103m;::t[0;33;5;41;101mX[0;31;5;41;101m@@@[0;1;31;91;43m8[0;33;5;43;103m:.:::::;[0;1;33;93;43mt[0;1;31;91;43m8[0;31;5;41;101m888888[0;1;31;91;41m888[0;31;5;41;101m88[0;1;31;91;43m8[0;33;5;43;103mS%[0;1;33;93;43mt[0m
[0;1;33;93;43mS[0;33;5;43;103mt[0;1;31;91;43m8[0;31;5;41;101m888[0;33;5;41;101m@[0;33;5;43;103m;::[0;37;5;43;103m%[0;33;5;43;103mt[0;31;5;41;101mXXX[0;33;5;41;101mX[0;33;5;43;103m;[0;37;5;43;103mSS%[0;33;5;43;103m::t[0;1;31;91;43m8[0;33;5;41;101m@[0;31;5;41;101m888888[0;1;31;91;41m8888[0;33;5;41;101m8[0;1;31;91;43m88[0;1;33;93;43m%[0;1;30;90;43m [0m
[0;1;33;93;43mS[0;33;5;43;103m;;t[0;31;5;41;101m@88@[0;1;31;91;43m8[0;37;5;43;103mSSXX[0;37;43mX[0;31;5;41;101mXXX[0;33;5;41;101mS[0;33;5;43;103m:[0;37;5;43;103mS%[0;33;5;43;103m:::[0;1;33;93;43mt[0;31;5;41;101m@888888[0;1;31;91;41m888[0;1;31;91;43m8[0;1;33;93;43mS[0;33;5;43;103m%%[0;1;33;93;43mt[0m
[0;1;33;93;43mS[0;33;5;43;103m;;;;[0;1;33;93;43m;[0;31;5;41;101m@@XS[0;33;5;43;103m;[0;37;5;43;103mXXX@[0;1;31;91;43m8[0;31;5;41;101mSXX[0;1;31;91;43m8[0;37;5;43;103mS%[0;33;5;43;103m;[0;1;33;93;43m;:t[0;31;5;41;101m888888[0;1;31;91;41m88[0;1;31;91;43m888[0;1;33;93;43m.[0;33;5;43;103mS[0;1;33;93;43mt[0m
[0;1;33;93;43mS[0;33;5;43;103m;;;:::[0;1;31;91;43m8[0;31;5;41;101mXXX[0;33;5;41;101mS[0;37;5;43;103m@XXX@[0;33;5;41;101mS[0;31;5;41;101mXXX[0;1;33;93;43m;[0;33;5;43;103m:::[0;33;5;41;101m@[0;1;33;93;43mt[0;1;31;91;43m8[0;31;5;41;101m8@888[0;1;33;93;43m:[0;33;5;41;101m8[0;1;31;91;43m8[0;33;5;43;103m%%%[0;1;33;93;43mt[0m
[0;1;33;93;43mS[0;33;5;43;103m;;;:::.:[0;33;5;41;101mS[0;31;5;41;101mXX[0;33;5;41;101mX[0;37;43m@[0;37;5;43;103m8XX@[0;37;43mX[0;31;5;41;101mXX@[0;33;5;41;101mX[0;33;5;43;103mtt;;[0;1;31;91;43m8[0;33;5;43;103m%%[0;31;5;41;101m8[0;33;5;43;103mt[0;1;31;91;43m88[0;33;5;43;103mtt%%%[0;1;33;93;43mt[0m
[0;1;33;93;43m%[0;33;5;43;103m;;;::::[0;37;5;43;103m%S[0;33;5;43;103m;[0;33;5;41;101mX[0;31;5;41;101mXX[0;33;5;41;101mX[0;33;5;43;103mt[0;37;5;43;103mXXSS[0;33;5;41;101mS[0;31;5;41;101m@@8[0;1;31;91;43m8[0;33;5;43;103m;;t;;[0;1;33;93;43m.[0;33;5;43;103m;t%tt%%%[0;1;30;90;43m [0m
[0;1;30;90;43m:[0;33;5;43;103m;;;;::::[0;37;5;43;103m%SS[0;1;33;93;43m.[0;31;5;41;101mXXX[0;33;5;41;101mS[0;33;5;43;103m;[0;37;5;43;103mS%[0;33;5;43;103m:t[0;31;5;41;101m@888[0;1;31;91;43m8[0;33;5;43;103m;;;;;tttt%%%[0;1;30;90;43m [0m
[0;1;30;90;43m:[0;33;5;43;103m;;;;;:::::[0;37;5;43;103m%%[0;33;5;43;103m:[0;1;31;91;43m8[0;31;5;41;101mX@@[0;1;31;91;43m8[0;33;5;43;103m;::;[0;1;31;91;43m8[0;31;5;41;101m8888[0;1;33;93;43mt[0;33;5;43;103m;;tttt%%%%[0;1;30;90;43m.[0m
 [0;33;5;43;103m;;;;;;;:::::::t[0;31;5;41;101mX@8@[0;1;31;91;43m8[0;33;5;43;103m;;;t[0;33;5;41;101m@[0;31;5;41;101m888[0;33;5;41;101m8[0;33;5;43;103m%tttt%%%S[0m 
 [0;1;30;90;43m.[0;33;5;43;103m;;;;;;;;;[0;1;30;90;43mX[0;33;5;43;103mS;[0;1;33;93;43mt[0;1;31;91;43m8[0;1;33;93;43m.[0;1;31;91;43m8[0;31;5;41;101m8888[0;1;33;93;43mt[0;33;5;43;103m;;;[0;1;33;93;43m%[0;31;5;41;101m88[0;1;31;91;41m88[0;1;31;91;43m8[0;33;5;43;103m%t%%%%[0;1;30;90;43m [0m 
  [0;33;5;43;103mt;;;;;;%[0;1;31;91;43m8[0;1;31;91;41m8[0;31;43m8[0;1;31;91;41m8[0;1;31;91;43m8[0;33;5;43;103m%;;t[0;33;5;41;101m@[0;31;5;41;101m888[0;33;5;41;101m@[0;33;5;43;103mt;;t[0;1;31;91;43m8[0;31;5;41;101m8[0;1;31;91;41m888[0;1;33;93;43m.[0;33;5;43;103m%%%S[0m  
  [0;1;30;90;43m.[0;33;5;43;103m;;;;;S[0;1;31;91;41m8@S8@[0;1;30;90;43m%[0;33;5;43;103m;;;;;%[0;31;5;41;101m8888[0;1;31;91;43m8[0;33;5;43;103mttt%[0;1;31;91;43m8[0;1;31;91;41m888[0;31;5;41;101m8[0;1;33;93;43mS[0;33;5;43;103mS[0;1;30;90;43m.[0m  
   [0;1;30;90;43m.[0;33;5;43;103mt;;t[0;1;31;91;41m@[0;31;5;41;101m8[0;1;31;91;41mS;X8[0;31;43mt[0;33;5;43;103m;;;;;;;[0;1;31;91;43m8[0;31;5;41;101m8[0;1;31;91;41m88[0;31;5;41;101m8[0;1;33;93;43m.[0;33;5;43;103mtt%[0;1;33;93;43m%[0;31;5;41;101m8[0;1;31;91;41m888[0;33;41m8[0m   
    [0;1;30;90;43m:[0;33;5;43;103mS[0;1;31;91;43m8[0;1;31;91;41m@S8[0;31;5;41;101m8[0;1;30;90;41m:[0;1;31;91;41m%@[0;1;33;93;43mX[0;33;5;43;103m;;;;;;ttt[0;1;31;91;43m8[0;1;31;91;41m888[0;31;5;41;101m8[0;33;5;43;103mS%%%[0;1;31;91;43m8[0;1;31;91;41m8[0;30;41m%[0m    
     [0;31;43m8%[0;1;31;91;41m@8[0;33;41m8[0;1;31;91;43m88[0;1;33;93;43m;[0;33;5;43;103mtttttttttttt[0;1;33;93;43m%[0;31;5;41;101m8[0;1;31;91;41m888[0;1;31;91;43m8[0;33;5;43;103mSS@[0;33;41m8[0m     
       [0;31;43m%[0;1;33;93;43mS[0;33;5;43;103mtttttttttttttt%%%%[0;1;31;91;43m8[0;1;31;91;41m88@8[0;31;43m%[0m       
        [0;31;43m8[0;1;33;93;43m@[0;33;5;43;103m%%%%%%%%%%%%%%%%%SS[0;1;31;91;43m8[0;1;31;91;41m%[0;30;41m8[0m        
          [0;1;30;90;43m.[0;1;33;93;43m@[0;33;5;43;103m%%%%%%%%%%%%SSSS[0;1;33;93;43mX[0;1;30;90;43m [0m          
             [0;1;30;90;43m [0;33;5;43;103mSSSSSSSSSSSS[0;1;30;90;43m [0m             
               [0;1;30;90;43m.[0;1;33;93;43mS[0;33;5;43;103mSSSSSS[0;1;33;93;43mS[0;1;30;90;43m [0m               
                  [0;1;30;90;43m    [0m                  
