[0;33;5;40;100m [0;33;5;43;103m8[0;1;33;93;43m888[0;33;5;43;103m888888888888888[0;1;30;90;47m;[0;1;37;97;47m88[0;1;30;90;47m:;[0;1;37;97;47m@@[0;1;30;90;47m;%[0;1;37;97;47m@X[0;1;30;90;47mt%[0;1;37;97;47mSS[0;1;30;90;47m%S[0;1;37;97;47m%t[0;1;30;90;43m8[0m
[0;1;30;90;47m:[0;37;5;47;107m%[0;1;37;97;47m8[0;33;5;43;103m;;;;;;;;;;;;;;;;;[0;1;37;97;47m;[0;37;5;47;107mtt[0;1;37;97;47mt:[0;37;5;47;107mtt[0;1;37;97;47mt.[0;37;5;47;107m%%[0;1;37;97;47m: [0;37;5;47;107mSX[0;1;37;97;47m.[0;1;30;90;47m:[0;1;33;93;47m@[0;33;5;43;103mS[0;1;30;90;43m [0m
[0;1;37;97;47m;[0;37;5;47;107mXX%[0;37;5;43;103m8[0;33;5;43;103m;;;;;;;;::::;;;[0;37;5;47;107m;SXttSXttX@%S@8[0;1;37;97;47m8[0;33;5;43;103m%SS[0;1;30;90;43m [0m
[0;1;37;97;47m;. [0;37;5;47;107mtt[0;1;37;97;47m@[0;33;5;43;103mX;;:::::::::::[0;37;5;47;107m;[0;1;37;97;47m;.[0;37;5;47;107mtt[0;1;37;97;47m: [0;37;5;47;107mtt[0;1;37;97;47m.[0;1;30;90;47m [0;37;5;47;107m%%[0;1;37;97;47m%[0;1;33;93;43m@[0;33;5;43;103m%%%S[0;1;33;93;43mt[0m
[0;1;37;97;47m;[0;37;5;47;107m88tt88[0;1;37;97;47m8[0;37;5;43;103mS[0;33;5;43;103m::::[0;37;5;43;103m%%%[0;33;5;43;103m.:::[0;37;5;47;107m:@8;;88tt8[0;1;37;97;47m8[0;37;5;47;107m%[0;1;33;93;47m@[0;33;5;43;103mtt%%%%[0;1;33;93;43mt[0m
[0;1;30;90;47mt[0;37;5;47;107mtt[0;1;37;97;47m%t[0;37;5;47;107m;;[0;1;37;97;47mX%[0;1;33;93;47mX[0;37;5;43;103mSSSSSSSSS%[0;1;37;97;47mX[0;37;5;47;107m:;[0;1;37;97;47mS%[0;37;5;47;107m;t[0;1;37;97;47m%;[0;37;5;47;107mt[0;1;37;97;47m8[0;33;5;43;103mttttt%%%[0;1;33;93;43mt[0m
[0;1;30;90;47m.[0;37;5;47;107mtt[0;1;37;97;47mXS[0;37;5;47;107m;:[0;1;37;97;47m8@[0;37;5;47;107m.:[0;37;5;43;103mSXXXXXXSS[0;1;37;97;47m8[0;37;5;47;107m::[0;1;37;97;47m@S[0;37;5;47;107m;t[0;1;37;97;47mS;[0;37;5;43;103m@[0;33;5;43;103m;;tttt%%%[0;1;33;93;43mt[0m
[0;1;37;97;47m;@@[0;37;5;47;107m;;[0;1;37;97;47m88[0;37;5;47;107m:.88 ;[0;37;5;43;103mXXXXXXS[0;37;5;47;107m.8[0;1;37;97;47m8[0;37;5;47;107m:;[0;1;37;97;47m8@[0;1;33;93;47m@[0;33;5;43;103m;;;;tttt%%%[0;1;33;93;43mt[0m
[0;1;37;97;47m;;.[0;37;5;47;107m;;[0;1;37;97;47m%t[0;37;5;47;107m..[0;1;37;97;47mXX[0;37;5;47;107m  [0;1;37;97;47m8[0;1;33;93;47m@[0;37;5;43;103mXXXXX[0;37;5;47;107m.[0;1;37;97;47mSt[0;37;5;47;107m:;[0;1;37;97;47m8[0;33;5;43;103mt;;;;;tttt%%%[0;1;33;93;43mt[0m
[0;1;37;97;47m;[0;37;5;47;107mtt%%;:;;..:: .;[0;37;5;43;103mXXXS[0;37;5;47;107m:::t[0;37;5;43;103m@[0;33;5;43;103m;;;;;;;tttt%%%[0;1;33;93;43mt[0m
[0;1;30;90;47m%[0;37;5;47;107mtt[0;1;37;97;47mt;[0;37;5;47;107m;:[0;1;37;97;47mSt[0;37;5;47;107m. [0;1;37;97;47m@X[0;37;5;47;107m  [0;1;37;97;47m@X[0;37;5;47;107m:[0;37;5;43;103mXS[0;1;37;97;47mS[0;37;5;47;107m:[0;1;33;93;47m@[0;33;5;43;103m::;;;;;;;tttt%%%[0;1;30;90;43m [0m
[0;1;30;90;47mX[0;37;5;47;107m%%[0;1;37;97;47m8@[0;37;5;47;107mtt[0;1;37;97;47m88[0;37;5;47;107m::[0;1;37;97;47m88[0;37;5;47;107m..@[0;1;37;97;47m8[0;37;5;47;107m::[0;37;5;43;103mS[0;1;37;97;47m8[0;37;5;43;103m@@@@XXXSSSS[0;33;5;43;103mtttt%%%[0;1;30;90;43mS[0m
[0;1;30;90;43m:[0;33;5;43;103m;;;;;:::::[0;37;5;43;103m%%SSS%%@[0;37;5;47;107m;[0;37;5;43;103m@[0;1;37;97;47mXS[0;37;5;47;107m;;[0;1;37;97;47mSt[0;37;5;47;107mtt[0;1;37;97;47m%t[0;37;5;47;107m%%[0;1;37;97;47mt;[0;37;5;47;107mSS[0;1;37;97;47m;.[0;37;5;40;100mS[0m
 [0;33;5;43;103m;;;;;;;::::::::[0;37;5;43;103m@[0;1;37;97;47mSS[0;37;5;47;107m;[0;33;5;43;103m::[0;37;5;43;103m8[0;37;5;47;107m%t[0;1;37;97;47m%t[0;37;5;47;107mtt[0;1;37;97;47mt;[0;37;5;47;107m%%[0;1;37;97;47m;:[0;37;5;47;107mSX[0;1;37;97;47m:[0;1;30;90;47m [0m 
 [0;1;30;90;43m.[0;33;5;43;103m;;;;;;;;;::::[0;1;33;93;47mX[0;37;5;47;107m8;;8[0;33;5;43;103m;;;;[0;1;33;93;47mS[0;37;5;47;107mtt8[0;1;37;97;47m8[0;37;5;47;107m%%[0;1;37;97;47m88[0;37;5;47;107mSS[0;1;37;97;47m@X[0;37;5;47;107mX[0;1;30;90;47m.[0m 
  [0;33;5;43;103mt;;;;;;;;;;[0;37;5;43;103m8[0;37;5;47;107mt[0;1;37;97;47m:[0;1;30;90;47m [0;37;5;47;107m;;[0;1;37;97;47m.[0;33;5;43;103m;;;;;;[0;1;37;97;47m8 [0;1;30;90;47m;[0;37;5;47;107m%%[0;1;30;90;47m.;[0;37;5;47;107mSX[0;1;30;90;47m:%[0;37;5;47;107m8[0m  
  [0;1;30;90;43m.[0;33;5;43;103m;;;;;;;;[0;37;5;43;103mX[0;37;5;47;107mStt%%tt%[0;33;5;43;103m;;;;;;t[0;37;5;43;103m@[0;37;5;47;107m@SSX@XX@8[0;36;5;40;100m [0m  
   [0;1;30;90;43m.[0;33;5;43;103mt;;;;%[0;1;33;93;47mX[0;37;5;47;107mtt[0;1;37;97;47m;.[0;37;5;47;107mtt[0;1;37;97;47m;.[0;37;5;47;107mt[0;33;5;43;103m;;;;ttttt[0;37;43m@[0;1;37;97;47m:[0;37;5;47;107mSX[0;1;30;90;47m :[0;37;5;47;107m@[0;37;5;40;100m8[0m   
    [0;1;30;90;43m:[0;33;5;43;103mttt[0;37;5;43;103m8[0;1;37;97;47mSS[0;37;5;47;107mtt[0;1;37;97;47mXS[0;37;5;47;107mtt[0;1;37;97;47mXS[0;37;5;47;107mt[0;33;5;43;103m;ttttttt%%%[0;1;37;97;47m8[0;37;5;47;107mX[0;1;37;97;47mt;[0;37;5;40;100m8[0m    
     [0;1;30;90;43m.[0;33;5;43;103mS[0;1;30;90;47m [0;1;37;97;47m;[0;37;5;47;107m%%[0;1;37;97;47m%t[0;37;5;47;107m%%[0;1;37;97;47m%t[0;37;5;47;107m%%[0;1;37;97;47mt[0;33;5;43;103mtttttt%%%%%%S[0;1;37;97;47m8[0;36;5;40;100m.[0m     
       [0;37;5;40;100m8[0;1;37;97;47m [0;37;5;47;107mSS[0;1;37;97;47m;.[0;37;5;47;107m%%[0;1;37;97;47m;.[0;37;5;47;107m%S[0;1;37;97;47m:[0;33;5;43;103mttt%%%%%%%SS[0;1;30;90;43m [0m       
        [0;36;5;40;100m.[0;1;37;97;47mt[0;37;5;47;107m8SS88SS8[0;1;37;97;47m8[0;37;5;47;107mS[0;33;5;43;103m%%%%%%%SSS[0;1;33;93;43mX[0;31;43m8[0m        
          [0;36;5;40;100mt[0;1;37;97;47mX[0;37;5;47;107mX[0;1;30;90;47m:;[0;37;5;47;107mXX[0;1;30;90;47m:t[0;37;5;47;107mX[0;33;5;43;103m%%%%SSSS[0;1;33;93;43mX[0;1;30;90;43m [0m          
             [0;1;30;90;47m%[0;1;37;97;47m8[0;37;5;47;107m@@[0;1;37;97;47m88[0;37;5;47;107m@[0;33;5;43;103mSSSSSS[0;1;30;90;43m [0m             
               [0;36;5;40;100m:[0;1;30;90;47m8[0;37;5;47;107m@@[0;1;30;90;47m.[0;33;5;43;103mSSS[0;1;33;93;43mS[0;1;30;90;43m [0m               
                  [0;36;5;40;100m [0;37;5;40;100mS[0;1;30;90;43m  [0m                  
