[0;36;5;40;100m [0;37;5;40;100m8888888[0;1;30;90;47m88888888888888[0;37;5;40;100m888888888[0;36;5;40;100m [0;1;30;90;40m@[0;1;37;97;47mSSS[0;36;5;40;100m [0;34;40m   [0m
[0;37;5;40;100mS[0;1;30;90;47mSSSS%%%%%ttttttttt%%%%%%SSSS@[0;36;5;40;100m;[0;34;40m::[0;37;5;47;107mSXX[0;37;5;40;100mS[0;34;40m   [0m
[0;37;5;40;100mS[0;1;30;90;47mSS%%%%tttt;;;;;;;tttt%%%%SS[0;36;5;40;100m [0;1;30;90;47mX[0;1;37;97;47m88@[0;1;30;90;40mXXX[0;37;5;40;100m@[0;1;37;97;47m@X[0;1;30;90;47mt[0m
[0;37;5;40;100mX[0;1;30;90;47mS%%%ttt;;;:::::::;;;ttt%%[0;37;5;40;100m8[0;30;5;40;100m8[0;34;40m:[0;1;30;90;47mS[0;37;5;47;107m%%X[0;34;40m...[0;37;5;40;100m@[0;37;5;47;107mX@[0;1;37;97;47m [0m
[0;37;5;40;100mX[0;1;30;90;47m%%%tt;;;::.......:::;;tX[0;36;5;40;100m [0;1;37;97;47mXXX[0;37;5;40;100mS[0;30;5;40;100m@8@[0;1;37;97;47m%%%[0;37;5;40;100mX[0;30;5;40;100m88[0;36;5;40;100m.[0m
[0;37;5;40;100mX[0;1;30;90;47m%%tt;;::.. [0;1;37;97;47m ...  [0;1;30;90;47m ..:;[0;37;5;40;100m%[0;1;30;90;40m8[0;30;5;40;100m8[0;37;5;47;107mttt[0;36;5;40;100m [0;34;40m:.;[0;37;5;47;107m%SS[0;37;5;40;100mX[0;30;5;40;100m8[0;37;5;40;100m8[0;36;5;40;100m [0m
[0;37;5;40;100mX[0;1;30;90;47m%tt;;::. [0;1;37;97;47m ........ [0;1;30;90;47m.@;[0;1;37;97;47mt; [0;36;5;40;100m ..[0;1;30;90;47m8[0;1;37;97;47m..[0;1;30;90;47m [0;36;5;40;100m;; [0;1;30;90;47m8@@[0;36;5;40;100m [0m
[0;37;5;40;100mX[0;1;30;90;47m%tt;;:. [0;1;37;97;47m ..::::::.[0;1;30;90;47m:[0;36;5;40;100m [0;30;5;40;100m8[0;1;37;97;47m.[0;37;5;47;107m:;8[0;1;30;90;40mS[0;34;40m;;[0;1;30;90;47mS[0;37;5;47;107mttX[0;34;40m;[0;36;5;40;100m [0;1;30;90;47mXX@@[0;36;5;40;100m [0m
[0;37;5;40;100mX[0;1;30;90;47m%tt;::. [0;1;37;97;47m..::;;;:.[0;1;30;90;47mS[0;1;37;97;47mt:.[0;1;30;90;47m8[0;37;5;40;100mXSX[0;1;30;90;47m:;;[0;37;5;40;100m8[0;36;5;40;100m  [0;1;30;90;47m@8XXX@@[0;36;5;40;100m [0m
[0;37;5;40;100mX[0;1;30;90;47m%tt;::. [0;1;37;97;47m..:::;:[0;1;30;90;47mS[0;36;5;40;100m. [0;37;5;47;107m ..[0;37;5;40;100mS[0;1;30;90;40m@X[0;30;5;40;100m8[0;37;5;47;107m;tt[0;36;5;40;100m [0;1;30;90;40m8[0;37;5;40;100mX[0;1;30;90;47mSSXXX@@[0;36;5;40;100m [0m
[0;37;5;40;100mX[0;1;30;90;47m%tt;;:..[0;1;37;97;47m ...:[0;1;30;90;47m:[0;1;37;97;47m.[0;1;30;90;47m .:@@8S%%X[0;37;5;40;100m@@8[0;1;30;90;47m@SSSSXXX@@[0;36;5;40;100m [0m
[0;36;5;40;100m [0;1;30;90;47m%%tt;;:.. [0;1;37;97;47m [0;1;30;90;47m [0;37;5;40;100mX[0;30;5;40;100mX[0;1;37;97;47mX[0;37;5;47;107m  8[0;30;5;40;100m8[0;1;30;90;40m88[0;1;37;97;47m [0;37;5;47;107m;;8[0;1;30;90;40m%[0;36;5;40;100m;[0;1;30;90;47m@%SSSXXXX@@[0;36;5;40;100m [0m
[0;36;5;40;100mt[0;1;30;90;47m%%ttt;;::.%;XX%tt%@88@X@;[0;37;5;40;100m8[0;1;30;90;47m%%SSSSXXX@@@[0;36;5;40;100mt[0m
 [0;1;30;90;47mS%%%tt;;@[0;36;5;40;100mt [0;37;5;47;107m:::[0;36;5;40;100m [0;1;30;90;40m88[0;36;5;40;100m;[0;37;5;47;107m;;;[0;36;5;40;100m [0;1;30;90;40m8[0;37;5;40;100m%[0;1;30;90;47m%%%SSSSXXX@@@8[0m 
 [0;36;5;40;100m [0;1;30;90;47mS%%%tSS[0;37;5;40;100mSS8[0;1;30;90;47m:::[0;37;5;40;100m8SS@[0;1;30;90;47m:::8S%%%SSSSXXXX@@@[0;36;5;40;100m [0m 
  [0;1;30;90;47mXS%%[0;36;5;40;100m [0;1;30;90;40m@[0;1;37;97;47m%[0;37;5;47;107mt;[0;1;37;97;47mt[0;1;30;90;40mSSS[0;1;37;97;47m;[0;37;5;47;107m;;[0;1;37;97;47m@[0;34;40m;[0;30;5;40;100mX[0;1;30;90;47m8%%%SSSSSXXXX@@@8[0m  
  [0;30;5;40;100mS[0;1;30;90;47mSX[0;37;5;40;100mS[0;36;5;40;100m..[0;1;30;90;47mt[0;1;37;97;47m..[0;1;30;90;47m%[0;36;5;40;100m   [0;1;30;90;47m%[0;1;37;97;47m..[0;1;30;90;47m.[0;37;5;40;100mS[0;1;30;90;47m%%%SSSSSSXXXX@@@8[0;30;5;40;100mS[0m  
   [0;1;30;90;40m8[0;36;5;40;100m [0;37;5;47;107mttt[0;30;5;40;100mS[0;34;40m::[0;36;5;40;100m;[0;37;5;47;107mttt[0;36;5;40;100m:[0;34;40m;[0;36;5;40;100m [0;1;30;90;47mXSSSSSSSSXXXX@@@@8[0;36;5;40;100m:[0m   
    [0;30;5;40;100mS[0;1;37;97;47m%%S[0;36;5;40;100m [0;30;5;40;100m@@[0;36;5;40;100m [0;1;37;97;47mSSS[0;36;5;40;100m [0;1;30;90;47m8SSSSSSSXXXXXX@@@@8[0;36;5;40;100m;[0m    
     [0;34;40m ..[0;1;37;97;47m;[0;37;5;47;107m%%[0;1;37;97;47m:[0;34;40m.[0;1;30;90;40m@[0;37;5;40;100mS[0;1;30;90;47mSSSSSSXXXXXXX@@@@88[0;30;5;40;100m8[0m     
       [0;34;40m.[0;1;30;90;47m.[0;1;37;97;47m88[0;1;30;90;47m.[0;36;5;40;100m [0;1;30;90;47mXXXXXXXXXXXX@@@@@88[0;36;5;40;100m [0m       
        [0;34;40m..[0;30;5;40;100mX[0;1;30;90;47m8XXXXXXXX@@@@@@@@88[0;37;5;40;100m@[0;30;5;40;100m8[0m        
          [0;30;5;40;100mX[0;37;5;40;100m@[0;1;30;90;47m@@@@@@@@@@@@8888[0;37;5;40;100m@[0;30;5;40;100mX[0m          
             [0;36;5;40;100m [0;1;30;90;47m8@@888888888[0;36;5;40;100m [0m             
               [0;36;5;40;100mt[0;37;5;40;100mS[0;1;30;90;47m888888[0;37;5;40;100mX[0;36;5;40;100mt[0m               
                  [0;30;5;40;100mX[0;36;5;40;100m  [0;30;5;40;100mX[0m                  
