[0;36;5;40;100m%                             .....::::[0;32;5;40;100mS[0m
[0;36;5;40;100m:  [0;37;5;40;100mt%%%%%SSSSSSSSSSSS%%%%t[0;36;5;40;100m             t[0m
[0;36;5;40;100m:[0;37;5;40;100mtt%%%SSSXXXXXXXXXXXSSS%%%%t[0;36;5;40;100m           t[0m
[0;36;5;40;100m:[0;37;5;40;100m%%%SSX@88[0;1;30;90;47m888888888[0;37;5;40;100m88@@@XXSS[0;33;5;40;100m      [0;36;5;40;100m     t[0m
[0;36;5;40;100m:[0;37;5;40;100m%%SSX[0;33;47m8[0;33;5;43;103m:::@[0;1;33;93;43mSX[0;33;5;43;103m@[0;37;5;43;103m%%[0;33;5;43;103m.::;;::;;;[0;1;33;93;43m@[0;1;30;90;43mt;[0;1;33;93;43mX[0;33;5;43;103mttt[0;1;30;90;43m8[0;36;5;40;100m     t[0m
[0;36;5;40;100m:[0;37;5;40;100m%SSXX[0;33;47m8[0;33;5;43;103m:[0;1;33;93;43m@[0;33;5;40;100m8[0;30;5;40;100m8@SX[0;33;5;40;100mX[0;37;43mX[0;37;5;43;103mSSS[0;1;30;90;43m88[0;33;5;43;103m:::[0;1;30;90;43mX[0;1;30;90;40m8SX[0;31;40mt[0;34;40m;[0;1;30;90;40m8[0;1;30;90;43m;[0;33;5;43;103mt[0;1;30;90;43m8[0;36;5;40;100m     t[0m
[0;36;5;40;100m.[0;37;5;40;100m%SXX@[0;33;47m8[0;33;5;43;103m;[0;30;5;40;100m@X[0;37;43mX[0;37;5;43;103mXX@[0;33;5;40;100m%[0;30;5;40;100mS[0;37;5;43;103m@XS[0;33;5;40;100m%S[0;33;5;43;103m::8[0;1;30;90;40m@[0;30;5;40;100mX[0;1;33;93;43m8[0;33;5;43;103m;t[0;1;30;90;43mt[0;31;40mt;[0;33;5;43;103mS[0;1;30;90;43m8[0;36;5;40;100m     t[0m
[0;36;5;40;100m.[0;37;5;40;100mSSXX@[0;33;47m8[0;33;5;43;103m;[0;30;5;40;100m@[0;33;5;40;100mX[0;37;5;43;103mXXXX[0;37;43m8[0;36;5;40;100mt[0;37;43m8[0;37;5;43;103mXX[0;33;5;40;100m;t[0;37;5;43;103m%[0;33;5;43;103m:[0;1;33;93;43mS[0;1;30;90;40m@[0;1;30;90;43mX[0;33;5;43;103m;;;;[0;31;5;40;100mS[0;31;40m;[0;33;5;43;103mX[0;1;30;90;43m8[0;36;5;40;100m     t[0m
[0;36;5;40;100m.[0;37;5;40;100mSSX@@[0;33;47m8[0;37;5;43;103m%[0;33;5;40;100m8[0;30;5;40;100mX[0;37;5;43;103mXXX@[0;33;5;40;100m::[0;37;5;43;103m8XX[0;33;5;40;100m;;[0;37;5;43;103m%[0;33;5;43;103m:t[0;30;5;40;100m8X[0;33;5;43;103mt;;@[0;31;40m;[0;33;5;40;100m8[0;33;5;43;103mt[0;1;30;90;43m8[0;36;5;40;100m     t[0m
[0;36;5;40;100m.[0;37;5;40;100mSSX@@[0;33;47m8[0;33;5;43;103m.S[0;30;5;40;100mX[0;33;5;40;100m%[0;37;5;43;103mXX[0;37;43m8[0;36;5;40;100m:[0;33;47m8[0;37;5;43;103mXXX[0;33;5;40;100m;;[0;37;5;43;103m%[0;33;5;43;103m::[0;1;30;90;43m8[0;1;30;90;40m@[0;1;30;90;43mX[0;33;5;43;103m;;[0;33;5;40;100m8[0;31;40m;[0;1;33;93;43m@[0;33;5;43;103mt[0;1;30;90;43m8[0;36;5;40;100m     t[0m
[0;36;5;40;100m:[0;37;5;40;100mSSXX@[0;33;47m8[0;33;5;43;103m:;[0;37;43mX[0;37;5;43;103mXXX@[0;37;43m@[0;37;5;43;103m@XXS[0;33;5;40;100m;t[0;33;5;43;103m:::S[0;1;30;90;43mX[0;33;5;43;103m@;;X[0;1;30;90;43m;[0;33;5;43;103m%t[0;1;30;90;43m8[0;36;5;40;100m     t[0m
[0;36;5;40;100m;[0;37;5;40;100m%SSXX[0;1;30;90;47mX[0;33;5;43;103m::[0;37;5;43;103m%[0;33;5;43;103mS[0;33;5;40;100m@%[0;30;5;40;100mXX[0;33;5;40;100m%[0;1;30;90;43m8[0;37;5;43;103mSS[0;33;5;40;100mt%[0;33;5;43;103m:%[0;1;30;90;43m@[0;30;5;40;100mX[0;1;30;90;40mXS8[0;1;30;90;43mS[0;33;5;43;103m8;;t[0;33;5;40;100m:[0;36;5;40;100m     [0;32;5;40;100mS[0m
[0;30;5;40;100m8[0;37;5;40;100m%%SSX@[0;33;5;43;103mt:t[0;30;5;40;100mX8[0;1;30;90;43m8[0;1;33;93;43m8[0;33;5;43;103m8[0;1;30;90;43m8[0;30;5;40;100m@[0;33;5;40;100m8[0;33;5;43;103mt[0;33;5;40;100mS[0;30;5;40;100mX[0;33;5;43;103mt[0;30;5;40;100mX[0;1;30;90;40m@[0;1;30;90;43mS[0;1;33;93;43mXS[0;1;30;90;43m%[0;31;40m;%[0;33;5;43;103mSt%[0;33;5;40;100m [0;36;5;40;100m     [0;30;5;40;100m8[0m
 [0;37;5;40;100m%%%SSX[0;37;43m8[0;33;5;43;103m:[0;1;33;93;43m8[0;1;30;90;40m8[0;33;5;40;100m8[0;33;5;43;103m::::[0;1;30;90;43m8[0;1;30;90;40m8[0;1;33;93;43m@[0;30;5;40;100mX8[0;1;33;93;43m@[0;1;30;90;40mX[0;1;30;90;43mX[0;33;5;43;103m;;;;[0;1;30;90;43m%[0;34;40m:[0;1;33;93;43mS[0;33;5;43;103mt[0;37;43mX[0;36;5;40;100m      [0m 
 [0;36;5;40;100m;[0;37;5;40;100m%%%SSX[0;33;5;43;103mSt[0;1;30;90;40m8[0;30;5;40;100mS[0;33;5;43;103m;::;[0;33;5;40;100m8[0;1;30;90;40m8[0;33;5;43;103m%[0;30;5;40;100m8[0;1;30;90;40m8[0;33;5;43;103mS[0;1;30;90;40m@[0;30;5;40;100m@[0;33;5;43;103mt;;t[0;1;30;90;40m8[0;31;40m%[0;33;5;43;103m%X[0;33;5;40;100m [0;36;5;40;100m     t[0m 
  [0;36;5;40;100m [0;37;5;40;100mt%%%S8[0;33;5;43;103m%[0;1;30;90;43mS[0;1;30;90;40mS[0;1;30;90;43mX[0;33;5;43;103m;;[0;1;30;90;43mX[0;1;30;90;40mS[0;1;30;90;43mX[0;33;5;43;103m;[0;1;30;90;40m8@[0;33;5;43;103mt[0;1;30;90;43m%[0;34;40m;[0;1;30;90;43mt[0;33;5;43;103m;;[0;1;30;90;43mt[0;34;40m:[0;1;30;90;43m;[0;33;5;43;103m%[0;33;5;40;100m.[0;36;5;40;100m      [0m  
  [0;30;5;40;100m8[0;36;5;40;100m [0;37;5;40;100mtt%%%[0;33;5;40;100m [0;1;33;93;43m8[0;1;30;90;43mSS[0;33;5;43;103m;;[0;1;30;90;43mSX[0;1;33;93;43m8[0;33;5;43;103m%[0;1;30;90;40m8@[0;33;5;43;103mS[0;1;33;93;43m8[0;1;30;90;43m%t[0;33;5;43;103m;t[0;1;30;90;43m;t[0;1;33;93;43mX[0;33;5;40;100m:[0;36;5;40;100m      [0;30;5;40;100m8[0m  
   [0;32;5;40;100m@[0;36;5;40;100m   [0;37;5;40;100mtt%[0;33;5;40;100m [0;33;5;43;103m8;;;;;[0;1;33;93;43m@[0;1;30;90;43m%[0;33;5;40;100m8[0;31;5;40;100mS[0;1;30;90;43m%[0;1;33;93;43mX[0;33;5;43;103m;tttt[0;1;33;93;43m8[0;33;5;40;100m [0;36;5;40;100m      [0;32;5;40;100m@[0m   
    [0;32;5;40;100m@[0;36;5;40;100m      [0;33;5;40;100m [0;1;30;90;43m8[0;33;5;43;103mS;;;;;[0;33;5;40;100m8@[0;33;5;43;103mtttttS[0;1;30;90;43m8[0;33;5;40;100m [0;36;5;40;100m      [0;32;5;40;100m8[0m    
     [0;1;30;90;40m8[0;36;5;40;100m       [0;33;5;40;100m [0;37;43mX[0;33;5;43;103mSttt[0;33;5;40;100m88[0;33;5;43;103mtttS[0;1;30;90;43m8[0;33;5;40;100m [0;36;5;40;100m       [0;1;30;90;40m@[0m     
       [0;36;5;40;100mt       [0;33;5;40;100m [0;1;30;90;43m8[0;33;5;43;103m8t[0;1;30;90;43m@@[0;33;5;43;103mt8[0;1;30;90;43m8[0;33;5;40;100m [0;36;5;40;100m       t[0m       
        [0;1;30;90;40m@[0;36;5;40;100m         [0;33;5;40;100m.[0;1;30;90;43m88[0;33;5;40;100m:[0;36;5;40;100m        :[0;1;30;90;40m@[0m        
          [0;1;30;90;40m8[0;36;5;40;100m.                :[0;1;30;90;40m8[0m          
             [0;36;5;40;100mt            t[0m             
               [0;30;5;40;100m8[0;36;5;40;100m;      ;[0;30;5;40;100m8[0m               
                  [0;1;30;90;40m8[0;32;5;40;100mS%[0;30;5;40;100m8[0m                  
