              [0;30;42m88St[0;1;30;90;42m;;[0;1;32;92;42mS%;[0;1;30;90;42m:[0;30;42mt[0;32;40m@[0m              
          [0;30;42m@[0;1;30;90;42m;[0;1;32;92;42m8[0;32;5;42;102m88[0;1;30;90;42m%%%%t[0;32;5;42;102m88888[0;1;30;90;42m:::[0;30;42mS[0;32;40m@[0m          
        [0;30;42mX[0;1;30;90;42m%[0;32;5;42;102m88888[0;1;30;90;42mXXSSS[0;32;5;42;102m88888[0;1;30;90;42m;;:::[0;1;32;92;42m8[0;1;30;90;42m.[0m        
      [0;1;30;90;42mt[0;32;5;42;102m888[0;1;30;90;42mX@@@@[0;32;5;42;102m@8888[0;1;30;90;42mXSS%t[0;32;5;42;102m88888[0;1;30;90;42m:::[0;30;42mX[0m      
    [0;32;40m@[0;1;32;92;42m8[0;32;5;42;102m888@[0;1;30;90;42m88888[0;32;5;42;102m@@@@@[0;1;30;90;42m@X[0;33;42m@[0;1;30;90;43mSX[0;1;33;93;43m%SS@X[0;1;30;90;43m:[0;33;42m%[0;1;30;90;42m:::[0;30;42m8[0m    
   [0;30;42m8[0;1;30;90;42mS[0;32;5;42;102m888@@[0;1;30;90;42m88888[0;32;5;42;102mXXX@[0;1;32;92;43m8[0;1;30;90;43m88[0;37;5;43;103m88888@[0;1;33;93;43m;[0;1;32;92;42m8[0;1;30;90;42m:::::[0;1;32;92;42m8[0;30;42m%[0m   
  [0;30;42m%[0;32;5;42;102m88[0;1;30;90;42mX@888[0;32;5;42;102mXXXXX[0;32;5;40;100mX[0;1;30;90;42m8[0;1;30;90;43m8[0;37;5;43;103m@S@88XX@[0;1;33;93;43m8[0;33;42m8[0;1;30;90;42mt;[0;32;5;42;102m88[0;1;32;92;42m888[0;1;30;90;42m..[0;30;42m8[0m  
  [0;32;5;42;102m888[0;1;30;90;42m@8888[0;32;5;42;102mXXX[0;36;5;42;102mXX[0;33;5;40;100m%[0;1;30;90;43m8[0;37;5;43;103m@%88%S@[0;1;33;93;43m8[0;32;43m@[0;1;30;90;42m%%t;[0;32;5;42;102m88[0;1;32;92;42m888[0;1;30;90;42m...[0;32;40mS[0m 
 [0;1;32;92;42mS[0;32;5;42;102m888[0;1;30;90;42m@8888[0;32;5;42;102mXX[0;36;5;42;102mX[0;33;5;42;102mX[0;33;47m88[0;37;5;43;103mS88tt%8[0;1;30;90;43m8[0;32;5;42;102m8[0;1;30;90;42mSS%t;[0;32;5;42;102m88[0;1;32;92;42m888[0;1;30;90;42m...[0;30;42m;[0m 
[0;32;40mX[0;1;30;90;42mt%SX[0;32;5;42;102m8@@XX[0;1;30;90;42m8[0;32;5;40;100mS[0;33;5;40;100m%[0;33;47m8[0;37;5;43;103mt%8@t@@[0;1;30;90;43m8[0;1;30;90;42m8@X[0;32;5;42;102m88888[0;1;30;90;42m;::::[0;1;32;92;42m8888[0;32;40m8[0m
[0;30;42m@[0;1;30;90;42mt%SX[0;32;5;42;102m8@@@X[0;1;30;90;42m8[0;32;5;40;100mX[0;1;30;90;43m8[0;37;5;43;103m%%8X8[0;1;33;93;43m8[0;33;5;42;102m8[0;1;30;90;42m888@X[0;32;5;42;102m88888[0;1;30;90;42m:::::[0;1;32;92;42m8888[0;30;42m;[0m
[0;30;42m%[0;1;30;90;42mt%%S[0;32;5;42;102m88@@@[0;1;30;90;42m8[0;1;30;90;43m8[0;37;5;43;103m@t8X%[0;33;5;43;103m@[0;33;5;42;102m8[0;32;5;42;102mX[0;1;30;90;42m88@XS[0;32;5;42;102m88888[0;1;30;90;42m:::::[0;1;32;92;42m8888.[0m
[0;1;32;92;42m;[0;32;5;42;102m8888[0;1;30;90;42mSX@88[0;32;5;42;102m@[0;1;30;90;43m8[0;37;5;43;103m%888[0;1;30;90;43m8[0;1;30;90;42m888[0;32;5;42;102m@8888[0;1;30;90;42m%tt;:[0;32;5;42;102m8[0;1;32;92;42m8888[0;1;30;90;42m...[0;30;42m.S[0m
[0;1;30;90;42m:[0;32;5;42;102m8888[0;1;30;90;42m%SXX@[0;1;30;90;43m@[0;37;5;43;103m88@@[0;33;5;43;103m8[0;33;42m8[0;1;30;90;42m88@[0;32;5;42;102m88888[0;1;30;90;42mtt;;:[0;1;32;92;42m88888[0;1;30;90;42m...[0;30;42m.8[0m
[0;32;40m8[0;32;5;42;102m8888[0;1;30;90;42mt%%SS[0;1;33;93;43m8[0;37;5;43;103mX[0;33;5;43;103mS[0;37;5;43;103m@@[0;32;43m8[0;1;30;90;42m@XXX[0;32;5;42;102m88888[0;1;30;90;42mt;;::[0;1;32;92;42m88888[0;1;30;90;42m..[0;30;42m..[0;32;40mS[0m
 [0;1;30;90;42m::;;[0;32;5;42;102m88888[0;1;33;93;43m8[0;37;5;43;103m@X@[0;1;30;90;43mS[0;32;5;42;102m88888[0;1;30;90;42m%%tt;[0;32;5;42;102m888[0;1;32;92;42m88[0;1;30;90;42m::...[0;1;32;92;42m888%[0m 
  [0;1;30;90;42m:::[0;32;5;42;102m88888[0;32;43m@[0;1;33;93;43mX[0;1;30;90;43mX[0;33;42mX[0;1;30;90;42m%[0;32;5;42;102m88888[0;1;30;90;42mt;;;:[0;32;5;42;102m8[0;1;32;92;42m8888[0;1;30;90;42m:....[0;1;32;92;42m88@[0;32;40m8[0m 
  [0;30;42m8[0;1;30;90;42m::[0;32;5;42;102m88888[0;33;42mX[0;1;30;90;43m;[0;1;30;90;42m;;;[0;32;5;42;102m88888[0;1;30;90;42m;;:::[0;1;32;92;42m88888[0;1;30;90;42m....[0;30;42m.[0;1;32;92;42m8@[0;30;42m%[0m  
   [0;30;42m%[0;1;32;92;42m8[0;1;30;90;42m:::::[0;1;30;90;43m:[0;1;32;92;42m8[0;32;5;42;102m888[0;1;30;90;42m:::::[0;32;5;42;102m8[0;1;32;92;42m8888[0;1;30;90;42m:::..[0;1;32;92;42m8888@[0;30;42m.8[0m   
    [0;30;42m8[0;1;30;90;42m:::::[0;1;30;90;43m:[0;1;32;92;42m8888[0;1;30;90;42m:::::[0;1;32;92;42m88888[0;1;30;90;42m.....[0;1;32;92;42m888@X[0;32;40mX[0m    
      [0;30;42mX[0;1;30;90;42m.::[0;1;30;90;43m:[0;1;32;92;42m8888[0;1;30;90;42m:::::[0;1;32;92;42m88888[0;1;30;90;42m....[0;30;42m.[0;1;32;92;42m8@@[0;30;42m.[0m      
        [0;30;42m.[0;1;32;92;42m8[0;33;42mX[0;1;30;90;42m....[0;1;32;92;42m88888[0;1;30;90;42m.....[0;1;32;92;42m8888@[0;30;42m:@[0m        
          [0;32;40m@[0;30;42mS.[0;1;30;90;42m..[0;1;32;92;42m88888[0;1;30;90;42m...[0;30;42m..[0;1;32;92;42m8@X [0;30;42m8[0m          
              [0;32;40m@[0;30;42m%.[0;1;32;92;42m:tt[0;30;42mt%S@88[0m              
