[0;1;30;90;46m.[0;1;36;96;46mSSXXXXXXXXXXXXXXXXXXXXXXXSSSSSSS%%%%%%[0;1;30;90;46m [0m
[0;1;36;96;46m;[0;36;5;46;106mt;;;;;;;;%%%%%%%%%%%%%%%%%%SSSSt%%%%SS[0;1;30;90;46m [0m
[0;1;36;96;46m;[0;36;5;46;106m;;;;;;;[0;1;36;96;47m8[0;1;37;97;47m@S8[0;37;5;47;107m8888888888888888[0;1;37;97;47m8t%[0;1;30;90;47mt[0;36;5;46;106mtt%%%SS[0;1;30;90;46m [0m
[0;1;36;96;46mt[0;36;5;46;106m;;;;;;;[0;1;30;90;47m:[0;1;37;97;47m:::.... [0;1;30;90;47m ..::;tt%%S[0;37;5;40;100m8[0;1;37;97;47mX[0;37;5;47;107m%[0;1;37;97;47m.[0;36;5;46;106mtt%%%%S[0;1;30;90;46m [0m
[0;1;36;96;46mt[0;36;5;46;106m;;;;;;[0;1;30;90;46m8[0;33;5;40;100m8[0;30;5;40;100m@[0;1;30;90;40m8888[0;30;5;40;100m8[0;1;30;90;40m88888@@XS%[0;34;40m;;::[0;1;30;90;47m%[0;37;5;47;107mt[0;1;37;97;47m.[0;36;5;46;106m%tt%%%%[0;1;30;90;46m [0m
[0;1;36;96;46mt[0;36;5;46;106m;;;;:::[0;36;5;40;100m@[0;30;5;40;100mX8888@8888[0;1;30;90;40m888@XS%[0;34;40m;[0;33;5;40;100m8[0;31;40mt[0;1;30;90;47mt[0;1;37;97;47m8[0;33;47m8[0;1;30;90;46m8[0;36;5;46;106mttt%%%[0;1;30;90;46m [0m
[0;1;36;96;46mt[0;36;5;46;106m;;;;::X[0;30;5;40;100mS88@XXSXX@@88[0;1;30;90;40m88@XSS[0;1;33;93;43m%[0;1;30;90;43m@8[0;37;43m@[0;1;30;90;47mS[0;36;5;46;106mtttt%%%[0;1;30;90;46m [0m
[0;1;36;96;46mt[0;36;5;46;106m;;;:::@[0;33;5;40;100m%S[0;30;5;40;100m@XS[0;36;5;40;100mttt[0;30;5;40;100m%SX@8[0;1;30;90;40m88@XSS[0;1;33;93;43m%[0;1;30;90;43m@[0;1;30;90;47m%[0;37;5;47;107mS[0;1;37;97;47m.[0;36;5;46;106mtttt%%%[0;1;30;90;46m [0m
[0;1;36;96;46mt[0;36;5;46;106m;;;:::.[0;36;5;40;100m@[0;30;5;40;100m@XS[0;36;5;40;100mt;:;t[0;30;5;40;100mSX@88[0;1;30;90;40m88@XS[0;1;30;90;43m8[0;31;40m;[0;1;30;90;47m:[0;37;5;47;107mt[0;1;37;97;47m.[0;36;5;46;106mtttt%%%[0;1;30;90;46m [0m
[0;1;36;96;46mt[0;36;5;46;106m;;;:::[0;37;46m@[0;33;5;40;100m%[0;30;5;40;100m@XS[0;36;5;40;100m%t;tt[0;30;5;40;100mSX@88[0;1;30;90;40m8@XSS[0;34;40m;;[0;1;30;90;47m:[0;37;5;47;107mt[0;1;37;97;47m.[0;36;5;46;106mtttt%%%[0;1;30;90;46m [0m
[0;1;36;96;46mt[0;36;5;46;106m;;;:::;[0;33;5;40;100m;X[0;30;5;40;100m@XXSSSSX@88[0;1;30;90;40m88@XS%[0;34;40m;;[0;1;30;90;47m:[0;37;5;47;107mt[0;1;37;97;47m.[0;36;5;46;106mtttt%%%[0;1;30;90;46m [0m
[0;1;30;90;46m:[0;36;5;46;106m;;;;::;[0;36;5;40;100m8[0;30;5;40;100m888@@@@@888[0;1;30;90;40m88@XSS[0;34;40m;;:[0;1;30;90;47m.[0;37;5;47;107mt[0;1;37;97;47m.[0;36;5;46;106mtttt%%%[0;1;30;90;46m [0m
[0;1;30;90;46m:[0;36;5;46;106m;;;;;:[0;37;46mX[0;33;5;40;100m8[0;31;5;40;100mS[0;1;30;90;40m88[0;30;5;40;100m888888[0;1;30;90;40m888@XSS[0;34;40m;;::[0;1;30;90;47m.[0;37;5;47;107mt[0;1;37;97;47m.[0;36;5;46;106mttt%%%%[0;1;30;90;46m.[0m
 [0;36;5;46;106m;;;;;;;[0;34;5;40;100mS[0;1;30;90;40m8@8888888@@XXS%[0;34;40m;;:::[0;1;30;90;47m.[0;37;5;47;107m%[0;1;37;97;47m:[0;36;5;46;106mttt%%%S[0m 
 [0;1;30;90;46m.[0;36;5;46;106m;;;;;[0;1;36;96;46m@[0;30;5;40;100m8[0;1;30;90;40mSXXXXXXXXXSSS[0;34;40m;;;::[0;31;40mX;[0;1;30;90;47m.[0;37;5;47;107m@[0;33;47m@[0;1;30;90;46m8[0;36;5;46;106mt%%%%[0;1;30;90;46m [0m 
  [0;36;5;46;106mt;;;;[0;1;36;96;46m@[0;33;5;40;100m8[0;31;5;40;100mX[0;1;30;90;40m%SSSSSSS%[0;34;40m;;;;:::[0;31;40m;[0;1;33;93;43m%[0;31;5;40;100m8[0;1;30;90;47m@[0;37;43mX[0;1;30;90;47mX[0;36;5;46;106mS%%%%S[0m  
  [0;1;30;90;46m.[0;36;5;46;106m;;;;;[0;1;30;90;40m8[0;34;40m;;;;;;;;;;;::::::[0;31;40m:[0;1;33;93;43mt[0;1;30;90;43mX[0;37;43m8[0;1;37;97;47m8:[0;36;5;46;106m%%%%S[0;34;46m@[0m  
   [0;1;30;90;46m.[0;36;5;46;106mt;;[0;1;30;90;46m8[0;30;5;40;100m8[0;34;40m:::::::::::::::..[0;31;40m:[0;1;30;90;43mX[0;31;40m:[0;1;30;90;47m [0;37;5;47;107m@[0;1;30;90;47m.[0;36;5;46;106m%%%S[0;1;30;90;46m [0m   
    [0;1;30;90;46m:[0;36;5;46;106mtt%[0;32;5;40;100mS[0;1;30;90;40m8[0;34;40m:::::::::::........[0;1;30;90;46m8[0;36;5;46;106mX%%SS[0;1;30;90;46m.[0m    
     [0;34;46m8[0;36;5;46;106mSt[0;1;36;96;46m%[0;1;30;90;46m;;;;;;;;;;;;;;;:::::[0;1;36;96;46mS[0;36;5;46;106m%%S[0;1;36;96;46mX[0;34;46m8[0m     
       [0;1;30;90;46m.[0;36;5;46;106mttttttttttttttt%%%%%%%SS[0;1;30;90;46m [0m       
        [0;36;44m8[0;1;36;96;46mS[0;36;5;46;106m%%%%%%%%%%%%%%%%%SSS[0;1;36;96;46m%[0;34;46m8[0m        
          [0;34;46m8[0;1;36;96;46m%[0;36;5;46;106m%%%%%%%%%%%%SSSS[0;1;36;96;46m%[0;34;46m8[0m          
             [0;1;30;90;46m [0;36;5;46;106mSSSSSSSSSSSS[0;1;30;90;46m [0m             
               [0;1;30;90;46m.[0;1;36;96;46mt[0;36;5;46;106mSSSSSS[0;1;36;96;46mt[0;1;30;90;46m [0m               
                  [0;34;46m@[0;1;30;90;46m  [0;34;46m@[0m                  
