[0;1;30;90;41m8[0;33;41m8888888[0;31;43m8[0;1;30;90;43mXXXXXXXXXXX[0;31;43m8[0;33;41m88888888888888[0;1;30;90;41m88888[0m
[0;1;30;90;41m8[0;31;43m888[0;1;30;90;43mXX@@@888888888888@@XXX[0;31;43m8888888888[0;33;41m888[0;1;30;90;41m8[0m
[0;1;30;90;41m8[0;31;43m8[0;1;30;90;43mXX@@88888888888888888@@XX[0;31;43m8888888888[0;33;41m88[0;1;30;90;41m8[0m
[0;1;30;90;41m8[0;1;30;90;43mXX@888888[0;33;42m88[0;1;30;90;43m8888888888888@X[0;33;42m8SS8[0;1;30;90;43mS[0;31;43m88888[0;33;41m88[0;1;30;90;41m8[0m
[0;1;30;90;41m8[0;1;30;90;43mX@88888[0;1;32;92;42m@88888[0;1;30;90;43m88888888888@[0;1;32;92;42mSXXXSS[0;1;30;90;43mS[0;31;43m88888[0;33;41m8[0;1;30;90;41m8[0m
[0;1;30;90;41m8[0;1;30;90;43m@888888[0;1;32;92;42m888888[0;1;30;90;43m888888888888[0;1;32;92;42mXXXXXS[0;1;30;90;43mS[0;31;43m88888[0;33;41m8[0;1;30;90;41m8[0m
[0;1;30;90;41m8[0;1;30;90;43m@8888888[0;33;42m8[0;1;32;92;42m8[0;32;5;42;102m8[0;1;30;90;43m88888888888888@[0;33;42mS[0;1;32;92;42mXX%[0;1;30;90;43m%[0;31;43m8888888[0;1;30;90;41m8[0m
[0;1;30;90;41m8[0;1;30;90;43m888888888888[0;33;5;40;100m::::[0;1;30;90;43m88888888888@XX[0;31;43m88888888[0;1;30;90;41m8[0m
[0;1;30;90;41m8[0;1;30;90;43m88888888888[0;33;5;40;100m:.[0;37;5;40;100m8[0;33;5;40;100m .[0;1;30;90;43m8888888888@@XS[0;31;43m88888888[0;1;30;90;41m8[0m
[0;1;30;90;41m8[0;1;30;90;43m88888888[0;1;32;92;42m8[0;32;5;42;102m88[0;33;5;42;102m8[0;33;5;40;100mt..:[0;1;30;90;43m888888888[0;32;43m8[0;1;32;92;42mXXXX[0;33;42m8[0;1;30;90;43mS[0;31;43m888888[0;1;30;90;41m8[0m
[0;1;30;90;41m8[0;1;30;90;43m@888888[0;1;32;92;42m888[0;32;5;42;102m888[0;1;30;90;43m888888888888[0;1;32;92;42m@XXXXX[0;1;30;90;43mS[0;31;43m888888[0;1;30;90;41m8[0m
[0;1;30;90;41m8[0;1;30;90;43m@888888[0;33;42m8[0;1;32;92;42m8888[0;32;43m8[0;1;30;90;43m888888888888[0;33;42mS[0;1;32;92;42mXXXX%[0;1;30;90;43mS[0;31;43m888888[0;1;30;90;41m8[0m
[0;31;40m8[0;1;30;90;43m@@88888888888888888888888@X[0;32;43m8[0;33;42m8[0;1;30;90;43m%S[0;31;43m888888[0;33;41m8[0;31;40m8[0m
 [0;1;30;90;43mX@@888888888888888888888@@XX[0;31;43m888888888[0;33;41m8[0m 
 [0;1;30;90;41m8[0;1;30;90;43mXX@8888@[0;33;42m88[0;1;30;90;43m888888888888@@X[0;33;42m8SS8[0;1;30;90;43mS[0;31;43m88888[0;33;41m8[0;1;30;90;41m8[0m 
  [0;31;43m8[0;1;30;90;43mXX@@@[0;1;32;92;42mSXX@@X[0;1;30;90;43m88888888@@XS[0;1;32;92;42mSSSSS%[0;1;30;90;43mS[0;31;43m888[0;33;41m88[0m  
  [0;31;40m8[0;31;43m88[0;1;30;90;43mXXX[0;1;32;92;42mXXXXXX[0;1;30;90;43m@88@@@@@XX[0;31;43m8[0;1;30;90;43mS[0;1;32;92;42mSSSSSS[0;1;30;90;43m%[0;31;43m88[0;33;41m88[0;31;40m8[0m  
   [0;30;41m8[0;31;43m8888[0;1;30;90;43mS[0;1;32;92;42m%XX%[0;1;30;90;43mSXXXXXXX[0;31;43m88888[0;1;30;90;43m%[0;1;32;92;42mtSSt[0;1;30;90;43mt[0;31;43m88[0;33;41m88[0;30;41m8[0m   
    [0;30;41m8[0;31;43m88888[0;1;30;90;43mSS[0;31;43m8888888888888888[0;1;30;90;43mSS[0;31;43m88[0;33;41m888[0;30;41m8[0m    
     [0;31;40mX[0;31;43m88888888888[0;1;30;90;43mS[0;33;42m@tt@[0;1;30;90;43mS[0;31;43m88888888[0;33;41m888[0;31;40mX[0m     
       [0;1;30;90;41m8[0;31;43m88888888[0;1;30;90;43mS[0;1;32;92;42m%SSSS%[0;1;30;90;43m%[0;31;43m8888[0;33;41m8888[0;1;30;90;41m8[0m       
        [0;31;40mX[0;33;41m8[0;31;43m888888[0;1;30;90;43m%[0;1;32;92;42m%%%%%%[0;1;30;90;43m%[0;31;43m8[0;33;41m888888[0;31;40mX[0m        
          [0;31;40m8[0;33;41m8[0;31;43m88888[0;1;30;90;43mt[0;33;42mt[0;1;32;92;42m%%[0;33;42mt[0;1;30;90;43mt[0;33;41m888888[0;31;40m@[0m          
             [0;1;30;90;41m8[0;33;41m888888888888[0;1;30;90;41m8[0m             
               [0;31;40m8[0;1;30;90;41m8[0;33;41m888888[0;1;30;90;41m8[0;31;40m8[0m               
                  [0;31;40m8[0;1;30;90;41m88[0;31;40m8[0m                  
