[0;1;30;90;41m8X@@@@@@8888888888888@@@@@@@XXXXXXSSSSSX[0m
[0;1;30;90;41mX[0;35;41m88888888[0;31;45m88[0;1;30;90;45m8888888[0;31;45m8[0;1;30;90;45m88[0;35;41m8888888888888@@@@@[0;1;30;90;41m@[0m
[0;1;30;90;41mX[0;35;41m88888[0;31;45m8[0;1;30;90;45m88888888888[0;35;5;40;100m [0;1;37;97;47m; [0;35;5;40;100m:[0;31;45m8[0;35;41m888888888888@@@@[0;1;30;90;41m8[0m
[0;1;30;90;41mX[0;35;41m888[0;31;45m8[0;1;30;90;45m888888888888[0;35;5;40;100m;[0;1;30;90;45m8[0;1;30;90;47m88[0;1;30;90;45m8[0;35;5;40;100m%[0;1;30;90;45m8[0;31;45m8[0;35;41m88888888888@@@[0;1;30;90;41m8[0m
[0;1;30;90;41mX[0;35;41m88[0;31;45m8[0;1;30;90;45m888888[0;35;5;40;100mS[0;1;30;90;47m8[0;35;5;40;100m;%%t[0;1;30;90;47m8[0;37;5;47;107m@[0;1;30;90;47m;[0;35;5;40;100m;;[0;1;30;90;47m;[0;37;5;47;107m8[0;1;30;90;47m8[0;1;30;90;45m8[0;31;45m8[0;35;41m8[0;35;5;40;100m@ [0;35;41m8888888@@@[0;1;30;90;41m8[0m
[0;1;30;90;41m@[0;35;41m8[0;35;5;40;100mt[0;1;30;90;47mS[0;1;37;97;47m [0;35;5;40;100m.[0;1;30;90;45m88[0;1;30;90;47m8[0;35;5;40;100m%[0;1;30;90;47m8[0;37;5;47;107m@[0;1;37;97;47mt[0;1;30;90;47m888[0;35;5;40;100m;[0;1;37;97;47m [0;35;5;40;100m;%S;[0;1;30;90;47m%[0;1;30;90;45m8[0;35;5;40;100m:St[0;1;37;97;47m X[0;35;5;40;100m.[0;35;41m8[0;35;5;40;100m.[0;35;41m88[0;35;5;40;100mt[0;1;37;97;47m [0;1;30;90;47m8[0;35;5;40;100m@[0;35;41m@[0;1;30;90;41m8[0m
[0;1;30;90;41m@[0;35;41m8[0;1;30;90;45m8[0;1;30;90;47m8%8[0;37;5;40;100m%[0;1;30;90;47m8[0;37;5;47;107m%[0;1;37;97;47m [0;35;5;40;100m.[0;1;30;90;47m8[0;35;5;40;100m:[0;1;30;90;47m8[0;37;5;47;107m88[0;1;30;90;47m8[0;35;5;40;100m:;tt%[0;1;30;90;45m8[0;37;5;40;100mS[0;1;37;97;47mX;[0;35;5;40;100m;[0;1;30;90;45m8[0;35;5;40;100mt@[0;1;30;90;47mX[0;37;5;47;107m8[0;37;5;40;100mS[0;35;5;40;100m;:[0;1;30;90;47mS[0;35;5;40;100m [0;35;41m8@[0;1;30;90;41m8[0m
[0;1;30;90;41m@[0;31;45m8[0;1;30;90;45m88[0;37;5;40;100mS[0;1;37;97;47mX%[0;1;30;90;47m88[0;35;5;40;100m;::. [0;1;30;90;47m88[0;35;5;40;100m .:;t%S[0;1;30;90;45m8[0;35;5;40;100m t[0;1;30;90;45m8[0;31;45m8[0;35;41m888[0;35;5;40;100m. [0;1;37;97;47m::[0;35;5;40;100mt[0;35;41m8@@[0;1;30;90;41m8[0m
[0;1;30;90;41m@[0;31;45m8[0;1;30;90;45m888[0;35;5;40;100m;[0;1;30;90;47m8[0;37;5;47;107m8[0;1;37;97;47m.[0;1;30;90;47m8[0;35;5;40;100m:. [0;1;30;90;47m888[0;37;5;40;100m%[0;1;30;90;47m8[0;35;5;40;100m:;;t;[0;1;30;90;45m8888[0;31;45m8[0;35;41m88[0;35;5;40;100m%[0;1;30;90;47m;[0;1;37;97;47mt[0;1;30;90;47m8[0;35;5;40;100m8[0;35;41m88@@[0;1;30;90;41m8[0m
[0;1;30;90;41m@[0;31;45m8[0;1;30;90;45m8888[0;35;5;40;100mS[0;1;30;90;47m%8[0;35;5;40;100m;:.[0;1;30;90;47m8%88S[0;37;5;47;107m@[0;1;37;97;47m [0;37;5;40;100m%%[0;1;37;97;47m [0;37;5;47;107m8[0;1;30;90;47m8[0;1;30;90;45m88[0;1;30;90;47m8[0;35;5;40;100m;[0;35;41m888[0;1;30;90;47m88[0;35;41m8888@@[0;1;30;90;41m8[0m
[0;1;30;90;41m@[0;35;41m8[0;1;30;90;45m8888[0;35;5;40;100mt[0;1;30;90;47m%[0;37;5;47;107m%[0;1;30;90;47mS[0;35;5;40;100m:[0;1;30;90;47m8[0;1;37;97;47mS[0;37;5;47;107m8[0;1;30;90;47m8[0;35;5;40;100m..[0;1;37;97;47m:[0;37;5;40;100m%[0;35;5;40;100m;t.[0;1;37;97;47m [0;35;5;40;100mX[0;1;30;90;45m8[0;37;5;40;100mS[0;1;37;97;47mS [0;35;5;40;100mt[0;1;30;90;45m8[0;1;30;90;47m8[0;37;5;47;107m8[0;1;30;90;47m8[0;35;41m8888@@[0;1;30;90;41m8[0m
[0;1;30;90;41m8[0;35;41m8[0;31;45m8[0;1;30;90;45m88888[0;1;30;90;47mS[0;35;5;40;100m%t;:[0;37;5;40;100m%[0;35;5;40;100m;;;;tt%S[0;1;30;90;45m8888[0;35;5;40;100mS[0;31;45m8[0;35;41m888[0;1;30;90;47m8[0;35;41m88888@@[0;1;30;90;41m@[0m
[0;31;40m8[0;1;30;90;41m8[0;35;41m8[0;31;45m8[0;1;30;90;45m8[0;31;5;40;100m888[0;35;5;40;100mXS%%%SS%t%%X[0;31;5;40;100m@8[0;35;5;40;100m@[0;1;30;90;45m888[0;1;30;90;41m8888[0;35;41m888[0;1;30;90;41mX@8X[0;35;41m@@[0;30;41m8[0m
 [0;31;40m:@[0;30;41m8[0;31;40m@[0;1;30;90;40m%SXX[0;31;5;40;100m888[0;1;30;90;40m8888[0;31;5;40;100m88[0;30;5;40;100m8[0;1;30;90;40m@XXX8[0;1;30;90;41m8[0;31;40m@:[0;34;40m::[0;31;40m:@8S.[0;34;40m..[0;31;40m.X8[0m 
 [0;34;40m.::;;;[0;1;30;90;40m%SSXXXXXXXXXSSS[0;34;40m;;;::::........  [0m 
  [0;34;40m::::;;;;[0;1;30;90;40m%SSSSSSS%[0;34;40m;;;;:::::........  [0m  
  [0;34;40m.::::::;;;;;;;;;;;::::::.........   [0m  
   [0;34;40m..:::::::::::::::::::..........   [0m   
    [0;34;40m.....::::::::::::...........    [0m    
     [0;34;40m .........................    [0m     
       [0;34;40m......................    [0m       
        [0;34;40m .................      [0m        
          [0;34;40m ..........         [0m          
             [0;34;40m              [0m             
               [0;34;40m          [0m               
                  [0;34;40m    [0m                  
