[0;30;41m;[0;1;31;91;41m::;;;;;;;;;;;;;;;;[0;33;41m;8[0;31;43mX[0;33;41m;[0;1;31;91;41m;;;:::::::......[0;30;41mt[0m
[0;1;30;90;41m.[0;1;31;91;41mSSXXXXXXXXXSX@@[0;33;41m8[0;31;43m8[0;1;31;91;41mS[0;33;41m8[0;1;30;90;43mt[0;1;33;93;43mX[0;31;43mX[0;33;41m@[0;1;31;91;41mXXXSSS%SS%%%%tt[0;30;41m:[0m
[0;1;30;90;41m:[0;1;31;91;41mXXXXXXXS@%[0;1;30;90;43mS[0;33;5;43;103m8[0;31;43m@[0;33;41mX[0;1;31;91;41m@X[0;31;43m8[0;1;30;90;43mS[0;33;5;43;103m8[0;1;33;93;43m@;[0;33;41m8[0;1;31;91;41m%X%SX[0;33;41mS[0;1;30;90;43m::[0;33;41mt;[0;1;31;91;41mS%%%%t[0;30;41m:[0m
[0;1;30;90;41m:[0;1;31;91;41mXXXXX@[0;33;41m@[0;1;30;90;43mSXX[0;1;33;93;43mS[0;33;5;43;103mX[0;1;30;90;43m@8[0;1;31;91;41m8[0;33;41mX[0;1;30;90;43m@@[0;31;43m8[0;1;33;93;43mt[0;33;5;43;103mX[0;33;41mX@[0;1;31;91;41mX[0;31;43m@[0;1;30;90;43m;[0;31;43mX[0;1;30;90;43m:[0;1;33;93;43mX@[0;33;41m8[0;1;31;91;41mtS%%%%%[0;30;41m.[0m
[0;1;30;90;41m:[0;1;31;91;41mXXXX@@@[0;31;43m8[0;1;30;90;43m@8[0;33;5;43;103m@[0;1;33;93;43mS[0;1;31;91;41m@[0;31;43m8[0;1;31;91;41m8888[0;1;33;93;43mX%[0;33;5;43;103m%[0;1;30;90;43mX[0;33;41mX[0;1;31;91;41m@[0;33;41mS[0;31;43m8[0;1;30;90;43m;:[0;1;33;93;43mX[0;31;43m@[0;33;41mS[0;1;31;91;41m%SS%%%%[0;30;41m.[0m
[0;1;30;90;41m:[0;1;31;91;41mXXX@@@@[0;31;43m@[0;33;41m8[0;1;30;90;43m8[0;1;33;93;43mX[0;33;5;43;103mt[0;37;43mS[0;1;30;90;43m8[0;1;31;91;41m88[0;33;41m8[0;1;30;90;43m88[0;33;41m8[0;31;43mX[0;1;33;93;43mt[0;33;41m8[0;1;31;91;41m@[0;33;41mS8[0;1;31;91;41m%[0;31;43mt[0;1;33;93;43mS[0;33;5;43;103m%[0;33;41m8S[0;1;31;91;41mSSS%%%[0;30;41m.[0m
[0;1;30;90;41m;[0;1;31;91;41mXX@@@8888[0;1;33;93;43mt[0;37;43mXX[0;1;33;93;43mS[0;1;30;90;43m8[0;31;5;41;101m88[0;1;31;91;41m8[0;33;41m8[0;1;31;91;41m88[0;31;43m8[0;1;30;90;43m8[0;1;31;91;41m@@@XS[0;33;5;43;103mX[0;31;43m8[0;33;5;43;103mX[0;31;43m8[0;1;31;91;41mSSSS%%%[0;30;41m.[0m
[0;1;30;90;41m;[0;1;31;91;41mXX@@@88[0;33;41m@[0;1;30;90;43m88[0;33;41m8[0;1;30;90;43m8[0;37;43m@[0;1;30;90;43m8[0;35;5;41;101m8[0;31;5;41;101m8[0;1;30;90;43m8[0;31;43m8[0;1;30;90;43m8[0;31;43m8[0;33;41m@[0;1;31;91;41m88@@[0;33;41m@[0;31;43mS[0;33;41m%[0;1;31;91;41mS[0;33;41m@[0;1;30;90;43m:[0;1;31;91;41mtSSS%%%[0;30;41m.[0m
[0;1;30;90;41m;[0;1;31;91;41mXX@@[0;33;41m8[0;1;30;90;43m8[0;1;33;93;43mt[0;33;41m88[0;31;5;41;101m88[0;33;5;40;100m%t;[0;35;5;40;100m;t[0;37;5;43;103m@[0;1;30;90;43m8[0;37;5;43;103mX[0;1;30;90;43m8[0;33;5;43;103m:[0;31;43m8[0;1;31;91;41m8@@@XXX%%S;[0;31;43m8[0;1;33;93;43m%[0;33;41mX:[0;1;31;91;41mt[0;30;41m.[0m
[0;1;30;90;41m;[0;1;31;91;41mX[0;31;43mX[0;1;30;90;43mS[0;31;43mS[0;1;30;90;43m@[0;1;33;93;43mX[0;33;5;43;103mS[0;1;30;90;43m8[0;31;43m8[0;31;5;41;101m88[0;35;5;41;101m88[0;35;5;40;100mt[0;1;30;90;43m88[0;37;5;43;103m@[0;37;43mX[0;37;5;43;103mS[0;37;43mS[0;37;5;43;103m%[0;1;30;90;43m8[0;1;31;91;41m8@@@XXX[0;33;41mX[0;1;30;90;43m:[0;31;43m8%[0;1;30;90;43m.[0;1;33;93;43mS[0;31;43mS[0;33;41m@[0;1;31;91;41m%[0;30;41m.[0m
[0;1;30;90;41m;[0;1;31;91;41mXS[0;31;43m8[0;1;30;90;43mS[0;1;33;93;43mS[0;33;5;43;103m@[0;1;30;90;43m8[0;31;43m8[0;1;31;91;41m88[0;31;5;41;101m8888[0;1;30;90;43m8[0;37;43m@[0;37;5;43;103mX[0;33;5;43;103m@[0;37;5;43;103mS[0;33;5;43;103m8:[0;1;30;90;43m8@[0;33;41mX[0;1;31;91;41m@@XXXX[0;33;41mS[0;31;43m%[0;1;30;90;43m.[0;1;33;93;43mX[0;1;30;90;43m.[0;1;31;91;41m;[0;33;41mS[0;1;31;91;41m%[0;30;41m.[0m
[0;1;30;90;41m:[0;1;31;91;41mX[0;33;41mS[0;31;43mX[0;33;41mS[0;1;30;90;43mX[0;1;33;93;43m@[0;33;5;43;103mt[0;31;43m8[0;1;30;90;43m8[0;1;31;91;41m888[0;31;5;41;101m88[0;1;30;90;43m8[0;33;5;43;103m@[0;37;5;43;103mS[0;33;5;43;103m%%%S[0;1;33;93;43mS[0;33;5;43;103m:[0;33;41m8[0;1;31;91;41m@XXXXS[0;31;43m8[0;33;41mSX[0;1;30;90;43m.[0;33;5;43;103m@[0;31;43m%[0;33;41m@[0;1;31;91;41m%[0;30;41mt[0m
[0;30;41m@[0;1;31;91;41mXXXS[0;33;5;43;103mS[0;1;30;90;43mX[0;33;5;43;103mt[0;1;30;90;43m@[0;1;31;91;41m888888[0;1;30;90;43m8[0;33;5;43;103mt.::::[0;1;33;93;43m@[0;33;5;43;103m;[0;1;30;90;43mS[0;1;31;91;41mXXXXXXSS[0;31;43m;[0;1;30;90;43m:..[0;1;31;91;41mt%[0;30;41m8[0m
 [0;1;31;91;41mXX[0;33;41mX[0;31;43m%[0;33;41m@[0;1;31;91;41mS[0;33;41m8[0;1;33;93;43mS[0;1;31;91;41mS88888[0;1;30;90;43m8[0;33;5;43;103m::::8X@;[0;1;30;90;43m%[0;1;31;91;41mXXXXXS;[0;31;43m88[0;1;31;91;41mt[0;33;41mt[0;31;43m:[0;33;41m@[0;1;31;91;41m%[0m 
 [0;1;30;90;41m:[0;1;31;91;41mXXXXX[0;33;41m%[0;1;31;91;41mS@@XX@@[0;33;41mS[0;33;5;43;103m%::SS;;t[0;31;43m8[0;1;31;91;41mXXXX%[0;33;41m%[0;1;31;91;41mSSS%;[0;33;41m:[0;1;31;91;41mt[0;30;41m:[0m 
  [0;1;31;91;41mSXXXX[0;33;41mS[0;1;31;91;41m%X[0;33;41m@[0;1;30;90;43m%[0;1;33;93;43mS[0;33;41m@X[0;1;31;91;41m@[0;31;43mX[0;33;5;43;103m;;St;t[0;31;43m8[0;1;31;91;41mX%[0;33;41mt[0;1;31;91;41mS;[0;1;30;90;43m;[0;1;33;93;43mS[0;31;43m@[0;33;41m%[0;1;31;91;41m%%%%t[0m  
  [0;30;41m8[0;1;31;91;41mSXXX[0;33;41m8[0;1;30;90;43mtt[0;1;33;93;43mS8[0;33;5;43;103m@[0;33;41m8[0;1;31;91;41mSXS[0;1;33;93;43mX[0;33;5;43;103mX;SX[0;1;30;90;43m;[0;1;31;91;41mXX[0;33;41m%[0;31;43mSS[0;1;30;90;43m.[0;1;33;93;43mS[0;33;5;43;103m@[0;31;43m8[0;33;41mX[0;1;31;91;41m%%%%[0;30;41m8[0m  
   [0;30;41mS[0;1;31;91;41mSSS[0;33;41mS[0;31;43mX[0;1;30;90;43m;;[0;1;33;93;43mX[0;31;43m%[0;33;41mS[0;1;31;91;41m%XS[0;1;30;90;43m;[0;1;33;93;43m;%t:[0;31;43m8[0;1;31;91;41mSSS[0;31;43m8tS[0;1;33;93;43mt[0;1;30;90;43m.[0;1;31;91;41mt[0;33;41mS[0;1;31;91;41m%%%[0;30;41mS[0m   
    [0;30;41mX[0;1;31;91;41mSSt[0;33;41m%[0;1;31;91;41m%[0;1;33;93;43m.%[0;33;5;43;103mt[0;33;41m8S[0;1;31;91;41mXXXSS[0;33;41mS8[0;1;31;91;41m%SSS[0;33;41m%[0;1;31;91;41mt[0;31;43m8[0;1;33;93;43mt@[0;31;43m;[0;33;41mS[0;1;31;91;41m%t[0;30;41mX[0m    
     [0;31;40m8[0;1;31;91;41mtS%[0;33;41mS[0;1;33;93;43m%[0;33;41mX[0;1;33;93;43m:[0;31;43m%[0;1;31;91;41m%S[0;33;41mSS[0;1;31;91;41mS[0;33;41mS[0;1;30;90;43m.[0;1;33;93;43m%[0;31;43m8[0;33;41mS[0;1;31;91;41mSS%t[0;31;43m:@S:[0;33;41m%[0;1;31;91;41m;[0;31;40m8[0m     
       [0;1;30;90;41m.[0;33;41m%8[0;1;31;91;41m%%[0;33;41mX[0;1;30;90;43m:[0;1;31;91;41mtS%[0;31;43m@[0;1;30;90;43m:[0;1;33;93;43mXXt[0;33;41mX[0;1;31;91;41mt%%;[0;33;41m8t[0;1;31;91;41mt[0;33;41mt[0;31;43m%[0;33;41m%[0m       
        [0;31;40m8[0;1;31;91;41m:%%%%%%;[0;31;43m%%[0;33;41m8[0;1;30;90;43m.[0;1;33;93;43m:[0;1;31;91;41mt[0;33;41m%[0;1;31;91;41m%%%%tt.[0;31;40m8[0m        
          [0;30;41m8[0;1;31;91;41m:%%%%%t%[0;1;30;90;43m [0;1;33;93;43m;[0;33;5;43;103m@[0;31;43m@[0;33;41mt[0;1;31;91;41m%ttt.[0;30;41m8[0m          
             [0;30;41m:[0;1;31;91;41m%%%;[0;33;41m8[0;31;43m:[0;33;41m%[0;31;43m8:[0;33;41mt[0;1;31;91;41mtt[0;30;41m:[0m             
               [0;30;41m8 [0;1;31;91;41m;[0;33;41m:[0;1;31;91;41m;t[0;33;41m%[0;31;43mX[0;30;41m.8[0m               
                  [0;30;41m8;;8[0m                  
