[0;30;41m;[0;1;31;91;41m::;;;;;;;;;;;;;;;;;;;;;;;:::::::......[0;30;41mt[0m
[0;1;30;90;41m.[0;1;31;91;41mSSXXXXXXXXXXX@@XXXXXXXXXXXSSSSSS%%%%tt[0;30;41m:[0m
[0;1;30;90;41m:[0;1;31;91;41mXXXXXXX@@@@@@@@@@X[0;33;41m8[0;31;43m8[0;1;33;93;43mt%t[0;31;43m@[0;1;31;91;41mSXXSSSSSS%%%%t[0;30;41m:[0m
[0;1;30;90;41m:[0;1;31;91;41mXXXXX@@@@@88888XX[0;1;30;90;43mX[0;33;5;43;103mS[0;1;33;93;43mS[0;33;5;43;103m%;;[0;1;33;93;43mS[0;1;30;90;43mt[0;1;31;91;41mXXXtSSSS%%%%%[0;30;41m.[0m
[0;1;30;90;41m:[0;1;31;91;41mXXXX@@@@X[0;33;41m@[0;1;31;91;41m88888[0;33;41m8[0;1;30;90;43m888@[0;33;5;43;103mttX[0;1;33;93;43m@X[0;1;31;91;41m%S[0;31;43mX[0;1;30;90;43m:[0;1;31;91;41mtSSSS%%%%[0;30;41m.[0m
[0;1;30;90;41m:[0;1;31;91;41mXXX@@@[0;33;41mX[0;1;30;90;43m8[0;33;5;43;103m@[0;1;33;93;43m%[0;1;30;90;43m8[0;1;31;91;41m88888[0;1;30;90;43m88[0;1;33;93;43m;[0;33;5;43;103mS@8[0;1;33;93;43m8[0;33;5;43;103m;;[0;33;41m8[0;31;43mS[0;1;33;93;43mS[0;31;43m8[0;1;31;91;41mXSSSSS%%%[0;30;41m.[0m
[0;1;30;90;41m;[0;1;31;91;41mXX@@@8[0;33;41m8[0;1;33;93;43m8[0;33;5;43;103m%[0;37;5;43;103mSX[0;37;43mX[0;1;30;90;43m88[0;37;43mX[0;33;5;43;103mSXX[0;37;5;43;103mS[0;33;5;43;103m;::::[0;1;30;90;43mS[0;1;31;91;41mS[0;1;30;90;43mt[0;1;33;93;43m;[0;1;31;91;41mSXSSSSS%%%[0;30;41m.[0m
[0;1;30;90;41m;[0;1;31;91;41mXX@@@8888[0;1;30;90;43m8[0;1;33;93;43mX[0;37;5;43;103m@@@@@XX[0;33;5;43;103m@Xtt;%[0;33;41m8[0;1;31;91;41mX[0;1;33;93;43mt[0;1;31;91;41mSXXXSSSS%%%[0;30;41m.[0m
[0;1;30;90;41m;[0;1;31;91;41mX@@@88888[0;31;5;41;101m8[0;1;30;90;43m88[0;37;43m8[0;1;33;93;47m8[0;33;47m8[0;37;5;43;103mX@XXS%[0;33;5;43;103mSt[0;33;41m8[0;1;31;91;41m@%[0;1;33;93;43m;[0;1;31;91;41mXXXXSSSS%%%[0;30;41m.[0m
[0;1;30;90;41m;[0;1;31;91;41mX@@@8888[0;31;43m88[0;31;5;41;101m8[0;35;5;41;101m8[0;1;30;90;43m8[0;33;47m8[0;37;5;43;103m8@@X[0;33;5;43;103m@[0;37;5;43;103mS[0;33;5;43;103m%X[0;1;30;90;43m@[0;1;31;91;41m@@X[0;1;30;90;43mt[0;1;31;91;41mSXXXSSSS%%%[0;30;41m.[0m
[0;1;30;90;41m;[0;1;31;91;41mXX@@@888[0;1;30;90;43m8[0;33;5;43;103mX[0;37;43mX[0;37;5;43;103mXX@@[0;37;43m@[0;1;30;90;43m8[0;33;5;43;103m@[0;37;5;43;103mS[0;33;5;43;103mtXS%[0;33;41m@[0;1;31;91;41m@@[0;33;41m@[0;1;30;90;43mt[0;1;31;91;41mXXXSSSS%%%[0;30;41m.[0m
[0;1;30;90;41m:[0;1;31;91;41mXX@@@@8[0;33;41m@[0;1;33;93;43mS[0;33;5;43;103mS[0;37;5;43;103mS[0;33;5;43;103mX@[0;1;30;90;43m88[0;1;31;91;41m888[0;1;30;90;43m8[0;33;5;43;103m;::;S[0;33;41m8[0;1;31;91;41mXX[0;1;30;90;43m;[0;33;41m8[0;1;31;91;41mXSSSSS%%%[0;30;41mt[0m
[0;30;41m@[0;1;31;91;41mXXX@@@@8@[0;1;30;90;43m88[0;1;31;91;41m8[0;33;41m8[0;1;31;91;41m888[0;31;43m@[0;1;30;90;43m8[0;1;33;93;43mt@[0;33;5;43;103m@:;;[0;1;33;93;43m@[0;33;41m@[0;1;31;91;41mX[0;31;43m8[0;1;30;90;43m;[0;1;31;91;41mSSSSS%%%%[0;30;41m8[0m
 [0;1;31;91;41mXXXXX@@@@@88888[0;1;33;93;43mt[0;33;5;43;103m%:::S@;;%[0;1;30;90;43m;[0;31;43mt[0;1;33;93;43m:[0;33;41mS[0;1;31;91;41mSSSSS%%%%[0m 
 [0;1;30;90;41m:[0;1;31;91;41mXXXXX@@@@@@@@X[0;33;5;43;103mX::;[0;1;33;93;43m;[0;1;30;90;43m%[0;33;5;43;103m%;;[0;1;33;93;43m%[0;1;31;91;41mS%SSSSSS%%%%[0;30;41m:[0m 
  [0;1;31;91;41mSXXXXXXXX@@@@@[0;33;41mX[0;33;5;43;103mt;[0;1;33;93;43m%[0;33;41mX[0;31;43m%[0;1;33;93;43m@[0;33;5;43;103m;;[0;1;33;93;43mt[0;1;31;91;41mSSSSSSS%%%%t[0m  
  [0;30;41m8[0;1;31;91;41mSXXXXXXXXXXX[0;33;41mX[0;1;33;93;43mt[0;33;5;43;103m;%[0;1;30;90;43mt[0;1;31;91;41mSS[0;31;43m%[0;1;33;93;43m%[0;33;5;43;103mX;X[0;1;30;90;43m:[0;33;41mX[0;1;31;91;41mSSS%%%%%[0;30;41m8[0m  
   [0;30;41mS[0;1;31;91;41mSSSXXXX[0;33;41m8[0;31;43m@%[0;1;30;90;43m;[0;33;5;43;103mS@[0;31;43mt[0;1;30;90;43m;[0;33;41mS[0;1;31;91;41mXXXSS[0;31;43m8[0;33;5;43;103mt%[0;1;30;90;43m:[0;1;31;91;41m;%%%%%%[0;30;41mS[0m   
    [0;30;41mX[0;1;31;91;41mSSSSSS[0;33;41m8[0;1;30;90;43m:[0;1;33;93;43m@[0;1;30;90;43m:[0;1;33;93;43mt[0;31;43m@[0;1;31;91;41mXSSSSSSS[0;31;43m8[0;33;5;43;103mt[0;1;33;93;43m@[0;31;43m@[0;1;31;91;41mt%%%%t[0;30;41mX[0m    
     [0;31;40m8[0;1;31;91;41mtSSSSSS%S%SSSSSS[0;1;30;90;43m:.[0;1;33;93;43m%[0;33;5;43;103m%X[0;31;43m;[0;1;31;91;41m%%%%%;[0;31;40m8[0m     
       [0;1;30;90;41m.[0;1;31;91;41mSSSSSSSSSSSSSSt[0;33;41mS88t%[0;1;31;91;41m%%%t[0;30;41m:[0m       
        [0;31;40m8[0;1;31;91;41m:%%%%%%%%%%%%%%%%%%tt.[0;31;40m8[0m        
          [0;30;41m8[0;1;31;91;41m:%%%%%%%%%%%%%ttt.[0;30;41m8[0m          
             [0;30;41m:[0;1;31;91;41m%%%%%%tttttt[0;30;41m:[0m             
               [0;30;41m8 [0;1;31;91;41mtttttt [0;30;41m8[0m               
                  [0;30;41m8;;8[0m                  
