[0;1;30;90;43m.[0;1;33;93;43m8888[0;33;5;43;103m88888888888888888888[0;1;33;93;43m888@@@@@@XXXXX[0;1;30;90;43m [0m
[0;1;33;93;43m%[0;33;5;43;103mt;;;;;;;;;;;;;;;;;;;;;;;;;tttttt%%%%SS[0;1;30;90;43m [0m
[0;1;33;93;43m%[0;33;5;43;103m;;;;;;;;;;;;::::;;;;;;;;;;;;ttttt%%%SS[0;1;30;90;43m [0m
[0;1;33;93;43m%[0;33;5;43;103m;;;;;;;;;;;;;;;;;;;;;;;tttttttt%%%%%%S[0;1;33;93;43mt[0m
[0;1;33;93;43mS[0;33;5;43;103m;;;;;[0;1;33;93;43m%[0;1;31;91;41m@@88888888888@[0;33;41m8[0;1;31;91;41m@@@XXXXXSSS[0;1;33;93;43m.[0;33;5;43;103mt%%%%[0;1;33;93;43mt[0m
[0;1;33;93;43mS[0;33;5;43;103m;;;;:[0;1;33;93;43m%[0;1;31;91;41m88888888888[0;1;30;90;43m88[0;33;5;43;103mtt[0;1;33;93;43mX[0;31;43m8[0;1;31;91;41m@@XXXXXSS[0;1;33;93;43m.[0;33;5;43;103mtt%%%[0;1;33;93;43mt[0m
[0;1;33;93;43mS[0;33;5;43;103m;;;;:%[0;1;31;91;41m8888[0;33;41m8[0;31;5;41;101m8888[0;1;30;90;43m8888[0;33;5;43;103mt:[0;1;33;93;43m@S[0;1;31;91;41mX[0;33;41m@[0;1;30;90;43m%[0;1;31;91;41m%XXXSS[0;1;33;93;43m:[0;33;5;43;103mtt%%%[0;1;33;93;43mt[0m
[0;1;33;93;43mS[0;33;5;43;103m;;;::%[0;1;31;91;41m88[0;33;41m8[0;37;43mX[0;33;5;43;103m@[0;37;43m@[0;35;5;40;100m%[0;35;5;41;101m88[0;33;5;40;100m%[0;1;30;90;43m8[0;37;43mX[0;37;5;43;103mS[0;33;5;43;103mXSt;[0;33;41mX[0;1;33;93;43mS[0;1;30;90;43mS[0;1;31;91;41mXXXXXS[0;1;33;93;43m:[0;33;5;43;103mtt%%%[0;1;33;93;43mt[0m
[0;1;33;93;43mS[0;33;5;43;103m;;;::%[0;1;31;91;41m88[0;33;41m8[0;37;43mX[0;33;5;43;103mX[0;37;5;43;103m@8[0;1;33;93;47m88[0;37;5;43;103m@@@XS%[0;33;5;43;103m:[0;1;30;90;43m@[0;1;31;91;41mS[0;1;30;90;43mS[0;1;31;91;41mXXXXXXS[0;1;33;93;43m:[0;33;5;43;103mtt%%%[0;1;33;93;43mt[0m
[0;1;33;93;43mS[0;33;5;43;103m;;;::%[0;1;31;91;41m888[0;31;5;41;101m88[0;33;5;40;100m%[0;37;43m8[0;33;47m8[0;37;5;43;103m8@XXSS[0;33;5;43;103m;[0;1;33;93;43mt[0;33;41m8[0;31;43mX8[0;1;31;91;41m@XXXXXS[0;1;33;93;43m:[0;33;5;43;103mtt%%%[0;1;33;93;43mt[0m
[0;1;33;93;43m%[0;33;5;43;103m;;;::%[0;1;31;91;41m8888[0;1;30;90;43m8[0;1;31;91;41m8[0;31;43m8[0;37;43m@[0;37;5;43;103m@XXX[0;33;5;43;103m%%@[0;1;31;91;41m@8[0;33;41m8[0;31;43m%[0;1;31;91;41m@XXXXXS[0;1;33;93;43m:[0;33;5;43;103mtt%%%[0;1;30;90;43m [0m
[0;1;30;90;43m:[0;33;5;43;103m;;;;:t[0;1;31;91;41m8888[0;1;33;93;43mX[0;33;5;43;103mX[0;37;5;43;103mXX[0;33;5;43;103m@[0;1;30;90;43m88[0;1;33;93;43m@[0;33;5;43;103m:%t[0;1;33;93;43m:[0;1;31;91;41m@@[0;1;30;90;43mS[0;33;41mX[0;1;31;91;41mXXXXSS[0;1;33;93;43mS[0;33;5;43;103mtt%%%[0;1;30;90;43m [0m
[0;1;30;90;43m:[0;33;5;43;103m;;;;;;[0;1;31;91;41m888[0;33;41m8[0;1;30;90;43m8[0;33;5;43;103mX[0;1;30;90;43m88[0;1;31;91;41m888[0;31;43m@[0;1;33;93;43mS[0;33;5;43;103mt::[0;1;33;93;43mt[0;1;31;91;41mXS[0;1;30;90;43mt[0;1;31;91;41mXXXXSX[0;33;5;43;103mtt%%%%[0;1;30;90;43m.[0m
 [0;33;5;43;103m;;;;;;[0;1;31;91;43m8[0;1;31;91;41m@@8@@888[0;1;30;90;43m8[0;33;5;43;103m%::[0;1;33;93;43m8[0;33;5;43;103m;;X[0;1;30;90;43m%[0;31;43m%@[0;1;31;91;41mXXXSS[0;1;31;91;43m8[0;33;5;43;103mtt%%%S[0m 
 [0;1;30;90;43m.[0;33;5;43;103m;;;;;;[0;1;31;91;41m8@@@@@@@[0;1;30;90;43mX[0;33;5;43;103m::[0;1;30;90;43mSS[0;33;5;43;103mt;[0;1;33;93;43m;[0;1;31;91;41mXSXXXSS@[0;33;5;43;103m%t%%%%[0;1;30;90;43m [0m 
  [0;33;5;43;103mt;;;;;%[0;1;31;91;41m@X@@@@@[0;33;41m8[0;33;5;43;103mtX[0;31;43m88[0;33;5;43;103m@;S[0;31;43m8[0;33;41mX[0;1;31;91;41mXSSSX[0;33;5;43;103mSt%%%%S[0m  
  [0;1;30;90;43m.[0;33;5;43;103m;;;;;;%[0;1;31;91;41m@XX[0;33;41m8[0;31;43m@[0;1;30;90;43mt[0;33;5;43;103mS[0;1;33;93;43mt[0;1;30;90;43mt[0;1;31;91;41mSXS[0;33;41mX[0;31;43m;[0;33;5;43;103m%[0;1;33;93;43m%[0;1;31;91;41mtSSX[0;33;5;43;103mSt%%%%S[0;1;30;90;43m.[0m  
   [0;1;30;90;43m.[0;33;5;43;103mt;;;;;t[0;31;43m8[0;33;41mS[0;31;43mS[0;1;33;93;43mt[0;31;43mtX[0;1;31;91;41mXXXXSS[0;31;43mS[0;33;5;43;103mt[0;31;43mt[0;1;31;91;41m%S[0;33;41m8[0;33;5;43;103m%%%%%%S[0;1;30;90;43m [0m   
    [0;1;30;90;43m:[0;33;5;43;103mtttt;;;[0;1;33;93;43m:[0;1;31;91;41m@XXXXSS%[0;1;30;90;43m::[0;1;33;93;43mS[0;1;30;90;43m.[0;1;31;91;41m%X[0;1;31;91;43m8[0;33;5;43;103m%%%%%SS[0;1;30;90;43m.[0m    
     [0;1;30;90;43m.[0;33;5;43;103mSttttttt[0;1;31;91;43m8[0;1;31;91;41mXSSSSSSSSS[0;1;31;91;43m8[0;33;5;43;103m%%%%%%S@[0;31;43m8[0m     
       [0;1;30;90;43m.[0;33;5;43;103mtttttttt[0;1;33;93;43m.[0;33;41m8[0;1;31;91;41mSSSS@[0;1;31;91;43m8[0;33;5;43;103m%%%%%%SS[0;1;30;90;43m [0m       
        [0;31;43m8[0;1;33;93;43m@[0;33;5;43;103m%%%%%%%%S[0;1;31;91;43m88[0;33;5;43;103mX%%%%%SSS[0;1;33;93;43mX[0;31;43m8[0m        
          [0;1;30;90;43m.[0;1;33;93;43m@[0;33;5;43;103m%%%%%%%%%%%%SSSS[0;1;33;93;43mX[0;1;30;90;43m [0m          
             [0;1;30;90;43m [0;33;5;43;103mSSSSSSSSSSSS[0;1;30;90;43m [0m             
               [0;1;30;90;43m.[0;1;33;93;43mS[0;33;5;43;103mSSSSSS[0;1;33;93;43mS[0;1;30;90;43m [0m               
                  [0;1;30;90;43m    [0m                  
