[0;31;43mX[0;1;31;91;43m888888888888888888888888888888888888[0;31;43mtt@[0m
[0;31;43m%[0;1;33;93;43m.....::::::::::::::::::.......[0;1;31;91;43m88888888[0;31;43mS[0m
[0;31;43m%[0;1;33;93;43m...:::::[0;1;30;90;43mS[0;33;5;43;103m;;;::::;;[0;1;33;93;43m;::::::......[0;31;43mt[0;1;31;91;43m888888[0;31;43mS[0m
[0;31;43m%[0;1;33;93;43m.:::::;:[0;1;30;90;43mX[0;33;5;43;103m:::::::::::;[0;1;33;93;43m:::::....[0;1;31;91;43m8[0;31;43m8[0;1;31;91;43m888888[0;31;43mS[0m
[0;31;43mt[0;1;33;93;43m::::;[0;33;5;43;103m;:[0;1;30;90;43m@@[0;33;5;43;103m:::....::::::;[0;1;33;93;43m::::...[0;31;43m@S[0;1;33;93;43m.[0;1;31;91;43m88888[0;31;43mS[0m
[0;31;43mt[0;1;33;93;43m:::;[0;33;5;43;103m::[0;1;33;93;43m:[0;30;5;40;100m8[0;33;5;43;103m:..........::::;[0;1;33;93;43m::::.[0;1;31;91;43m8[0;31;40mS[0;1;31;91;43m8[0;1;33;93;43m.[0;1;31;91;43m88888[0;31;43mS[0m
[0;31;43mt[0;1;33;93;43m:::[0;33;5;43;103m;::[0;1;30;90;43m8[0;33;5;40;100m8[0;33;5;43;103m...[0;37;5;43;103mXXXXX[0;33;5;43;103m....::::[0;1;33;93;43m;:::.[0;31;43m@[0;31;40m@[0;1;33;93;43m...[0;1;31;91;43m8888[0;31;43mS[0m
[0;31;43mt[0;1;33;93;43m::;[0;33;5;43;103m::[0;1;33;93;43m:[0;30;5;40;100m8[0;1;30;90;43m8[0;33;5;43;103m..[0;37;5;43;103mX@@@@@XX[0;33;5;43;103m..::::;[0;1;33;93;43m:::[0;1;31;91;43m8[0;31;40m%[0;33;41m8[0;1;33;93;43m..[0;1;31;91;43m88888[0;31;43mS[0m
[0;31;43mt[0;1;33;93;43m::[0;33;5;43;103m;::[0;1;30;90;43m8[0;1;30;90;40m8[0;1;30;90;43m88[0;33;5;40;100mX%[0;37;5;43;103m@888@@X[0;33;5;43;103m.[0;1;33;93;43m;;[0;33;5;43;103m:::;[0;1;33;93;43m:::[0;31;43m8[0;34;40m:[0;31;43m@X[0;1;30;90;41m8[0;31;40mt[0;1;31;91;43m8888[0;31;43mS[0m
[0;31;43mt[0;1;33;93;43m::[0;33;5;43;103m;:[0;1;33;93;43m.[0;1;30;90;40m88[0;30;5;40;100m8@X[0;1;30;90;43m8[0;37;5;43;103m@@8@@@X[0;33;5;43;103m.[0;1;30;90;43m8[0;33;5;43;103m.:::;[0;1;33;93;43m::.[0;31;40m%[0;34;40m:[0;31;40m:[0;34;40m..[0;33;41m8[0;1;31;91;43m8888[0;31;43mS[0m
[0;31;43mt[0;1;33;93;43m::;[0;33;5;43;103m:[0;1;30;90;43m@[0;1;30;90;40m8[0;33;5;40;100m8[0;1;30;90;43m8[0;30;5;40;100mX[0;31;5;40;100mS[0;33;5;43;103m:[0;37;5;43;103mXX@@XX[0;33;5;43;103m.[0;1;33;93;43m;[0;33;5;40;100m8[0;33;5;43;103m::::;[0;1;33;93;43m::[0;31;43m8[0;31;40m;8[0;31;43m8[0;31;40mS;[0;1;31;91;43m88888[0;31;43mS[0m
[0;31;43mS[0;1;33;93;43m::::[0;1;30;90;43mX[0;1;33;93;43m;[0;33;5;43;103m:[0;1;33;93;43m.[0;30;5;40;100m8[0;1;30;90;43m8[0;33;5;43;103m........[0;33;5;40;100m8[0;1;30;90;43m8[0;33;5;43;103m:::;[0;1;33;93;43m:::[0;31;43mt[0;1;31;91;43m8[0;1;33;93;43m.[0;1;31;91;43m8[0;31;40m:[0;31;43m8[0;1;31;91;43m88888[0;31;43m@[0m
[0;33;41m8[0;1;33;93;43m::::[0;33;5;43;103m;::[0;1;30;90;43m@[0;31;5;40;100mX[0;33;5;43;103m:.......[0;1;33;93;43m:[0;1;30;90;40m8[0;1;33;93;43m.[0;33;5;43;103m::;[0;1;33;93;43m::::...[0;31;43m@[0;31;40m%[0;1;31;91;43m888888[0;33;41m8[0m
 [0;1;33;93;43m.::::;[0;33;5;43;103m;[0;31;5;40;100m8[0;1;30;90;43mX[0;33;5;43;103m::::::::[0;33;5;40;100m8[0;30;5;40;100m8[0;33;5;43;103m::[0;1;33;93;43m;[0;1;31;91;43m8[0;1;33;93;43m:::....[0;30;41m8[0;31;43mX[0;1;31;91;43m888888[0m 
 [0;31;43mS[0;1;33;93;43m.::::[0;1;31;91;43m8[0;31;5;40;100mX[0;33;5;43;103m;;::::::[0;1;31;91;43m8[0;1;30;90;40mX[0;31;5;40;100mS[0;1;30;90;43mSS[0;31;40mX[0;31;43m@[0;1;33;93;43m::....[0;1;31;91;43m8[0;31;40m8[0;1;31;91;43m888888[0;31;43mS[0m 
  [0;1;33;93;43m...::[0;31;43m@[0;1;31;91;43m8[0;1;33;93;43m::::;;;;[0;31;5;40;100mX[0;1;30;90;40m%[0;34;40m;;;[0;31;40mX[0;1;33;93;43m.:.....[0;31;43m@%[0;1;31;91;43m888888[0m  
  [0;33;41m8[0;1;33;93;43m....[0;31;43m@[0;1;33;93;43m::::::::[0;1;31;91;43m8[0;31;40m;8[0;31;43m8[0;1;30;90;41m8[0;34;40m:[0;31;43mS[0;1;33;93;43m.......[0;31;43m8[0;1;31;91;43m888888[0;33;41m8[0m  
   [0;31;43m8[0;1;33;93;43m..[0;1;31;91;43m88[0;1;33;93;43m....::::[0;1;31;91;43m88[0;1;33;93;43m..[0;31;40m88[0;1;33;93;43m.......[0;1;31;91;43m8888888[0;31;43m8[0m   
    [0;31;43m8[0;1;33;93;43m..............[0;1;31;91;43m8[0;31;40m:[0;31;43mt[0;1;33;93;43m....[0;1;31;91;43m888888888[0;31;43m8[0m    
     [0;1;30;90;41m8[0;1;31;91;43m8[0;1;33;93;43m............[0;31;43m8[0;1;30;90;41m8[0;1;33;93;43m...[0;1;31;91;43m8888888888[0;30;41m@[0m     
       [0;31;43mS[0;1;31;91;43m888[0;1;33;93;43m.......[0;1;31;91;43m8[0;30;41m8[0;1;31;91;43m888888888888[0;31;43mS[0m       
        [0;30;41m@[0;1;31;91;43m8888888888[0;33;41m8[0;1;31;91;43m88888888888[0;30;41m@[0m        
          [0;33;41m@[0;1;31;91;43m8888888[0;31;43m@[0;1;31;91;43m8888888888[0;33;41m@[0m          
             [0;31;43mS[0;1;31;91;43m8888[0;31;43m%[0;1;31;91;43m8888888[0;31;43mX[0m             
               [0;33;41m8[0;31;43m%[0;1;31;91;43m888888[0;31;43m%[0;33;41m8[0m               
                  [0;33;41m@[0;31;43mXX[0;33;41m8[0m                  
