[0;1;30;90;41m88888[0;31;5;40;100m@@@@[0;33;5;40;100m88888888888[0;31;5;40;100m@@@@[0;1;30;90;41m8888888[0;33;5;40;100m8[0;1;30;90;47m%[0;1;37;97;47mS.[0;31;5;40;100mX[0;1;30;90;41m888[0;30;41m8[0m
[0;1;30;90;41m8[0;1;30;90;43mSSSSXX@@@888888888@@@XXXSSSSSS[0;33;5;40;100m:[0;1;37;97;47m8.[0;33;5;40;100m8[0;33;41m8888[0;1;30;90;41m8[0m
[0;1;30;90;41m8[0;1;30;90;43mSSXX@@888888888888888@@XXSSSSSSS[0;31;43m88[0;33;5;40;100m8[0;1;30;90;47mS[0;33;5;40;100m:8[0;1;30;90;41m8[0m
[0;1;30;90;41m8[0;1;30;90;43mSXX@8888888[0;33;5;40;100m88888[0;1;30;90;43m8888888@[0;33;5;40;100m8[0;37;5;40;100m88[0;33;5;40;100m.S[0;1;30;90;43mSSSS[0;1;30;90;47m8[0;37;5;47;107mX8[0;1;30;90;47m8[0;33;5;40;100m.[0;1;30;90;41m8[0m
[0;1;30;90;41m8[0;1;30;90;43mX@@88888[0;33;5;40;100m8@@XXXXX@@8[0;1;30;90;43m8888[0;1;30;90;47m@[0;37;5;47;107m%tt[0;1;37;97;47m@[0;1;30;90;47mX[0;33;5;40;100m:[0;1;30;90;43mSSS[0;1;37;97;47m%[0;37;5;47;107mSX[0;1;37;97;47m [0;33;5;40;100m8[0;1;30;90;41m8[0m
[0;31;5;40;100mX[0;1;30;90;43mX@8888[0;33;5;40;100m8@@XXSSSSSSXX@8[0;1;30;90;43m8[0;1;30;90;47m:[0;37;5;47;107m;%[0;1;37;97;47m88[0;1;30;90;47mt[0;1;30;90;43mXS@[0;37;5;40;100m8[0;1;37;97;47mt[0;37;5;47;107mS[0;1;37;97;47m8[0;1;30;90;47mS[0;33;5;40;100m8[0;33;41m8[0;1;30;90;41m8[0m
[0;31;5;40;100mX[0;1;30;90;43m@8888[0;33;5;40;100m8@XXS%ttttt%%SX;[0;1;37;97;47mX[0;37;5;47;107m;[0;1;37;97;47mS[0;33;5;40;100m@[0;1;30;90;43m8@XX[0;33;5;40;100m;[0;37;5;47;107m8%[0;1;37;97;47m%[0;33;5;40;100m [0;1;30;90;43mS[0;31;43m88[0;33;41m8[0;1;30;90;41m8[0m
[0;31;5;40;100mX[0;1;30;90;43m@8888[0;33;5;40;100m8@XS%t;:::;tt%S[0;1;37;97;47m8[0;37;5;47;107m;[0;1;37;97;47m;[0;33;5;40;100m8[0;1;30;90;43m88@@X[0;33;5;40;100m%[0;1;30;90;47m:[0;33;5;40;100m.[0;1;30;90;43mSSS[0;31;43m88[0;33;41m8[0;1;30;90;41m8[0m
[0;31;5;40;100mX[0;1;30;90;43m@8888[0;33;5;40;100m@XX%t;:. .:;t%SSX8[0;1;30;90;43m8[0;33;5;40;100mS[0;1;37;97;47m.[0;33;5;40;100mX[0;1;30;90;43m@XSSSSSS[0;31;43m88[0;33;41m8[0;1;30;90;41m8[0m
[0;31;5;40;100mX[0;1;30;90;43m@8888[0;33;5;40;100m@XXS%t;:. [0;1;30;90;47mSXS[0;33;5;40;100mtSX@@[0;1;37;97;47m%[0;37;5;47;107mS[0;1;37;97;47mt[0;1;30;90;47m@[0;33;5;40;100m8[0;1;30;90;43mXSSSSSS[0;31;43m88[0;33;41m8[0;1;30;90;41m8[0m
[0;31;5;40;100mX[0;1;30;90;43m@8888[0;33;5;40;100m8@XS%%t;[0;1;37;97;47m%[0;37;5;47;107m: :[0;1;30;90;47m%[0;1;37;97;47m@[0;33;5;40;100mX@8;[0;37;5;47;107m;;;[0;1;30;90;47mX[0;1;30;90;43m8XSSSSS[0;31;43m888[0;33;41m8[0;1;30;90;41m8[0m
[0;1;30;90;41m8[0;1;30;90;43m@@8888[0;33;5;40;100m8@XXS;[0;1;37;97;47m8[0;37;5;47;107m ..S[0;1;30;90;47mt[0;33;5;40;100mX@X[0;1;30;90;47m@[0;1;37;97;47m8[0;37;5;47;107m;8[0;1;30;90;47m%[0;1;30;90;43m@XXSSSSS[0;31;43m888[0;33;41m8[0;30;41m8[0m
[0;31;40m8[0;1;30;90;43mX@@8888[0;33;5;40;100m8@@[0;37;5;40;100m8[0;37;5;47;107m@.[0;1;37;97;47m:[0;33;5;40;100m%XX@@[0;1;30;90;47m;[0;37;5;47;107m%;[0;1;37;97;47mS[0;1;30;90;47m8[0;1;30;90;43m8@XXSSSSSS[0;31;43m88[0;33;41m88[0;31;40m@[0m
 [0;1;30;90;43mXX@@88888[0;33;5;40;100m.[0;37;5;47;107m;;[0;1;30;90;47m:[0;33;5;40;100m@@888[0;1;30;90;43m8[0;1;37;97;47m;%[0;33;5;40;100m.[0;1;30;90;43m88@XXSSSSSS[0;31;43m888[0;33;41m88[0m 
 [0;1;30;90;41m8[0;1;30;90;43mXX@@88888[0;33;5;40;100m.X[0;1;30;90;43m88[0;1;30;90;47mS8[0;1;30;90;43m888888@@XXSSSSSS[0;31;43m888[0;33;41m88[0;1;30;90;41m8[0m 
  [0;1;30;90;43mSSX[0;33;5;40;100m8S;S[0;1;30;90;43m8888[0;33;5;40;100mS[0;1;37;97;47mS%[0;1;30;90;47m8@[0;1;30;90;43m88@@@XXSSSSSSS[0;31;43m888[0;33;41m888[0m  
  [0;31;40m@[0;1;30;90;43m8[0;1;37;97;47m.[0;37;5;47;107m8[0;1;37;97;47m8[0;1;30;90;47m.88[0;1;30;90;43m@@@[0;1;30;90;47m.[0;37;5;47;107mtt[0;1;37;97;47m@[0;37;5;40;100m8[0;1;30;90;43m@@XXXSSSSSSSS[0;31;43m888[0;33;41m888[0;31;40m@[0m  
   [0;37;5;40;100mS[0;37;5;47;107m%tt8[0;33;5;40;100m@[0;1;30;90;43mXX@[0;37;5;40;100m8[0;37;5;47;107m@t8[0;37;5;40;100m8[0;1;30;90;43mXXXSSSSSSSSSS[0;31;43m888[0;33;41m888[0;31;40m8[0m   
    [0;33;5;40;100m;@8[0;1;30;90;43mSS@[0;1;30;90;47m;[0;37;5;47;107mX%[0;1;37;97;47mt[0;33;5;40;100m.[0;1;30;90;43mSSSSSSSSSSSSS[0;31;43m888[0;33;41m8888[0;31;40m8[0m    
     [0;31;40mS[0;31;43m8[0;1;30;90;43mSS[0;33;5;40;100m:[0;37;5;47;107m8[0;1;37;97;47m;[0;33;5;40;100mX[0;1;30;90;43mSSSSSSSSSSSS[0;31;43m8888[0;33;41m8888[0;1;30;90;41m8[0;31;40mS[0m     
       [0;1;30;90;41m8[0;1;30;90;43mSSSSSSSSSSSSSS[0;31;43m88888[0;33;41m88888[0;1;30;90;41m8[0m       
        [0;31;40mS[0;1;30;90;41m8[0;31;43m88888888888888[0;33;41m888888[0;1;30;90;41m8[0;31;40mS[0m        
          [0;31;40mX[0;1;30;90;41m8[0;33;41m8[0;31;43m8888[0;33;41m88888888888[0;1;30;90;41m8[0;31;40mX[0m          
             [0;1;30;90;41m8[0;33;41m888888888888[0;1;30;90;41m8[0m             
               [0;31;40m@[0;1;30;90;41m8[0;33;41m888888[0;1;30;90;41m8[0;31;40m@[0m               
                  [0;31;40mX[0;30;41m88[0;31;40m@[0m                  
