[0;1;30;90;45m:...:::::;;;;[0;1;37;97;47mt88888888888@;[0;1;30;90;45m......       [0m
[0;1;30;90;45m:::[0;1;35;95;45mSSSSSSSSXX[0;1;37;97;47m8[0;37;5;47;107m;S[0;1;37;97;47m8[0;37;5;47;107mtttttt[0;1;37;97;47m8[0;37;5;47;107mXt[0;1;37;97;47m8[0;1;30;90;45m::......     [0m
[0;1;30;90;45m:[0;1;35;95;45mSSSSSSXXXXXX[0;1;37;97;47m8[0;37;5;47;107m;[0;1;37;97;47m8[0;33;47m8[0;37;5;47;107m;;;;tt[0;33;47m8[0;1;37;97;47mX[0;37;5;47;107mt[0;1;37;97;47m8[0;1;35;95;45mS[0;1;30;90;45m:::.....   .[0m
[0;1;30;90;45m:[0;1;35;95;45mSSSSXXXXX@@@[0;1;37;97;47m8t[0;33;47m8[0;37;43m8[0;1;37;97;47m8[0;37;5;47;107m;;;;[0;1;37;97;47m8[0;1;30;90;43m8[0;37;43m8[0;1;30;90;47m [0;1;37;97;47m8[0;1;35;95;45mSS[0;1;30;90;45m:::....   .[0m
[0;1;30;90;45m:[0;1;35;95;45mSSSXXXX@@@@8[0;1;37;97;47m8[0;1;30;90;47m:[0;33;47m8[0;1;30;90;43m8[0;33;47mS[0;37;5;47;107m:::;[0;1;30;90;47m [0;1;30;90;43m88[0;1;30;90;47mS[0;1;37;97;47m8[0;1;35;95;45mSSS[0;1;30;90;45m::.....  .[0m
[0;1;30;90;45m:[0;1;35;95;45mSSXXXX@@8888[0;37;5;47;107mS8[0;1;30;90;47mt[0;33;47m88[0;37;5;47;107m%.:S[0;37;43m@[0;1;30;90;43m8[0;37;5;40;100m8[0;1;37;97;47mX8[0;1;35;95;45mSSSS[0;1;30;90;45m::....  .[0m
[0;1;30;90;45m:[0;1;35;95;45mSSXXX@@88888[0;37;5;47;107mS.[0;1;30;90;47m:[0;1;37;97;47m;tX[0;37;5;47;107m..[0;1;37;97;47mS[0;33;47mS[0;1;30;90;47m X[0;37;5;47;107mt[0;1;37;97;47m8[0;1;35;95;45mSSSSS[0;1;30;90;45m:..... .[0m
[0;1;30;90;45m:[0;1;35;95;45mSXXX@@888888[0;37;5;47;107mS ; X[0;33;47m8[0;37;5;47;107m..[0;33;47m8[0;1;37;97;47m8[0;37;5;47;107m:S;[0;1;37;97;47m8[0;1;35;95;45mSSSSS[0;1;30;90;45m::.... .[0m
[0;1;30;90;45m:[0;1;35;95;45mSXXX@@88888[0;35;47m8[0;37;5;47;107m%    [0;1;33;93;47mX[0;1;37;97;47m88[0;33;47m@[0;37;5;47;107m::;;[0;1;37;97;47m8[0;1;35;95;45mSSSSS[0;1;30;90;45m::.... .[0m
[0;1;30;90;45m:[0;1;35;95;45mSXXX@@88888[0;37;45m@[0;37;5;47;107mS    [0;1;37;97;47m8t[0;1;33;93;47m%[0;1;37;97;47mX[0;37;5;47;107m::;;[0;1;37;97;47m8[0;1;35;95;45mSSSSS[0;1;30;90;45m::.... .[0m
[0;1;30;90;45m:[0;1;35;95;45mSXXX@@@88888[0;37;5;47;107mS    :[0;33;47m88[0;37;5;47;107mt::;;[0;1;37;97;47m8[0;1;35;95;45mSSSSS[0;1;30;90;45m:..... .[0m
[0;1;30;90;45m;[0;1;35;95;45mSSXXX@@@8888[0;37;5;47;107mS    .[0;1;30;90;47m  [0;37;5;47;107m::;;;[0;1;37;97;47m8[0;1;35;95;45mSSSS[0;1;30;90;45m::..... .[0m
[0;1;30;90;45m:[0;1;35;95;45mSSSXXX@@@@88[0;37;5;47;107mX....:[0;33;47m8[0;37;43m8[0;37;5;47;107mt;;;t[0;1;37;97;47m8[0;1;35;95;45mSSSS[0;1;30;90;45m:.....  .[0m
 [0;1;35;95;45mSSSSXXXX@@@@[0;1;37;97;47m8[0;37;5;47;107m::::[0;1;37;97;47m@[0;33;47m88[0;1;37;97;47mS[0;37;5;47;107m;;tt[0;1;37;97;47m8[0;1;35;95;45mSSS[0;1;30;90;45m::.....  [0m 
 [0;1;30;90;45m:[0;1;35;95;45mSSSSSXXXXXX[0;1;37;97;47m8[0;37;5;47;107m;;;;[0;33;47mX[0;1;37;97;47mSS[0;33;47m8[0;37;5;47;107mtttt[0;1;37;97;47m8[0;1;35;95;45mSS[0;1;30;90;45m::.....  .[0m 
  [0;1;30;90;45m:[0;1;35;95;45mSSSSSSXXXX[0;1;37;97;47m8[0;37;5;47;107m;;;8[0;37;43m@[0;37;5;47;107mS%[0;1;30;90;43m8[0;1;37;97;47m8[0;37;5;47;107mttt[0;1;37;97;47m8[0;1;30;90;45m:::.....   [0m  
  [0;35;5;40;100m8[0;1;30;90;45m:[0;1;35;95;45mSSSSSSSSS[0;1;37;97;47m8[0;37;5;47;107mttt[0;1;30;90;47m  [0;37;5;47;107mtt[0;1;30;90;47m .[0;37;5;47;107mttt[0;1;37;97;47m8[0;1;30;90;45m:......   .[0m  
   [0;1;30;90;45m:::[0;1;35;95;45mSSSSSSS[0;1;37;97;47m8[0;37;5;47;107m8X[0;1;37;97;47mt[0;1;30;90;43m@[0;1;37;97;47m;[0;37;5;47;107mtt[0;1;37;97;47mt[0;1;30;90;43mX[0;1;37;97;47m:[0;37;5;47;107m@[0;1;37;97;47m88[0;1;30;90;45m......   .[0m   
    [0;1;30;90;45m:::::::[0;1;35;95;45mSS[0;1;37;97;47m8[0;1;30;90;43m88[0;1;30;90;47mS:[0;1;37;97;47m8[0;37;5;47;107mtt[0;1;37;97;47m8[0;1;30;90;47mtS[0;1;30;90;43m88[0;1;37;97;47m8[0;1;30;90;45m....    .[0m    
     [0;34;40m8[0;1;30;90;45m...::::[0;1;37;97;47m8.[0;1;30;90;47m;[0;37;5;47;107m@[0;1;37;97;47m:[0;1;30;90;47m;[0;37;5;47;107mSS[0;1;30;90;47m; [0;37;5;47;107m8[0;1;30;90;47mt.[0;1;37;97;47m8[0;1;30;90;45m..     [0;34;40m8[0m     
       [0;1;30;90;45m:.....[0;1;37;97;47m8[0;37;5;47;107m%[0;33;5;40;100m:[0;1;37;97;47m@[0;1;30;90;47m [0;1;30;90;43mX[0;1;37;97;47m:;[0;1;30;90;43mX[0;1;30;90;47m [0;1;37;97;47mX[0;33;5;40;100m.[0;37;5;47;107mX[0;1;37;97;47m8[0;1;30;90;45m     .[0m       
        [0;34;40m8[0;1;30;90;45m....[0;1;37;97;47m8[0;37;5;47;107mS[0;33;5;40;100m%[0;1;30;90;43m8[0;1;30;90;47m :[0;1;37;97;47m88[0;1;30;90;47m; [0;1;30;90;43m8[0;33;5;40;100mS[0;37;5;47;107mX[0;1;37;97;47m@[0;1;30;90;45m    [0;34;40m8[0m        
          [0;1;30;90;40m8[0;1;30;90;45m  [0;1;37;97;47m@[0;37;5;47;107mX[0;1;30;90;47mS[0;1;37;97;47m;[0;37;5;47;107mXXXXXX[0;1;37;97;47mt[0;1;30;90;47mX[0;37;5;47;107m@[0;1;37;97;47mX[0;1;30;90;45m  [0;34;40m8[0m          
             [0;1;30;90;47m%[0;37;5;47;107m@@@@@@@@@@@8[0;1;30;90;47m%[0m             
               [0;37;5;40;100mS[0;1;37;97;47m;[0;37;5;47;107m@@@@@@[0;1;37;97;47mt[0;37;5;40;100mS[0m               
                  [0;36;5;40;100m [0;1;30;90;47mtt[0;36;5;40;100m [0m                  
