[0;1;30;90;47mt[0;1;37;97;47m@@@888888888888888888888@@@@@XXXSSS%%%[0;1;30;90;47mS[0m
[0;1;37;97;47m:[0;37;5;47;107m%ttttttttttttttttttttttttt%%%%SSSXXX@@[0;1;37;97;47m [0m
[0;1;37;97;47m;[0;37;5;47;107mttttt[0;1;37;97;47m8[0;37;5;40;100m8[0;1;30;90;47m888888[0;1;37;97;47m.[0;37;5;47;107m;;;;tttttt[0;1;30;90;47m;[0;37;5;40;100m8@[0;33;5;40;100m     [0;1;37;97;47m8[0;37;5;47;107mSXX@@[0;1;37;97;47m [0m
[0;1;37;97;47m;[0;37;5;47;107mttttt[0;33;5;40;100m%[0;31;43m8[0;1;30;90;43mSXX@@@8[0;1;37;97;47mX[0;37;5;47;107m;;;;;;tt[0;1;37;97;47mt[0;33;41m88888888[0;33;5;40;100m@[0;37;5;47;107mXSXX@[0;1;37;97;47m [0m
[0;1;37;97;47m;[0;37;5;47;107mtttt[0;1;37;97;47m:[0;1;30;90;43mSX@@88888[0;33;5;40;100m.[0;37;5;47;107m:::;;;;t[0;33;5;40;100m;[0;31;43m88[0;33;41m888[0;31;43m8[0;33;41m888[0;1;30;90;47m.[0;37;5;47;107mSXXX[0;1;37;97;47m.[0m
[0;1;37;97;47m;[0;37;5;47;107mtttt[0;37;5;40;100m8[0;1;30;90;43mX@8888888[0;33;5;40;100m8[0;37;5;47;107mS.:::;;X[0;31;5;40;100m8[0;33;41m8[0;31;43m8[0;33;41m8888888[0;33;5;40;100m [0;37;5;47;107mSSXX[0;1;37;97;47m.[0m
[0;1;37;97;47m;[0;37;5;47;107mttt;[0;33;5;40;100m:[0;1;30;90;43m@888888888[0;1;37;97;47m8[0;37;5;47;107m...::;[0;1;37;97;47m@[0;1;30;90;43mX[0;31;43m888888[0;33;41m8[0;31;43m8[0;33;41m8[0;33;5;40;100mX[0;37;5;47;107mSSXX[0;1;37;97;47m.[0m
[0;1;37;97;47m;[0;37;5;47;107mttt;[0;33;5;40;100m;[0;1;30;90;43m@888888888[0;1;37;97;47m8[0;37;5;47;107m...:::[0;1;37;97;47m@[0;1;30;90;43mX[0;31;43m888888[0;33;41m8[0;31;43m8[0;33;41m8[0;33;5;40;100mX[0;37;5;47;107mSSXX[0;1;37;97;47m.[0m
[0;1;37;97;47m;[0;37;5;47;107mtt;;[0;37;5;40;100m@[0;1;30;90;43m8888[0;33;5;40;100m@XSt;t[0;37;5;47;107mS....::@[0;33;5;40;100m8[0;1;30;90;43mS[0;31;43m8[0;33;41m8888888[0;33;5;40;100m.[0;37;5;47;107mSSSX[0;1;37;97;47m.[0m
[0;1;37;97;47m;[0;37;5;47;107mtt;;[0;1;37;97;47m [0;1;30;90;43m888888888[0;37;5;40;100m8[0;37;5;47;107m.....::;[0;33;5;40;100m%[0;31;43m8@8888[0;33;41m888[0;1;30;90;47m;[0;37;5;47;107mSSXX[0;1;37;97;47m.[0m
[0;1;37;97;47m:[0;37;5;47;107mttt;%[0;33;5;40;100m@[0;1;30;90;43m88888888[0;1;37;97;47mS[0;37;5;47;107m....::;;[0;1;37;97;47m [0;31;43m8888[0;33;41m8[0;31;43m8[0;33;41m88[0;33;5;40;100m8[0;37;5;47;107mXSSXX[0;1;37;97;47m [0m
[0;1;30;90;47m;[0;37;5;47;107mttt;;[0;1;37;97;47mS[0;33;5;40;100mSS%t;;:[0;1;30;90;47m;[0;37;5;47;107m....::;;;t[0;37;5;40;100m8[0;33;5;40;100m8888888[0;1;37;97;47m%[0;37;5;47;107mSSSXX[0;1;30;90;47mt[0m
[0;37;5;40;100mS[0;37;5;47;107mtttt;;;;;::::::[0;1;37;97;47mXtt;;;:S[0;37;5;47;107mttttttt%%%SSSXX[0;37;5;40;100mS[0m
 [0;37;5;47;107mtttttt;;;;;;;:[0;1;37;97;47m;[0;1;30;90;43m8@@XXS[0;31;43m88[0;1;37;97;47m:[0;37;5;47;107mttttt%%%SSSXX@[0m 
 [0;1;30;90;47m.[0;37;5;47;107mttttttt;;;;;t[0;33;5;40;100m8[0;1;30;90;43mXXS[0;31;43m88888[0;33;5;40;100m8[0;37;5;47;107m%ttt%%%SSSXXX[0;1;30;90;47m.[0m 
  [0;37;5;47;107mSttttttttttt[0;1;37;97;47mt[0;31;43m8888888[0;33;41m888[0;1;37;97;47m:[0;37;5;47;107mtt%%%SSSXXX8[0m  
  [0;36;5;40;100m [0;37;5;47;107mttttttttttt[0;1;30;90;47mt[0;33;41m888[0;31;43m8[0;33;41m88[0;31;43m8[0;33;41m888[0;1;30;90;47mS[0;37;5;47;107m%%%%SSSXXX@[0;36;5;40;100m [0m  
   [0;37;5;40;100m8[0;37;5;47;107m%ttttttttt[0;1;30;90;47mX[0;31;43m8[0;33;41m88[0;31;43m8[0;33;41m88[0;31;43m8[0;33;41m88[0;31;43m8[0;1;30;90;47m8[0;37;5;47;107m%%SSSSXXX@[0;37;5;40;100m8[0m   
    [0;37;5;40;100m8[0;37;5;47;107m%%%%ttttt[0;1;30;90;47mt[0;33;41m888[0;31;43m8[0;33;41m888888[0;1;30;90;47m%[0;37;5;47;107mSSSSXXX@@[0;37;5;40;100m8[0m    
     [0;36;5;40;100m.[0;37;5;47;107m8%%%%%%%[0;1;37;97;47mt[0;33;41m888888888@[0;1;37;97;47m%[0;37;5;47;107mSSXXXX@[0;1;37;97;47m8[0;36;5;40;100m.[0m     
       [0;1;30;90;47m [0;37;5;47;107mSSS%%%S[0;33;5;40;100m8[0;33;41m8[0;31;43m8[0;33;41m888888[0;33;5;40;100mX[0;37;5;47;107mXXXXX@@[0;1;30;90;47m.[0m       
        [0;36;5;40;100m.[0;1;37;97;47m@[0;37;5;47;107mSSSSS[0;1;37;97;47mt[0;33;41m88888888[0;1;37;97;47m%[0;37;5;47;107mXX@@@[0;1;37;97;47mX[0;36;5;40;100m.[0m        
          [0;36;5;40;100m [0;1;37;97;47mX[0;37;5;47;107mXXXX[0;1;37;97;47m8SSSSSS8[0;37;5;47;107m@@@@[0;1;37;97;47mS[0;36;5;40;100m [0m          
             [0;1;30;90;47m.[0;37;5;47;107m@@@@@@@@@@@8[0;1;30;90;47m.[0m             
               [0;37;5;40;100mS[0;1;37;97;47m;[0;37;5;47;107m@@@@@@[0;1;37;97;47mt[0;37;5;40;100mS[0m               
                  [0;36;5;40;100m [0;1;30;90;47mtt[0;36;5;40;100m [0m                  
