[0;1;30;90;43m.[0;1;33;93;43m;@[0;33;5;43;103m@8[0;1;33;93;43m;@%%[0;33;5;43;103m@8[0;1;33;93;43m%S[0;1;30;90;43mt[0;32;40mt[0;1;30;90;40m88[0;34;40m:[0;32;40m:[0;1;30;90;40m8[0;32;40mS:[0;34;40m:[0;32;40mS[0;1;30;90;40m8[0;32;40m;[0;1;30;90;43m:[0;1;33;93;43m%t[0;33;5;43;103m88[0;1;33;93;43mttS[0;1;30;90;43m [0;1;33;93;43m@[0;33;5;43;103m8[0;1;33;93;43mS[0;1;30;90;43m  [0m
[0;33;41mt[0;31;5;41;101m8[0;1;31;91;43m8[0;33;5;43;103mt[0;1;31;91;43m8[0;31;5;41;101m888[0;33;5;41;101m8[0;33;5;43;103m%%[0;33;5;41;101m@[0;31;5;41;101m8[0;33;41m8[0;33;5;43;103m%::[0;1;30;90;43m%[0;1;33;93;43m@[0;33;5;43;103m:;[0;1;33;93;43m8[0;1;30;90;43mt[0;33;5;43;103m;;%[0;33;41m8[0;31;5;41;101m88[0;1;33;93;43m%[0;33;5;43;103mS[0;33;5;41;101m8[0;31;5;41;101m8[0;1;31;91;41m88[0;1;31;91;43m8[0;33;5;43;103mS[0;1;31;91;43m8[0;1;31;91;41m8[0;33;41m;[0m
[0;1;33;93;43m@[0;33;5;43;103m%[0;1;33;93;43mt[0;33;5;43;103m%[0;1;33;93;43m%[0;33;5;43;103m%;t[0;1;33;93;43m%[0;33;5;43;103m%%%;[0;1;30;90;43mSSSS[0;33;5;40;100m8[0;1;30;90;43mX%%S[0;30;5;40;100mX[0;1;30;90;43mt;;;[0;33;5;43;103mt[0;1;33;93;43m%[0;33;5;43;103mSS[0;1;33;93;43mt[0;33;5;43;103m%%[0;1;33;93;43mS;X:XS[0m
[0;1;33;93;43mX.[0;1;31;91;43m8[0;33;5;41;101m8@[0;1;31;91;43m8[0;33;5;43;103mt%[0;1;31;91;43m8888[0;33;5;43;103mt[0;1;30;90;43m@[0;33;5;40;100m8[0;1;30;90;43m@8[0;1;30;90;40m@@[0;1;30;90;43mXS[0;1;30;90;40m@S[0;1;30;90;43mSt[0;1;30;90;40m8[0;1;30;90;43mt[0;33;5;43;103m%[0;1;31;91;43m8[0;33;5;41;101m88[0;1;31;91;43m8[0;1;33;93;43m%[0;33;5;43;103m%[0;1;31;91;43m8[0;33;5;41;101m8[0;31;5;41;101m8[0;1;31;91;43m88[0;1;33;93;43mS[0m
[0;1;30;90;43m:[0;1;33;93;43m.%[0;33;5;43;103mt%[0;1;33;93;43m:%tt[0;33;5;43;103m;;[0;1;33;93;43m%[0;33;5;43;103m%[0;1;30;90;43m88[0;30;5;40;100m8[0;33;5;40;100m8[0;1;30;90;43m88[0;30;5;40;100mSS[0;1;30;90;43mXS[0;33;5;40;100m8[0;1;30;90;40mX[0;1;30;90;43m%t[0;1;33;93;43m;.[0;33;5;43;103m%%[0;1;33;93;43m:.;[0;1;31;91;43m8[0;1;33;93;43mS[0;33;5;43;103mS[0;1;33;93;43mt[0;1;31;91;43m8[0;31;43mt[0m
[0;31;43m8[0;1;31;91;43m8[0;1;33;93;43m;[0;33;5;43;103m;%[0;1;31;91;43m888[0;1;33;93;43m:[0;33;5;43;103m::[0;1;33;93;43m;[0;1;31;91;43m8[0;33;5;43;103m;X[0;1;30;90;43m8[0;33;5;43;103mS[0;37;5;43;103mS[0;33;5;43;103mX[0;1;30;90;43m88[0;33;5;43;103m8S8[0;1;30;90;43mX[0;33;5;43;103m@S[0;1;31;91;43m88[0;33;5;43;103m%t[0;1;31;91;43m8888[0;1;33;93;43m%[0;33;5;43;103m%[0;1;33;93;43m:[0;1;31;91;43m8[0;31;43m8[0m
[0;1;33;93;43mX.[0;1;31;91;43m8[0;1;33;93;43m.[0;1;31;91;43m88[0;33;5;43;103m;t[0;1;31;91;43m8[0;1;33;93;43m::[0;37;43mX[0;37;5;43;103mX@[0;1;30;90;43m8[0;33;5;40;100mSX[0;37;43mXX[0;33;5;40;100m88[0;1;30;90;43m8@@[0;1;30;90;40m@[0;1;30;90;43mS[0;33;5;43;103m8%[0;1;31;91;43m8888[0;1;33;93;43mt[0;33;5;43;103m%[0;1;31;91;43m88888[0;1;33;93;43m%[0m
[0;1;33;93;43m8[0;33;5;43;103m%[0;1;33;93;43m:.:[0;33;5;43;103mt::ttt[0;37;5;43;103mX%[0;37;43m@[0;33;5;40;100m%[0;36;5;40;100mt[0;33;5;40;100m%X@[0;30;5;40;100m@8[0;33;5;40;100m88[0;1;30;90;40m8X[0;30;5;40;100mS[0;1;30;90;43m%[0;33;5;43;103mt[0;1;33;93;43mt[0;1;31;91;43m88[0;1;33;93;43m;[0;33;5;43;103m%t[0;1;33;93;43mS[0;1;31;91;43m888[0;33;5;43;103mX[0;1;33;93;43m@[0m
[0;31;43m8[0;33;5;41;101m8[0;1;31;91;43m8[0;33;5;43;103mt[0;1;33;93;43m.[0;33;5;41;101m@[0;1;31;91;43m888[0;37;5;43;103mSX[0;1;31;91;43m8[0;37;43m@[0;33;5;40;100mt[0;33;47m8[0;37;5;43;103m88[0;33;5;40;100mS[0;1;30;90;43m8[0;33;5;43;103m88[0;1;30;90;43m8[0;33;5;40;100m8[0;1;33;93;43m8[0;33;5;43;103m8[0;1;30;90;43mSS[0;1;31;91;43m8[0;33;5;41;101m8[0;33;5;43;103mS%[0;33;5;41;101m88[0;1;31;91;43m8[0;31;5;41;101m8[0;1;31;91;43m8[0;33;5;43;103mS[0;1;31;91;43m8[0;31;5;41;101m8[0;33;41m8[0m
[0;1;30;90;43m;[0;33;5;43;103m%t:;ttt;[0;37;5;43;103m.:X@[0;1;30;90;43m8[0;33;47m8[0;37;5;43;103m8[0;37;43m@[0;1;30;90;43m8[0;37;43mX[0;1;33;93;43m88[0;1;30;90;43m88@[0;33;5;43;103m8[0;1;33;93;43mX[0;1;30;90;43mS[0;33;5;43;103mS%;;%[0;1;33;93;43m%%[0;33;5;43;103mS%tS[0;1;33;93;43m%[0;1;30;90;43m [0m
[0;1;33;93;43mS[0;1;31;91;43m8[0;31;5;41;101m8[0;33;5;41;101m8[0;31;5;41;101m@[0;33;5;41;101m@[0;33;5;43;103m;[0;1;33;93;43m;[0;31;5;41;101mX[0;33;5;41;101mXSX[0;37;5;43;103mX[0;1;30;90;43m8[0;33;5;40;100mS[0;37;43m@@[0;30;5;40;100mS[0;33;5;40;100mX[0;1;33;93;43m8@[0;33;5;40;100m8[0;1;30;90;40m8[0;1;30;90;43m@XXS[0;1;33;93;43mt[0;31;5;41;101m8888[0;1;31;91;43m8[0;33;5;43;103m%[0;31;5;41;101m8[0;1;31;91;41m8[0;31;5;41;101m8[0;1;31;91;41m8[0;33;5;41;101m8[0;1;30;90;43m [0m
[0;1;30;90;43m:[0;33;5;43;103m8[0;1;33;93;43mXSX[0;33;5;43;103m@XX@@@X[0;37;5;43;103mX[0;1;30;90;43m8[0;33;5;40;100mX@@@8888888[0;30;5;40;100m@[0;1;30;90;43m%[0;33;5;43;103m@[0;1;33;93;43m8%%@[0;33;5;43;103m888[0;1;33;93;43m%t%8[0;1;30;90;43m [0m
[0;32;40m:[0;1;30;90;43mt%%[0;1;30;90;40mS[0;33;5;40;100m8[0;1;30;90;43mX@[0;30;5;40;100m8S[0;1;30;90;43m88[0;33;5;40;100m8[0;1;30;90;43m8[0;33;5;43;103mtt[0;37;5;43;103m%[0;33;5;43;103m;%t%[0;1;33;93;43mt[0;33;5;43;103mt;%[0;1;33;93;43mt[0;1;30;90;43mt[0;1;30;90;40m8[0;1;30;90;43mt;[0;32;40mSt[0;1;30;90;43m::[0;1;30;90;40m8[0;32;40m.[0;1;30;90;43m:..[0;32;40m.[0m
 [0;33;5;43;103m8%@[0;1;30;90;43m%[0;33;5;43;103mX%X[0;1;30;90;43mX[0;1;33;93;43m@[0;33;5;43;103mXS@[0;1;30;90;43m8[0;1;31;91;43m8[0;1;33;93;43m:[0;33;5;43;103m;t[0;1;31;91;43m8888[0;33;5;43;103m%t[0;1;31;91;43m88[0;31;43m8[0;33;5;43;103m8@@[0;1;33;93;43mS[0;1;30;90;43m:[0;33;5;43;103m8X8[0;1;30;90;43m:[0;33;5;43;103m8@[0;1;33;93;43m8[0m 
 [0;1;30;90;43m::;[0;32;40m;[0;1;30;90;43m%t%[0;30;5;40;100mS[0;33;5;40;100m8[0;1;30;90;43mSX@X[0;33;5;43;103m%[0;1;31;91;43m8[0;1;33;93;43m:.[0;1;31;91;43m8[0;33;5;43;103mtt[0;1;31;91;43m88[0;1;33;93;43m.[0;1;31;91;43m8[0;1;33;93;43m%[0;1;30;90;43m;;::[0;1;30;90;40m8[0;32;40mX[0;1;30;90;43m..:[0;34;40m.[0;1;30;90;43m. .[0m 
  [0;1;30;90;43m;[0;1;30;90;40m8[0;34;40m:[0;32;40m%[0;1;30;90;43mt[0;33;5;40;100m8[0;34;40m;;[0;1;30;90;43mSS[0;1;30;90;40mX[0;1;30;90;43m%[0;33;5;43;103mt[0;1;33;93;43m:[0;1;31;91;43m88[0;1;33;93;43m;[0;33;5;43;103mtt[0;1;33;93;43m;[0;1;31;91;43m888[0;33;5;43;103m%[0;1;30;90;43m:[0;32;40m:[0;1;30;90;43m;;[0;34;40m..[0;33;5;40;100m8[0;1;30;90;43m:[0;32;40mt[0;34;40m.[0;32;40mS[0;1;30;90;43m.[0m  
  [0;32;40m.[0;1;30;90;43m:[0;1;33;93;43mS[0;1;30;90;43m:[0;1;30;90;40m8[0;1;30;90;43mt[0;1;33;93;43mXX[0;1;30;90;43m%[0;33;5;40;100m8[0;1;30;90;43mt[0;1;33;93;43m:[0;1;31;91;43m88[0;33;5;43;103m%[0;1;33;93;43m%[0;1;31;91;43m888[0;33;5;41;101m@[0;1;33;93;43m;[0;33;5;43;103m%[0;1;31;91;43m8[0;33;5;41;101m8[0;1;30;90;43m::[0;33;5;40;100m8[0;1;30;90;43m:[0;1;33;93;43mSS[0;1;30;90;43m:[0;32;40mS[0;1;30;90;43m  .[0;32;40m.[0m  
   [0;1;30;90;43m:[0;33;5;43;103m8[0;1;30;90;43m:;:[0;1;33;93;43mX[0;1;30;90;43m::t;[0;33;5;43;103m%[0;1;33;93;43mt[0;33;5;43;103m%;t%[0;1;33;93;43mtt[0;33;5;43;103mSt;%[0;1;33;93;43mt[0;33;5;43;103mS[0;1;30;90;43m.:..[0;1;33;93;43mX[0;1;30;90;43m.. [0;33;5;43;103m8[0;1;30;90;43m.[0m   
    [0;33;5;40;100m8[0;1;30;90;43m:[0;32;40m;[0;1;30;90;40m8[0;1;30;90;43m::[0;32;40m%t[0;1;30;90;43m:[0;1;33;93;43m8[0;1;31;91;43m8[0;31;5;41;101m8888[0;33;5;43;103mSS[0;31;5;41;101m8888[0;1;31;91;43m8[0;1;33;93;43m8[0;1;30;90;43m.[0;32;40mt%[0;1;30;90;43m. [0;32;40m8.[0;1;30;90;43m [0;32;40m8[0m    
     [0;32;40m:..XS:;%[0;1;33;93;43mS[0;33;5;43;103mtSSS%ttSSSS%[0;1;33;93;43mS[0;32;40m%:.%S  :[0m     
       [0;1;30;90;43m.:.[0;33;5;43;103mtt[0;1;33;93;43m@[0;33;41mt[0;1;31;91;41m8[0;31;5;41;101m8[0;33;5;43;103mS[0;1;33;93;43m.[0;1;31;91;41m8888[0;1;31;91;43m8[0;33;5;43;103mS[0;31;5;41;101m8[0;1;31;91;41m8[0;33;41mt[0;1;33;93;43mS[0;33;5;43;103m%%[0;1;30;90;43m . [0m       
        [0;32;40m%[0;1;30;90;43m:..:.[0;33;5;43;103mSS%SSSSSSSXS[0;1;30;90;43m..  .[0;32;40mt[0m        
          [0;32;40m@[0;1;30;90;43m.[0;32;40m;[0;1;30;90;43m [0;1;31;91;43m8[0;1;31;91;41m888[0;31;5;41;101m8[0;1;33;93;43m%%[0;1;31;91;41m8888[0;1;31;91;43m8[0;1;30;90;43m [0;32;40m:[0;1;30;90;43m.[0;32;40m@[0m          
             [0;1;30;90;43m.[0;1;33;93;43mtS[0;33;5;43;103mSS[0;1;33;93;43mtSS;[0;33;5;43;103mXS[0;1;33;93;43m%;[0;1;30;90;43m [0m             
               [0;30;41mS[0;1;33;93;43m;t[0;1;31;91;43m8[0;1;31;91;41m88[0;31;43m8[0;1;33;93;43m;t[0;30;41mS[0m               
                  [0;1;30;90;43m    [0m                  
