[0;34;40m......:::::::::::::::::...........    [0;1;30;90;40mX[0;37;5;40;100m%[0m
[0;34;40m..::::[0;1;30;90;40mS%[0;34;40m;;;;;[0;1;30;90;40m%%%%XX[0;34;40m;;;:::::.........:[0;37;5;40;100mX[0;37;5;47;107m8[0;1;37;97;47m [0m
[0;34;40m.::::;[0;36;5;40;100m.[0;37;5;40;100m@[0;36;5;40;100m [0;1;30;90;40mXSSXXX8[0;36;5;40;100m [0;37;5;40;100m8[0;36;5;40;100m.[0;1;30;90;40mSS[0;34;40m;;;:::::......[0;36;5;40;100m:[0;1;37;97;47mX[0;37;5;47;107m@@[0;1;37;97;47m [0m
[0;34;40m.::;;[0;1;30;90;40mS[0;36;5;40;100m.[0;1;30;90;47m8[0;37;5;40;100m88S@88S8[0;1;30;90;47m8@[0;36;5;40;100m [0;1;30;90;40m@XSS[0;34;40m;;;::::...[0;1;30;90;40m8[0;1;30;90;47m [0;37;5;47;107mSXX@[0;1;37;97;47m [0m
[0;34;40m.:;;;[0;1;30;90;40m@[0;36;5;40;100m.[0;1;30;90;47mXXXXXSSS%%%[0;36;5;40;100m [0;30;5;40;100m8[0;1;30;90;40m@@XS%[0;34;40m;;::::;[0;1;30;90;47m8[0;37;5;47;107mXSSXXX[0;1;37;97;47m.[0m
[0;34;40m:;;;[0;1;30;90;40mSX[0;37;5;40;100m8[0;1;30;90;47m@@S%%%%ttS%[0;37;5;40;100m8[0;1;30;90;40m888@XS%[0;34;40m;;::[0;36;5;40;100m [0;37;5;47;107m8%%SSSXX[0;1;37;97;47m.[0m
[0;34;40m:;;[0;1;30;90;40mSXX[0;36;5;40;100m [0;1;30;90;47mXS8[0;37;5;40;100m8[0;1;30;90;47mSt%[0;37;5;40;100mX[0;1;30;90;47m:tt[0;37;5;40;100mS[0;30;5;40;100m88[0;1;30;90;40m88@XS[0;34;40m;;[0;30;5;40;100mS[0;1;37;97;47mt[0;37;5;47;107mtt%%%SSXX[0;1;37;97;47m.[0m
[0;34;40m:;[0;1;30;90;40mS@8[0;30;5;40;100m8@[0;36;5;40;100m.[0;1;30;90;47m8ttSt%::@[0;36;5;40;100m ;[0;30;5;40;100mS@8[0;1;30;90;40m8@XS8[0;1;30;90;47m%[0;37;5;47;107mtttt%%%SSXX[0;1;37;97;47m.[0m
[0;34;40m:;[0;1;30;90;40mS@88[0;30;5;40;100m88%[0;37;5;40;100m8[0;1;30;90;47mttS:.8[0;36;5;40;100m.;t[0;30;5;40;100mSX@[0;1;30;90;40m88@[0;37;5;40;100mX[0;37;5;47;107mXttttt%%%SSSX[0;1;37;97;47m.[0m
[0;34;40m:;[0;1;30;90;40m%X8[0;30;5;40;100m8888@[0;36;5;40;100mt [0;37;5;40;100m8[0;36;5;40;100m .tttt[0;30;5;40;100mSX8[0;1;30;90;40m8[0;36;5;40;100m [0;1;37;97;47m@[0;37;5;47;107m;;ttttt%%%SSXX[0;1;37;97;47m.[0m
[0;34;40m:;;[0;1;30;90;40mSX@88[0;30;5;40;100m88@XXSSSSX@@8S[0;1;37;97;47m [0;37;5;47;107m;;;;ttttt%%%SSXX[0;1;37;97;47m [0m
[0;34;40m.;;[0;1;30;90;40m%SX@88[0;30;5;40;100m888@@@@@888[0;1;30;90;47m@[0;37;5;47;107m%%[0;1;37;97;47mt[0;1;30;90;47m:%SSt[0;1;37;97;47m:[0;37;5;47;107mtt%%SSSXX[0;1;30;90;47mt[0m
[0;34;40m.:;;[0;1;30;90;40m%SX@@888[0;30;5;40;100m888888[0;36;5;40;100m [0;37;5;47;107m8:;%[0;1;30;90;47m8[0;1;30;90;43m8@@X@[0;1;30;90;47m.[0;1;37;97;47mSt[0;37;5;47;107m8%SSSXX[0;37;5;40;100mS[0m
 [0;34;40m::;;[0;1;30;90;40m%SXX@@88888[0;36;5;40;100m%[0;1;37;97;47m;[0;37;5;47;107m:;;;;t[0;33;5;40;100mt[0;1;30;90;43m@XX[0;33;5;40;100m X[0;1;30;90;47m8t[0;33;5;40;100m%[0;1;30;90;47m8[0;37;5;47;107mSSXX@[0m 
 [0;34;40m.::;;;[0;1;30;90;40m%SSXXXX8[0;1;30;90;47m@[0;37;5;47;107m%;;;;;tt[0;33;5;40;100mS[0;1;30;90;43mXX[0;31;43m8[0;33;5;40;100m8X[0;37;5;47;107m%%[0;1;37;97;47mt[0;1;30;90;43mX[0;37;5;47;107mSXXX[0;1;30;90;47m.[0m 
  [0;34;40m::::;;;;[0;1;30;90;40m%SS[0;36;5;40;100m [0;37;5;47;107m8;;;;tttt[0;1;37;97;47m;[0;1;30;90;43mX[0;31;43m8888[0;33;5;40;100mt[0;37;5;47;107mS[0;1;37;97;47m:[0;33;5;40;100m8[0;1;30;90;47m:[0;37;5;47;107mXXX8[0m  
  [0;34;40m.::::::;;[0;30;5;40;100m@[0;1;37;97;47m:[0;37;5;47;107mttttttttt8[0;1;30;90;43m8[0;31;43m88888[0;1;30;90;43m8[0;37;5;40;100m@[0;33;5;40;100m;[0;1;37;97;47m@[0;37;5;47;107mXXX@[0;36;5;40;100m [0m  
   [0;34;40m..::::[0;1;30;90;40mS[0;1;30;90;47m@[0;37;5;47;107m%tttttttttt[0;33;5;40;100m:[0;31;43m888888[0;33;41m8[0;33;5;40;100m8[0;37;5;47;107m@XXX@[0;37;5;40;100m8[0m   
    [0;34;40m...:[0;36;5;40;100m [0;37;5;47;107m8ttttttttttt[0;1;37;97;47m8[0;31;43m8888888[0;33;41m88[0;1;37;97;47mt[0;37;5;47;107mX@@[0;37;5;40;100m8[0m    
     [0;34;40m [0;30;5;40;100m8[0;1;37;97;47m;[0;37;5;47;107m%%%%%%%%%%%%%8[0;1;30;90;43mX[0;31;43m888888[0;33;41m88[0;1;37;97;47mX[0;37;5;47;107m@[0;1;37;97;47m8[0;36;5;40;100m.[0m     
       [0;1;30;90;47m [0;37;5;47;107mSSS%%%%%%%SSSS[0;1;37;97;47mt[0;33;5;40;100mt[0;31;43m888[0;33;41m88[0;33;5;40;100m%[0;1;37;97;47m.[0;37;5;47;107m@[0;1;30;90;47m.[0m       
        [0;36;5;40;100m.[0;1;37;97;47m@[0;37;5;47;107mSSSSSSSSSSSXXX8[0;1;37;97;47m@SX[0;37;5;47;107m8@[0;1;37;97;47mX[0;36;5;40;100m.[0m        
          [0;36;5;40;100m [0;1;37;97;47mX[0;37;5;47;107mXXXXXXXXXXXX@@@@[0;1;37;97;47mS[0;36;5;40;100m [0m          
             [0;1;30;90;47m.[0;37;5;47;107m@@@@@@@@@@@8[0;1;30;90;47m.[0m             
               [0;37;5;40;100mS[0;1;37;97;47m;[0;37;5;47;107m@@@@@@[0;1;37;97;47mt[0;37;5;40;100mS[0m               
                  [0;36;5;40;100m [0;1;30;90;47mtt[0;36;5;40;100m [0m                  
