[0;1;30;90;46m:...::::;;;;;;;;;;;;:::::........       [0m
[0;1;30;90;46m:::[0;1;36;96;46mSSSSS[0;36;5;40;100m8[0;1;30;90;46mS[0;1;36;96;46mS[0;1;30;90;46mS[0;1;30;90;40m8[0;1;30;90;46mS[0;1;36;96;46mXXXXXSSSSSSSS[0;1;30;90;46m::......     [0m
[0;1;30;90;46m:[0;1;36;96;46mSSSSSSS[0;36;5;40;100m8[0;1;30;90;46mS[0;1;36;96;46mX[0;1;30;90;46m88XX@X[0;1;36;96;46mXXXXXSSSSSS[0;1;30;90;46m:::.....   .[0m
[0;1;30;90;46m:[0;1;36;96;46mSSSSX[0;1;30;90;46m%[0;36;5;40;100m8[0;1;30;90;46mX[0;1;36;96;46mX[0;1;30;90;46m@[0;36;5;40;100m8[0;1;36;96;46m@@[0;36;5;40;100m8[0;1;30;90;46m8[0;1;36;96;46m@[0;1;30;90;46m@[0;1;30;90;47m8[0;36;42m@[0;1;30;90;46mXS[0;1;36;96;46mX[0;1;30;90;46m%t[0;1;36;96;46mSSSS[0;1;30;90;46m:::....   .[0m
[0;1;30;90;46m:[0;1;36;96;46mSSSXX[0;1;30;90;46mX[0;36;5;40;100m8[0;1;36;96;46mX@[0;36;5;40;100m8[0;1;30;90;46m8[0;1;36;96;46m8[0;1;30;90;46m8[0;36;5;40;100m8[0;1;36;96;46m8[0;1;30;90;46m8[0;1;30;90;47mX[0;37;5;47;107m;[0;1;37;97;47mt[0;36;5;40;100m [0;1;30;90;42m@[0;1;30;90;46mX[0;32;46m@8[0;1;30;90;46m%t[0;1;36;96;46mSSS[0;1;30;90;46m::.....  .[0m
[0;1;30;90;46m:[0;1;36;96;46mSSXXXX[0;1;30;90;46m8[0;36;5;40;100m88@[0;37;46mS[0;1;30;90;46m8[0;36;5;40;100mX[0;1;30;90;46m8[0;1;36;96;46m88[0;1;37;97;47mt[0;37;5;47;107m:S[0;1;30;90;47m%[0;1;30;90;42m8[0;1;30;90;46m@X[0;1;36;96;46mX[0;1;30;90;46m%[0;1;36;96;46mSSSSS[0;1;30;90;46m::....  .[0m
[0;1;30;90;46m:[0;1;36;96;46mSSXXX@8[0;1;37;97;47mS[0;36;5;40;100m @[0;1;30;90;46m88[0;37;46m@[0;1;36;96;46m88[0;1;36;96;47mS[0;1;30;90;46m8[0;1;37;97;47m [0;37;5;47;107m8X[0;36;47m8[0;1;36;96;46m@@XXXSSSSS[0;1;30;90;46m:..... .[0m
[0;1;30;90;46m:[0;1;36;96;46mSXXX@@[0;1;37;97;47m8[0;1;30;90;47mS[0;1;37;97;47mt[0;37;46m@[0;1;36;96;46m88[0;1;36;96;47mX[0;37;5;47;107mX: :  ..t[0;1;37;97;47m8[0;1;36;96;46m@XXSSSSS[0;1;30;90;46m::.... .[0m
[0;1;30;90;46m:[0;1;36;96;46mSXXX@@[0;1;30;90;46m8[0;37;5;40;100mX[0;37;5;47;107mt[0;1;37;97;47m8[0;1;36;96;47mS[0;1;37;97;47m8[0;37;5;47;107m:      ..::[0;1;37;97;47m8[0;1;36;96;46mXXSSS[0;1;30;90;46m:[0;1;36;96;46mS[0;1;30;90;46m::.... .[0m
[0;1;30;90;46m:[0;1;36;96;46mSXXX@[0;1;30;90;46m8[0;30;5;40;100mS[0;37;46mS[0;1;37;97;47m8[0;37;5;47;107m:..:[0;1;37;97;47m8[0;37;5;47;107m.    ..tt;[0;1;37;97;47m8[0;1;36;96;46mXSSS[0;32;46mX[0;1;30;90;46m:::.... .[0m
[0;1;30;90;46m:[0;1;36;96;46mSXXXX[0;36;5;40;100m8[0;1;30;90;46m8[0;1;36;96;46m88[0;1;36;96;47mX[0;1;37;97;47m88[0;1;36;96;47mS[0;1;36;96;46m8[0;37;5;47;107mt.  .::[0;1;36;96;47mX[0;36;47m8[0;37;5;47;107mS;[0;1;36;96;47mS[0;1;36;96;46mSS[0;1;30;90;46m;[0;36;42m;[0;1;30;90;46m::..... .[0m
[0;1;30;90;46m;[0;1;36;96;46mSSXX[0;1;30;90;46m@[0;36;5;40;100m8[0;1;36;96;46m@@888888[0;37;5;47;107mS  ..:@[0;1;36;96;46m@[0;1;37;97;47m8[0;37;5;47;107mt[0;1;37;97;47m8[0;1;36;96;46mXSS[0;36;42m8[0;1;32;92;42mt[0;36;42m%[0;1;30;90;46m:..... .[0m
[0;1;30;90;46m:[0;1;36;96;46mSSS[0;1;30;90;46mS[0;1;30;90;40m8[0;1;30;90;46mX[0;1;36;96;46m@@@@888[0;37;46mX[0;37;5;47;107m;..::t[0;1;37;97;47m88[0;37;5;47;107mS[0;1;36;96;47mS[0;1;36;96;46mXSS[0;32;46mS[0;1;32;92;42m:8:[0;1;30;90;46m:....  .[0m
 [0;1;36;96;46mSSS[0;36;5;40;100m8[0;1;30;90;46mX[0;1;36;96;46mXXX@@@@@[0;36;42m8[0;1;30;90;47m8[0;37;5;47;107mS;;X@@[0;36;47m8[0;1;36;96;46mXSSS[0;1;30;90;46m;[0;1;32;92;42m:@8:[0;36;42m8[0;1;30;90;46m:...  [0m 
 [0;1;30;90;46m:[0;1;36;96;46mS[0;1;30;90;46m%[0;30;5;40;100mX[0;1;36;96;46mSSXXXXXX[0;1;30;90;46mX[0;1;32;92;42m%%[0;1;30;90;42m@[0;36;5;40;100mt:t[0;1;30;90;42m8[0;1;30;90;46m%[0;1;36;96;46mXSSSS[0;36;42mX[0;1;32;92;42mS888@:[0;1;30;90;46m..  .[0m 
  [0;1;30;90;46m:[0;36;5;40;100m8[0;1;30;90;46m;[0;1;36;96;46mSSSSXXXX[0;1;30;90;46mS[0;1;32;92;42mtt%%[0;1;30;90;42m%[0;1;32;92;42m%[0;36;42mt[0;1;30;90;46mt[0;1;36;96;46mSSSSS[0;36;42m@[0;1;32;92;42m%t[0;36;42m88t[0;1;32;92;42m:[0;32;46m8[0;1;30;90;46m   [0m  
  [0;36;5;40;100m8[0;1;30;90;46m:[0;1;36;96;46mSSSSSSSSS[0;1;30;90;46mt[0;1;32;92;42mttt;tt[0;32;46mS[0;1;36;96;46mSSSSS[0;1;30;90;46m:[0;32;46mS[0;1;32;92;42m;[0;1;30;90;46m:...[0;32;46m8[0;36;42m@[0;1;30;90;46m  .[0m  
   [0;1;30;90;46m:::[0;1;36;96;46mSSSSSSS[0;1;30;90;46m;[0;1;32;92;42m;tt;t[0;36;42mt[0;1;30;90;46m:[0;1;36;96;46mSS[0;1;30;90;46m:::..[0;1;32;92;42m:[0;1;30;90;46m:... [0;32;46mX[0;1;30;90;46m .[0m   
    [0;1;30;90;46m:::::::[0;1;36;96;46mSS[0;1;30;90;46m:[0;1;32;92;42m;t:t;[0;36;42mX[0;1;30;90;46m::::....[0;1;32;92;42m;[0;32;46m8[0;1;30;90;46m.    .[0m    
     [0;34;40m8[0;1;30;90;46m...:::::[0;32;46m8[0;1;32;92;42m;;:t[0;36;42m;[0;1;30;90;46m........[0;1;32;92;42m:[0;36;42m8[0;1;30;90;46m    [0;34;40m8[0m     
       [0;1;30;90;46m:.......[0;36;42mS[0;1;32;92;42m;;:;[0;36;42mX[0;1;30;90;46m......[0;36;42m;[0;1;32;92;42m.[0;1;30;90;46m.  .[0m       
        [0;34;40m8[0;1;30;90;46m.......[0;36;42m8[0;1;32;92;42m;.;;:[0;36;42m%@Xt[0;1;32;92;42m.:[0;32;46m8[0;1;30;90;46m  [0;34;40m8[0m        
          [0;1;30;90;40m8[0;1;30;90;46m   .. .[0;36;42m8[0;1;32;92;42m:;:::.:[0;36;42mS[0;1;30;90;46m  [0;34;40m8[0m          
             [0;1;30;90;46m.        [0;32;46m%t[0;1;30;90;46m   [0m             
               [0;1;30;90;46m..        [0m               
                  [0;34;40m8[0;1;30;90;46m   [0m                  
