              [0;33;41m8[0;31;43m8St[0;1;31;91;43m8888[0;31;43mtS8[0;33;41m@[0m              
          [0;33;41m8[0;31;43m%[0;1;33;93;43m.:::::::::::...[0;1;31;91;43m8[0;31;43mS[0;33;41m@[0m          
        [0;31;43mX[0;1;33;93;43m:[0;33;5;43;103m;;;:::;;;[0;1;33;93;43m;::::::....[0;1;31;91;43m8[0;31;43mX[0m        
      [0;31;43mS[0;1;33;93;43m;[0;33;5;43;103m;::::::::::[0;33;5;41;101m%[0;33;5;43;103m:;[0;1;33;93;43m:::[0;1;31;91;43m8[0;1;33;93;43m:......[0;31;43mX[0m      
    [0;1;30;90;41m8[0;1;33;93;43m.[0;33;5;43;103m;::::::.[0;33;5;41;101m%[0;33;5;43;103m::::[0;31;5;41;101mX[0;1;33;93;43m.[0;33;5;43;103m::[0;1;33;93;43m;[0;33;5;41;101mX[0;1;31;91;43m8[0;1;33;93;43m::......[0;1;31;91;43m8[0;1;30;90;41m8[0m    
   [0;31;43m8[0;1;33;93;43m;[0;33;5;43;103m;::::..[0;37;5;43;103mS[0;33;5;43;103m.[0;1;31;91;43m8[0;33;5;41;101mS[0;1;31;91;43m8[0;33;5;43;103m..[0;33;5;41;101mS[0;31;5;41;101mX[0;1;33;93;43m:[0;33;5;43;103m:[0;1;31;91;43m8[0;31;5;41;101m8[0;1;33;93;43m::::[0;1;31;91;43m88[0;1;33;93;43m...[0;1;31;91;43m88[0;31;43m8[0m   
  [0;31;43m8[0;1;33;93;43m:[0;33;5;43;103m;:::.[0;1;33;93;43m:[0;33;5;41;101m%[0;1;33;93;43m.[0;33;5;43;103m.[0;37;5;43;103mXX[0;1;31;91;43m8[0;31;5;41;101mX[0;33;5;41;101mS[0;33;5;43;103m.[0;33;5;41;101mS[0;31;5;41;101m@[0;33;5;41;101m%[0;1;33;93;43m:[0;31;5;41;101m@8[0;1;33;93;43m::[0;1;31;91;43m8[0;31;5;41;101m@[0;1;31;91;43m8[0;1;33;93;43m.....[0;1;31;91;43m88[0;31;43m8[0m  
  [0;1;33;93;43m:;[0;33;5;43;103m::::...[0;33;5;41;101mtXS[0;37;5;43;103m@@[0;31;5;41;101mSX[0;33;5;41;101mS[0;31;5;41;101mXXXX8X[0;1;33;93;43m:[0;33;5;41;101mS[0;31;5;41;101m8[0;33;5;41;101mX[0;1;33;93;43m:.....[0;1;31;91;43m888[0;30;41m8[0m 
 [0;1;31;91;43m8[0;1;33;93;43m:[0;33;5;43;103m;::[0;1;33;93;43m.[0;33;5;43;103m:...[0;37;5;43;103m@@[0;33;5;41;101mS[0;35;5;41;101mX[0;33;47m8[0;37;5;43;103m@[0;31;5;41;101mSXXX@@@@88@[0;1;33;93;43m.:[0;1;31;91;43m8[0;33;5;41;101mSS[0;1;31;91;43m8[0;1;33;93;43m.[0;1;31;91;43m8888[0m 
[0;30;41m8[0;1;33;93;43m::[0;33;5;43;103m;:::[0;1;31;91;43m8[0;33;5;41;101m%S[0;31;5;41;101mXX[0;33;5;41;101mSS[0;35;5;41;101mXX[0;37;43m@[0;37;5;43;103m@[0;31;5;41;101mXXX@@@888[0;33;5;41;101mSX[0;31;5;41;101m88[0;33;5;41;101m%[0;1;33;93;43m...[0;1;31;91;43m8888[0;30;41m8[0m
[0;31;43m@[0;1;33;93;43m::;[0;33;5;43;103m::::...[0;1;31;91;43m8[0;33;5;41;101mX[0;31;5;41;101mSSSX[0;1;31;91;43m8[0;33;5;43;103m;[0;31;5;41;101mXX@@888888[0;33;5;41;101mX[0;1;31;91;43m8[0;1;33;93;43m....[0;1;31;91;43m8888[0;31;43m8[0m
[0;31;43m%[0;1;33;93;43m:::[0;33;5;43;103m;:::[0;1;31;91;43m8[0;33;5;41;101mS[0;31;5;41;101mSXXXXXXX[0;33;5;41;101mX[0;1;31;91;43m8[0;31;5;41;101m@@888888[0;33;5;41;101mXSSX@X[0;1;31;91;43m88888[0;31;43mS[0m
[0;31;43m%[0;1;33;93;43m::::[0;1;31;91;43m8[0;33;5;41;101m%S%[0;1;31;91;43m88[0;33;5;41;101m%[0;31;5;41;101mXXXXX@@@@888888888@[0;33;5;41;101mS[0;1;31;91;43m8[0;1;33;93;43m.[0;1;31;91;43m88888[0;31;43mS[0m
[0;31;43m@[0;1;33;93;43m.::::;[0;33;5;43;103m::[0;1;33;93;43m:[0;33;5;41;101mS[0;31;5;41;101m@@@@@@@@888888888[0;33;5;41;101mS[0;1;31;91;43m8[0;1;33;93;43m...[0;1;31;91;43m888888[0;31;43m8[0m
[0;30;41m8[0;1;33;93;43m..:::::[0;1;31;91;43m8[0;31;5;41;101m@@[0;33;5;41;101mSS[0;31;5;41;101m@888888888888888[0;1;31;91;41m8[0;31;5;41;101m8@[0;33;5;41;101mX[0;1;31;91;43m888888[0;30;41m8[0m
 [0;1;31;91;43m8[0;1;33;93;43m..::[0;1;31;91;43m8[0;33;5;41;101mSS[0;1;31;91;43m8[0;1;33;93;43m::[0;31;5;41;101m@88888888888888[0;1;31;91;43m8[0;1;33;93;43m.[0;1;31;91;43m8[0;1;33;93;43m..[0;1;31;91;43m8888888[0m 
  [0;1;33;93;43m.....::::[0;33;5;41;101mS[0;31;5;41;101m8[0;33;5;41;101mS[0;1;33;93;43m.[0;31;5;41;101m@88@88888[0;1;33;93;43mt[0;1;31;91;43m8[0;31;5;41;101m88X[0;1;31;91;43m888888888[0;30;41m8[0m 
  [0;31;43m8[0;1;33;93;43m.......[0;1;31;91;43m8[0;31;5;41;101m@[0;1;31;91;43m8[0;1;33;93;43m:.[0;31;5;41;101m88[0;1;31;91;43m8[0;33;5;41;101mX[0;31;5;41;101m8@[0;1;31;91;43m8[0;31;5;41;101m@8[0;33;5;41;101m@[0;33;5;43;103mtt[0;1;31;91;43m8[0;33;5;41;101mS[0;31;5;41;101m@[0;1;31;91;43m8888888[0;33;41m8[0m  
   [0;31;43m8[0;1;33;93;43m.....[0;1;31;91;43m88[0;1;33;93;43m....[0;31;5;41;101m8[0;33;5;41;101mS[0;1;33;93;43m.[0;1;31;91;43m8[0;31;5;41;101m8@[0;1;33;93;43m..[0;33;5;41;101mS[0;31;5;41;101m8[0;33;5;41;101mX[0;33;5;43;103mttt[0;1;31;91;43m8888888[0;31;43m8[0m   
    [0;1;30;90;41m8[0;1;31;91;43m8[0;1;33;93;43m........[0;1;31;91;43m8[0;31;5;41;101m@[0;1;33;93;43m...[0;1;31;91;43m8[0;31;5;41;101m8[0;1;33;93;43m...[0;1;31;91;43m8[0;31;5;41;101m@[0;1;33;93;43m;[0;33;5;43;103m%%[0;1;33;93;43mt[0;1;31;91;43m88888[0;30;41mX[0m    
      [0;31;43mX[0;1;31;91;43m88[0;1;33;93;43m.....[0;1;31;91;43m8[0;1;33;93;43m.....[0;33;5;41;101mX[0;1;31;91;43m8888888[0;1;33;93;43m;[0;33;5;43;103m%[0;1;31;91;43m888[0;31;43m@[0m      
        [0;31;43m@[0;1;31;91;43m8888888888888888888888[0;31;43m@[0m        
          [0;33;41m@[0;31;43mS[0;1;31;91;43m8888888888888888[0;31;43mX[0;33;41m@[0m          
              [0;33;41m@[0;31;43m8@S%[0;1;31;91;43m88[0;31;43m%S@8[0;33;41m@[0m              
