[0;1;30;90;43mS@@@@@@@88888888888888@@@@@@@XXXXXXSSSS%[0m
[0;1;30;90;43mX[0;1;33;93;43mSSSSSXXXXXXXXXXXXXXXXXSSSSSSS%%%%%tttt[0;1;30;90;43mS[0m
[0;1;30;90;43mX[0;1;33;93;43mSSSXXXXXX[0;33;5;43;103mXXXXXXXXXXX[0;1;33;93;43mXXXXXXXSSSSSS%%ttt[0;1;30;90;43mS[0m
[0;1;30;90;43mX[0;1;33;93;43mSSXX[0;37;5;47;107mt;;[0;1;37;97;47mX[0;37;5;43;103m88[0;1;33;93;47mS[0;37;5;47;107m:::[0;1;33;93;47m888[0;1;37;97;47m8[0;37;5;47;107m;;8[0;33;5;43;103mXX[0;1;33;93;43m@[0;37;5;47;107mttt[0;1;33;93;47mS[0;1;33;93;43mXX[0;1;33;93;47m@[0;37;5;47;107m%SS[0;1;33;93;43m%%tt[0;1;30;90;43mS[0m
[0;1;30;90;43mX[0;1;33;93;43mSXXX[0;37;5;47;107mtt;;::::....::::;;;;tttttt%%SX[0;1;33;93;43m%%%t[0;1;30;90;43mS[0m
[0;1;30;90;43m@[0;1;33;93;43mXXXX[0;33;5;43;103mX[0;1;33;93;47mX[0;37;5;47;107m:::..;    ...::;;;;tSttt%%[0;1;33;93;47m@[0;1;33;93;43m%%%%t[0;1;30;90;43mS[0m
[0;1;30;90;43m@[0;1;33;93;43mXXX[0;33;5;43;103mXX[0;1;33;93;47mS[0;37;5;47;107m:..  [0;1;33;93;47mX[0;37;5;47;107mt     ..::;;;X[0;1;33;93;47m8[0;37;5;47;107mtttt%[0;1;33;93;47m@[0;1;33;93;43m%%%%t[0;1;30;90;43mS[0m
[0;1;30;90;43m@[0;1;33;93;43mXXX[0;33;5;43;103mX[0;37;5;47;107m%t:.  S[0;1;33;93;47mS[0;1;37;97;47m8[0;37;5;47;107m      ..::;;[0;1;33;93;47mX8[0;1;37;97;47m8[0;37;5;47;107mttt%X@[0;1;33;93;43m%%%%[0;1;30;90;43mS[0m
[0;1;30;90;43m@[0;1;33;93;43mXX[0;33;5;43;103mXX[0;37;5;47;107m::..  [0;1;33;93;47mXS8[0;37;5;47;107mt     ..::;X[0;1;33;93;43mX[0;1;33;93;47m88[0;37;5;47;107mttt%%%[0;1;33;93;43m%%%%[0;1;30;90;43mS[0m
[0;1;30;90;43m@[0;1;33;93;43mXX[0;33;5;43;103mXX[0;1;33;93;47mS[0;1;37;97;47m8[0;37;5;47;107m.. S[0;1;33;93;47m8S8[0;1;37;97;47m8[0;37;5;47;107m     ..::;[0;1;33;93;47m@[0;1;33;93;43mX[0;1;33;93;47m8[0;1;33;93;43mX[0;1;37;97;47m8[0;37;5;47;107mtt%[0;1;37;97;47m@[0;1;33;93;47m@[0;1;33;93;43m%%%%[0;1;30;90;43mS[0m
[0;1;30;90;43m@[0;1;33;93;43mXXX[0;33;5;43;103mXX[0;1;33;93;47mX[0;37;5;47;107m:..[0;1;37;97;47m8[0;1;33;93;47m8X8@[0;37;5;47;107m:    .:::%[0;1;33;93;47m8[0;1;33;93;43mX[0;1;33;93;47m8[0;1;33;93;43mX[0;1;33;93;47m@[0;37;5;47;107mtt%[0;1;33;93;47m@[0;1;33;93;43m%%%%%[0;1;30;90;43mS[0m
[0;1;30;90;43mX[0;1;33;93;43mXXX[0;33;5;43;103mX[0;1;37;97;47mX8[0;37;5;47;107m::..S[0;1;37;97;47m88[0;37;5;47;107m.   ..:::;;t[0;1;33;93;47mS@[0;1;37;97;47m8[0;37;5;47;107mttt%[0;1;37;97;47m8[0;1;33;93;47mX[0;1;33;93;43m%%%t[0;1;30;90;43m%[0m
[0;1;30;90;43m%[0;1;33;93;43mXXXX[0;1;37;97;47m8[0;37;5;47;107m;;:::t[0;1;33;93;47m8[0;1;37;97;47m8[0;37;5;47;107m....:@[0;1;37;97;47m8[0;37;5;47;107m;;;;t[0;1;37;97;47m8[0;1;33;93;47m8[0;37;5;47;107m@tt%%%[0;1;37;97;47m8[0;1;33;93;43m%%%t[0;1;30;90;43mt[0m
 [0;1;33;93;43mSXXX[0;1;33;93;47m8[0;1;37;97;47m88[0;37;5;47;107m;;:%[0;1;33;93;47mX[0;1;37;97;47m8[0;37;5;47;107m::::;[0;1;33;93;47m@8[0;37;5;47;107mt;;tt[0;1;37;97;47m8[0;1;33;93;47m@[0;37;5;47;107m@t%%[0;1;37;97;47m8@[0;33;47m8[0;1;33;93;43m%%tt[0m 
 [0;1;30;90;43mX[0;1;33;93;43mSSXXX[0;33;5;43;103mX[0;37;5;47;107mS;;;;;;;;;[0;1;37;97;47m8[0;1;33;93;47m88[0;1;37;97;47m8[0;37;5;47;107mttttttt%%@[0;1;33;93;43mS%%%%t[0;1;30;90;43mS[0m 
  [0;1;33;93;43mSSSXX[0;1;33;93;47m8[0;37;5;47;107m8t;;;;;;;t[0;1;33;93;47m8888[0;37;5;47;107mtttttt%%%[0;1;37;97;47m8[0;1;33;93;47m8[0;1;33;93;43m%%%tt[0m  
  [0;33;5;40;100m8[0;1;33;93;43mSSSS[0;1;33;93;47m8[0;37;5;47;107mStttttttt[0;1;37;97;47m8[0;1;33;93;43mX[0;33;5;43;103m@[0;1;33;93;47m8[0;1;33;93;43mS[0;1;37;97;47m8[0;37;5;47;107mttt%%%%S@[0;37;43m@[0;1;33;93;43m%%tt[0;33;5;40;100m8[0m  
   [0;1;30;90;43mS[0;1;33;93;43mSSSS@[0;1;37;97;47mX[0;1;33;93;47m8[0;1;37;97;47m8[0;37;5;47;107mttttt%[0;1;37;97;47m8[0;33;5;43;103m@[0;1;33;93;47m8[0;1;37;97;47m8[0;37;5;47;107m%t%%%%[0;1;37;97;47m8[0;33;47m8[0;1;33;93;47m%[0;37;43mX[0;1;33;93;43m%%tt[0;1;30;90;43m%[0m   
    [0;1;30;90;43m%[0;1;33;93;43mSSSSSSS[0;1;37;97;47m@[0;37;5;47;107mttttt%[0;1;33;93;47mSX[0;37;5;47;107m%%%%%S[0;1;37;97;47m@[0;1;33;93;43m%%%%ttt[0;1;30;90;43m%[0m    
     [0;31;5;40;100m@[0;1;33;93;43mtSSSSS[0;1;37;97;47m8[0;37;5;47;107m%%%%%%[0;37;43m@[0;1;33;93;43mS[0;37;5;47;107mS%SSSS[0;1;37;97;47m8[0;1;33;93;43mS%ttt[0;1;30;90;43mX[0;1;30;90;41m8[0m     
       [0;1;30;90;43mS[0;1;33;93;43m%%%%%[0;1;33;93;47m8[0;1;37;97;47m@[0;1;33;93;43mX[0;1;33;93;47m@[0;1;37;97;47m8[0;37;5;47;107mSSSS[0;1;37;97;47m8[0;1;33;93;47mX[0;1;33;93;43mS[0;1;37;97;47mX[0;33;47m8[0;1;33;93;43m%tttt[0;1;30;90;43mS[0m       
        [0;1;30;90;41m8[0;1;30;90;43mX[0;1;33;93;43m%%%%%%%S[0;37;5;47;107m8SS8[0;37;43mX[0;1;33;93;43m%%ttttt[0;1;30;90;43mS[0;1;30;90;41m8[0m        
          [0;31;5;40;100mS[0;1;30;90;43mX[0;1;33;93;43m%%%%%%[0;33;47m8[0;1;37;97;47mSX[0;33;47m8[0;1;33;93;43m%ttttt[0;1;30;90;43mS[0;31;5;40;100mS[0m          
             [0;1;30;90;43mS[0;1;33;93;43mtttttttttttt[0;1;30;90;43mS[0m             
               [0;1;30;90;43mtS[0;1;33;93;43mtttttt[0;1;30;90;43mSt[0m               
                  [0;31;5;40;100mS[0;1;30;90;43m%%[0;33;5;40;100m8[0m                  
