[0;1;30;90;47mt[0;1;37;97;47m@@@888888888888888888888@@@@@XXXSSS%%%[0;1;30;90;47mS[0m
[0;1;37;97;47m:[0;37;5;47;107m%ttttttttttt;;;ttttttttttt%%%%SSSXXX@@[0;1;37;97;47m [0m
[0;1;37;97;47m;[0;37;5;47;107mtt[0;1;37;97;47m8[0;33;5;43;103m;;;;;;;;;::::;;;;;;;;;;;;ttttt%%[0;1;33;93;47m@[0;37;5;47;107m@@[0;1;37;97;47m [0m
[0;1;37;97;47m;[0;37;5;47;107mtt[0;1;33;93;47mS[0;33;5;43;103m;;;;;::::::::::::;;;;;;;;;tttt%%[0;1;33;93;47m8[0;37;5;47;107mX@[0;1;37;97;47m [0m
[0;1;37;97;47m;[0;37;5;47;107mtt[0;1;33;93;47mS[0;33;5;43;103m;;[0;37;5;43;103m@[0;37;5;47;107mS8[0;1;37;97;47m;[0;37;5;47;107mt:::::::::;;;ttttttt%%%[0;37;5;43;103mX[0;33;5;43;103mt%[0;1;33;93;47m@[0;37;5;47;107mXX[0;1;37;97;47m.[0m
[0;1;37;97;47m;[0;37;5;47;107mtt[0;1;37;97;47m8[0;33;5;43;103m;:[0;37;5;43;103m@[0;37;5;47;107m8[0;1;30;90;47m8[0;31;5;41;101m8[0;1;30;90;41m8[0;1;30;90;47m8[0;1;37;97;47mS[0;37;5;47;107m:   ...::;;;;ttttt%%[0;37;5;43;103mX[0;33;5;43;103mtt[0;1;33;93;47m@[0;37;5;47;107mXX[0;1;37;97;47m.[0m
[0;1;37;97;47m;[0;37;5;47;107mtt[0;1;37;97;47m8[0;33;5;43;103m;:[0;37;5;43;103m@[0;37;5;47;107m:[0;1;37;97;47m [0;31;5;41;101m888[0;1;31;91;41m8[0;35;5;41;101m8[0;1;30;90;47m8[0;1;37;97;47mS[0;37;5;47;107m.  ..::;;;tttttt%[0;37;5;43;103mX[0;33;5;43;103mtt[0;1;33;93;47m@[0;37;5;47;107mXX[0;1;37;97;47m.[0m
[0;1;37;97;47m;[0;37;5;47;107mtt[0;1;37;97;47m8[0;33;5;43;103m::[0;37;5;43;103m@[0;37;5;47;107m:.[0;1;37;97;47m [0;1;31;91;41m88[0;31;5;41;101m@[0;35;5;41;101m@@X[0;1;30;90;47m8[0;1;37;97;47m;[0;37;5;47;107m. ..::;;;ttttt%[0;37;5;43;103mX[0;33;5;43;103mtt[0;1;33;93;47m@[0;37;5;47;107mXX[0;1;37;97;47m.[0m
[0;1;37;97;47m;[0;37;5;47;107mt;[0;1;37;97;47m8[0;33;5;43;103m::[0;37;5;43;103m@[0;37;5;47;107m.. [0;1;37;97;47m@[0;35;5;40;100m.%[0;35;5;41;101m8X@X[0;31;5;41;101mS[0;1;30;90;47m8X88[0;37;5;47;107m8:;;;ttttt%[0;37;5;43;103mX[0;33;5;43;103mtt[0;1;33;93;47m@[0;37;5;47;107mSX[0;1;37;97;47m.[0m
[0;1;37;97;47m;[0;37;5;47;107mtt[0;1;37;97;47m8[0;33;5;43;103m::[0;37;5;43;103m@[0;37;5;47;107m..  t[0;1;30;90;47m8[0;35;5;41;101mXXX@[0;31;5;41;101mXXX88[0;37;5;47;107m%:;;;ttttt%[0;37;5;43;103mX[0;33;5;43;103mtt[0;1;33;93;47m@[0;37;5;47;107mXX[0;1;37;97;47m.[0m
[0;1;37;97;47m:[0;37;5;47;107mtt[0;1;37;97;47m8[0;33;5;43;103m::[0;37;5;43;103m@[0;37;5;47;107m:..   8[0;1;30;90;47m8[0;31;5;41;101mXXX@@@[0;1;30;90;47m8[0;37;5;47;107m%:;;;ttttt%[0;37;5;43;103mX[0;33;5;43;103mtt[0;1;33;93;47m@[0;37;5;47;107mXX[0;1;37;97;47m [0m
[0;1;30;90;47m;[0;37;5;47;107mtt[0;1;37;97;47m8[0;33;5;43;103m;:[0;37;5;43;103mS[0;37;5;47;107m::...  .[0;35;5;40;100mt[0;31;5;41;101m@XX@@8[0;35;5;41;101m8[0;37;5;47;107m@;;tttttt%[0;33;5;43;103mttt[0;1;37;97;47m8[0;37;5;47;107mXX[0;1;30;90;47mt[0m
[0;37;5;40;100mS[0;37;5;47;107mtt%[0;33;5;43;103m;;:[0;37;5;47;107mt:::....[0;35;5;40;100m [0;35;5;41;101m8[0;1;37;97;47m [0;1;30;90;47m8[0;31;5;41;101m@8888[0;1;30;90;47m8[0;37;5;47;107mXttttt%S[0;33;5;43;103mtt%[0;1;37;97;47m8[0;37;5;47;107mXX[0;37;5;40;100mS[0m
 [0;37;5;47;107mttt[0;37;5;43;103mX[0;33;5;43;103m;;[0;37;5;43;103m@[0;37;5;47;107m;;:::::;;::[0;1;37;97;47m [0;1;31;91;41m88[0;31;5;41;101m88[0;1;31;91;41m8[0;1;37;97;47m @[0;37;5;47;107m8St%%[0;1;33;93;47m8[0;33;5;43;103mtt%[0;37;5;47;107mXX@[0m 
 [0;1;30;90;47m.[0;37;5;47;107mttS[0;33;5;43;103m;;;[0;37;5;47;107m%;;;;;;;;;;8[0;1;31;91;41m8[0;35;5;41;101m8[0;1;30;90;47mS[0;1;37;97;47m [0;1;31;91;41m8[0;31;5;41;101m8[0;1;31;91;41m@@@8[0;1;37;97;47m.[0;37;5;47;107mX[0;33;5;43;103mtt%[0;1;37;97;47m8[0;37;5;47;107mXX[0;1;30;90;47m.[0m 
  [0;37;5;47;107mStt[0;37;5;43;103m8[0;33;5;43;103m;;;[0;37;5;47;107m%;;;;;;;;;ttttt[0;35;5;40;100m [0;1;31;91;41mXX8[0;35;5;40;100m:[0;1;37;97;47m [0;37;5;47;107mS[0;33;5;43;103mtt%[0;37;5;43;103m8[0;37;5;47;107mXX8[0m  
  [0;36;5;40;100m [0;37;5;47;107mttt[0;37;5;43;103m@[0;33;5;43;103m;;;[0;37;5;47;107m%ttttttttttttt[0;1;37;97;47m [0;1;31;91;41m@8[0;1;37;97;47m [0;37;5;47;107m%X[0;33;5;43;103mtt%[0;37;5;43;103mX[0;37;5;47;107mXX@[0;36;5;40;100m [0m  
   [0;37;5;40;100m8[0;37;5;47;107m%t%[0;37;5;43;103m8[0;33;5;43;103m;;;[0;1;37;97;47m8[0;37;5;47;107mtttttttttttt%[0;1;30;90;47m@[0;1;37;97;47m8[0;37;5;47;107m%[0;1;37;97;47m8[0;33;5;43;103mt%%[0;37;5;43;103m@[0;37;5;47;107mXX@[0;37;5;40;100m8[0m   
    [0;37;5;40;100m8[0;37;5;47;107m%%%[0;1;33;93;47mX[0;33;5;43;103m;;;[0;37;5;43;103m@[0;37;5;47;107mSttttttt%%%%%X[0;37;5;43;103m@[0;33;5;43;103m%%%[0;1;33;93;47m8[0;37;5;47;107mX@@[0;37;5;40;100m8[0m    
     [0;36;5;40;100m.[0;37;5;47;107m8%%X[0;33;5;43;103mtttt[0;37;5;43;103m8[0;37;5;47;107mS%%%%%%%SX[0;37;5;43;103m8[0;33;5;43;103m%%%%[0;1;37;97;47m8[0;37;5;47;107mX@[0;1;37;97;47m8[0;36;5;40;100m.[0m     
       [0;1;30;90;47m [0;37;5;47;107mSSS[0;1;37;97;47m8[0;33;5;43;103mtttt[0;37;5;43;103m@[0;1;37;97;47m8[0;37;5;47;107mSSSS[0;1;37;97;47m8[0;37;5;43;103m@[0;33;5;43;103m%%%%[0;1;37;97;47m8[0;37;5;47;107m@@@[0;1;30;90;47m.[0m       
        [0;36;5;40;100m.[0;1;37;97;47m@[0;37;5;47;107mSSS[0;1;37;97;47m8[0;33;5;43;103m%%%%%[0;37;5;43;103m88[0;33;5;43;103m%%%%%[0;1;37;97;47m8[0;37;5;47;107m@@@[0;1;37;97;47mX[0;36;5;40;100m.[0m        
          [0;36;5;40;100m [0;1;37;97;47mX[0;37;5;47;107mXXX[0;1;37;97;47m8[0;37;5;43;103m8[0;33;5;43;103m%%%%%%[0;37;5;43;103m8[0;1;37;97;47m8[0;37;5;47;107m@@@[0;1;37;97;47mS[0;36;5;40;100m [0m          
             [0;1;30;90;47m.[0;37;5;47;107m@@@@[0;1;37;97;47m8[0;1;33;93;47m88[0;1;37;97;47m8[0;37;5;47;107m@@@8[0;1;30;90;47m.[0m             
               [0;37;5;40;100mS[0;1;37;97;47m;[0;37;5;47;107m@@@@@@[0;1;37;97;47mt[0;37;5;40;100mS[0m               
                  [0;36;5;40;100m [0;1;30;90;47mtt[0;36;5;40;100m [0m                  
