[0;36;5;40;100m [0;1;30;90;47m88888888888888888888888888888888888888[0;36;5;40;100m.[0m
[0;37;5;40;100m%[0;1;30;90;47m@@@XXXXX[0;1;37;97;47m            [0;1;30;90;47mX@88X@@@@@88888888[0;37;5;40;100m;[0m
[0;37;5;40;100m%[0;1;30;90;47m@XXXX[0;1;37;97;47m               [0;36;5;40;100m [0;32;5;40;100m8[0;34;40m;[0;1;30;90;40m@[0;37;5;40;100m;[0;36;5;40;100m [0;1;30;90;47m8@@@@8888888[0;37;5;40;100m;[0m
[0;37;5;40;100m%[0;1;30;90;47mXXX[0;1;37;97;47m              [0;1;30;90;47m8[0;36;5;40;100m:[0;32;5;40;100m@[0;1;30;90;40m8[0;30;5;40;100m8[0;1;30;90;40mS[0;34;40m;[0;1;30;90;40m8@[0;36;5;40;100m [0;1;30;90;47mX@@@@888888[0;37;5;40;100m;[0m
[0;1;30;90;47m8XX[0;1;37;97;47m               [0;1;30;90;47m8[0;30;5;40;100m8[0;1;30;90;40m8@XS%[0;34;40m;;[0;1;30;90;47m8X@@@@@88888[0;37;5;40;100m;[0m
[0;1;30;90;47m8X[0;1;37;97;47m       [0;36;5;40;100m [0;30;5;40;100mS@[0;36;5;40;100m [0;1;37;97;47m      [0;1;30;90;47m@[0;37;5;40;100mt[0;36;5;40;100m%[0;1;30;90;40m8XS@S[0;1;30;90;47m8XX@@@@88888[0;37;5;40;100mt[0m
[0;1;30;90;47m8X[0;1;37;97;47m        [0;1;30;90;47m8[0;36;5;40;100m [0;30;5;40;100mX[0;32;5;40;100m%[0;36;5;40;100m. [0;1;30;90;47m8%8[0;36;5;40;100m.[0;30;5;40;100m@[0;1;30;90;40m88888[0;30;5;40;100m8[0;1;30;90;47m8XXX@@@88888[0;37;5;40;100mt[0m
[0;1;30;90;47m8[0;1;37;97;47m           [0;37;5;40;100m%[0;36;5;40;100mttt;[0;30;5;40;100mSXX8[0;1;30;90;40m88@XS[0;36;5;40;100m [0;1;37;97;47m [0;1;30;90;47mXXX@@@@8888[0;37;5;40;100mt[0m
[0;1;30;90;47m8[0;1;37;97;47m            [0;1;30;90;47mS[0;36;5;40;100m :;[0;30;5;40;100m%[0;36;5;40;100m%[0;30;5;40;100m@88[0;1;30;90;40m88@X[0;30;5;40;100m8[0;1;37;97;47m [0;1;30;90;47mXXX@@@@8888[0;37;5;40;100mt[0m
[0;1;30;90;47m8[0;1;37;97;47m  [0;1;30;90;47m88[0;1;37;97;47m     [0;1;30;90;47mSS[0;1;37;97;47m . [0;37;5;40;100mX[0;36;5;40;100m;[0;30;5;40;100m%X@88[0;1;30;90;40m88XS8[0;1;30;90;47m88XX@@@@8888[0;37;5;40;100mt[0m
[0;37;5;40;100mS[0;1;30;90;47mX[0;36;5;40;100m [0;1;30;90;42mSX[0;36;5;40;100m [0;1;37;97;47m   [0;1;30;90;47m8[0;36;5;40;100m.[0;32;5;40;100mSS[0;36;5;40;100m ;[0;30;5;40;100mSSX@8888[0;1;30;90;40m@XS[0;32;5;40;100m8[0;1;30;90;42m%t[0;36;5;40;100m:[0;1;30;90;47m@@@8[0;36;5;40;100m;[0;1;30;90;42m::[0;36;5;40;100m%[0;1;30;90;47m8[0;37;5;40;100m;[0m
[0;36;5;40;100m [0;1;30;90;47m@[0;36;5;40;100m;[0;1;30;90;42mSS[0;36;5;40;100m.[0;1;37;97;47m   [0;1;30;90;47m8[0;32;5;40;100m%[0;30;5;40;100m8@@XXS@X88[0;1;30;90;40m8@XSS[0;32;5;40;100m8[0;1;30;90;42mtt[0;36;5;40;100m%[0;1;30;90;47m8@@8[0;32;5;40;100mS[0;1;30;90;42m:.[0;32;5;40;100mX[0;1;30;90;47m8[0;36;5;40;100m [0m
[0;36;5;40;100m% [0;1;30;90;42mS%%X[0;1;30;90;47m8[0;1;37;97;47m  [0;1;30;90;47m8[0;1;30;90;42m888[0;32;5;40;100m@[0;37;5;40;100m;[0;1;30;90;47mS@8[0;32;5;40;100m@[0;1;30;90;40m88@XSS[0;34;40m;[0;32;40mt[0;1;30;90;42mt;t[0;36;5;40;100m.[0;1;30;90;47m@@[0;36;5;40;100m.[0;1;30;90;42m;..:[0;36;5;40;100m;[0;32;5;40;100mS[0m
 [0;1;30;90;42m8;t%%8[0;1;30;90;47m88[0;1;30;90;42m8@@88[0;32;5;40;100mX[0;1;30;90;47m8@[0;32;5;40;100mS[0;1;30;90;42m8[0;32;5;40;100m8[0;1;30;90;40m8XSS[0;34;40m;;:[0;1;30;90;42m%::X[0;1;30;90;47m88[0;1;30;90;42m@....S[0m 
 [0;30;42mS[0;1;30;90;42m;;tt%SXSXXXXX8[0;1;30;90;40m8XXSX@S%[0;34;40m;::[0;1;30;90;42mt:::;:....[0;30;42m.S[0m 
  [0;1;30;90;42m::;;tt%%%%SSX[0;1;30;90;40mXSS%[0;34;40m;;[0;1;30;90;40mS[0;34;40m;::::[0;32;40m@[0;1;30;90;42m::::....[0;30;42m.:[0m  
  [0;32;40m8[0;1;30;90;42m:::;;;tttt%@[0;1;30;90;40m@[0;32;40mt[0;34;40m;;;;:::::[0;32;40m8[0;30;42m8%[0;1;30;90;42m::....[0;30;42m..[0;32;40m8[0m  
   [0;30;42m8[0;1;30;90;42m:::::;;;;t;%[0;32;40m;[0;34;40m::[0;32;40mSX[0;34;40m:::..[0;32;40mS[0;1;30;90;42mt:.....[0;30;42m..8[0m   
    [0;30;42m8[0;1;30;90;42m:::::X[0;32;5;40;100m8[0;30;42m88[0;32;40m%[0;34;40m:::[0;32;40mt[0;1;30;90;42m%;[0;32;40m;;;[0;34;40m..[0;32;40m;[0;30;42mS[0;1;30;90;42m:....[0;30;42m..8[0m    
     [0;32;40mX[0;1;30;90;42m::::;[0;32;5;40;100m8[0;1;30;90;40mS[0;34;40m::[0;32;40m::[0;30;42m8S[0;1;30;90;42m;:[0;30;42m@[0;1;30;90;42m%[0;30;42m@[0;34;40m...[0;32;40m%[0;1;30;90;42m;..[0;30;42m..:[0;32;40mX[0m     
       [0;30;42mS[0;1;30;90;42m.::::t;:;:::...[0;32;40mS[0;34;40m...[0;30;42m%[0;1;30;90;42m.[0;30;42m...S[0m       
        [0;32;40mX[0;30;42m;[0;1;30;90;42m..........:[0;30;42m@[0;32;40mX[0;34;40m..[0;32;40m:8[0;30;42m;..t[0;32;40mX[0m        
          [0;32;40m@[0;30;42mt[0;1;30;90;42m........S8[0;1;30;90;40m8[0;32;40mS8[0;30;42m;.:t[0;32;40m@[0m          
             [0;30;42mS........::::X[0m             
               [0;32;40m8[0;30;42m%::::::%[0;32;40m8[0m               
                  [0;32;40m@[0;30;42mXX[0;32;40m8[0m                  
