[0;1;30;90;46m:...:::::;;;;;;;;;;;:::::........       [0m
[0;1;30;90;46m:::[0;1;36;96;46mSSSSSSSSXXXXXXXXSSSSSSSS[0;1;30;90;46m::......     [0m
[0;1;30;90;46m:[0;1;36;96;46mSSSSSSXXXXXXXXXXXXXXXSSSSSS[0;1;30;90;46m:::.....   .[0m
[0;1;30;90;46m:[0;1;36;96;46mSSSSXXXXX@@@@@@@@@XXXXXSSS[0;1;30;90;46m:::;::...   .[0m
[0;1;30;90;46m:[0;1;36;96;46mSSSXXXX@@@@88888@@@@XXXX[0;1;30;90;46mt[0;36;5;40;100m8[0;1;30;90;40m8[0;34;40m%t%[0;1;30;90;40m8[0;1;30;90;46m::...  .[0m
[0;1;30;90;46m:[0;1;36;96;46mSSXXXX@@88888888888@@X[0;1;30;90;46mX[0;30;5;40;100m@[0;1;30;90;40mS[0;34;40m;;::S[0;1;30;90;46m;;:...  .[0m
[0;1;30;90;46m:[0;1;36;96;46mSSXXX@@888888888888[0;1;30;90;46m88[0;30;5;40;100m8[0;1;30;90;40m@XS[0;34;40m;;[0;30;5;40;100mX[0;1;30;90;46m;[0;1;36;96;46mSS[0;1;30;90;46m:..... .[0m
[0;1;30;90;46m:[0;1;36;96;46mSXXX@@888888[0;36;47m8[0;1;36;96;47mSS[0;37;46m@[0;1;36;96;46m88[0;1;30;90;46m8[0;30;5;40;100m8[0;1;30;90;40m88@XSS[0;34;40m;[0;1;30;90;46mt[0;1;36;96;46mSSS[0;1;30;90;46m::.... .[0m
[0;1;30;90;46m:[0;1;36;96;46mSXXX@@88888[0;36;47m8[0;1;36;96;47mSSSS[0;1;36;96;46m8[0;37;46mX[0;36;5;40;100mX[0;30;5;40;100m88[0;1;30;90;40m88@XS[0;1;30;90;46m%[0;1;36;96;46mSSSS[0;1;30;90;46m::.... .[0m
[0;1;30;90;46m:[0;1;36;96;46mSXXX@@88888[0;37;46m@88[0;1;30;90;46m888[0;36;5;40;100mS[0;30;5;40;100m@88[0;1;30;90;40m8@XX[0;1;30;90;46mS[0;1;36;96;46mSSSSS[0;1;30;90;46m::.... .[0m
[0;1;30;90;46m:[0;1;36;96;46mSXXX@@@8888[0;37;46mX[0;1;30;90;46m8[0;36;5;40;100mS%[0;30;5;40;100mSX@88[0;1;30;90;40m888[0;36;5;40;100m8[0;1;30;90;46mS[0;1;36;96;46mXSSSSS[0;1;30;90;46m:..... .[0m
[0;1;30;90;46m;[0;1;36;96;46mSSXXX@@@88888[0;37;46mX[0;36;5;40;100m@[0;30;5;40;100m@888[0;1;30;90;40m88@X[0;36;5;40;100m8[0;1;30;90;46mS%%t:[0;1;36;96;46mS[0;1;30;90;46m::..... .[0m
[0;1;30;90;46m:[0;1;36;96;46mSSSXXX@@@@8[0;1;30;90;46m8[0;36;5;40;100m8[0;30;5;40;100m8888[0;1;30;90;40m8888[0;36;5;40;100m8[0;1;30;90;40mXS[0;34;40m;;::[0;1;30;90;40m8[0;1;36;96;46mS[0;1;30;90;46m:.....  .[0m
 [0;1;36;96;46mSSSSXXXX@@[0;1;30;90;46m@[0;1;30;90;40m888888@@[0;30;5;40;100mX[0;1;30;90;46mS[0;1;36;96;46mX[0;1;30;90;46m%[0;1;30;90;40m8[0;34;40m;::[0;1;30;90;40m8[0;1;30;90;46m:::.....  [0m 
 [0;1;30;90;46m:[0;1;36;96;46mSSSSSXXX[0;1;30;90;46mS[0;1;30;90;40m@XXXXXX@[0;1;30;90;46mXS[0;1;36;96;46mXXSS[0;1;30;90;46m;;:[0;1;36;96;46mS[0;1;30;90;46m::.....  .[0m 
  [0;1;30;90;46m:[0;1;36;96;46mSSSSSS[0;1;30;90;46mt[0;1;30;90;40m8SSSSS@[0;36;5;40;100m8[0;1;30;90;46m%[0;1;36;96;46mXSSSSSSS[0;1;30;90;46m:::.....   [0m  
  [0;36;5;40;100m8[0;1;30;90;46m:[0;1;36;96;46mSSSSS[0;1;30;90;46mt[0;34;40m;;;;t[0;1;30;90;46m%t[0;1;36;96;46mSSSSSSSSS[0;1;30;90;46m::......   .[0m  
   [0;1;30;90;46m:::[0;1;36;96;46mSSS[0;36;5;40;100m8[0;34;40m::;::[0;1;30;90;46m;[0;1;36;96;46mSSSSSSS[0;1;30;90;46m:::.......   .[0m   
    [0;1;30;90;46m:::::;[0;34;40mX[0;1;30;90;40m8[0;34;40m%[0;36;5;40;100m8[0;1;30;90;40m8[0;1;30;90;46m:[0;1;36;96;46mSSS[0;1;30;90;46m:::::.......    .[0m    
     [0;34;40m8[0;1;30;90;46m...:;:;:::::::.........     [0;34;40m8[0m     
       [0;1;30;90;46m:...................     .[0m       
        [0;34;40m8[0;1;30;90;46m...............       [0;34;40m8[0m        
          [0;1;30;90;40m8[0;1;30;90;46m   ..             [0;34;40m8[0m          
             [0;1;30;90;46m.             [0m             
               [0;1;30;90;46m..        [0m               
                  [0;34;40m8[0;1;30;90;46m   [0m                  
