[0;31;43mX[0;1;31;91;43m88888[0;31;43m:[0;32;43m8[0;1;30;90;42m;;@[0;1;30;90;47m88[0;1;30;90;42m8tttt@[0;1;30;90;47m88[0;1;30;90;42m@::::X[0;37;5;40;100m8[0;1;30;90;47m8[0;1;30;90;42mX[0;30;42m;;;t[0;1;30;90;42mS[0;37;5;40;100mXX[0;1;30;90;42mS[0;30;42mt@[0m
[0;31;43m%[0;1;33;93;43m.....::[0;1;30;90;43mt[0;33;42mX[0;1;37;97;47m:;;:[0;1;30;90;42mS%%%[0;1;37;97;47m.;;:[0;1;30;90;42mt;;:[0;1;37;97;47m ..[0;1;30;90;47m [0;1;30;90;42m::..[0;1;30;90;47m:..:[0;1;30;90;42m.[0;30;42mS[0m
[0;31;43m%[0;1;33;93;43m...:::::;[0;33;47mX[0;1;37;97;47m;tt[0;1;30;90;42mXXXS[0;1;37;97;47m;;;;[0;1;30;90;42m%tt;[0;1;37;97;47m.::.[0;1;30;90;42m:::.[0;1;30;90;47m....[0;1;30;90;42m:[0;30;42mS[0m
[0;31;43m%[0;1;33;93;43m.:::::;[0;33;5;43;103m;::t[0;1;37;97;47m:%[0;1;30;90;47m8[0;1;30;90;42m88[0;1;30;90;47m8[0;1;37;97;47mtttt[0;1;30;90;47m8[0;1;30;90;42mXX[0;37;5;40;100m%[0;1;37;97;47m::::[0;37;5;40;100mt[0;1;30;90;42mtt[0;36;5;40;100m [0;1;37;97;47m [0;1;30;90;47m ..[0;36;5;40;100m [0;30;42mS[0m
[0;33;5;40;100m;[0;1;30;90;43m;[0;1;33;93;43m:::;[0;33;5;43;103m;::::::[0;1;33;93;47m8[0;1;30;90;47m888[0;36;5;40;100m     .[0;1;30;90;47m88[0;36;5;40;100m:;ttt%[0;37;5;40;100mSS[0;36;5;40;100m%[0;32;5;40;100mSSSSX[0;36;5;40;100m;[0m
[0;1;30;90;47m@X[0;33;42m8[0;1;30;90;43m%[0;1;33;93;43m;[0;33;5;43;103m:::::.....[0;1;33;93;47mS[0;1;37;97;47mX [0;1;30;90;42m8888[0;1;30;90;47m%[0;1;37;97;47mtt[0;1;30;90;47mS[0;1;30;90;42m%t;;[0;1;30;90;47m@[0;1;37;97;47m..[0;1;30;90;47m@[0;1;30;90;42m:...[0;1;30;90;47m8[0;37;5;40;100m8[0m
[0;1;30;90;47m@[0;1;37;97;47m;[0;1;30;90;42m%S[0;1;30;90;43mX[0;1;33;93;43m;[0;33;5;43;103m::....[0;37;5;43;103mXXXX8[0;1;37;97;47mt[0;1;30;90;42m8888[0;1;37;97;47m%tt;[0;1;30;90;42mStt;[0;1;37;97;47m::..[0;1;30;90;42m:...[0;1;30;90;47m:8[0m
[0;1;30;90;47m@[0;1;37;97;47m;[0;32;5;40;100mX[0;1;30;90;42mSX[0;33;5;40;100m%[0;1;33;93;47mX[0;33;5;43;103m:...[0;37;5;43;103mX@@@@@X[0;37;43mX[0;1;30;90;43m8[0;1;30;90;42m8[0;36;5;40;100m;[0;1;37;97;47m%%tt[0;32;5;40;100mS[0;1;30;90;42m%t8[0;1;37;97;47m::..[0;1;30;90;42m8..8[0;1;30;90;47m.8[0m
[0;36;5;40;100m [0;1;30;90;47m88[0;36;5;40;100m  [0;1;30;90;47m@Xt[0;37;43mX[0;33;5;43;103m.[0;37;5;43;103mX@@888@@X[0;33;5;43;103m.[0;33;47m8[0;1;30;90;47m;SX@88[0;36;5;40;100m.:[0;1;30;90;47m888888[0;36;5;40;100mtt[0;1;30;90;47m88[0;36;5;40;100m [0m
[0;30;42mt[0;1;30;90;42mt[0;36;5;40;100m [0;1;37;97;47m.:[0;37;5;40;100mt[0;1;30;90;42m888[0;1;30;90;43m8[0;37;5;43;103m8X@@8@@@X[0;33;5;43;103m..t[0;1;30;90;43m8[0;1;30;90;42m8XS[0;36;5;40;100m [0;1;37;97;47m  [0;36;5;40;100m [0;1;30;90;42m;:::[0;36;5;40;100m:[0;1;30;90;47m::[0;36;5;40;100m:[0;1;30;90;42m.[0;30;42mS[0m
[0;30;42mt[0;1;30;90;42mt[0;1;37;97;47m;;tt[0;1;30;90;42m8888[0;1;37;97;47mX;[0;37;5;43;103m@X@@XX[0;33;5;43;103m...::[0;1;33;93;43mt[0;32;43m8[0;1;30;90;42mS[0;1;37;97;47m:;::[0;1;30;90;42m;:::[0;1;37;97;47m   [0;1;30;90;47m [0;1;30;90;42m:[0;30;42mS[0m
[0;30;42mS[0;1;30;90;42m%[0;1;37;97;47m;;tt[0;1;30;90;42m8888[0;1;37;97;47mSXS[0;1;33;93;47m@[0;33;5;43;103m......::::[0;1;33;93;43m;[0;1;30;90;43m%[0;1;37;97;47m:;::[0;1;30;90;42mt::;[0;1;37;97;47m  [0;1;30;90;47m .[0;1;30;90;42m;[0;30;42m@[0m
[0;32;5;40;100m8[0;1;30;90;47mt[0;1;37;97;47m:;;;[0;1;30;90;47m:[0;36;5;40;100m::[0;1;37;97;47m SSSSt[0;37;5;43;103m8[0;33;5;43;103m..:::::;[0;1;33;93;43m:::[0;33;47mX[0;1;37;97;47m::[0;1;30;90;47mt[0;32;5;40;100mX@[0;1;30;90;47mS[0;1;37;97;47m  [0;1;30;90;47m .X[0;1;30;90;42m@[0m
 [0;1;30;90;42m8;t%%8[0;1;30;90;47m@X[0;32;5;40;100m@[0;1;30;90;42m@888[0;32;5;40;100mX[0;1;30;90;47mS[0;1;33;93;47m%[0;33;5;43;103m;::::;[0;1;33;93;43m::::..[0;32;43m8[0;1;30;90;42m@[0;1;30;90;47m88[0;1;30;90;42m@....S[0m 
 [0;37;5;40;100m8[0;1;30;90;42m;;tt[0;1;37;97;47m.;;:[0;1;30;90;42mXXXX[0;1;37;97;47m;tt;[0;1;30;90;43mX[0;1;33;93;43m;;:::::....[0;37;43m@[0;1;30;90;47m [0;1;37;97;47m.[0;1;30;90;47m [0;1;30;90;42m:..[0;30;42m.[0;37;5;40;100mX[0m 
  [0;1;30;90;42m;:;;[0;1;37;97;47m:;;;[0;1;30;90;42m%%SS[0;1;37;97;47m;;;;[0;1;30;90;42mS[0;32;43m8[0;1;33;93;43m:::::.......[0;33;47m8[0;1;30;90;47m [0;1;30;90;42m:.[0;30;42m.:[0m  
  [0;32;40m8[0;1;30;90;42m%t[0;37;5;40;100mt[0;1;37;97;47m::::[0;37;5;40;100m%[0;1;30;90;42mSS[0;37;5;40;100m%[0;1;37;97;47m;;;;[0;37;5;40;100mS[0;1;30;90;42mSS[0;33;47m8[0;1;33;93;43m:.......[0;1;31;91;43m888[0;1;33;93;43m.[0;1;30;90;43m8[0;1;30;90;42m;:[0;32;40m8[0m  
   [0;32;5;40;100m%[0;37;5;40;100mS[0;36;5;40;100mt%tttt[0;1;30;90;47m88[0;36;5;40;100mtttttt[0;1;30;90;47m88[0;36;5;40;100mt[0;33;5;40;100mX[0;1;30;90;43m:[0;1;33;93;43m.....[0;1;31;91;43m888888[0;1;30;90;43mX[0;33;5;40;100m@[0m   
    [0;36;5;40;100m [0;1;30;90;47m@[0;1;30;90;42m::::[0;1;30;90;47m@[0;1;37;97;47m::[0;1;30;90;47mX[0;1;30;90;42m;:::[0;1;30;90;47m8[0;1;37;97;47m::[0;1;30;90;47m@[0;1;30;90;42m::[0;33;42m@[0;1;30;90;43m.[0;1;31;91;43m888888888[0;31;43m8[0m    
     [0;30;5;40;100mS[0;1;30;90;42m;:::[0;1;37;97;47m....[0;1;30;90;42m;:::[0;1;37;97;47m ...[0;1;30;90;42m::..[0;1;30;90;47mt[0;1;33;93;43m.[0;1;31;91;43m888888[0;30;41m@[0m     
       [0;30;42mS[0;1;30;90;42m.8[0;1;37;97;47m ...[0;1;30;90;42m8::8[0;1;37;97;47m .  [0;1;30;90;42m8..8[0;1;30;90;47m..[0;33;47m8[0;1;31;91;43m888[0;31;43mS[0m       
        [0;32;40m@[0;37;5;40;100m@[0;1;30;90;47m88888[0;36;5;40;100mtt[0;1;30;90;47m888888[0;36;5;40;100mt%[0;37;5;40;100mXXXX[0;33;5;40;100m [0;1;30;90;43m:[0;30;41m@[0m        
          [0;32;40m@[0;30;42mt[0;1;30;90;42m..[0;36;5;40;100m;[0;1;30;90;47m;;[0;36;5;40;100m:[0;1;30;90;42m....[0;36;5;40;100m;[0;1;30;90;47mt;[0;36;5;40;100m;[0;30;42m.:t[0;32;40m@[0m          
             [0;30;42mS[0;1;30;90;47m:...[0;1;30;90;42m:[0;30;42m...[0;1;30;90;47m::::[0;30;42mS[0m             
               [0;36;5;40;100m.[0;1;30;90;47m8:[0;1;30;90;42m:[0;30;42m::.[0;1;30;90;47m:@[0;36;5;40;100m.[0m               
                  [0;30;5;40;100m8[0;30;42mXX[0;32;5;40;100m8[0m                  
