[0;33;41mX88888888[0;31;43m88888888888[0;33;41m88888888888888888@@[0;30;41mX[0m
[0;33;41m8[0;31;43m8888888@@@@@@@@@@@@@88888888888888[0;33;41m8888X[0m
[0;33;41m8[0;31;43m88888@@@@X[0;1;30;90;43mSXXXXXX[0;31;43mXX@@@@888888888888[0;33;41m888X[0m
[0;33;41m8[0;31;43m888@@@X[0;1;30;90;43mXX@@@888@@@XX[0;31;43mX@@@88888888888[0;33;41m888@[0m
[0;33;41m8[0;31;43m88@@@[0;1;30;90;43mXX@88888888888@@X[0;31;43mX@@@8888888888[0;33;41m88@[0m
[0;33;41m8[0;31;43m8@@@[0;1;30;90;43mX@@88888888888888@X[0;31;43mX[0;1;30;90;43m%[0;31;43m@88888888888[0;33;41m8@[0m
[0;33;41m8[0;31;43m@@@[0;1;30;90;43mXX@8888888[0;37;5;43;103mX[0;1;30;90;43m8888[0;33;5;43;103m@[0;1;33;93;43m@[0;1;30;90;43m88@X[0;33;5;43;103m;[0;1;30;90;43m%[0;31;43m@88X[0;1;30;90;43m:[0;31;43m888888[0;33;41m8@[0m
[0;33;41m8[0;31;43m@@@[0;1;30;90;43mS@88[0;1;33;93;43mS[0;33;5;43;103mt[0;1;30;90;43m8888[0;37;5;43;103m@[0;1;33;93;47m8[0;1;30;90;43m888[0;33;5;43;103mSS[0;1;30;90;43m88@[0;1;33;93;43m%[0;33;5;43;103mX[0;1;30;90;43mS[0;31;43m@88[0;33;5;43;103mX[0;1;30;90;43m:[0;31;43m888[0;1;30;90;43m.[0;33;41m8[0;31;43m8[0;33;41m8@[0m
[0;33;41m8[0;31;43m@@X[0;1;30;90;43mX[0;1;33;93;43m@[0;1;30;90;43m888[0;33;5;43;103m@@[0;1;30;90;43m88[0;37;43m8[0;37;5;43;103m88[0;1;30;90;43m888[0;37;5;43;103mX[0;33;5;43;103mS[0;1;30;90;43m888[0;33;5;43;103m@8[0;1;30;90;43m%[0;31;43m@8[0;1;33;93;43mtS[0;1;30;90;43m:[0;31;43m88[0;1;33;93;43m%[0;31;43mX88[0;33;41m8@[0m
[0;33;41m8[0;31;43m@@X[0;1;30;90;43mX[0;1;33;93;43mXX[0;1;30;90;43m88[0;33;5;43;103mS[0;37;5;43;103mX[0;37;43m@[0;1;30;90;43m8[0;37;43m8[0;37;5;43;103m8@[0;33;47m8[0;1;30;90;43m8[0;1;33;93;43m@[0;33;5;43;103mSS[0;1;33;93;43m@[0;1;30;90;43m8[0;1;33;93;43m%[0;33;5;43;103m@@[0;1;30;90;43m%[0;31;43m@[0;1;30;90;43mt[0;1;33;93;43m88[0;1;30;90;43m:[0;31;43m8[0;1;33;93;43mtt[0;33;41m8[0;31;43m88[0;33;41m8@[0m
[0;33;41m8[0;31;43m@@@[0;1;30;90;43mXX[0;33;5;43;103mX[0;1;33;93;43mS[0;1;30;90;43m8[0;33;5;43;103mS[0;37;5;43;103mSX[0;1;30;90;43m8[0;1;33;93;43m@[0;37;5;43;103m@X@[0;1;30;90;43m8[0;33;5;43;103mS[0;37;5;43;103mS[0;33;5;43;103m;X[0;1;30;90;43m8[0;33;5;43;103mXt@[0;1;33;93;43m%[0;1;30;90;43m%[0;33;5;43;103m8%[0;1;33;93;43m8[0;31;43m%[0;1;30;90;43m:[0;1;33;93;43m@[0;1;30;90;43m.[0;31;43m888[0;33;41m8@[0m
[0;33;41m@[0;31;43m8@@X[0;1;30;90;43mX[0;33;5;43;103m:@[0;1;33;93;43mS[0;33;5;43;103mS[0;37;5;43;103mS[0;33;5;43;103mtSS[0;37;5;43;103mXX[0;33;5;43;103mSSS[0;37;5;43;103m%[0;33;5;43;103m:X@@;@@[0;1;33;93;43m@[0;33;5;43;103mX;[0;1;33;93;43m8[0;1;30;90;43m:[0;1;33;93;43m@[0;33;5;43;103mt[0;31;43mS888[0;33;41m8X[0m
[0;30;41m8[0;31;43m8@@@[0;1;30;90;43mS[0;33;5;43;103m%;XX:[0;37;5;43;103m%[0;33;5;43;103mS;%[0;37;5;43;103mS[0;33;5;43;103m;%X::XSt;SS[0;1;33;93;43m8[0;33;5;43;103m;;[0;1;33;93;43m88[0;33;5;43;103m%S[0;33;41m8[0;31;43m88[0;33;41m88[0;30;41m8[0m
 [0;31;43m888@[0;1;30;90;43m%[0;1;33;93;43mX[0;33;5;43;103m@8[0;1;33;93;43m@[0;33;5;43;103m@XX[0;1;33;93;43m@[0;33;5;43;103mX@@88[0;1;33;93;43m@@[0;33;5;43;103m8[0;1;33;93;43m@[0;33;5;43;103m8[0;1;33;93;43m@[0;33;5;43;103m8[0;1;33;93;43mS[0;33;5;43;103m88[0;1;33;93;43m@SX@S[0;31;43mX88[0;33;41m88[0m 
 [0;33;41m@[0;31;43m888[0;1;30;90;43m%t[0;33;5;43;103m;[0;1;30;90;43m%[0;33;5;43;103m;[0;1;33;93;43mX[0;1;30;90;43m88X[0;33;5;43;103mS[0;1;30;90;43mX[0;1;33;93;43m8[0;33;5;43;103mS[0;1;30;90;43m8[0;33;5;40;100m;[0;33;42m@[0;1;30;90;43m%[0;33;5;43;103m;[0;1;33;93;43m@[0;1;30;90;43mt[0;33;5;43;103mX[0;32;43m8[0;33;42m8[0;1;30;90;43m8[0;1;33;93;43mS[0;33;5;43;103m%[0;1;30;90;43m:[0;33;5;43;103mt[0;1;30;90;43m:[0;31;43m88[0;33;41m88X[0m 
  [0;31;43m888[0;1;30;90;43mtt[0;33;5;43;103m;[0;1;30;90;43mt[0;33;5;43;103mX[0;1;33;93;43m8[0;1;30;90;43m%%%[0;33;5;43;103mX[0;1;33;93;43mXX[0;33;5;43;103mX[0;1;33;93;43mX[0;1;30;90;43m%t[0;1;33;93;43mX[0;33;5;43;103mX[0;1;33;93;43mSX[0;33;5;43;103m@[0;1;30;90;43m:::[0;1;33;93;43m@@[0;1;30;90;43m:[0;33;5;43;103mS[0;32;43m8[0;31;43m8[0;33;41m888[0m  
  [0;31;40m8[0;31;43m888S[0;1;30;90;43m;tttttt%%ttt[0;31;43mSSSSSSS%%t[0;1;30;90;43m::..[0;31;43m@[0;33;41m888[0;31;40m8[0m  
   [0;30;41m@[0;31;43m88888888888888888888888888888[0;33;41m888[0;30;41m@[0m   
    [0;30;41m8[0;31;43m88888888888888888888888888[0;33;41m8888[0;30;41m8[0m    
     [0;31;40m@[0;31;43m88888888888888888888888[0;33;41m88888[0;31;40m@[0m     
       [0;33;41m@[0;31;43m8888888888888888888[0;33;41m88888X[0m       
        [0;31;40m@[0;33;41m8[0;31;43m88888888888888[0;33;41m8888888[0;31;40m@[0m        
          [0;31;40m8[0;33;41m88[0;31;43m8888[0;33;41m888888888888[0;31;40m8[0m          
             [0;33;41mX888888888888X[0m             
               [0;30;41m8[0;33;41m@888888@[0;30;41m8[0m               
                  [0;31;40m8[0;33;41mXX[0;31;40m8[0m                  
