[0;1;30;90;44m.[0;1;34;94;44mSSSSSSSSXXXXXXXXXXX[0;1;37;97;47m88888@@@@@XXXSSS%%%[0;1;30;90;47mS[0m
[0;1;34;94;44m;8[0;34;5;44;104m8888888[0;35;44mS[0;35;5;40;100m:[0;34;5;44;104m888888888[0;37;5;47;107mttttt8[0;1;30;90;47mX[0;37;5;40;100mS[0;1;30;90;42m@8X%[0;36;5;40;100m [0;1;30;90;47m8[0;1;37;97;47m%[0;37;5;47;107mXX@@[0;1;37;97;47m [0m
[0;1;34;94;44m;[0;34;5;44;104m8888888[0;35;5;40;100mt[0;33;5;43;103mS;[0;33;5;40;100m.[0;1;34;94;44m8[0;34;5;44;104m8888888[0;37;5;47;107m;tt@[0;1;30;90;47m8[0;1;30;90;42m8[0;30;42m%[0;1;30;90;42m;[0;30;42mS;St%S[0;1;30;90;42m;[0;36;5;40;100m [0;1;37;97;47mS[0;37;5;47;107m@@[0;1;37;97;47m [0m
[0;1;34;94;44m;[0;34;5;44;104m88888[0;1;30;90;44m8[0;33;5;40;100mt[0;33;5;43;103m8[0;1;33;93;43m@@8X[0;35;5;40;100m [0;1;34;94;44m8[0;34;5;44;104m@8888[0;37;5;47;107m;;%[0;36;5;40;100m [0;1;30;90;42m%tt[0;36;5;40;100m.[0;1;30;90;47mt[0;1;37;97;47mtS [0;36;5;40;100m [0;1;30;90;42mt[0;30;42mXt[0;32;5;40;100m8[0;1;37;97;47m8[0;37;5;47;107m@[0;1;37;97;47m [0m
[0;1;34;94;44m;[0;34;5;44;104m88888[0;1;30;90;43m8[0;1;33;93;43mX8[0;1;30;90;43m@8[0;1;33;93;43mS[0;33;5;43;103m@[0;1;33;93;43m@[0;34;5;40;100mX[0;34;5;44;104m@@@@@[0;37;5;47;107m:;[0;36;5;40;100m [0;1;30;90;42mSS%[0;1;37;97;47m.[0;37;5;47;107mtttt%%[0;1;37;97;47m%[0;1;30;90;42mS[0;30;42mS%[0;1;30;90;42m8[0;37;5;47;107mX[0;1;37;97;47m.[0m
[0;1;34;94;44m;[0;34;5;44;104m8888[0;1;30;90;44m8[0;33;5;43;103mX%8[0;1;30;90;43m88[0;33;5;43;103m@[0;37;43mS[0;33;5;43;103m%[0;35;5;40;100m:[0;34;5;44;104mXXXX@[0;37;5;47;107m:S[0;1;30;90;42m8XS[0;1;30;90;47m8[0;37;5;47;107mttttt%%%[0;1;30;90;47m8[0;30;42mt%[0;1;30;90;42mt[0;1;37;97;47m%.[0m
[0;1;34;94;44m;[0;34;5;44;104m888[0;1;34;94;44m8[0;1;30;90;43m8[0;33;5;43;103mX8t[0;33;5;40;100m8[0;1;30;90;43m8[0;33;5;43;103m8@@[0;1;30;90;47m%[0;34;5;44;104mXXXXX[0;37;5;47;107m.@[0;1;30;90;42m8@X[0;1;30;90;47m8[0;37;5;47;107mtttttt%%[0;37;5;40;100mX[0;30;42mt%[0;1;30;90;42m%[0;1;37;97;47m8.[0m
[0;1;34;94;44m;[0;34;5;44;104m888[0;33;5;40;100m:[0;33;5;43;103m8[0;1;33;93;43m@[0;33;5;43;103mXS[0;33;5;40;100m@[0;1;30;90;43m8[0;37;5;43;103mX@8@[0;1;30;90;47m8[0;34;5;44;104mSXXX[0;37;5;47;107m..[0;36;5;40;100m;[0;1;30;90;42m@X8[0;1;37;97;47m.[0;37;5;47;107mttttt%[0;1;30;90;47m;[0;1;30;90;42mt[0;30;42m%;[0;32;5;40;100m@[0;37;5;47;107mX[0;1;37;97;47m.[0m
[0;1;34;94;44m;[0;34;5;44;104m8[0;1;34;94;44m8[0;33;5;40;100m:[0;1;33;93;43m@[0;33;5;43;103m8S[0;37;5;43;103m%[0;1;30;90;43m8[0;33;5;40;100m@X[0;37;5;43;103mX@888[0;1;30;90;47m@[0;34;5;44;104mXXX[0;37;5;47;107m..%[0;36;5;40;100mt[0;1;30;90;42mXXS[0;36;5;40;100mt[0;1;30;90;47m%[0;1;37;97;47m:[0;1;30;90;47m;8[0;32;5;40;100mX[0;30;42mtt%[0;32;5;40;100mS[0;37;5;47;107m8X[0;1;37;97;47m.[0m
[0;1;34;94;44m;[0;1;30;90;44m8[0;1;33;93;43mS@[0;33;5;43;103mXX[0;1;33;93;43mX[0;1;30;90;43m8[0;30;5;40;100m8[0;33;5;40;100m@[0;30;5;40;100mX[0;1;30;90;43m8[0;37;5;43;103m@@@8@[0;1;33;93;47m8[0;35;5;40;100m [0;34;5;44;104mX[0;37;5;47;107m..:@[0;1;30;90;47mS[0;1;30;90;42m8S%t[0;30;42m%[0;1;30;90;42m;[0;30;42m%;%[0;1;30;90;42m8[0;1;30;90;47m@[0;37;5;47;107m8XX[0;1;37;97;47m.[0m
[0;1;34;94;44m;[0;34;5;44;104m8[0;1;34;94;44m8[0;1;30;90;44m88@@88[0;34;5;40;100m8@XX[0;35;5;40;100mt [0;37;5;40;100mS[0;35;5;40;100m.[0;35;5;44;104m8[0;34;5;44;104mXX[0;37;5;47;107m.:::;X[0;1;37;97;47mt[0;1;30;90;47m8[0;32;5;40;100mX[0;36;5;40;100m.[0;32;5;40;100m%[0;36;5;40;100m%[0;1;30;90;47mX[0;1;37;97;47m [0;37;5;47;107m8SSXX[0;1;37;97;47m [0m
[0;1;30;90;44m@[0;34;5;44;104m88@@[0;36;5;44;104m@@@XXX[0;37;5;44;104m88[0;1;34;94;47m8888[0;37;5;44;104m8[0;36;5;44;104mX[0;37;5;44;104m8[0;37;5;47;107m8888888[0;1;37;97;47m@@@@XXXSSS%%[0;1;30;90;47m8[0m
[0;37;5;40;100mS[0;37;5;47;107mttt;;;;:%[0;1;37;97;47m:  .[0;37;5;47;107m%:..::[0;34;5;44;104m@888888[0;34;5;40;100mX[0;1;34;94;44m8[0;34;5;44;104m88[0;1;34;94;44m88888888[0;30;44mX[0m
 [0;37;5;47;107mtttttt[0;1;37;97;47mt[0;36;5;40;100mt[0;1;30;90;42m@@@888[0;32;5;40;100mS[0;1;37;97;47m [0;37;5;47;107mt:;[0;34;5;44;104m88888[0;1;34;94;44m8[0;33;5;40;100m;[0;33;5;43;103m;[0;1;30;90;43m8[0;35;44mS[0;1;34;94;44m888888888[0m 
 [0;1;30;90;47m.[0;37;5;47;107mtttt[0;1;30;90;47m8[0;1;30;90;42m%S8[0;1;30;90;47m8[0;1;37;97;47m  [0;1;30;90;47m@[0;32;5;40;100mX[0;1;30;90;42mXX[0;37;5;40;100mt[0;37;5;47;107mt;[0;34;5;44;104m8888[0;34;5;40;100m@[0;1;30;90;43m%[0;1;33;93;43m%[0;1;30;90;43m;:[0;1;33;93;43m%[0;35;5;40;100mt[0;1;34;94;44m8888888.[0m 
  [0;37;5;47;107mStt[0;1;30;90;47mS[0;1;30;90;42mtt[0;36;5;40;100mt[0;37;5;47;107m@;;;;S[0;36;5;40;100m [0;1;30;90;42mSS[0;1;30;90;47m8[0;37;5;47;107mt[0;34;5;44;104m8888[0;1;30;90;43m8[0;33;5;43;103m@[0;1;33;93;43m@[0;1;30;90;43m;[0;1;33;93;43mS%[0;33;5;40;100mS[0;1;34;94;44m888888@[0m  
  [0;36;5;40;100m [0;37;5;47;107mtt[0;32;5;40;100mX[0;30;42mt[0;1;30;90;42m;[0;1;37;97;47mt[0;37;5;47;107mtttttt[0;1;37;97;47m@[0;1;30;90;42mtt[0;32;5;40;100m@[0;37;5;47;107mt[0;34;5;44;104m888[0;1;30;90;44m8[0;1;33;93;43m@@S[0;31;5;40;100mS[0;1;33;93;43mX%S[0;1;34;94;44mS88888[0;30;44m@[0m  
   [0;37;5;40;100m8[0;37;5;47;107m%[0;36;5;40;100m [0;30;42mt;[0;1;30;90;47mX[0;37;5;47;107mtttttt[0;1;30;90;47m@[0;1;30;90;42m;;[0;37;5;40;100mt[0;37;5;47;107mt[0;34;5;44;104m88[0;1;30;90;44m8[0;1;30;90;43mt[0;1;33;93;43mX[0;33;5;43;103mX[0;1;30;90;43m:[0;31;40m@[0;33;5;43;103m%[0;1;33;93;43mXS[0;1;30;90;43m8[0;1;34;94;44mX88@[0;30;44mt[0m   
    [0;37;5;40;100m8[0;1;37;97;47m%[0;1;30;90;42m8[0;30;42mSt[0;37;5;40;100m;[0;1;37;97;47mS[0;37;5;47;107mX8[0;1;37;97;47m;[0;36;5;40;100m [0;30;42mt%[0;1;30;90;42m8[0;1;37;97;47m@[0;37;5;47;107mt[0;1;34;94;44m8[0;35;5;40;100m [0;1;33;93;43m%8[0;33;5;43;103m8[0;1;30;90;43m.[0;31;40m:S[0;1;30;90;43m.[0;33;5;43;103m@[0;1;33;93;43m8XS[0;35;5;40;100mX[0;1;34;94;44m@[0;30;44m%[0m    
     [0;36;5;40;100m.[0;1;37;97;47m.[0;36;5;40;100m [0;30;42m;t;%;%[0;1;30;90;42m:t[0;37;5;40;100mt[0;1;37;97;47m@[0;37;5;47;107m%%[0;1;34;94;44m8S[0;1;30;90;44m88t[0;30;44mX@8@X[0;34;5;40;100mX[0;35;5;40;100m%[0;34;5;40;100m8[0;1;30;90;44mX[0;34;40m8[0m     
       [0;1;30;90;47m [0;1;37;97;47mX[0;1;30;90;47m%[0;36;5;40;100m: : [0;1;30;90;47m;[0;1;37;97;47mX[0;37;5;47;107m%%SS[0;1;34;94;44m8888888888@@.[0m       
        [0;36;5;40;100m.[0;1;37;97;47m@[0;37;5;47;107mSSSSSSSSSS[0;1;34;94;44m88888888@@%[0;30;44m8[0m        
          [0;36;5;40;100m [0;1;37;97;47mX[0;37;5;47;107mXXXXXXXX[0;1;34;94;44m88888@@@%[0;30;44m8[0m          
             [0;1;30;90;47m.[0;37;5;47;107m@@@@@@[0;1;34;94;44m@@@@@@.[0m             
               [0;37;5;40;100mS[0;1;37;97;47m;[0;37;5;47;107m@@@[0;1;34;94;44m@@@t[0;30;44mS[0m               
                  [0;36;5;40;100m [0;1;30;90;47mt[0;30;44m @[0m                  
