[0;1;30;90;47mt[0;1;37;97;47m@@@888888888888[0;34;40m;::::::.[0;1;37;97;47m@@@@@@XXXSSS%%%[0;1;30;90;47mS[0m
[0;1;37;97;47m:[0;37;5;47;107m%ttttttttttt;X8[0;1;30;90;40mS[0;34;40m;;;;;::[0;37;5;47;107m8Xt%%%%SSSXXX@@[0;1;37;97;47m [0m
[0;1;37;97;47m;[0;37;5;47;107mttttttt;;;;;;[0;37;5;40;100m@[0;1;30;90;40mXXXSSS[0;34;40m;;;:[0;36;5;40;100m [0;37;5;47;107mttt%%%SSSXX@@[0;1;37;97;47m [0m
[0;1;37;97;47m;[0;37;5;47;107mttttt;;;;;:::[0;1;30;90;47mS[0;36;5;40;100m.[0;1;30;90;40m8@@XXSS[0;34;40m;[0;36;5;40;100m%[0;1;30;90;47m8[0;37;5;47;107mtttt%%%SSSXX@[0;1;37;97;47m [0m
[0;1;37;97;47m;[0;37;5;47;107mtttt;;;;::::...[0;30;5;40;100m8[0;1;30;90;40m888@@XS[0;37;5;47;107mttttttt%%%SSXXX[0;1;37;97;47m.[0m
[0;1;37;97;47m;[0;37;5;47;107mttt;;;:::... 8[0;1;37;97;47m%[0;30;5;40;100m@88[0;1;30;90;40m888@X[0;1;37;97;47m.X[0;37;5;47;107mttttt%%%SSSXX[0;1;37;97;47m.[0m
[0;1;37;97;47m;[0;37;5;47;107mtt;;;::..    [0;1;30;90;47m@[0;30;5;40;100mXX@@88[0;1;30;90;40m88@X[0;37;5;40;100mS[0;37;5;47;107mtttttt%%%SSXX[0;1;37;97;47m.[0m
[0;1;37;97;47m;[0;37;5;47;107mtt;;;::.     [0;1;37;97;47m%[0;1;30;90;47mS[0;36;5;40;100mt[0;30;5;40;100mSX@8[0;1;30;90;40m88@[0;37;5;40;100m8[0;1;30;90;47m.[0;37;5;47;107m;ttttt%%%SSXX[0;1;37;97;47m.[0m
[0;1;37;97;47m;[0;37;5;47;107mt;[0;1;30;90;47m:XS[0;1;37;97;47m8[0;37;5;47;107m..8[0;1;30;90;47m::[0;1;37;97;47m:[0;37;5;47;107m   [0;36;5;40;100m;[0;30;5;40;100mSX@88[0;1;30;90;40m88[0;37;5;47;107m;;;[0;1;30;90;47m;88[0;1;37;97;47mS[0;37;5;47;107mt%[0;1;37;97;47mS[0;37;5;40;100m88[0;1;30;90;47mX[0;37;5;47;107mSX[0;1;37;97;47m.[0m
[0;36;5;40;100m [0;37;5;40;100m88[0;30;5;40;100m8[0;1;30;90;40mX@[0;36;5;40;100m [0;1;30;90;47m@X[0;37;5;40;100mS[0;30;5;40;100mXS[0;36;5;40;100m.[0;1;30;90;47mttt[0;36;5;40;100mt[0;30;5;40;100mSX@88[0;1;30;90;40m8@[0;1;30;90;47m8[0;37;5;40;100m88[0;1;30;90;40m8[0;34;40m;:[0;36;5;40;100m:[0;37;5;40;100m@X[0;36;5;40;100m:[0;34;40m..[0;1;30;90;40mS[0;37;5;40;100mSS[0;36;5;40;100m [0m
[0;34;40m:;;[0;1;30;90;40mSX@88[0;30;5;40;100m88@XXSSSSX@88[0;1;30;90;40m88@XS%[0;34;40m;;:::....... [0m
[0;34;40m.;;[0;1;30;90;40m%SX@88[0;30;5;40;100m888@@@@@888[0;1;30;90;40m88@XSS[0;34;40m;;::::....... [0m
[0;34;40m.:;;[0;1;30;90;40m%SX@@888[0;30;5;40;100m888888[0;1;30;90;40m888@XSS[0;34;40m;;::::.......  [0m
 [0;34;40m::;;[0;1;30;90;40m%SXX@@8888888@@XXS%[0;34;40m;;::::........ [0m 
 [0;1;30;90;47m8[0;1;37;97;47mS[0;30;5;40;100mX[0;34;40m;;[0;37;5;40;100m8[0;1;37;97;47mXX[0;1;30;90;47m8[0;1;30;90;40mXX[0;30;5;40;100mS[0;1;37;97;47m@@@[0;1;30;90;40m@XXSSS[0;34;40m;;[0;1;37;97;47mSXS[0;30;5;40;100m8[0;34;40m:.[0;37;5;40;100m@[0;1;37;97;47m%%[0;37;5;40;100m@[0;34;40m..[0;1;30;90;40m8[0;1;37;97;47m;[0;37;5;40;100m8[0m 
  [0;37;5;47;107mS8[0;1;37;97;47m88[0;37;5;47;107mXttX[0;1;37;97;47m88[0;37;5;47;107m8;;;[0;1;30;90;40mXS%[0;34;40m;;;;:[0;37;5;47;107m%tt[0;1;37;97;47m8@@[0;37;5;47;107m@SS8[0;1;37;97;47mXSX[0;37;5;47;107m8[0m  
  [0;36;5;40;100m [0;37;5;47;107mttttttttttt[0;37;5;40;100m8[0;1;30;90;40m8[0;34;40m;;;;::::[0;1;30;90;40m@[0;37;5;40;100mS[0;37;5;47;107m%%%%SSSXXX@[0;36;5;40;100m [0m  
   [0;37;5;40;100m8[0;37;5;47;107m%ttttttttt[0;37;5;40;100mS[0;34;40m;:::::::::[0;36;5;40;100m [0;37;5;47;107m%%SSSSXXX@[0;37;5;40;100m8[0m   
    [0;37;5;40;100m8[0;37;5;47;107m%%%%ttttttt[0;34;40m:::::...[0;37;5;47;107mS%SSSSXXX@@[0;37;5;40;100m8[0m    
     [0;36;5;40;100m.[0;37;5;47;107m8%%%%%%%8[0;1;37;97;47m@[0;34;40m:.......[0;1;37;97;47mX8[0;37;5;47;107mSSXXXX@[0;1;37;97;47m8[0;36;5;40;100m.[0m     
       [0;1;30;90;47m [0;37;5;47;107mSSS%%%[0;36;5;40;100m [0;34;40m..........[0;36;5;40;100m [0;37;5;47;107mXXXX@@[0;1;30;90;47m.[0m       
        [0;36;5;40;100m.[0;1;37;97;47m@[0;37;5;47;107mSSSS[0;1;30;90;47m8[0;30;5;40;100mS[0;34;40m........[0;30;5;40;100mX[0;37;5;40;100m8[0;37;5;47;107mX@@@[0;1;37;97;47mX[0;36;5;40;100m.[0m        
          [0;36;5;40;100m [0;1;37;97;47mX[0;37;5;47;107mXXXX[0;34;40m.....   [0;37;5;47;107m@@@@[0;1;37;97;47mS[0;36;5;40;100m [0m          
             [0;1;30;90;47m.[0;37;5;47;107m@@[0;34;40m.       [0;37;5;47;107m88[0;1;30;90;47m.[0m             
               [0;37;5;40;100mS[0;34;40m.       [0;37;5;40;100mS[0m               
                  [0;34;40m    [0m                  
