[0;1;30;90;43m.[0;1;33;93;43m8888[0;33;5;43;103m88888888888888888888[0;1;33;93;43m888@@@@@@XXXXX[0;1;30;90;43m [0m
[0;1;33;93;43m%[0;33;5;43;103mt;;;;;;;t%;;;;;;;;;;;;;;;;ttS%tt%%%%SS[0;1;30;90;43m [0m
[0;1;33;93;43m%[0;33;5;43;103m;;;;;;;[0;1;33;93;43m8[0;33;42m8S[0;1;30;90;43mS[0;33;5;43;103m;::::;;;;;;;;;;;[0;1;30;90;43m:[0;33;42mtX[0;1;33;93;43mX[0;33;5;43;103mtt%%%SS[0;1;30;90;43m [0m
[0;1;33;93;43m%[0;33;5;43;103m;;;;;[0;1;30;90;43m%[0;33;42m8X[0;1;30;90;42mX@@[0;32;43m8[0;1;30;90;43m8[0;33;5;43;103m:::::::;;;;;[0;32;43m8[0;33;42m@[0;1;30;90;42m;::[0;33;42mtX[0;32;43m%[0;33;5;43;103m%%%%S[0;1;33;93;43mt[0m
[0;1;33;93;43mS[0;33;5;43;103m;;;tX[0;1;33;93;43mS[0;1;30;90;42mX@@888[0;1;30;90;43m8[0;33;5;43;103mt;.::::::;%S[0;1;30;90;43mt[0;1;30;90;42m;;::::[0;1;30;90;43m.[0;33;5;43;103m8%%%%[0;1;33;93;43mt[0m
[0;1;33;93;43mS[0;33;5;43;103m;;;8[0;1;30;90;42mX[0;33;42m8[0;1;30;90;42m@88888[0;1;30;90;43m8[0;1;30;90;42m8[0;37;43mS[0;37;5;43;103mSSS%[0;33;5;43;103m::::[0;1;30;90;43mS[0;1;30;90;42mS[0;33;42m@[0;1;30;90;42mt;;:::[0;33;42mS[0;1;30;90;42m:[0;1;33;93;43m@[0;33;5;43;103m%%%[0;1;33;93;43mt[0m
[0;1;33;93;43mS[0;33;5;43;103m;;;;[0;1;30;90;43mX[0;1;30;90;42m@88888[0;32;5;40;100mXX[0;1;30;90;43m8[0;37;5;43;103mXXXSS%[0;33;5;43;103m:::;[0;1;30;90;43mS[0;1;30;90;42m%tt;::::[0;1;30;90;43m:[0;33;5;43;103mt%%%[0;1;33;93;43mt[0m
[0;1;33;93;43mS[0;33;5;43;103m;;;:;[0;1;30;90;43m@[0;1;30;90;42m8888[0;32;5;40;100mXS[0;1;30;90;43m8[0;37;5;43;103m@XXXXSS%[0;33;5;43;103m:::t[0;1;30;90;43mS[0;1;30;90;42m%t;;::[0;1;30;90;43m:[0;33;5;43;103m%t%%%[0;1;33;93;43mt[0m
[0;1;33;93;43mS[0;33;5;43;103m;;;:8[0;1;30;90;42m8888[0;32;5;40;100mXS[0;36;5;40;100m%[0;33;5;40;100mt[0;1;33;93;47m@[0;37;5;43;103mXXXXXS%[0;33;5;43;103m:::[0;1;33;93;43mS[0;1;30;90;42mS%t;;::[0;33;42m;[0;1;33;93;43m8[0;33;5;43;103mt%%%[0;1;33;93;43mt[0m
[0;1;33;93;43mS[0;33;5;43;103m;;;::X[0;1;30;90;43m8[0;1;30;90;42m88[0;32;5;40;100mXS[0;1;30;90;43m8[0;37;5;43;103m8XXXXXSS%[0;33;5;43;103m:::;[0;1;33;93;43m8[0;33;42m8[0;1;30;90;42mt;;:[0;32;43m8[0;33;5;43;103m8tt%%%[0;1;33;93;43mt[0m
[0;1;33;93;43m%[0;33;5;43;103m;;;:::[0;1;33;93;43mX[0;1;30;90;42m8888[0;1;30;90;43m8[0;37;5;43;103mXXXXXSSS[0;33;5;43;103m::::;;[0;1;30;90;43m%[0;1;30;90;42mt;::[0;1;30;90;43m:[0;33;5;43;103mttt%%%[0;1;30;90;43m [0m
[0;1;30;90;43m:[0;33;5;43;103m;;;;:::[0;1;33;93;43m8[0;1;30;90;42m88[0;37;43mS[0;37;5;43;103mSSXXSSS%[0;33;5;43;103m::::;;;;[0;1;30;90;43m;[0;1;30;90;42mt[0;33;42mt[0;1;33;93;43m%[0;33;5;43;103mtttt%%%[0;1;30;90;43m [0m
[0;1;30;90;43m:[0;33;5;43;103m;;;;;:::[0;1;33;93;43mX[0;1;30;90;43m8[0;37;5;43;103m%%SSS%%[0;33;5;43;103m:88::;;;;;;[0;1;30;90;43m;:[0;33;5;43;103mtttt%%%%[0;1;30;90;43m.[0m
 [0;33;5;43;103m;;;;;;;:tX:::::tX[0;1;30;90;43m@[0;1;30;90;42m@@[0;1;30;90;43mX[0;33;5;43;103m@S;;;;;8Stttt%%%S[0m 
 [0;1;30;90;43m.[0;33;5;43;103m;;;;;;;;;:::::[0;32;43m8[0;1;30;90;42mXXSS%%[0;33;42m8[0;33;5;43;103m;;;;;ttttt%%%%[0;1;30;90;43m [0m 
  [0;33;5;43;103mt;;;;;;;;;;;@[0;1;33;93;43m%[0;1;30;90;43m%[0;1;30;90;42mS%%%tt[0;1;30;90;43m;[0;1;33;93;43m%[0;33;5;43;103m8;;ttttt%%%%S[0m  
  [0;1;30;90;43m.[0;33;5;43;103m;;;;;;;;;;;8[0;1;30;90;42m%tttt;;;;;[0;1;33;93;43m8[0;33;5;43;103mtttttt%%%%S[0;1;30;90;43m.[0m  
   [0;1;30;90;43m.[0;33;5;43;103mt;;;;;;;;;;[0;1;33;93;43mS[0;1;30;90;42m;;;;;::;[0;1;33;93;43m%[0;33;5;43;103mttttt%%%%%S[0;1;30;90;43m [0m   
    [0;1;30;90;43m:[0;33;5;43;103mtttt;;;;;;8[0;1;30;90;43m:[0;1;30;90;42m::::::[0;32;43m%[0;1;33;93;43m8[0;33;5;43;103mttt%%%%%SS[0;1;30;90;43m.[0m    
     [0;1;30;90;43m.[0;33;5;43;103mStttttttt8[0;33;42mX[0;1;30;90;42m::::::[0;33;42mS[0;33;5;43;103m8t%%%%%%S@[0;31;43m8[0m     
       [0;1;30;90;43m.[0;33;5;43;103mttttttttS[0;32;43m%[0;1;30;90;42m::::[0;32;43mS[0;33;5;43;103mS%%%%%%SS[0;1;30;90;43m [0m       
        [0;31;43m8[0;1;33;93;43m@[0;33;5;43;103m%%%%%%%[0;1;30;90;43m.[0;1;30;90;42m:[0;30;42m::[0;1;30;90;42m:[0;1;30;90;43m.[0;33;5;43;103m%%%%SSS[0;1;33;93;43mX[0;31;43m8[0m        
          [0;1;30;90;43m.[0;1;33;93;43m@[0;33;5;43;103m%%%%%%[0;1;33;93;43m8[0;33;42m@X[0;1;33;93;43m8[0;33;5;43;103m%%SSSS[0;1;33;93;43mX[0;1;30;90;43m [0m          
             [0;1;30;90;43m [0;33;5;43;103mSSSSS[0;1;30;90;43m  [0;33;5;43;103mSSSSS[0;1;30;90;43m [0m             
               [0;1;30;90;43m.[0;1;33;93;43mS[0;33;5;43;103mSSXXSS[0;1;33;93;43mS[0;1;30;90;43m [0m               
                  [0;1;30;90;43m    [0m                  
