[0;30;42mX;[0;32;5;40;100mX[0;37;5;40;100mt[0;36;5;40;100m [0;1;30;90;42m%:;;;;;t[0;36;5;40;100m [0;37;5;40;100mX[0;36;5;40;100m:[0;1;30;90;42mtt;;;;:%[0;36;5;40;100m [0;37;5;40;100mS[0;32;5;40;100m@[0;30;42m;;;;;t[0;33;41m@[0;1;31;91;41m%%ttt[0;30;41m:[0m
[0;30;42m%[0;1;30;90;42m8[0;1;37;97;47m 88[0;32;5;40;100mS[0;1;30;90;42mtttt%%[0;36;5;40;100m [0;1;37;97;47m@@8[0;1;30;90;42mX%%%ttt[0;1;30;90;47m8[0;1;37;97;47m88[0;1;30;90;47m8[0;1;30;90;42mt:::[0;33;42m8[0;1;31;91;41mS8888@@.[0m
[0;30;42m%[0;36;5;40;100mt[0;37;5;47;107m8XX[0;1;37;97;47m8[0;36;5;40;100mt[0;1;30;90;42m%%SSS[0;1;30;90;47mt[0;37;5;47;107m@SS[0;1;37;97;47mX[0;1;30;90;42mXSS%%%[0;1;37;97;47m@[0;37;5;47;107mXX[0;1;37;97;47m8[0;1;30;90;47mX[0;1;30;90;42m:[0;33;42mS[0;33;41mX[0;1;31;91;41m8888888@:[0m
[0;30;42m%[0;32;5;40;100mS[0;37;5;47;107mttXS[0;36;5;40;100m [0;1;30;90;42mSXX@@[0;1;30;90;47mt[0;37;5;47;107m:t%t[0;1;30;90;42m@@XXSS[0;37;5;47;107m8tXX[0;1;37;97;47m [0;31;43m8[0;1;31;91;41m888888888@[0;30;41m%[0m
[0;30;42mt[0;1;30;90;42m;[0;1;37;97;47m;[0;37;5;47;107mSS[0;1;37;97;47m.[0;1;30;90;42m@X@@88[0;36;5;40;100m%[0;37;5;47;107m%t;[0;1;30;90;47m8[0;1;30;90;42m888@XX[0;1;30;90;47m8[0;37;5;47;107m%X[0;1;37;97;47m [0;31;5;41;101m8888[0;1;31;91;41m888888t[0;33;42m@[0;30;42mS[0m
[0;30;42mt[0;1;30;90;42mt[0;36;5;40;100m.[0;1;37;97;47m  [0;36;5;40;100mt[0;1;30;90;42mX@88888[0;1;30;90;47mt[0;1;37;97;47m%:[0;1;30;90;42m888888@8[0;1;37;97;47m;[0;35;5;41;101m@[0;31;5;41;101m88888[0;1;31;91;41m8888@[0;33;5;40;100mX[0;1;30;90;42m8[0;30;42m.S[0m
[0;30;42mt[0;1;30;90;42mt%SSX@88[0;32;5;40;100mS[0;1;30;90;42m888[0;32;5;40;100mXXXX[0;1;30;90;42m88[0;32;5;40;100mX[0;1;30;90;42m888[0;1;30;90;43m@[0;31;5;41;101m88888888[0;1;31;91;41m88[0;33;41m8[0;1;30;90;42m%...[0;30;42mS[0m
[0;30;42mt[0;1;30;90;42mt%SX@8[0;36;5;40;100m;[0;1;37;97;47m@8[0;1;30;90;47m%[0;32;5;40;100mXS[0;36;5;40;100m%%%[0;32;5;40;100m%S[0;1;30;90;47mt[0;1;37;97;47m8@[0;33;5;40;100mt[0;31;5;41;101m8888888888[0;33;41mS[0;33;42m@[0;1;30;90;42m:....[0;30;42mS[0m
[0;30;42mt[0;1;30;90;42mt%SX@8[0;1;37;97;47m8[0;37;5;47;107m%%[0;1;37;97;47m%[0;1;30;90;47m8[0;36;5;40;100m%t;;t[0;1;30;90;47m8[0;37;5;47;107mX[0;1;37;97;47mX[0;35;5;41;101mX[0;31;5;41;101m@@@8888888[0;1;30;90;47m8[0;33;5;40;100m [0;1;30;90;42m::....[0;30;42mS[0m
[0;30;42mt[0;1;30;90;42mt%SX@8[0;37;5;47;107mS:.%[0;1;37;97;47mt[0;36;5;40;100m%ttt%[0;37;5;40;100mX[0;1;30;90;47m8[0;31;5;41;101mXX@@@88888[0;1;30;90;47m8[0;37;5;47;107mX@@[0;1;30;90;42m;:....[0;30;42mS[0m
[0;30;42mt[0;1;30;90;42mt%SX@@[0;1;37;97;47mt[0;37;5;47;107m.t [0;1;30;90;47m%[0;32;5;40;100mXSSS[0;33;5;40;100mX[0;31;5;41;101m@XXX@@8888[0;33;41m@[0;33;5;40;100m [0;37;5;47;107mt@t[0;1;37;97;47mX[0;1;30;90;42m::....[0;30;42mS[0m
[0;30;42mS[0;1;30;90;42mtt%SX@[0;36;5;40;100m;[0;37;5;47;107m;:[0;1;37;97;47m%[0;1;30;90;42m888[0;33;5;40;100m@[0;31;43m8[0;31;5;41;101mXXX@@@888[0;1;31;91;41m@[0;1;30;90;43m%[0;1;30;90;42mtt[0;1;37;97;47m@[0;37;5;47;107m%X[0;1;30;90;42mS::....[0;30;42m@[0m
[0;32;40m8[0;1;30;90;42m;t%%SX@[0;36;5;40;100m%;[0;32;5;40;100mX[0;1;30;90;42m8[0;32;5;40;100m8[0;1;30;90;43m8[0;31;5;41;101mXX@@@@@888[0;1;30;90;43mS[0;1;30;90;42m%tt;@88::....[0;30;42m.[0;32;40m8[0m
 [0;1;30;90;42m;;t%%SSX@@[0;1;30;90;43m8[0;31;5;41;101m8@@@@@8888[0;33;41m8[0;1;30;90;42m8[0;37;5;40;100m;[0;1;30;90;47m8[0;32;5;40;100mS[0;1;30;90;42m;::::::....[0;30;42m.[0m 
 [0;30;42mS[0;1;30;90;42m;;tt%%S[0;1;30;90;43mX[0;1;31;91;41m@[0;31;5;41;101m888888888[0;1;31;91;41m@[0;1;30;90;43mS[0;1;30;90;42m%[0;1;30;90;47m8[0;1;37;97;47m88[0;1;30;90;47m@[0;1;30;90;42mt:::::....[0;30;42m.S[0m 
  [0;1;30;90;42m::;;tt[0;33;41m8[0;31;5;41;101m888888888[0;1;31;91;41m8[0;1;30;90;43mS[0;1;30;90;42m%tt[0;1;37;97;47m@[0;37;5;47;107mXX[0;1;37;97;47m8[0;1;30;90;47mX[0;1;30;90;42m::::....[0;30;42m.:[0m  
  [0;32;40m8[0;1;30;90;42m::;[0;31;43m8[0;1;31;91;41m8[0;31;5;41;101m888888888[0;33;41m8[0;1;30;90;42mtt;;;[0;37;5;47;107m8tX@[0;1;30;90;47m:[0;1;30;90;42m:::....[0;30;42m..[0;32;40m8[0m  
   [0;30;42m8[0;1;30;90;43m;[0;1;31;91;41mX[0;31;5;41;101m8888888888[0;33;5;40;100m8[0;1;30;90;42m;;;;::[0;37;5;40;100m%[0;37;5;47;107mS@[0;1;37;97;47m8[0;1;30;90;42m8:.....[0;30;42m..8[0m   
    [0;30;41m%[0;1;31;91;41m8888[0;31;5;41;101m8888[0;1;31;91;41m8[0;33;5;40;100m%[0;1;30;90;47mt[0;1;30;90;42m;::::::S[0;1;30;90;47m;[0;1;37;97;47m [0;37;5;40;100m;[0;1;30;90;42m......[0;30;42m..8[0m    
     [0;30;41m8[0;1;31;91;41m@88888[0;33;41m8[0;1;30;90;42mt:::::%;:::.......[0;30;42m..:[0;32;40mX[0m     
       [0;1;31;91;41m:88[0;33;41m%[0;33;42mX[0;1;30;90;42m::::::[0;1;30;90;47m8[0;1;37;97;47m::[0;1;30;90;42m8.......[0;30;42m...S[0m       
        [0;31;40m8[0;31;43m8[0;1;30;90;42m.......[0;36;5;40;100m%[0;1;37;97;47mX88[0;1;30;90;47m8[0;1;30;90;42mS...[0;30;42m....t[0;32;40mX[0m        
          [0;32;40m@[0;30;42mt[0;1;30;90;42m.....[0;32;5;40;100mS[0;37;5;47;107m8X8[0;1;37;97;47m8[0;36;5;40;100m;[0;30;42m....:t[0;32;40m@[0m          
             [0;30;42mS...[0;1;30;90;42m%[0;37;5;47;107m8888[0;1;30;90;42m8[0;30;42m:::X[0m             
               [0;32;40m8[0;30;42m%:[0;1;30;90;47m8[0;37;5;47;107m88[0;36;5;40;100m [0;30;42m:%[0;32;40m8[0m               
                  [0;32;40m8[0;1;30;90;42m88[0;32;40m8[0m                  
