[0;34;40m......:::::::::::::::::...........      [0m
[0;34;40m..:::::;;;;;;[0;1;30;90;40m%%%%[0;34;40m;;;;;:::::.........    [0m
[0;34;40m.::::;;;[0;1;30;90;40m%SSSXXXXXXSSS[0;34;40m;;;:::::........   [0m
[0;34;40m.::;;;[0;1;30;90;40mSSXX@@@888@@@XXSS[0;34;40m;;;::::.......   [0m
[0;34;40m.:;;;[0;1;30;90;40mSXX@88888[0;30;5;40;100m8[0;1;30;90;40m88888@@XS%[0;34;40m;;::::.......  [0m
[0;34;40m:;;;[0;1;30;90;40mSX@@88[0;30;5;40;100m8888@8888[0;1;30;90;40m888@XS%[0;34;40m;;:::.......  [0m
[0;34;40m:;;[0;1;30;90;40mSXX@88[0;30;5;40;100m88@XXSXX@@88[0;1;30;90;40m88@XS[0;34;40m;;::::....... [0m
[0;31;40m%[0;1;30;90;40m88[0;30;5;40;100m8@XX[0;31;5;40;100mS[0;33;5;40;100m8@:. ;tt;..:8[0;31;5;40;100mS[0;30;5;40;100mXX@88[0;1;30;90;40m88[0;31;40mS[0;1;30;90;40m88@[0;31;40m%%%%[0;1;30;90;40mXX[0;31;40m;[0m
[0;1;33;93;43m%[0;33;5;43;103m;;[0;1;37;97;47m8[0;37;5;47;107m;:%[0;33;5;43;103m.[0;37;5;43;103mSS[0;37;5;47;107m   [0;1;37;97;47m8[0;37;5;43;103m@@[0;1;37;97;47m8[0;37;5;47;107m   [0;37;5;43;103mS%[0;33;5;43;103m:[0;37;5;47;107m%;;S[0;33;5;43;103m;;;[0;37;5;47;107mtt%[0;37;5;43;103m8[0;33;5;43;103mtt[0;37;5;43;103m8[0;37;5;47;107mSX[0;1;37;97;47m.[0m
[0;1;33;93;43mS[0;37;5;43;103mSX[0;1;37;97;47m8[0;37;5;47;107mtt%[0;37;5;43;103m8@@[0;37;5;47;107m...[0;1;37;97;47m8[0;37;5;43;103mXX[0;1;37;97;47m8[0;37;5;47;107m...[0;37;5;43;103m@8@[0;37;5;47;107mStt[0;1;37;97;47m8[0;37;5;43;103mSS[0;33;5;43;103m;[0;37;5;47;107m%SS[0;1;33;93;47m8[0;33;5;43;103mtt[0;37;5;43;103m8[0;37;5;47;107m@@[0;1;30;90;47m [0m
[0;1;37;97;47m:[0;37;5;47;107mtt[0;37;5;43;103m8[0;33;5;43;103m::[0;37;5;43;103m@[0;37;5;47;107m:..[0;37;5;43;103mSXX[0;37;5;47;107m;  ;[0;37;5;43;103mXXS[0;37;5;47;107m.::[0;1;33;93;47m@[0;33;5;43;103m:;[0;37;5;43;103m8[0;37;5;47;107mttt[0;33;5;43;103m;;t[0;1;37;97;47m8[0;37;5;47;107m%S[0;1;37;97;47m8[0;33;5;43;103m%%[0;1;30;90;43m [0m
[0;1;30;90;47mt[0;37;5;47;107m%%[0;1;33;93;47m@[0;37;5;43;103m@@[0;1;33;93;47m@[0;37;5;47;107mt;;[0;37;5;43;103m@@X[0;37;5;47;107m;::;[0;37;5;43;103mX@@[0;37;5;47;107m;;t[0;1;33;93;47mX[0;37;5;43;103m@X[0;1;33;93;47m8[0;37;5;47;107m%%%[0;37;5;43;103mS[0;33;5;43;103m;t[0;1;37;97;47m8[0;37;5;47;107mXX[0;1;37;97;47m8[0;33;5;43;103m%%[0;1;30;90;43mS[0m
[0;1;30;90;43m:[0;33;5;43;103m;;[0;1;37;97;47m8[0;37;5;47;107m;;S[0;33;5;43;103m:::[0;37;5;47;107m:..[0;1;33;93;47mX[0;37;5;43;103mSSX[0;37;5;47;107m.::[0;33;5;43;103m:::[0;37;5;47;107mS;t[0;1;37;97;47m8[0;33;5;43;103m;;;[0;37;5;47;107mt%%[0;37;5;43;103m8[0;33;5;43;103mt%[0;37;5;43;103m8[0;37;5;47;107mXX[0;37;5;40;100mS[0m
 [0;37;5;43;103mXX[0;1;37;97;47m8[0;37;5;47;107m%%[0;1;37;97;47m8[0;37;5;43;103m888[0;37;5;47;107mttt[0;1;33;93;47mS[0;37;5;43;103m88[0;1;33;93;47mX[0;37;5;47;107mttt[0;37;5;43;103m888[0;1;37;97;47m8[0;37;5;47;107m%S[0;1;37;97;47m8[0;37;5;43;103mXXX[0;37;5;47;107mSXX[0;1;33;93;47m8[0;37;5;43;103mS[0;33;5;43;103m%[0;1;33;93;47m8[0;1;37;97;47m88[0m 
 [0;1;30;90;47m.[0;37;5;47;107mt[0;37;5;43;103m8[0;33;5;43;103m;;[0;37;5;43;103m8[0;37;5;47;107m;;;[0;33;5;43;103m;::[0;37;5;47;107mS;;%[0;33;5;43;103m::;[0;37;5;47;107m;;t[0;37;5;43;103m8[0;33;5;43;103m;;[0;37;5;43;103m8[0;37;5;47;107mtt%[0;33;5;43;103mttt[0;1;37;97;47m8[0;37;5;47;107mSX[0;1;37;97;47m8[0;33;5;43;103m%[0;1;30;90;43m [0m 
  [0;1;37;97;47mt[0;33;47m8[0;1;33;93;43mSS[0;33;47m8[0;1;37;97;47m%%%[0;1;33;93;43mXXX[0;1;30;90;47m [0;1;37;97;47mS%;[0;1;33;93;43mXXX[0;1;37;97;47m%%%[0;33;47m8[0;1;33;93;43mSS[0;37;43m8[0;1;37;97;47mtt;[0;1;33;93;43m%%%[0;1;30;90;47m [0;1;37;97;47m::[0;1;30;90;47m.[0;1;33;93;43mt[0m  
  [0;34;40m.::::::;;;;;;;;;;;::::::.........   [0m  
   [0;34;40m..:::::::::::::::::::..........   [0m   
    [0;34;40m.....::::::::::::...........    [0m    
     [0;34;40m .........................    [0m     
       [0;34;40m......................    [0m       
        [0;34;40m .................      [0m        
          [0;34;40m ..........         [0m          
             [0;34;40m              [0m             
               [0;34;40m          [0m               
                  [0;34;40m    [0m                  
