[0;1;30;90;43m;[0;1;30;90;41m8@@@[0;1;37;97;47mt8888[0;35;5;40;100m8[0;1;30;90;41m8888[0;1;37;97;47mX8888[0;1;30;90;41m8@@@8[0;1;37;97;47m@@@@t[0;1;30;90;41mXXXX[0;31;5;40;100m8[0;1;37;97;47mS%%t[0;1;30;90;43m8[0m
[0;1;33;93;43m%[0;33;5;43;103mt[0;1;30;90;43mX[0;1;30;90;41m8[0;35;41m8[0;37;5;47;107m8tttt[0;35;5;40;100mS[0;1;30;90;45m8888[0;37;5;47;107m%tttt[0;31;45m8[0;35;41m888[0;1;30;90;45m8[0;37;5;47;107mtt%%8[0;35;41m8888[0;35;5;40;100m@[0;37;5;47;107mX@[0;1;33;93;47m@[0;33;5;43;103mS[0;1;30;90;43m [0m
[0;1;33;93;43m%[0;33;5;43;103m;;%[0;1;30;90;43m8[0;37;5;47;107m8tt;;[0;35;5;40;100m%[0;1;30;90;45m8888[0;37;5;47;107m%;;;;[0;1;30;90;45m88[0;31;45m8[0;35;41m8[0;1;30;90;45m8[0;37;5;47;107mtttt@[0;35;41m8888[0;35;5;40;100mX[0;1;37;97;47m8[0;33;5;43;103m%SS[0;1;30;90;43m [0m
[0;1;33;93;43m%[0;33;5;43;103m;;;;[0;37;5;43;103m8[0;37;5;47;107m%;;;[0;35;5;40;100m;[0;1;30;90;45m8888[0;37;5;47;107mt::;;[0;1;30;90;45m88888[0;37;5;47;107mtttt@[0;35;41m888[0;33;41m8[0;1;33;93;43m%[0;33;5;43;103m%%%S[0;1;33;93;43mt[0m
[0;1;33;93;43mS[0;33;5;43;103m;;;;;;[0;1;33;93;47mX[0;37;5;47;107m;:[0;35;5;40;100m:%%%%[0;37;5;47;107m;.:::[0;1;30;90;45m8888[0;35;5;40;100mX[0;37;5;47;107mtttt@[0;35;41m8[0;1;30;90;41m8[0;1;30;90;43mX[0;33;5;43;103mtt%%%%[0;1;33;93;43mt[0m
[0;1;33;93;43mS[0;33;5;43;103m;;;;:::[0;37;5;43;103mX[0;37;5;47;107mt[0;35;5;40;100m.t;;;[0;37;5;47;107m: ...[0;35;5;40;100mS[0;1;30;90;45m888[0;35;5;40;100mX[0;37;5;47;107m;ttt@[0;1;30;90;43m8[0;33;5;43;103m%tttt%%%[0;1;33;93;43mt[0m
[0;1;33;93;43mS[0;33;5;43;103m;;;;:::[0;37;5;43;103m%SX[0;33;47m8[0;35;5;40;100m::.[0;37;5;47;107m:   .[0;35;5;40;100mt%[0;1;30;90;45m88[0;35;5;40;100mS[0;37;5;47;107m;tt%[0;37;5;43;103m@[0;33;5;43;103m;;tttt%%%[0;1;33;93;43mt[0m
[0;1;33;93;43mS[0;33;5;43;103m;;;::S[0;37;43mS[0;1;30;90;43m8[0;33;5;43;103m8[0;37;5;43;103mXX[0;1;33;93;47m8[0;1;30;90;47m8[0;37;5;40;100m%[0;37;5;47;107m:    [0;35;5;40;100mt%S[0;1;30;90;45m8[0;35;5;40;100mS[0;37;5;47;107m;t[0;1;33;93;47m@[0;33;5;43;103m;;8[0;1;30;90;43m;t[0;1;33;93;43mX[0;33;5;43;103mtt%%%[0;1;33;93;43mt[0m
[0;1;33;93;43mS[0;33;5;43;103m;;t[0;1;30;90;43m@[0;33;5;40;100mt[0;30;5;40;100m888@[0;33;5;40;100m%[0;37;43m@[0;37;5;43;103mX8[0;33;47m8[0;37;5;47;107m:    [0;35;5;40;100m;t%[0;1;30;90;45m8[0;35;5;40;100m%[0;1;37;97;47m8[0;33;5;43;103m;S[0;1;30;90;43mS[0;33;5;40;100m@[0;31;40m:[0;34;40m:::[0;31;40mS[0;1;30;90;43m:[0;33;5;43;103m%%%[0;1;33;93;43mt[0m
[0;1;33;93;43mS[0;33;5;43;103m;;[0;33;5;40;100m8[0;1;30;90;40mX[0;30;5;40;100mX[0;1;30;90;40m88[0;30;5;40;100m8@S[0;33;5;40;100m%[0;37;5;43;103m8XXS[0;37;5;47;107m:   [0;35;5;40;100mttS[0;1;30;90;43m8[0;33;5;43;103m%;t[0;1;30;90;40m8[0;31;40m;[0;1;30;90;40m8[0;31;40m:[0;34;40m:..:[0;31;40mt[0;1;33;93;43m@[0;33;5;43;103m%%[0;1;33;93;43mt[0m
[0;1;33;93;43m%@@[0;1;30;90;43mS88[0;33;5;40;100m8[0;1;30;90;40m8[0;30;5;40;100m88XX[0;33;5;40;100mS[0;37;5;43;103mXXXX[0;1;33;93;47mS[0;37;5;47;107m. [0;35;5;40;100mt[0;33;5;40;100m.[0;1;33;93;43mS[0;33;5;43;103m::[0;1;33;93;43mX@[0;1;30;90;43mSX%[0;30;5;40;100mX[0;34;40m::::[0;31;40m:[0;1;30;90;43m;[0;33;5;43;103m%%[0;1;30;90;43m [0m
[0;1;30;90;43m:[0;33;5;43;103m;8X[0;1;30;90;43mXX8[0;1;30;90;40m8[0;30;5;40;100m8888@[0;37;5;43;103mXXXSSX[0;37;5;47;107mt[0;37;43m@[0;33;5;43;103m;::;;[0;1;33;93;43m8[0;33;5;43;103mX[0;1;30;90;43m%;t[0;34;40m:::..[0;31;40m:[0;33;5;43;103m%%[0;1;30;90;43m [0m
[0;1;30;90;43m:[0;33;5;43;103m;;;@[0;1;30;90;43mS[0;30;5;40;100m@[0;1;30;90;40m@8888[0;33;5;40;100m@[0;33;5;43;103mt[0;37;5;43;103mSS%%X[0;37;5;47;107m;[0;33;5;40;100m;[0;33;5;43;103mS:;;;;;[0;1;33;93;43m@[0;1;30;90;43m;[0;31;40mt[0;34;40m:....[0;33;5;40;100m8[0;33;5;43;103mS%[0;1;30;90;43m.[0m
 [0;33;5;43;103m;;;@[0;33;5;40;100m8[0;1;30;90;40mSXX@@8[0;30;5;40;100mX[0;33;5;43;103m@::[0;37;5;43;103m@[0;37;5;47;107mt:;[0;1;30;90;45m88[0;1;30;90;43m8[0;33;5;43;103m%;;;;[0;1;33;93;43mX[0;1;30;90;40m8[0;34;40m......[0;31;40m@[0;1;33;93;43m8[0;33;5;43;103mS[0m 
 [0;1;30;90;43m.[0;33;5;43;103m;S[0;1;30;90;43m%[0;33;5;40;100m8[0;1;30;90;40m%XS8X[0;33;5;40;100m88[0;33;5;43;103m;;[0;1;37;97;47m8[0;37;5;47;107m;;;;[0;1;30;90;45m888[0;1;30;90;41m8[0;1;30;90;43m8[0;33;5;43;103m;;X[0;1;30;90;43m;[0;31;5;40;100mS[0;34;40m.[0;31;40m;.t;S[0;1;30;90;43m:[0;33;5;43;103mS[0;1;30;90;43m [0m 
  [0;33;5;43;103mt;%[0;1;33;93;43m%8[0;1;30;90;43m%%[0;33;5;43;103mt[0;1;30;90;43mS[0;33;5;43;103mSS[0;1;33;93;43mt[0;33;5;40;100m%[0;37;5;47;107m%;;;t[0;31;45m88[0;35;41m88[0;1;30;90;45m8[0;37;5;47;107m%[0;37;5;43;103m8[0;33;5;43;103m;X[0;1;33;93;43m%8[0;1;30;90;43m;:[0;33;5;43;103mX[0;1;30;90;43m:[0;33;5;43;103mX[0;1;33;93;43m@[0;33;5;43;103m@[0m  
  [0;1;30;90;43m.[0;33;5;43;103m;;;;;;;;%[0;1;30;90;43m8[0;31;45m88[0;37;5;47;107m%tttt[0;35;41m8888[0;31;45m8[0;37;5;47;107mt%X[0;37;5;43;103mS[0;33;5;43;103mttt%%%%S[0;1;30;90;43m.[0m  
   [0;1;30;90;43m.[0;33;5;43;103mt;;;;;[0;1;30;90;43m8[0;35;41m8888[0;37;5;47;107mStttt[0;35;41m88888[0;37;5;47;107m%%%S[0;1;37;97;47m8[0;33;5;43;103m%%%%%S[0;1;30;90;43m [0m   
    [0;1;30;90;43m:[0;33;5;43;103mttt[0;37;5;43;103m8[0;37;5;47;107m%[0;35;5;40;100m@[0;35;41m8888[0;37;5;47;107mStttt[0;35;41m88888[0;37;5;47;107m%SSS8[0;1;30;90;41m8[0;1;30;90;43m%[0;33;5;43;103m%SS[0;1;30;90;43m.[0m    
     [0;1;30;90;43m.[0;33;5;43;103mS[0;37;5;47;107mX%%[0;35;5;40;100m@[0;35;41m8888[0;37;5;47;107mX%%%%[0;35;41m88888[0;37;5;47;107mSSSX8[0;35;41m@@[0;33;41m8[0;1;33;93;43mt[0;31;43m8[0m     
       [0;1;30;90;47m [0;37;5;47;107mSS[0;35;5;40;100m8[0;35;41m8888[0;37;5;47;107mX%%SS[0;35;41m88888[0;37;5;47;107mXXXX[0;1;37;97;47m8[0;35;41m@@[0;1;30;90;41m@[0m       
        [0;36;5;40;100m.[0;1;37;97;47m@[0;35;5;40;100m8[0;35;41m8888[0;37;5;47;107m@SSSS[0;35;41m8@@@8[0;37;5;47;107mXX@@[0;1;37;97;47m8[0;1;30;90;41mS[0;31;40m@[0m        
          [0;31;40m8[0;1;30;90;41mS[0;35;41m@@@[0;37;5;47;107m@XXXX[0;35;41m@@@@8[0;37;5;47;107m@@@[0;1;37;97;47mS[0;35;5;40;100m [0m          
             [0;1;30;90;41m8[0;35;41m@[0;37;5;47;107m8@@@@[0;35;41m@@@@8[0;37;5;47;107m8[0;1;30;90;47m.[0m             
               [0;37;5;40;100m%[0;1;37;97;47m;[0;37;5;47;107m@@@[0;35;41m@@@[0;1;30;90;41mS[0;30;41m8[0m               
                  [0;36;5;40;100m [0;1;30;90;47mt[0;1;30;90;41m@[0;31;40m8[0m                  
