[0;1;30;90;45m:%[0;33;5;40;100m;[0;1;30;90;43m8[0;33;5;40;100m:[0;1;30;90;45m%8[0;1;37;97;47m8@[0;1;33;93;47m88[0;1;37;97;47m@8[0;35;47m8[0;1;30;90;45m%[0;35;5;40;100m [0;1;30;90;43m88[0;1;30;90;45m8;[0;1;37;97;47m88[0;1;33;93;47m@8S[0;1;37;97;47m@[0;1;30;90;47m [0;1;30;90;45m.[0;35;5;40;100m%[0;1;30;90;43m88[0;1;30;90;45m8.[0;1;30;90;47m [0;1;37;97;47mS[0;1;33;93;47mS[0;33;47m88[0;1;37;97;47m%[0;1;30;90;47mS[0m
[0;1;30;90;45m%[0;33;5;43;103m%;;;%[0;35;47m8[0;1;37;97;47m8[0;33;5;43;103m;;;;[0;1;33;93;47mS[0;1;35;95;47mX[0;33;5;43;103mS;;;;[0;1;30;90;45m8[0;37;5;47;107mt[0;33;5;43;103m;;;;[0;37;5;43;103mS[0;1;37;97;47m8[0;33;47m8[0;33;5;43;103mtttt[0;35;5;40;100m [0;1;37;97;47m@[0;33;5;43;103m%%%SS[0;1;30;90;47m [0m
[0;1;30;90;45mX[0;33;5;43;103mt;;;t[0;35;47m8[0;1;37;97;47m8[0;33;5;43;103m;;;;[0;1;33;93;47m@[0;1;35;95;47mX[0;37;5;43;103mX[0;33;5;43;103m::;;[0;37;45m8[0;37;5;47;107mt[0;33;5;43;103m;;;;[0;37;5;43;103mS[0;1;37;97;47m8[0;33;47m8[0;33;5;43;103m;ttt[0;1;30;90;47m8[0;1;37;97;47m@[0;33;5;43;103m%%%SS[0;1;30;90;47m [0m
[0;1;30;90;45m:8[0;33;47m888[0;1;30;90;45m8[0;35;47m8[0;37;5;47;107m;;[0;1;33;93;47mXX[0;37;5;47;107m;;[0;1;35;95;47mS[0;37;45mS[0;1;30;90;47m8[0;33;47m88[0;37;45m8[0;1;35;95;45mX[0;37;5;47;107m;t[0;1;33;93;47mS[0;37;5;43;103mS[0;1;37;97;47m8[0;37;5;47;107mt[0;1;37;97;47m8[0;1;30;90;45m;[0;1;30;90;47m8[0;37;43m88[0;1;30;90;45m8.[0;1;37;97;47m8[0;37;5;47;107mS[0;1;33;93;47mX[0;37;5;43;103m8[0;1;33;93;47m@[0;37;5;47;107m@[0;1;37;97;47m [0m
[0;1;37;97;47m;[0;37;5;47;107m%[0;1;37;97;47m8[0;37;5;43;103mS[0;1;37;97;47m8[0;37;5;47;107mtX[0;1;35;95;45mX[0;35;47m8[0;33;47m88[0;1;30;90;47m8[0;1;35;95;45m8[0;1;37;97;47m8[0;37;5;47;107m:;[0;1;33;93;47mS[0;1;37;97;47m8[0;37;5;47;107m;:[0;1;35;95;45m@[0;37;45m8[0;33;47m88[0;1;30;90;47m8[0;1;30;90;45m@[0;1;35;95;47mS[0;37;5;47;107mt[0;1;37;97;47m8[0;37;5;43;103mX[0;1;33;93;47m@[0;37;5;47;107mS%[0;37;45m@[0;1;30;90;45mX[0;33;47m8[0;37;43m@[0;1;30;90;43m8[0;1;30;90;45m@.[0m
[0;1;37;97;47m;[0;33;5;43;103m;;;;[0;37;5;43;103m%[0;37;5;47;107m8[0;1;30;90;47m8[0;33;5;43;103m:[0;37;5;43;103m%%%[0;1;33;93;47m@[0;1;37;97;47m8[0;37;5;43;103m;tt%t[0;37;5;47;107m:[0;35;47m8[0;33;5;43;103m:::;%[0;1;35;95;47mS[0;1;33;93;47mX[0;33;5;43;103m;;;t[0;1;37;97;47m8[0;35;47m8[0;33;5;43;103m%t%%S[0;1;30;90;45m%[0m
[0;1;37;97;47m;[0;33;5;43;103m;;;;[0;37;5;43;103m%[0;37;5;47;107m@[0;1;30;90;47m8[0;37;5;43;103m%%tt[0;1;33;93;47mX[0;1;37;97;47m8[0;37;5;43;103m:tttt[0;37;5;47;107m.[0;35;47m8[0;37;5;43;103m%[0;33;5;43;103m:::[0;37;5;43;103mX[0;1;35;95;47mX[0;1;33;93;47mS[0;33;5;43;103m;;;;[0;1;37;97;47m8[0;35;47m8[0;33;5;43;103mSt%%S[0;1;30;90;45m%[0m
[0;1;37;97;47m:[0;37;5;47;107m@[0;1;37;97;47m8[0;1;33;93;47mX[0;1;37;97;47m8[0;37;5;47;107mXX[0;1;35;95;45m8[0;35;47m@[0;1;33;93;47mSS[0;1;30;90;47m;[0;1;35;95;47mX[0;1;37;97;47m8[0;37;5;47;107m;t[0;1;37;97;47m8[0;37;5;47;107m%t:[0;37;45m@[0;35;47m8[0;1;30;90;47mS[0;33;47m@[0;1;30;90;47m8[0;37;45mS[0;1;35;95;47mX[0;37;5;47;107m%[0;1;37;97;47m8[0;1;33;93;47mXX[0;1;37;97;47m8[0;37;5;47;107mS[0;35;47m8[0;1;30;90;45m8[0;1;30;90;47m8[0;33;47m8[0;1;30;90;47m8[0;1;30;90;45m8t[0m
[0;1;30;90;45m:8[0;33;47m8[0;1;33;93;47m8[0;33;47m8[0;37;45m@[0;1;35;95;47mS[0;37;5;47;107m..[0;37;5;43;103m::[0;37;5;47;107m. [0;1;37;97;47m8[0;35;47m8[0;1;37;97;47m [0;1;33;93;47m@X[0;35;47m@[0;1;35;95;45m8[0;37;5;47;107m.:[0;1;33;93;47mX[0;37;5;43;103m%[0;1;37;97;47m8[0;37;5;47;107m;[0;1;37;97;47m8[0;1;30;90;45mS[0;1;30;90;47m8[0;37;43m@@[0;1;30;90;47m8[0;1;30;90;45m:[0;1;37;97;47m8[0;37;5;47;107mS[0;1;33;93;47m@[0;37;5;43;103m8@[0;1;37;97;47m8.[0m
[0;1;30;90;45m@[0;33;5;43;103m;;;:;[0;35;47m8[0;37;5;47;107m:[0;37;5;43;103m%ttt[0;1;37;97;47m88[0;37;5;43;103m8tttt[0;35;47m8[0;37;5;47;107m.[0;37;5;43;103m%[0;33;5;43;103m:::[0;37;5;43;103mS[0;1;37;97;47m8[0;33;47m8[0;33;5;43;103m;;;;[0;33;47m8[0;1;37;97;47m@[0;33;5;43;103mtt%%%[0;1;30;90;47m [0m
[0;1;30;90;45m%[0;33;5;43;103m%;;:[0;37;5;43;103mX[0;35;47m8[0;37;5;47;107m:[0;37;5;43;103m%%tt[0;37;5;47;107m.[0;1;37;97;47m8[0;1;33;93;47m@[0;37;5;43;103mtttS[0;35;47m8[0;37;5;47;107m.[0;37;5;43;103m%[0;33;5;43;103m:::[0;37;5;43;103m%[0;1;37;97;47m8[0;1;30;90;47m8[0;33;5;43;103m;;;t[0;1;30;90;45m8[0;1;37;97;47m8[0;37;5;43;103mS[0;33;5;43;103mt%%%[0;1;30;90;47m [0m
[0;1;30;90;45mX[0;37;45m@[0;1;30;90;47m8[0;33;47mX[0;1;30;90;47m@[0;35;47m8[0;1;35;95;47mX[0;37;5;47;107m%8[0;1;37;97;47m88[0;37;5;47;107m8;[0;1;37;97;47m8[0;1;35;95;47m@[0;1;37;97;47m   [0;1;35;95;47m@S[0;37;5;47;107m%8[0;1;37;97;47m8@@[0;37;5;47;107mX[0;1;37;97;47m8[0;37;45mX[0;35;47m8[0;1;30;90;47mX@[0;35;47m8[0;37;45mS[0;1;37;97;47m88%[0;1;33;93;47mS[0;1;37;97;47mt@[0;1;30;90;47mX[0m
[0;37;5;40;100mS[0;37;5;47;107mt[0;37;5;43;103mSXS[0;37;5;47;107mtX[0;1;35;95;45mX[0;1;30;90;47m8[0;37;5;43;103m88[0;33;47m@[0;37;45mX[0;1;37;97;47m8[0;37;5;47;107m.[0;1;33;93;47mS[0;37;5;43;103mtt[0;37;5;47;107m::[0;1;35;95;45m@[0;1;30;90;47m8[0;1;33;93;47m8[0;37;5;43;103mX[0;33;47m8[0;1;30;90;45m8[0;1;35;95;47mS[0;37;5;47;107mt[0;1;33;93;47mX[0;37;5;43;103mXX[0;1;37;97;47m8[0;37;5;47;107m%[0;37;45m@[0;1;30;90;45m8[0;37;43mX[0;33;5;43;103mX[0;37;43mX[0;1;30;90;45m8.[0m
 [0;33;5;43;103m;;;;;[0;1;37;97;47m8[0;33;47m8[0;33;5;43;103m::::[0;1;33;93;47m8[0;1;37;97;47m8[0;37;5;43;103m%[0;33;5;43;103m::::[0;37;5;47;107m;[0;35;47m8[0;33;5;43;103m:;;;t[0;1;35;95;47mS[0;37;5;43;103mS[0;33;5;43;103m;;tt[0;1;33;93;47mX[0;35;47m8[0;33;5;43;103m%%%%S[0m 
 [0;1;33;93;43mS[0;33;5;43;103m;;;[0;37;5;43;103mS[0;37;5;47;107m8[0;37;45m8[0;33;5;43;103m;;;;[0;1;30;90;47m8[0;1;37;97;47m8[0;37;5;43;103mt[0;33;5;43;103m:::[0;37;5;43;103mS[0;37;5;47;107mt[0;1;30;90;45m8[0;33;5;43;103mt;;;[0;33;47m8[0;1;35;95;47mS[0;1;37;97;47m8[0;33;5;43;103m;ttt[0;1;37;97;47m8[0;37;45m@[0;1;33;93;43mX[0;33;5;43;103m%%%[0;1;30;90;43m.[0m 
  [0;1;37;97;47m:::88[0;35;47m88[0;1;30;90;47mS%[0;35;47m@8[0;1;37;97;47m88t;;88[0;35;47m88[0;1;30;90;47mXS[0;35;47mX8[0;1;35;95;47mX[0;1;37;97;47m8%..S8[0;35;47m8[0;37;45m@[0;1;30;90;47m@88[0m  
  [0;31;5;40;100mS[0;33;5;43;103m%S[0;1;30;90;45m8[0;37;45m@[0;37;5;47;107mt[0;1;33;93;47mX[0;37;5;43;103mSSS[0;37;5;47;107mt[0;1;35;95;47mX[0;1;30;90;45m8[0;33;5;43;103mX%%[0;1;30;90;47m8[0;1;35;95;45mS[0;37;5;47;107mt[0;1;37;97;47m8[0;37;5;43;103mX[0;33;5;43;103m;[0;37;5;43;103mS[0;37;5;47;107m%[0;1;37;97;47m8[0;1;30;90;45mX[0;37;43m@[0;33;5;43;103mSS[0;37;43m8[0;1;30;90;45mt[0;1;37;97;47m88[0;37;5;43;103m@[0;33;5;43;103mS[0;1;30;90;43m8[0m  
   [0;1;30;90;43m.[0;33;5;43;103mtt[0;35;47m8[0;1;33;93;47mX[0;33;5;43;103m;;;;[0;37;5;43;103mS[0;1;35;95;47mX[0;33;5;43;103mt;;;;[0;1;30;90;45m8[0;37;5;47;107mt[0;33;5;43;103m;;;tt[0;1;37;97;47m8[0;37;43mX[0;33;5;43;103mtt%%[0;37;43m8[0;1;37;97;47m%[0;33;5;43;103m%S[0;1;30;90;43m [0m   
    [0;1;30;90;43m:[0;37;43mX[0;37;45mX[0;37;5;47;107m%[0;33;5;43;103mt;;;[0;1;37;97;47m8[0;1;35;95;47mS[0;33;47m8[0;33;5;43;103m;;;S[0;1;30;90;45mX[0;37;5;47;107m%[0;37;5;43;103mS[0;33;5;43;103mttt[0;1;33;93;47m@[0;1;37;97;47m@[0;1;30;90;45m8[0;33;5;43;103m%%%S[0;1;30;90;45m8[0;1;37;97;47m@[0;37;5;43;103m8[0;1;30;90;43m.[0m    
     [0;34;40m8[0;35;47m8[0;1;37;97;47m8X  S8[0;1;35;95;47mX[0;35;47m8X[0;1;30;90;47m%;[0;35;47m88[0;1;37;97;47m88 [0;1;30;90;47m%[0;1;37;97;47m;@[0;1;35;95;47mS[0;35;47m88[0;1;30;90;47mXS[0;35;47m88[0;1;30;90;47m [0;35;5;40;100m.[0m     
       [0;1;30;90;45mt[0;37;43mX[0;33;5;43;103m%%[0;1;33;93;43mX[0;1;30;90;45m8[0;1;37;97;47m@8[0;37;5;43;103mS[0;33;5;43;103mtt[0;1;33;93;47m@[0;37;5;47;107mS[0;1;30;90;45m:[0;37;43m8[0;33;5;43;103mS%X[0;1;30;90;45m8[0;35;47m8[0;37;5;47;107mX[0;37;5;43;103m@[0;33;5;43;103m%S[0;37;5;43;103m8[0;1;30;90;47m.[0m       
        [0;1;30;90;43m.[0;33;5;43;103m8%%[0;1;33;93;43mS[0;1;37;97;47mX[0;33;5;43;103m%%%%%[0;1;37;97;47m8[0;1;30;90;45m8[0;33;5;43;103m%%%%S[0;35;47m8[0;37;5;43;103m8[0;33;5;43;103mSS[0;1;33;93;43m8[0;1;30;90;43m [0m        
          [0;1;30;90;43m.[0;1;33;93;43mX[0;1;30;90;45m8[0;1;37;97;47mS8[0;33;5;43;103m%%%[0;37;5;43;103m@[0;37;5;47;107mX[0;1;30;90;45m;[0;1;33;93;43m%[0;33;5;43;103m%%S[0;33;5;40;100m.[0;35;47m8[0;1;37;97;47m8[0;1;33;93;43m8[0;1;30;90;43m [0m          
             [0;35;5;40;100m:[0;35;47mSS[0;1;30;90;47m% [0;35;47mSS@@[0;1;30;90;47m.S[0;35;47m@@[0;35;5;40;100m.[0m             
               [0;1;30;90;43m%[0;1;33;93;43m@[0;33;5;43;103mS[0;37;43mS[0;1;30;90;45m:[0;37;5;47;107m8[0;37;5;43;103m8[0;33;5;43;103mS[0;1;33;93;43m@[0;1;30;90;43mS[0m               
                  [0;1;30;90;43m [0;35;5;40;100m8[0;1;30;90;47mt[0;1;30;90;43m [0m                  
