[0;1;30;90;43m.[0;1;33;93;43m8888[0;33;5;43;103m88888888888888888888[0;1;33;93;43m888@@@@@@XXXXX[0;1;30;90;43m [0m
[0;1;33;93;43m%[0;33;5;43;103mt;;;;;;;;;;;;;;;;;;;;;;;;;tttttt%%%%SS[0;1;30;90;43m [0m
[0;1;33;93;43m%[0;33;5;43;103m;;;[0;37;43mXX[0;33;5;43;103m;;;;;;;:[0;37;43m8@[0;33;5;43;103m:;;;;;;;[0;37;43mXX[0;33;5;43;103m;;;ttttt[0;1;30;90;43m88[0;33;5;43;103m%SS[0;1;30;90;43m [0m
[0;1;33;93;43m%%[0;37;43mXX[0;1;30;90;45m88[0;37;43m@@[0;1;33;93;43mX[0;33;5;43;103m::X[0;33;47m88[0;1;30;90;45m88[0;33;47m88[0;33;5;43;103mX:;[0;1;33;93;43mX[0;37;43m@@[0;1;30;90;45m8@[0;37;43mXX[0;1;33;93;43m%[0;33;5;43;103mtt[0;1;33;93;43m%[0;1;30;90;43m88[0;1;30;90;45m@S[0;1;30;90;43m88@ [0m
[0;1;33;93;43mS[0;33;5;43;103m;[0;37;43mX[0;1;30;90;45m8%%8[0;37;43m@[0;33;5;43;103m;:::[0;33;47m8[0;1;30;90;45m8888[0;33;47m8[0;33;5;43;103m:::;[0;37;43m@[0;1;30;90;45m8%t8[0;37;43mX[0;33;5;43;103mt;;t[0;37;43mS[0;1;30;90;45m8::S[0;1;30;90;43m8[0;33;5;43;103mS[0;1;33;93;43mt[0m
[0;1;33;93;43mS[0;33;5;43;103m;t[0;1;30;90;45m8[0;33;5;40;100m [0;37;5;40;100m;[0;1;30;90;45m8[0;33;5;43;103m;::[0;37;5;43;103m%SX[0;1;30;90;45m8[0;1;30;90;47m88[0;1;30;90;45m8[0;37;5;43;103mXS%[0;33;5;43;103m::;[0;1;30;90;45m8[0;37;5;40;100m:[0;33;5;40;100m [0;1;30;90;45m@[0;33;5;43;103m%;;;t%[0;1;30;90;45mX[0;33;5;40;100m:;[0;1;30;90;45m%[0;33;5;43;103mX%[0;1;33;93;43mt[0m
[0;1;33;93;43mS[0;33;5;43;103m;St;:;[0;37;5;43;103mX%SSX8@XX@8SS%[0;33;5;43;103m:tt:;tS;;;;SSttS[0;1;33;93;43mX[0;33;5;43;103m%[0;1;33;93;43mt[0m
[0;1;33;93;43mS[0;33;5;43;103m;;;::::[0;37;5;43;103mSSXXXXXXXXXXS%[0;33;5;43;103m:::;;;;;t;tttt%%%[0;1;33;93;43mt[0m
[0;1;33;93;43mS[0;33;5;43;103m;;;:::[0;37;5;43;103m%S[0;33;47m88[0;37;5;43;103mXXXXXXXX[0;33;47m88[0;37;5;43;103m%[0;33;5;43;103m:::;;;;[0;1;30;90;43m88[0;33;5;43;103m;tttt%%%[0;1;33;93;43mt[0m
[0;1;33;93;43mS[0;33;5;43;103m;;;::[0;1;33;93;47m8[0;33;47m88[0;1;30;90;45m88[0;33;47m@X[0;1;33;93;47m8[0;37;5;43;103mXX[0;1;33;93;47m8[0;33;47m@@[0;1;30;90;45m88[0;33;47m888[0;33;5;43;103m:;[0;1;33;93;43mS[0;1;30;90;43m88[0;1;30;90;45mXS[0;1;30;90;43m88[0;1;33;93;43mt[0;33;5;43;103mtt%%%[0;1;33;93;43mt[0m
[0;1;33;93;43m%[0;33;5;43;103m;;;:::[0;37;5;43;103m@[0;1;30;90;45m888[0;37;45m8[0;37;5;43;103m8XXXX8[0;37;45m8[0;1;30;90;45m888[0;37;5;43;103m@[0;33;5;43;103m::;;X[0;1;30;90;45m8;:8[0;1;33;93;43mS[0;33;5;43;103mttt%%%[0;1;30;90;43m [0m
[0;1;30;90;43m:[0;33;5;43;103m;;;;::t[0;1;30;90;45m8[0;33;47m88[0;1;30;90;45m8[0;37;5;43;103m@SXXSX[0;1;30;90;45m8[0;33;47m88[0;1;30;90;45m8[0;33;5;43;103mt:;;;%[0;1;30;90;45m8[0;1;30;90;43m88[0;1;30;90;45m@[0;33;5;43;103mSttt%%%[0;1;30;90;43m [0m
[0;1;30;90;43m:[0;33;5;43;103m;;;;;:t;::[0;37;5;43;103m%XSSS%X[0;33;5;43;103m:::;t;;;;%t;;tStt%%%%[0;1;30;90;43m.[0m
 [0;33;5;43;103m;;;;;;;:::::::;::::::;;tt;;;;ttttt%%%S[0m 
 [0;1;30;90;43m.[0;33;5;43;103m;;;;;;;;;:::[0;33;47m88[0;33;5;43;103m:::;;;;;[0;1;30;90;43m88[0;33;5;43;103m;;;ttttt%%%%[0;1;30;90;43m [0m 
  [0;33;5;43;103mt;;;;;;;;[0;1;33;93;43mS[0;33;5;40;100m  [0;1;30;90;45m@X[0;33;5;40;100m  [0;37;43mX[0;33;5;43;103m;;[0;1;33;93;43m%[0;33;5;40;100m..[0;1;30;90;45m%t[0;33;5;40;100m::[0;1;33;93;43mt[0;33;5;43;103mtttt%%%%S[0m  
  [0;1;30;90;43m.[0;33;5;43;103m;;;;;;;;;%[0;1;30;90;45m8tt8[0;33;5;43;103m%;;;;%[0;1;30;90;45m8::8[0;33;5;43;103mStttt%%%%S[0;1;30;90;43m.[0m  
   [0;1;30;90;43m.[0;33;5;43;103mt;;;;;;;S[0;1;30;90;45m8[0;37;43mXX[0;1;30;90;45m8[0;33;5;43;103mX;;;;S[0;1;30;90;45m8[0;1;30;90;43m88[0;1;30;90;45m8[0;1;33;93;43mX[0;33;5;43;103mtt%%%%%S[0;1;30;90;43m [0m   
    [0;1;30;90;43m:[0;33;5;43;103mtttt;;;t;;;;t;;;t%tttt%%%%%%SS[0;1;30;90;43m.[0m    
     [0;1;30;90;43m.[0;33;5;43;103mStttttttttttt%%ttttt%%%%%%S@[0;31;43m8[0m     
       [0;1;30;90;43m.[0;33;5;43;103mttttttttttt[0;33;5;40;100mt;[0;33;5;43;103mtt%%%%%%%SS[0;1;30;90;43m [0m       
        [0;31;43m8[0;1;33;93;43m@[0;33;5;43;103m%%%%%%[0;1;33;93;43m;[0;35;5;40;100mtX[0;1;30;90;45m;;[0;35;5;40;100mX%[0;1;30;90;43m8[0;33;5;43;103m%%%SSS[0;1;33;93;43mX[0;31;43m8[0m        
          [0;1;30;90;43m.[0;1;33;93;43m@[0;33;5;43;103m%%%%%S[0;1;30;90;45m8..8[0;33;5;43;103mS%SSSS[0;1;33;93;43mX[0;1;30;90;43m [0m          
             [0;1;30;90;43m [0;33;5;43;103mSSS[0;1;33;93;43m%[0;35;5;40;100m%[0;1;33;93;43mtt[0;35;5;40;100mt[0;1;33;93;43mt[0;33;5;43;103mSSS[0;1;30;90;43m [0m             
               [0;1;30;90;43m.[0;1;33;93;43mS[0;33;5;43;103mSSSSSS[0;1;33;93;43mS[0;1;30;90;43m [0m               
                  [0;1;30;90;43m    [0m                  
