[0;1;30;90;41m88888[0;31;5;40;100m@@@@@[0;33;5;40;100m8888888888[0;31;5;40;100m@@@@[0;1;30;90;41m888888888888888[0;30;41m8[0m
[0;1;30;90;41m8[0;1;30;90;43mSSSSXXX@@@8888888@@@@XXXSSSSSSS[0;31;43m888[0;33;41m8888[0;1;30;90;41m8[0m
[0;1;30;90;41m8[0;1;30;90;43mSSXX@@@88888888888888@@XXSSSSSSS[0;31;43m888[0;33;41m888[0;1;30;90;41m8[0m
[0;1;30;90;41m8[0;1;30;90;43mSXX@@888888[0;33;5;40;100m88888[0;1;30;90;43m8888888@@XXSSSSSS[0;31;43m88[0;33;41m888[0;1;30;90;41m8[0m
[0;1;30;90;41m8[0;1;30;90;43mXX@88888[0;33;5;40;100m88@@@@@@@88[0;1;30;90;43m88888@@XXSSSSSS[0;31;43m88[0;33;41m88[0;1;30;90;41m8[0m
[0;31;5;40;100mX[0;1;30;90;43mX@[0;33;5;40;100m8S [0;1;30;90;47m@t.[0;1;37;97;47m. [0;1;30;90;47mt[0;33;5;40;100m  .SXXX@88[0;1;30;90;43m888[0;33;5;40;100mSSX[0;1;30;90;47m8t;tX[0;37;5;40;100m8[0;33;5;40;100mt8[0;1;30;90;43mX[0;31;43m8[0;33;41m8[0;1;30;90;41m8[0m
[0;31;5;40;100mX[0;1;30;90;43m@[0;33;5;40;100mX[0;37;5;40;100m8[0;1;30;90;47m;[0;1;37;97;47m8[0;37;5;47;107mS%%%ttS[0;1;37;97;47m@[0;37;5;47;107mt8[0;1;30;90;47m [0;33;5;40;100m SX@@t[0;1;30;90;47mt[0;1;37;97;47m8[0;37;5;47;107mX[0;1;37;97;47mt[0;37;5;47;107m8@XXX@@[0;1;37;97;47mS[0;1;30;90;47mS[0;33;5;40;100m.8[0;33;41m8[0;1;30;90;41m8[0m
[0;31;5;40;100mX[0;1;30;90;43m@888[0;33;5;40;100m8 [0;1;37;97;47m.[0;37;5;47;107m@;...;%%;t[0;1;37;97;47m;[0;1;30;90;47mSS[0;1;37;97;47m.[0;37;5;47;107mS%@@Xttt%[0;1;37;97;47m8[0;1;30;90;47m;[0;33;5;40;100mt[0;1;30;90;43mXS[0;31;43m88[0;33;41m8[0;1;30;90;41m8[0m
[0;31;5;40;100mX[0;1;30;90;43m@8888[0;33;5;40;100m8@X.[0;1;30;90;47mt[0;1;37;97;47m8[0;37;5;47;107m;.  ;S%%%X[0;1;37;97;47m8[0;37;5;47;107mS;;tS[0;1;37;97;47m%[0;37;5;40;100m8[0;33;5;40;100m@[0;1;30;90;43mXSSSS[0;31;43m88[0;33;41m8[0;1;30;90;41m8[0m
[0;31;5;40;100mX[0;1;30;90;43m@8888[0;33;5;40;100m8@XS%t[0;1;30;90;47m8:[0;1;37;97;47mt[0;37;5;47;107m88t%XS:S[0;1;37;97;47m8X[0;1;30;90;47m.8[0;33;5;40;100mS[0;1;30;90;43m@XSSSSSS[0;31;43m88[0;33;41m8[0;1;30;90;41m8[0m
[0;31;5;40;100mX[0;1;30;90;43m@8888[0;33;5;40;100m88@XS%%tt[0;1;37;97;47m@[0;37;5;47;107m@88tt8%8[0;1;37;97;47mt[0;1;30;90;43m88@XXSSSSS[0;31;43m888[0;33;41m8[0;1;30;90;41m8[0m
[0;1;30;90;41m8[0;1;30;90;43m@@8888[0;33;5;40;100m8@@XXS.[0;1;37;97;47mt[0;37;5;47;107m%X@S[0;1;30;90;47m [0;1;37;97;47m:[0;37;5;47;107mX88@[0;1;37;97;47m [0;33;5;40;100mS[0;1;30;90;43m@XXSSSSS[0;31;43m888[0;33;41m8[0;30;41m8[0m
[0;31;40m8[0;1;30;90;43mX@@8888[0;33;5;40;100m88@@%[0;37;5;47;107m8:8%%[0;1;30;90;47m.[0;33;5;40;100mSX[0;1;30;90;47m;[0;37;5;47;107mSX[0;1;37;97;47m8[0;37;5;47;107m%[0;1;37;97;47m8[0;33;5;40;100m8[0;1;30;90;43mXSSSSSS[0;31;43m88[0;33;41m88[0;31;40m@[0m
 [0;1;30;90;43mXX@@888888[0;33;5;40;100m8[0;1;30;90;47mt[0;37;5;47;107m;[0;1;37;97;47m8[0;37;5;47;107m%S[0;1;30;90;47m%[0;33;5;40;100m8[0;1;30;90;43m888[0;1;30;90;47m@[0;37;5;47;107m@S[0;1;37;97;47m@[0;37;5;47;107m%[0;1;30;90;47mS[0;1;30;90;43mSSSSSS[0;31;43m888[0;33;41m88[0m 
 [0;1;30;90;41m8[0;1;30;90;43mSXX@@88888[0;1;30;90;47m;[0;1;37;97;47m@8[0;1;30;90;47m;[0;33;5;40;100mS[0;1;30;90;43m888888[0;33;5;40;100m@[0;1;30;90;47m%[0;1;37;97;47m@X[0;1;30;90;47m;[0;1;30;90;43mSSSSS[0;31;43m888[0;33;41m88[0;1;30;90;41m8[0m 
  [0;1;30;90;43mSSXXX@@@88[0;1;30;90;47m@[0;33;5;40;100mS[0;1;30;90;43m888888@@@XXX[0;33;5;40;100m8[0;1;30;90;47m8[0;1;30;90;43mXSSS[0;31;43m888[0;33;41m888[0m  
  [0;31;40m@[0;1;30;90;43mSSSXXXX@[0;1;30;90;47m8[0;33;5;40;100m@[0;1;30;90;43m@@@@@@XXXXSSSS[0;33;5;40;100m8[0;37;5;40;100m8[0;1;30;90;43mSS[0;31;43m888[0;33;41m888[0;31;40m@[0m  
   [0;31;40m8[0;1;30;90;43mSSSSSS[0;33;5;40;100m%t[0;1;30;90;43mXXXXXXXSSSSSSSSS[0;33;5;40;100mS%[0;31;43m888[0;33;41m888[0;31;40m8[0m   
    [0;31;40m8[0;1;30;90;43mSSSSS[0;37;5;40;100m8[0;1;30;90;43mSSSSSSSSSSSSSSSSS[0;31;43m8[0;37;5;40;100m@[0;31;43m8[0;33;41m8888[0;31;40m8[0m    
     [0;31;40mS[0;31;43m8[0;1;30;90;43mSSS[0;33;5;40;100m8[0;1;30;90;43mSSSSSSSSSSSSSS[0;31;43m8888[0;33;5;40;100m8[0;31;43m8[0;33;41m88[0;1;30;90;41m8[0;31;40mS[0m     
       [0;1;30;90;41m8[0;1;30;90;43mSSSSSSSSSSSSSS[0;31;43m88888[0;33;41m88888[0;1;30;90;41m8[0m       
        [0;31;40mS[0;1;30;90;41m8[0;31;43m88888888888888[0;33;41m888888[0;1;30;90;41m8[0;31;40mS[0m        
          [0;31;40mX[0;1;30;90;41m8[0;33;41m8[0;31;43m8888[0;33;41m88888888888[0;1;30;90;41m8[0;31;40mX[0m          
             [0;1;30;90;41m8[0;33;41m888888888888[0;1;30;90;41m8[0m             
               [0;31;40m@[0;1;30;90;41m8[0;33;41m888888[0;1;30;90;41m8[0;31;40m@[0m               
                  [0;31;40mX[0;30;41m88[0;31;40m@[0m                  
