[0;1;30;90;44m.[0;1;34;94;44mSSSSSSSSXXXXXXXXXXXXSSSSSSSSS%%%%%%ttt[0;30;44m:[0m
[0;1;34;94;44m;8[0;34;5;44;104m8888888888888@[0;36;5;44;104m@[0;1;30;90;47m8888@@88[0;36;5;44;104m8[0;34;5;44;104m8[0;1;34;94;44m8888888888@@.[0m
[0;1;34;94;44m;[0;34;5;44;104m888888888888[0;1;37;97;47m [0;37;5;47;107mt;;;;;;ttttt%[0;1;37;97;47m [0;34;5;44;104m8[0;1;34;94;44m888888888@:[0m
[0;1;34;94;44m;[0;34;5;44;104m8888888888888[0;1;34;94;45m8[0;1;30;90;47m8[0;1;37;97;47m [0;37;5;47;107m8;;;;t@88%tS[0;36;5;44;104m8[0;1;34;94;44m888888888:[0m
[0;1;34;94;44m;[0;34;5;44;104m88888888@@@@[0;35;47mX[0;1;30;90;47mt[0;34;5;44;104m8@@X[0;36;5;44;104mX@[0;34;5;44;104m@888888[0;1;30;90;47m8[0;1;37;97;47m%[0;34;5;44;104m8[0;1;34;94;44m88888888:[0m
[0;1;34;94;44m;[0;34;5;44;104m8888888@@@XX[0;1;30;90;47m;[0;35;47m8[0;34;5;44;104mXX8[0;35;5;40;100m;[0;34;5;44;104m8@@888888888[0;1;34;94;44m88888888:[0m
[0;1;34;94;44m;[0;34;5;44;104m888888@@XXXX[0;1;37;97;47m [0;1;30;90;47m88:[0;1;33;93;47m@@88[0;37;5;40;100m@[0;35;5;40;100m.[0;34;5;44;104m88888[0;1;30;90;47m8[0;37;5;47;107m8[0;34;5;44;104m88[0;1;34;94;44m8888888:[0m
[0;1;34;94;44m;[0;34;5;44;104m88888@@XXXX[0;35;5;44;104m@[0;1;37;97;47m [0;1;30;90;47m 8[0;1;33;93;47m@S[0;1;30;90;47m;[0;1;37;97;47m [0;1;33;93;47m8[0;37;5;43;103mXX[0;1;30;90;47m8[0;1;34;94;44m8[0;36;5;40;100m [0;1;37;97;47m [0;37;5;47;107m8tS[0;34;5;44;104m88[0;1;34;94;44m8888888:[0m
[0;1;34;94;44m;[0;34;5;44;104m88888@@XXXX[0;36;5;44;104mX[0;35;47m8[0;1;30;90;47m [0;1;37;97;47m     .8t[0;37;5;47;107m8;;;t8[0;36;5;44;104m8[0;34;5;44;104m88[0;1;34;94;44m8888888:[0m
[0;1;34;94;44m;[0;34;5;44;104m88888@@XXXX[0;36;5;44;104mXX[0;1;30;90;47m:[0;1;37;97;47m88[0;37;5;47;107m8t ..::;8[0;1;37;97;47m [0;37;5;40;100m [0;34;5;44;104m8888[0;1;34;94;44m8888888:[0m
[0;1;34;94;44m;[0;34;5;44;104m88888@@@XX[0;37;5;44;104m8[0;1;37;97;47m [0;37;5;47;107mS      :@[0;1;37;97;47m@ [0;33;47m@[0;37;5;40;100m@[0;1;34;94;44m8[0;34;5;44;104m88888[0;1;34;94;44m8888888:[0m
[0;1;30;90;44m:[0;34;5;44;104m888888@@@[0;1;37;97;47m [0;37;5;47;107m.   :X8[0;1;37;97;47mt [0;1;30;90;47mS[0;1;30;90;45m8[0;34;5;44;104m8[0;1;30;90;47mS[0;35;47m8[0;1;34;94;44m8[0;34;5;44;104m88888[0;1;34;94;44m88888888[0;30;44m.[0m
[0;30;44mS[0;34;5;44;104m88888888[0;36;5;44;104mX[0;37;5;47;107m:.8[0;1;30;90;47mX[0;37;5;44;104m8[0;34;5;44;104mX[0;1;30;90;47m:[0;1;37;97;47m   [0;35;47m@[0;34;5;44;104m888[0;1;30;90;47m@[0;1;30;90;45m8[0;34;5;44;104m88888[0;1;34;94;44m88888888[0;30;44mX[0m
 [0;34;5;44;104m888888888[0;1;37;97;47m [0;37;5;47;107m8[0;34;5;44;104m@@@[0;37;45m8[0;1;37;97;47m  .;%[0;1;30;90;47m@88:[0;35;47m8[0;34;5;44;104m8888[0;1;34;94;44m888888888[0m 
 [0;1;34;94;44m.[0;34;5;44;104m88888888@[0;37;5;47;107m8;;;;;;;;;;tt[0;1;37;97;47mX[0;1;30;90;47m8[0;37;5;47;107m%[0;1;30;90;47m@[0;34;5;44;104m8[0;1;34;94;44m888888888.[0m 
  [0;1;34;94;44m8[0;34;5;44;104m888888888[0;1;37;97;47m [0;37;5;47;107m8@@@88[0;1;37;97;47mX;[0;1;30;90;47m@[0;36;5;40;100m.[0;36;5;44;104m8[0;1;30;90;45m8[0;35;47m@[0;1;37;97;47m [0;37;5;47;107mt[0;34;5;44;104m8[0;1;34;94;44m88888888@[0m  
  [0;30;44m@[0;34;5;44;104m888888888888[0;34;45m8[0;1;30;90;47m8[0;35;47m8[0;1;30;90;47m88[0;35;47m8[0;34;5;44;104m888888[0;1;30;90;47m8[0;1;34;94;44m888888888[0;30;44m@[0m  
   [0;30;44mt[0;1;34;94;44m88[0;34;5;44;104m8888888888[0;1;30;90;45m8[0;1;30;90;47m888[0;1;30;90;45m8[0;34;5;44;104m888[0;1;37;97;47m;[0;1;30;90;47m8[0;1;34;94;44m888888888@[0;30;44mt[0m   
    [0;30;44m%[0;1;34;94;44m8888[0;34;5;44;104m88888888[0;35;47m88[0;1;30;90;47m8[0;35;47m8[0;1;34;94;44m888[0;34;5;44;104m88[0;36;5;40;100m;[0;1;34;94;44m8888888@[0;30;44m%[0m    
     [0;30;44m8[0;1;34;94;44m@8888888888[0;34;45m8[0;1;30;90;47m8[0;35;47m88[0;1;30;90;47m8[0;1;34;94;44m888[0;36;5;44;104m8[0;1;34;94;44m888888@X[0;30;44m8[0m     
       [0;1;34;94;44m:8888888888[0;35;47m88[0;1;34;94;44m8[0;1;30;90;45m8[0;35;47m8[0;1;34;94;44m@888888@@.[0m       
        [0;34;40m8[0;1;34;94;44mS88888888[0;1;30;90;45m8[0;1;30;90;47m8[0;1;34;94;44m8[0;35;44m@[0;1;30;90;47m8[0;1;34;94;44mX8888@@%[0;30;44m8[0m        
          [0;30;44m8[0;1;34;94;44m%888888@[0;1;30;90;47m8[0;1;34;94;44mXX[0;1;30;90;45m8[0;1;34;94;44m@8@@@%[0;30;44m8[0m          
             [0;1;34;94;44m.@888[0;1;30;90;45m8[0;1;30;90;47m8[0;35;44m@[0;1;34;94;44m@@@@@.[0m             
               [0;30;44mX[0;1;34;94;44m;@[0;1;30;90;45m8[0;35;44mX[0;1;34;94;44m@@@t[0;30;44mS[0m               
                  [0;30;44m@. @[0m                  
