[0;1;30;90;43m.[0;1;33;93;43m@@@@@@@@@@@88888@@@@@@@@@@@@XXXXXXSSSS[0;1;30;90;43m [0m
[0;1;33;93;43m%[0;33;5;43;103mt;;;;;;;;;;;;;;;;;;;;;;;;;tttttt%%%%SS[0;1;30;90;43m [0m
[0;1;33;93;43m%[0;33;5;43;103m;;;;;;[0;1;33;93;43mS[0;37;43m8[0;33;5;40;100m [0;35;5;40;100m [0;37;5;40;100m;[0;37;43m8@[0;33;5;43;103mt::;;;;;;;;%[0;37;43mS[0;1;30;90;43m8[0;33;5;40;100m.[0;35;5;40;100m:[0;33;5;40;100m:[0;1;30;90;43m8[0;1;33;93;43mt[0;33;5;43;103m%%%%SS[0;1;30;90;43m [0m
[0;1;33;93;43m%[0;33;5;43;103m;;;t[0;1;30;90;43m8[0;1;30;90;45m8SSXX@@@8[0;35;5;40;100m [0;33;5;43;103mS::::;;S[0;35;5;40;100m;[0;1;30;90;45mt;::::::%[0;1;30;90;43m8[0;33;5;43;103mS%%S[0;1;30;90;43m [0m
[0;1;33;93;43m%[0;33;5;43;103m;;%[0;1;30;90;45m8%SXX@8888888[0;33;47m8[0;33;5;43;103m::::[0;37;43m8[0;1;30;90;45mS%tt;:::::::X[0;1;33;93;43mX[0;33;5;43;103m%%[0;1;30;90;43m [0m
[0;1;33;93;43m%[0;33;5;43;103m;;[0;1;30;90;45m8%SX@8888888888[0;1;33;93;47m8[0;33;5;43;103m.:[0;33;47m8[0;1;30;90;45mXXS%tt;:::::::8[0;33;5;43;103m%%[0;1;30;90;43m [0m
[0;1;33;93;43m%[0;33;5;43;103m;[0;1;33;93;43mS[0;1;30;90;45m%SX@88888888888[0;1;30;90;47m8[0;37;5;43;103mS%[0;1;30;90;47m8[0;1;30;90;45m@XSS%t;;:::::::[0;1;33;93;43m;[0;33;5;43;103m%[0;1;30;90;43m [0m
[0;1;33;93;43m%[0;33;5;43;103m;[0;1;33;93;43m%[0;1;30;90;45mSSX@888888[0;37;45m@@@[0;1;30;90;45m88[0;1;30;90;47m8[0;37;5;43;103mSS[0;1;30;90;47m8[0;1;30;90;45m8@XS%t;;:::::::[0;1;30;90;43m8[0;33;5;43;103m%[0;1;33;93;43mt[0m
[0;1;33;93;43m%[0;33;5;43;103m;t[0;1;30;90;45m8X@888888[0;37;45m@8888[0;1;30;90;45m8[0;33;47m8[0;37;5;43;103mXS[0;33;47m8[0;1;30;90;45m8@XS%tt;::::::%[0;33;5;43;103mS%[0;1;33;93;43mt[0m
[0;1;33;93;43m%[0;33;5;43;103m;;[0;1;33;93;43mS[0;1;30;90;45m8@8888888[0;37;45m888@[0;1;30;90;47m8[0;37;5;43;103mXSS%[0;1;30;90;47m8[0;1;30;90;45m@XS%tt;:::::;[0;1;33;93;43m;[0;33;5;43;103m%%[0;1;33;93;43mt[0m
[0;1;33;93;43m%[0;33;5;43;103m;;;%[0;35;5;40;100m:[0;1;30;90;45m@88888888[0;37;45m8[0;33;47m@[0;37;5;43;103mXXSS[0;33;5;43;103m::[0;33;47m8[0;1;30;90;45m8S%t;;::::[0;35;5;40;100mX[0;1;33;93;43mX[0;33;5;43;103m%%%[0;1;30;90;43m [0m
[0;1;30;90;43m:[0;33;5;43;103m;;;;:%[0;33;47m8[0;37;5;40;100mS[0;1;30;90;45m888[0;1;30;90;47m88[0;1;33;93;47m8[0;37;5;43;103mXSSXXX[0;33;5;43;103m;::;[0;37;43mX[0;33;5;40;100m.[0;1;30;90;45m8888[0;35;5;40;100mt[0;1;30;90;43m8[0;1;33;93;43mX[0;33;5;43;103mtt%%%[0;1;30;90;43m [0m
[0;1;30;90;43m:[0;33;5;43;103m;;;;;:::::.[0;37;5;43;103m%SS[0;33;47m8[0;1;30;90;47m8[0;1;30;90;45m888@X8[0;35;5;40;100m.[0;37;43m@[0;33;5;43;103m;;;;;;tttt%%%%[0;1;30;90;43m.[0m
 [0;33;5;43;103m;;;;;;;:::::[0;37;5;43;103m@[0;1;30;90;45m888@@XXSS%t8[0;1;33;93;43mS[0;33;5;43;103m;;;ttttt%%%S[0m 
 [0;1;30;90;43m.[0;33;5;43;103m;;;;;;;;;:S[0;1;30;90;45m8XXXXSSS%%tt;t[0;1;33;93;43m%[0;33;5;43;103m;ttttt%%%%[0;1;30;90;43m [0m 
  [0;33;5;43;103mt;;;;;;;;;[0;1;30;90;45m8%%%%%%%tt;;;::8[0;33;5;43;103mttttt%%%%S[0m  
  [0;1;30;90;43m.[0;33;5;43;103m;;;;;;;;t[0;1;30;90;45mttttttt;;;;:::::[0;33;5;43;103m%ttt%%%%S[0;1;30;90;43m.[0m  
   [0;1;30;90;43m.[0;33;5;43;103mt;;;;;;;[0;1;30;90;45m@;;;;;:::::::::S[0;33;5;43;103mtt%%%%%S[0;1;30;90;43m [0m   
    [0;1;30;90;43m:[0;33;5;43;103mtttt;;;[0;1;30;90;43m8[0;1;30;90;45m::::::::::::::[0;1;30;90;43m8[0;33;5;43;103m%%%%%SS[0;1;30;90;43m.[0m    
     [0;31;43m8[0;33;5;43;103mStttttt[0;1;30;90;43m8[0;1;30;90;45mt::::::::::;[0;1;30;90;43m8[0;33;5;43;103m%%%%%S@[0;31;43m8[0m     
       [0;1;30;90;43m.[0;33;5;43;103mttttttS[0;33;5;40;100mt[0;1;30;90;45mX::::::S[0;33;5;40;100mt[0;33;5;43;103mX%%%%SS[0;1;30;90;43m [0m       
        [0;31;43m8[0;1;33;93;43m@[0;33;5;43;103m%%%%%%%X[0;1;30;90;43m8888[0;1;33;93;43mX[0;33;5;43;103m%%%%SSS[0;1;33;93;43mX[0;31;43m8[0m        
          [0;1;30;90;43m.[0;1;33;93;43mX[0;33;5;43;103m%%%%%%%%%%%%SSSS[0;1;33;93;43mS[0;31;43m@[0m          
             [0;1;30;90;43m [0;33;5;43;103mSSSSSSSSSSSS[0;1;30;90;43m [0m             
               [0;1;30;90;43m.[0;1;33;93;43m%[0;33;5;43;103mSSSSSS[0;1;33;93;43m%[0;1;30;90;43m [0m               
                  [0;1;30;90;43m    [0m                  
