[0;1;30;90;47mt[0;1;37;97;47m@@@888888888888888888888@@@@@XXXSSS%%%[0;1;30;90;47mS[0m
[0;1;37;97;47m:[0;37;5;47;107m%ttttttttttt;;;ttttttttttt%%%%SSSXXX@@[0;1;37;97;47m [0m
[0;1;37;97;47m;[0;37;5;47;107mtt[0;1;30;90;47m8[0;31;5;41;101m8[0;1;30;90;47m88888888888888888888888[0;37;5;40;100m.[0;35;5;40;100m    ..[0;1;31;91;41m8[0;1;30;90;47m8[0;37;5;47;107m@@[0;1;37;97;47m [0m
[0;1;37;97;47m;[0;37;5;47;107mtt[0;1;30;90;47m88[0;1;37;97;47m@[0;1;30;90;47m8888888888888888888888888888[0;1;37;97;47mt[0;1;30;90;47m88[0;37;5;47;107mX@[0;1;37;97;47m [0m
[0;1;37;97;47m;[0;37;5;47;107mtt[0;1;30;90;47m88[0;1;37;97;47m:[0;35;5;41;101m@[0;37;5;47;107mt;;;;:::::;;;8Xttt%%%%%%SS[0;31;5;41;101m8[0;1;37;97;47m [0;1;30;90;47m88[0;37;5;47;107mXX[0;1;37;97;47m.[0m
[0;1;37;97;47m;[0;37;5;47;107mtt[0;1;30;90;47m88[0;1;37;97;47m;[0;35;5;41;101m@[0;37;5;47;107m:::...    [0;1;37;97;47m;[0;1;30;90;47m8X[0;31;5;41;101m88[0;1;37;97;47m  8[0;37;5;47;107m;ttttt%%[0;31;5;41;101m8[0;1;37;97;47m [0;1;30;90;47m88[0;37;5;47;107mXX[0;1;37;97;47m.[0m
[0;1;37;97;47m;[0;37;5;47;107mtt[0;1;30;90;47m88[0;1;37;97;47m;[0;35;5;41;101m@[0;37;5;47;107m:..       S[0;35;5;40;100m.[0;31;5;41;101mX[0;1;31;91;41m8[0;31;5;41;101m88[0;1;30;90;47m@[0;37;5;47;107mt;tttttt%[0;31;5;41;101m8[0;1;37;97;47m [0;1;30;90;47m88[0;37;5;47;107mXX[0;1;37;97;47m.[0m
[0;1;37;97;47m;[0;37;5;47;107mtt[0;1;30;90;47m88[0;1;37;97;47m;[0;35;5;41;101mX[0;37;5;47;107m:.      %[0;1;30;90;47m8[0;31;5;41;101mXX[0;1;30;90;41m8[0;31;5;41;101m8[0;1;30;90;41m8[0;31;5;41;101m88[0;35;5;40;100m.[0;1;37;97;47m@[0;37;5;47;107m;ttttt%[0;31;5;41;101m8[0;1;37;97;47m [0;1;30;90;47m88[0;37;5;47;107mXX[0;1;37;97;47m.[0m
[0;1;37;97;47m;[0;37;5;47;107mt;[0;1;30;90;47m88[0;1;37;97;47m;[0;35;5;41;101mX[0;37;5;47;107m..     %[0;1;30;90;47m8[0;35;5;41;101mX[0;31;5;41;101mS[0;1;30;90;41m8[0;1;31;91;41m88@X[0;31;5;41;101m@88[0;1;37;97;47m%[0;37;5;47;107mttttt%[0;31;5;41;101m8[0;1;37;97;47m [0;1;30;90;47m88[0;37;5;47;107mSX[0;1;37;97;47m.[0m
[0;1;37;97;47m;[0;37;5;47;107mtt[0;1;30;90;47m88[0;1;37;97;47m;[0;35;5;41;101mX[0;37;5;47;107m..     [0;1;30;90;47mS[0;35;5;41;101mXX[0;31;5;41;101mX[0;1;30;90;41m88[0;31;5;41;101m8[0;1;31;91;41mX8[0;31;5;41;101m888[0;35;5;40;100m:[0;37;5;47;107mttttt%[0;31;5;41;101m8[0;1;37;97;47m [0;1;30;90;47m88[0;37;5;47;107mXX[0;1;37;97;47m.[0m
[0;1;37;97;47m:[0;37;5;47;107mtt[0;1;30;90;47m88[0;1;37;97;47mt[0;35;5;41;101m@[0;37;5;47;107m:..    [0;1;30;90;47m8[0;31;5;41;101mXXX8[0;1;30;90;41m8[0;1;31;91;41m8[0;1;30;90;41m8[0;1;31;91;41m@[0;31;5;41;101m888[0;1;30;90;41m8[0;37;5;47;107mttttt%[0;31;5;41;101m8[0;1;37;97;47m [0;1;30;90;47m88[0;37;5;47;107mXX[0;1;37;97;47m [0m
[0;1;30;90;47m;[0;37;5;47;107mtt[0;1;37;97;47m [0;1;30;90;47m8[0;37;5;47;107m8[0;31;5;41;101m@[0;37;5;47;107m::[0;1;37;97;47m X[0;37;5;47;107m.  [0;1;37;97;47m@[0;31;5;41;101m@XX[0;1;31;91;41m8[0;1;30;90;41m8[0;1;31;91;41m8[0;1;30;90;41m8[0;1;31;91;41mS[0;31;5;41;101m888[0;1;30;90;47m%[0;37;5;47;107mtt[0;1;37;97;47m:[0;1;30;90;47m8[0;37;5;47;107mt%[0;31;5;41;101m8[0;1;37;97;47mt[0;35;5;40;100m:[0;1;30;90;47m8[0;37;5;47;107mXX[0;1;30;90;47mt[0m
[0;37;5;40;100mS[0;37;5;47;107mtt[0;1;37;97;47m@[0;31;5;41;101m8[0;37;5;47;107mt[0;31;5;41;101m@[0;37;5;47;107m8:[0;1;37;97;47m [0;31;5;41;101m@[0;35;5;40;100m:[0;1;37;97;47m [0;37;5;47;107m8.[0;1;37;97;47mt[0;31;5;41;101m8@@[0;1;30;90;41m8[0;1;31;91;41m8[0;1;30;90;41m@[0;1;31;91;41m8[0;31;5;41;101m8[0;1;31;91;41m8[0;1;30;90;47mX[0;1;37;97;47m%[0;1;30;90;47m8[0;1;31;91;41m8@[0;1;30;90;47m8[0;37;5;47;107m%[0;1;37;97;47mX[0;31;5;41;101m8[0;37;5;47;107mX[0;1;31;91;41m8[0;1;37;97;47m;[0;37;5;47;107mXX[0;37;5;40;100mS[0m
 [0;37;5;47;107mttt[0;31;5;41;101m@[0;1;37;97;47m [0;1;30;90;47m88[0;37;5;47;107m;@[0;31;5;41;101m8[0;1;31;91;41m@@[0;31;5;41;101m@8[0;1;30;90;47m@[0;37;5;47;107m@[0;1;37;97;47m [0;1;30;90;47m8[0;1;30;90;41m8[0;1;31;91;41m%[0;1;30;90;41m8[0;1;30;90;47m888[0;1;31;91;41m8[0;31;5;41;101m8[0;1;31;91;41mX%8[0;1;37;97;47m [0;37;5;47;107m%[0;1;30;90;47m88[0;1;37;97;47m [0;31;5;41;101m8[0;37;5;47;107mXX@[0m 
 [0;1;30;90;47m.[0;37;5;47;107mtt[0;1;37;97;47m [0;31;5;41;101m8[0;37;5;47;107m@[0;31;5;41;101m8[0;1;37;97;47mt[0;37;5;47;107m;[0;1;30;90;47m8[0;31;5;41;101m8[0;1;31;91;41m8S@[0;31;5;41;101m88[0;1;37;97;47m;[0;37;5;47;107m;[0;1;37;97;47m [0;31;5;41;101m8[0;1;37;97;47m ;[0;1;31;91;41m8[0;31;5;41;101m8[0;1;31;91;41mX%@[0;31;5;41;101m8[0;35;5;40;100m [0;37;5;47;107m%[0;1;37;97;47m;[0;31;5;41;101m8[0;37;5;47;107m8[0;31;5;41;101m8[0;1;37;97;47m [0;37;5;47;107mXX[0;1;30;90;47m.[0m 
  [0;37;5;47;107mStt[0;1;30;90;47m88[0;1;37;97;47mS[0;31;5;41;101m8[0;37;5;47;107m8t[0;1;30;90;47m8[0;1;31;91;41m8[0;31;5;41;101m88[0;1;31;91;41mXX@[0;37;5;47;107m@[0;1;37;97;47m [0;31;5;41;101m8[0;1;37;97;47m [0;1;31;91;41mXS%8[0;31;5;41;101m8[0;1;31;91;41m8[0;1;30;90;47m8[0;37;5;47;107mS8[0;31;5;41;101m8[0;1;37;97;47m:[0;1;30;90;47m8[0;35;5;40;100m.[0;37;5;47;107mXX8[0m  
  [0;36;5;40;100m [0;37;5;47;107mttS[0;35;5;41;101m8[0;1;30;90;47m8[0;1;37;97;47m:[0;31;5;41;101m8[0;1;37;97;47mX[0;37;5;47;107mt8[0;1;30;90;47m%8[0;37;5;40;100m::t;[0;1;30;90;47m8[0;31;5;41;101m8[0;35;5;40;100m .%;[0;1;30;90;47m8[0;1;37;97;47m [0;37;5;47;107m@%[0;1;37;97;47m%[0;31;5;41;101m8[0;1;37;97;47m [0;1;30;90;47m8[0;31;5;41;101m8[0;37;5;47;107m8X@[0;36;5;40;100m [0m  
   [0;37;5;40;100m8[0;37;5;47;107m%tX[0;35;5;41;101m8[0;1;30;90;47m8[0;1;37;97;47mS[0;31;5;41;101m8[0;1;30;90;47mS[0;37;5;47;107mtttttt[0;1;37;97;47m [0;31;5;41;101m88[0;1;37;97;47m:[0;37;5;47;107mtt%%%%[0;1;30;90;47mS[0;31;5;41;101m8[0;1;37;97;47mt[0;1;30;90;47m8[0;31;5;41;101m8[0;37;5;47;107m8X@[0;37;5;40;100m8[0m   
    [0;37;5;40;100m8[0;37;5;47;107m%%%[0;1;30;90;47m8[0;35;5;41;101m8[0;1;37;97;47mX[0;1;30;90;47m8[0;35;5;41;101m8[0;1;37;97;47mX[0;37;5;47;107mtttt[0;1;37;97;47m%[0;1;31;91;41m88[0;1;37;97;47mS[0;37;5;47;107m%%%%[0;1;37;97;47mS[0;35;5;41;101m8[0;1;30;90;47m8[0;1;37;97;47m%[0;31;5;41;101m8[0;1;30;90;47m8[0;37;5;47;107m@@@[0;37;5;40;100m8[0m    
     [0;36;5;40;100m.[0;37;5;47;107m8%%[0;1;37;97;47m;[0;31;5;41;101m8[0;1;30;90;47m8[0;1;37;97;47mt[0;35;5;40;100m.[0;1;30;90;47m8[0;1;37;97;47mS[0;37;5;47;107m%X[0;1;30;90;47m8@[0;37;5;47;107m8%%S[0;1;37;97;47mS[0;37;5;40;100m.[0;35;5;40;100m;[0;1;37;97;47m:[0;1;30;90;47m8[0;31;5;41;101m8[0;1;37;97;47m [0;37;5;47;107mX@[0;1;37;97;47m8[0;36;5;40;100m.[0m     
       [0;1;30;90;47m [0;37;5;47;107mSSS[0;1;30;90;47mX[0;31;5;41;101m8[0;1;30;90;47m8[0;1;37;97;47m;[0;37;5;40;100m.[0;35;5;41;101m8[0;1;37;97;47m [0;37;5;47;107mXSSX[0;1;37;97;47m [0;35;5;40;100m; [0;1;37;97;47m:[0;1;30;90;47m8[0;1;31;91;41m8[0;1;30;90;47m8[0;37;5;47;107m@@@[0;1;30;90;47m.[0m       
        [0;36;5;40;100m.[0;1;37;97;47m@[0;37;5;47;107mSSX[0;1;30;90;47mX[0;31;5;41;101m8[0;1;30;90;47m8[0;1;37;97;47m:[0;1;30;90;47m8[0;35;5;41;101m8[0;1;30;90;47m88[0;31;5;41;101m8[0;1;30;90;47m8[0;1;37;97;47m:[0;1;30;90;47m8[0;31;5;41;101m8[0;1;30;90;47m8[0;37;5;47;107m8@@[0;1;37;97;47mX[0;36;5;40;100m.[0m        
          [0;36;5;40;100m [0;1;37;97;47mX[0;37;5;47;107mXXX[0;1;37;97;47m.[0;37;5;40;100m.[0;35;5;41;101m8[0;1;30;90;47m8[0;1;37;97;47m  [0;1;30;90;47m8[0;35;5;41;101m8[0;35;5;40;100m [0;1;37;97;47m [0;37;5;47;107m@@@[0;1;37;97;47mS[0;36;5;40;100m [0m          
             [0;1;30;90;47m.[0;37;5;47;107m@@@8[0;1;37;97;47m [0;37;5;40;100m:.[0;1;37;97;47m [0;37;5;47;107m8@@8[0;1;30;90;47m.[0m             
               [0;37;5;40;100mS[0;1;37;97;47m;[0;37;5;47;107m@@@@@@[0;1;37;97;47mt[0;37;5;40;100mS[0m               
                  [0;36;5;40;100m [0;1;30;90;47mtt[0;36;5;40;100m [0m                  
