[0;1;30;90;47m.[0;1;37;97;47m888888888888888888888888888888@@@XXXSS[0;1;30;90;47m;[0m
[0;1;37;97;47mt[0;37;5;47;107m%ttttttttttt;;;ttttttttttt%%%%SSSXXX@@[0;1;37;97;47m:[0m
[0;1;37;97;47m%[0;37;5;47;107mtt[0;1;37;97;47mS[0;1;30;90;47mtt;;;;::::::::::;;;;tttt%%%%%SSS[0;1;37;97;47m;[0;37;5;47;107m@@[0;1;37;97;47m:[0m
[0;1;37;97;47m%[0;37;5;47;107mtt[0;1;37;97;47mS[0;1;30;90;47m%ttt;;;:::::::;;;ttt%%%%SSSSXXX@[0;1;37;97;47m:[0;37;5;47;107mX@[0;1;37;97;47m:[0m
[0;1;37;97;47m%[0;37;5;47;107mtt[0;1;37;97;47mS[0;1;30;90;47mtt[0;1;37;97;47m.[0;37;5;47;107m;;;:::::::::;;;;ttttt%%%%S[0;1;30;90;47m:XX[0;1;37;97;47m:[0;37;5;47;107mXX[0;1;37;97;47m;[0m
[0;1;37;97;47m%[0;37;5;47;107mtt[0;1;37;97;47mS[0;1;30;90;47mt;[0;1;37;97;47m.[0;37;5;47;107m:::...    ..t%;;;;;ttttt%%[0;1;30;90;47m:XX[0;1;37;97;47m:[0;37;5;47;107mXX[0;1;37;97;47m;[0m
[0;1;37;97;47m%[0;37;5;47;107mtt[0;1;37;97;47mX[0;1;30;90;47m;;[0;1;37;97;47m:[0;37;5;47;107m:..    t[0;1;37;97;47m.[0;1;30;90;47m8[0;36;5;44;104mS[0;34;5;44;104mXX@@@[0;1;30;90;47m8[0;1;37;97;47m [0;37;5;47;107m@tttttt%[0;1;30;90;47m.XX[0;1;37;97;47m;[0;37;5;47;107mXX[0;1;37;97;47m;[0m
[0;1;37;97;47m%[0;37;5;47;107mtt[0;1;37;97;47mX[0;1;30;90;47m;;[0;1;37;97;47m:[0;37;5;47;107m:.   ;[0;1;37;97;47m [0;36;5;44;104mXX[0;34;5;44;104mSXXXX@@888[0;1;30;90;47m8[0;37;5;47;107m@tttt%[0;1;30;90;47m.XX[0;1;37;97;47m;[0;37;5;47;107mXX[0;1;37;97;47m;[0m
[0;1;37;97;47m%[0;37;5;47;107mt;[0;1;37;97;47mX[0;1;30;90;47m;:[0;1;37;97;47m:[0;37;5;47;107m..  @[0;1;34;94;47m8[0;36;5;44;104mXXXX[0;34;5;44;104mSXXX@@@8888[0;1;37;97;47mX[0;37;5;47;107mttt%[0;1;30;90;47m.XX[0;1;37;97;47m;[0;37;5;47;107mSX[0;1;37;97;47m;[0m
[0;1;37;97;47m%[0;37;5;47;107mtt[0;1;37;97;47mX[0;1;30;90;47m;:[0;1;37;97;47m:[0;37;5;47;107m.. ;[0;36;5;44;104mSXXXXX[0;34;5;44;104mXXXX@@@88888[0;37;5;47;107m@tt%[0;1;30;90;47m.XX[0;1;37;97;47m;[0;37;5;47;107mXX[0;1;37;97;47m;[0m
[0;1;37;97;47m%[0;37;5;47;107mtt[0;1;37;97;47mX[0;1;30;90;47m;;[0;1;37;97;47m:[0;37;5;47;107m:..[0;1;37;97;47m [0;34;5;44;104mXXXSXXXXXX@@888888[0;1;30;90;47m8[0;37;5;47;107mtt%[0;1;30;90;47m:XX[0;1;37;97;47m;[0;37;5;47;107mXX[0;1;37;97;47m;[0m
[0;1;37;97;47m%[0;37;5;47;107mtt[0;1;37;97;47m8[0;1;30;90;47mt;.[0;37;5;47;107m::.[0;1;30;90;47m8[0;34;5;44;104mXXXXXXXX@@@8888888[0;1;30;90;47m8[0;37;5;47;107mtt%[0;1;30;90;47mtXX[0;1;37;97;47m%[0;37;5;47;107mXX[0;1;37;97;47m;[0m
[0;1;37;97;47mS[0;37;5;47;107mtt@[0;1;30;90;47mtt;[0;37;5;47;107mX::[0;1;30;90;47m@[0;34;5;44;104m@@XXX@@@@@88888888[0;1;30;90;47m8[0;37;5;47;107mt%8[0;1;30;90;47mXXX[0;1;37;97;47m8[0;37;5;47;107mXX[0;1;37;97;47m%[0m
[0;1;37;97;47mX[0;37;5;47;107mttt[0;1;30;90;47m.tt[0;1;37;97;47mt[0;37;5;47;107m;;8[0;34;5;44;104m@@@@@@@88888888888[0;1;37;97;47m@[0;37;5;47;107m%%[0;1;37;97;47m:[0;1;30;90;47mXXt[0;37;5;47;107mXX@[0;1;37;97;47mX[0m
[0;37;5;47;107m:[0;1;37;97;47mX[0;37;5;47;107mtt[0;1;37;97;47m8[0;1;30;90;47m%tt[0;37;5;47;107m8;;[0;1;37;97;47m [0;34;5;44;104m8888888888888888[0;1;37;97;47m [0;37;5;47;107m%%8[0;1;30;90;47mXXX[0;1;37;97;47mX[0;37;5;47;107mXX[0;1;37;97;47m%[0;37;5;47;107m;[0m
[0;37;5;47;107m [0;1;37;97;47m@[0;37;5;47;107mStt[0;1;37;97;47m;[0;1;30;90;47m%%;[0;37;5;47;107mX;;[0;1;37;97;47m%[0;34;5;44;104m@8888888888888[0;1;37;97;47m;[0;37;5;47;107m%%@[0;1;30;90;47mtXX [0;37;5;47;107mXX8[0;1;37;97;47mX[0;37;5;47;107m [0m
[0;37;5;47;107m  [0;1;37;97;47m%[0;37;5;47;107mtt%[0;1;30;90;47m %%;[0;37;5;47;107m@ttt[0;1;37;97;47m [0;1;30;90;47m8[0;34;5;44;104m88888888[0;36;5;40;100m.[0;1;37;97;47m [0;37;5;47;107m%%%8[0;1;30;90;47mtXX;[0;37;5;47;107m@X@[0;1;37;97;47m;[0;37;5;47;107m  [0m
[0;37;5;47;107m  :[0;1;37;97;47mS[0;37;5;47;107m%t%[0;1;37;97;47m.[0;1;30;90;47mSS%[0;1;37;97;47m@[0;37;5;47;107mttttt8[0;1;37;97;47m:  :[0;37;5;47;107m8%%%%%[0;1;37;97;47mX[0;1;30;90;47mSX@:[0;37;5;47;107m@X@[0;1;37;97;47mt[0;37;5;47;107m;  [0m
[0;37;5;47;107m   ;[0;1;37;97;47mS[0;37;5;47;107m%%%[0;1;37;97;47m%[0;1;30;90;47mSSS [0;37;5;47;107m@ttttttt%%%%%8[0;1;30;90;47m.XX@[0;1;37;97;47m:[0;37;5;47;107m@@@[0;1;37;97;47mt[0;37;5;47;107m;   [0m
[0;37;5;47;107m    .[0;1;37;97;47mX[0;37;5;47;107m@%%8[0;1;30;90;47m:SSS[0;1;37;97;47m:[0;37;5;47;107m8%%%%%%%S8[0;1;37;97;47m.[0;1;30;90;47mXX@t[0;1;37;97;47m@[0;37;5;47;107mX@8[0;1;37;97;47mS[0;37;5;47;107m.    [0m
[0;37;5;47;107m      8[0;1;37;97;47m@[0;37;5;47;107mSSS[0;1;37;97;47mS[0;1;30;90;47mtXXX.[0;1;37;97;47m@[0;37;5;47;107mSSSS[0;1;37;97;47m@[0;1;30;90;47m.X@@S[0;1;37;97;47mt[0;37;5;47;107m@@@[0;1;37;97;47mX[0;37;5;47;107m8      [0m
[0;37;5;47;107m       :[0;1;37;97;47m@8[0;37;5;47;107mSSX[0;1;37;97;47mS[0;1;30;90;47mtXXXS[0;1;37;97;47m..[0;1;30;90;47mS@@@%[0;1;37;97;47mt[0;37;5;47;107m@@@[0;1;37;97;47m8X[0;37;5;47;107m;       [0m
[0;37;5;47;107m         %[0;1;37;97;47m88[0;37;5;47;107mXXX[0;1;37;97;47m8 [0;1;30;90;47mX@@@@X [0;1;37;97;47m@[0;37;5;47;107m@@@[0;1;37;97;47m@@[0;37;5;47;107m%         [0m
[0;37;5;47;107m           t[0;1;37;97;47m8X[0;37;5;47;107m@@@@[0;1;37;97;47mX [0;1;30;90;47m [0;1;37;97;47mS[0;37;5;47;107m8@@8[0;1;37;97;47mS8[0;37;5;47;107mt           [0m
[0;37;5;47;107m             .8[0;1;37;97;47m@X[0;37;5;47;107m@@@@@@[0;1;37;97;47mX@[0;37;5;47;107m8.             [0m
[0;37;5;47;107m                :8[0;1;37;97;47m8XX8[0;37;5;47;107m8:                [0m
