[0;1;30;90;47mt[0;1;37;97;47m@@@888888888888888888888@@@@@XXXSSS%%%[0;1;30;90;47mS[0m
[0;1;37;97;47m:[0;37;5;47;107m%ttttttttttt;;;ttttttttttt%%%%SSSXXX@@[0;1;37;97;47m [0m
[0;1;37;97;47m;[0;37;5;47;107mttttttt;;;;;;;;;;;[0;1;37;97;47mXX[0;37;5;47;107mtttttttt%%%SSSXX@@[0;1;37;97;47m [0m
[0;1;37;97;47m;[0;37;5;47;107mttttt;;;;;:::::::;[0;1;30;90;47m88[0;37;5;47;107m;;ttttttt%%%SSSXX@[0;1;37;97;47m [0m
[0;1;37;97;47m;[0;37;5;47;107mtttt;;;;::::....:;[0;31;5;41;101m@@[0;37;5;47;107m%;;;tttttt%%%SSXXX[0;1;37;97;47m.[0m
[0;1;37;97;47m;[0;37;5;47;107mttt;;;X::...    .[0;1;37;97;47m;[0;31;5;41;101m@@[0;1;37;97;47m [0;37;5;47;107m;;;;ttttt%8%SSSXX[0;1;37;97;47m.[0m
[0;1;37;97;47m;[0;37;5;47;107mtt;;;:@[0;1;30;90;47m88[0;1;37;97;47m%[0;37;5;47;107m;      [0;1;30;90;47m8[0;31;5;41;101mX@[0;1;30;90;47m8[0;37;5;47;107m:;;;ttS[0;1;37;97;47m [0;1;30;90;47m8[0;35;5;40;100m [0;1;37;97;47m@[0;37;5;47;107m%%SSXX[0;1;37;97;47m.[0m
[0;1;37;97;47m;[0;37;5;47;107mtt;;;:::[0;1;37;97;47m [0;31;5;41;101mXS[0;1;30;90;47m8[0;1;37;97;47m [0;37;5;47;107m@  S[0;31;5;41;101mXXX@[0;37;5;47;107m8:;8[0;1;30;90;47mX[0;35;5;41;101m@[0;31;5;41;101m88[0;1;30;90;47m8[0;37;5;47;107mS%%%SSXX[0;1;37;97;47m.[0m
[0;1;37;97;47m;[0;37;5;47;107mt;;;::.. [0;1;37;97;47mS[0;35;5;41;101mXXXX[0;1;31;91;47m8[0;1;37;97;47m [0;1;30;90;47m8[0;31;5;41;101mXXX@[0;1;30;90;47m88[0;31;5;41;101m@8888[0;1;37;97;47m [0;37;5;47;107mtt%%%SSSX[0;1;37;97;47m.[0m
[0;1;37;97;47m;[0;37;5;47;107mtt;;::..  %[0;1;30;90;47m8[0;35;5;41;101mXXXX[0;31;5;41;101mXXXX@@@888[0;35;5;41;101m8[0;37;5;47;107m8ttt%%%SSXX[0;1;37;97;47m.[0m
[0;1;37;97;47m:[0;37;5;47;107mtt;;;::..  .[0;1;37;97;47m [0;31;5;41;101mSXXXXXX@@888[0;1;30;90;47m8[0;37;5;47;107mttttt%%%SSXX[0;1;37;97;47m [0m
[0;1;30;90;47m;[0;37;5;47;107mtt;;;;::..8[0;1;37;97;47m [0;1;30;90;47m8[0;31;5;41;101mXXXXX@@@8888[0;35;5;41;101m@[0;1;30;90;47m8[0;1;37;97;47mX[0;37;5;47;107mttt%%SSSXX[0;1;30;90;47mt[0m
[0;37;5;40;100mS[0;37;5;47;107mttt;;;S[0;1;37;97;47m:[0;1;30;90;47m8[0;31;5;41;101mX@@XXX@@@@@888888888[0;1;30;90;47m8[0;1;37;97;47m [0;37;5;47;107m8%SSSXX[0;37;5;40;100mS[0m
 [0;37;5;47;107mttt[0;1;37;97;47mX[0;1;30;90;47m@[0;35;5;41;101m@[0;31;5;41;101m8888@@@@@@@888888888888[0;1;31;91;41m888[0;31;5;41;101m8[0;1;30;90;47m8[0;1;37;97;47mt[0;37;5;47;107mXX@[0m 
 [0;1;30;90;47m.[0;37;5;47;107mtt%ttttttt;;;[0;35;5;41;101m@[0;31;5;41;101m888888888[0;37;5;47;107m%%%%%SSSXXXXX[0;1;30;90;47m.[0m 
  [0;37;5;47;107mSttttttt;;;;[0;1;37;97;47mS[0;31;5;41;101m8888[0;35;5;40;100m. [0;31;5;41;101m8888[0;1;37;97;47m%[0;37;5;47;107mtt%%%SSSXXX8[0m  
  [0;36;5;40;100m [0;37;5;47;107mttttttttttt[0;1;30;90;47m8[0;31;5;41;101m888[0;1;30;90;47m8[0;37;5;47;107mtt[0;1;30;90;47m@[0;31;5;41;101m888[0;1;30;90;47m8[0;37;5;47;107m%%%%SSSXXX@[0;36;5;40;100m [0m  
   [0;37;5;40;100m8[0;37;5;47;107m%ttttttttS[0;31;5;41;101m888[0;1;37;97;47m%[0;37;5;47;107mtttt[0;1;37;97;47mS[0;31;5;41;101m8[0;1;31;91;41m8[0;31;5;41;101m8[0;37;5;47;107m@%SSSSXXX@[0;37;5;40;100m8[0m   
    [0;37;5;40;100m8[0;37;5;47;107m%%%%tttt[0;1;37;97;47m [0;31;5;41;101m8[0;35;5;40;100m.[0;37;5;47;107m@tttt%%@[0;35;5;40;100m.[0;1;31;91;41m8[0;1;30;90;47mS[0;37;5;47;107mSSSXXX@@[0;37;5;40;100m8[0m    
     [0;36;5;40;100m.[0;37;5;47;107m8%%%%%%[0;35;5;41;101m8[0;1;30;90;47m@[0;37;5;47;107m%%%%%%%%SS[0;1;30;90;47m@[0;31;5;41;101m8[0;37;5;47;107mSXXXX@[0;1;37;97;47m8[0;36;5;40;100m.[0m     
       [0;1;30;90;47m [0;37;5;47;107mSSS%X[0;1;37;97;47m%[0;37;5;47;107m%%%%SSSSSSSX[0;1;37;97;47m%[0;37;5;47;107m8XX@@[0;1;30;90;47m.[0m       
        [0;36;5;40;100m.[0;1;37;97;47m@[0;37;5;47;107mSSSSSSSSSSSXXXXXX@@@[0;1;37;97;47mX[0;36;5;40;100m.[0m        
          [0;36;5;40;100m [0;1;37;97;47mX[0;37;5;47;107mXXXXXXXXXXXX@@@@[0;1;37;97;47mS[0;36;5;40;100m [0m          
             [0;1;30;90;47m.[0;37;5;47;107m@@@@@@@@@@@8[0;1;30;90;47m.[0m             
               [0;37;5;40;100mS[0;1;37;97;47m;[0;37;5;47;107m@@@@@@[0;1;37;97;47mt[0;37;5;40;100mS[0m               
                  [0;36;5;40;100m [0;1;30;90;47mtt[0;36;5;40;100m [0m                  
