[0;37;5;40;100m8[0;1;37;97;47m@@[0;1;30;90;47m;;[0;1;37;97;47m88[0;1;30;90;47m:;[0;1;37;97;47m88[0;1;30;90;47m:;[0;1;37;97;47m88[0;1;30;90;47m:;[0;1;37;97;47m88[0;1;30;90;47m;;[0;1;37;97;47m88[0;1;30;90;47m:;[0;1;37;97;47m@@[0;1;30;90;47m;%[0;1;37;97;47m@X[0;1;30;90;47mt%[0;1;37;97;47mSS[0;1;30;90;47m%S[0;1;37;97;47m%%[0;37;5;40;100m8[0m
[0;1;30;90;47m:[0;37;5;47;107m%t[0;1;37;97;47mt:[0;37;5;47;107mtt[0;1;37;97;47m%:[0;37;5;47;107mtt[0;1;37;97;47mt;[0;37;5;47;107m;;[0;1;37;97;47m%;[0;37;5;47;107mtt[0;1;37;97;47mt;[0;37;5;47;107mtt[0;1;37;97;47mt:[0;37;5;47;107mtt[0;1;37;97;47mt.[0;37;5;47;107m%%[0;1;37;97;47m: [0;37;5;47;107mSX[0;1;37;97;47m.[0;1;30;90;47m.[0;37;5;47;107m@@[0;1;30;90;47mt[0m
[0;1;37;97;47m;[0;37;5;47;107mXXttSXt;SS;;%S;;%S;;SXttSXttX@%S88XX8[0;1;37;97;47m8 [0m
[0;1;37;97;47m;.[0;1;30;90;47m [0;37;5;47;107mtt[0;1;37;97;47m:.[0;37;5;47;107m;;[0;1;37;97;47m;;[0;37;5;47;107m::[0;1;37;97;47mt;[0;37;5;47;107m::[0;1;37;97;47mt:[0;37;5;47;107m;;[0;1;37;97;47m;.[0;37;5;47;107mtt[0;1;37;97;47m:[0;1;30;90;47m [0;37;5;47;107mtt[0;1;37;97;47m [0;1;30;90;47m [0;37;5;47;107m%%[0;1;37;97;47m [0;1;30;90;47m:[0;37;5;47;107mSX[0;1;30;90;47m.t[0;1;37;97;47m [0m
[0;1;37;97;47m;[0;37;5;47;107m88tt88;;@@::XX..X@::@8;;88tt8[0;1;37;97;47m8[0;37;5;47;107m%%[0;1;37;97;47m88[0;37;5;47;107mSX[0;1;37;97;47m@X.[0m
[0;1;30;90;47mt[0;37;5;47;107mtt[0;1;37;97;47m%[0;1;30;90;47m@[0;1;37;97;47m;[0;37;5;47;107m%[0;1;37;97;47mX%;[0;37;5;47;107m.[0;1;37;97;47m8@[0;37;5;47;107m  [0;1;37;97;47m8@[0;37;5;47;107m..[0;1;37;97;47m@X[0;37;5;47;107m:;[0;1;37;97;47mS%[0;37;5;47;107m;t[0;1;37;97;47m%;[0;37;5;47;107mtt[0;1;37;97;47mt:[0;37;5;47;107m%S[0;1;37;97;47m:.[0;37;5;47;107mXX[0;1;30;90;47mS[0m
[0;1;30;90;47m.[0;37;5;47;107mtt[0;1;37;97;47mX [0;1;30;90;41m8[0;1;31;91;41m8[0;1;30;90;41m88[0;35;5;40;100m [0;37;5;40;100m:[0;1;30;90;47m8[0;1;37;97;47m8[0;37;5;47;107m  8[0;1;37;97;47m8[0;37;5;47;107m  [0;1;37;97;47m8@[0;37;5;47;107m::[0;1;37;97;47m@S[0;37;5;47;107m;t[0;1;37;97;47mSt[0;37;5;47;107mSt[0;1;37;97;47m%t[0;37;5;47;107m%%[0;1;37;97;47mt:[0;37;5;47;107mXX[0;1;30;90;47m;[0m
[0;1;37;97;47m;@@[0;37;5;47;107m;[0;1;37;97;47m@[0;31;5;41;101m8@@@@XX[0;35;5;41;101m8[0;1;30;90;47m8888888888888[0;35;5;40;100m [0;1;31;91;41m88888[0;1;30;90;47mt[0;1;37;97;47m%S[0;37;5;47;107mSS[0;1;37;97;47m%t.[0m
[0;1;37;97;47m;;.[0;37;5;47;107m;[0;1;30;90;47mS[0;31;5;41;101m8[0;1;31;91;41m8[0;31;5;40;100mX[0;31;5;41;101m8XXX[0;35;5;41;101mX8XXX[0;31;5;41;101mSXXX@@@88888888[0;1;31;91;41m8[0;1;30;90;41mt[0;37;5;40;100m%[0;37;5;47;107mXS[0;1;37;97;47m [0;1;30;90;47m;[0;1;37;97;47m.[0m
[0;1;37;97;47m;[0;37;5;47;107mtt[0;1;37;97;47m@[0;1;31;91;41m8[0;31;5;41;101m88@X8XX[0;35;5;41;101mX8XXX[0;31;5;41;101mXXXX@@@88888888[0;1;31;91;41m88[0;37;5;40;100m%t[0;37;5;47;107m@XX[0;1;37;97;47m.[0m
[0;1;30;90;47m%[0;37;5;47;107mtt[0;1;30;90;47m8[0;1;31;91;41m@[0;31;5;41;101m8[0;1;31;91;41m8[0;1;30;90;47m8S8[0;31;5;41;101mXXX8SXXXXXX@@888888888[0;1;31;91;41m88[0;1;30;90;47m8[0;1;30;90;41m@[0;1;30;90;47m:[0;37;5;47;107mXX[0;1;30;90;47mS[0m
[0;1;30;90;47mS[0;37;5;47;107mtt[0;1;37;97;47m8;%[0;37;5;47;107mX88:[0;1;37;97;47m [0;31;5;41;101m@8X@XXXX8@@888888888[0;1;31;91;41m888[0;1;30;90;47m8[0;35;5;40;100mt[0;1;37;97;47m.[0;37;5;47;107mXX[0;1;30;90;47m@[0m
[0;37;5;40;100mS[0;1;37;97;47m%t[0;37;5;47;107mt;[0;1;37;97;47mSS[0;37;5;47;107m;:[0;1;37;97;47m@@[0;37;5;47;107mX[0;35;5;40;100m [0;31;5;41;101m@@[0;1;31;91;41m8[0;31;5;41;101m@@@8[0;1;31;91;41m8[0;31;5;41;101m888[0;1;31;91;41m88@88@8888[0;37;5;40;100mt[0;1;30;90;47m8[0;1;37;97;47m:;.[0;37;5;40;100mS[0m
 [0;1;37;97;47mt;[0;37;5;47;107mtt[0;1;37;97;47mSt[0;37;5;47;107m;;[0;1;37;97;47mS% [0;31;5;41;101m88[0;1;31;91;41m8[0;37;5;40;100m.[0;31;5;40;100m%[0;1;31;91;41m@[0;31;5;41;101m88[0;1;30;90;41m8[0;35;5;40;100m:[0;1;30;90;47m8[0;1;37;97;47mt[0;37;5;47;107mS[0;1;37;97;47m%[0;1;30;90;47mt[0;1;30;90;41m8[0;31;5;41;101m88[0;1;31;91;41mX[0;1;30;90;47m8[0;1;31;91;41m888[0;1;30;90;41m@[0;1;30;90;47mS[0;1;37;97;47m:[0;1;30;90;47m.[0m 
 [0;1;30;90;47m.[0;37;5;47;107mt8[0;1;37;97;47m8[0;37;5;47;107mtt88[0;1;37;97;47m [0;1;31;91;41m8[0;31;5;41;101m8[0;35;5;40;100m;[0;1;30;90;47m@[0;37;5;47;107m888;[0;1;30;90;47m8[0;31;5;41;101m8[0;1;37;97;47mX[0;37;5;47;107m;t8[0;1;37;97;47m8[0;37;5;47;107mtt[0;1;37;97;47m@[0;1;31;91;41m@8[0;1;30;90;47m8[0;1;37;97;47m88[0;1;30;90;47m@[0;1;31;91;41m8[0;1;30;90;41m%[0;31;5;40;100mX[0;37;5;47;107mX[0;1;30;90;47m.[0m 
  [0;37;5;47;107mS[0;1;37;97;47m [0;1;30;90;47m.[0;37;5;47;107mtt[0;1;37;97;47m.[0;31;5;40;100mX[0;1;31;91;41m8[0;1;30;90;47m8% [0;37;5;47;107m;;[0;1;37;97;47m:[0;1;30;90;47m [0;37;5;47;107m;[0;1;37;97;47m8[0;31;5;41;101m8[0;1;30;90;47mt[0;37;5;47;107mtt[0;1;37;97;47m.[0;1;30;90;47m.[0;37;5;47;107mtS[0;35;5;40;100m.[0;1;31;91;41m@[0;1;30;90;47mX[0;37;5;47;107mX[0;1;30;90;47m.;[0;37;5;47;107mX[0;1;30;90;41m8[0;31;5;40;100mS[0;1;30;90;47mX[0;37;5;47;107m8[0m  
  [0;36;5;40;100m [0;37;5;47;107mSSt%[0;1;30;90;47m8[0;1;31;91;41m8[0;1;37;97;47m [0;37;5;47;107mt%%tt%%t[0;1;30;90;47m8[0;31;5;41;101m8[0;1;30;90;47m8[0;37;5;47;107mtt%8[0;1;37;97;47m [0;35;5;40;100m%[0;1;30;90;47m@[0;37;5;47;107mXSSX@8[0;1;31;91;41mX[0;35;5;40;100mt[0;37;5;47;107m8[0;36;5;40;100m [0m  
   [0;37;5;40;100m8[0;37;5;47;107m%[0;1;37;97;47m:[0;35;5;40;100m [0;1;31;91;41m%X[0;1;30;90;47mS[0;1;37;97;47m.[0;37;5;47;107mtt[0;1;37;97;47m;.[0;37;5;47;107mtt[0;37;5;40;100mX[0;1;31;91;41mX[0;1;30;90;41m8[0;1;37;97;47mS:.[0;1;30;90;47m8[0;1;31;91;41m%t[0;1;30;90;47m%[0;37;5;47;107m%S[0;1;37;97;47m [0;1;30;90;47m.[0;37;5;47;107mS[0;1;37;97;47m%[0;1;30;90;41m8[0;1;31;91;41mt[0;1;30;90;47m@[0;37;5;40;100m8[0m   
    [0;37;5;40;100m8[0;1;37;97;47mSS%@XS[0;37;5;47;107mtt[0;1;37;97;47mXS[0;37;5;47;107mtt[0;1;37;97;47mX[0;1;30;90;47mt[0;37;5;47;107m8t[0;1;37;97;47mXS[0;37;5;47;107m%[0;1;37;97;47mS%%[0;37;5;47;107mSS[0;1;37;97;47m%t[0;37;5;47;107mXX[0;1;37;97;47m:;[0;37;5;40;100m8[0m    
     [0;36;5;40;100m.[0;37;5;47;107m8[0;1;37;97;47m%;[0;37;5;47;107m%%[0;1;37;97;47m%t[0;37;5;47;107m%%[0;1;37;97;47m%t[0;37;5;47;107m%%[0;1;37;97;47mtt[0;37;5;47;107m%%[0;1;37;97;47mt;[0;37;5;47;107mSS[0;1;37;97;47mt:[0;37;5;47;107mXX[0;1;37;97;47m:.8[0;36;5;40;100m.[0m     
       [0;37;5;40;100m8[0;1;37;97;47m [0;37;5;47;107mSS[0;1;37;97;47m;.[0;37;5;47;107m%%[0;1;37;97;47m;.[0;37;5;47;107m%S[0;1;37;97;47m:.[0;37;5;47;107mSS[0;1;37;97;47m:.[0;37;5;47;107mXX[0;1;37;97;47m:[0;1;30;90;47m.[0;37;5;47;107mX@[0;1;37;97;47m [0;37;5;40;100mS[0m       
        [0;36;5;40;100m.[0;1;37;97;47mt[0;37;5;47;107m8SS88SS8[0;1;37;97;47m8[0;37;5;47;107mSS8[0;1;37;97;47m8[0;37;5;47;107mXX[0;1;37;97;47m88[0;37;5;47;107m@@[0;1;37;97;47m8;[0;36;5;40;100m.[0m        
          [0;36;5;40;100mt[0;1;37;97;47mX[0;37;5;47;107mX[0;1;30;90;47m:;[0;37;5;47;107mXX[0;1;30;90;47m:t[0;37;5;47;107mXX[0;1;30;90;47m;t[0;37;5;47;107mX@[0;1;30;90;47m;%[0;37;5;47;107m@[0;1;37;97;47mS[0;36;5;40;100mt[0m          
             [0;1;30;90;47m%[0;1;37;97;47m8[0;37;5;47;107m@@[0;1;37;97;47m88[0;37;5;47;107m@@[0;1;37;97;47m88[0;37;5;47;107m@@[0;1;37;97;47m8[0;1;30;90;47m%[0m             
               [0;36;5;40;100m:[0;1;30;90;47m8[0;37;5;47;107m@@[0;1;30;90;47m.:[0;37;5;47;107m@@[0;1;30;90;47mX[0;36;5;40;100m;[0m               
                  [0;36;5;40;100m [0;37;5;40;100mSS[0;36;5;40;100m [0m                  
