[0;37;5;40;100m%[0;1;30;90;47m@@@XXXXXXXXXXXXXXXXXXXXXX@@@@@88888888[0;35;5;40;100m [0m
[0;1;30;90;47m8[0;1;37;97;47m                                      [0;1;30;90;47m8[0m
[0;1;30;90;47m8[0;1;37;97;47m            ...                       [0;1;30;90;47m8[0m
[0;1;30;90;47m8[0;1;37;97;47m        ....::::..[0;1;33;93;47m@[0;1;37;97;47m.    .             [0;1;30;90;47m8[0m
[0;1;30;90;47m8[0;1;37;97;47m      ..:::;;[0;37;5;43;103m@[0;1;37;97;47mt;::[0;37;5;43;103mS[0;1;37;97;47m%.. [0;37;5;43;103m8[0;1;37;97;47m.             [0;1;30;90;47m8[0m
[0;1;30;90;47m8[0;1;37;97;47m     ..:;;ttt8[0;37;5;43;103m;[0;1;37;97;47m8t;[0;37;5;43;103mXt[0;1;37;97;47m;.[0;1;33;93;47mX[0;33;5;43;103m;[0;1;37;97;47m    :         [0;1;30;90;47m8[0m
[0;1;30;90;47m8[0;1;37;97;47m    ..:;;tt%%%8[0;37;5;43;103m.t[0;1;37;97;47m%[0;37;5;43;103m%:8[0;1;37;97;47mt[0;37;5;43;103m%[0;33;5;43;103m:[0;1;37;97;47m. t[0;37;5;43;103mS[0;1;37;97;47m:         [0;1;30;90;47m8[0m
[0;1;30;90;47m8[0;1;37;97;47m   ..:;;t:[0;1;30;90;47m@[0;37;5;40;100m%[0;35;5;40;100m .[0;33;5;40;100m.S[0;1;30;90;43m8[0;37;43m8[0;37;5;43;103mS.t;[0;33;5;43;103m:[0;37;5;43;103m@[0;1;37;97;47m;[0;37;5;43;103m8[0;33;5;43;103m;[0;1;33;93;47m8[0;1;37;97;47m          [0;1;30;90;47m8[0m
[0;1;30;90;47m8[0;1;37;97;47m   ..:;:[0;37;5;40;100mS[0;30;5;40;100mSS[0;36;5;40;100mt;:;t[0;30;5;40;100mSXX[0;1;30;90;43m8[0;37;5;43;103m%:[0;33;5;43;103m.:::[0;37;5;43;103m@[0;1;37;97;47m  [0;1;33;93;47mS[0;37;5;43;103m8[0;1;33;93;47m@[0;1;37;97;47m      [0;1;30;90;47m8[0m
[0;1;30;90;47m8[0;1;37;97;47m   ..: [0;35;5;40;100m;[0;30;5;40;100m@XS[0;36;5;40;100m%t;tt[0;30;5;40;100mSX@8[0;33;5;40;100m8[0;33;5;43;103m%:::;[0;37;5;43;103m8@[0;33;5;43;103m;;[0;1;37;97;47m.       [0;1;30;90;47m8[0m
[0;1;30;90;47m8[0;1;37;97;47m   ..:[0;35;5;40;100m [0;30;5;40;100m88@XXSSSSX@88[0;1;30;90;40m8[0;1;30;90;43m8[0;33;5;43;103m::::;[0;37;5;43;103mS[0;1;33;93;47m@[0;1;37;97;47m         [0;1;30;90;47m8[0m
[0;37;5;40;100mS[0;1;37;97;47m    ..[0;30;5;40;100m8[0;1;30;90;40m8[0;30;5;40;100m888@@@@@888[0;1;30;90;40m888[0;33;5;43;103m::::;[0;37;5;43;103mX88@8[0;1;33;93;47m8[0;1;37;97;47m     [0;37;5;40;100mt[0m
[0;35;5;40;100m:[0;1;37;97;47m     .[0;30;5;40;100m8[0;1;30;90;40m@888[0;30;5;40;100m888888[0;1;30;90;40m888@8[0;33;5;43;103m:::;;[0;37;5;43;103mSX8[0;1;37;97;47m.       [0;35;5;40;100m;[0m
 [0;1;37;97;47m      [0;37;5;40;100mS[0;1;30;90;40mX@@8888888@@XX[0;1;30;90;43mS[0;33;5;43;103m::;;;[0;37;5;43;103m@[0;1;33;93;47mS[0;1;37;97;47m         [0m 
 [0;1;30;90;47m8[0;1;37;97;47m      [0;35;5;40;100m [0;1;30;90;40mSXXXXXXXXXSS[0;1;30;90;43mS[0;33;5;43;103m;:;;[0;37;5;43;103mX@[0;33;5;43;103m;t[0;37;5;43;103mS@[0;1;33;93;47m8[0;1;37;97;47m     [0;1;30;90;47m8[0m 
  [0;1;37;97;47m       [0;1;30;90;47m8[0;31;5;40;100mS[0;1;30;90;40mSSSSSSSS[0;33;5;40;100m8[0;1;33;93;43m8[0;33;5;43;103m;;;;;;[0;1;33;93;47mX[0;1;37;97;47m          [0m  
  [0;35;5;40;100m%[0;1;37;97;47m         [0;1;30;90;47m8[0;35;5;40;100m [0;33;5;40;100m.[0;1;30;90;43mtt8[0;37;5;43;103m@[0;33;5;43;103m;;[0;37;5;43;103m8[0;33;5;43;103m;;[0;1;37;97;47m:[0;1;33;93;47mX[0;37;5;43;103m@[0;33;5;43;103mtt[0;1;33;93;47mX[0;1;37;97;47m       [0;35;5;40;100mt[0m  
   [0;35;5;40;100m [0;1;37;97;47m           [0;33;5;43;103m;[0;37;5;43;103mS[0;1;37;97;47m [0;1;33;93;47m@[0;33;5;43;103m;[0;37;5;43;103mX[0;1;37;97;47m [0;37;5;43;103m8[0;33;5;43;103m;[0;37;5;43;103mS[0;1;37;97;47m    [0;1;33;93;47m8S[0;1;37;97;47m     [0;35;5;40;100m [0m   
    [0;35;5;40;100m.[0;1;37;97;47m          [0;33;5;43;103m;[0;1;33;93;47mS[0;1;37;97;47m  [0;37;5;43;103mX[0;33;5;43;103m;[0;1;37;97;47m   [0;37;5;43;103m88[0;1;37;97;47m         [0;35;5;40;100m.[0m    
     [0;31;5;40;100mX[0;1;37;97;47m        .[0;1;33;93;47m@[0;1;37;97;47m    [0;33;5;43;103mt[0;1;37;97;47m    [0;1;33;93;47m8[0;1;37;97;47m       [0;1;30;90;47mX[0;31;5;40;100m@[0m     
       [0;1;30;90;47m8[0;1;37;97;47m            [0;1;33;93;47m%[0;1;37;97;47m           [0;1;30;90;47m8[0m       
        [0;31;5;40;100m@[0;1;30;90;47m@[0;1;37;97;47m                    [0;1;30;90;47m8[0;31;5;40;100m@[0m        
          [0;31;5;40;100m%[0;1;30;90;47m8[0;1;37;97;47m                [0;1;30;90;47m8[0;31;5;40;100mS[0m          
             [0;1;30;90;47m8[0;1;37;97;47m            [0;1;30;90;47m8[0m             
               [0;35;5;40;100m;[0;1;30;90;47m8[0;1;37;97;47m      [0;1;30;90;47m8[0;35;5;40;100m;[0m               
                  [0;31;5;40;100m%[0;37;5;40;100m%%[0;35;5;40;100m%[0m                  
