              [0;30;41m8t[0;1;30;90;41m;[0;1;31;91;41m;%SS%;[0;1;30;90;41m:[0;30;41mt8[0m              
          [0;30;41m@[0;1;30;90;41m;[0;1;31;91;41m8[0;31;5;41;101m888[0;1;31;91;41m@%[0;31;5;41;101m8888[0;1;31;91;41mSS[0;31;5;41;101m888[0;1;31;91;41m8[0;1;30;90;41m.[0;30;41m8[0m          
        [0;1;30;90;41m;[0;31;5;41;101m888888[0;1;30;90;41m@8[0;1;31;91;41m8[0;31;5;41;101m8888[0;1;31;91;41m8[0;30;41m@[0;1;30;90;41m%[0;31;5;41;101m8888[0;1;31;91;41m88[0;1;30;90;41m.[0m        
      [0;1;30;90;41mt[0;31;5;41;101m888888@8[0;30;5;40;100m8[0;1;30;90;41m8[0;31;5;41;101m88[0;1;31;91;41m88[0;31;5;41;101m88[0;1;30;90;41mX[0;1;30;90;40m@[0;1;31;91;41mS[0;31;5;41;101m8888[0;1;31;91;41m888[0;1;30;90;41m.[0m      
    [0;30;41m8[0;1;31;91;41m8[0;31;5;41;101m888@@@@@8[0;31;5;40;100m8888[0;30;5;40;100m88[0;31;5;40;100m8[0;1;30;90;41m@@[0;30;41m8[0;1;31;91;41m@[0;31;5;41;101m88888[0;1;31;91;41m888@[0;30;41m8[0m    
   [0;30;41m%[0;31;5;41;101m8888@@@XXX[0;1;31;91;41m8[0;1;30;90;41m888[0;31;5;40;100m88[0;30;5;40;100m88[0;1;30;90;41m@XS[0;1;31;91;41mX[0;31;5;41;101m88888[0;1;31;91;41m88888[0;30;41m%[0m   
  [0;30;41m%[0;31;5;41;101m8888@@XXXXX8[0;31;5;40;100mXXXX88[0;30;5;40;100m8[0;1;30;90;41m8@X[0;1;31;91;41m8[0;31;5;41;101m888888[0;1;31;91;41m88888[0;30;41m%[0m  
  [0;31;5;41;101m8888@@XXXXX[0;35;5;41;101mX[0;35;5;40;100m%%%[0;31;5;40;100mSS@88[0;1;30;90;41m88@[0;1;31;91;41mS[0;31;5;41;101m888888[0;1;31;91;41m888888[0;31;40m8[0m 
 [0;1;31;91;41mS[0;31;5;41;101m8888@@XXXX[0;35;5;41;101mXXXX[0;35;5;40;100mt%[0;31;5;40;100mSX@[0;1;30;90;41m888[0;31;5;41;101m88888888[0;1;31;91;41m888888%[0m 
[0;31;40m8[0;31;5;41;101m88888@@XXXX[0;35;5;41;101mXXXXX[0;31;5;41;101mXX[0;31;5;40;100mX@[0;31;5;41;101m@@@8[0;1;30;90;41mX[0;31;5;41;101m888888[0;1;31;91;41m8888888[0;31;40m8[0m
[0;1;30;90;41m:[0;31;5;41;101m88888@@@XXXXSSSXXX[0;1;30;90;41m8[0;31;5;40;100m@[0;1;30;90;41m888[0;30;5;40;100m8[0;1;30;90;41mX[0;31;5;41;101m888888[0;1;31;91;41m8888888[0;30;41m;[0m
[0;1;31;91;41m;[0;31;5;41;101m88888[0;1;31;91;41m8[0;1;30;90;41m8[0;1;31;91;41m@[0;31;5;41;101m@XXX[0;1;30;90;41m8[0;31;5;40;100mX[0;31;5;41;101mXXXXX@[0;1;31;91;41m8SS[0;31;5;41;101m8[0;1;30;90;41mS%[0;31;5;41;101m8888[0;1;31;91;41mS[0;30;41m%[0;1;31;91;41m@88888.[0m
[0;1;31;91;41m;[0;31;5;41;101m8888[0;1;31;91;41m8[0;30;5;40;100m8[0;1;30;90;41m8[0;31;5;41;101m@@@@XX[0;31;5;40;100mX@[0;31;5;41;101mX@@@@888[0;1;30;90;41m@[0;1;30;90;40m@[0;31;5;41;101m88888[0;1;31;91;41m8[0;1;30;90;41m;[0;31;40m%[0;1;31;91;41mS8888.[0m
[0;1;30;90;41m:[0;31;5;41;101m8888[0;1;30;90;41mS[0;1;30;90;40m8[0;1;30;90;41mX@@888[0;1;31;91;41m@[0;31;5;40;100m8[0;30;5;40;100m8[0;31;5;41;101m@@@88888[0;1;30;90;40m@[0;30;41m8[0;1;31;91;41m%[0;1;30;90;41mt;;[0;1;31;91;41m::[0;1;30;90;41m;[0;34;40m;[0;1;30;90;41m:[0;1;31;91;41m8888[0;30;41m;[0m
[0;31;40m8[0;31;5;41;101m8888[0;1;31;91;41mS[0;1;30;90;41mSX@[0;1;30;90;40m888[0;30;5;40;100m8[0;1;30;90;41m8[0;31;5;40;100m8[0;1;30;90;41m@[0;31;5;41;101m8888888[0;1;31;91;41m8[0;1;30;90;41m%[0;31;40m8[0;1;30;90;41m%[0;31;40m@;tt[0;30;41m88S[0;1;31;91;41mt888@[0;31;40m8[0m
 [0;1;31;91;41mS[0;31;5;41;101m888[0;1;31;91;41m8[0;1;30;90;41m%[0;35;41m;[0;1;30;90;41mS[0;31;40m8[0;30;41m8[0;31;40m8[0;1;30;90;40m@[0;1;30;90;41mXXS[0;31;5;41;101m88888888[0;1;30;90;41mt;;[0;31;40mXX8@[0;30;41m@[0;1;31;91;41m:[0;30;41m;[0;1;31;91;41mX888%[0m 
  [0;1;31;91;41m8[0;31;5;41;101m88[0;1;31;91;41mS;[0;1;30;90;41m%%[0;31;40m%[0;30;41mS8[0;31;40m8[0;1;30;90;41mS%[0;1;31;91;41mt[0;31;5;41;101m8888888[0;1;31;91;41m8t[0;1;30;90;41m;[0;30;41m%[0;31;40m88[0;30;41mX[0;31;40mt[0;30;41mSS[0;1;31;91;41m.t88@[0;31;40m8[0m 
  [0;30;41mS[0;1;31;91;41m88;[0;1;30;90;41m;;;[0;30;41m888[0;1;30;90;41m%[0;1;31;91;41m;[0;1;30;90;41mt[0;1;31;91;41m;X[0;31;5;41;101m888888[0;1;31;91;41mX;[0;1;30;90;41m;[0;1;31;91;41m:[0;30;41m%[0;31;40m8[0;30;41m88[0;1;30;90;41m:..[0;1;31;91;41m.@@[0;30;41m%[0m  
   [0;30;41m%[0;1;31;91;41m8888X8[0;31;40m8[0;1;30;90;41m;[0;1;31;91;41m@@[0;31;5;41;101m88[0;1;31;91;41m8[0;31;5;41;101m8888[0;1;31;91;41m88888XX[0;1;30;90;41m:[0;31;40m@[0;1;31;91;41m8S@8@@[0;30;41m%[0m   
    [0;30;41m8[0;1;31;91;41m@8888[0;31;40mX[0;1;30;90;41m;[0;1;31;91;41m888[0;1;30;90;41m;:[0;1;31;91;41m888888[0;1;30;90;41m:;[0;1;31;91;41m@88[0;1;30;90;41m:[0;31;40mS[0;1;31;91;41m888@X[0;30;41m8[0m    
      [0;1;30;90;41m.[0;1;31;91;41m888@[0;30;41mt@@8%[0;1;31;91;41m88888888[0;30;41m%888%[0;1;31;91;41mX8@@[0;30;41m.[0m      
        [0;30;41m.[0;1;31;91;41m88888888888888888888@@[0;30;41m:[0m        
          [0;30;41m8[0;1;31;91;41m.@8888888888888@X [0;30;41m8[0m          
              [0;30;41m8%.[0;1;31;91;41m:ttt;:[0;30;41m.%8[0m              
