[0;1;30;90;41m.[0;1;31;91;41mSSSSX[0;1;31;91;43m88888[0;1;33;93;43mS[0;33;5;43;103m@@@@@[0;33;42m@[0;1;30;90;42m;;;;X[0;1;34;94;44mSSSSS[0;35;44mtXXXXX[0;1;30;90;45m....  [0m
[0;1;31;91;41m;8[0;31;5;41;101m8888[0;1;33;93;43m:::::[0;33;5;43;103m;:::::[0;33;42m8[0;1;30;90;42m%%tt[0;36;42mX[0;34;5;44;104m8888[0;1;34;94;44m8S[0;35;44m88@@@[0;1;30;90;45m:.... [0m
[0;1;31;91;41m;[0;31;5;41;101m88888[0;1;33;93;43m:::;[0;33;5;43;103m;;:::::[0;32;43m8[0;1;30;90;42mSS%%%[0;34;5;44;104m88888[0;1;34;94;44mS[0;35;44m888@@[0;1;30;90;45m::....[0m
[0;1;31;91;41m;[0;31;5;41;101m88888[0;1;33;93;43m:;[0;33;5;43;103m;:::::..:[0;32;43m8[0;1;30;90;42m@XXSS[0;34;5;44;104m88888[0;1;34;94;44mS[0;35;44m8888@[0;1;30;90;45m::....[0m
[0;1;31;91;41m;[0;31;5;41;101m8888@[0;33;5;43;103m;:::::[0;37;5;43;103m:::::[0;1;30;90;43m8[0;1;30;90;42m88@XX[0;34;5;44;104m88888[0;1;34;94;44mS[0;35;44m88888[0;1;30;90;45m:::...[0m
[0;1;31;91;41m;[0;31;5;41;101m8888@[0;33;5;43;103m::::.[0;37;5;43;103mS.....[0;1;30;90;43m8[0;1;30;90;42m8888@[0;34;5;44;104m88888[0;1;34;94;44mS[0;35;44m88888[0;1;30;90;45m:::...[0m
[0;1;31;91;41m;[0;31;5;41;101m8888@[0;33;5;43;103m::...[0;37;5;43;103mX.....[0;1;30;90;43m8[0;1;30;90;42m88888[0;34;5;44;104m88888[0;1;34;94;44mS[0;35;44m88888[0;1;30;90;45m::::..[0m
[0;1;31;91;41m;[0;31;5;41;101m8888@[0;33;5;43;103m::...[0;37;5;43;103mX.....[0;1;30;90;43m8[0;1;30;90;42m8888[0;32;5;40;100m8[0;34;5;44;104m88888[0;1;34;94;44mS[0;35;44m88888[0;1;30;90;45m::::..[0m
[0;1;31;91;41m;[0;31;5;41;101m8888@[0;33;5;43;103m:...[0;37;5;43;103mX@.....[0;1;30;90;43m8[0;32;5;40;100mX[0;1;30;90;42m888[0;32;5;40;100m8[0;34;5;44;104m@8888[0;1;34;94;44mS[0;35;44m88888[0;1;30;90;45m::::..[0m
[0;1;31;91;41m;[0;31;5;41;101m8888@[0;33;5;43;103m:....[0;37;5;43;103mX.....[0;1;30;90;43m8[0;32;5;40;100mX[0;1;30;90;42m888[0;32;5;40;100m8[0;34;5;44;104m@8888[0;1;34;94;44mS[0;35;44m88888[0;1;30;90;45m::::..[0m
[0;1;31;91;41m;[0;31;5;41;101m8888@[0;33;5;43;103m::...[0;37;5;43;103mX.....[0;1;30;90;43m8[0;1;30;90;42m88888[0;34;5;44;104m88888[0;1;34;94;44mS[0;35;44m88888[0;1;30;90;45m::::..[0m
[0;1;30;90;41m:[0;31;5;41;101m8888@[0;33;5;43;103m:::..[0;37;5;43;103mS.....[0;1;30;90;43m8[0;1;30;90;42m8888@[0;34;5;44;104m88888[0;1;34;94;44mS[0;35;44m88888[0;1;30;90;45m::::..[0m
[0;30;41mS[0;31;5;41;101m8888@[0;33;5;43;103m:::::.[0;37;5;43;103m::..:[0;1;30;90;43m8[0;1;30;90;42m888@X[0;34;5;44;104m88888[0;1;34;94;44mS[0;35;44m88888[0;1;30;90;45m:::..[0;34;40m8[0m
 [0;31;5;41;101m88888[0;1;33;93;43m;[0;33;5;43;103m;::::[0;37;5;43;103m;:::;[0;32;43m8[0;1;30;90;42m@@XXS[0;34;5;44;104m88888[0;1;34;94;44mS[0;35;44m88888[0;1;30;90;45m:::..[0m 
 [0;1;31;91;41m.[0;31;5;41;101m8888[0;1;33;93;43m::;[0;33;5;43;103m;;::::::[0;32;43m8[0;1;30;90;42mXSS%%[0;34;5;44;104m88888[0;1;34;94;44mS[0;35;44m8888@[0;1;30;90;45m::...[0m 
  [0;1;31;91;41m8[0;31;5;41;101m888[0;1;33;93;43m:::::[0;33;5;43;103m;:::::[0;33;42m8[0;1;30;90;42m%%%tt[0;34;5;44;104m88888[0;1;34;94;44mS[0;35;44m888@@[0;1;30;90;45m:...[0m  
  [0;30;41m@[0;31;5;41;101m888[0;1;33;93;43m.::::[0;33;5;43;103m;;::::[0;33;42m8[0;1;30;90;42mtt;;[0;36;42mS[0;34;5;44;104m888[0;1;34;94;44m88%[0;35;44m8@@@@[0;1;30;90;45m...[0;34;40m@[0m  
   [0;30;41mt[0;1;31;91;41m8[0;31;5;41;101m8[0;1;33;93;43m.....[0;33;5;43;103m;;;;;;[0;33;42m8[0;1;30;90;42m;;;:[0;36;42mS[0;34;5;44;104m8[0;1;34;94;44m8888%[0;35;44m@@@@@[0;1;30;90;45m..[0;35;5;40;100m8[0m   
    [0;30;41m%[0;31;5;41;101m8[0;1;33;93;43m.....[0;33;5;43;103m;;;;;;[0;33;42m@[0;1;30;90;42m::::[0;36;42mS[0;1;34;94;44m88888%[0;35;44m@@@@@[0;1;30;90;45m.[0;34;40m8[0m    
     [0;30;41m8[0;1;31;91;43m8[0;1;33;93;43m....[0;33;5;43;103mt;;;;;[0;33;42m@[0;1;30;90;42m::::[0;36;42m%[0;1;34;94;44m88888%[0;35;44m@@@@X[0;34;40mX[0m     
       [0;31;43mS[0;1;31;91;43m888[0;33;5;43;103mtttttt[0;33;42m@[0;1;30;90;42m::..[0;36;42m%[0;1;34;94;44m88888t[0;35;44m@@X[0;30;44mS[0m       
        [0;30;41m@[0;1;31;91;43m88[0;33;5;43;103m%ttttt[0;33;42m@[0;1;30;90;42m....[0;36;42m%[0;1;34;94;44m88888t[0;35;44mXS[0;34;40mX[0m        
          [0;33;41m@[0;1;33;93;43m%[0;33;5;43;103m%%%%%[0;33;42mX[0;1;30;90;42m....S[0;1;34;94;44m88@@@[0;35;44m;[0;34;40m@[0m          
             [0;1;33;93;43mS[0;33;5;43;103m%%%[0;33;42mX[0;30;42m....[0;1;30;90;42mS[0;1;34;94;44m@@@.[0m             
               [0;1;30;90;43m.[0;1;33;93;43m8[0;33;42mX[0;30;42m::::t[0;1;34;94;44mt[0;30;44mS[0m               
                  [0;32;40m@[0;30;42mXX[0;32;40m8[0m                  
