[0;1;30;90;41m.[0;1;31;91;41mSSSSSSSSXXXXXXXXXXXXSSSSSSSSS%%%%%%ttt[0;30;41m:[0m
[0;1;31;91;41m;8[0;31;5;41;101m8888888888888888888888888[0;1;31;91;41m8888888888@@.[0m
[0;1;31;91;41m;[0;31;5;41;101m8888888888888888888888888888[0;1;31;91;41m888888888@:[0m
[0;1;31;91;41m;[0;31;5;41;101m888888888888@@@88888888888888[0;1;31;91;41m888888888:[0m
[0;1;31;91;41m;[0;31;5;41;101m88888888@@@@@@@@@@@88888888888[0;1;31;91;41m88888888:[0m
[0;1;31;91;41m;[0;31;5;41;101m88888888[0;33;5;41;101m888[0;31;5;41;101m8@XXXXX@@@888888[0;1;31;91;41m88888888888:[0m
[0;1;31;91;41m;[0;31;5;41;101m8888[0;1;31;91;41m8[0;1;30;90;43m@[0;1;33;93;43mS[0;33;5;43;103m;t[0;37;5;43;103mSXXX[0;37;43mX[0;1;30;90;43m8[0;1;31;91;43m8[0;31;5;41;101m@@8[0;1;31;91;41m888888[0;1;31;91;43m8[0;1;33;93;43m:[0;33;5;43;103mXSX[0;1;33;93;43mS[0;31;43m;[0;33;41m8[0;1;31;91;41m@8888:[0m
[0;1;31;91;41m;[0;31;5;41;101m888[0;1;30;90;43mX[0;33;5;43;103m%;t%%[0;37;5;43;103mXX@@@@@[0;33;5;43;103mS[0;37;43mX[0;33;5;43;103m%S[0;1;33;93;43mS%[0;33;5;43;103mS[0;1;30;90;43mX[0;1;33;93;43mS[0;33;5;43;103mS%X%[0;1;33;93;43mS[0;33;5;43;103mX%%[0;1;33;93;43m%[0;33;41m8[0;1;31;91;41m888:[0m
[0;1;31;91;41m;[0;31;5;41;101m88[0;1;31;91;41m8[0;33;5;43;103m;%[0;1;30;90;43m8[0;31;43m8[0;1;30;90;43m8[0;1;30;90;47m8SS[0;33;47m8[0;1;33;93;47m8[0;33;47m8[0;37;5;43;103m8[0;33;47m8[0;37;43m@[0;37;5;43;103mXXS[0;33;5;43;103m;[0;1;30;90;43m8[0;1;33;93;43mS[0;1;30;90;43mX[0;1;33;93;43m%;[0;1;30;90;43m%888[0;33;41m88[0;31;43mX[0;33;5;43;103mS%[0;1;31;91;41mX88:[0m
[0;1;31;91;41m;[0;31;5;41;101m88[0;31;43mX[0;33;5;43;103m;[0;1;33;93;43mt[0;33;5;40;100m [0;33;47m8[0;1;33;93;43mt[0;33;5;43;103mt[0;37;43m8[0;1;30;90;47m8[0;1;37;97;47mX8 [0;1;30;90;47m8[0;33;47m@[0;1;30;90;43m8[0;37;43mXX[0;33;5;43;103m%[0;1;30;90;43m8[0;1;33;93;43m;[0;1;30;90;43m8@8[0;1;37;97;47m %[0;1;30;90;47m8[0;33;5;40;100mX[0;1;33;93;43mt.[0;1;30;90;43m8[0;1;30;90;41m8[0;31;43m:[0;33;5;43;103mS[0;31;43m@[0;1;31;91;41m88:[0m
[0;1;31;91;41m;[0;31;5;41;101m88[0;1;31;91;41m8[0;33;5;43;103mt;[0;31;43m8[0;31;5;41;101m8[0;1;31;91;41m8[0;33;5;43;103m;[0;1;33;93;43mt[0;1;30;90;41m8[0;1;30;90;47m88[0;35;5;40;100m [0;37;5;47;107m8.X[0;1;37;97;47mSXXS8[0;37;5;47;107mXX[0;1;30;90;47mX8[0;35;5;40;100m;[0;1;31;91;41mt[0;1;30;90;43m;[0;33;5;43;103m%[0;1;31;91;41mS8[0;33;41m8[0;33;5;43;103mX%[0;33;41mX[0;1;31;91;41m88:[0m
[0;1;30;90;41m:[0;31;5;41;101m888[0;33;41m@[0;1;33;93;43m;[0;33;5;43;103mS[0;1;30;90;43m@[0;1;33;93;43mt[0;33;5;43;103mS[0;1;30;90;43m8[0;31;5;41;101mXXX[0;1;30;90;41m8[0;37;5;40;100mt[0;1;30;90;47mX[0;37;5;47;107m8[0;1;37;97;47m@[0;37;5;47;107mX::[0;1;37;97;47m.:[0;1;30;90;47m8[0;35;5;40;100m [0;1;31;91;41m8[0;31;5;41;101m8[0;1;31;91;41m8[0;33;41m8[0;33;5;43;103mS[0;31;43m%X[0;1;33;93;43m;%[0;33;41m8[0;1;31;91;41m@88[0;30;41m.[0m
[0;30;41mS[0;31;5;41;101m8888[0;1;31;91;41m88[0;1;31;91;43m8[0;33;5;41;101m8[0;31;5;41;101m8@@@X[0;35;5;40;100m;[0;1;37;97;47m [0;37;5;47;107m8[0;1;30;90;47m8[0;1;37;97;47m;[0;37;5;47;107m::;[0;1;30;90;47m%[0;1;37;97;47mXX[0;37;5;40;100m:[0;1;31;91;41m8[0;31;5;41;101m88[0;1;31;91;41m8@[0;31;43m8@[0;33;41m@[0;1;31;91;41mX8888[0;30;41mX[0m
 [0;31;5;41;101m8888888888@@@8[0;1;30;90;47m8[0;37;5;47;107m%[0;1;37;97;47mt[0;37;5;47;107m%;;;[0;1;30;90;47mX[0;1;37;97;47mS[0;37;5;47;107m8[0;1;31;91;41m@[0;31;5;41;101m8888[0;1;31;91;41m888888888[0m 
 [0;1;31;91;41m.[0;31;5;41;101m88888888888888[0;1;37;97;47m [0;37;5;47;107m88;;t[0;1;37;97;47m [0;37;5;47;107m@[0;31;5;40;100m%[0;31;5;41;101m8888[0;1;31;91;41m888888888.[0m 
  [0;1;31;91;41m8[0;31;5;41;101m8888888888888[0;1;31;91;41m8[0;37;5;47;107m@[0;1;37;97;47m@[0;37;5;47;107mtt%[0;1;30;90;47mS8[0;1;31;91;41m8[0;31;5;41;101m888[0;1;31;91;41m888888888@[0m  
  [0;30;41m@[0;31;5;41;101m88888888888888[0;1;30;90;47m8[0;1;37;97;47mt[0;37;5;47;107mtt@[0;1;37;97;47mt[0;31;5;40;100mS[0;31;5;41;101m88[0;1;31;91;41m88888888888[0;30;41m@[0m  
   [0;30;41mt[0;1;31;91;41m88[0;31;5;41;101m88888888888[0;1;30;90;47m8t[0;37;5;47;107m%tX[0;1;37;97;47m [0;35;5;40;100m:[0;1;31;91;41m88888888888@[0;30;41mt[0m   
    [0;30;41m%[0;1;31;91;41m8888[0;31;5;41;101m88888888[0;1;31;91;41m8[0;35;5;40;100m:.[0;1;37;97;47m [0;37;5;40;100m;[0;1;30;90;41m8[0;1;31;91;41m88888888888@[0;30;41m%[0m    
     [0;30;41m8[0;1;31;91;41m@8888888888888888888888888@X[0;30;41m8[0m     
       [0;1;31;91;41m:8888888888888888888888@@.[0m       
        [0;31;40m8[0;1;31;91;41mS888888888888888888@@%[0;30;41m8[0m        
          [0;30;41m8[0;1;31;91;41m%8888888888888@@@%[0;30;41m8[0m          
             [0;1;31;91;41m.@8888@@@@@@@.[0m             
               [0;30;41mX[0;1;31;91;41m;@@@@@@t[0;30;41mS[0m               
                  [0;30;41m@. @[0m                  
