[0;1;30;90;43m.[0;1;33;93;43m8[0;1;37;97;47mS@[0;1;33;93;47mS[0;33;5;43;103m88[0;1;37;97;47m88[0;33;5;43;103m88[0;1;37;97;47m@8[0;1;33;93;47m8[0;33;5;43;103m8[0;1;33;93;47m8[0;1;37;97;47m8@[0;33;5;43;103m88[0;1;37;97;47m88[0;33;5;43;103m88[0;1;33;93;47mS[0;1;37;97;47m@S[0;1;33;93;43m88[0;1;37;97;47m@X[0;1;33;93;43m@@[0;1;37;97;47m%S[0;33;47m8[0;1;33;93;43mX[0;37;43m@[0;1;37;97;47m%[0;1;30;90;47mS[0m
[0;1;30;90;47m [0;1;37;97;47m8[0;1;33;93;47mX[0;37;5;43;103m8[0;1;33;93;47mX[0;1;37;97;47m88[0;1;33;93;47m88[0;1;37;97;47m88[0;1;33;93;47mX@[0;1;37;97;47m888[0;1;33;93;47m@X[0;1;37;97;47m88[0;1;33;93;47m88[0;1;37;97;47m88[0;1;33;93;47mX[0;37;5;43;103m8[0;1;33;93;47mX[0;1;37;97;47m88[0;37;5;43;103m88[0;1;37;97;47m88[0;1;33;93;47m88X[0;1;37;97;47m8[0;1;33;93;47mX8[0;37;43m@[0m
[0;1;30;90;47m [0;1;37;97;47m8[0;1;33;93;47mX[0;37;5;43;103m8[0;1;33;93;47mX[0;37;5;47;107mS[0;1;37;97;47m8[0;37;5;43;103m88[0;37;5;47;107m%%[0;1;33;93;47m@[0;37;5;43;103m8[0;1;37;97;47m8[0;37;5;47;107m%[0;1;37;97;47m8[0;37;5;43;103m@[0;1;33;93;47m@[0;37;5;47;107m%%[0;37;5;43;103m88[0;1;37;97;47m8[0;37;5;47;107mS[0;1;33;93;47mX[0;37;5;43;103m8[0;1;33;93;47m@[0;1;37;97;47m88[0;37;5;43;103m88[0;1;37;97;47m88[0;1;33;93;47m8[0;37;5;43;103m8[0;1;33;93;47mX[0;1;37;97;47m8[0;1;33;93;47mS[0;37;5;43;103m@[0;1;30;90;43m8[0m
[0;1;33;93;43mS[0;33;5;43;103m;[0;1;37;97;47m8[0;37;5;47;107mt[0;1;37;97;47m8[0;33;5;43;103m;[0;37;5;43;103m@[0;37;5;47;107m%%[0;33;5;43;103m;;[0;37;5;47;107mSt[0;1;33;93;47mX[0;33;5;43;103m;[0;1;33;93;47mX[0;37;5;47;107mtS[0;33;5;43;103m;;[0;37;5;47;107m%%[0;37;5;43;103m8[0;33;5;43;103mt[0;1;37;97;47m8[0;37;5;47;107mS[0;1;37;97;47m8[0;33;5;43;103mtt[0;37;5;47;107mXX[0;33;5;43;103m%%[0;1;37;97;47m8[0;37;5;47;107mS[0;1;33;93;47m8[0;33;5;43;103m%[0;37;5;43;103m8[0;37;5;47;107m@[0;1;37;97;47m [0m
[0;1;37;97;47m;[0;37;5;47;107mt[0;37;5;43;103m8[0;33;5;43;103m;[0;1;33;93;47mX[0;37;5;47;107m;[0;1;37;97;47mt[0;1;30;90;45m888[0;35;5;40;100mS%%%%%%%SS[0;1;30;90;45m88888[0;31;45m8[0;35;41m8888888[0;1;33;93;43m;[0;33;5;43;103mt[0;1;37;97;47m8[0;37;5;47;107mX[0;1;37;97;47m8[0;33;5;43;103m%[0;1;33;93;43mt[0m
[0;37;43m@[0;37;5;43;103m8[0;1;37;97;47m8[0;37;5;47;107mS[0;1;37;97;47m8[0;37;5;43;103m@[0;1;33;93;47m8[0;1;30;90;45m8[0;35;5;40;100mS%tt;[0;33;5;40;100m.[0;33;5;43;103m%%%%%SSSX[0;1;30;90;43m8[0;35;5;40;100m8[0;1;30;90;45m8[0;31;45m8[0;35;41m888888[0;1;30;90;47m;[0;1;37;97;47m8[0;1;33;93;47m@[0;37;5;43;103m8[0;1;33;93;47m8[0;1;37;97;47m8[0;1;30;90;47m.[0m
[0;33;47m8[0;1;33;93;47m@[0;1;37;97;47m888[0;1;33;93;47mX@[0;35;5;40;100mS%t;;:: [0;37;43m8[0;37;5;43;103m@XSS%[0;33;5;43;103m:X[0;35;5;40;100m@[0;33;5;40;100mS[0;1;30;90;43m88[0;1;30;90;41m8[0;35;41m88888[0;33;47mX[0;1;37;97;47m8[0;1;33;93;47mX8@[0;1;37;97;47m8[0;33;47m@[0m
[0;1;37;97;47m:[0;37;5;47;107mt[0;1;33;93;47m@[0;37;5;43;103mS[0;1;33;93;47mS[0;37;5;47;107m;[0;1;37;97;47mt[0;35;5;40;100m%t;::. [0;37;5;40;100m%[0;35;5;40;100m [0;37;5;40;100m;[0;33;5;43;103m8[0;37;5;43;103mXS[0;33;5;43;103m%%[0;1;33;93;43mX[0;35;5;40;100m%[0;1;30;90;43m@[0;33;5;40;100mX[0;1;30;90;43m8[0;1;33;93;43mt[0;1;30;90;41m8[0;35;41m8888[0;1;33;93;43m;[0;33;5;43;103mt[0;1;37;97;47m8[0;37;5;47;107mX[0;1;37;97;47m8[0;33;5;43;103m%[0;1;30;90;43mt[0m
[0;1;33;93;43mS[0;33;5;43;103m;[0;1;37;97;47m8[0;37;5;47;107m;[0;1;37;97;47m8[0;33;5;43;103m:S[0;35;5;40;100m%t;:. [0;1;30;90;47m888[0;33;5;40;100m [0;37;5;43;103m@XX[0;33;5;43;103m%%S[0;1;30;90;43m8[0;1;33;93;43mt[0;33;5;40;100mS[0;1;30;90;45m8[0;33;5;40;100m8[0;1;30;90;43m@[0;35;41m8888[0;1;37;97;47m [0;37;5;47;107m%[0;1;33;93;47m@[0;33;5;43;103m%[0;37;5;43;103m8[0;37;5;47;107mX[0;1;37;97;47m.[0m
[0;1;30;90;47m [0;37;5;47;107m%[0;1;33;93;47mX[0;37;5;43;103m8[0;1;33;93;47mS[0;37;5;47;107mt[0;1;37;97;47m;[0;35;5;40;100m%t;:. [0;37;5;40;100m%[0;1;30;90;47m8[0;33;47m8[0;37;5;43;103m@XXSS%[0;33;5;43;103m:;[0;1;33;93;43m%[0;35;5;40;100mX[0;1;30;90;45m8[0;1;30;90;41m8[0;1;30;90;43mS[0;35;41m8888[0;37;43mX[0;37;5;43;103mX[0;1;33;93;47mS[0;1;37;97;47m88[0;33;5;43;103m%[0;1;30;90;43m8[0m
[0;33;47m8[0;1;37;97;47m88888[0;1;33;93;47mS[0;35;5;40;100m%tt;::..[0;37;5;43;103m@XXSSS[0;33;5;43;103m:::S[0;35;5;40;100m8[0;1;30;90;45m8[0;33;5;40;100m8[0;1;30;90;43m@[0;35;41m8888[0;33;47m8[0;1;33;93;47mXXXXX[0;33;47m8[0m
[0;1;30;90;43m@[0;37;5;43;103mX[0;1;37;97;47m8[0;37;5;47;107m%[0;1;37;97;47m8[0;37;5;43;103m@8[0;1;30;90;45m8[0;35;5;40;100m%%t;;;;[0;37;5;43;103mXSSS%[0;33;5;43;103m::::X[0;35;5;40;100m8[0;33;5;40;100m8[0;1;33;93;43mt[0;1;30;90;41m8[0;35;41m8888[0;1;37;97;47m;[0;37;5;47;107mX[0;1;33;93;47m@[0;33;5;43;103m%[0;1;33;93;47m8[0;1;37;97;47m8[0;1;30;90;47m%[0m
[0;37;5;40;100mS[0;37;5;47;107mt[0;37;5;43;103m8[0;33;5;43;103m;[0;1;33;93;47mX[0;37;5;47;107m;%[0;35;5;40;100mt[0;1;30;90;45m8[0;35;5;40;100mS%%ttt[0;1;30;90;43m8[0;37;5;43;103m%%[0;33;5;43;103m:::::;[0;1;30;90;43mS[0;1;33;93;43mt[0;1;30;90;43mX[0;1;30;90;41m8[0;35;41m8888[0;1;30;90;45m8[0;37;5;43;103mX[0;33;5;43;103mt[0;1;37;97;47m8[0;37;5;47;107mS[0;1;37;97;47m8[0;33;5;43;103m%[0;1;30;90;43m.[0m
 [0;33;5;43;103m;[0;1;37;97;47m8[0;37;5;47;107m%[0;1;37;97;47m8[0;33;5;43;103m;[0;37;5;43;103m8[0;1;30;90;47mt[0;1;30;90;45m8888[0;35;5;40;100mSSSS[0;1;33;93;43m%[0;33;5;43;103m:::::;[0;1;33;93;43m@[0;1;30;90;43mS[0;31;5;40;100m@[0;35;41m888888[0;1;30;90;43m8[0;1;37;97;47m8[0;37;5;47;107mX[0;1;33;93;47m@[0;33;5;43;103m%[0;37;5;43;103m8[0;37;5;47;107m@[0m 
 [0;33;47m8[0;1;33;93;47mX@S[0;1;37;97;47m88[0;1;33;93;47m@[0;33;5;40;100mS[0;1;30;90;45m8888888[0;35;5;40;100m@[0;1;33;93;43m%[0;33;5;43;103m:;;;[0;1;33;93;43m%[0;33;5;40;100m8[0;1;30;90;43m%[0;33;5;40;100m8[0;35;41m88888[0;35;5;40;100mS[0;1;37;97;47m8[0;1;33;93;47m@8X[0;1;37;97;47m8[0;1;33;93;47mX[0;33;47m8[0m 
  [0;1;33;93;47m@[0;37;5;43;103m8[0;1;33;93;47mX[0;37;5;47;107mS[0;1;37;97;47m8[0;37;5;43;103m8[0;1;33;93;47m8[0;35;5;40;100mX[0;1;30;90;45m8888888[0;35;5;40;100m8[0;1;30;90;43mX[0;33;5;43;103m%%[0;1;30;90;43mS[0;1;30;90;41m8[0;35;41m8[0;1;30;90;43m8[0;1;30;90;41m8[0;35;41m8888[0;35;5;40;100m8[0;1;37;97;47m%8[0;37;5;43;103m8@[0;1;33;93;47mX[0;1;37;97;47m8[0;1;33;93;47mS[0m  
  [0;33;5;40;100m [0;37;5;47;107mt[0;1;37;97;47m8[0;33;5;43;103m;[0;37;5;43;103mX[0;37;5;47;107mtt[0;33;5;43;103mS[0;31;5;40;100mX[0;35;41m8[0;31;45m88888[0;35;41m8[0;1;30;90;43mX[0;1;33;93;43mXX[0;1;30;90;43mS[0;35;41m8888888[0;35;5;40;100mX[0;1;37;97;47mX[0;33;5;43;103mt%[0;1;37;97;47m8[0;37;5;47;107mX[0;1;33;93;47m8[0;33;5;43;103mS[0;1;30;90;43m:[0m  
   [0;1;30;90;43m:[0;1;33;93;47m@[0;37;5;47;107m%S[0;33;5;43;103m;;[0;37;5;47;107mt@[0;33;5;40;100m;[0;35;41m88888[0;1;30;90;43m8[0;33;5;43;103mS;;S[0;1;30;90;43m8[0;35;41m88888[0;33;5;40;100m.[0;33;5;43;103mS%[0;37;5;47;107mXX[0;37;5;43;103m@[0;33;5;43;103m%[0;1;33;93;47mS[0;37;5;40;100m8[0m   
    [0;1;30;90;43m8[0;37;5;43;103m8[0;1;33;93;47m8[0;1;37;97;47m88[0;37;5;43;103m88[0;1;37;97;47m8 [0;35;5;40;100mX[0;35;41m8[0;1;30;90;41m8[0;1;30;90;43m%[0;1;33;93;43mSSXXXS[0;1;30;90;43mt[0;1;30;90;41m8[0;35;41m8[0;1;30;90;41m8[0;1;30;90;43m@[0;37;5;43;103m8[0;1;37;97;47m88[0;37;5;43;103m88[0;1;37;97;47m88[0;33;5;40;100m:[0m    
     [0;1;30;90;43m.[0;1;33;93;47m8[0;1;37;97;47m88[0;37;5;43;103m88[0;1;37;97;47m88[0;1;33;93;47mX[0;1;30;90;47m@[0;35;5;40;100m@[0;35;41m88888888[0;1;30;90;41m8[0;1;30;90;43m8[0;1;33;93;47mX[0;37;5;43;103m8[0;1;33;93;47m8[0;1;37;97;47m88[0;37;5;43;103m88[0;1;33;93;47mS[0;33;5;40;100m.[0m     
       [0;1;30;90;43m.[0;33;5;43;103mt[0;37;5;47;107mSS[0;37;5;43;103m@[0;33;5;43;103mt[0;1;37;97;47m8[0;37;5;47;107mS[0;1;37;97;47m8[0;1;33;93;43m;[0;33;5;40;100mX[0;35;41m8888[0;35;5;40;100m;[0;1;30;90;47m%[0;1;33;93;47m8[0;33;5;43;103m%[0;1;33;93;47m8[0;37;5;47;107mX[0;1;37;97;47m8[0;33;5;43;103m%S[0;37;5;47;107m8[0;1;30;90;47m.[0m       
        [0;33;5;40;100m.[0;1;33;93;43m@[0;33;5;43;103m%[0;37;5;47;107m@S[0;1;33;93;47m8[0;33;5;43;103m%[0;1;33;93;47m8[0;37;5;47;107mSX[0;33;5;43;103mX[0;1;30;90;43mS[0;1;30;90;47mX[0;1;37;97;47m@[0;37;5;43;103mX[0;33;5;43;103m%[0;1;37;97;47m8[0;37;5;47;107mX[0;1;37;97;47m8[0;33;5;43;103mSS[0;37;5;47;107m@[0;1;37;97;47mX[0;1;30;90;43m:[0m        
          [0;33;5;40;100m8[0;33;47m8[0;37;5;43;103mX[0;1;33;93;47mS[0;1;37;97;47m88[0;37;5;43;103mX8[0;1;37;97;47m88[0;37;5;43;103mXX[0;1;37;97;47m88[0;1;33;93;47m8[0;33;5;43;103mS[0;1;33;93;47m8[0;1;37;97;47m8t[0;33;5;40;100m@[0m          
             [0;37;43m8[0;1;33;93;47mXX@@XX@@XX@@[0;33;47m8[0m             
               [0;33;5;40;100m@[0;1;37;97;47m;8[0;33;5;43;103mSS[0;1;37;97;47m88[0;37;5;43;103m8[0;1;33;93;43mS[0;33;5;40;100m@[0m               
                  [0;36;5;40;100m [0;1;30;90;47mt[0;1;30;90;43m  [0m                  
