[0;1;30;90;44m.[0;1;34;94;44mSSSSSSSSXXXXXXXXXXXXSSSSSSSSS%%%%%%ttt[0;30;44m:[0m
[0;1;34;94;44m;8[0;34;5;44;104m8888888888888888888888888[0;1;34;94;44m8888888888@@.[0m
[0;1;34;94;44m;[0;34;5;44;104m8888888888888888888888888888[0;1;34;94;44m888888888@:[0m
[0;1;34;94;44m;[0;34;5;44;104m888888888888@@[0;36;44mX[0;36;5;40;100m8[0;34;5;40;100mS[0;34;5;44;104m8888[0;1;34;94;44m8[0;34;5;44;104m8[0;1;34;94;44m@8[0;34;5;44;104m8888[0;1;34;94;44m888888888:[0m
[0;1;34;94;44m;[0;34;5;44;104m88888888@@@@[0;36;44m@[0;36;5;40;100m8[0;32;5;40;100mX[0;1;34;94;44m@[0;34;5;44;104m@@@8[0;1;30;90;44m8[0;36;5;40;100m8[0;32;5;40;100mX[0;1;30;90;42mX88[0;1;30;90;44m8[0;36;44m:[0;1;34;94;44m%[0;34;5;44;104m8[0;1;34;94;44m88888888:[0m
[0;1;34;94;44m;[0;34;5;44;104m8888888@@@[0;1;34;94;44m8[0;36;5;40;100m@8[0;1;30;90;44m8[0;36;5;40;100m88[0;34;5;44;104m@X[0;36;44m@[0;36;5;40;100m8[0;1;30;90;42m8@XS%%%[0;1;30;90;44m@[0;1;34;94;44m8888888888:[0m
[0;1;34;94;44m;[0;34;5;44;104m888888@@8[0;36;5;40;100m8@[0;1;34;94;44m8[0;34;5;44;104mXXX[0;36;5;40;100mS[0;34;5;40;100mS[0;1;30;90;44m8[0;36;5;40;100m8[0;1;30;90;42m8[0;33;5;40;100mXX8[0;1;30;90;42m@S[0;32;5;40;100mS[0;1;30;90;44m%[0;1;30;90;42m8S[0;30;42m@[0;1;30;90;44mt[0;1;34;94;44m8888888:[0m
[0;1;34;94;44m;[0;34;5;44;104m88888@@X[0;36;5;40;100m8[0;34;5;40;100mX[0;35;5;40;100mSttt...;S%%S@[0;31;5;40;100m@[0;32;5;40;100mX[0;1;30;90;42mS%t;;[0;30;42mS[0;36;44m:[0;1;34;94;44m888888:[0m
[0;1;34;94;44m;[0;34;5;44;104m88888@@X@[0;35;5;40;100mt. [0;37;5;40;100m%[0;35;5;40;100m.[0;37;5;40;100mS%[0;35;5;40;100m.:tS%@X[0;1;30;90;45m88[0;31;5;40;100m8[0;1;30;90;42m%t;;:[0;30;44m8[0;1;34;94;44m888888:[0m
[0;1;34;94;44m;[0;34;5;44;104m88888@@XX[0;35;5;40;100m%:: [0;37;5;40;100mS[0;35;5;40;100m ::;tttS@[0;1;30;90;45m88[0;31;5;40;100m8[0;30;5;40;100m@[0;1;30;90;42mS;;:[0;30;42m8[0;1;34;94;44m888888:[0m
[0;1;34;94;44m;[0;34;5;44;104m88888@@@[0;34;5;40;100m@[0;35;5;40;100mt:;..:.:;;SSX88[0;31;5;40;100m8[0;32;5;40;100mS[0;1;30;90;42mtt[0;30;44m8[0;1;30;90;44m8[0;1;30;90;40m8[0;1;30;90;44m8[0;1;34;94;44mt88888:[0m
[0;1;30;90;44m:[0;34;5;44;104m888888@@[0;35;5;40;100m8t;;t;%tt%SSS[0;31;5;40;100m8[0;35;5;40;100m@[0;1;30;90;45m88[0;31;5;40;100m8[0;1;30;90;42mXS[0;1;30;90;44m8[0;1;34;94;44m888888888[0;30;44m.[0m
[0;30;44mS[0;34;5;44;104m888888888[0;35;5;40;100m@SS%Stt%%X[0;1;30;90;45m88[0;31;5;40;100m8888[0;35;41m8[0;32;5;40;100m8[0;1;30;90;42m;[0;1;30;90;44mt[0;1;34;94;44m888888888[0;30;44mX[0m
 [0;34;5;44;104m88888888[0;1;30;90;44m@[0;1;30;90;45m88[0;35;5;40;100mX@SXX@@888[0;31;5;40;100m8[0;1;30;90;45m8[0;1;30;90;41m8[0;31;5;40;100m@[0;1;30;90;42m@;:[0;30;44m8[0;1;34;94;44m888888888[0m 
 [0;1;34;94;44m.[0;34;5;44;104m88888888[0;35;5;40;100m8888[0;1;30;90;45m88[0;35;5;40;100m88[0;31;5;40;100m8888[0;35;5;40;100m8[0;31;45m8[0;1;30;90;41m8[0;1;30;90;40m8[0;1;30;90;42m88[0;1;30;90;44m8:[0;1;34;94;44m88888888.[0m 
  [0;1;34;94;44m8[0;34;5;44;104m888888888[0;1;34;94;44m8[0;35;5;40;100m8[0;31;5;40;100m888[0;1;30;90;45m888[0;35;41m8[0;1;30;90;41m8888@[0;35;44m%[0;1;34;94;44m8888888888@[0m  
  [0;30;44m@[0;34;5;44;104m888888888[0;1;34;94;44m8[0;35;5;40;100m8[0;35;41m8[0;1;30;90;41m888888[0;35;41m88[0;1;30;90;41m@@[0;35;41m8[0;1;30;90;44mS[0;1;34;94;44m8888888888[0;30;44m@[0m  
   [0;30;44mt[0;1;34;94;44m88[0;34;5;44;104m8888888[0;1;34;94;44m8[0;34;5;40;100mX[0;1;30;90;41m88[0;35;41m8[0;1;30;90;41m8@[0;35;41m8[0;1;30;90;41m@[0;35;5;40;100m8[0;1;30;90;44mt[0;35;44m@[0;1;34;94;44mt888888888@[0;30;44mt[0m   
    [0;30;44m%[0;1;34;94;44m8888[0;34;5;44;104m8888[0;1;34;94;44mX[0;1;30;90;41m@[0;35;41m8[0;1;30;90;41m@@8@[0;35;41m88[0;35;44m;[0;1;34;94;44m88888888888@[0;30;44m%[0m    
     [0;30;44m8[0;1;34;94;44m@8888888[0;35;44mS[0;35;5;40;100m8[0;1;30;90;41mX@@[0;35;41m8[0;1;30;90;41m8[0;35;44m;[0;1;34;94;44m8888888888@X[0;30;44m8[0m     
       [0;1;34;94;44m:88888888[0;34;5;40;100mX[0;35;41m888[0;1;30;90;41m8[0;1;34;94;44m@88888888@@.[0m       
        [0;34;40m8[0;1;34;94;44mS8888888[0;35;44m;Xt[0;1;34;94;44m@8888888@@%[0;30;44m8[0m        
          [0;30;44m8[0;1;34;94;44m%8888888888888@@@%[0;30;44m8[0m          
             [0;1;34;94;44m.@8888@@@@@@@.[0m             
               [0;30;44mX[0;1;34;94;44m;@@@@@@t[0;30;44mS[0m               
                  [0;30;44m@. @[0m                  
