[0;36;5;40;100m%                             .....::::[0;32;5;40;100mS[0m
[0;36;5;40;100m:  [0;37;5;40;100mt%%%%%SSSSSSSSSS%[0;36;5;40;100m  [0;37;5;40;100m%%%t[0;36;5;40;100m             t[0m
[0;36;5;40;100m:[0;37;5;40;100mtt%%%SSSXXXXX[0;36;5;40;100m :[0;32;5;40;100mS[0;30;5;40;100m8[0;1;30;90;40m@XXXSX8[0;30;5;40;100m8[0;32;5;40;100mX[0;36;5;40;100m:           t[0m
[0;36;5;40;100m:[0;37;5;40;100m%%%SSSXX@@@[0;36;5;40;100m [0;30;5;40;100mX[0;1;30;90;40m8[0;30;5;40;100m88[0;32;5;40;100mX[0;36;5;40;100mt;;[0;32;5;40;100mS[0;30;5;40;100m@[0;1;30;90;40m8XS[0;32;40mt;t[0;30;5;40;100m8[0;36;5;40;100m         t[0m
[0;36;5;40;100m:[0;37;5;40;100m%%SSXX@@[0;1;30;90;47m8[0;36;5;40;100m [0;30;5;40;100mX[0;32;5;40;100mS[0;36;5;40;100m. [0;37;5;40;100mX[0;1;30;90;47m88888[0;37;5;40;100m@XS[0;36;5;40;100m ;[0;30;5;40;100m@[0;1;30;90;40mX[0;32;40mt;:[0;30;5;40;100m8[0;36;5;40;100m       t[0m
[0;36;5;40;100m:[0;37;5;40;100m%SSXX@[0;1;30;90;47m88[0;36;5;40;100m [0;30;5;40;100mS[0;36;5;40;100m [0;1;30;90;47m8888888888[0;37;5;40;100m@XXSS[0;36;5;40;100m [0;30;5;40;100m8[0;32;40m;:;t[0;36;5;40;100m.     t[0m
[0;36;5;40;100m.[0;37;5;40;100m%SXX@[0;1;30;90;47m88[0;36;5;40;100m.%[0;1;30;90;47m88@@@@@888888[0;37;5;40;100m@XXSS%[0;32;5;40;100mX[0;32;40mt:;;[0;36;5;40;100m     t[0m
[0;36;5;40;100m.[0;37;5;40;100mSSXX@@%[0;36;5;40;100m [0;1;30;90;47m88@XXXXX@@88888[0;37;5;40;100m@XSS%%[0;36;5;40;100m;[0;1;30;90;40mS[0;32;40m:;[0;1;30;90;40m@[0;36;5;40;100m    t[0m
[0;36;5;40;100m.[0;37;5;40;100mSSX@@[0;1;30;90;47m8[0;37;5;40;100m@[0;36;5;40;100m.[0;37;5;40;100m@[0;1;30;90;47m@@XSSSXX@88888[0;37;5;40;100m@XXS%%%[0;32;5;40;100mX[0;32;40m;;[0;34;40m.[0;36;5;40;100m:   t[0m
[0;36;5;40;100m.[0;37;5;40;100mSSX[0;36;5;40;100m ;  [0;37;5;40;100mS[0;1;30;90;47m8@@XXSXX@@88888[0;37;5;40;100m@XSS%%t[0;36;5;40;100m.[0;32;40mt;[0;34;40m.[0;32;5;40;100m8[0;36;5;40;100m   t[0m
[0;36;5;40;100m:[0;37;5;40;100mSSX[0;30;5;40;100m@[0;37;5;40;100mS[0;36;5;40;100m [0;1;30;90;47m8888@@@@@@@88888[0;37;5;40;100m@XXSS%%t[0;36;5;40;100m [0;32;40mt;[0;34;40m.[0;30;5;40;100m8[0;36;5;40;100m   t[0m
[0;36;5;40;100m;[0;37;5;40;100m%SS[0;32;5;40;100mX[0;36;5;40;100m [0;1;30;90;40m8[0;36;5;40;100m:[0;37;5;40;100m8[0;1;30;90;47m88888888888888[0;37;5;40;100m@XXS%%%t[0;36;5;40;100m;[0;32;40mt;[0;34;40m.[0;30;5;40;100m8[0;36;5;40;100m   [0;32;5;40;100mS[0m
[0;30;5;40;100m8[0;37;5;40;100m%%%[0;36;5;40;100m:: [0;30;5;40;100m8@[0;36;5;40;100m [0;37;5;40;100mS[0;1;30;90;47m8888888888[0;37;5;40;100m@@XXSS%%t[0;36;5;40;100m [0;1;30;90;40m8[0;32;40m;;.[0;36;5;40;100m.   [0;30;5;40;100m8[0m
 [0;37;5;40;100m%%%[0;30;5;40;100m8[0;36;5;40;100mt.:t[0;1;30;90;40m@[0;32;5;40;100mS[0;36;5;40;100m.[0;37;5;40;100m%[0;1;30;90;47m888888[0;37;5;40;100m@@XXSSS%%t[0;36;5;40;100m [0;30;5;40;100m8[0;32;40m;;.[0;30;5;40;100m8[0;36;5;40;100m    [0m 
 [0;36;5;40;100m;[0;37;5;40;100m%%%[0;36;5;40;100m [0;30;5;40;100m8@[0;36;5;40;100mt[0;30;5;40;100m@[0;1;30;90;40m888[0;36;5;40;100m.[0;37;5;40;100mX@@@XXXSSS%%%[0;36;5;40;100m [0;32;5;40;100mS[0;32;40mt;;:[0;1;30;90;40mX[0;36;5;40;100m    t[0m 
  [0;36;5;40;100m [0;37;5;40;100mt%%%[0;36;5;40;100m [0;32;5;40;100m@[0;1;30;90;40mSSX@S[0;30;5;40;100m@[0;36;5;40;100m:    ...;[0;32;5;40;100m%[0;30;5;40;100m8[0;1;30;90;40m8[0;32;40m;;:::[0;1;30;90;40m8[0;36;5;40;100m     [0m  
  [0;30;5;40;100m8[0;36;5;40;100m [0;37;5;40;100mtt%%%[0;32;5;40;100mX[0;32;40mttt[0;34;40m;[0;32;40m;[0;1;30;90;40mSSSS[0;32;40mttt;;;t::::;[0;32;5;40;100mS[0;36;5;40;100m     [0;30;5;40;100m8[0m  
   [0;32;5;40;100m@[0;36;5;40;100m  :%;[0;30;5;40;100m@[0;1;30;90;40mX[0;32;40m;;t;t;;;;;::::;.::;[0;36;5;40;100m      [0;32;5;40;100m@[0m   
    [0;32;5;40;100m@[0;36;5;40;100m  [0;32;5;40;100m@[0;30;5;40;100m@[0;1;30;90;40mX[0;36;5;40;100m.  ;[0;1;30;90;40mS[0;32;40m;;;;:[0;34;40m:..[0;32;40m::[0;1;30;90;40m@[0;32;5;40;100mX@[0;32;40m;.[0;36;5;40;100m:    [0;32;5;40;100m8[0m    
     [0;1;30;90;40m8[0;36;5;40;100m      ;[0;30;5;40;100m8[0;1;30;90;40m8[0;32;40m:[0;1;30;90;40mXX[0;36;5;40;100mt   :[0;1;30;90;40mXS[0;36;5;40;100m  [0;32;5;40;100mX[0;32;40m%[0;1;30;90;40m8[0;36;5;40;100m    [0;1;30;90;40m@[0m     
       [0;36;5;40;100mt     ;:[0;32;5;40;100mX[0;36;5;40;100m                t[0m       
        [0;1;30;90;40m@[0;36;5;40;100m                     :[0;1;30;90;40m@[0m        
          [0;1;30;90;40m8[0;36;5;40;100m.                :[0;1;30;90;40m8[0m          
             [0;36;5;40;100mt            t[0m             
               [0;30;5;40;100m8[0;36;5;40;100m;      ;[0;30;5;40;100m8[0m               
                  [0;1;30;90;40m8[0;32;5;40;100mS%[0;30;5;40;100m8[0m                  
