[0;36;5;40;100m.    [0;37;5;40;100m%%SSSSSSSSSSSSSSS%%[0;36;5;40;100m               :[0m
[0;36;5;40;100m [0;37;5;40;100m8888888[0;1;30;90;47m88888888888888[0;37;5;40;100m888888888@@@@XXXS[0;36;5;40;100m [0m
[0;36;5;40;100m [0;37;5;40;100m8888[0;1;30;90;47m8[0;37;5;40;100m8%%@[0;1;30;90;47m888888888[0;37;5;40;100mS%@[0;1;30;90;47m88[0;37;5;40;100m888888%[0;36;5;40;100m  [0;37;5;40;100mS@@XXX[0;36;5;40;100m [0m
[0;36;5;40;100m [0;37;5;40;100m888[0;1;30;90;47mS[0;1;37;97;47mS S[0;37;5;47;107m8[0;1;37;97;47m S [0;1;30;90;47mXXXX:[0;1;37;97;47m@ [0;37;5;47;107m88[0;1;37;97;47m S[0;1;30;90;47mt88[0;37;5;40;100m88[0;1;30;90;47m;[0;1;37;97;47m;[0;1;30;90;47mX[0;37;5;47;107m8[0;1;37;97;47m;[0;1;30;90;47m@[0;1;37;97;47m;[0;1;30;90;47m8[0;37;5;40;100m@XX[0;36;5;40;100m [0m
[0;36;5;40;100m [0;37;5;40;100m88X[0;34;5;44;104m8[0;36;5;44;104m8[0;1;30;90;47m8[0;36;5;44;104m@@[0;1;30;90;47m8[0;36;5;44;104mXX[0;37;5;40;100m;[0;1;30;90;47mSS8[0;36;5;44;104mXX[0;1;30;90;47m8[0;36;5;44;104m@@[0;1;30;90;47m8[0;36;5;44;104m@@[0;37;5;40;100mt[0;1;30;90;47m88[0;36;5;40;100m:[0;34;5;44;104m88[0;36;5;40;100m:[0;34;5;44;104m88[0;36;5;40;100m:[0;34;5;44;104m8[0;1;34;94;44m8[0;36;5;40;100m [0;37;5;40;100mXX[0;36;5;40;100m [0m
[0;36;5;40;100m [0;37;5;40;100m8[0;1;30;90;47m8;[0;1;37;97;47mXt[0;37;5;47;107m88[0;1;37;97;47m%[0;37;5;47;107m88[0;1;37;97;47mS[0;37;5;47;107m8[0;1;30;90;47m%t[0;1;37;97;47m%[0;37;5;47;107m888888[0;1;37;97;47m@S:[0;1;30;90;47m88[0;1;37;97;47m%.XX.S%.%[0;1;30;90;47mS[0;37;5;40;100m@X[0;36;5;40;100m [0m
[0;36;5;40;100m [0;1;30;90;47m88888[0;36;5;44;104m@[0;1;30;90;47m88[0;36;5;44;104mX[0;1;30;90;47m8@8t;@88[0;36;5;44;104mS[0;1;30;90;47m88[0;36;5;44;104m@[0;1;30;90;47m88888[0;36;5;40;100m [0;1;30;90;47m8[0;36;5;44;104m8[0;34;5;44;104m8[0;1;30;90;47m8[0;36;5;44;104m8[0;34;5;44;104m8[0;1;30;90;47m8[0;36;5;40;100m;[0;37;5;40;100mS@X[0;36;5;40;100m [0m
[0;36;5;40;100m [0;1;30;90;47m888t[0;1;37;97;47m [0;37;5;47;107m8[0;1;37;97;47m. [0;37;5;47;107m@[0;1;37;97;47m@;[0;1;30;90;47m;;:;[0;1;37;97;47m;S[0;37;5;47;107mS[0;1;37;97;47m  [0;37;5;47;107m@[0;1;37;97;47m;[0;1;30;90;47m.@888;[0;1;37;97;47m:[0;37;5;47;107m8[0;1;30;90;47m8[0;1;37;97;47m 8[0;1;30;90;47mt@[0;37;5;40;100m@@X[0;36;5;40;100m [0m
[0;36;5;40;100m [0;1;30;90;47m888@@@88Xt;;::::;%88@XX@8888[0;37;5;40;100m8X[0;36;5;40;100m [0;37;5;40;100mt@8@@@X[0;36;5;40;100m [0m
[0;36;5;40;100m [0;1;30;90;47m888@@XS%tt;%@@%;;tt%SX@8[0;37;5;40;100mS%@[0;1;30;90;47m8[0;37;5;40;100m888888@@@X[0;36;5;40;100m [0m
[0;36;5;40;100m [0;1;30;90;47m8888@XXS%[0;1;37;97;47m [0;37;5;47;107m8[0;1;37;97;47m [0;37;5;47;107m8S[0;1;37;97;47m.[0;37;5;47;107m8[0;1;37;97;47m;[0;1;30;90;47mt%SS[0;1;37;97;47m X [0;37;5;47;107m8[0;1;37;97;47m@[0;1;30;90;47mS[0;1;37;97;47mS[0;1;30;90;47mS[0;37;5;40;100m88888@@@X[0;36;5;40;100m [0m
[0;36;5;40;100m [0;37;5;40;100m8[0;1;30;90;47m8888@XX8[0;36;5;44;104mX[0;37;5;44;104m8[0;1;30;90;47m8[0;1;34;94;47m88[0;1;30;90;47m8[0;1;34;94;47m88[0;1;30;90;47m8SS[0;37;5;40;100m%[0;36;5;44;104m@@[0;1;30;90;47m8[0;34;5;44;104m@@[0;1;30;90;47m8[0;34;5;44;104m88[0;36;5;40;100m [0;37;5;40;100m8888@@@X[0;36;5;40;100m:[0m
[0;30;5;40;100mX[0;37;5;40;100m8[0;1;30;90;47m88888@@[0;1;37;97;47m.[0;37;5;47;107m8[0;1;37;97;47mX[0;37;5;47;107m88[0;1;37;97;47mX[0;37;5;47;107m88[0;1;37;97;47mSS[0;1;30;90;47mXX[0;1;37;97;47mttXXtSSt%[0;1;30;90;47m;[0;37;5;40;100m888@@@XX[0;30;5;40;100m@[0m
 [0;37;5;40;100m88[0;1;30;90;47m88888@888[0;34;5;44;104mX[0;1;30;90;47m88[0;34;5;44;104mX[0;1;30;90;47m888@@[0;37;5;40;100m%[0;1;30;90;47m88[0;34;5;44;104m8[0;1;30;90;47m8[0;36;5;40;100m [0;34;5;44;104m8[0;1;30;90;47m8[0;36;5;40;100m [0;37;5;40;100mS888@@@XX[0m 
 [0;36;5;40;100m [0;37;5;40;100m888[0;1;30;90;47m88888;[0;1;37;97;47m.[0;37;5;47;107m8[0;1;37;97;47m [0;1;30;90;47mX[0;37;5;47;107m8[0;1;37;97;47m;[0;1;30;90;47m.8888;[0;1;37;97;47m.[0;37;5;47;107m8[0;1;30;90;47m8[0;1;37;97;47m [0;37;5;47;107m8[0;1;37;97;47m [0;1;30;90;47mS[0;37;5;40;100m888@@@XX[0;36;5;40;100m [0m 
  [0;37;5;40;100m88888[0;1;30;90;47m888888[0;37;5;40;100mSS8[0;1;30;90;47m8888888[0;37;5;40;100m8X[0;36;5;40;100m  [0;37;5;40;100m@8888@@@XXS[0m  
  [0;30;5;40;100m8[0;37;5;40;100m8888888[0;1;30;90;47m88888888[0;37;5;40;100m@ttX88888888@@@@XXX[0;30;5;40;100m8[0m  
   [0;36;5;40;100mt[0;37;5;40;100m888888888888[0;1;30;90;47m%[0;1;37;97;47mS[0;1;30;90;47mX[0;1;37;97;47m@@[0;1;30;90;47m@[0;1;37;97;47m%[0;1;30;90;47m%[0;37;5;40;100m88888@@@@XXX[0;36;5;40;100m%[0m   
    [0;30;5;40;100m%[0;37;5;40;100m8888888888[0;36;5;40;100m [0;34;5;44;104m88[0;1;30;90;47m8[0;34;5;44;104m88[0;1;30;90;47m8[0;34;5;44;104m88[0;36;5;40;100m [0;37;5;40;100m88@@@@XXXX[0;30;5;40;100mS[0m    
     [0;1;30;90;40m8[0;37;5;40;100mX88888888[0;1;37;97;47m ;tttttt:[0;1;30;90;47m:[0;37;5;40;100m@@@@@XXX%[0;1;30;90;40m8[0m     
       [0;36;5;40;100m [0;37;5;40;100m@@88888[0;36;5;40;100m  .[0;34;5;44;104m8[0;36;5;40;100m..[0;34;5;44;104m8[0;36;5;40;100m:  [0;37;5;40;100m@@XXXXX[0;36;5;40;100m [0m       
        [0;1;30;90;40m8[0;36;5;40;100m [0;37;5;40;100m@@@@@@[0;1;30;90;47mS[0;1;37;97;47m 8[0;1;30;90;47m88[0;1;37;97;47m@ [0;1;30;90;47mS[0;37;5;40;100mXXXXXX[0;36;5;40;100m [0;1;30;90;40m8[0m        
          [0;30;5;40;100m8[0;36;5;40;100m [0;37;5;40;100m@@@@@@%[0;36;5;40;100m   [0;37;5;40;100mXXXXXS[0;36;5;40;100m [0;30;5;40;100m8[0m          
             [0;36;5;40;100m [0;37;5;40;100mXXXXXXXXXSSS[0;36;5;40;100m [0m             
               [0;30;5;40;100m@[0;36;5;40;100m [0;37;5;40;100mSSSSSS[0;36;5;40;100m [0;30;5;40;100mX[0m               
                  [0;30;5;40;100m8[0;36;5;40;100m..[0;30;5;40;100m8[0m                  
