[0;30;42mX;;[0;1;30;90;42m::::;;;;;tttttt;;;;::::[0;30;42m;;;;;;;tttttt@[0m
[0;30;42m%[0;1;30;90;42m:::;;;ttt%%%%%%%%%%ttt;;:::::::....[0;30;42m..:S[0m
[0;1;30;90;42m:::;;t[0;1;32;92;42m%%[0;1;30;90;42m%SSSX[0;1;32;92;42mS%[0;1;30;90;42mXXSSS[0;1;32;92;42m%%[0;1;30;90;42m%tt;[0;1;32;92;42m:tt[0;1;30;90;42m::::[0;1;32;92;42m.;:[0;1;30;90;42m.[0;30;42m..S[0m
[0;1;32;92;42m;8@X@[0;32;5;42;102m8888[0;1;32;92;42m8@8[0;32;5;42;102m8@@8[0;1;32;92;42m888[0;32;5;42;102m8888[0;1;32;92;42m@X8[0;32;5;42;102m888[0;1;32;92;42m8XS@8888S%[0;30;42m [0m
[0;1;32;92;42m;[0;32;5;42;102m8888[0;1;32;92;42m8X[0;33;5;40;100m888888[0;1;30;90;43m8[0;32;43m8[0;32;5;42;102m@@@@@88888888888[0;1;32;92;42m88888888:[0m
[0;1;32;92;42m;[0;32;5;42;102m888[0;32;5;40;100m8[0;33;5;40;100m8[0;1;30;90;43m8[0;33;5;40;100m8S[0;1;30;90;43m88888[0;33;5;40;100mSX[0;32;5;42;102m@XX@@8888888888[0;1;32;92;42m88888888:[0m
[0;30;42mt[0;1;32;92;42mt@8[0;1;30;90;42mX[0;33;5;40;100m@8[0;1;30;90;43m888[0;33;5;40;100mS[0;1;30;90;43m8888[0;33;5;40;100mtS[0;32;5;42;102m8[0;1;32;92;42m8[0;1;30;90;42m888[0;1;32;92;42mS88@t[0;1;30;90;42mtt[0;1;32;92;42mtX@S:[0;1;30;90;42m:.[0;1;32;92;42m;SS[0;30;42m.[0m
[0;30;42mt[0;1;30;90;42mt%S@[0;1;30;90;43m8[0;33;5;40;100m8@@S[0;1;30;90;43m8[0;33;5;40;100mt;:::;S[0;1;30;90;42m88888@XS%%t;;::::....[0;30;42mS[0m
[0;30;42mt[0;1;30;90;42mt%S[0;32;5;40;100m8[0;1;30;90;43m8[0;33;5;40;100m8@8X%;:. .:tS[0;32;5;40;100mX@[0;33;5;40;100m88888[0;1;30;90;42mX%t;;::::....[0;30;42mS[0m
[0;1;30;90;42m;[0;1;32;92;42mS[0;1;30;90;42m%SX[0;33;42m8[0;1;32;92;42m@8@[0;33;5;40;100m@%[0;1;30;90;43m8[0;33;5;40;100m;:.::[0;1;30;90;43m8888888888@[0;1;30;90;42m8St:[0;1;32;92;42m:%XS;[0;1;30;90;42m..[0;30;42m%[0m
[0;1;32;92;42m;[0;32;5;42;102m88888[0;1;32;92;42m@8[0;32;5;42;102m8[0;1;30;90;43m888888888888888888@X[0;33;42m%[0;1;30;90;43m%%[0;1;32;92;42m@888888:[0m
[0;1;30;90;42m:[0;32;5;42;102m888[0;33;42mX[0;1;30;90;43m8888[0;33;5;40;100mXS[0;1;30;90;43m8888888888888888@X[0;1;32;92;42m88[0;1;30;90;43mS[0;31;43m8[0;33;42m8[0;1;32;92;42m88888[0;30;42m.[0m
[0;30;42mX[0;1;32;92;42m8[0;32;5;42;102m88[0;33;42m@[0;1;30;90;43m8[0;1;30;90;42m@[0;1;32;92;42mS[0;33;42m8[0;1;30;90;43m8[0;33;5;40;100m8[0;1;30;90;43m888888888[0;33;5;40;100m8888[0;1;30;90;43m8@@X[0;32;43m8[0;1;32;92;42m8[0;32;5;42;102m8[0;33;42m@[0;31;43m88[0;33;42mX[0;1;32;92;42mS888[0;30;42mX[0m
 [0;1;30;90;42m;[0;1;32;92;42mt%[0;1;30;90;42m%[0;1;30;90;43m8[0;33;5;40;100m8[0;1;30;90;42mSX[0;1;32;92;42m%[0;1;30;90;42m8[0;1;30;90;43m88[0;32;5;40;100m8[0;1;30;90;42m8888@@XXX[0;1;30;90;43m88[0;33;5;40;100m8[0;1;30;90;43mXX[0;1;30;90;42m8:[0;1;32;92;42m;[0;33;42m:[0;31;43m88[0;1;30;90;43mt[0;1;30;90;42m;.[0;1;32;92;42m::[0m 
 [0;30;42mS[0;1;30;90;42m;;t[0;33;5;40;100m888[0;1;30;90;42mSSX[0;33;5;40;100m8[0;1;30;90;43m8[0;1;30;90;42m@XXXXXSS%%[0;33;5;40;100m8[0;1;30;90;43m@[0;33;5;40;100m8[0;1;30;90;42m8[0;31;43m8[0;33;5;40;100m8[0;1;30;90;42m:::%888[0;30;42mS.S[0m 
  [0;1;30;90;42m::;t8[0;33;5;40;100m8[0;1;30;90;42m%%%[0;33;5;40;100m8[0;1;30;90;43m8[0;1;30;90;42mXSSSS%%%tt8[0;1;30;90;43mX[0;1;30;90;42m8t[0;31;43m8[0;33;5;40;100m8[0;1;30;90;42m:::....[0;30;42m.:[0m  
  [0;32;40m8[0;1;32;92;42mt%8[0;32;5;42;102m8[0;1;32;92;42m8@%t[0;1;30;90;42m%[0;1;30;90;43m@[0;1;32;92;42m@[0;32;5;42;102m8[0;1;32;92;42m8%tS8[0;32;5;42;102m88[0;1;32;92;42m@[0;33;42m@[0;1;30;90;43mS[0;1;32;92;42mtS[0;31;43m8[0;33;42m@[0;1;32;92;42mXt;t@88S[0;32;40m8[0m  
   [0;30;42mt[0;1;32;92;42m88[0;32;5;42;102m8888[0;1;32;92;42m8[0;1;30;90;43mSS[0;1;32;92;42m@[0;32;5;42;102m88888888[0;33;42mX[0;1;30;90;43mS[0;32;43m8[0;1;32;92;42m8[0;33;42m8[0;1;30;90;43mS[0;33;42mt[0;1;32;92;42m888888@[0;30;42mt[0m   
    [0;30;42m%[0;1;32;92;42m88888[0;33;5;40;100m8[0;1;30;90;43m%[0;33;42mt[0;32;5;42;102m8888888[0;1;32;92;42m8X[0;33;42m88[0;1;32;92;42mX[0;1;30;90;42m8[0;1;30;90;43m%[0;33;42m%[0;1;32;92;42m888888@[0;30;42m%[0m    
     [0;32;40m8[0;1;32;92;42m:;S888%;;S888%;;S88@t::%@8X:[0;32;40m8[0m     
       [0;30;42mS[0;1;30;90;42m.:::::::::::.........[0;30;42m...S[0m       
        [0;32;40mX[0;30;42m;[0;1;30;90;42m................[0;30;42m....t[0;32;40mX[0m        
          [0;32;40m@[0;30;42mt[0;1;32;92;42m.;;[0;1;30;90;42m....[0;1;32;92;42m.;;[0;1;30;90;42m.[0;30;42m...[0;1;32;92;42m.;[0;30;42m.[0;32;40m@[0m          
             [0;1;32;92;42m.@@S%X@@@@S%S.[0m             
               [0;30;42mX[0;1;32;92;42m;@@@@@@t[0;30;42mS[0m               
                  [0;30;42m@. @[0m                  
