[0;1;30;90;47m8[0;1;37;97;47m:::::::::;;;;;;;;;:::::::::....  [0;1;30;90;47m ....[0;37;5;40;100m8[0m
[0;1;30;90;47m;[0;1;37;97;47m888888888888888888%@888888888@@@XXXSS%[0;1;30;90;47mS[0m
[0;1;30;90;47m;[0;1;37;97;47m88888888[0;37;5;47;107m88888888[0;1;37;97;47mS[0;33;47mS[0;37;43mS[0;33;47m8SX[0;1;30;90;47m [0;1;37;97;47m8888888@@@XXXSS[0;1;30;90;47mS[0m
[0;1;30;90;47m;[0;1;37;97;47m888888[0;37;5;47;107m88888[0;1;37;97;47m8[0;37;5;47;107m8[0;1;37;97;47m@X8S[0;33;47m8[0;37;43m@8@[0;1;30;90;43m8[0;37;43m@[0;33;47m8X[0;1;37;97;47m%88888@@@XXSS[0;1;30;90;47m%[0m
[0;1;30;90;47m;[0;1;37;97;47m8888[0;37;5;47;107m8888888[0;33;47m@8[0;37;43m8[0;33;47m8[0;37;43m@@[0;33;47m@X[0;1;30;90;47m.[0;37;43m@8[0;1;37;97;47m;[0;37;43m8[0;33;47m8[0;1;33;93;43mX[0;1;30;90;47m [0;1;37;97;47mS@888@@XXXS[0;1;30;90;47m%[0m
[0;1;30;90;47m;[0;1;37;97;47m888[0;37;5;47;107m88888@@[0;1;37;97;47mX[0;1;33;93;47m8[0;33;47m8[0;1;30;90;47m.[0;33;47m888[0;1;37;97;47m%%[0;1;33;93;47m@[0;1;37;97;47m%[0;1;30;90;47m [0;1;37;97;47m;[0;37;43m@[0;33;47m8[0;1;30;90;47m%[0;1;33;93;43mS[0;33;47m8[0;1;37;97;47mXX88@@@XXS[0;1;30;90;47m%[0m
[0;1;30;90;47m;[0;1;37;97;47m888[0;37;5;47;107m8888@@[0;1;37;97;47m8S[0;33;47m8[0;1;33;93;47m@[0;33;47m8[0;1;33;93;47mSX[0;1;37;97;47m%[0;33;47m8[0;1;37;97;47m%[0;1;33;93;47m8[0;33;47mS[0;37;43m@[0;33;47m8[0;37;43m@[0;33;47m8[0;1;30;90;43m8[0;37;43m@8[0;1;30;90;43m8[0;33;47m8[0;1;37;97;47m%@8@@XXX[0;1;30;90;47m%[0m
[0;1;30;90;47m;[0;1;37;97;47m88[0;37;5;47;107m8888@@[0;1;37;97;47m8[0;1;33;93;47m8[0;33;47m88[0;1;33;93;47m8[0;33;47m8[0;1;37;97;47m%@[0;1;33;93;47m888@[0;1;37;97;47m@[0;1;33;93;47m%[0;1;37;97;47mt[0;33;47mX8[0;1;30;90;43m8[0;37;43m@[0;1;30;90;47m .[0;33;47m8[0;1;30;90;47m [0;1;37;97;47m@8@@XXX[0;1;30;90;47m%[0m
[0;1;30;90;47m;[0;1;37;97;47m88[0;37;5;47;107m88888[0;1;37;97;47mS[0;33;47m@88[0;1;30;90;47m  [0;33;47mS[0;1;33;93;47m@[0;1;30;90;47m [0;33;47m8@[0;1;33;93;47m@[0;37;5;43;103m8[0;1;33;93;47mX[0;33;47m8[0;37;43m@XX[0;1;30;90;43m8[0;37;43mX[0;1;30;90;47m  [0;33;47m@[0;1;37;97;47m%@8@@@XX[0;1;30;90;47m%[0m
[0;1;30;90;47m;[0;1;37;97;47m88[0;37;5;47;107m88888[0;1;37;97;47m@[0;33;47m88[0;1;33;93;47m@@8@[0;1;30;90;47m [0;1;37;97;47mX[0;1;33;93;47mX@8[0;37;5;43;103m8[0;1;37;97;47m@[0;33;47m8[0;37;43m8[0;33;47m88[0;37;43mSS[0;1;30;90;43m8[0;33;47m@S[0;1;30;90;43m@[0;33;47m8[0;1;37;97;47m8@@XXX[0;1;30;90;47m%[0m
[0;1;30;90;47m;[0;1;37;97;47m88[0;37;5;47;107m88888[0;33;47m88[0;1;33;93;47m8[0;33;47mX[0;1;33;93;47mS[0;33;47mS[0;1;33;93;47m@[0;33;47m888[0;1;33;93;47m8@[0;37;5;43;103mX[0;1;37;97;47m%t[0;37;43m8@[0;33;47m88[0;1;30;90;47m.;[0;1;37;97;47mt;[0;33;47m8[0;37;43m8[0;1;37;97;47m;@@XXX[0;1;30;90;47m%[0m
[0;1;30;90;47m@[0;1;37;97;47m888[0;37;5;47;107m888[0;1;37;97;47mX[0;33;47m88888@[0;1;37;97;47m%X[0;1;33;93;47m88[0;1;37;97;47m@[0;1;33;93;47m@[0;33;5;43;103m:[0;1;37;97;47m;[0;1;33;93;43m8[0;37;43m8[0;1;37;97;47mtS[0;1;30;90;47m:[0;1;30;90;43m8[0;1;33;93;43mS[0;33;47m@[0;37;43mX[0;1;30;90;43m8[0;33;47mS[0;1;30;90;47m [0;1;37;97;47mX@XXS[0;1;30;90;47m8[0m
[0;36;5;40;100m [0;1;37;97;47m8888[0;37;5;47;107m8[0;33;47m8[0;37;43mX@@[0;1;30;90;47m [0;33;47m@X[0;1;33;93;47m8[0;33;47mX888[0;1;30;90;47m [0;1;33;93;47m@[0;33;5;43;103m:[0;1;37;97;47mt[0;1;30;90;47m [0;33;47m8[0;37;43mX@[0;1;30;90;47m:[0;1;30;90;43m88[0;37;43m@[0;33;47m8[0;1;30;90;43m8[0;33;47m@[0;1;30;90;47m [0;1;37;97;47m@@XXS[0;36;5;40;100m [0m
 [0;1;37;97;47m88888[0;1;30;90;47m [0;33;47m888[0;1;30;90;47m [0;1;33;93;47mXS[0;1;37;97;47mX[0;1;33;93;47m@[0;37;43m@X@@[0;1;33;93;47m8[0;33;5;43;103m:[0;33;47m@[0;1;33;93;43mX[0;37;43mXS[0;33;47mX[0;1;30;90;47m:[0;37;43mS[0;1;30;90;43m88[0;37;43mX[0;1;30;90;47m%[0;1;30;90;43m@[0;1;30;90;47m [0;1;37;97;47m@XXXS[0m 
 [0;1;30;90;47mS[0;1;37;97;47m888X[0;33;47m8@[0;37;43mX8@8[0;1;37;97;47mS;[0;33;47m88[0;37;43m8[0;33;47m8[0;1;33;93;47mX[0;37;5;43;103m8[0;33;5;43;103m;[0;33;47mS[0;37;43m@[0;33;47m@88888[0;1;30;90;47m;[0;37;43m8[0;33;47m8[0;1;30;90;43mX[0;33;47m8[0;1;37;97;47mXXXS[0;1;30;90;47mS[0m 
  [0;1;37;97;47m@88888@@[0;1;30;90;47m [0;37;43m@S[0;33;47m8[0;37;43mSS@[0;1;37;97;47m@@[0;33;5;43;103mS;[0;37;5;43;103m8[0;37;43m88[0;1;30;90;47m [0;1;33;93;43mS[0;33;47m8[0;1;30;90;43m@[0;1;30;90;47m..[0;1;30;90;43m@[0;37;43m@[0;1;37;97;47m%%XXS%[0m  
  [0;36;5;40;100m [0;1;37;97;47m88888888X@8SS@88[0;33;5;43;103mX;[0;1;33;93;47m@[0;1;30;90;47m [0;1;37;97;47m;8X@SSX;[0;1;30;90;47m [0;1;37;97;47mSXXSS[0;36;5;40;100m [0m  
   [0;37;5;40;100mS[0;1;37;97;47m888888888888888[0;33;5;43;103mX;[0;1;33;93;47m8[0;1;37;97;47m88888@@@@XXXSS[0;37;5;40;100mS[0m   
    [0;37;5;40;100m%[0;1;37;97;47m8888888888888S[0;33;5;43;103m%;[0;37;5;43;103m8[0;1;37;97;47m88@@@@@XXXSSS[0;36;5;40;100m [0m    
     [0;36;5;40;100m;[0;1;37;97;47m%@@8X88SSSSS[0;33;5;43;103mXtt%[0;1;33;93;47m@[0;1;37;97;47m%X@@XXSSSS;[0;36;5;40;100m;[0m     
       [0;1;30;90;47mS[0;1;37;97;47m@@S[0;1;30;90;47m [0;33;47m@[0;1;30;90;47m  [0;33;47m88[0;1;33;93;43m@[0;37;43mX[0;33;5;43;103mX88[0;1;33;93;47m@[0;1;33;93;43mX[0;33;47m8[0;1;30;90;47m     [0;1;37;97;47mSS[0;1;30;90;47mS[0m       
        [0;36;5;40;100mt[0;1;37;97;47m.XXS[0;1;33;93;47m%X[0;33;47m8@[0;1;37;97;47mS%[0;1;33;93;43m8[0;1;30;90;47m [0;33;47m8[0;1;30;90;47m [0;1;37;97;47m:[0;1;33;93;43m8[0;1;30;90;47m [0;1;37;97;47m.tSS[0;1;30;90;47m [0;36;5;40;100m;[0m        
          [0;36;5;40;100m.[0;1;37;97;47m XXXt.t[0;33;47m8S[0;1;37;97;47m%:[0;33;47m@[0;1;30;90;47m [0;1;37;97;47m;SS%[0;1;30;90;47m.[0;36;5;40;100m.[0m          
             [0;1;30;90;47mX[0;1;37;97;47mSSSS[0;1;30;90;47m [0;1;37;97;47mtS[0;1;30;90;47m.[0;1;37;97;47m%%%%[0;1;30;90;47mX[0m             
               [0;36;5;40;100m [0;1;30;90;47m;[0;1;37;97;47m%%%%%%[0;1;30;90;47m:[0;36;5;40;100m [0m               
                  [0;36;5;40;100m [0;1;30;90;47m88[0;36;5;40;100m [0m                  
