[0;1;30;90;43mS@X@@@@@88888888888888@@@@@@@XXXXXXSSSS%[0m
[0;1;30;90;43mX[0;1;33;93;43mS[0;1;30;90;43mXX[0;1;33;93;43mtSXXXX%[0;1;30;90;43m88[0;1;33;93;43mXXXXXX[0;1;30;90;43m88[0;1;33;93;43mXXSSSS[0;1;30;90;43mX@@[0;1;33;93;43m%%%%%[0;1;30;90;43mSS%[0;1;33;93;43mt[0;1;30;90;43mS[0m
[0;1;30;90;43mX[0;1;33;93;43mS[0;1;30;90;43mX@[0;1;33;93;43m%XXXXX[0;37;43mX[0;1;30;90;43m88[0;33;5;43;103mXXXXXX[0;1;30;90;43m88[0;1;33;93;43mXXXXSS[0;1;30;90;43m@[0;1;33;93;43mt[0;1;30;90;43mX[0;1;33;93;43mSS%%%[0;1;30;90;43mS[0;1;33;93;43mt[0;1;30;90;43m%[0;1;33;93;43mt[0;1;30;90;43mS[0m
[0;1;30;90;43mX[0;1;33;93;43mSSXXXXSSX[0;37;43m@@@@@@@@@[0;1;33;93;43mXXSSSS%%%%%%tt%%%%tt[0;1;30;90;43mS[0m
[0;1;30;90;43mX[0;1;33;93;43mSXXXX[0;1;30;90;43m8[0;1;30;90;40m8[0;35;5;40;100m88888[0;30;5;40;100m@[0;35;5;40;100m88888[0;30;5;40;100m@8[0;35;5;40;100m8[0;30;5;40;100mSSX[0;1;30;90;40m8S88888[0;34;40m;[0;1;30;90;43mX[0;1;33;93;43m%%%%t[0;1;30;90;43mS[0m
[0;1;30;90;43m@[0;1;33;93;43mXXXX[0;33;5;43;103mX[0;1;30;90;43m8[0;1;30;90;40m8[0;1;30;90;45m88888[0;30;5;40;100mS[0;1;30;90;45m88888[0;35;5;40;100mX8[0;1;30;90;45m8XXSX[0;1;30;90;40mS[0;1;30;90;45mt;:::[0;34;40m;[0;1;30;90;43mX[0;1;33;93;43m%%%%t[0;1;30;90;43mS[0m
[0;1;30;90;43m@[0;1;33;93;43mXXX[0;33;5;43;103mXX[0;1;30;90;43m8[0;30;5;40;100m8[0;1;30;90;45m88888[0;35;5;40;100mt[0;1;30;90;45m8[0;35;47m8[0;1;37;97;47mX8[0;37;5;47;107m%[0;37;5;40;100m8S[0;37;5;47;107m:%[0;1;37;97;47m8[0;1;30;90;47m [0;1;30;90;45m8[0;1;30;90;40mS[0;1;30;90;45mt;;::[0;34;40m;[0;1;30;90;43mX[0;1;33;93;43m%%%%t[0;1;30;90;43mS[0m
[0;1;30;90;43m@[0;1;33;93;43mX[0;1;30;90;43m888[0;33;5;43;103mX[0;1;30;90;43m8[0;30;5;40;100m8[0;1;30;90;45m88888[0;35;5;40;100m:t[0;1;30;90;45m8888[0;35;5;40;100m%;[0;1;37;97;47m:tt;[0;1;30;90;47m8[0;1;30;90;40mX[0;1;30;90;45mXS%tt[0;34;40m;[0;1;30;90;43mX[0;1;33;93;43m%[0;1;30;90;43mXXX[0;1;33;93;43m%[0;1;30;90;43mS[0m
[0;1;30;90;43m@[0;1;33;93;43mX[0;1;30;90;43m8[0;1;33;93;43mX[0;1;30;90;43m8[0;33;5;43;103mX[0;1;30;90;43m8[0;30;5;40;100m8[0;35;5;40;100m8@XS%:;t%SXS@88:[0;1;30;90;47mX[0;37;5;40;100m%[0;1;30;90;40mX[0;1;30;90;47m8[0;35;5;40;100m:888[0;34;40m;[0;1;30;90;43mX[0;1;33;93;43mS[0;1;30;90;43mXSX[0;1;33;93;43m%[0;1;30;90;43mS[0m
[0;1;30;90;43m@[0;1;33;93;43mX[0;1;30;90;43m8[0;33;5;43;103mX[0;37;43mX[0;33;5;43;103mX[0;1;30;90;43m8[0;30;5;40;100m8[0;1;30;90;45m888[0;37;45m@@[0;35;5;40;100m:[0;1;30;90;45m8[0;37;45m8@@[0;1;30;90;45m8[0;35;5;40;100mS8[0;1;30;90;45m88@[0;1;37;97;47m8:[0;1;30;90;40mX[0;37;5;47;107mt%[0;1;30;90;45m8::[0;34;40m;[0;1;30;90;43mX[0;1;33;93;43m%[0;1;30;90;43m@[0;1;33;93;43m%[0;1;30;90;43mX[0;1;33;93;43m%[0;1;30;90;43mS[0m
[0;1;30;90;43m@[0;1;33;93;43mXXX[0;33;5;43;103mXX[0;1;30;90;43m8[0;30;5;40;100m8[0;1;30;90;45m8888[0;37;45mX[0;35;5;40;100m;[0;1;30;90;45m8[0;37;45m@@[0;1;30;90;45m88[0;35;5;40;100mS8[0;1;30;90;45m8@@8[0;1;30;90;47m [0;1;30;90;40mX[0;37;5;47;107mtt[0;1;37;97;47m8[0;1;30;90;45m::[0;34;40m;[0;1;30;90;43mX[0;1;33;93;43m%%%%%[0;1;30;90;43mS[0m
[0;1;30;90;43mX[0;1;33;93;43mXXX[0;33;5;43;103mXX[0;37;43mX[0;1;30;90;40m8[0;35;5;40;100m88@@X[0;30;5;40;100mS[0;35;5;40;100mSXX@@X[0;30;5;40;100mX[0;35;5;40;100m8888;[0;1;30;90;40mS[0;37;5;40;100m@@X[0;35;5;40;100m88[0;34;40m;[0;1;30;90;43mX[0;1;33;93;43m%%%%t[0;1;30;90;43m%[0m
[0;1;30;90;43m%[0;1;33;93;43mXXXX[0;33;5;43;103mX[0;1;33;93;43mX[0;30;5;40;100m8[0;1;30;90;45m@8888[0;30;5;40;100mX[0;35;5;40;100m8[0;1;30;90;45m8888[0;35;5;40;100m8[0;30;5;40;100mS[0;1;30;90;45mXXSS[0;37;5;40;100m8[0;1;30;90;40mS[0;1;37;97;47mt%:[0;1;30;90;45m;;[0;31;40m%[0;1;33;93;43m%%%%%t[0;1;30;90;43mt[0m
 [0;1;33;93;43mSXSSSX[0;1;30;90;43m8[0;1;30;90;45mXX@@@[0;30;5;40;100m8[0;1;30;90;45m888@@[0;35;5;40;100m88[0;1;30;90;45mSS%8[0;1;37;97;47m [0;34;40m;[0;37;5;47;107mtt[0;1;37;97;47mS[0;1;30;90;45m::[0;1;30;90;43m@[0;1;33;93;43m%[0;1;30;90;43m@[0;1;33;93;43mt[0;1;30;90;43mX[0;1;33;93;43mtt[0m 
 [0;1;30;90;43mX[0;1;33;93;43mS%[0;1;30;90;43m@8[0;1;33;93;43mXS[0;1;30;90;45m8SSXX[0;1;30;90;40m8[0;1;30;90;45m@XXXS[0;35;5;40;100m8[0;30;5;40;100mS[0;1;30;90;45m%%8[0;37;5;47;107m@[0;1;37;97;47m.[0;34;40m;[0;37;5;47;107m%@[0;1;30;90;45mS:X[0;1;33;93;43mt%[0;1;30;90;43mSSS[0;1;33;93;43mt[0;1;30;90;43mS[0m 
  [0;1;33;93;43mSS[0;1;30;90;43m@[0;1;33;93;43mXXX[0;37;43mX[0;31;5;40;100m8[0;30;5;40;100m8@@[0;1;30;90;40m@8[0;30;5;40;100m@@@@[0;1;30;90;40m8X88[0;30;5;40;100mX[0;36;5;40;100mt[0;30;5;40;100m8[0;34;40m;[0;30;5;40;100mS[0;1;30;90;40m888[0;1;30;90;43m8[0;1;33;93;43m%%[0;1;30;90;43mS[0;1;33;93;43m%[0;1;30;90;43mS[0;1;33;93;43mt[0m  
  [0;33;5;40;100m8[0;1;33;93;43mSSSSSX[0;37;43m@[0;1;30;90;45m@tt[0;1;30;90;40m@[0;1;30;90;45mS8X@8[0;35;5;40;100m8%[0;37;5;47;107mXttt[0;1;30;90;47m;[0;34;40m:[0;1;30;90;45m:.%[0;1;30;90;43m8[0;1;33;93;43m%%%%tt[0;33;5;40;100m8[0m  
   [0;1;30;90;43mS[0;1;33;93;43mSSSSSS[0;37;43mS[0;1;30;90;45m8;[0;1;30;90;40mS[0;1;30;90;45mt@[0;35;47m8[0;1;37;97;47m%@[0;35;5;40;100m:%[0;1;37;97;47m@%[0;35;47m8[0;1;30;90;45m@t[0;34;40m:[0;1;30;90;45m.8[0;1;30;90;43m8[0;1;33;93;43m%%%%tt[0;1;30;90;43m%[0m   
    [0;1;30;90;43m%[0;1;33;93;43mSSSSSSS[0;1;30;90;43m8[0;1;30;90;40m@[0;1;30;90;45m;::::[0;30;5;40;100mX[0;1;30;90;40m8[0;1;30;90;45m::;;t[0;31;40m%[0;1;30;90;43m8[0;1;33;93;43m%%%%ttt[0;1;30;90;43m%[0m    
     [0;31;5;40;100m@[0;1;33;93;43mtSSS[0;1;30;90;43m@@@[0;1;33;93;43m%[0;1;30;90;43mX[0;1;30;90;40m8888[0;34;40m%t[0;1;30;90;40m8888[0;1;30;90;43mX[0;1;33;93;43mt[0;1;30;90;43mXX[0;1;33;93;43m%ttt[0;1;30;90;43mX[0;1;30;90;41m8[0m     
       [0;1;30;90;43mS[0;1;33;93;43m%%[0;1;30;90;43mXXX[0;1;33;93;43m%%%[0;1;30;90;43m8[0;1;30;90;45m8.[0;30;5;40;100mX[0;34;40mX[0;1;30;90;45m.8[0;1;30;90;43m8[0;1;33;93;43mt%%[0;1;30;90;43mS%S[0;1;33;93;43mtt[0;1;30;90;43mS[0m       
        [0;1;30;90;41m8[0;1;30;90;43mXX[0;1;33;93;43m%[0;1;30;90;43mX[0;1;33;93;43m%%%%%[0;1;30;90;43m8888[0;1;33;93;43m%%%tt[0;1;30;90;43mSSSS[0;1;30;90;41m8[0m        
          [0;31;5;40;100mS[0;1;30;90;43mX[0;1;33;93;43m%%%%%%%[0;1;30;90;43mXX[0;1;33;93;43mttttttt[0;1;30;90;43mS[0;31;5;40;100mS[0m          
             [0;1;30;90;43mS[0;1;33;93;43mttttt[0;1;30;90;43mS%[0;1;33;93;43mttttt[0;1;30;90;43mS[0m             
               [0;1;30;90;43mtS[0;1;33;93;43mtt[0;1;30;90;43mSS[0;1;33;93;43mtt[0;1;30;90;43mSt[0m               
                  [0;31;5;40;100mS[0;1;30;90;43m%%[0;33;5;40;100m8[0m                  
