[0;31;40m%[0;34;40m..[0;31;40m88[0;34;40m.:[0;31;40m8[0;1;30;90;40m8[0;34;40m::[0;1;30;90;40m8[0;30;5;40;100mX[0;34;40m::[0;1;30;90;43mt[0;33;5;43;103m888[0;1;30;90;43m;:[0;33;5;43;103m888[0;1;30;90;43m;[0;34;40m..[0;31;40m88[0;34;40m..[0;31;40m@8[0;34;40m. [0;31;40m@@[0;34;40m  [0;31;40mt[0m
[0;31;40mt[0;34;40m.:[0;30;5;40;100mX[0;31;5;40;100mS[0;34;40m::[0;31;5;40;100mX[0;33;5;40;100m8[0;34;40m;;[0;33;5;40;100m88[0;1;30;90;40m%%[0;1;30;90;43mS[0;33;5;43;103mt;;[0;1;30;90;43m%t[0;33;5;43;103m;;t[0;1;30;90;43m;[0;34;40m::[0;1;30;90;40m8[0;31;5;40;100mS[0;34;40m..[0;31;40m8[0;1;30;90;41m8[0;34;40m..[0;31;40m88[0;34;40m  [0;31;40m;[0m
[0;34;40m.[0;31;40m;t[0;34;40m::[0;31;40mt%[0;34;40m;[0;1;30;90;40m%@@SX88[0;1;30;90;43mX[0;1;33;93;43mS[0;1;30;90;43mS[0;33;5;40;100m8[0;30;5;40;100mX[0;31;5;40;100mS[0;1;30;90;43mS%[0;1;33;93;43mS[0;1;30;90;43mt[0;31;40mtt[0;34;40m::[0;31;40m;;[0;34;40m..[0;31;40m;;[0;34;40m..[0;31;40m::[0;34;40m [0m
[0;34;40m.[0;33;5;40;100m8[0;1;30;90;43mt[0;34;40m;;[0;33;5;40;100m88[0;1;30;90;40mSX[0;33;5;40;100m88[0;1;30;90;40m@@[0;33;5;40;100m88[0;1;30;90;43m8[0;33;5;43;103m::[0;1;30;90;43mX@[0;33;5;40;100m8[0;1;30;90;43mS[0;33;5;43;103m;;[0;1;30;90;43m%[0;33;5;40;100m8[0;1;30;90;43mt[0;34;40m::[0;33;5;40;100m88[0;34;40m..[0;31;5;40;100mS[0;33;5;40;100m8[0;34;40m..[0;31;40m8[0;33;41m8[0;34;40m [0m
[0;34;40m.[0;31;40mS[0;1;30;90;40m8[0;34;40m;;[0;1;30;90;40m8[0;30;5;40;100m8[0;1;30;90;40mX@[0;30;5;40;100mXX[0;1;30;90;40m88[0;31;5;40;100mSS[0;1;30;90;43m8[0;33;5;43;103m.[0;1;33;93;43m8[0;1;30;90;43m8[0;33;5;43;103m;;[0;1;30;90;43mX[0;1;33;93;43mX[0;33;5;43;103m;[0;1;30;90;43mS[0;1;30;90;40m88[0;34;40m::[0;31;40mSS[0;34;40m..[0;31;40m%%[0;34;40m..[0;31;40mt%[0;34;40m [0m
[0;31;40mS[0;34;40m;;[0;31;5;40;100mS[0;33;5;40;100m8[0;1;30;90;40mX@[0;33;5;40;100m88[0;1;30;90;40m8[0;30;5;40;100m8[0;33;5;40;100m8@[0;30;5;40;100m8@[0;1;30;90;43m8[0;37;5;43;103mSSS[0;33;5;43;103mXX:::[0;1;30;90;43mS[0;1;30;90;40m%[0;34;40m;[0;31;5;40;100mX[0;33;5;40;100m8[0;34;40m::[0;1;30;90;40m8[0;31;5;40;100mX[0;34;40m..[0;31;40m88[0;34;40m. [0;31;40m%[0m
[0;31;40m%[0;34;40m;;[0;31;5;40;100mS[0;33;5;40;100m8[0;1;30;90;40mX@[0;33;5;40;100m88[0;30;5;40;100m88[0;33;5;40;100mXX[0;30;5;40;100mXS[0;1;30;90;43m8[0;37;5;43;103mXXS[0;1;30;90;43m88[0;33;5;43;103m::;[0;1;30;90;43mX[0;1;30;90;40mS[0;34;40m;[0;30;5;40;100mX[0;31;5;40;100mS[0;34;40m::[0;31;40m8[0;1;30;90;40m8[0;34;40m..[0;31;40m88[0;34;40m..[0;31;40m;[0m
[0;34;40m:[0;1;30;90;40m8[0;30;5;40;100mX[0;1;30;90;40mSX[0;31;5;40;100mS[0;33;5;40;100m8[0;1;30;90;40m8[0;30;5;40;100m8[0;33;5;40;100m@X[0;30;5;40;100mXS[0;33;5;40;100m%%[0;1;30;90;43m8[0;37;43m@[0;1;30;90;43m8[0;33;5;40;100m@@8[0;1;30;90;43m88[0;1;33;93;43mX[0;1;30;90;43mX[0;30;5;40;100mXX[0;34;40m;;[0;1;30;90;40m8[0;31;40m@[0;34;40m:.[0;31;40mX@[0;34;40m..[0;31;40mXX[0;34;40m [0m
[0;34;40m:[0;33;5;40;100m88[0;1;30;90;40mSX[0;33;5;40;100m88[0;1;30;90;40m8[0;30;5;40;100m8[0;33;5;40;100m@@[0;30;5;40;100mS[0;36;5;40;100mt[0;33;5;40;100mt;[0;1;30;90;43m8[0;37;5;43;103mXX[0;1;30;90;43m8[0;33;5;40;100m@8[0;1;30;90;43m8[0;33;5;43;103m::[0;1;30;90;43m@[0;33;5;40;100m88[0;34;40m;;[0;33;5;40;100m88[0;34;40m:.[0;31;5;40;100mX[0;33;5;40;100m8[0;34;40m..[0;31;40m8[0;33;41m8[0;34;40m [0m
[0;31;40m:;[0;1;30;90;40m%X@@8[0;30;5;40;100m8@@X[0;33;5;40;100mS%t;[0;1;30;90;43m8[0;37;5;43;103mX@[0;37;43mX[0;37;5;43;103mSS[0;1;30;90;43m8[0;1;33;93;43m@[0;33;5;43;103m:[0;1;30;90;43mX[0;1;30;90;40mXS[0;31;40mtt::;;:.::.. [0m
[0;31;40mS[0;34;40m;;[0;33;5;40;100m88[0;1;30;90;40m@8[0;33;5;40;100m88[0;30;5;40;100m8@[0;33;5;40;100m@X[0;30;5;40;100mSS[0;1;30;90;43m8[0;37;5;43;103mXXS[0;33;5;43;103mSS:::[0;1;30;90;43mX[0;1;30;90;40mS%[0;33;5;40;100m88[0;34;40m::[0;31;5;40;100mS[0;33;5;40;100m8[0;34;40m..[0;1;30;90;41m8[0;31;5;40;100mS[0;34;40m..[0;31;40m%[0m
[0;31;40mt[0;34;40m;;[0;1;30;90;40m8[0;30;5;40;100m@[0;1;30;90;40mX@[0;31;5;40;100mS[0;33;5;40;100m8[0;30;5;40;100m88[0;33;5;40;100m@@[0;30;5;40;100m@@[0;1;30;90;43m8[0;37;5;43;103mSSS[0;1;30;90;43m88[0;33;5;43;103m:::[0;1;30;90;43mS[0;1;30;90;40mS[0;34;40m;[0;1;30;90;40m88[0;34;40m::[0;31;40mXX[0;34;40m..[0;31;40mSX[0;34;40m..[0;31;40m:[0m
[0;34;40m.[0;30;5;40;100mX[0;31;5;40;100mS[0;34;40m;[0;1;30;90;40m%[0;33;5;40;100m88[0;1;30;90;40m@@[0;33;5;40;100m88[0;1;30;90;40m8[0;30;5;40;100m8[0;33;5;40;100m88[0;1;30;90;43m8[0;1;33;93;43mX[0;1;30;90;43m8[0;33;5;40;100m88[0;1;30;90;43m8@X[0;1;33;93;43mS[0;1;30;90;43mS[0;31;5;40;100mSS[0;34;40m::[0;1;30;90;40m88[0;34;40m..[0;31;40m88[0;34;40m..[0;31;40m@8[0;34;40m [0m
 [0;30;5;40;100mX[0;31;5;40;100mS[0;34;40m;;[0;31;5;40;100mS[0;33;5;40;100m8[0;1;30;90;40mXX[0;33;5;40;100m88[0;1;30;90;40m88[0;33;5;40;100m88[0;1;30;90;43m8[0;33;5;43;103m::[0;1;30;90;43m@[0;33;5;40;100m88[0;1;30;90;43mS[0;33;5;43;103m;;[0;1;30;90;43m%[0;31;5;40;100mXS[0;34;40m::[0;1;30;90;40m8[0;30;5;40;100mX[0;34;40m..[0;31;40m88[0;34;40m..[0;31;40m@8[0m 
 [0;34;40m.:[0;31;40mS[0;1;30;90;40m8[0;34;40m;;[0;1;30;90;40m88SX[0;30;5;40;100m8@[0;1;30;90;40mXX[0;1;30;90;43mX[0;33;5;43;103m:[0;1;33;93;43m@[0;1;30;90;43mS[0;33;5;43;103mtt[0;1;30;90;43m%[0;1;33;93;43mS[0;33;5;43;103m;[0;1;30;90;43mt[0;34;40m::[0;31;40mSS[0;34;40m..[0;31;40mSS[0;34;40m..[0;31;40m%%[0;34;40m  [0m 
  [0;34;40m:[0;33;5;40;100m8[0;1;30;90;43m;[0;34;40m:;[0;33;5;40;100m8[0;1;30;90;43m%[0;34;40m;[0;1;30;90;40m%[0;33;5;40;100m8[0;1;30;90;43mS[0;1;30;90;40mSS[0;1;30;90;43mS[0;33;5;43;103m;;;@@;;;[0;1;30;90;43mt[0;34;40m::[0;33;5;40;100m8[0;1;30;90;43m;[0;34;40m..[0;1;30;90;43m::[0;34;40m..[0;1;30;90;41m8[0;31;43m8[0;34;40m [0m  
  [0;34;40m.[0;31;40m:;::;;;;tt;;[0;1;30;90;43m%[0;33;5;43;103m;;;[0;1;30;90;43mt;[0;33;5;43;103m;;;[0;1;30;90;43m;[0;31;40m::::..::....[0;34;40m [0m  
   [0;34;40m..[0;31;5;40;100mS[0;33;5;40;100m8[0;34;40m::[0;33;5;40;100m88[0;34;40m::[0;31;5;40;100mS[0;33;5;40;100m8[0;1;30;90;43mt;;;[0;1;30;90;40m8[0;1;30;90;43m;;;:;[0;31;5;40;100mX[0;33;5;40;100m8[0;34;40m..[0;1;30;90;41m88[0;34;40m..[0;31;40m8[0;30;41m8[0;34;40m  [0m   
    [0;34;40m.[0;31;40m@@[0;34;40m..[0;31;40m@@[0;34;40m::[0;31;40m@8[0;1;30;90;43m;[0;33;5;43;103m;;[0;1;30;90;43m;[0;33;5;40;100m8[0;1;30;90;40m8[0;1;30;90;43m;[0;33;5;43;103mtt[0;1;30;90;43m:[0;31;40m@@[0;34;40m..[0;31;40mX@[0;34;40m. [0;31;40mXX[0;34;40m [0m    
     [0;34;40m .[0;31;40m88[0;34;40m..[0;31;40m88[0;34;40m..[0;1;30;90;43m;[0;33;5;43;103mt[0;1;33;93;43mS[0;1;30;90;43m:[0;33;5;43;103mSS[0;1;30;90;43m:[0;1;33;93;43m%[0;33;5;43;103mt[0;1;30;90;43m:[0;34;40m..[0;31;40m@8[0;34;40m..[0;31;40m@@[0;34;40m  [0m     
       [0;31;40m8[0;1;30;90;41m8[0;34;40m..[0;31;40m8[0;31;5;40;100mX[0;34;40m..[0;1;30;90;43m:[0;33;5;43;103mttt[0;1;33;93;43m88[0;33;5;43;103mtt%[0;1;30;90;43m:[0;34;40m..[0;31;40m88[0;34;40m  [0;31;40m88[0m       
        [0;34;40m [0;31;40m;t[0;34;40m..[0;31;40mtt[0;1;30;90;43m:[0;33;5;43;103m%%%[0;1;30;90;43m..[0;33;5;43;103m%%%[0;1;30;90;43m.[0;31;40m;;[0;34;40m  [0;31;40m;;[0;34;40m [0m        
          [0;31;40m%[0;34;40m..[0;1;30;90;41m8[0;1;30;90;43m.. ..[0;31;40m8[0;1;30;90;43m... .[0;30;41m8[0;33;41m8[0;34;40m  [0;31;40mt[0m          
             [0;31;40m;;[0;1;30;90;43m.[0;33;5;43;103mSS[0;1;30;90;43m.[0;31;40m88[0;1;30;90;43m.[0;33;5;43;103mSS[0;1;30;90;43m.[0;31;40m:;[0m             
               [0;31;40m8[0;1;33;93;43mS[0;1;30;90;43m .[0;33;5;43;103m@@[0;1;30;90;43m  [0;1;33;93;43mS[0;31;40m8[0m               
                  [0;1;30;90;43m    [0m                  
