[0;1;30;90;47mt[0;1;37;97;47m@@@888888888888888888888@@@@@XXXSSS%%%[0;1;30;90;47mS[0m
[0;1;37;97;47m:[0;37;5;47;107m%ttttttttttt;;;ttttttttttt%%%%SSSXXX@@[0;1;37;97;47m [0m
[0;1;37;97;47m;[0;37;5;47;107mttttttt;;;;;;[0;1;37;97;47m [0;1;30;90;47m@S88[0;36;5;40;100m [0;37;5;40;100m;[0;1;30;90;47m8[0;1;37;97;47mS[0;37;5;47;107mt%Sttt%%%SSSXX@@[0;1;37;97;47m [0m
[0;1;37;97;47m;[0;37;5;47;107mttttt;;;;;X[0;1;37;97;47m:[0;36;5;40;100m [0;1;30;90;42m@@@@@XXSS8%t8[0;37;5;40;100mt[0;1;30;90;47m%[0;37;5;47;107mX%%%SSSXX@[0;1;37;97;47m [0m
[0;1;37;97;47m;[0;37;5;47;107mtttt;;;;:@[0;32;5;40;100mS[0;1;30;90;42m88888888@@XSS%tt;8[0;1;37;97;47mS[0;37;5;47;107m%%%SSXXX[0;1;37;97;47m.[0m
[0;1;37;97;47m;[0;37;5;47;107mttt;;;:X[0;1;30;90;47m8[0;32;5;40;100m@[0;1;30;90;42m8[0;32;5;40;100m8888[0;1;30;90;42m888888@XSS%t;[0;30;42mt[0;1;30;90;42m%[0;1;37;97;47m;[0;37;5;47;107m%%SSSXX[0;1;37;97;47m.[0m
[0;1;37;97;47m;[0;37;5;47;107mtt;;;:8[0;32;5;40;100mX[0;1;30;90;42m8[0;32;5;40;100m8@XXXXX@@[0;1;30;90;42m8888@XS%%t[0;30;42m%[0;1;30;90;42m;[0;36;5;40;100m;[0;37;5;47;107m%%%SSXX[0;1;37;97;47m.[0m
[0;1;37;97;47m;[0;37;5;47;107mtt;;;:[0;1;30;90;47mX[0;1;30;90;42m8[0;32;5;40;100m8@XS[0;36;5;40;100m%%%[0;32;5;40;100m%SX@8[0;1;30;90;42m88@XXS%t;[0;30;42mS[0;1;30;90;42m8[0;1;37;97;47mt[0;37;5;47;107m%%SSXX[0;1;37;97;47m.[0m
[0;1;37;97;47m;[0;37;5;47;107mt;;;:X[0;32;5;40;100m8[0;1;30;90;42m8[0;32;5;40;100m@XS[0;36;5;40;100m%t;;t[0;32;5;40;100mSX@[0;1;30;90;42m8888XXS%t[0;30;42m%tt[0;1;30;90;42mS[0;1;37;97;47m8[0;37;5;47;107m%SSSX[0;1;37;97;47m.[0m
[0;1;37;97;47m;[0;37;5;47;107mtt;;:[0;1;37;97;47mX[0;32;5;40;100m8[0;1;30;90;42m8[0;32;5;40;100m8XS[0;36;5;40;100m%ttt%[0;32;5;40;100mSX@[0;1;30;90;42m888@XXS%t;[0;30;42mtS[0;1;30;90;42mt[0;1;37;97;47m:[0;37;5;47;107m%SSXX[0;1;37;97;47m.[0m
[0;1;37;97;47m:[0;37;5;47;107mtt;;;[0;1;30;90;47mS[0;1;30;90;42m888[0;32;5;40;100m@XXSSSSX@8[0;1;30;90;42m888@XS%%t[0;30;42m%t;[0;1;30;90;42m%[0;37;5;40;100mt[0;37;5;47;107m%SSXX[0;1;37;97;47m [0m
[0;1;30;90;47m;[0;37;5;47;107mtt;;;[0;1;37;97;47m [0;1;30;90;42m8888[0;32;5;40;100m8@@@@@8[0;1;30;90;42m8888@XSS%t[0;30;42m%tt%%[0;37;5;40;100mS[0;37;5;47;107mSSSXX[0;1;30;90;47mt[0m
[0;37;5;40;100mS[0;37;5;47;107mttt;;[0;1;37;97;47m [0;1;30;90;42m8@[0;36;5;40;100m%[0;1;30;90;42m88888888888@XXS%tt[0;30;42m%%[0;1;30;90;42m:[0;30;42mt%[0;37;5;40;100m%[0;37;5;47;107mSSSXX[0;37;5;40;100mS[0m
 [0;37;5;47;107mttttt[0;1;30;90;47m8[0;36;5;40;100m [0;37;5;40;100mt[0;1;37;97;47m8[0;32;5;40;100m@[0;37;5;40;100mS[0;36;5;40;100m  ;[0;32;5;40;100m8[0;1;30;90;47m8:[0;1;30;90;42m@[0;1;30;90;47m8[0;36;5;40;100m [0;32;5;40;100mS[0;1;30;90;42m8[0;32;5;40;100m@[0;1;30;90;42m@[0;32;5;40;100mX8[0;36;5;40;100m;[0;1;30;90;47m8[0;1;30;90;42m@[0;36;5;40;100m [0;1;30;90;42m%[0;36;5;40;100m%[0;1;30;90;47m8[0;37;5;47;107mSSXX@[0m 
 [0;1;30;90;47m.[0;37;5;47;107mtttt[0;1;30;90;47m@[0;36;5;40;100m [0;1;37;97;47mS[0;37;5;47;107m@[0;37;5;40;100mtS[0;1;30;90;47m;t[0;36;5;40;100m [0;37;5;40;100m%[0;1;30;90;47m8[0;37;5;40;100m%[0;1;30;90;42m@[0;1;37;97;47m.[0;1;30;90;42m8[0;1;30;90;47m8%[0;36;5;40;100mt[0;1;30;90;47m8[0;1;30;90;42m8[0;1;30;90;47mX[0;1;37;97;47mX[0;32;5;40;100m8[0;1;30;90;47m;[0;1;37;97;47m8[0;32;5;40;100mS[0;37;5;40;100m%[0;1;30;90;47mt[0;37;5;47;107mSXXX[0;1;30;90;47m.[0m 
  [0;37;5;47;107mStttt[0;1;30;90;47m8[0;37;5;47;107m8t[0;1;30;90;42m8[0;1;30;90;47m;[0;37;5;40;100mS[0;37;5;47;107mt[0;1;37;97;47mX[0;32;5;40;100mX[0;37;5;47;107m;t[0;36;5;40;100m%[0;1;30;90;42mX%[0;36;5;40;100m%[0;1;30;90;47m8[0;1;37;97;47m%[0;32;5;40;100mS[0;36;5;40;100m [0;37;5;47;107mS%[0;37;5;40;100m%[0;37;5;47;107m%[0;1;37;97;47m:[0;36;5;40;100m :[0;1;30;90;47mS[0;37;5;47;107mXXX8[0m  
  [0;36;5;40;100m [0;37;5;47;107mtttt8tt[0;36;5;40;100m t[0;1;37;97;47m8[0;37;5;47;107mtt[0;1;37;97;47m [0;37;5;47;107m%t[0;1;30;90;47m@[0;1;30;90;42mt;[0;1;37;97;47m:[0;37;5;47;107mt8[0;36;5;40;100m [0;37;5;47;107mS%%X%@[0;37;5;40;100m%%[0;1;30;90;47mS[0;37;5;47;107mXX@[0;36;5;40;100m [0m  
   [0;37;5;40;100m8[0;37;5;47;107m%tttttS[0;36;5;40;100m [0;37;5;47;107m@ttttt[0;1;37;97;47mt[0;1;30;90;42m;;[0;1;37;97;47m:[0;37;5;47;107mt@@%%%SSS[0;36;5;40;100m [0;1;37;97;47mX[0;37;5;47;107m@X@[0;37;5;40;100m8[0m   
    [0;37;5;40;100m8[0;37;5;47;107m%%%%tt8Xttttt[0;1;37;97;47mt[0;1;30;90;42m::[0;1;37;97;47m [0;37;5;47;107m%%%%SSSSX[0;1;37;97;47mS[0;37;5;47;107mX@@[0;37;5;40;100m8[0m    
     [0;36;5;40;100m.[0;37;5;47;107m8%%%%%%%%%%%[0;1;37;97;47m [0;1;30;90;42m::[0;1;30;90;47mt[0;37;5;47;107m%SSSSSXXXX@[0;1;37;97;47m8[0;36;5;40;100m.[0m     
       [0;1;30;90;47m [0;37;5;47;107mSSS%%%[0;1;37;97;47m8:[0;1;30;90;47mt8[0;1;30;90;42m8:.[0;32;5;40;100mS[0;1;37;97;47m :S8[0;37;5;47;107mXXXX@@[0;1;30;90;47m.[0m       
        [0;36;5;40;100m.[0;1;37;97;47m@[0;37;5;47;107mSSSS@[0;1;30;90;47m;X[0;36;5;40;100m:[0;1;30;90;47m8[0;32;5;40;100mX[0;36;5;40;100m.[0;37;5;40;100mS[0;36;5;40;100m.[0;1;37;97;47m X8[0;37;5;47;107mX@@@[0;1;37;97;47mX[0;36;5;40;100m.[0m        
          [0;36;5;40;100m [0;1;37;97;47mX[0;37;5;47;107mXXXXX[0;1;30;90;47mX[0;1;37;97;47m:[0;1;30;90;47m8[0;1;37;97;47m%[0;1;30;90;47m%X[0;1;37;97;47m%[0;37;5;47;107m8@@@[0;1;37;97;47mS[0;36;5;40;100m [0m          
             [0;1;30;90;47m.[0;37;5;47;107m@@@@@[0;1;37;97;47m88[0;37;5;47;107m@@@@8[0;1;30;90;47m.[0m             
               [0;37;5;40;100mS[0;1;37;97;47m;[0;37;5;47;107m@@@@@@[0;1;37;97;47mt[0;37;5;40;100mS[0m               
                  [0;36;5;40;100m [0;1;30;90;47mtt[0;36;5;40;100m [0m                  
