[0;34;40m......:::::::::::::::::...........      [0m
[0;34;40m..:::[0;31;40mt%;[0;34;40m;;[0;31;40m;[0;1;30;90;40m@S%%%X@[0;31;40m;[0;34;40m;;[0;31;40m;%t[0;34;40m:::[0;31;40m;t.[0;34;40m..[0;32;40m.[0;31;40m;:[0;34;40m.    [0m
[0;34;40m.::[0;31;40m%[0;1;30;90;43m8[0;1;33;93;43mXX[0;37;43mS[0;33;5;40;100m88[0;37;43mX[0;33;5;43;103mX[0;1;33;93;43mX[0;1;30;90;43m8[0;30;5;40;100m@[0;1;30;90;43m8[0;1;33;93;43mX[0;33;5;43;103mX[0;37;43mX[0;33;5;40;100m88[0;37;43mS[0;1;33;93;43mXX[0;1;30;90;43m@[0;31;40mX[0;1;30;90;43m@[0;1;33;93;43mSS[0;1;30;90;43m@[0;33;5;40;100m8[0;31;5;40;100m@[0;1;30;90;43m@[0;1;33;93;43m%%[0;1;30;90;43mS[0;31;40m%[0;34;40m   [0m
[0;34;40m.::[0;33;5;40;100m8[0;1;33;93;43mXXX[0;33;5;43;103mX[0;1;33;93;43mX[0;33;5;43;103mXXX[0;37;5;43;103m@@[0;1;33;93;43mX[0;37;5;43;103m@@[0;33;5;43;103mXX[0;1;33;93;43mXX[0;33;5;43;103mX[0;1;33;93;43mXXX%XSSSS%%%%%[0;1;30;90;43m%[0;34;40m   [0m
[0;34;40m.:;[0;31;40mt[0;1;30;90;43m88[0;33;5;43;103mXXX[0;37;5;43;103m@@8888[0;1;33;93;47m8[0;37;5;43;103m888@[0;33;5;43;103mXXXX[0;1;33;93;43mXXXXSSSSS%[0;1;30;90;43mXS[0;31;40m:[0;34;40m.  [0m
[0;34;40m:;;[0;1;30;90;40m@[0;1;30;90;43m8[0;1;33;93;43mX[0;33;5;43;103mX[0;37;5;43;103m@@8888[0;33;47m88[0;1;30;90;43m8[0;33;5;40;100m%[0;1;30;90;43m8[0;37;43m@X[0;1;30;90;43m88[0;1;33;93;43mX[0;33;5;43;103mXX[0;1;33;93;43mXXXXSSSSS%[0;1;30;90;43mX[0;31;40mt[0;34;40m.  [0m
[0;34;40m:;;[0;33;5;40;100m8[0;33;5;43;103mXX[0;37;5;43;103m@@888[0;1;33;93;47m888[0;33;5;40;100mt[0;31;43m8[0;35;5;40;100m%[0;30;5;40;100mS[0;31;5;40;100mX[0;31;5;41;101m@@@[0;33;41mX[0;31;43m8[0;1;30;90;43m88[0;1;33;93;43mXXXSSSSS%%[0;1;30;90;43m%[0;34;40m.. [0m
[0;34;40m:;;[0;1;30;90;40m@[0;1;30;90;43m8[0;37;43mX[0;37;5;43;103m@888[0;1;33;93;47m888[0;33;5;40;100m;[0;35;5;40;100mt%[0;30;5;40;100m%SS@[0;31;5;40;100m8[0;1;30;90;41m8[0;1;31;91;41m88[0;1;30;90;41m8[0;1;30;90;43m88[0;1;33;93;43mXXSSSSS[0;1;30;90;43m@S[0;31;40m;[0;34;40m.. [0m
[0;34;40m:;[0;1;30;90;40m%@[0;1;30;90;43m8[0;37;43m@[0;37;5;43;103m@888[0;1;33;93;47m88[0;33;5;40;100m :[0;35;5;40;100m ;[0;36;5;40;100m;[0;30;5;40;100mSX@88[0;31;5;40;100m8[0;1;30;90;41m@X[0;1;31;91;41m8[0;31;43m8[0;1;30;90;43m8[0;1;33;93;43mS%SSSSt[0;1;30;90;43mS[0;31;40m;[0;34;40m.. [0m
[0;34;40m:;[0;1;30;90;40m%[0;33;5;40;100m8[0;33;5;43;103mXX[0;37;5;43;103m@888[0;33;47m8[0;33;5;40;100m;[0;36;5;40;100m%;[0;35;5;40;100m [0;37;5;40;100mS[0;36;5;40;100m;[0;30;5;40;100mSX@X8[0;1;30;90;40m8@@[0;1;30;90;41mS[0;31;5;41;101m8[0;1;31;91;41m8S[0;1;30;90;43m8[0;1;33;93;43mSSSS%%[0;1;30;90;43m%[0;34;40m..[0;32;40m [0m
[0;34;40m:;;[0;1;30;90;40m@[0;1;30;90;43m8[0;1;33;93;43mX[0;37;5;43;103m@8[0;1;33;93;47m8[0;33;5;40;100mt[0;30;5;40;100mXXSSSSSX@@8@[0;1;30;90;40m8@X[0;31;40mX[0;1;31;91;41mS[0;31;5;41;101m8[0;33;41m8[0;1;30;90;43m@@[0;1;33;93;43mSSSt[0;1;30;90;43mS[0;31;40mt[0;34;40m..[0;31;40m [0m
[0;34;40m.;;[0;1;30;90;40m%[0;31;5;40;100mS[0;1;30;90;43m8[0;33;5;43;103mX[0;33;47m8[0;33;5;40;100mS[0;30;5;40;100m88@X@@@@88@@8[0;1;30;90;40m@XSS[0;1;30;90;41m%[0;31;5;41;101m88[0;33;41mS[0;1;30;90;43m8[0;1;33;93;43m%%S[0;1;30;90;43mX[0;31;40m8[0;34;40m... [0m
[0;34;40m.:;;[0;37;43mS[0;33;5;43;103mXX[0;1;30;90;43m8[0;30;5;40;100m8[0;1;30;90;40m8[0;30;5;40;100m88888[0;33;5;40;100mSSXX[0;30;5;40;100m8[0;1;30;90;40m8@@SS[0;34;40m;[0;31;40m@[0;1;31;91;41m8[0;33;41mS[0;31;43m8[0;1;30;90;41mX[0;1;30;90;43m%@[0;1;33;93;43m%%t[0;31;40m.[0;34;40m.  [0m
 [0;34;40m::;[0;33;5;40;100m8[0;37;43mS[0;1;33;93;43mX[0;1;30;90;43m8[0;30;5;40;100m@[0;33;5;40;100mX[0;30;5;40;100m8[0;1;30;90;40m8[0;30;5;40;100m@[0;33;5;40;100mX[0;37;43m@[0;37;5;43;103m8@@[0;33;5;40;100mX[0;1;30;90;40m@XX@%[0;34;40m;;[0;30;41mS[0;31;5;41;101m8[0;1;31;91;41m8;[0;31;43m8[0;1;30;90;43mSX[0;1;33;93;43m%[0;1;30;90;43m@[0;31;5;40;100mX[0;34;40m.. [0m 
 [0;34;40m.::;[0;31;40m;[0;1;30;90;43m8[0;1;33;93;43mXX[0;1;30;90;43m8[0;33;5;40;100m8[0;1;30;90;43m8[0;33;5;43;103mXXXXX[0;1;33;93;43mX[0;1;30;90;40m8SSS@[0;34;40m;;:[0;31;40m:[0;1;31;91;41mSX[0;33;41m%[0;1;30;90;41mS[0;1;30;90;43m%[0;1;33;93;43mt[0;1;30;90;43mS[0;31;40m:[0;34;40m..  [0m 
  [0;34;40m:::[0;1;30;90;40m8[0;1;33;93;43mXXXXXXXXXXX[0;37;43mX[0;1;30;90;40mX[0;34;40m;;;[0;1;30;90;40m8[0;34;40m::::[0;30;41mS[0;1;31;91;41mS[0;1;30;90;41m@[0;1;30;90;43mS@[0;1;33;93;43m%%[0;31;40m8[0;34;40m.  [0m  
  [0;34;40m.::[0;31;40m:[0;1;30;90;43mX8[0;1;33;93;43mSSXXXXXXX[0;1;30;90;43m8[0;34;40m;;::[0;1;30;90;40m8[0;34;40m:::.[0;31;40mS[0;33;41mt[0;31;43mX[0;1;33;93;43m%t[0;1;30;90;43mX%[0;31;40m.[0;34;40m   [0m  
   [0;34;40m..:::[0;31;40mX[0;1;33;93;43m%SSSSSSS[0;33;5;40;100m8[0;34;40m:::;;:...[0;1;30;90;40m@[0;1;30;90;43m8[0;1;33;93;43m%[0;1;30;90;43m@[0;31;40mS[0;34;40m..   [0m   
    [0;34;40m....[0;31;40m@[0;1;33;93;43mSSSSSSS[0;33;5;40;100m8[0;34;40m::::..:[0;31;40m%[0;33;5;40;100m8[0;1;30;90;43m8[0;1;33;93;43m%%%t[0;31;40m@[0;34;40m    [0m    
     [0;34;40m ...[0;31;40mS[0;1;30;90;43mSSS[0;1;33;93;43mSSS[0;1;30;90;43m8[0;33;5;40;100m888[0;1;30;90;43m@@88[0;1;33;93;43m%%%[0;1;30;90;43mS%%[0;31;40m%[0;34;40m    [0m     
       [0;34;40m.....[0;31;5;40;100mS[0;1;33;93;43m%%%%%%%%%%%%%%[0;31;5;40;100mS[0;34;40m.    [0m       
        [0;34;40m ...[0;31;40m.[0;31;5;40;100mS[0;1;30;90;43mXXSX[0;1;33;93;43m%%%%[0;1;30;90;43mXSSS[0;31;5;40;100mS[0;31;40m.[0;34;40m    [0m        
          [0;34;40m ......[0;1;30;90;43mS[0;1;33;93;43m%%tt[0;1;30;90;43mS[0;34;40m       [0m          
             [0;34;40m    [0;31;40m:[0;33;5;40;100m8[0;1;30;90;43m%%t[0;31;40m:[0;34;40m    [0m             
               [0;34;40m          [0m               
                  [0;34;40m    [0m                  
