              [0;30;44m8t[0;1;30;90;44m;[0;1;34;94;44m;%SS%;[0;1;30;90;44m:[0;30;44mt8[0m              
          [0;30;44m8[0;1;30;90;44m;[0;1;34;94;44m888[0;34;5;44;104m88[0;1;34;94;44m%8[0;34;5;44;104m88888888[0;1;34;94;44m@[0;1;30;90;44m.[0;30;44m8[0m          
        [0;1;30;90;44mt[0;1;34;94;44m8[0;34;5;44;104m8[0;1;34;94;44m8[0;33;5;40;100m;[0;33;5;43;103mS@[0;1;30;90;44m8[0;33;5;40;100m [0;34;5;40;100mX[0;34;5;44;104m88888888888[0;1;34;94;44m88[0;1;30;90;44m.[0m        
      [0;1;30;90;44mt[0;34;5;44;104m8888[0;35;5;40;100m [0;33;5;43;103m::[0;1;33;93;43m8[0;33;5;40;100mt[0;35;5;40;100m:[0;34;5;44;104m8888[0;1;34;94;44m8@[0;34;5;44;104m8888888[0;1;34;94;44m888[0;1;30;90;44mX[0m      
    [0;34;40m8[0;1;34;94;44m8[0;34;5;44;104m888@@[0;33;5;40;100m;[0;33;47m8[0;37;5;40;100mX[0;1;33;93;43m@[0;37;5;40;100m@[0;35;5;40;100mt[0;34;5;44;104m8[0;35;5;40;100m:[0;33;5;40;100m.[0;33;5;43;103mX[0;1;30;90;43m8[0;1;33;93;43m8[0;35;5;40;100m [0;1;34;94;44mS[0;34;5;44;104m888888[0;1;34;94;44m8[0;1;30;90;47m8[0;37;5;47;107m@8[0;36;5;40;100m [0m    
   [0;30;44mS[0;34;5;44;104m8888@8[0;35;5;40;100mS [0;37;5;40;100mS[0;33;47m8[0;35;5;40;100m%[0;34;5;44;104mX[0;1;34;94;44m8[0;33;5;43;103m@%[0;37;43m@[0;33;5;43;103mS[0;1;33;93;43m8[0;33;5;43;103mXX[0;35;5;40;100m [0;1;34;94;44m8[0;34;5;44;104m88[0;1;34;94;44m8@[0;36;5;40;100mt[0;1;37;97;47mS[0;37;5;47;107m%%SS[0;37;5;40;100m8[0m   
  [0;30;44mS[0;34;5;44;104m8888@@[0;34;5;40;100mS[0;33;5;40;100m [0;37;43mX[0;37;5;43;103mX[0;1;30;90;47m8[0;35;5;44;104m8[0;34;5;44;104m@[0;35;5;40;100mt [0;33;5;40;100m [0;35;5;40;100m [0;1;30;90;43m8[0;33;5;43;103m%[0;1;33;93;43m8[0;33;5;43;103m;[0;37;43mX[0;34;5;44;104m88[0;1;34;94;44mX[0;1;30;90;43m8[0;1;33;93;43m@[0;33;47mX[0;1;37;97;47mt[0;1;30;90;47m:[0;1;37;97;47m%[0;37;5;47;107m%SS[0;37;5;40;100m@[0m  
  [0;34;5;44;104m8888@@X@[0;1;30;90;47mX[0;37;43m8[0;33;47m8[0;37;5;43;103m@8[0;1;30;90;47mX[0;35;5;40;100m ;:[0;37;5;40;100m88[0;37;43m8[0;33;5;43;103m:X[0;1;30;90;43m8[0;1;34;94;44mX[0;34;5;44;104m8[0;1;30;90;47m@[0;37;5;47;107m8X@[0;1;37;97;47mS[0;33;47m8[0;1;37;97;47m8[0;37;5;47;107m%SSX[0;36;5;40;100m;[0m 
 [0;1;34;94;44mS[0;34;5;44;104m8888@@8[0;33;47m8[0;1;30;90;47m8[0;34;5;44;104mX[0;36;5;44;104mX[0;33;47m@[0;37;5;43;103m88@@@XS[0;33;5;43;103m8:%[0;1;30;90;43m8[0;36;5;40;100m [0;37;5;47;107m8t[0;1;37;97;47m8[0;33;47m@[0;1;33;93;47m%[0;1;37;97;47m8[0;37;5;47;107m%%%SSS[0;1;37;97;47mX[0m 
[0;34;40m8[0;34;5;44;104m88888@[0;1;34;94;44m8[0;33;47m8[0;37;5;40;100m%[0;34;5;44;104mXX[0;36;5;44;104mX8[0;37;5;40;100m%[0;33;47m88[0;37;5;43;103m@XS[0;33;5;43;103mX;SS[0;33;47mX[0;37;5;47;107m8;[0;1;33;93;47mS[0;33;47m%[0;1;37;97;47m8[0;37;5;47;107m@t%%%SSSX[0;36;5;40;100m:[0m
[0;30;44m;[0;34;5;44;104m88888[0;1;34;94;44m8[0;1;30;90;43m8[0;35;5;40;100m.[0;34;5;44;104mXXX8[0;35;5;40;100m;[0;35;5;44;104m8[0;37;5;40;100m@[0;33;47m8[0;37;5;43;103mX@[0;33;5;43;103mX%%S@[0;1;30;90;47m [0;37;5;47;107m;;[0;1;30;90;43m8[0;33;47m8[0;1;37;97;47m8[0;37;5;47;107mtt%%%SSXX[0;1;30;90;47m@[0m
[0;1;30;90;44m:[0;34;5;44;104m888888@@@@[0;35;5;40;100m:[0;37;5;40;100m8[0;33;5;43;103m8[0;33;47m88[0;37;5;43;103mXS[0;37;43mX[0;33;5;43;103m;8@X[0;1;33;93;43m@[0;1;33;93;47m@[0;37;5;47;107m;t[0;33;47m8[0;37;43mX[0;1;37;97;47mS[0;37;5;47;107m@t%%SSSXX[0;1;30;90;47m.[0m
[0;36;44m.[0;34;5;44;104m8888888@@8[0;1;34;94;44m8[0;35;5;40;100m [0;1;30;90;47mS[0;37;5;40;100m8[0;33;47m8[0;1;30;90;47m8[0;37;5;40;100mXX[0;1;37;97;47m;[0;37;5;43;103m@[0;1;33;93;43m8[0;33;5;43;103m;[0;1;33;93;43m@[0;1;33;93;47m8[0;37;5;47;107mtt8[0;1;33;93;43m@[0;33;47m8[0;37;5;47;107m@%%%SSSXX[0;1;30;90;47m.[0m
[0;30;44m;[0;34;5;44;104m888888888@@@@@@@[0;1;30;90;47m8[0;37;5;47;107m%:S[0;37;5;43;103m8[0;33;5;43;103mX%[0;1;33;93;47m8[0;37;5;47;107mttt[0;1;37;97;47m@[0;33;47m8[0;37;5;47;107m%%%SSSXX@[0;1;30;90;47m@[0m
[0;34;40m8[0;34;5;44;104m88888888888888[0;35;5;40;100m;[0;1;30;90;47m [0;1;33;93;47m@[0;37;5;43;103m8[0;1;33;93;47m8[0;37;5;43;103m@[0;1;33;93;43m@[0;33;5;43;103m@t[0;1;33;93;43mS[0;1;30;90;43m8[0;1;37;97;47m8[0;37;5;47;107mtt[0;1;30;90;43m8[0;37;5;47;107m%%%SSXXX@[0;36;5;40;100m:[0m
 [0;1;34;94;44m%[0;34;5;44;104m888888888[0;1;34;94;44mX[0;1;30;90;44m8[0;35;5;40;100m;[0;1;30;90;47m8[0;1;33;93;43mX[0;33;5;43;103mt[0;1;33;93;43mX[0;33;5;43;103m%8S[0;1;33;93;43mX@[0;33;5;43;103mS;[0;1;33;93;47m@[0;37;43m8[0;37;5;47;107m%[0;1;30;90;47m [0;1;37;97;47mX[0;37;5;47;107m%%SSSXX@[0;1;37;97;47mS[0m 
  [0;1;34;94;44m8[0;34;5;44;104m888888888[0;1;30;90;47m8[0;37;5;47;107mS@[0;33;5;43;103m8[0;1;33;93;43m8[0;33;5;43;103mX[0;1;37;97;47m@[0;37;5;47;107mt[0;1;37;97;47m8[0;33;5;43;103mX[0;1;33;93;43m8[0;33;5;43;103m;[0;1;33;93;43mX[0;1;37;97;47mX8[0;1;30;90;47m.[0;1;37;97;47m8[0;37;5;47;107m%SSSSXX@@[0;36;5;40;100m;[0m 
  [0;30;44mX[0;1;34;94;44m88[0;34;5;44;104m88888[0;36;5;40;100m;[0;1;37;97;47m@[0;37;5;47;107mttt%[0;33;5;43;103m@[0;1;33;93;43mX[0;33;5;43;103mS[0;1;37;97;47m8[0;37;5;47;107mt[0;33;5;43;103m@;[0;1;33;93;43mS[0;33;5;43;103m;[0;1;33;93;47m8[0;37;5;47;107m%%%SSSXXX@@[0;37;5;40;100m@[0m  
   [0;30;44mS[0;1;34;94;44m88888[0;1;37;97;47m 8[0;1;30;90;47m.[0;1;33;93;47mX[0;1;37;97;47m8[0;1;33;93;47mS[0;1;33;93;43m@[0;33;5;43;103m8S[0;1;37;97;47m8[0;37;5;47;107mt[0;1;30;90;47m [0;1;37;97;47m@[0;1;33;93;47mX[0;33;5;43;103mS%[0;1;33;93;43mS[0;1;37;97;47mS[0;37;5;47;107mSSSSXXX@@[0;37;5;40;100m8[0m   
    [0;34;40m8[0;1;34;94;44m@8[0;1;30;90;47m8[0;37;5;47;107m@@[0;1;30;90;47m;[0;37;43mS[0;33;5;43;103mX[0;1;33;93;43mX@[0;1;33;93;47m8[0;1;37;97;47m@8[0;37;5;47;107m%%@%8[0;1;33;93;43m8@[0;33;5;43;103m@[0;1;37;97;47m8[0;37;5;47;107mSSXXX@@[0;1;37;97;47m8[0;36;5;40;100m [0m    
      [0;37;5;40;100m@[0;37;5;47;107mSS%X[0;1;37;97;47mX8[0;37;5;47;107m%%%%%%[0;1;37;97;47m8X8[0;33;47mX[0;33;5;43;103m@8[0;33;47m@[0;37;5;47;107mXXXX@@@[0;1;30;90;47m%[0m      
        [0;1;30;90;47m%[0;37;5;47;107mXSSSSSSSSX[0;1;30;90;47m.[0;1;30;90;43m8[0;33;5;43;103m@@[0;33;47m@[0;37;5;47;107m8XXX@@8[0;1;30;90;47mS[0m        
          [0;36;5;40;100m [0;1;30;90;47m:[0;37;5;47;107m8XXXXXX[0;1;37;97;47m8t[0;37;5;47;107m8[0;1;37;97;47mt[0;37;5;47;107m@X@@8[0;1;30;90;47m:[0;36;5;40;100m [0m          
              [0;36;5;40;100m [0;37;5;40;100m8[0;1;30;90;47mt[0;1;37;97;47m.tS%t [0;1;30;90;47m%[0;37;5;40;100m8[0;36;5;40;100m [0m              
