[0;1;30;90;47mt[0;1;37;97;47m@@@888.[0;32;5;40;100m@[0;1;30;90;42m;;;tttttt;;;;::::[0;30;42m;;;;;;;tttttt@[0m
[0;1;37;97;47m:[0;37;5;47;107m%tttttt%[0;1;30;90;47mX[0;1;30;90;42m@%%%%%%%%%ttt;;:::::::....[0;30;42m..:S[0m
[0;1;37;97;47m;[0;37;5;47;107mtttSStt;;@[0;1;30;90;47m8[0;1;30;90;42mXXXXXSSS%%%tt;;::::::....[0;30;42m..S[0m
[0;1;37;97;47m;[0;37;5;47;107mttt%[0;33;5;40;100m  [0;1;30;90;47m%[0;1;37;97;47m8[0;37;5;47;107m;;:[0;1;37;97;47mX[0;36;5;40;100m.[0;1;30;90;42m@@@@@XXSS%tt;;::::::...[0;30;42m..S[0m
[0;37;5;40;100m%[0;37;5;47;107mStttX[0;32;5;40;100mS[0;1;30;90;42m@8[0;37;5;40;100m%[0;1;37;97;47m [0;37;5;47;107mX::[0;1;37;97;47m [0;32;5;40;100mX[0;1;30;90;42m8888@XXS%%t;;:::::....[0;30;42m.S[0m
[0;30;42mt[0;1;30;90;42m8[0;1;37;97;47m [0;37;5;47;107mt;;[0;1;37;97;47m8[0;1;30;90;42m8[0;1;30;90;47m@[0;37;5;40;100m%[0;37;5;47;107m8..  ;[0;1;30;90;47m8[0;1;30;90;42m88888@XS%%t;;:::::...[0;30;42m.S[0m
[0;30;42mt[0;1;30;90;42mt%[0;36;5;40;100m:[0;1;37;97;47m8[0;37;5;47;107m;:[0;1;37;97;47mt[0;37;5;47;107m@%[0;1;30;90;47m8@[0;37;5;47;107mt    8[0;1;30;90;47m8[0;1;30;90;42m8888@XS%tt;:::::....[0;30;42mS[0m
[0;30;42mt[0;1;30;90;42mt%S@[0;1;30;90;47m8[0;37;5;47;107m%:.  8[0;1;30;90;47m8[0;1;37;97;47m:[0;37;5;47;107m.    [0;1;37;97;47mt[0;36;5;40;100mt[0;1;30;90;42m88@XS%%t;;::::....[0;30;42mS[0m
[0;30;42mt[0;1;30;90;42mt%SX@8[0;1;37;97;47m [0;37;5;47;107m.    [0;1;37;97;47mt[0;1;30;90;47m8[0;37;5;47;107m8    ;[0;1;30;90;47mX[0;1;30;90;42m8@XSS%t;;::::....[0;30;42mS[0m
[0;30;42mt[0;1;30;90;42mt%SX@88[0;36;5;40;100m [0;37;5;47;107m8    ;[0;1;30;90;47mt@[0;37;5;47;107m%  ..8[0;37;5;40;100m;[0;1;30;90;42mXS%%t;;::::....[0;30;42mS[0m
[0;30;42mt[0;1;30;90;42mt%SX@@888[0;1;30;90;47m8[0;37;5;47;107mt    @[0;1;30;90;47m8[0;1;37;97;47m [0;37;5;47;107m:.:::[0;1;37;97;47m;[0;32;5;40;100m@[0;1;30;90;42m%tt;:::::....[0;30;42mS[0m
[0;30;42mS[0;1;30;90;42mtt%SX@8888[0;32;5;40;100mS[0;1;37;97;47m [0;37;5;47;107m.    [0;1;37;97;47mt[0;37;5;40;100mt[0;1;37;97;47mS[0;37;5;47;107m::;;%[0;1;30;90;47m8[0;1;30;90;42mS;;:::::....[0;30;42m@[0m
[0;32;40m8[0;1;30;90;42m;t%%SX@@8888[0;36;5;40;100m.[0;1;37;97;47mX[0;37;5;47;107m...:t[0;1;30;90;47m8[0;33;5;40;100m.[0;37;5;40;100mtS[0;1;30;90;47mX[0;37;5;47;107m%t8[0;36;5;40;100m [0;1;30;90;42m;::::....[0;30;42m.[0;32;40m8[0m
 [0;1;30;90;42m;;t%%SSX@@@888[0;1;30;90;47m8[0;37;5;47;107m@::;X[0;1;30;90;42m@@@S8[0;1;37;97;47m [0;37;5;47;107mtt[0;1;37;97;47m;[0;1;30;90;42m8:::....[0;30;42m.[0m 
 [0;30;42mS[0;1;30;90;42m;;tt%%SSXXXXXX8[0;1;30;90;47mX[0;37;5;47;107mt;;[0;37;5;40;100mS[0;1;30;90;42mSXSSt[0;33;5;40;100m:[0;1;37;97;47m@[0;37;5;47;107m%S[0;1;30;90;47m@[0;1;30;90;42m%....[0;30;42m.S[0m 
  [0;1;30;90;42m::;;tt%%%%SSSSSS8[0;1;37;97;47m:[0;37;5;47;107mtt[0;1;37;97;47m%[0;32;5;40;100mS[0;1;30;90;42m%%%tt[0;1;30;90;47m8[0;37;5;47;107m@S8[0;36;5;40;100m [0;1;30;90;42m..[0;30;42m.:[0m  
  [0;32;40m8[0;1;30;90;42m:::;;;ttttttttttt[0;36;5;40;100m.[0;1;37;97;47m8[0;37;5;47;107mt%[0;1;30;90;47mS[0;1;30;90;42mXtt[0;32;5;40;100m8[0;33;5;40;100m: [0;1;37;97;47mS[0;37;5;47;107mSX[0;1;37;97;47m:[0;1;30;90;42m8[0;30;42m.[0;32;40m8[0m  
   [0;30;42m8[0;1;30;90;42m:::::;;;;;;;;;;;;t[0;1;30;90;47m8[0;37;5;47;107mX%@[0;37;5;40;100m%[0;1;30;90;42m;[0;1;30;90;47m;[0;37;5;47;107mSSSXXX@[0;36;5;40;100mt[0m   
    [0;30;42m8[0;1;30;90;42m::::::::::::::::::@[0;1;37;97;47m [0;37;5;47;107m%S[0;1;37;97;47m% [0;37;5;47;107mSXXX@@[0;37;5;40;100m8[0m    
     [0;32;40mX[0;1;30;90;42m::::::::::::::::::.[0;32;5;40;100m%[0;1;37;97;47m%[0;37;5;47;107mSXXXX@[0;1;37;97;47m8[0;36;5;40;100m.[0m     
       [0;30;42mS[0;1;30;90;42m.:::::::::::......:[0;37;5;40;100m;[0;37;5;47;107m8X@@[0;1;30;90;47m.[0m       
        [0;32;40mX[0;30;42m;[0;1;30;90;42m................[0;30;42m..[0;1;30;90;42m%[0;1;30;90;47m@[0;1;37;97;47mS[0;36;5;40;100m.[0m        
          [0;32;40m@[0;30;42mt[0;1;30;90;42m..........[0;30;42m.....:t[0;32;40m@[0m          
             [0;30;42mS.........:::X[0m             
               [0;32;40m8[0;30;42m%::::::%[0;32;40m8[0m               
                  [0;32;40m@[0;30;42mXX[0;32;40m8[0m                  
