[0;1;30;90;41m8[0;33;41m88888888[0;31;43m8[0;1;30;90;43mSXXX[0;33;5;40;100m88[0;1;30;90;43mXXS[0;31;43m8[0;33;41m888888888888888[0;1;30;90;41m8888[0;30;41m@[0m
[0;1;30;90;41m8[0;31;43m8888[0;1;30;90;43mXX@@@888888888@@@XXX[0;31;43m8888888888[0;33;41m8888[0;1;30;90;41m8[0m
[0;1;30;90;41m8[0;31;43m88[0;1;30;90;43mXX@@888888888888888@@XX[0;31;43m8888888888[0;33;41m888[0;1;30;90;41m8[0m
[0;1;30;90;41m8[0;31;43m8[0;1;30;90;43mXX@88888888888888[0;1;33;93;43mS[0;1;30;90;43m@888@@XX[0;31;43m88888888[0;33;41m888[0;1;30;90;41m8[0m
[0;1;30;90;41m8[0;1;30;90;43mX@@88888888888888[0;1;33;93;43m8[0;33;5;43;103mSX[0;1;33;93;43m8[0;1;30;90;43m888@@XX[0;31;43m88888888[0;33;41m88[0;1;30;90;41m8[0m
[0;1;30;90;41m8[0;1;30;90;43mX@888888888888888[0;33;5;43;103m@;X8[0;1;30;90;43m8888@@X[0;31;43m888888888[0;33;41m8[0;1;30;90;41m8[0m
[0;1;30;90;41m8[0;1;30;90;43m@88888[0;33;5;43;103mX[0;37;43mSX[0;1;30;90;43m88888888[0;37;5;43;103mXS[0;33;5;43;103mSX[0;1;30;90;43m88888@XX;t[0;33;5;43;103m8[0;31;43m88888[0;33;41m8[0;1;30;90;41m8[0m
[0;1;30;90;41m8[0;1;30;90;43m@88888[0;33;5;43;103mSS[0;37;5;43;103m.[0;37;43mX[0;1;30;90;43m8[0;33;5;40;100m;:::;[0;1;30;90;43m8[0;37;5;43;103m@X[0;33;5;43;103mS@[0;1;30;90;43m88888@Xt[0;33;5;43;103m;88[0;1;30;90;43mt[0;31;43m8888[0;33;41m8[0;1;30;90;41m8[0m
[0;1;30;90;41m8[0;1;30;90;43m@88888[0;1;33;93;43m@[0;37;5;43;103mS[0;33;5;43;103m@[0;37;5;43;103m:@[0;33;5;40;100m;. .:[0;1;30;90;43m8[0;37;5;43;103m@X[0;33;5;43;103mS8[0;1;30;90;43m88888@[0;1;33;93;43m@[0;33;5;43;103m;[0;1;33;93;43m8[0;33;5;43;103mS[0;1;33;93;43mS[0;31;43m88888[0;33;41m8[0;1;30;90;41m8[0m
[0;1;30;90;41m8[0;1;30;90;43m@888888[0;33;5;43;103m8[0;37;5;43;103mt[0;33;5;43;103m8[0;37;5;43;103m:8[0;33;5;40;100m:.::[0;1;30;90;43m8[0;37;5;43;103m@X[0;33;5;43;103mXX[0;1;30;90;43m88888%[0;33;5;43;103m;[0;1;33;93;43m@[0;33;5;43;103m%[0;1;33;93;43m8[0;1;30;90;43m%[0;31;43m88888[0;33;41m8[0;1;30;90;41m8[0m
[0;1;30;90;41m8[0;1;30;90;43m@8888888[0;33;5;43;103m@[0;37;5;43;103m%[0;33;5;43;103m8[0;37;5;43;103m:[0;1;33;93;43m8[0;33;5;40;100m;[0;1;30;90;43m888[0;37;5;43;103mX[0;33;5;43;103mSXX[0;1;30;90;43m8888S[0;33;5;43;103mt[0;1;33;93;43m8[0;33;5;43;103mS[0;1;33;93;43m8[0;1;30;90;43m%[0;31;43m888888[0;33;41m8[0;1;30;90;41m8[0m
[0;1;30;90;41m8[0;1;30;90;43m@@8888888[0;33;5;43;103m@[0;37;5;43;103mS[0;1;33;93;43m8[0;37;5;43;103mt[0;1;33;93;43m8[0;33;5;40;100m%[0;1;30;90;43m88[0;33;5;43;103mSX@X[0;1;30;90;43m888[0;1;33;93;43mS[0;33;5;43;103m%[0;1;33;93;43mX[0;33;5;43;103mX8[0;1;30;90;43m%[0;31;43m8888888[0;33;41m8[0;1;30;90;41m8[0m
[0;31;40m8[0;1;30;90;43mX@@8888888[0;33;5;43;103m@[0;37;5;43;103mS[0;33;5;43;103m8%[0;1;33;93;43m8[0;1;30;90;43m8888[0;1;33;93;43mS[0;1;30;90;43m888[0;1;33;93;43mS[0;33;5;43;103mX[0;1;33;93;43m8[0;33;5;43;103mS8[0;1;30;90;43m%[0;31;43m8888888[0;33;41m88[0;31;40m8[0m
 [0;1;30;90;43mXX@@8888888[0;33;5;43;103m@%[0;1;33;93;43m8[0;33;5;43;103m@[0;1;30;90;43m88888888[0;33;5;43;103m8[0;1;33;93;43m@[0;33;5;43;103mX8[0;1;30;90;43m%[0;31;43m88888888[0;33;41m88[0m 
 [0;1;30;90;41m8[0;1;30;90;43mXX@@88X[0;33;5;43;103m8[0;1;33;93;43mX[0;1;30;90;43m8888@888@X88@t%%S%[0;1;33;93;43mX[0;33;5;43;103mS@[0;1;30;90;43m;[0;31;43m888[0;33;41m88[0;1;30;90;41m8[0m 
  [0;31;43m88[0;1;30;90;43mXX@S[0;33;5;43;103m%X;;[0;1;33;93;43m8[0;1;30;90;43m88@[0;1;33;93;43m%[0;1;30;90;43m88XS@@%%[0;31;43m8[0;1;30;90;43mS[0;1;33;93;43mX[0;33;5;43;103m%%@88[0;31;43m88[0;33;41m888[0m  
  [0;31;40m8[0;31;43m888[0;1;30;90;43mXX[0;33;5;43;103mSS[0;1;30;90;43mS[0;1;33;93;43mS[0;33;5;43;103mSS[0;1;30;90;43mS@[0;1;33;93;43m%[0;1;30;90;43mS@%%XS[0;1;33;93;43mS[0;31;43m8[0;1;30;90;43mt[0;33;5;43;103m@@[0;1;30;90;43m;[0;31;43m8[0;33;5;43;103mXX[0;1;30;90;43mt[0;31;43m8[0;33;41m888[0;31;40m8[0m  
   [0;30;41m8[0;31;43m8888[0;1;30;90;43m%[0;33;5;43;103m%[0;1;30;90;43mtXS[0;1;33;93;43m@[0;33;5;43;103mS[0;1;33;93;43m@[0;1;30;90;43mS[0;1;33;93;43m8[0;1;30;90;43mSttS[0;1;33;93;43m8[0;1;30;90;43m%[0;1;33;93;43mX[0;33;5;43;103mX[0;1;33;93;43m%[0;1;30;90;43m%[0;31;43m8[0;1;30;90;43mt[0;33;5;43;103m%[0;1;30;90;43m;[0;31;43m8[0;33;41m888[0;30;41m8[0m   
    [0;30;41m8[0;31;43m8888[0;1;30;90;43m%[0;33;5;43;103m@[0;1;30;90;43mS[0;31;43m88[0;1;30;90;43m%[0;33;5;43;103m8[0;1;33;93;43m@[0;1;30;90;43m%[0;1;33;93;43m%[0;1;30;90;43mtt;t[0;1;33;93;43m8[0;33;5;43;103mX[0;1;30;90;43mt[0;31;43m888[0;1;30;90;43m:t[0;33;41m8888[0;30;41m8[0m    
     [0;31;40mX[0;31;43m8888[0;1;30;90;43m%[0;1;33;93;43m%[0;31;43m888[0;1;30;90;43m%[0;1;33;93;43mXSS[0;1;30;90;43m;;[0;1;33;93;43mS@[0;33;5;43;103m@[0;1;30;90;43m%[0;31;43m88888[0;33;41m8888[0;31;40mX[0m     
       [0;1;30;90;41m8[0;31;43m8888[0;1;30;90;43mt[0;31;43m8888[0;1;30;90;43m;:[0;33;5;43;103m88[0;1;33;93;43mS[0;33;5;43;103m8[0;1;30;90;43m%[0;31;43m888[0;33;41m88888[0;1;30;90;41m8[0m       
        [0;31;40mX[0;33;41m8[0;31;43m888[0;33;41m8[0;31;43m8888[0;1;30;90;43m;[0;1;33;93;43m88%[0;31;43m88[0;33;41m8888888[0;31;40mX[0m        
          [0;31;40m@[0;33;41m88[0;31;43m8888[0;33;41m88[0;1;30;90;43m..[0;33;41m88888888[0;31;40m@[0m          
             [0;1;30;90;41m8[0;33;41m88888[0;31;43m88[0;33;41m88888[0;1;30;90;41m8[0m             
               [0;31;40m8[0;1;30;90;41m8[0;33;41m888888[0;1;30;90;41m8[0;31;40m8[0m               
                  [0;31;40m@[0;1;30;90;41m88[0;31;40m8[0m                  
