[0;1;30;90;44m.[0;1;34;94;44mSSSSSSSSXXXXXXXXXXXXSSSSSSSSS%%%%%%ttt[0;30;44m:[0m
[0;1;34;94;44m;8[0;34;5;44;104m8888888888888888888888888[0;1;34;94;44m8888888888@@.[0m
[0;1;30;90;44m8[0;1;34;94;44m@[0;34;5;44;104m888[0;1;34;94;44m@[0;1;30;90;44m88[0;1;34;94;44m8[0;34;5;44;104m888[0;1;34;94;44m8[0;35;5;40;100m88[0;1;34;94;44m8[0;34;5;44;104m888[0;1;34;94;44m@[0;34;5;40;100m8[0;1;30;90;44m8[0;1;34;94;44m8[0;34;5;44;104m888[0;1;34;94;44mX[0;1;30;90;44m@[0;35;44m@[0;1;34;94;44m8888S[0;1;30;90;44mX[0;35;44mX[0;1;34;94;44mX8@:[0m
[0;1;30;90;41m8[0;1;30;90;43m@[0;35;5;40;100mX@S[0;1;30;90;43m8888[0;35;5;40;100mtS;[0;1;30;90;43m888[0;33;5;40;100m@[0;35;5;40;100mt%;[0;1;30;90;43m888[0;33;5;40;100m8[0;35;5;40;100mSXS[0;1;30;90;43mXX[0;31;43m8[0;33;5;40;100m8[0;35;5;40;100m@8[0;31;5;40;100mS[0;31;43m888[0;1;30;90;41mX[0;35;5;40;100m88[0;31;5;40;100m8[0m
[0;1;30;90;41m8[0;1;30;90;43mX@@888888888888888888888@@XX[0;31;43m88888888[0;33;41m88[0;1;30;90;41m8[0m
[0;1;30;90;41m8[0;1;30;90;43mX@8888888888[0;33;5;40;100m%[0;1;30;90;43m888888888888@8@[0;31;43m888888888[0;33;41m8[0;1;30;90;41m8[0m
[0;1;34;94;44m;[0;35;44m@[0;35;5;40;100mX%S[0;35;44m8[0;34;5;44;104m88[0;35;5;40;100mX: .t[0;34;5;44;104mXX[0;35;5;40;100m;  .[0;1;30;90;45m8[0;34;5;44;104m@8[0;35;5;40;100m@%tX[0;35;44mX[0;34;5;44;104m8[0;1;34;94;44m8[0;35;44m@[0;35;5;40;100m@X8[0;35;44m%[0;1;34;94;44m88[0;1;30;90;44mS[0;35;5;40;100m8[0;31;5;40;100mS[0;34;5;40;100mX[0m
[0;1;34;94;44m;[0;34;5;44;104m88888@@XXXXS[0;36;5;44;104mXXX[0;34;5;44;104mSXXXX@@888888888[0;1;34;94;44m8888888:[0m
[0;1;34;94;44m;[0;34;5;44;104m88888@@XXXX[0;36;5;44;104mXXXXX[0;34;5;44;104mSXXX@@@88888888[0;1;34;94;44m8888888:[0m
[0;35;5;40;100m88[0;1;34;94;44m8[0;34;5;44;104m8[0;1;34;94;44m8[0;35;5;40;100mS;:t[0;34;5;44;104m@X[0;35;5;44;104m8[0;35;5;40;100m [0;37;5;40;100m88[0;35;5;40;100m [0;35;5;44;104m@[0;34;5;44;104mX[0;35;5;44;104m8[0;35;5;40;100m.[0;1;30;90;47mt[0;1;37;97;47m. [0;1;30;90;47mS88[0;35;5;40;100m@SX[0;1;30;90;44m8[0;1;34;94;44m8[0;34;5;44;104m8[0;1;34;94;44mX[0;35;5;40;100m8@8[0;1;30;90;44mX[0;1;34;94;44m@8[0;1;30;90;44m:[0m
[0;1;30;90;41m8[0;1;30;90;43m@8[0;33;5;40;100m8[0;1;30;90;43m888888[0;33;5;40;100mt[0;1;30;90;43m88[0;1;30;90;47m@[0;1;37;97;47m8[0;1;30;90;47m88[0;33;5;40;100m [0;1;30;90;47m8[0;1;37;97;47m8[0;37;5;47;107m.:::;;[0;1;37;97;47mX[0;1;30;90;43m8@XX@[0;31;43m88888[0;33;41m88[0;1;30;90;41m8[0m
[0;1;30;90;41m8[0;1;30;90;43m@@888888888[0;33;5;40;100m;[0;1;37;97;47mX[0;37;5;47;107m:  8%@:::;;;t[0;1;30;90;47m8[0;1;30;90;43mXX[0;31;43m88888888[0;33;41m8[0;1;30;90;41m8[0m
[0;1;30;90;40m@[0;33;5;40;100m8[0;1;30;90;43m@@8[0;33;5;40;100m%[0;35;5;40;100mS%[0;33;5;40;100m%[0;1;30;90;43m88[0;33;5;40;100mt[0;37;5;47;107m8.[0;1;37;97;47m.[0;37;5;47;107m8..St:;;;;tt[0;1;30;90;47m;[0;35;5;40;100m@[0;33;5;40;100m8[0;31;43m888[0;31;5;40;100m@[0;35;5;40;100m88[0;31;5;40;100m8[0;33;41m88[0;31;40m8[0m
 [0;1;34;94;44m8[0;35;44mX[0;1;30;90;44m8[0;35;44m@[0;34;5;44;104m8888[0;35;44m8[0;35;5;40;100m@X[0;1;37;97;47m:[0;37;5;47;107mt:::::;;;;;%[0;1;37;97;47m S[0;36;5;40;100m [0;1;30;90;44m8[0;1;34;94;44m8[0;35;44mX[0;1;30;90;44m@[0;35;44m%[0;1;34;94;44m888@[0;35;44mS[0;1;30;90;44mS[0m 
 [0;1;34;94;44m.[0;34;5;44;104m888888888888[0;1;30;90;47m8[0;37;5;47;107m@;;;;;t[0;1;37;97;47m%[0;1;30;90;47m8[0;1;34;94;44m88[0;36;5;40;100m:[0;1;30;90;44m8[0;36;5;40;100m%[0;1;34;94;44m888888888.[0m 
  [0;1;34;94;44m8[0;34;5;44;104m888[0;1;34;94;44m88[0;34;5;44;104m88888[0;1;34;94;44m8[0;37;5;40;100m:[0;1;37;97;47mt[0;36;5;40;100m;[0;1;30;90;47m888[0;1;37;97;47mS[0;35;5;40;100m.[0;34;5;44;104m888[0;1;34;94;44m8[0;1;30;90;44m8[0;35;5;40;100m:[0;1;34;94;44m888888@@8@[0m  
  [0;30;44m8[0;35;44m@[0;34;5;40;100m8[0;31;5;40;100mX[0;1;30;90;43mXX[0;35;5;40;100mS[0;34;5;40;100m8[0;35;44m8[0;35;5;40;100m8[0;33;5;40;100m%[0;1;30;90;43m@8[0;35;5;40;100m%8[0;35;44m8[0;35;5;40;100m8[0;1;30;90;47m8[0;33;5;40;100m%[0;1;30;90;43m@[0;35;5;40;100mX[0;1;30;90;44m8[0;35;44m@[0;35;5;40;100m8[0;33;5;40;100m8[0;31;43m88[0;35;5;40;100m@[0;1;30;90;44m@[0;35;44mX[0;34;5;40;100m8[0;31;5;40;100m8[0;33;41m88[0;35;5;40;100m8[0;30;44m8[0m  
   [0;30;41m8[0;31;43m888888[0;1;30;90;43mXXXXXXXXXX[0;31;43m8888888888888[0;33;41m888[0;30;41m8[0m   
    [0;30;41m8[0;31;43m88888888888888888888888888[0;33;41m8888[0;30;41m8[0m    
     [0;31;40mS[0;1;30;90;44mS[0;35;44mX[0;35;5;40;100m8[0;33;5;40;100m8[0;31;43m8[0;31;5;40;100m8[0;35;5;40;100m8[0;35;44mXX[0;35;5;40;100m8[0;33;5;40;100m8[0;31;43m8[0;31;5;40;100m8[0;35;5;40;100m8[0;35;44mXX[0;35;5;40;100m8[0;31;5;40;100m8[0;31;43m8[0;31;5;40;100m8[0;35;5;40;100m8[0;35;44mSX[0;35;5;40;100m8[0;1;30;90;41mX[0;33;41m8[0;31;5;40;100m8[0;34;5;40;100mX[0;34;40m%[0m     
       [0;1;34;94;44m:8888888888888888888888@@.[0m       
        [0;34;40m8[0;1;34;94;44mS888888888888888888@@%[0;30;44m8[0m        
          [0;30;44m8[0;1;34;94;44m%t[0;1;30;90;44mXX[0;1;34;94;44mS888[0;35;44mt[0;1;30;90;44mXX[0;1;34;94;44mS88@[0;35;44mt[0;1;30;90;44m@X[0;30;44m8[0m          
             [0;1;30;90;41m8[0;33;41m88[0;31;5;40;100mX[0;35;5;40;100m8[0;31;5;40;100m8[0;33;41m8888[0;31;5;40;100mX[0;35;5;40;100m8[0;31;5;40;100m8[0;1;30;90;41m8[0m             
               [0;31;40m8[0;1;30;90;41m8[0;33;41m888888[0;1;30;90;41m8[0;31;40m8[0m               
                  [0;31;40m@[0;1;30;90;41m88[0;31;40m8[0m                  
