[0;1;30;90;41m8[0;33;41m88888888[0;31;43m8[0;1;30;90;43mSXXX[0;33;5;40;100m88[0;1;30;90;43mXXS[0;31;43m8[0;33;41m888888888888888[0;1;30;90;41m8888[0;30;41m@[0m
[0;1;30;90;41m8[0;31;43m8888[0;1;30;90;43mXX@@@888888888@@@XXX[0;31;43m8888888888[0;33;41m8888[0;1;30;90;41m8[0m
[0;1;30;90;41m8[0;31;43m88[0;1;30;90;43mXX@@888888888888888@@XX[0;31;43m8888888888[0;33;41m888[0;1;30;90;41m8[0m
[0;1;30;90;41m8[0;31;43m8[0;1;30;90;43mXX88888[0;1;30;90;47m88[0;33;5;40;100m; [0;1;30;90;47m8[0;33;5;40;100mX[0;1;30;90;43m8[0;33;5;40;100mtt[0;1;30;90;43m88[0;33;5;40;100m:[0;1;30;90;47m%8[0;33;5;40;100m%;.[0;1;30;90;43m8X@@[0;31;43m88[0;1;30;90;43m8[0;33;5;40;100m  8St[0;1;30;90;43mX[0;1;30;90;41m8[0m
[0;1;30;90;41m8[0;1;30;90;43m8[0;33;5;40;100m; %[0;1;30;90;47m8..[0;37;5;47;107mS[0;1;37;97;47m;[0;33;5;40;100mS[0;1;30;90;43m88[0;33;5;40;100mS[0;1;30;90;47m88[0;33;5;40;100mS[0;1;30;90;47m8[0;1;37;97;47m%S[0;37;5;47;107mt[0;1;37;97;47mt[0;1;30;90;43m8888[0;33;5;40;100m;.X [0;1;30;90;47m.:[0;37;5;47;107mX[0;1;37;97;47m.[0;1;30;90;43m@[0;31;43m88[0;33;41m88[0;1;30;90;41m8[0m
[0;1;30;90;41m8[0;1;30;90;43mX@888[0;1;30;90;47m8XX[0;1;37;97;47m [0;1;30;90;47m@[0;1;30;90;43m8888888[0;1;30;90;47m8[0;37;5;40;100m8[0;33;5;40;100m [0;1;30;90;47m@8[0;1;30;90;43m888@@X8[0;33;5;40;100m ..[0;1;30;90;47m@[0;33;5;40;100m [0;31;43m888[0;33;41m8[0;1;30;90;41m8[0m
[0;1;30;90;41m8[0;1;30;90;43m@8888888888888888888888888@XX[0;31;43m88888888[0;33;41m8[0;1;30;90;41m8[0m
[0;1;30;90;41m8[0;1;30;90;43m@8888888888[0;33;5;40;100m;:::;[0;1;30;90;43m8888888888@@X[0;31;43m88888888[0;33;41m8[0;1;30;90;41m8[0m
[0;1;30;90;41m8[0;1;30;90;43m@8888888888[0;33;5;40;100m:. .:;[0;1;30;90;43m8888888[0;33;5;40;100m;8[0;1;30;90;43m8@X[0;31;43m8888888[0;1;30;90;43mXS[0;1;30;90;41m8[0m
[0;1;30;90;41m8[0;1;30;90;43m@8[0;33;5;40;100mS;[0;37;5;40;100m8[0;1;30;90;43m88[0;1;30;90;47m%[0;1;37;97;47mt[0;1;30;90;47mt8@%8S8%8[0;33;5;40;100m:[0;1;37;97;47m.X[0;1;30;90;47mX[0;33;5;40;100m;;S[0;1;30;90;43m8[0;33;5;40;100mS%.[0;1;30;90;43m8X[0;1;30;90;47m8.[0;37;5;40;100m8[0;33;5;40;100m@SS[0;31;43m8[0;1;30;90;41m8[0m
[0;1;30;90;41m8[0;1;30;90;43m8[0;33;5;40;100m:t[0;1;30;90;43m8[0;33;5;40;100m:[0;1;37;97;47m8[0;37;5;47;107m8t[0;1;37;97;47m%[0;37;5;40;100m8[0;1;30;90;43m88[0;33;5;40;100m:[0;1;30;90;47m8[0;33;5;40;100m:[0;1;30;90;43m8[0;33;5;40;100m [0;1;37;97;47m8[0;37;5;47;107m88[0;1;37;97;47m%[0;1;30;90;47m8[0;1;30;90;43m888[0;33;5;40;100m:X[0;1;30;90;43m@[0;33;5;40;100mX[0;1;37;97;47m@@[0;37;5;47;107m8[0;1;30;90;47m.[0;33;5;40;100mS[0;31;43m888[0;33;41m8[0;1;30;90;41m8[0m
[0;1;30;90;41m8[0;1;30;90;43m@@88888[0;33;5;40;100mS[0;1;30;90;47m8[0;37;5;40;100m8[0;1;30;90;43m8888888888[0;33;5;40;100m%[0;1;30;90;43m88888@XSX[0;31;43m88[0;33;5;40;100mS8[0;31;43m888[0;33;41m8[0;1;30;90;41m8[0m
[0;31;40m8[0;1;30;90;43mX@@8888888888888888888888@XX[0;31;43m88888888[0;33;41m88[0;31;40m8[0m
 [0;1;30;90;43mXX@@88888888888888888888@XX[0;31;43m888888888[0;33;41m88[0m 
 [0;1;30;90;41m8[0;1;30;90;43mXX@@88888888888[0;33;5;40;100m%:[0;37;5;40;100m8[0;33;5;40;100m8[0;1;30;90;43m88@@XX8[0;33;5;40;100mtX%;[0;1;30;90;43m@[0;31;43m888[0;33;41m88[0;1;30;90;41m8[0m 
  [0;31;43m88[0;1;30;90;43mXX@8[0;33;5;40;100mt t[0;1;30;90;47m8[0;33;5;40;100m t[0;1;37;97;47m;X[0;37;5;40;100m8[0;1;30;90;43m888[0;33;5;40;100m: %[0;37;5;40;100m8[0;1;30;90;47m8[0;37;5;40;100m8[0;1;37;97;47m@S[0;33;5;40;100mS[0;31;43m888888[0;33;41m888[0m  
  [0;31;40m8[0;31;43m888[0;1;30;90;43mX@8X@8[0;1;37;97;47m.t;.[0;37;5;40;100m@[0;1;30;90;43m@@@XXX8[0;1;30;90;47m%;%;[0;33;5;40;100m [0;31;43m88888[0;33;41m888[0;31;40m8[0m  
   [0;30;41m8[0;31;43m888888[0;1;30;90;43mXXXXXXXXXX[0;31;43m8888888888888[0;33;41m888[0;30;41m8[0m   
    [0;30;41m8[0;31;43m88888888888888888888888888[0;33;41m8888[0;30;41m8[0m    
     [0;31;40mX[0;31;43m88888888888888888888888[0;33;41m88888[0;31;40mX[0m     
       [0;1;30;90;41m8[0;31;43m88888888[0;1;30;90;43mXX[0;31;43m88[0;1;30;90;43m8[0;33;5;40;100m  @%t[0;1;30;90;43m@[0;33;41m88888[0;1;30;90;41m8[0m       
        [0;31;40mX[0;33;41m8[0;31;43m888[0;1;30;90;43mX[0;33;5;40;100m%;8 [0;1;30;90;47m;t[0;37;5;47;107m8[0;1;30;90;47m.[0;1;30;90;43m@[0;31;43m8[0;33;41m8888888[0;31;40mX[0m        
          [0;31;40m@[0;33;41m88[0;31;43m8888[0;1;30;90;43mX[0;33;5;40;100m:::[0;1;30;90;47m8[0;33;5;40;100m:[0;33;41m888888[0;31;40m@[0m          
             [0;1;30;90;41m8[0;33;41m888888888888[0;1;30;90;41m8[0m             
               [0;31;40m8[0;1;30;90;41m8[0;33;41m888888[0;1;30;90;41m8[0;31;40m8[0m               
                  [0;31;40m@[0;1;30;90;41m88[0;31;40m8[0m                  
