[0;1;30;90;47mX% [0;1;37;97;47mX8[0;1;30;90;40m@[0;34;40m::::[0;1;37;97;47m%8888[0;1;30;90;40mS[0;34;40m::::[0;1;37;97;47m8888X[0;34;40m....[0;1;30;90;40m%[0;1;37;97;47mXXXS [0;34;40m     [0m
[0;1;37;97;47m:%[0;1;33;93;43m%S[0;1;33;93;47m8[0;1;30;90;43mX[0;31;40m%;[0;34;40m;;[0;37;5;47;107m@tt;;[0;1;30;90;40m@%[0;34;40m;;;[0;37;5;47;107mttttS[0;34;40m::..[0;1;30;90;40mX[0;37;5;47;107m%SSS[0;1;37;97;47m@[0;34;40m.    [0m
[0;1;37;97;47m;[0;37;5;47;107mt[0;1;37;97;47m8[0;37;43m8[0;1;33;93;43m%SX@[0;1;30;90;43m%S[0;1;37;97;47m@[0;37;5;47;107m;;;;[0;1;30;90;40m8XXSS[0;37;5;47;107m;tttS[0;34;40m::::[0;1;30;90;40mX[0;37;5;47;107m%%SS[0;1;37;97;47m@[0;34;40m..   [0m
[0;36;5;40;100mt   [0;33;5;40;100m8[0;1;30;90;43m8[0;1;33;93;43mX[0;33;5;43;103m%[0;1;33;93;43mS@[0;33;5;43;103mS[0;37;5;40;100m8[0;36;5;40;100m   [0;1;37;97;47m ... [0;36;5;40;100m     [0;1;30;90;47m.:::t[0;36;5;40;100m     [0;1;30;90;47mtt%%[0;37;5;40;100mX[0m
[0;34;40m.:;;;[0;1;37;97;47mX[0;33;47m@[0;1;33;93;43mX[0;1;30;90;43mX[0;1;33;93;43mS[0;33;5;43;103mS[0;1;33;93;43m@[0;1;30;90;40m88[0;30;5;40;100m8[0;37;5;47;107mt.:::[0;1;30;90;40m@@XS@[0;37;5;47;107mtttt8[0;34;40m:...[0;1;30;90;40m@[0;37;5;47;107mSXXX[0;1;37;97;47m.[0m
[0;34;40m:;;;[0;1;30;90;40mS[0;37;5;47;107m8;[0;1;37;97;47m%[0;1;33;93;43m@X@[0;37;5;43;103mS[0;33;5;40;100m@[0;30;5;40;100m8@[0;37;5;47;107m; ...[0;1;30;90;40m88@X@[0;37;5;47;107m;ttt8[0;34;40m:...[0;1;30;90;40m8[0;37;5;47;107mSSXX[0;1;37;97;47m.[0m
[0;36;5;40;100m [0;37;5;40;100m@@88[0;1;30;90;47mS%t8[0;33;5;40;100m%[0;1;37;97;47mt8[0;1;30;90;47mSSS...::@88[0;37;5;40;100m88[0;1;30;90;47mSXX@8[0;37;5;40;100mXXSSX[0;1;30;90;47m88[0;37;5;40;100m88[0;36;5;40;100m [0m
[0;1;37;97;47m;[0;37;5;47;107mtt;;[0;30;5;40;100mS[0;1;30;90;40m88[0;30;5;40;100m88[0;37;5;47;107mt8[0;33;47m@[0;1;37;97;47m8[0;37;5;47;107mX[0;33;5;40;100m;[0;30;5;40;100m%SX@[0;37;5;47;107m..::%[0;1;30;90;40mSS[0;34;40m;;[0;1;30;90;40m@[0;37;5;47;107mtt%%[0;1;37;97;47m8[0;34;40m.... [0m
[0;1;37;97;47m;[0;37;5;47;107mt;;;[0;30;5;40;100mS[0;1;30;90;40m88[0;30;5;40;100m8@[0;37;5;47;107mt S[0;33;47m8[0;37;5;43;103m88[0;37;43m8[0;1;30;90;43m8[0;33;5;40;100mXX[0;37;5;47;107m..::%[0;1;30;90;40mXS[0;34;40m;;[0;1;30;90;40m@[0;37;5;47;107mtt%%[0;1;37;97;47m8[0;34;40m.... [0m
[0;1;30;90;47mX[0;1;37;97;47mt%%S[0;36;5;40;100m     [0;1;37;97;47mX88X[0;1;30;90;47m.[0;33;47m8[0;37;5;43;103m8@[0;33;5;43;103m8X[0;37;5;43;103m@[0;1;37;97;47m@XS%[0;36;5;40;100m.:;t:[0;1;37;97;47mtt;;[0;1;30;90;47m.[0;30;5;40;100mSXXX[0;1;30;90;40m8[0m
[0;34;40m:;;[0;1;30;90;40mSX[0;37;5;47;107m8::..[0;36;5;40;100m;[0;30;5;40;100mXXSS[0;37;5;47;107m@[0;1;33;93;47m@[0;33;5;43;103m@S[0;37;43mS[0;33;5;43;103m@@[0;30;5;40;100mX[0;1;30;90;40m@8[0;37;5;47;107m;;tt8[0;34;40m::..[0;1;30;90;40m8[0;37;5;47;107mSSXX[0;1;37;97;47m [0m
[0;34;40m.;;[0;1;30;90;40m%S[0;37;5;47;107m8;::.[0;30;5;40;100m%8@@@[0;37;5;47;107m::[0;1;37;97;47mX[0;1;33;93;43m@[0;37;43mS[0;1;33;93;43mS[0;33;5;43;103m@[0;1;30;90;43m@[0;1;30;90;40mX8[0;37;5;47;107m;ttt8[0;34;40m::..[0;1;30;90;40m8[0;37;5;47;107mSSXX[0;1;30;90;47mt[0m
[0;34;40m.;;[0;1;30;90;40mSX[0;1;37;97;47m8[0;37;5;47;107mtt;;[0;30;5;40;100mS8888[0;37;5;47;107mt::[0;1;37;97;47mX[0;37;43m8[0;1;33;93;43mS[0;33;5;43;103mS[0;1;30;90;43mX[0;1;30;90;40m@8[0;37;5;47;107m%%%%8[0;34;40m::::[0;1;30;90;40m8[0;37;5;47;107mX@@@[0;37;5;40;100m%[0m
 [0;37;5;47;107mtttt[0;30;5;40;100m8[0;1;30;90;40mSXX@[0;37;5;47;107mX::::[0;30;5;40;100m8[0;1;30;90;40m88@@[0;37;5;47;107m%@[0;1;37;97;47m;8[0;37;5;47;107mS[0;34;40m;:::[0;1;30;90;40mX[0;37;5;47;107m%%%S[0;1;37;97;47m@[0;34;40m... [0m 
 [0;1;30;90;47m.[0;37;5;47;107mttt[0;30;5;40;100m8[0;34;40m;[0;1;30;90;40m%SS[0;37;5;47;107m@;;;;[0;1;30;90;40m8XXXS[0;37;5;47;107m;;[0;1;37;97;47mX[0;1;33;93;43mSS[0;1;30;90;43m;[0;33;5;40;100m8[0;31;40mt[0;34;40m:[0;1;30;90;40mX[0;37;5;47;107m%%SS[0;1;37;97;47m@[0;34;40m..  [0m 
  [0;37;5;47;107mStt[0;30;5;40;100m8[0;34;40m;;;;[0;37;5;47;107m@;;;;[0;1;30;90;40m@SS%[0;34;40m;[0;37;5;47;107mttt[0;1;37;97;47m8[0;37;43m@[0;1;33;93;43m%SS%[0;1;30;90;43m;[0;1;33;93;47m@[0;1;37;97;47m8[0;37;5;47;107mSS[0;1;37;97;47m@[0;34;40m.  [0m  
  [0;1;30;90;40m8[0;30;5;40;100mSS[0;1;37;97;47m.%%%%[0;36;5;40;100m:tttt[0;1;37;97;47mt%%%%[0;30;5;40;100m%SSS[0;36;5;40;100mt[0;1;30;90;47m.[0;1;30;90;43mX[0;1;33;93;43m%[0;33;5;43;103m@[0;1;30;90;43m.[0;1;33;93;43m%[0;33;5;43;103m@[0;33;5;40;100m8[0;30;5;40;100m@[0;36;5;40;100mt[0;1;37;97;47m:.[0;30;5;40;100m%[0m  
   [0;34;40m..[0;1;37;97;47m8[0;37;5;47;107mtttt[0;1;30;90;40m@[0;34;40m::::[0;37;5;47;107mStttt[0;34;40m::::;[0;37;5;47;107m%S[0;33;47m8[0;1;30;90;43m:..[0;1;33;93;43m@S[0;31;40m.[0;1;30;90;40mX[0;37;5;47;107m@[0;37;5;40;100m8[0m   
    [0;34;40m.[0;1;37;97;47m8[0;37;5;47;107m%%%t[0;1;30;90;40mX[0;34;40m::::[0;37;5;47;107mXtttt[0;34;40m:...;[0;37;5;47;107m%SS[0;1;30;90;47m [0;1;30;90;43m;. [0;33;5;43;103m@[0;31;40m8[0;1;30;90;40mX[0;37;5;40;100m8[0m    
     [0;36;5;40;100mt   [0;37;5;40;100m%[0;1;30;90;47m8@@@@[0;37;5;40;100mS%%%%[0;1;30;90;47m@@888[0;36;5;40;100m    [0;33;5;40;100mt[0;33;47mX88[0;37;5;40;100m8[0;34;40m:[0m     
       [0;34;40m...[0;37;5;47;107m8%%%%[0;34;40m;....[0;37;5;47;107mSSSS8[0;34;40m....;[0;37;5;47;107m@@[0;1;30;90;47m.[0m       
        [0;34;40m .[0;1;37;97;47m8[0;37;5;47;107mSSSS[0;34;40m;....[0;37;5;47;107mSXXX8[0;34;40m.   ;[0;1;37;97;47mX[0;36;5;40;100m.[0m        
          [0;36;5;40;100m [0;1;30;90;47m%%%%[0;36;5;40;100m     [0;1;30;90;47m%SSSX[0;36;5;40;100m...[0;30;5;40;100m@[0;34;40m.[0m          
             [0;34;40m  [0;37;5;47;107m8@@@@[0;34;40m    :[0;37;5;47;107m8[0;1;30;90;47m.[0m             
               [0;36;5;40;100m [0;1;37;97;47m;[0;37;5;47;107m@@@[0;34;40m     [0m               
                  [0;36;5;40;100m [0;1;30;90;47mt[0;34;40m  [0m                  
