[0;37;5;40;100mX[0;1;30;90;47m%%%ttttttttttttttttttttt%%%%%%SSSXXXXX[0;37;5;40;100mS[0m
[0;1;30;90;47m8[0;1;37;97;47m.::::::;;;;;;;;;;;;;::::::....  [0;1;30;90;47m  ...:[0;37;5;40;100m8[0m
[0;1;30;90;47m8[0;1;37;97;47m::8[0;37;5;47;107mX888@@@@@@@@@@@@@@8888888888[0;1;37;97;47m888[0;37;5;47;107m8[0;1;37;97;47mX[0;1;30;90;47m..[0;37;5;40;100m8[0m
[0;1;30;90;47m8[0;1;37;97;47m::8[0;37;5;47;107m8[0;1;37;97;47mS[0;37;5;47;107m88@@@@@@@@@@@@@8888888888[0;1;37;97;47m888;@X[0;1;30;90;47m..[0;37;5;40;100m8[0m
[0;1;30;90;47m8[0;1;37;97;47m::8[0;37;5;47;107m8[0;1;37;97;47m@[0;37;5;47;107mS[0;1;37;97;47mt%%SSSSSSSSS%%%tt;;;;::::.[0;37;5;47;107m8[0;1;37;97;47m%@@[0;1;30;90;47m..[0;37;5;40;100m8[0m
[0;1;30;90;47m@[0;1;37;97;47m:;8[0;37;5;47;107m8[0;1;37;97;47m@[0;37;5;47;107m%[0;1;37;97;47m%%SSXXXXXXXSS%%ttt;;::::..[0;37;5;47;107m8[0;1;37;97;47m%8@[0;1;30;90;47m..[0;37;5;40;100m8[0m
[0;1;30;90;47m@[0;1;37;97;47m;;[0;37;5;47;107m88[0;1;37;97;47m@[0;37;5;47;107m%[0;1;37;97;47m%SXX@@@@@@@XXSS%tt;;;::::.[0;37;5;47;107m@[0;1;37;97;47m%8@[0;1;30;90;47m .8[0m
[0;1;30;90;47m@[0;1;37;97;47m;;[0;37;5;47;107m88[0;1;37;97;47m8[0;37;5;47;107m%[0;1;37;97;47mSSX@@@@@@@@@XXS%%tt;;::::.[0;37;5;47;107m@[0;1;37;97;47mS8@[0;1;30;90;47m .8[0m
[0;1;30;90;47m@[0;1;37;97;47m;;[0;37;5;47;107m88[0;1;37;97;47m8[0;37;5;47;107m%[0;1;37;97;47mSXX@@@888@@@@XS%%tt;;::::.[0;37;5;47;107m@[0;1;37;97;47mS8@[0;1;30;90;47m .8[0m
[0;1;30;90;47m@[0;1;37;97;47m;;[0;37;5;47;107m88[0;1;37;97;47m8[0;37;5;47;107m%[0;1;37;97;47mSXX@@@@88@@@XXS%%tt;;::::.[0;37;5;47;107m@[0;1;37;97;47mS8@[0;1;30;90;47m .8[0m
[0;1;30;90;47m8[0;1;37;97;47m;;8[0;37;5;47;107m8[0;1;37;97;47m@[0;37;5;47;107m%[0;1;37;97;47m%SXX@@@@@@@@XSS%ttt;;::::.[0;37;5;47;107m@[0;1;37;97;47m%8@[0;1;30;90;47m .[0;37;5;40;100m8[0m
[0;37;5;40;100m@[0;1;37;97;47m:;8[0;37;5;47;107m@[0;1;37;97;47mS[0;37;5;47;107mt[0;1;37;97;47m%%SXXX@@@XXXSS%%tt;;;::::.[0;37;5;47;107mX[0;1;37;97;47mt8S[0;1;30;90;47m..[0;37;5;40;100mX[0m
[0;36;5;40;100m [0;1;37;97;47m::%[0;37;5;47;107m%[0;1;37;97;47mt[0;37;5;47;107mt[0;1;37;97;47mX%%SSSSXSSSS%%ttt;;;::::.;[0;37;5;47;107mS[0;1;37;97;47m.[0;37;5;47;107mX[0;1;37;97;47m;[0;1;30;90;47m..[0;36;5;40;100m.[0m
 [0;1;37;97;47m:::[0;37;5;47;107mS[0;1;37;97;47m@[0;37;5;47;107m8@[0;1;37;97;47mtt%%%%%%%%%ttt;;;;::::..88%[0;37;5;47;107m8[0;1;30;90;47m ..[0m 
 [0;37;5;40;100m8[0;1;37;97;47m::X[0;37;5;47;107mS[0;1;37;97;47mt[0;37;5;47;107m%[0;1;37;97;47mXttttttttttt;;;;:::::..t[0;37;5;47;107mX[0;1;37;97;47m:[0;37;5;47;107m8[0;1;37;97;47m%[0;1;30;90;47m..[0;37;5;40;100m8[0m 
  [0;1;37;97;47m.::[0;37;5;47;107m88[0;1;37;97;47mS[0;37;5;47;107mS[0;1;37;97;47m%;;;;;;;;;;;;::::::..;[0;37;5;47;107m@[0;1;37;97;47mt@8[0;1;30;90;47m..:[0m  
  [0;36;5;40;100m;[0;1;37;97;47m:::[0;37;5;47;107m@[0;1;37;97;47m8S[0;37;5;47;107mS[0;1;37;97;47m%;;;;;;;;:::::::...;[0;37;5;47;107m@[0;1;37;97;47m%S[0;37;5;47;107m8[0;1;30;90;47m ..[0;36;5;40;100m:[0m  
   [0;36;5;40;100m [0;1;37;97;47m.::[0;37;5;47;107m@8[0;1;37;97;47m%[0;37;5;47;107mX[0;1;37;97;47m@::::::::::::....S[0;37;5;47;107m@[0;1;37;97;47m;@[0;37;5;47;107m8[0;1;37;97;47m [0;1;30;90;47m..[0;36;5;40;100m [0m   
    [0;36;5;40;100m [0;1;37;97;47m...8[0;37;5;47;107m@[0;1;37;97;47mt8[0;37;5;47;107m@[0;1;37;97;47m%:::::::.....;[0;37;5;47;107m8[0;1;37;97;47m8;[0;37;5;47;107m8[0;1;37;97;47m@[0;1;30;90;47m...[0;36;5;40;100m [0m    
     [0;30;5;40;100mS[0;1;30;90;47m:[0;1;37;97;47m..%[0;37;5;47;107m@[0;1;37;97;47m8t[0;37;5;47;107m88[0;1;37;97;47mt........;8[0;37;5;47;107m8[0;1;37;97;47m;X[0;37;5;47;107m8[0;1;37;97;47m;[0;1;30;90;47m..;[0;30;5;40;100mS[0m     
       [0;37;5;40;100m8[0;1;37;97;47m  .X[0;37;5;47;107m@[0;1;37;97;47mXt8[0;37;5;47;107m8[0;1;37;97;47mS.. .%[0;37;5;47;107m8[0;1;37;97;47m8;S[0;37;5;47;107m8[0;1;37;97;47m%[0;1;30;90;47m..:[0;37;5;40;100m8[0m       
        [0;30;5;40;100mX[0;1;30;90;47m%[0;1;37;97;47m  .S[0;37;5;47;107m8[0;1;37;97;47m@tX[0;37;5;47;107m8[0;1;37;97;47m88[0;37;5;47;107m8[0;1;37;97;47mS;X[0;37;5;47;107m8[0;1;37;97;47m%[0;1;30;90;47m..:S[0;30;5;40;100mS[0m        
          [0;36;5;40;100mt[0;1;30;90;47mS.. [0;1;37;97;47m;88S;;S8@;[0;1;30;90;47m.::X[0;36;5;40;100mt[0m          
             [0;37;5;40;100m8[0;1;30;90;47m....[0;1;37;97;47m;XX;[0;1;30;90;47m.:::[0;37;5;40;100m8[0m             
               [0;36;5;40;100m.[0;1;30;90;47m8::::::@[0;36;5;40;100m.[0m               
                  [0;36;5;40;100m;[0;37;5;40;100mXX[0;36;5;40;100m;[0m                  
