[0;30;44mX[0;35;44m8[0;35;5;40;100mt[0;1;37;97;47m: [0;35;5;40;100m%[0;35;44m8@@@@8[0;35;5;40;100m8 [0;1;37;97;47m@[0;1;30;90;47mS[0;35;5;40;100mS[0;35;44m88@[0;33;5;43;103m@@@@@@88888888888[0;1;33;93;43m88[0;1;30;90;43m [0m
[0;1;30;90;44m8[0;35;44m88[0;35;5;40;100m;[0;1;30;90;45m8[0;35;44m8888[0;34;45m8[0;35;44m8[0;34;45m888[0;1;30;90;47mS[0;34;45m88888[0;33;5;43;103m;;;;;;;;;;ttttt%%%S[0;1;33;93;43mX[0m
[0;35;44mX888888[0;34;45m8[0;1;30;90;45m8[0;1;37;97;47mS[0;34;45m888888888[0;1;30;90;47mS[0;33;5;43;103m:::;;;;;;;;ttttt%%%[0;1;33;93;43mX[0m
[0;35;5;40;100m:[0;1;30;90;45m@[0;35;44m888[0;34;45m8[0;1;30;90;45m8[0;1;30;90;47mt[0;37;5;47;107m@;[0;1;37;97;47mX[0;1;30;90;47m8[0;1;30;90;45m88888[0;35;5;40;100m:[0;1;37;97;47m:[0;37;5;47;107mt[0;33;5;43;103m:::::;;;;;;;tttt%%%[0;1;33;93;43mX[0m
[0;1;30;90;44m8[0;35;44m888[0;34;45m8888[0;1;30;90;45m8[0;1;37;97;47m8[0;1;30;90;45m888888888[0;1;30;90;47m;[0;33;5;43;103m::::::;;;;;;;tttt%%[0;1;33;93;43mX[0m
[0;1;30;90;44m8[0;35;44m88[0;35;5;40;100m;[0;1;30;90;45m8[0;34;45m88[0;1;30;90;45m@888888[0;1;30;90;47m;[0;1;30;90;45m88888[0;37;5;43;103m:[0;33;5;43;103m.:::::;;;;;;;ttt%%[0;1;33;93;43mX[0m
[0;1;30;90;44m8[0;1;30;90;45m8[0;1;30;90;47m8[0;37;5;47;107m8[0;1;37;97;47m@[0;1;30;90;47m8[0;1;30;90;45m888888[0;1;30;90;47m8:[0;37;5;47;107m.[0;1;37;97;47m%[0;1;30;90;47mX[0;1;30;90;45m888[0;37;5;43;103m::[0;33;5;43;103m.:::;:;;;;;ttttt%[0;1;33;93;43mX[0m
[0;1;30;90;44m8[0;1;30;90;45m8[0;35;5;40;100m:[0;1;37;97;47m@S[0;35;5;40;100m [0;1;30;90;45m888888[0;1;30;90;47m8t[0;37;5;47;107m:[0;1;37;97;47m;[0;1;30;90;47m8[0;1;30;90;45m888[0;37;5;43;103m.::[0;33;5;43;103m:::;;;;;;tttttt%[0;1;33;93;43m@[0m
[0;1;30;90;44m8[0;35;44m8[0;34;45m8[0;35;5;40;100mt[0;1;30;90;45m8@88888888[0;1;30;90;47m;[0;1;30;90;45m88888[0;37;5;43;103m.::[0;33;5;43;103m::;;;;;[0;1;33;93;43m:[0;33;5;43;103m;[0;1;33;93;43m.[0;33;5;43;103mttttt%[0;1;33;93;43m@[0m
[0;1;30;90;44m8[0;35;44m8[0;34;45m888[0;1;30;90;45m@88[0;1;30;90;47m8[0;37;5;47;107m@[0;1;30;90;45m888888888[0;1;37;97;47m;[0;37;5;43;103m.;[0;33;5;43;103m:::;;;[0;1;33;93;43m::..::[0;33;5;43;103mtt%%%[0;1;33;93;43m@[0m
[0;35;5;40;100m.[0;1;30;90;45m8[0;34;45m888[0;1;30;90;45m@8[0;1;30;90;47m.[0;37;5;47;107mX.[0;1;37;97;47m8[0;1;30;90;47m%[0;1;30;90;45m88888[0;1;30;90;47m8[0;1;37;97;47m%[0;37;5;47;107m;[0;37;5;43;103m::[0;33;5;43;103m:::;[0;1;33;93;43m::::....:[0;33;5;43;103mt%t%[0;1;33;93;43mX[0m
[0;1;30;90;44m8[0;35;44m88[0;34;45m888[0;1;30;90;45m@88[0;1;37;97;47mS[0;1;30;90;45m888888888[0;1;30;90;47m%[0;37;5;43;103m:[0;33;5;43;103m:::;;[0;1;33;93;43m:::......[0;33;5;43;103mt%%%[0;1;30;90;43m [0m
[0;34;40m8[0;35;44m88[0;1;30;90;47m8[0;35;5;40;100m:[0;34;45m88[0;1;30;90;45m@@88888[0;1;37;97;47m:[0;1;30;90;45m88888[0;33;5;43;103m.::;;;[0;1;33;93;43m::......:[0;33;5;43;103m%%%%[0;1;30;90;43m.[0m
 [0;35;5;40;100mt[0;1;30;90;47m;[0;37;5;47;107m@8[0;1;30;90;47m;[0;35;5;40;100mt[0;34;45m88[0;1;30;90;45m@@8[0;1;30;90;47m@[0;1;37;97;47m;[0;37;5;47;107m:[0;1;37;97;47m8[0;1;30;90;47mt[0;1;30;90;45m8@@[0;33;5;43;103m::;;;;[0;1;33;93;43m;;......[0;33;5;43;103mt%%%%[0m 
 [0;1;30;90;44m8[0;1;30;90;45m8[0;1;37;97;47m; [0;1;30;90;45m8[0;35;44m8[0;34;45m88888[0;1;30;90;45m@8[0;37;5;47;107mS[0;1;30;90;47m8[0;1;30;90;45m8[0;34;45m888[0;33;5;43;103m::::;;;[0;1;33;93;43m:[0;33;5;43;103m;[0;1;33;93;43m:[0;33;5;43;103mt[0;1;33;93;43m;[0;33;5;43;103mtt%%%%[0;1;33;93;43mS[0m 
  [0;35;44m8[0;1;30;90;45m8[0;34;45m8[0;35;44m8888[0;1;30;90;45m8[0;34;45m8888[0;35;5;40;100mt[0;34;45m8888[0;1;30;90;45m8[0;33;5;43;103m:;;;;;;;;tttt%t%%S[0m  
  [0;34;40m8[0;35;44m8888[0;34;45m8[0;1;30;90;47m8[0;37;5;47;107m8[0;1;30;90;45m8[0;35;44m8888888[0;1;30;90;45m8[0;1;37;97;47m:[0;33;5;43;103m;;;;;;tt;tttt%%%%[0;1;30;90;43m.[0m  
   [0;30;44m8[0;35;44m88[0;1;30;90;45m8[0;1;30;90;47m@[0;1;37;97;47mS[0;37;5;47;107m%[0;1;30;90;47m:[0;37;5;40;100m8[0;34;45m8[0;35;44m8888[0;1;30;90;45m8[0;1;30;90;47m%[0;37;5;47;107m8[0;33;5;43;103m;;;;;;;tttttt%%%[0;1;30;90;43m [0m   
    [0;30;44m8[0;35;44m888[0;34;45m8[0;1;30;90;47mt[0;35;44m888888888[0;35;5;40;100m:[0;33;5;43;103m;;;;;tttttt%%%%[0;1;30;90;43m.[0m    
     [0;34;40mX[0;35;44m@8888888[0;1;37;97;47m:[0;34;45m8[0;35;44m8888[0;33;5;43;103m;;ttttttt%%%%X[0;1;30;90;43m.[0m     
       [0;1;30;90;44m8[0;35;44m@@88[0;37;5;40;100m@[0;1;37;97;47mt[0;37;5;47;107m%[0;1;37;97;47m8[0;1;30;90;47mX[0;1;30;90;45m@[0;35;44m8@[0;33;5;43;103mttttttt%%%%%[0;1;33;93;43mX[0m       
        [0;34;40mX[0;35;44mX@@@8[0;1;37;97;47m@[0;1;30;90;45m8[0;35;44m@@@@[0;33;5;43;103mttt%%%%%%%8[0;1;30;90;43m [0m        
          [0;34;40m@[0;35;44mX@@[0;1;30;90;45m@[0;35;44m@@@@[0;1;30;90;45m8[0;33;5;43;103m%%%%%%%%8[0;1;30;90;43m [0m          
             [0;30;44mS[0;35;44m@@@8[0;35;5;40;100mX[0;1;37;97;47m:[0;33;5;43;103m%%%%SS[0;1;33;93;43mS[0m             
               [0;34;40m8[0;35;44mS[0;1;30;90;45m8[0;35;5;40;100m.[0;1;37;97;47mt[0;33;5;43;103mSSS[0;1;33;93;43m8[0;1;30;90;43m [0m               
                  [0;34;40m@[0;35;5;40;100m8[0;1;30;90;43m  [0m                  
