[0;1;30;90;43m.[0;1;33;93;43m8[0;1;30;90;43m:[0;34;40m.[0;1;30;90;43m;[0;33;5;43;103m8[0;1;30;90;43m:[0;34;40m:[0;31;40m:[0;33;5;43;103m88[0;1;30;90;40m8[0;34;40m:[0;1;30;90;43mt[0;33;5;43;103m8[0;1;30;90;43mt[0;34;40m:[0;1;30;90;40m8[0;33;5;43;103m88[0;34;40m::[0;1;30;90;43m:[0;33;5;43;103m8[0;1;30;90;43m;[0;34;40m.[0;1;30;90;43m:[0;1;33;93;43m8[0;1;30;90;43m.[0;34;40m..[0;1;33;93;43mX@[0;31;40m8[0;34;40m [0;1;30;90;43m.[0;1;33;93;43mX[0;1;30;90;43m.[0;34;40m  [0m
[0;33;5;40;100m8[0;1;30;90;43m;::;tt;t%%%%%S%%%%%tttt;::;;..::.....  [0m
[0;31;40m8[0;33;5;40;100m8[0;1;30;90;43m;;t[0;33;5;40;100m8[0;1;30;90;43m%[0;1;33;93;43m%%[0;33;5;40;100m88[0;1;30;90;43mS[0;1;33;93;43mS[0;1;30;90;43mX[0;33;5;40;100m8[0;1;30;90;43mX[0;1;33;93;43mS[0;1;30;90;43mS[0;33;5;40;100m88[0;1;33;93;43m%%[0;1;30;90;43m%[0;33;5;40;100m8[0;1;30;90;43mt;;[0;33;5;40;100m8[0;1;30;90;43m;:::[0;33;5;40;100m8[0;1;30;90;43m..:[0;1;30;90;41m8[0;1;30;90;43m. .[0m
[0;1;33;93;43m%[0;33;5;43;103mt[0;1;30;90;43mt[0;31;40m;[0;1;30;90;43m%[0;33;5;43;103m;[0;1;33;93;43mX[0;1;30;90;40mSX[0;33;5;43;103mtt[0;33;5;40;100m8[0;1;30;90;40m@[0;1;30;90;43m@[0;33;5;43;103mt[0;1;30;90;43m@[0;1;30;90;40m@[0;33;5;40;100m8[0;33;5;43;103mtt[0;1;30;90;40mXS[0;1;33;93;43mS[0;33;5;43;103m%[0;1;30;90;43m%[0;34;40m;[0;1;30;90;43mt[0;33;5;43;103m%[0;1;33;93;43mX[0;34;40m:.[0;33;5;43;103mXS[0;31;40m8.[0;1;30;90;43m.[0;33;5;43;103m%[0;1;30;90;43m [0;31;40m. [0m
[0;34;40m.:[0;1;30;90;43m;[0;33;5;43;103m;[0;1;30;90;43m%[0;1;30;90;40mSX@[0;1;30;90;41m@[0;1;30;90;40m88888[0;30;5;40;100m8[0;1;30;90;40m88888@@XS%[0;34;40m;;::::..[0;1;30;90;43m.[0;33;5;43;103mt[0;1;30;90;43m:[0;34;40m.[0;1;30;90;43m.[0;33;5;43;103m%[0;1;33;93;43mt[0m
[0;1;30;90;43m:;%[0;33;5;40;100m8[0;1;30;90;43mS[0;1;33;93;43m%[0;1;30;90;43mX[0;1;30;90;40m@[0;1;30;90;41m8[0;31;43m8[0;31;5;40;100mS[0;30;5;40;100m888@8888[0;1;30;90;40m888@XS%[0;34;40m;;:::..[0;31;40m@[0;33;5;40;100m8[0;1;30;90;43m:..[0;1;30;90;41m8[0;31;40m8[0m
[0;1;30;90;43m;t%SSX@[0;1;30;90;40m8[0;30;5;40;100m8[0;33;5;40;100m8[0;1;30;90;43m88[0;30;5;40;100mSXSXX@@88[0;1;30;90;40m88@XS[0;34;40m;;::::.[0;31;5;40;100mX[0;1;30;90;43m::.:.[0;33;41m8[0m
[0;31;40m%[0;1;30;90;40m8[0;1;30;90;43m%[0;33;5;43;103mS[0;1;30;90;43mS[0;30;5;40;100m88[0;1;30;90;40m8[0;30;5;40;100m88@[0;33;5;40;100mS[0;1;30;90;43m8[0;33;5;40;100m%[0;36;5;40;100mtt[0;30;5;40;100m%SX@8[0;1;30;90;40m88@XSS[0;34;40m;;:::.[0;1;30;90;43m:[0;33;5;43;103m@[0;1;30;90;43m:[0;31;40mt[0;1;30;90;43m:[0;33;5;43;103m8[0;1;30;90;43m [0m
[0;1;33;93;43mS[0;33;5;43;103m;[0;1;30;90;43mS[0;1;30;90;40mS[0;1;30;90;43mX[0;33;5;43;103m:[0;1;33;93;43mS[0;1;30;90;40m8[0;30;5;40;100m8@XS[0;36;5;40;100mt[0;33;5;40;100mt[0;37;43m8[0;33;5;40;100m;[0;36;5;40;100mt[0;30;5;40;100mSX@88[0;1;30;90;40m88@XS[0;34;40m;;:::...[0;1;30;90;43m:[0;33;5;43;103m%[0;1;30;90;43m.[0;34;40m. [0m
[0;31;40m@[0;31;5;40;100mX[0;1;30;90;43m%[0;1;33;93;43m@[0;1;30;90;43mX[0;33;5;40;100m8[0;31;5;40;100mS[0;1;30;90;40m8[0;30;5;40;100m8@XS[0;36;5;40;100m%t[0;33;5;40;100m;[0;1;30;90;43m88[0;33;5;40;100m%[0;30;5;40;100mX@88[0;1;30;90;40m8@XSS[0;34;40m;;:::.[0;1;30;90;43m:[0;1;33;93;43mS[0;1;30;90;43m:[0;31;40m8[0;1;30;90;43m:[0;1;33;93;43m%[0;1;30;90;43m [0m
[0;1;30;90;43m;t%%SX8[0;1;30;90;40m8[0;30;5;40;100m88@XXSSS[0;33;5;40;100mS[0;1;30;90;43m8[0;33;5;40;100m@[0;30;5;40;100m88[0;1;30;90;40m88@XS%[0;34;40m;;:::.[0;1;30;90;43m:::::..[0m
[0;1;30;90;43m:[0;1;33;93;43m@[0;1;30;90;43m%[0;30;5;40;100mX[0;1;30;90;43mS[0;33;5;43;103m8[0;1;30;90;43mX[0;1;30;90;40m88[0;30;5;40;100m888@@@@@8[0;33;5;40;100m8[0;1;30;90;43m8[0;33;5;40;100m8[0;1;30;90;40m8@XSS[0;34;40m;;::::.[0;31;40mX@[0;1;30;90;43m.[0;1;33;93;43mS[0;1;30;90;43m.[0;31;40mXt[0m
[0;34;40m.:[0;1;30;90;43mt[0;33;5;43;103m;[0;1;30;90;43m%[0;1;30;90;40mS[0;33;5;40;100m8[0;30;5;40;100m8[0;1;30;90;40m@888[0;30;5;40;100m888888[0;1;30;90;40m88[0;1;30;90;43m8X[0;1;30;90;40m8SS[0;34;40m;;::::..[0;1;33;93;43m%[0;33;5;43;103mt[0;1;30;90;43m:[0;34;40m.[0;1;30;90;43m.[0;33;5;43;103m%[0;1;30;90;43m.[0m
 [0;33;5;43;103mX[0;1;30;90;43mt[0;1;30;90;40m8[0;1;30;90;43m%[0;33;5;43;103mX[0;1;33;93;43mS[0;1;30;90;40m@X@@8888888@@X8[0;1;30;90;43mSS[0;31;40m;[0;34;40m;::::..[0;1;30;90;43m::[0;31;40m%[0;1;30;90;43m.[0;1;33;93;43m8[0;1;30;90;43m.[0;31;40mt[0m 
 [0;1;30;90;43m:;;t%%%[0;30;5;40;100m@[0;1;30;90;40mSXXXXXXXXXSSS[0;34;40m;[0;1;30;90;40m8[0;1;30;90;43mt[0;1;30;90;40m8[0;34;40m:::..[0;31;40m.[0;1;30;90;43m::.:...[0m 
  [0;1;30;90;43m:[0;1;33;93;43m%[0;1;30;90;43m;[0;33;5;40;100m8[0;1;30;90;43mt[0;1;33;93;43m%[0;1;30;90;43mt[0;1;30;90;40m@%SSSSSSS%[0;34;40m;;;;:[0;31;40m:[0;1;30;90;43m;;[0;31;40mt[0;34;40m..[0;31;40m.[0;31;5;40;100mX[0;1;30;90;41m8[0;1;30;90;43m...[0;31;40m8[0;1;30;90;43m.[0m  
  [0;31;40m:[0;34;40m:[0;1;30;90;43m;[0;33;5;43;103m;[0;1;33;93;43mX[0;34;40m:[0;31;40m;[0;1;33;93;43m@[0;1;30;90;40m8[0;34;40m;;;;;;;;;::::::[0;31;40m;[0;1;30;90;43m;[0;34;40m...[0;33;5;43;103mS%[0;31;40m8[0;34;40m.[0;1;30;90;43m.[0;33;5;43;103mS[0;1;30;90;43m.[0m  
   [0;1;30;90;43m::[0;31;40m:[0;1;30;90;40m8[0;33;5;43;103mtt[0;31;40m::[0;1;30;90;40m8[0;34;40m::::::::::::....[0;31;40m%[0;33;5;43;103m@%[0;31;40m;.[0;1;30;90;43m [0;33;5;43;103mS[0;1;30;90;43m.[0;31;40m.[0m   
    [0;1;30;90;43m:::;;::;[0;31;40mt:[0;34;40m:::::::.....[0;31;40mt[0;1;30;90;43m:.::  .[0;31;43m8[0;31;40mX[0m    
     [0;1;30;90;43m.:::::;;;[0;31;40m@[0;32;40m.[0;34;40m........[0;31;40mt[0;1;30;90;43m::..... .[0;31;40m [0m     
       [0;1;30;90;43m.[0;33;5;43;103mX[0;31;40mtt[0;1;33;93;43m%[0;33;5;43;103mX[0;1;30;90;43m:[0;31;40mt[0;1;30;90;43m::[0;31;40mX.[0;34;40m...[0;31;40m;t[0;1;30;90;43m.[0;33;5;43;103m@[0;1;30;90;43m.[0;31;40m;@[0;33;5;43;103m@@[0;31;40mt [0m       
        [0;31;40m [0;1;33;93;43m@[0;33;5;43;103m%[0;31;40m@[0;34;40m.[0;1;30;90;43m.[0;33;5;43;103m%[0;1;30;90;43m.[0;34;40m.[0;31;40mX[0;1;33;93;43m@[0;1;30;90;43m:[0;34;40m..[0;1;33;93;43m%[0;33;5;43;103m%[0;1;30;90;43m.[0;34;40m.[0;1;30;90;43m.[0;33;5;43;103mS[0;1;33;93;43mS[0;34;40m  [0;31;43m8[0m        
          [0;31;40m8[0;1;30;90;43m.[0;1;33;93;43m%[0;1;30;90;43m.[0;31;40m8[0;1;30;90;43m.[0;1;33;93;43m%[0;1;30;90;43m [0;31;40m88[0;1;33;93;43mtt[0;1;30;90;43m.[0;31;40m8[0;1;30;90;43m.[0;1;33;93;43mt[0;1;30;90;43m [0;31;40m88X[0m          
             [0;1;30;90;43m............ [0;31;43m8[0m             
               [0;31;40m8.8[0;1;33;93;43mSS[0;31;40mSS[0;1;30;90;43m [0;1;33;93;43m%[0;31;40m8[0m               
                  [0;34;40m  [0;1;30;90;43m  [0m                  
