[0;33;41mX88888[0;1;30;90;41m@[0;1;30;90;44mS[0;1;34;94;44mSXXXXXXXXXXXXSSSSSSSSS%%[0;35;44mt[0;31;5;40;100m8[0;33;41m888@@X[0m
[0;33;41m8[0;31;43m8888888[0;35;5;40;100mX[0;1;34;94;44m8[0;34;5;44;104m88888888888888888[0;1;34;94;44m8888[0;35;5;40;100m8[0;33;41m8[0;31;43m88[0;33;41m8888@[0m
[0;33;41m8[0;31;43m88888@@@[0;1;30;90;43m8[0;35;5;40;100m8[0;34;5;44;104m888888888888888888[0;35;44m8[0;1;30;90;41m@[0;31;43m88888[0;33;41m888@[0m
[0;33;41m8[0;31;43m888@@@X[0;1;30;90;43mXX@[0;33;5;40;100m%[0;34;45m8[0;34;5;44;104m@@@88888888888[0;1;34;94;44mS[0;31;5;40;100mX[0;31;43m8888888[0;33;41m888@[0m
[0;1;30;90;44m@[0;31;5;40;100mX[0;31;43m8@@@[0;1;30;90;43mXX@8888[0;35;5;40;100m:[0;1;34;94;44m8[0;34;5;44;104m@@@@@88888[0;1;34;94;44m8[0;35;5;40;100m@[0;31;43m8888888888[0;33;41m8[0;1;30;90;41mX[0;1;30;90;44m8[0m
[0;1;34;94;44m;[0;34;5;44;104m8[0;35;5;40;100m8[0;1;30;90;43m8[0;31;43m@[0;1;30;90;43mX@@8888888[0;35;5;40;100m;[0;34;5;44;104m@XX@@@88[0;35;5;40;100m8[0;1;30;90;43m8[0;31;43m@888888888[0;33;41m8[0;35;5;40;100m8[0;1;34;94;44m@:[0m
[0;1;34;94;44m;[0;34;5;44;104m88[0;1;34;94;44m8[0;35;5;40;100mX[0;1;30;90;43m@@888888888[0;33;5;40;100m.[0;35;5;40;100mt[0;34;5;44;104mXX@@[0;35;44m8[0;33;5;40;100m;[0;1;30;90;43mX[0;31;43mX@@8888888[0;35;5;40;100m8[0;1;34;94;44mS88:[0m
[0;1;34;94;44m;[0;34;5;44;104m8888[0;35;44m8[0;35;5;40;100m:[0;1;30;90;43m88888888888[0;35;5;40;100m [0;1;34;94;45m8[0;34;5;44;104m8[0;35;5;40;100m;[0;1;30;90;43m8@X[0;31;43mX@@88888[0;31;5;40;100m8[0;35;44mS[0;1;34;94;44m8888:[0m
[0;1;34;94;44m;[0;34;5;44;104m88888@[0;35;5;40;100mS[0;33;5;40;100m%[0;1;30;90;43m888888888888888@X[0;31;43m@@@888[0;35;5;40;100m8[0;1;34;94;44m888888:[0m
[0;1;34;94;44m;[0;34;5;44;104m88888@@@[0;35;5;40;100m:[0;1;30;90;43m8888888888888@XS[0;31;43m@@88[0;35;5;40;100m8[0;1;34;94;44m@8888888:[0m
[0;1;34;94;44m;[0;34;5;44;104m88888@@@X[0;1;34;94;45m8[0;35;5;40;100m [0;1;30;90;43m88888888888@X[0;31;43mX@@[0;31;5;40;100mX[0;35;44mS[0;34;5;44;104m88[0;1;34;94;44m8888888:[0m
[0;1;30;90;44m:[0;34;5;44;104m888888@@@XX[0;35;5;40;100m%[0;33;5;40;100m:[0;1;30;90;43m88888888@XS[0;31;43m@[0;1;30;90;43m8[0;35;5;40;100m8[0;34;5;44;104m888[0;1;34;94;44m88888888[0;30;44m.[0m
[0;30;44mS[0;34;5;44;104m88888888@@@[0;35;5;40;100mS[0;33;5;40;100m;[0;1;30;90;43m8888888@XS[0;31;43m@@[0;1;30;90;43m@[0;35;5;40;100m8[0;34;5;44;104m888[0;1;34;94;44m88888888[0;30;44mX[0m
 [0;34;5;44;104m888888888[0;1;34;94;44m8[0;35;5;40;100m;[0;1;30;90;43m888888@@XX[0;31;43mX@@@88[0;31;5;40;100m@[0;35;44mS[0;1;34;94;44m888888888[0m 
 [0;1;34;94;44m.[0;34;5;44;104m8888888[0;35;5;40;100mX[0;1;30;90;43m@XXXXXXXX[0;31;43mXX@@@888888[0;35;5;40;100m8[0;1;34;94;44m@888888.[0m 
  [0;1;34;94;44m8[0;34;5;44;104m8888[0;1;30;90;44m8[0;33;5;40;100m8[0;31;43m@@@@@X@@@@@[0;1;30;90;43m@[0;31;43m@888888888[0;33;41m8[0;1;30;90;44mX[0;1;34;94;44m8888@[0m  
  [0;30;44m@[0;34;5;44;104m88[0;1;34;94;44mS[0;31;5;40;100mX[0;31;43m8888@@@@@@@[0;35;5;40;100mX[0;1;34;94;44mX8[0;35;5;40;100m8[0;31;43m88888888888[0;31;5;40;100m8[0;35;44m%[0;1;34;94;44m88[0;30;44m@[0m  
   [0;30;44m%[0;35;5;40;100m8[0;31;43m88888888888[0;33;5;40;100m8[0;35;44m@[0;34;5;44;104m8888[0;35;44mS[0;31;5;40;100mX[0;31;43m888888888[0;33;41m88[0;35;5;40;100m8[0;30;44m%[0m   
    [0;30;41m8[0;31;43m8888888888[0;35;5;40;100m8[0;1;34;94;44m8[0;34;5;44;104m888[0;1;34;94;44m8888[0;1;30;90;44mX[0;33;41m8[0;31;43m88888[0;33;41m8888[0;30;41m8[0m    
     [0;31;40m@[0;31;43m8888888[0;35;5;40;100m8[0;1;34;94;44mX88888888888[0;35;5;40;100m8[0;33;41m8[0;31;43m8[0;33;41m88888[0;31;40m@[0m     
       [0;33;41m@[0;31;43m888[0;31;5;40;100m8[0;35;44mX[0;1;34;94;44m88888888888888S[0;31;5;40;100mS[0;33;41m888X[0m       
        [0;31;40m@[0;33;41m8[0;34;5;40;100m8[0;1;34;94;44m88888888888888888@[0;35;44mS[0;1;30;90;41m8[0;31;40m@[0m        
          [0;30;44m8[0;1;34;94;44m%8888888888888@@@%[0;30;44m8[0m          
             [0;1;34;94;44m.@8888@@@@@@@.[0m             
               [0;30;44mX[0;1;34;94;44m;@@@@@@t[0;30;44mS[0m               
                  [0;30;44m@. @[0m                  
