[0;1;30;90;43m@[0;1;33;93;43m%%SSSS[0;37;43m8[0;1;37;97;47m.:[0;1;30;90;42mX;ttt[0;1;37;97;47m.;;;:[0;1;30;90;42m;;::t[0;1;37;97;47m:::.[0;1;30;90;47m:[0;30;42m;;;t[0;1;30;90;42mS[0;1;30;90;47m....[0;37;5;40;100m8[0m
[0;1;30;90;43m8[0;33;5;43;103m%[0;33;5;40;100m8[0;31;5;40;100mS[0;1;30;90;40m8[0;30;5;40;100mX[0;33;5;40;100m88[0;1;30;90;43m8[0;1;33;93;47mS[0;1;30;90;42m8%%%%[0;1;37;97;47m88888[0;1;30;90;42mttt;%[0;1;37;97;47m8888%[0;1;30;90;42m::..X[0;1;37;97;47mXSS%[0;1;30;90;47mS[0m
[0;1;30;90;43m8[0;33;5;43;103m@[0;1;30;90;40m@XXXSX[0;30;5;40;100m8[0;37;43m@[0;37;5;43;103m@[0;1;30;90;43m8[0;1;30;90;42mXXX[0;1;37;97;47m8[0;37;5;47;107m8888[0;1;30;90;42m%%%tS[0;1;37;97;47m8888%[0;1;30;90;42m:::.X[0;1;37;97;47mXXSS[0;1;30;90;47mS[0m
[0;1;30;90;43m8[0;33;5;43;103mX[0;1;30;90;40mXXXXXS8[0;33;5;40;100m@[0;37;5;43;103m88[0;37;43m@[0;1;30;90;43m8[0;1;30;90;42m@[0;1;37;97;47m8[0;37;5;47;107m8888[0;1;30;90;42mXSS%S[0;1;37;97;47m8888%[0;1;30;90;42m::::X[0;1;37;97;47mXXSS[0;1;30;90;47m%[0m
[0;1;30;90;43mS[0;33;5;43;103mS[0;33;5;40;100m8[0;1;30;90;40mSXX@8[0;30;5;40;100m88[0;33;47m8[0;37;5;43;103m888[0;37;43m@[0;37;5;47;107m8@888[0;1;30;90;42m@XXSX[0;1;37;97;47m8888%[0;1;30;90;42m::::X[0;1;37;97;47mXXXS[0;1;30;90;47m%[0m
[0;30;42mt[0;33;42mX[0;1;30;90;43m8[0;37;43m@[0;1;30;90;43m8[0;33;5;40;100m8@[0;30;5;40;100m888[0;33;5;40;100mXS%t[0;1;33;93;47m8[0;37;5;43;103m8[0;1;37;97;47m8[0;37;5;47;107m@@@[0;1;30;90;42m88@X@[0;1;37;97;47m8888S[0;1;30;90;42m::::X[0;1;37;97;47m@XXS[0;1;30;90;47m%[0m
[0;30;42mt[0;1;30;90;42mt%[0;1;30;90;43m@[0;1;33;93;43m8[0;37;5;43;103m888[0;1;33;93;47m8[0;30;5;40;100m@8X[0;33;5;40;100m;[0;33;47m8[0;1;33;93;47m88[0;37;5;43;103m8[0;1;33;93;47mX[0;37;5;47;107m@X[0;1;30;90;42m888@8[0;37;5;47;107m8[0;1;37;97;47m888S[0;1;30;90;42m::::@[0;1;37;97;47m@XXX[0;1;30;90;47m%[0m
[0;30;42mt[0;1;30;90;42mt%SX[0;1;37;97;47mX[0;37;5;43;103m888[0;33;5;40;100m%[0;31;5;40;100m%[0;33;5;40;100m:[0;33;47m8[0;33;5;40;100m:[0;35;5;40;100m [0;33;5;40;100m.:;:[0;1;37;97;47m8[0;33;5;40;100m@[0;1;30;90;42m88@8[0;37;5;47;107m8[0;1;37;97;47m888S[0;1;30;90;42m;:::@[0;1;37;97;47m@XXX[0;1;30;90;47m%[0m
[0;30;42mt[0;1;30;90;42mt%SX[0;1;37;97;47mS[0;37;5;47;107m8[0;1;37;97;47m8[0;37;5;43;103m8[0;1;30;90;43m8[0;1;33;93;47m8[0;37;5;43;103m8[0;33;5;40;100m [0;36;5;40;100m  .:;[0;30;5;40;100mS[0;33;5;40;100m:[0;37;5;43;103m8[0;1;30;90;43m8[0;1;30;90;42m8@8[0;37;5;47;107m8[0;1;37;97;47m888S[0;1;30;90;42m;:::@[0;1;37;97;47m@@XX[0;1;30;90;47m%[0m
[0;30;42mt[0;1;30;90;42mt%SX[0;1;37;97;47mS[0;37;5;47;107m8@8[0;1;33;93;47mX[0;37;5;43;103m88[0;33;5;40;100m [0;36;5;40;100m.::;[0;30;5;40;100m%%[0;36;5;40;100mt[0;33;47m8[0;37;5;43;103m88[0;1;30;90;43m8[0;1;30;90;42m8[0;37;5;47;107m8[0;1;37;97;47m888S[0;1;30;90;42m;:::@[0;1;37;97;47m@XXX[0;1;30;90;47m%[0m
[0;30;42mt[0;1;30;90;42mt%SX[0;1;37;97;47mS[0;37;5;47;107m88@X[0;33;47m8[0;1;33;93;47m88[0;33;5;40;100m;;[0;36;5;40;100m%t[0;30;5;40;100m%[0;36;5;40;100mt[0;30;5;40;100mX[0;33;5;40;100m%[0;37;5;43;103m888[0;37;43m@[0;1;37;97;47m8888S[0;1;30;90;42m::::@[0;1;37;97;47m@XXX[0;1;30;90;47m%[0m
[0;30;42mS[0;1;30;90;42mtt%S[0;1;37;97;47m%[0;37;5;47;107m888@[0;32;5;40;100mS@[0;37;43m8[0;37;5;43;103m8[0;1;33;93;47m8[0;1;30;90;43m8[0;33;5;40;100m;;S[0;30;5;40;100m8[0;1;30;90;40m8[0;30;5;40;100mX[0;33;5;40;100m88[0;1;30;90;43m8[0;37;5;43;103m@[0;1;37;97;47mX88S[0;1;30;90;42m::::@[0;1;37;97;47m@XXS[0;1;30;90;47m8[0m
[0;32;40m8[0;1;30;90;42m;t%%[0;1;37;97;47m%[0;37;5;47;107m8888[0;1;30;90;42m888[0;1;30;90;43m8[0;1;33;93;47mS[0;37;5;43;103m8888[0;33;5;40;100mX[0;1;30;90;40m8@[0;30;5;40;100m8[0;1;30;90;43m8[0;37;5;43;103m@@X8[0;1;37;97;47m@S[0;1;30;90;42m::::X[0;1;37;97;47m@XXS[0;36;5;40;100m [0m
 [0;1;30;90;42m;;t%[0;1;37;97;47m%[0;37;5;47;107m8888[0;1;30;90;42m8@888[0;1;37;97;47m8[0;1;33;93;47m8[0;37;5;43;103m88[0;1;30;90;43m8[0;1;30;90;40m8[0;33;5;40;100m8[0;1;30;90;43m8[0;33;5;40;100m8[0;30;5;40;100mX@[0;33;5;40;100m88[0;1;30;90;43m8[0;1;33;93;47m8[0;33;42m@[0;1;30;90;42m:::X[0;1;37;97;47mXXXS[0m 
 [0;30;42mS[0;1;30;90;42m;;t[0;1;37;97;47mt88[0;37;5;47;107m88[0;1;30;90;42m8XXXX[0;1;37;97;47m8[0;37;5;47;107m8[0;1;37;97;47m@[0;37;5;43;103m8[0;37;43m@X[0;37;5;43;103m@[0;33;5;40;100m8[0;1;30;90;40m@XS[0;34;40m;;[0;31;40m;[0;1;30;90;43m8[0;33;5;43;103mS[0;1;30;90;43mX[0;33;42m;[0;1;30;90;42m.X[0;1;37;97;47mXXS[0;1;30;90;47mS[0m 
  [0;1;30;90;42m::;[0;1;37;97;47mt8888[0;1;30;90;42m8%SSS[0;1;37;97;47m8[0;37;5;47;107m8[0;1;37;97;47m88[0;1;33;93;47m@[0;37;5;43;103m@X[0;33;5;40;100m8[0;1;30;90;40mXS[0;34;40m;;:;[0;1;30;90;40mS[0;1;33;93;43mX[0;33;5;43;103mS[0;1;33;93;43m@[0;1;30;90;43m%[0;1;30;90;42mX[0;1;37;97;47mXS%[0m  
  [0;32;40m8[0;1;30;90;42m::[0;1;37;97;47m;8888[0;1;30;90;42m@tttt[0;1;37;97;47m@8888[0;32;43m@[0;1;33;93;43m8[0;1;30;90;43m8[0;31;40mt[0;34;40m;::;[0;1;30;90;40mS[0;34;40m;[0;1;30;90;43m8[0;33;5;43;103mSSX[0;37;43mS[0;1;37;97;47m%S[0;36;5;40;100m [0m  
   [0;30;42m8[0;1;30;90;42m:[0;1;37;97;47m;8888[0;1;30;90;42mX;;;;[0;1;37;97;47m@8888[0;1;30;90;42m;;[0;1;30;90;43mX[0;37;43mS[0;1;30;90;43m8[0;33;5;40;100m8[0;30;5;40;100mX[0;1;30;90;40m8[0;31;40m;[0;34;40m:[0;31;40mt[0;31;5;40;100m@[0;33;5;40;100m88[0;1;30;90;43m8[0;33;5;43;103mX[0;33;5;40;100mS[0m   
    [0;30;42m8[0;1;37;97;47m;8888[0;1;30;90;42mS::::[0;1;37;97;47mX8888[0;1;30;90;42m:::[0;33;42m%[0;1;30;90;43m8[0;33;5;43;103mSSX[0;1;33;93;43mX[0;1;30;90;40m8[0;34;40m..[0;31;40m;[0;1;30;90;43m@[0;1;33;93;43mX[0;1;30;90;43mS[0m    
     [0;36;5;40;100m;[0;1;37;97;47m%@@8[0;1;30;90;42mS::::[0;1;37;97;47mX8888[0;1;30;90;42m::::;[0;1;37;97;47mS[0;1;33;93;47m8[0;33;5;43;103mSX[0;1;30;90;43m@[0;34;40m.[0;30;5;40;100m@[0;1;30;90;43m8[0;1;33;93;43mS[0;31;5;40;100mS[0m     
       [0;1;30;90;47mS[0;1;37;97;47m@@[0;1;30;90;42mS::::[0;1;37;97;47mS@@@@[0;1;30;90;42m....;[0;1;37;97;47mXXt[0;33;5;43;103mX[0;1;30;90;43m8@[0;33;5;43;103m@[0;1;30;90;43mX[0m       
        [0;36;5;40;100mt[0;1;37;97;47m.[0;1;30;90;42m%....[0;1;37;97;47mS@XXX[0;1;30;90;42m....;[0;1;37;97;47mSSS%[0;33;47m8[0;1;33;93;43mt[0;31;5;40;100mS[0m        
          [0;32;40m@[0;30;42mt[0;1;30;90;42m...[0;1;37;97;47m%XXXX[0;1;30;90;42m..[0;30;42m..[0;1;30;90;42m:[0;1;37;97;47mSS%[0;1;30;90;47m.[0;36;5;40;100m.[0m          
             [0;30;42mS.[0;1;37;97;47mtSSSS[0;30;42m...:[0;1;30;90;42m:[0;1;37;97;47m%[0;1;30;90;47mX[0m             
               [0;36;5;40;100m [0;1;30;90;47m;[0;1;37;97;47m%%%[0;30;42m:::%[0;32;40m8[0m               
                  [0;36;5;40;100m [0;1;30;90;47m8[0;30;42mX[0;32;40m8[0m                  
