[0;1;30;90;47m8[0;1;37;97;47m::::[0;1;33;93;43m8[0;33;5;43;103m8888[0;1;37;97;47m;;;;;[0;33;5;43;103m88888[0;1;37;97;47m:::::[0;1;33;93;43m888@@[0;1;37;97;47m..  [0;1;30;90;47m [0;1;33;93;43mXXXX[0;1;30;90;43m [0m
[0;1;30;90;47m;[0;1;37;97;47m8888[0;33;5;43;103mt;;;;[0;1;37;97;47m88888[0;33;5;43;103m;;;;;[0;1;37;97;47m88888[0;33;5;43;103m;;ttt[0;1;37;97;47m@@@XX[0;33;5;43;103m%%SS[0;1;30;90;43m [0m
[0;1;30;90;47m;[0;1;37;97;47m888.[0;33;5;43;103mX;;;;[0;1;37;97;47m8[0;37;5;47;107m8888[0;33;5;43;103m;:;;;[0;1;37;97;47m88888[0;33;5;43;103m;;;;t[0;1;37;97;47m8@@@;[0;1;33;93;43mS[0;33;5;43;103m%SS[0;1;30;90;43m [0m
[0;37;43mX[0;37;5;43;103m8888[0;33;5;40;100m:S[0;1;30;90;43m8[0;1;37;97;47m88[0;1;33;93;47m8[0;37;5;43;103m8888[0;1;37;97;47m88888[0;37;5;43;103m88888[0;1;37;97;47m88888[0;37;5;43;103m88[0;37;5;40;100m8[0;36;5;40;100m.[0;33;5;40;100mS[0;1;37;97;47mtXSS[0;1;30;90;47m%[0m
[0;1;33;93;43mS[0;33;5;43;103m;;;;[0;1;37;97;47mS[0;36;5;40;100m  [0;1;30;90;47m.[0;37;5;47;107m8[0;37;5;43;103mX[0;33;5;43;103m::[0;37;5;43;103m%%[0;37;5;47;107m@@888[0;33;5;43;103m:::;;[0;1;37;97;47m88888[0;33;5;43;103mt[0;1;30;90;43m8[0;33;5;40;100mX8[0;33;5;43;103m8[0;1;37;97;47mXXXS[0;1;30;90;47m%[0m
[0;1;33;93;43mS[0;33;5;43;103m;;;;[0;1;37;97;47m8[0;37;5;47;107m88[0;1;30;90;47m;[0;36;5;40;100m [0;37;5;43;103m@SSSS[0;37;5;47;107mXXX@@[0;33;5;43;103m::::;[0;1;37;97;47m8888.[0;33;5;40;100m8[0;1;30;90;43m@[0;33;5;43;103mtt%[0;1;37;97;47m@XXS[0;1;30;90;47m%[0m
[0;33;47m8[0;1;33;93;47m8@@@[0;1;37;97;47m88888[0;37;5;40;100m8[0;1;30;90;43m8[0;1;33;93;47mX[0;1;37;97;47m8888888[0;1;33;93;47mSXXX@[0;1;37;97;47m8[0;1;33;93;47mS[0;1;37;97;47mX[0;33;5;40;100m 8[0;1;33;93;47m@8888XXXX[0;33;47m8[0m
[0;1;30;90;47m;[0;1;37;97;47m88[0;37;5;47;107m88[0;37;5;43;103mX[0;33;5;43;103m::[0;37;5;43;103mSS[0;37;5;47;107mX[0;1;37;97;47mS[0;37;5;40;100mX[0;1;30;90;47m:[0;37;5;47;107mX[0;37;5;43;103mXXXXS[0;37;5;47;107mX@888[0;33;5;43;103m;[0;1;30;90;43m@[0;33;5;40;100m8[0;1;33;93;43mX[0;33;5;43;103mt[0;1;37;97;47m8888@[0;33;5;43;103mt%%%[0;1;33;93;43mt[0m
[0;1;30;90;47m;[0;1;37;97;47m88[0;37;5;47;107m88[0;37;5;43;103mX[0;33;5;43;103m:[0;37;5;43;103m%SS[0;37;5;47;107mXXX[0;1;37;97;47m [0;37;5;40;100m8[0;1;33;93;47m8[0;37;5;43;103mXXXX[0;37;5;47;107mX@88[0;1;37;97;47m.[0;33;5;40;100m8[0;1;30;90;43m@[0;33;5;43;103m;;t[0;1;37;97;47m8888@[0;33;5;43;103mt%%%[0;1;33;93;43mt[0m
[0;1;30;90;47m;[0;1;37;97;47m8888[0;37;5;43;103m888@X[0;37;5;47;107mXXSS[0;1;37;97;47m8[0;1;30;90;47mX[0;33;5;40;100m:[0;37;5;43;103m8XX[0;37;5;47;107mX[0;1;37;97;47m8@[0;37;5;40;100mS[0;33;5;40;100mt[0;37;5;43;103m8@@@@[0;1;37;97;47m8888@[0;33;5;43;103m%SSS[0;1;30;90;43m8[0m
[0;1;33;93;43m%[0;33;5;43;103m;;;:[0;1;37;97;47m8[0;37;5;47;107m88@X[0;37;5;43;103mXXXXX[0;37;5;47;107mX[0;1;37;97;47m@[0;37;5;40;100mX[0;1;30;90;47mS[0;37;5;47;107m@[0;37;5;43;103mS[0;1;30;90;43m8[0;33;5;40;100m@[0;33;5;43;103m@;[0;37;5;47;107m8[0;1;37;97;47m8888[0;33;5;43;103m;;tt%[0;1;37;97;47m@XXX[0;1;30;90;47m%[0m
[0;1;30;90;43m:[0;33;5;43;103m;;;;[0;1;37;97;47m8[0;37;5;47;107m888@[0;37;5;43;103mXSSSX[0;37;5;47;107mXXX[0;1;30;90;47m [0;36;5;40;100m [0;33;5;40;100mS[0;1;30;90;43m8[0;33;5;43;103m::;[0;1;37;97;47m88888[0;33;5;43;103m;;tt%[0;1;37;97;47m@XXS[0;1;30;90;47m8[0m
[0;1;30;90;43m:[0;33;5;43;103m;;;;[0;1;37;97;47m8[0;37;5;47;107m8888[0;37;5;43;103mXSSSS[0;37;5;47;107m@@[0;1;37;97;47m@[0;37;5;40;100m%[0;1;30;90;47m8[0;1;30;90;43m8[0;33;5;40;100m8[0;33;5;43;103mX;;[0;1;37;97;47m88888[0;33;5;43;103m;ttt%[0;1;37;97;47mXXXS[0;33;5;40;100m [0m
 [0;1;37;97;47m8888[0;33;5;43;103m;;;::[0;37;5;47;107m88888[0;37;5;43;103mS[0;1;30;90;43m8[0;33;5;40;100m8[0;33;5;43;103mX:[0;37;5;47;107m8[0;1;37;97;47m%[0;36;5;40;100m [0;37;5;40;100m@[0;1;37;97;47m@[0;33;5;43;103m;;;;t[0;1;37;97;47m88@@@[0;33;5;43;103m%%%S[0m 
 [0;1;30;90;47mS[0;1;37;97;47m888[0;33;5;43;103mt;;;;[0;1;37;97;47m8[0;37;5;47;107m888[0;1;30;90;47m;[0;33;5;40;100m8[0;1;33;93;43mS[0;33;5;43;103m::;[0;37;5;47;107m8[0;1;37;97;47m88[0;1;30;90;47m;[0;33;5;40;100mt[0;1;30;90;43mS[0;33;5;43;103m;;;t[0;1;37;97;47m8@@@X[0;33;5;43;103m%%%[0;1;30;90;43m [0m 
  [0;1;37;97;47m@88[0;33;5;43;103mt;;;;[0;1;37;97;47m88t[0;36;5;40;100m [0;37;5;40;100m8[0;33;5;43;103mt;;;;[0;1;37;97;47m8888@[0;1;30;90;43m%[0;33;5;40;100m8[0;1;33;93;43m8[0;33;5;43;103mtt[0;1;37;97;47m@@@XX[0;33;5;43;103m%%S[0m  
  [0;33;5;40;100m8[0;37;5;43;103mSX[0;1;37;97;47m88888[0;37;5;43;103m8[0;33;5;40;100m%8[0;33;5;43;103m@[0;37;5;43;103mX[0;1;37;97;47m88888[0;37;5;43;103mXXXXX[0;1;37;97;47m8t[0;33;5;40;100m X[0;1;37;97;47mS[0;33;5;43;103m%SSS[0;37;5;43;103m@[0;1;37;97;47mSS[0;33;5;40;100mX[0m  
   [0;1;30;90;43m.[0;33;5;43;103mt[0;1;37;97;47m8888[0;1;30;90;47m@[0;33;5;40;100m8[0;1;33;93;43mS[0;33;5;43;103m;;;[0;1;37;97;47m88888[0;33;5;43;103m;;;;t[0;1;37;97;47m88@[0;1;30;90;47m;[0;30;5;40;100mS[0;1;30;90;43mt[0;33;5;43;103m%%%S[0;1;37;97;47mS[0;37;5;40;100mS[0m   
    [0;1;30;90;43m:[0;1;37;97;47m88.[0;36;5;40;100m;[0;37;5;40;100m8[0;33;5;43;103mt;;;;[0;1;37;97;47m88888[0;33;5;43;103m;tttt[0;1;37;97;47m@@@@X[0;1;30;90;43mt[0;31;5;40;100mS[0;1;33;93;43mS[0;33;5;43;103mSS[0;36;5;40;100m [0m    
     [0;33;5;40;100mS[0;33;47m8[0;1;30;90;43m%[0;1;33;93;47m88XXXXX88888XXXXX88888X[0;33;47mS[0;33;5;40;100m [0;33;47m@[0;33;5;40;100m8[0m     
       [0;1;30;90;43m.[0;33;5;43;103mtt[0;1;37;97;47m@@@@@[0;33;5;43;103mttttt[0;1;37;97;47m@@@XX[0;33;5;43;103m%%%%S[0;1;37;97;47mSS[0;1;30;90;47mS[0m       
        [0;31;43m8[0;1;33;93;43m@[0;1;37;97;47mXX@@@[0;33;5;43;103m%%%%%[0;1;37;97;47mXXXXX[0;33;5;43;103m%%SSS[0;1;30;90;47m [0;36;5;40;100m;[0m        
          [0;33;5;40;100m.[0;1;30;90;47m [0;1;37;97;47mXXX[0;37;5;43;103m88888[0;1;37;97;47mXSS[0;1;33;93;47mSS[0;37;5;43;103m888[0;1;33;93;43mX[0;1;30;90;43m.[0m          
             [0;1;30;90;43m [0;33;5;43;103mS[0;1;37;97;47mSSSSS[0;33;5;43;103mSSSSS[0;1;37;97;47m%[0;1;30;90;47mX[0m             
               [0;33;5;40;100m [0;1;30;90;47m;[0;1;37;97;47m%%%[0;33;5;43;103mSSS[0;1;33;93;43mS[0;1;30;90;43m.[0m               
                  [0;36;5;40;100m [0;1;30;90;47m8[0;1;30;90;43m  [0m                  
