[0;1;30;90;41m.[0;1;31;91;41mSSSSSSSSXXXXXXXXXXXXSSSSSSSSS%%%%%%ttt[0;30;41m:[0m
[0;1;31;91;41m;8[0;31;5;41;101m8888888888888888888888888[0;1;31;91;41m8888888888@@.[0m
[0;1;31;91;41m;[0;31;5;41;101m8888888888888888888888888888[0;1;31;91;41m888888888@:[0m
[0;1;31;91;41m;[0;31;5;41;101m8888[0;1;37;97;47m [0;37;5;47;107m8[0;1;37;97;47m [0;1;30;90;47m8[0;31;5;41;101m@8@[0;1;30;90;47m8[0;1;37;97;47m [0;37;5;47;107m88[0;1;37;97;47mt[0;1;30;90;47m@[0;35;5;41;101m@[0;31;5;41;101m@8[0;35;5;41;101m@[0;1;30;90;47m8[0;1;37;97;47m:[0;37;5;47;107m8[0;1;37;97;47mX [0;1;30;90;47m8[0;31;5;41;101m888[0;35;5;41;101m8[0;1;30;90;47m8[0;1;37;97;47mS [0;1;31;91;41m8888:[0m
[0;1;31;91;41m;[0;31;5;41;101m8888[0;1;30;90;47m8[0;37;5;47;107m;;[0;1;37;97;47m [0;37;5;47;107m8::[0;1;30;90;47m@[0;37;5;47;107m..t[0;1;37;97;47m [0;37;5;47;107m::[0;1;37;97;47mSt[0;37;5;47;107m;;[0;1;30;90;47mX[0;37;5;47;107mStt[0;1;30;90;47m8[0;37;5;47;107mtt8[0;1;30;90;47m@[0;37;5;47;107m%%[0;1;30;90;47m8[0;1;31;91;41m8888:[0m
[0;1;31;91;41m;[0;31;5;41;101m88888[0;1;37;97;47m%[0;37;5;47;107mt[0;35;5;40;100m:.[0;1;37;97;47mS[0;37;5;47;107m;[0;37;5;41;101m8[0;37;5;47;107m% 8[0;1;30;90;47m8[0;37;5;47;107m..[0;1;37;97;47m  [0;37;5;47;107m:;[0;35;5;41;101m@[0;1;37;97;47m@[0;37;5;47;107m;@[0;31;5;41;101m8[0;37;5;47;107mXt[0;1;37;97;47m [0;1;30;90;47m8[0;37;5;47;107m%[0;1;37;97;47mt[0;1;31;91;41m88888:[0m
[0;1;31;91;41m;[0;31;5;41;101m88888[0;1;37;97;47m [0;37;5;47;107m:[0;1;30;90;47mt[0;36;5;40;100m ;[0;1;30;90;47m88[0;37;5;47;107mX 8[0;1;37;97;47m [0;37;5;47;107m.@[0;1;30;90;47m8[0;1;37;97;47m.[0;37;5;47;107m:;[0;1;30;90;47mX[0;1;37;97;47mX[0;37;5;47;107m;8[0;1;30;90;47m8[0;37;5;47;107m8t[0;1;37;97;47m:[0;1;30;90;47m8[0;37;5;47;107m%[0;1;30;90;47mX[0;1;31;91;41m88888:[0m
[0;1;31;91;41m;[0;31;5;41;101m8888@[0;1;37;97;47m X[0;37;5;47;107m..[0;1;30;90;47m8[0;36;5;40;100m  [0;1;30;90;47m.[0;1;37;97;47m [0;37;5;47;107m ;[0;1;30;90;47mS[0;35;5;40;100m:[0;36;5;40;100m.[0;37;5;47;107m%[0;1;37;97;47m.[0;37;5;47;107m8:;[0;1;30;90;47m8[0;37;5;47;107m;tS[0;1;30;90;47m8[0;37;5;47;107mtt[0;1;37;97;47mS[0;1;30;90;47mX[0;31;5;41;101m8[0;1;31;91;41m8888:[0m
[0;1;31;91;41m;[0;31;5;41;101m8888[0;1;37;97;47m;[0;1;30;90;47m@[0;1;37;97;47m [0;37;5;47;107m..[0;1;30;90;47m8[0;1;37;97;47mS[0;1;30;90;47mX[0;36;5;40;100m [0;37;5;40;100mX[0;1;30;90;47m.[0;37;5;40;100mX[0;1;30;90;47m@@[0;37;5;47;107m .[0;1;30;90;47m8[0;1;37;97;47m;[0;37;5;47;107m:%[0;35;5;41;101m@[0;37;5;47;107m8t[0;1;37;97;47mX[0;35;5;41;101m8[0;37;5;47;107mtt[0;1;30;90;47m88[0;1;37;97;47m [0;1;31;91;41m8888:[0m
[0;1;31;91;41m;[0;31;5;41;101m8888[0;37;5;47;107m8[0;1;37;97;47m .[0;37;5;47;107m.:[0;1;37;97;47m [0;37;5;47;107m8 [0;1;37;97;47m:[0;36;5;40;100m:::[0;35;5;40;100m;t[0;1;30;90;47mS[0;1;37;97;47m. [0;1;30;90;47mXX8[0;31;5;41;101m8[0;1;37;97;47m [0;37;5;47;107mt[0;1;37;97;47mX[0;1;30;90;47m8[0;37;5;47;107mSt[0;1;37;97;47m [0;1;30;90;47mS[0;1;37;97;47m@[0;1;31;91;41m8888:[0m
[0;1;31;91;41m;[0;31;5;41;101m8888[0;35;5;41;101m@[0;37;5;47;107mt:[0;1;37;97;47m [0;37;5;47;107mX t[0;1;30;90;47m88[0;1;37;97;47m [0;30;5;40;100mS%S@[0;31;5;40;100m@[0;31;5;41;101m8@@88888[0;37;5;47;107m%t8[0;1;30;90;47mX[0;37;5;47;107m%S[0;31;5;41;101m8[0;1;31;91;41m8888:[0m
[0;1;30;90;41m:[0;31;5;41;101m88888[0;1;37;97;47m [0;37;5;47;107m:[0;1;30;90;47m8[0;1;37;97;47mS[0;37;5;47;107m8[0;36;5;40;100mt[0;35;5;40;100m;[0;37;5;47;107m%:[0;35;5;40;100m.[0;30;5;40;100m@8[0;31;5;40;100mX[0;1;30;90;41m8[0;31;5;41;101m@@888888[0;1;37;97;47m;[0;37;5;47;107mt[0;1;37;97;47m [0;1;30;90;47m8[0;37;5;47;107m%[0;1;37;97;47m [0;1;31;91;41m88888[0;30;41m.[0m
[0;30;41mS[0;31;5;41;101m88888[0;1;30;90;47m8[0;37;5;47;107m;[0;1;37;97;47m %[0;37;5;47;107m:[0;1;37;97;47mS[0;1;30;90;47mX[0;37;5;47;107m@.[0;1;30;90;47m8[0;1;31;91;41m8[0;1;30;90;41m8[0;31;5;41;101m8@@8888888[0;37;5;47;107m8t[0;1;37;97;47m:[0;1;30;90;47m8[0;37;5;47;107m%[0;1;30;90;47m8[0;1;31;91;41m88888[0;30;41mX[0m
 [0;31;5;41;101m88888[0;1;37;97;47m%[0;37;5;47;107m;;;[0;1;30;90;47mX[0;37;5;47;107mt::[0;1;37;97;47m [0;37;5;47;107m%[0;35;5;41;101m@[0;31;5;41;101m@888888888[0;1;37;97;47m [0;37;5;47;107mS[0;1;30;90;47m8[0;37;5;47;107m%%%[0;1;37;97;47m%[0;1;31;91;41m88888[0m 
 [0;1;31;91;41m.[0;31;5;41;101m8888[0;1;37;97;47m [0;37;5;47;107m;;t[0;35;5;41;101m@[0;37;5;47;107m8;@[0;35;5;41;101m@[0;37;5;47;107mt%[0;35;5;40;100m [0;31;5;41;101m8888888[0;1;31;91;41m8[0;1;37;97;47m [0;37;5;47;107mt[0;1;37;97;47mX[0;35;5;41;101m8[0;37;5;47;107m%%S[0;1;37;97;47m [0;1;31;91;41m8888.[0m 
  [0;1;31;91;41m8[0;31;5;41;101m8888[0;1;30;90;47mS[0;37;5;47;107mX%[0;1;30;90;47m8[0;1;37;97;47mS[0;37;5;47;107m;8[0;1;30;90;47m8[0;37;5;47;107mX;[0;1;37;97;47m:[0;1;30;90;47m88[0;31;5;41;101m8888[0;35;5;40;100m [0;1;30;90;40mX[0;1;30;90;47m@[0;37;5;47;107mt[0;1;37;97;47m%[0;1;30;90;47m8[0;37;5;47;107mX@[0;1;30;90;47mX[0;1;31;91;41m8888@[0m  
  [0;30;41m@[0;31;5;41;101m888888[0;1;30;90;47mS[0;37;5;47;107mtt[0;1;30;90;47m8[0;37;5;47;107mttS[0;1;30;90;47mX[0;37;5;47;107mtt[0;1;37;97;47mt  t[0;1;30;90;47m@[0;37;5;47;107mX8[0;1;30;90;47m8[0;35;5;40;100m [0;37;5;47;107mS%[0;1;30;90;47mX[0;1;31;91;41m888888[0;30;41m@[0m  
   [0;30;41mt[0;1;31;91;41m88[0;31;5;41;101m8888[0;1;37;97;47m [0;37;5;47;107mS[0;31;5;41;101m8[0;37;5;47;107m8t[0;1;37;97;47m%[0;35;5;41;101m@[0;37;5;47;107mtt[0;1;30;90;47m8X[0;37;5;47;107mtt[0;35;5;41;101m8[0;1;37;97;47mX[0;37;5;47;107m%8[0;31;5;41;101m8[0;1;37;97;47m8[0;1;30;90;47m%[0;1;31;91;41m88888@[0;30;41mt[0m   
    [0;30;41m%[0;1;31;91;41m8888[0;31;5;41;101m88[0;37;5;47;107m8[0;1;30;90;47m8[0;1;37;97;47m@[0;37;5;47;107mt[0;1;37;97;47mt[0;1;30;90;47m8[0;37;5;47;107m%t[0;1;37;97;47m [0;1;30;90;47mS[0;37;5;47;107m%%[0;1;30;90;47m8[0;1;37;97;47m;[0;37;5;47;107m%[0;1;37;97;47m@[0;1;30;90;47m8[0;1;37;97;47m8[0;1;31;91;41m88888@[0;30;41m%[0m    
     [0;30;41m8[0;1;31;91;41m@8888[0;35;5;41;101m8[0;1;37;97;47mt[0;37;5;47;107m%%%%8[0;1;30;90;47mS[0;37;5;47;107m%%[0;1;37;97;47m X[0;37;5;47;107mSSSS[0;1;37;97;47m;[0;35;5;40;100mt[0;1;31;91;41m888@X[0;30;41m8[0m     
       [0;1;31;91;41m:888888[0;31;5;41;101m8[0;1;30;90;47m8[0;1;37;97;47m: [0;1;30;90;47m8[0;37;5;47;107mSS[0;1;30;90;47m8[0;1;37;97;47m :[0;1;30;90;47m8[0;31;5;41;101m8[0;1;31;91;41m8888@@.[0m       
        [0;31;40m8[0;1;31;91;41mS88888888[0;1;30;90;47m8[0;37;5;47;107mSS[0;1;30;90;47m8[0;1;31;91;41m888888@@%[0;30;41m8[0m        
          [0;30;41m8[0;1;31;91;41m%8888888[0;1;30;90;47m88[0;1;31;91;41m8888@@@%[0;30;41m8[0m          
             [0;1;31;91;41m.@8888@@@@@@@.[0m             
               [0;30;41mX[0;1;31;91;41m;@@@@@@t[0;30;41mS[0m               
                  [0;30;41m@. @[0m                  
