[0;36;5;40;100m.    [0;37;5;40;100m%%SSSSSSSSSSSSSSS%%[0;36;5;40;100m               :[0m
[0;36;5;40;100m [0;37;5;40;100m8888888[0;1;30;90;47m88888888888888[0;37;5;40;100m888888888@@@@XXXS[0;36;5;40;100m [0m
[0;36;5;40;100m [0;37;5;40;100m8888[0;1;30;90;47m8888888888888888888[0;37;5;40;100m88888888@@@@XXX[0;36;5;40;100m [0m
[0;36;5;40;100m [0;37;5;40;100m888[0;1;30;90;47m88888@@@@XXX@@@@888888[0;37;5;40;100m8888888@@@@XX[0;36;5;40;100m [0m
[0;36;5;40;100m [0;37;5;40;100m88[0;1;30;90;47m8888@@XXXSSSSSSXX@@88888[0;37;5;40;100m8888888@@@XX[0;36;5;40;100m [0m
[0;36;5;40;100m [0;37;5;40;100m8[0;1;30;90;47m8888@@XSS%%%t%%%SSXX@@8888[0;37;5;40;100m888888@@@@X[0;36;5;40;100m [0m
[0;36;5;40;100m [0;1;30;90;47m8888@S; ;8%tt;;ttt%SXX@8888[0;37;5;40;100m888888XX[0;36;5;40;100m [0;37;5;40;100m@X[0;36;5;40;100m [0m
[0;36;5;40;100m [0;1;30;90;47m8888;[0;1;37;97;47m:[0;37;5;47;107mS[0;1;37;97;47m8@[0;37;5;47;107mt[0;1;37;97;47m8t;[0;1;30;90;47m%t;;tt%SX@@888[0;37;5;40;100m8@S[0;36;5;40;100m [0;1;30;90;47m88[0;1;37;97;47m@@[0;37;5;40;100mX@X[0;36;5;40;100m [0m
[0;36;5;40;100m [0;1;30;90;47m88[0;37;5;40;100m8[0;1;37;97;47m..88[0;37;5;47;107m8@[0;1;37;97;47mX[0;37;5;47;107m;tS@[0;1;37;97;47m :[0;1;30;90;47mtS%: [0;1;37;97;47m..[0;1;30;90;47mS[0;37;5;40;100m8@[0;1;30;90;47m%[0;1;37;97;47m:%[0;37;5;47;107mX[0;1;37;97;47m@[0;37;5;47;107mXX[0;1;30;90;47m [0;37;5;40;100mS@@X[0;36;5;40;100m [0m
[0;36;5;40;100m [0;1;30;90;47m888[0;37;5;40;100m8[0;1;30;90;47m8S[0;1;37;97;47m8[0;37;5;47;107m@[0;1;37;97;47m8888[0;37;5;47;107mX%[0;1;37;97;47mt[0;37;5;47;107m.:;:::;;%8[0;1;37;97;47mS.[0;1;30;90;47m@[0;37;5;40;100mX[0;1;30;90;47m8[0;37;5;40;100m8XSX@@@X[0;36;5;40;100m [0m
[0;36;5;40;100m [0;1;30;90;47m8888@@8%[0;1;37;97;47m ;[0;37;5;47;107mX[0;1;37;97;47m8[0;37;5;47;107m8X[0;1;37;97;47m8[0;37;5;47;107m;;@[0;1;37;97;47mXSSS[0;37;5;47;107mX%S8S[0;1;37;97;47m8[0;1;30;90;47mX[0;37;5;40;100m@8888@@@X[0;36;5;40;100m [0m
[0;36;5;40;100m [0;37;5;40;100m8[0;1;30;90;47m8888[0;37;5;40;100m8[0;37;5;47;107m@[0;1;37;97;47m;%8[0;1;30;90;47m:[0;1;37;97;47m [0;37;5;47;107m8[0;1;37;97;47m8[0;37;5;47;107mX[0;1;37;97;47m:[0;1;30;90;47m;@@[0;1;37;97;47m88[0;1;30;90;47m; [0;37;5;47;107m%%8[0;1;37;97;47m@S[0;1;30;90;47m%[0;36;5;40;100m [0;37;5;40;100m8888@@@X[0;36;5;40;100m:[0m
[0;30;5;40;100mX[0;37;5;40;100m8[0;1;30;90;47m8888[0;1;37;97;47m.[0;37;5;47;107m8[0;37;5;40;100m8[0;1;30;90;47mXXS@[0;37;5;40;100m8[0;1;37;97;47mXS[0;1;30;90;47m8SS8[0;1;37;97;47mt[0;37;5;47;107mX@[0;1;30;90;47m8[0;37;5;40;100m8[0;1;30;90;47m;[0;1;37;97;47m.%[0;37;5;47;107m8[0;1;37;97;47m8[0;37;5;40;100m8[0;36;5;40;100m [0;37;5;40;100mX8@@@XX[0;30;5;40;100m@[0m
 [0;37;5;40;100m88[0;1;30;90;47m8[0;37;5;40;100m8S[0;1;37;97;47m:[0;37;5;40;100m@[0;1;30;90;47m8@@XX8[0;1;37;97;47m8[0;1;30;90;47m.8X@@88[0;1;37;97;47m;S[0;37;5;40;100mX[0;1;30;90;47m8[0;37;5;40;100m88X[0;36;5;40;100m [0;1;37;97;47mS[0;37;5;47;107m@[0;37;5;40;100m@@@@@XX[0m 
 [0;36;5;40;100m [0;37;5;40;100m88888[0;1;30;90;47m888888[0;1;37;97;47mX%[0;37;5;40;100mS[0;1;30;90;47m@@8[0;37;5;40;100m8[0;1;30;90;47mt[0;1;37;97;47m:%[0;1;30;90;47m%[0;37;5;40;100m@8888@[0;1;30;90;47m:[0;37;5;47;107m8[0;37;5;40;100m@@@@XX[0;36;5;40;100m [0m 
  [0;37;5;40;100m88888[0;1;30;90;47m8888[0;37;5;40;100m8[0;1;30;90;47mXt[0;37;5;40;100mX8[0;1;30;90;47m88[0;37;5;40;100m8[0;36;5;40;100m [0;1;30;90;47m8S[0;37;5;40;100mX88888[0;36;5;40;100m  [0;1;37;97;47mt[0;37;5;40;100m8[0;36;5;40;100m [0;37;5;40;100m@@XXS[0m  
  [0;30;5;40;100m8[0;37;5;40;100m8888888[0;1;30;90;47m88[0;37;5;40;100m8@[0;1;30;90;47m88888[0;37;5;40;100m888888888@SSX@@XXX[0;30;5;40;100m8[0m  
   [0;36;5;40;100mt[0;37;5;40;100m8888888888888888888888888@@@@XXX[0;36;5;40;100m%[0m   
    [0;30;5;40;100m%[0;37;5;40;100m8888888888888888888888@@@@XXXX[0;30;5;40;100mS[0m    
     [0;1;30;90;40m8[0;37;5;40;100mX88888888888888888@@@@@@XXX%[0;1;30;90;40m8[0m     
       [0;36;5;40;100m [0;37;5;40;100m@@888888888@@@@@@@@XXXXX[0;36;5;40;100m [0m       
        [0;1;30;90;40m8[0;36;5;40;100m [0;37;5;40;100m@@@@@@@@@@@@@@XXXXXX[0;36;5;40;100m [0;1;30;90;40m8[0m        
          [0;30;5;40;100m8[0;36;5;40;100m [0;37;5;40;100m@@@@@@XXXXXXXXXS[0;36;5;40;100m [0;30;5;40;100m8[0m          
             [0;36;5;40;100m [0;37;5;40;100mXXXXXXXXXSSS[0;36;5;40;100m [0m             
               [0;30;5;40;100m@[0;36;5;40;100m [0;37;5;40;100mSSSSSS[0;36;5;40;100m [0;30;5;40;100mX[0m               
                  [0;30;5;40;100m8[0;36;5;40;100m..[0;30;5;40;100m8[0m                  
