[0;1;30;90;47m%[0;1;37;97;47mSSXXXXXXXXXXXXXXXXXXXXXXXSSSSS%%%ttt;;[0;1;30;90;47mX[0m
[0;1;37;97;47m.[0;37;5;47;107mXSSSSSSSSSS%%%%%SSSSSSSSSSSXXX@@@88888[0;1;30;90;47m.[0m
[0;1;37;97;47m.[0;37;5;47;107mSSSSSSS%%%%%%%%%%%%%SSSSSSSSXXX@@@8888[0;1;30;90;47m.[0m
[0;1;37;97;47m.[0;37;5;47;107mSSSSS%%%%%ttttttt%%%%%SSSSSSSXXX@@@888[0;1;30;90;47m.[0m
[0;1;37;97;47m.[0;37;5;47;107mSSSS%%%ttt;;;;;;;ttt%%%%SSSSSSXXX@@888[0;1;30;90;47m.[0m
[0;1;37;97;47m.[0;37;5;47;107mSSS%%%%t;;;::::::;;ttt%%%SSSSSXXX@@@88[0;1;30;90;47m.[0m
[0;1;37;97;47m.[0;37;5;47;107mSS%%%[0;1;37;97;47mt[0;1;30;90;47mX[0;1;37;97;47m;[0;1;30;90;47mX[0;1;37;97;47m%[0;37;5;47;107mt::::::::;;t%%%SSSSSSXX[0;1;37;97;47m@ [0;1;30;90;47m;[0;37;5;47;107m88[0;1;30;90;47m.[0m
[0;1;37;97;47m.[0;37;5;47;107mS%%X[0;1;37;97;47m [0;37;5;40;100m8[0;1;30;90;47m@88%%;[0;1;37;97;47m;8[0;37;5;47;107m%:::::;tt%%%SX8[0;1;30;90;47m :[0;37;5;40;100mX[0;36;5;40;100m [0;37;5;40;100mXS[0;1;30;90;47m.[0;37;5;47;107m@8[0;1;30;90;47m.[0m
[0;1;37;97;47m:[0;37;5;47;107mS%[0;1;37;97;47mX[0;37;5;40;100m@8[0;1;30;90;47mX8@S8t;t;%[0;1;37;97;47mt8[0;37;5;47;107m8[0;1;37;97;47m@t [0;1;30;90;47m;t.[0;1;37;97;47mX[0;1;30;90;47mS[0;37;5;40;100m@XX8X8[0;1;30;90;47m8[0;37;5;40;100m@[0;1;37;97;47m;[0;37;5;47;107m@@8[0;1;30;90;47m.[0m
[0;1;37;97;47m.[0;37;5;47;107mS%%[0;1;37;97;47m8[0;1;30;90;47mXt8XX@@X%;8.:ttt%%%S8[0;37;5;40;100mXX8[0;1;30;90;47m@ [0;1;37;97;47m:SX8[0;37;5;47;107m@@@8[0;1;30;90;47m.[0m
[0;1;37;97;47m.[0;37;5;47;107mSS%%%%[0;1;30;90;47mX[0;1;37;97;47m [0;1;30;90;47m8[0;37;5;40;100m8[0;1;30;90;47mSXS%@ttS8[0;37;5;40;100m888[0;1;30;90;47m8@8[0;37;5;40;100m8[0;1;30;90;47m8[0;37;5;40;100m@[0;36;5;40;100m [0;37;5;47;107m8SXXX@@88[0;1;30;90;47m.[0m
[0;1;30;90;47mt[0;37;5;47;107mSS%%%[0;1;37;97;47mt[0;1;30;90;47m88@X8[0;37;5;40;100m8[0;1;30;90;47mX@XS[0;1;37;97;47m%8[0;1;30;90;47m%88[0;36;5;40;100m [0;37;5;40;100m%[0;1;30;90;47mX@[0;37;5;40;100m8@X[0;36;5;40;100m [0;37;5;40;100m8[0;37;5;47;107mXXXX@@88[0;1;30;90;47mS[0m
[0;37;5;40;100m%[0;37;5;47;107mSSS%8[0;1;30;90;47mS8[0;1;37;97;47m%[0;37;5;47;107mt;;X[0;1;30;90;47m.8[0;37;5;40;100m8[0;1;37;97;47mt[0;37;5;47;107m;;8[0;1;30;90;47m8X8[0;37;5;40;100mS[0;1;30;90;47m S[0;37;5;40;100m8S@X[0;36;5;40;100m:[0;1;30;90;47mt[0;1;37;97;47m8[0;37;5;47;107mX@@@88[0;36;5;40;100m [0m
 [0;37;5;47;107mSSSX[0;36;5;40;100m [0;37;5;40;100m8[0;1;30;90;47mS[0;37;5;47;107m@%ttt8[0;1;30;90;47m8[0;37;5;40;100m8[0;37;5;47;107m@tttX[0;1;30;90;47m8[0;37;5;40;100mSX[0;1;30;90;47m@[0;37;5;47;107mSS@[0;1;37;97;47m;[0;37;5;40;100mSX8[0;36;5;40;100m [0;37;5;47;107m8@@888[0m 
 [0;1;30;90;47m:[0;37;5;47;107mSSS8[0;1;37;97;47m8[0;37;5;47;107m%%%%%[0;1;37;97;47mS[0;1;30;90;47m8[0;37;5;40;100m8[0;1;30;90;47m [0;37;5;47;107m%%S[0;1;37;97;47m@[0;1;30;90;47m [0;37;5;40;100m@@X[0;1;37;97;47mX[0;37;5;47;107mSSSS@[0;37;5;40;100mS@S[0;37;5;47;107m8@888[0;1;30;90;47m:[0m 
  [0;37;5;47;107m@SSSSSSS%[0;1;37;97;47m8[0;37;5;40;100mS8[0;1;30;90;47mS[0;1;37;97;47m8[0;37;5;47;107m%%8[0;1;30;90;47m@8t[0;1;37;97;47mS[0;37;5;47;107mSSSSS[0;1;37;97;47m;[0;36;5;40;100m [0;37;5;40;100m%S[0;1;30;90;47m [0;37;5;47;107m@888[0;1;37;97;47m8[0m  
  [0;36;5;40;100m [0;37;5;47;107mSSSSSSSSS8[0;1;37;97;47m8[0;37;5;47;107mSSSSSSSSSSSSXX@[0;1;37;97;47m8;8[0;37;5;47;107m@8888[0;36;5;40;100m [0m  
   [0;37;5;40;100m8[0;37;5;47;107mXSSSSSSSSSSSSSSSSSSSXXXXX@@@8888[0;37;5;40;100m8[0m   
    [0;37;5;40;100m@[0;37;5;47;107mXXXSSSSSSSSSSSSSXXXXX@@@@88888[0;37;5;40;100mX[0m    
     [0;36;5;40;100m.[0;1;37;97;47m8[0;37;5;47;107mXXXXXXXXXXXXXXXXX@@@@88888[0;1;37;97;47m8[0;36;5;40;100m.[0m     
       [0;1;30;90;47m:[0;37;5;47;107m@@@XXXXXXXX@@@@@@@888888[0;1;30;90;47m:[0m       
        [0;36;5;40;100m:[0;1;37;97;47mS[0;37;5;47;107m@@@@@@@@@@@@88888888[0;1;37;97;47m%[0;36;5;40;100m.[0m        
          [0;36;5;40;100m [0;1;37;97;47m%[0;37;5;47;107m8888888888888888[0;1;37;97;47mt[0;36;5;40;100m [0m          
             [0;1;30;90;47m;[0;37;5;47;107m888888888888[0;1;30;90;47m;[0m             
               [0;36;5;40;100m [0;1;37;97;47m:[0;37;5;47;107m888888[0;1;37;97;47m:[0;36;5;40;100m [0m               
                  [0;36;5;40;100m [0;1;30;90;47m%%[0;36;5;40;100m [0m                  
