[0;34;40m....[0;36;5;40;100m [0;37;5;40;100m%%S[0;1;30;90;40mS[0;34;40m:::[0;36;5;40;100m [0;37;5;40;100mSSS[0;34;40m;:::[0;37;5;40;100mSS%[0;36;5;40;100m [0;34;40m...:[0;36;5;40;100m    [0;34;40m.. :[0;36;5;40;100m   :[0m
[0;34;40m..::[0;37;5;40;100mS888[0;1;30;90;40m@[0;34;40m;;;[0;37;5;40;100m8[0;1;30;90;47m888[0;1;30;90;40mX[0;34;40m;;;[0;1;30;90;47m88[0;37;5;40;100m88[0;34;40m::::[0;37;5;40;100m888S[0;34;40m...;[0;37;5;40;100mXXS[0;36;5;40;100m [0m
[0;36;5;40;100mt   [0;30;5;40;100mX@@@[0;36;5;40;100m    %[0;30;5;40;100mSSS[0;36;5;40;100m    [0;30;5;40;100mXX@@[0;36;5;40;100m    [0;30;5;40;100m8888[0;36;5;40;100m   :[0;1;30;90;40m888X[0m
[0;36;5;40;100m [0;37;5;40;100m888[0;1;30;90;40m@[0;34;40m;[0;1;30;90;40mSS[0;37;5;40;100m8[0;1;30;90;47m@@@[0;1;30;90;40m8888[0;1;30;90;47m8@@@[0;1;30;90;40mXSSS[0;1;30;90;47m88[0;37;5;40;100m88[0;34;40m::.;[0;37;5;40;100m8@@[0;36;5;40;100m [0;34;40m.   [0m
[0;30;5;40;100m@[0;36;5;40;100m;;::..                .::;;tttt%[0;30;5;40;100m%SSSSX8[0m
[0;34;40m:;;;[0;37;5;40;100m@[0;1;30;90;47m8@@[0;30;5;40;100m@[0;1;30;90;40m8[0;30;5;40;100m88[0;1;30;90;47mX%t%[0;30;5;40;100mX88[0;1;30;90;40m8[0;1;30;90;47mXX@8[0;1;30;90;40mS%[0;34;40m;;[0;37;5;40;100m888X[0;34;40m...;[0;37;5;40;100m@@X[0;36;5;40;100m [0m
[0;1;30;90;40m8[0;30;5;40;100m@@X[0;36;5;40;100m  [0;37;5;40;100mSS[0;36;5;40;100m... [0;37;5;40;100m8888[0;36;5;40;100m   .[0;37;5;40;100mXXS[0;36;5;40;100m [0;30;5;40;100mSX@@[0;36;5;40;100m    [0;30;5;40;100m8[0;1;30;90;40m88[0;30;5;40;100m8[0;36;5;40;100m  .[0;30;5;40;100mS[0m
[0;36;5;40;100m [0;1;30;90;47m888[0;30;5;40;100m8[0;1;30;90;40m@88[0;1;30;90;47m8%t;[0;36;5;40;100m;ttt[0;1;30;90;47mt;tt[0;30;5;40;100m8[0;1;30;90;40m888[0;1;30;90;47m@88[0;37;5;40;100m8[0;34;40m;::;[0;37;5;40;100m888%[0;34;40m... [0m
[0;37;5;40;100m%[0;1;30;90;47mXSS[0;36;5;40;100mt[0;30;5;40;100mXS[0;36;5;40;100mt[0;1;30;90;47m%.. [0;36;5;40;100m    [0;1;30;90;47m. ..[0;36;5;40;100m;t%[0;30;5;40;100mS[0;1;30;90;47m%SS@[0;30;5;40;100m8[0;1;30;90;40m88[0;30;5;40;100m8[0;1;30;90;47m@88[0;37;5;40;100m8[0;1;30;90;40m@@XS[0m
[0;1;37;97;47m;[0;37;5;47;107mtt;%[0;1;30;90;47mXX[0;1;37;97;47m.8[0;37;5;47;107mt.         ..::;;;ttt@[0;1;37;97;47mS[0;1;30;90;47m;[0;37;5;40;100m88[0;37;5;47;107m@SXX[0;1;37;97;47m.[0m
[0;1;37;97;47m:[0;37;5;47;107mtt;;%[0;1;30;90;47mS[0;30;5;40;100mX@@[0;36;5;40;100mt  [0;37;5;40;100m8[0;1;30;90;47m;[0;37;5;47;107mX    .:::8[0;1;30;90;47m@[0;36;5;40;100m t[0;30;5;40;100m8[0;1;30;90;40mX[0;34;40m;;[0;1;30;90;40mS[0;37;5;40;100m8[0;37;5;47;107m8SSXX[0;1;37;97;47m [0m
[0;1;30;90;47m;[0;37;5;47;107mtt;;;;@[0;1;30;90;47m.[0;36;5;40;100mt[0;30;5;40;100mXXX[0;36;5;40;100mt[0;30;5;40;100mS[0;36;5;40;100m%[0;1;37;97;47m;[0;37;5;47;107m ..:::[0;1;37;97;47m.[0;1;30;90;40m8X@SSS8[0;1;30;90;47mX[0;1;37;97;47m8[0;37;5;47;107m%SSSXX[0;1;30;90;47mt[0m
[0;37;5;40;100mS[0;37;5;47;107mttt;;;;:t[0;1;37;97;47m%[0;36;5;40;100m [0;30;5;40;100mXSS@@[0;1;37;97;47m8[0;37;5;47;107m:::;[0;1;37;97;47m8[0;1;30;90;40m8X8@X[0;30;5;40;100mX[0;1;30;90;47m [0;37;5;47;107mS%%%SSSXX[0;37;5;40;100mS[0m
 [0;37;5;47;107mttttt;;;;::[0;1;37;97;47m.[0;36;5;40;100m:[0;30;5;40;100m88[0;1;30;90;40m8[0;37;5;40;100mX[0;37;5;47;107m:;;;[0;37;5;40;100mX[0;1;30;90;40mS@X[0;30;5;40;100m@[0;1;30;90;47mt[0;37;5;47;107mtt%%%SSSXX@[0m 
 [0;1;30;90;47mS[0;1;37;97;47m%S8[0;37;5;47;107m888[0;1;37;97;47mXXXX[0;37;5;47;107m8[0;1;37;97;47m8[0;1;30;90;47m %X [0;1;37;97;47mXX[0;37;5;47;107m88[0;1;37;97;47mt[0;1;30;90;47mt[0;37;5;40;100m8[0;1;30;90;47m@[0;1;37;97;47m;S8888tt;t@X[0;1;30;90;47m%[0m 
  [0;34;40m::[0;37;5;40;100mS88[0;1;30;90;47m8[0;1;30;90;40m@[0;34;40m;[0;1;30;90;40m%S[0;37;5;40;100m8[0;1;30;90;47m888[0;1;30;90;40mXS%[0;34;40m;[0;1;30;90;47m888[0;37;5;40;100m8[0;34;40m::::[0;37;5;40;100m888S[0;34;40m...;[0;37;5;40;100mXS[0m  
  [0;34;40m.:[0;37;5;40;100m%888[0;1;30;90;40mX[0;34;40m;;;[0;37;5;40;100m8[0;1;30;90;47m888[0;1;30;90;40mS[0;34;40m;;;[0;37;5;40;100m8888[0;34;40m::::[0;37;5;40;100m8@@S[0;34;40m...;[0;37;5;40;100mX[0;30;5;40;100m8[0m  
   [0;36;5;40;100mt[0;1;30;90;40mS[0;34;40m:::[0;37;5;40;100mS888[0;1;30;90;40m%[0;34;40m:::[0;37;5;40;100m8888[0;34;40m::::[0;37;5;40;100m888@[0;34;40m...:[0;37;5;40;100m@XX[0;36;5;40;100m [0;34;40m [0m   
    [0;34;40m....[0;37;5;40;100mS888[0;34;40m;:::[0;37;5;40;100m@888[0;34;40m:..:[0;37;5;40;100m888X[0;34;40m...:[0;37;5;40;100mXXX[0;30;5;40;100mX[0m    
     [0;1;30;90;40mS[0;36;5;40;100m  [0;1;30;90;40m8@@@[0;36;5;40;100m    [0;1;30;90;40m8@@@[0;36;5;40;100m    [0;1;30;90;40mXXXX[0;36;5;40;100m    [0;1;30;90;40mSS[0;34;40m;[0m     
       [0;36;5;40;100m [0;34;40m;...[0;37;5;40;100mS888[0;34;40m:...[0;37;5;40;100m@@@@[0;34;40m....[0;37;5;40;100mXXX[0;36;5;40;100m [0;34;40m [0m       
        [0;34;40m.[0;30;5;40;100mX[0;36;5;40;100m::[0;30;5;40;100m@888[0;36;5;40;100m;:::[0;30;5;40;100m8888[0;36;5;40;100m;;;t[0;30;5;40;100m888[0;1;30;90;40m@[0m        
          [0;30;5;40;100m8[0;36;5;40;100m [0;34;40m:...[0;37;5;40;100mS@XX[0;34;40m.  .[0;37;5;40;100mXXX%[0;34;40m  [0m          
             [0;34;40m;[0;30;5;40;100m88[0;36;5;40;100mtttt[0;30;5;40;100m8888[0;36;5;40;100m%%%[0m             
               [0;30;5;40;100m@[0;34;40m.   [0;37;5;40;100mSSS[0;36;5;40;100m [0;34;40m [0m               
                  [0;34;40m  [0;36;5;40;100m.[0;30;5;40;100m8[0m                  
