[0;1;30;90;43m.[0;1;33;93;43m8%[0;1;30;90;43m%[0;1;30;90;41m8[0;31;5;40;100m@@@[0;1;30;90;43m%[0;1;33;93;43mX[0;33;5;43;103m8888[0;1;33;93;43mt[0;1;30;90;43mS[0;33;5;40;100m8888[0;31;5;40;100m@@@@[0;1;30;90;43m%:[0;1;33;93;43m88@@S[0;1;30;90;43mt[0;1;30;90;41m8888[0;31;43m8[0;1;30;90;43m [0;1;33;93;43mX[0;1;30;90;43m [0m
[0;1;33;93;43m%[0;33;5;43;103mt;t[0;1;30;90;43mtXX@@@S[0;33;5;43;103m;;;;t[0;1;30;90;43mX88@@@X%[0;33;5;43;103mt;;tt[0;1;30;90;43m;%S[0;31;43m888[0;1;30;90;43m:[0;33;5;43;103mSSS[0;1;30;90;43m [0m
[0;1;30;90;43m:[0;33;5;43;103m;;;;%[0;1;30;90;43mS88888[0;33;5;43;103m@::::S[0;1;30;90;43m@88@[0;33;5;43;103mS;;;;[0;1;33;93;43m@[0;1;30;90;43m%SSSSt[0;33;5;43;103mX%%SS[0;1;30;90;43m.[0m
[0;1;30;90;41m8[0;1;30;90;43mS[0;33;5;43;103mX;;;;@[0;1;30;90;43m8888[0;33;5;40;100m8[0;1;30;90;43m8[0;33;5;43;103m%::::[0;1;33;93;43m@X[0;33;5;43;103m;;;;S[0;1;30;90;43mSXSSS%[0;1;33;93;43mX[0;33;5;43;103mt%%%[0;1;33;93;43m@[0;1;30;90;43m;[0;1;30;90;41m8[0m
[0;1;30;90;41m8[0;1;30;90;43mX@S[0;33;5;43;103mt;;::[0;1;33;93;43mS[0;1;30;90;43m8[0;33;5;40;100m@XX[0;1;30;90;43m8[0;37;43mS[0;33;5;43;103m:::::::;[0;1;30;90;43mX@@XXS[0;1;33;93;43m;[0;33;5;43;103mttttS[0;1;30;90;43m;[0;31;43m8[0;33;41m8[0;1;30;90;41m8[0m
[0;31;5;40;100mX[0;1;30;90;43mX@88[0;1;33;93;43mS[0;33;5;43;103m::::;[0;37;43mX[0;33;5;40;100mSSSS[0;1;30;90;43m8[0;33;5;43;103mX[0;37;5;43;103mS%[0;33;5;43;103m::@[0;1;30;90;43m888@@%[0;33;5;43;103m%;ttt[0;1;33;93;43mt[0;1;30;90;43m%[0;31;43m88[0;33;41m8[0;1;30;90;41m8[0m
[0;1;30;90;43m;X88888[0;33;5;43;103mS[0;37;5;43;103m%SSXX[0;1;30;90;43m8[0;33;5;40;100mttt%[0;1;30;90;43m8[0;33;5;43;103mtt[0;1;30;90;43m8[0;33;5;40;100m8[0;1;30;90;43m888@[0;33;5;43;103m@;;;;@[0;1;30;90;43m%S[0;31;43m888[0;1;30;90;43mt.[0m
[0;1;33;93;43mS[0;33;5;43;103m;[0;1;33;93;43m@[0;1;30;90;43m888[0;33;5;40;100m8@[0;1;30;90;43m8[0;37;5;43;103mSXXXX8[0;1;30;90;43m8[0;33;5;40;100m;tt%XX@[0;1;30;90;43m88[0;1;33;93;43mS[0;33;5;43;103m;;;;%[0;1;30;90;43mtSSSS%[0;1;33;93;43m%[0;33;5;43;103m%[0;1;33;93;43mt[0m
[0;1;33;93;43mS[0;33;5;43;103m;;;[0;1;30;90;43m@8[0;33;5;40;100m@XX[0;1;30;90;43m8[0;37;43m@[0;37;5;43;103mXXXX@[0;33;47m8[0;33;5;40;100m;t%SX[0;1;30;90;43m88[0;33;5;43;103mt;;;;[0;1;33;93;43mt[0;1;30;90;43mSSSSS;[0;33;5;43;103m%%%[0;1;33;93;43mt[0m
[0;1;30;90;43m;[0;33;5;43;103m;;;:%[0;1;30;90;43m8[0;33;5;40;100mXXS%[0;1;30;90;43m8[0;37;5;43;103m@XXXX@[0;1;30;90;43m8[0;33;5;40;100m%S[0;1;30;90;43m8[0;33;5;43;103m%::;;@[0;1;30;90;43mXXSSS%[0;33;5;43;103mXt%%%[0;1;30;90;43m.[0m
[0;31;5;40;100mX[0;1;30;90;43mX[0;33;5;43;103mS;:::X[0;1;30;90;43m8[0;33;5;40;100mS%%t[0;37;43m8[0;37;5;43;103m@XXXX[0;33;5;43;103mX@::::%[0;1;30;90;43mX@@XSS[0;1;33;93;43mX[0;33;5;43;103mttt%@[0;1;30;90;43mt[0;1;30;90;41m8[0m
[0;1;30;90;41m8[0;1;30;90;43m@@X[0;33;5;43;103mt::::[0;1;33;93;43mX[0;1;30;90;43m8[0;33;5;40;100mS%%[0;1;30;90;43m8[0;37;43m@[0;37;5;43;103mSSS%[0;33;5;43;103m:::;[0;1;30;90;43m@88@XSt[0;33;5;43;103mttttS[0;1;30;90;43m;[0;31;43m8[0;33;41m8[0;30;41m8[0m
[0;31;40m8[0;1;30;90;43mX@@8[0;1;33;93;43mS[0;33;5;43;103m;:::;[0;1;30;90;43m8[0;33;5;40;100mXXXX[0;1;30;90;43m8[0;33;5;43;103mX::::@[0;1;30;90;43m888@X%[0;33;5;43;103m%;ttt[0;1;33;93;43mt[0;1;30;90;43m%[0;31;43m8[0;33;41m88[0;31;40m@[0m
 [0;1;30;90;43mSX@@88[0;33;5;43;103mX::::S[0;1;30;90;43m8[0;33;5;40;100m@@88[0;1;30;90;43m8[0;33;5;43;103m%%[0;1;30;90;43m8888@X[0;33;5;43;103m@;;tt@[0;1;30;90;43m%[0;31;43m888[0;33;41m8[0;1;30;90;43m;[0m 
 [0;1;30;90;43m.[0;1;33;93;43mS[0;1;30;90;43mX@@88@[0;33;5;43;103mt;::;[0;1;33;93;43mS[0;1;30;90;43m88888888@X[0;1;33;93;43mt[0;33;5;43;103m;;;t%[0;1;30;90;43mtS[0;31;43m888[0;1;30;90;43mt[0;1;33;93;43mt[0;1;30;90;43m [0m 
  [0;33;5;43;103mtt[0;1;30;90;43m%X@@@@[0;1;33;93;43m%[0;33;5;43;103m;;;;t[0;1;30;90;43mX888@@@%[0;33;5;43;103m%;;;t[0;1;33;93;43mt[0;1;30;90;43m%S[0;31;43m888[0;1;30;90;43m:[0;33;5;43;103mSS[0m  
  [0;1;30;90;43m.[0;33;5;43;103m;;S[0;1;30;90;43mSXXX@X[0;33;5;43;103m@;;;;X[0;1;30;90;43mX@XS[0;33;5;43;103mX;;;t[0;1;33;93;43m@[0;1;30;90;43m%SS[0;31;43m88[0;1;30;90;43mt[0;33;5;43;103m@%S[0;1;30;90;43m.[0m  
   [0;1;30;90;43m.[0;33;5;43;103mt;;[0;1;33;93;43mX[0;1;30;90;43mSSXXX%[0;33;5;43;103m%;;;;[0;1;33;93;43mS%[0;33;5;43;103m;;;tS[0;1;30;90;43mtSSS[0;31;43m8[0;1;30;90;43mt[0;1;33;93;43m%[0;33;5;43;103m%%S[0;1;30;90;43m [0m   
    [0;1;30;90;43m:[0;33;5;43;103mtttt[0;1;30;90;43mtSSSSSt[0;33;5;43;103mt;;;;ttt[0;1;30;90;43m;%SS[0;31;43m8[0;1;30;90;43m%:[0;33;5;43;103mS%SS[0;1;30;90;43m.[0m    
     [0;1;30;90;43m.[0;33;5;43;103mStttS[0;1;30;90;43m%SSSS%[0;1;33;93;43mS[0;33;5;43;103mtttt[0;1;33;93;43mX[0;1;30;90;43m%S[0;31;43m888[0;1;30;90;43mt[0;33;5;43;103m@%%S@[0;31;43m8[0m     
       [0;1;30;90;43m.[0;33;5;43;103mtttt[0;1;33;93;43mX[0;1;30;90;43m%SSSSt[0;33;5;43;103mXX[0;1;30;90;43mt[0;31;43m8888[0;1;30;90;43mt[0;1;33;93;43mS[0;33;5;43;103m%%SS[0;1;30;90;43m [0m       
        [0;31;43m8[0;1;33;93;43m@[0;33;5;43;103m%%%%[0;1;30;90;43m;%[0;31;43m888[0;1;30;90;43m%[0;31;43m88888[0;1;30;90;43m:[0;33;5;43;103mSSSS[0;1;33;93;43mX[0;31;43m8[0m        
          [0;1;30;90;43m.[0;1;33;93;43m@[0;33;5;43;103m%%%X[0;1;30;90;43m;[0;31;43m8[0;33;41m88888[0;1;30;90;43m;[0;33;5;43;103m@SSS[0;1;33;93;43mX[0;1;30;90;43m [0m          
             [0;1;30;90;43m [0;33;5;43;103mSSS[0;1;33;93;43mX[0;1;30;90;43m;[0;33;41m88[0;1;30;90;43m;[0;1;33;93;43mS[0;33;5;43;103mSSS[0;1;30;90;43m [0m             
               [0;1;30;90;43m.[0;1;33;93;43mS[0;33;5;43;103mSS[0;1;30;90;43m..[0;33;5;43;103mSS[0;1;33;93;43mS[0;1;30;90;43m [0m               
                  [0;1;30;90;43m    [0m                  
