[0;1;30;90;44m.[0;1;34;94;44mSSSSSSSSXXXXXXXXXXXXSSSSSSSSS%%%%%%ttt[0;30;44m:[0m
[0;1;34;94;44m;8[0;34;5;44;104m8888888888888888888888888[0;1;34;94;44m8888888888@@.[0m
[0;1;30;90;44m8[0;1;34;94;44m@[0;34;5;44;104m888[0;1;34;94;44m@[0;36;44m8X[0;1;30;90;44m@@@@88[0;36;44m8[0;1;34;94;44m8[0;34;5;44;104m888[0;1;34;94;44m@[0;36;44m88[0;1;34;94;44m8[0;34;5;44;104m88[0;1;34;94;44m8[0;1;30;90;44m%%[0;30;44mXX[0;1;30;90;44mtt[0;1;34;94;44mXS[0;36;44m@X[0;1;34;94;44mX8@:[0m
[0;30;42m%[0;1;30;90;42m;[0;1;30;90;46mtt%[0;1;30;90;42mX[0;32;5;40;100m8[0;1;30;90;40m@X@8888[0;30;5;40;100m8[0;32;5;40;100m8[0;36;5;40;100m8[0;1;30;90;46m8@[0;1;30;90;42mXXSS[0;1;30;90;46mS[0;34;5;40;100m8[0;1;30;90;40m@[0;34;40m;:;;;::[0;32;40mS[0;30;42m%[0;1;30;90;42m.;[0;36;42m8[0;1;30;90;46m.[0;30;42m8[0m
[0;30;42mt[0;1;30;90;42m;ttX[0;1;30;90;40m8X8[0;30;5;40;100m88[0;1;30;90;40m8[0;30;5;40;100m8XX88[0;32;5;40;100mX[0;1;30;90;42m888@XX[0;32;5;40;100m8[0;1;30;90;40mS%S@[0;34;40m;:[0;1;30;90;40mSS[0;34;40m;::[0;30;42mS[0;1;30;90;42m..[0;30;42m.S[0m
[0;30;42mt[0;1;30;90;42mtt%[0;32;5;40;100m8[0;1;30;90;40mX888[0;30;5;40;100mX[0;1;30;90;47m8[0;36;5;40;100m:[0;30;5;40;100m8XX@@[0;32;5;40;100mX[0;1;30;90;42m88888[0;1;30;90;40m8XXS[0;34;40m;[0;30;5;40;100mS[0;36;5;40;100m [0;34;40m;:;:.[0;32;40mX[0;1;30;90;42m..[0;30;42m.S[0m
[0;1;34;94;44m;[0;36;44m@[0;1;30;90;46m%S[0;34;5;40;100mS[0;1;30;90;40m@[0;30;5;40;100m8[0;1;30;90;47m8t[0;37;5;47;107mX S[0;1;37;97;47m;[0;37;5;40;100m8[0;30;5;40;100mSS%[0;36;5;40;100mS[0;1;30;90;46m8[0;34;46m8[0;34;5;44;104m@8[0;36;44m8[0;30;5;40;100m8[0;1;30;90;40m@[0;36;5;40;100m;[0;1;30;90;47m8.[0;37;5;47;107m%%[0;1;37;97;47m;[0;1;30;90;47mX[0;1;30;90;40m8[0;34;40m::8[0;36;44mX[0;32;46m8[0;36;42m8[0;34;40m8[0m
[0;1;34;94;44m;[0;34;5;44;104m888[0;34;5;40;100m8[0;1;30;90;40m8[0;1;30;90;47mS[0;1;37;97;47mX:[0;37;5;47;107m88[0;1;37;97;47m@S8[0;37;5;40;100m@[0;36;5;40;100m;.[0;34;5;44;104mXXXX@8[0;34;5;40;100mX[0;30;5;40;100m8[0;1;37;97;47m@t[0;1;30;90;47m;[0;1;37;97;47m8@[0;1;30;90;47mt[0;1;37;97;47m:[0;1;30;90;47m.[0;1;30;90;40mS[0;34;40m;[0;1;30;90;44m%[0;1;34;94;44m888:[0m
[0;1;34;94;44m;[0;34;5;44;104m888[0;34;5;40;100m@[0;30;5;40;100m8[0;1;30;90;47m.[0;37;5;47;107m.. [0;1;37;97;47m8[0;37;5;47;107m   [0;1;30;90;47mt[0;36;5;40;100m::[0;34;5;44;104mSXXX@8[0;34;5;40;100mS[0;30;5;40;100mX[0;37;5;47;107mt;t%[0;1;37;97;47mS[0;37;5;47;107mttX[0;1;30;90;40m@[0;34;40m:[0;1;34;94;44m%888:[0m
[0;1;30;90;42m8[0;34;46m8[0;1;34;94;44m8[0;34;5;44;104m8[0;1;30;90;44m8[0;30;5;40;100m8[0;36;5;40;100m [0;37;5;47;107m;.:[0;1;37;97;47m8[0;37;5;47;107m; %[0;36;5;40;100m :;[0;34;5;44;104mX[0;36;5;44;104m8[0;1;30;90;46m8[0;36;5;40;100m8[0;1;30;90;46m88[0;34;5;40;100mX[0;30;5;40;100m8[0;1;37;97;47m.[0;37;5;47;107m;t8[0;1;37;97;47m%[0;37;5;47;107mtt[0;1;30;90;47mX[0;34;40m:[0;32;40mX[0;32;46m8[0;36;44m@[0;1;34;94;44m@8[0;36;44m:[0m
[0;30;42mt[0;1;30;90;42mt%S[0;32;5;40;100m8[0;30;5;40;100m8X[0;36;5;40;100m [0;37;5;47;107m8.t [0;1;37;97;47m8[0;36;5;40;100m [0;30;5;40;100m%[0;36;5;40;100m:[0;32;5;40;100mSX[0;1;30;90;42m88888[0;32;5;40;100m@[0;30;5;40;100m8[0;32;5;40;100m8[0;1;30;90;47m@[0;37;5;47;107mS%XS[0;1;30;90;47m8[0;32;40m%[0;34;40m:[0;1;30;90;42mS...:[0;30;42mS[0m
[0;30;42mS[0;1;30;90;42mtt%X[0;32;5;40;100m8[0;1;30;90;42m888[0;36;5;40;100m [0;1;30;90;47m8[0;36;5;40;100m [0;32;5;40;100m@[0;1;30;90;42m8[0;32;5;40;100mS[0;36;5;40;100mt[0;1;30;90;42m888888@88S%8[0;36;5;40;100m..[0;1;30;90;42m@:t[0;32;40m@[0;1;30;90;42m%....[0;30;42m@[0m
[0;32;40m@[0;1;30;90;42mtt%%S[0;1;30;90;46mX@[0;1;30;90;42m8888[0;36;5;40;100m8[0;1;30;90;46m88[0;32;5;40;100m@X[0;30;5;40;100m@8[0;1;30;90;40m888[0;30;5;40;100m8[0;1;30;90;42m@X%[0;36;42m@[0;1;30;90;46mtt[0;1;30;90;42m;:::[0;36;42mX[0;1;30;90;46m:[0;32;46m8[0;1;30;90;42mt.[0;30;42m.[0;32;40m8[0m
 [0;1;34;94;44m8[0;36;44mX8@[0;34;5;44;104m8888[0;36;44m8[0;1;30;90;46m@[0;36;44m8[0;34;5;44;104m@@[0;1;30;90;44m8[0;30;5;40;100m8[0;1;30;90;40m8[0;30;5;40;100m8888[0;1;30;90;40m88SS[0;34;5;40;100m8[0;34;5;44;104m888[0;1;34;94;44m8[0;36;44mX8%[0;1;34;94;44m888@[0;36;44mSX[0m 
 [0;1;34;94;44m.[0;34;5;44;104m88888888888[0;1;30;90;44m8[0;1;30;90;40m8X88@88@@8S[0;34;40m;[0;1;30;90;44mS[0;34;5;44;104m88[0;1;34;94;44m888888888.[0m 
  [0;1;34;94;44m8[0;34;5;44;104m888[0;1;34;94;44m88[0;34;5;44;104m88888[0;1;30;90;44m8[0;1;30;90;40mS@@[0;30;5;40;100m@[0;37;5;40;100m%[0;1;37;97;47mX[0;1;30;90;47m [0;36;5;40;100m [0;30;5;40;100m8[0;34;40m;;:[0;1;30;90;44mS[0;1;34;94;44m8888888@@8@[0m  
  [0;30;44m8[0;36;44m@8[0;36;42m@[0;1;30;90;42m;;[0;36;42m8[0;36;44m88[0;34;46m8[0;36;42m@[0;1;30;90;42mX[0;1;30;90;40mX8[0;1;30;90;47m.[0;1;37;97;47m%S[0;37;5;47;107mX8[0;1;37;97;47m;:[0;30;5;40;100mX[0;34;40m:[0;1;30;90;40m%[0;1;30;90;42mX::[0;36;42m8[0;36;44m8X8[0;36;42mS[0;1;30;90;42m..[0;36;42m8[0;34;40m8[0m  
   [0;30;42m8[0;1;30;90;42m:::::;;;;@[0;1;30;90;40mS[0;36;5;40;100m [0;37;5;47;107mX[0;1;37;97;47mS%%[0;37;5;47;107m@[0;1;37;97;47m:8[0;1;30;90;47m [0;34;40m;[0;1;30;90;40mS[0;1;30;90;42m:::.....[0;30;42m..8[0m   
    [0;30;42m8[0;1;30;90;42m::::::::t[0;1;30;90;40m8[0;36;5;40;100mt[0;37;5;47;107mttt[0;1;37;97;47mS[0;37;5;47;107m@%%[0;1;30;90;47mX[0;34;40m;[0;32;40m@[0;1;30;90;42m:......[0;30;42m..8[0m    
     [0;32;40mS[0;36;44mXX[0;1;30;90;46m:[0;1;30;90;42mt:[0;36;42m%[0;34;46m8[0;36;44mX[0;1;30;90;40m@S[0;37;5;40;100m8[0;37;5;47;107mS%[0;1;37;97;47mX8[0;37;5;47;107m%[0;1;37;97;47m;[0;1;30;90;40m@[0;34;40m:[0;1;30;90;42m8[0;34;46m8[0;36;44mSX[0;1;30;90;46m.[0;1;30;90;42m;[0;30;42m.[0;1;30;90;42mX[0;36;44m8[0;32;40mt[0m     
       [0;1;34;94;44m:888888[0;34;5;40;100m8[0;1;30;90;44m@[0;1;34;94;44mS[0;34;5;40;100mX[0;1;30;90;47m%[0;1;37;97;47mS;[0;37;5;40;100m%[0;1;34;94;44mt[0;34;40mX;[0;1;34;94;44mX8888@@.[0m       
        [0;34;40m8[0;1;34;94;44mS8888888888888@[0;1;30;90;44mt[0;1;34;94;44m888@@%[0;30;44m8[0m        
          [0;30;44m8[0;1;34;94;44m%[0;36;44mt8@[0;1;34;94;44mS888[0;36;44mt8@[0;1;34;94;44m%88@[0;36;44mt@%[0;30;44m8[0m          
             [0;30;42mS..[0;36;42m@8S[0;30;42m...:[0;36;42mX8%[0;30;42mX[0m             
               [0;32;40m8[0;30;42m%::::::%[0;32;40m8[0m               
                  [0;32;40m@[0;30;42mXX[0;32;40m8[0m                  
