[0;1;30;90;43m.[0;33;5;43;103m88@@@@@@@@@@@@@@@@@@@@@@@88888888888[0;1;33;93;43m88[0;1;30;90;43m [0m
[0;1;33;93;43m8[0;33;5;43;103m;;;;;;;;:::::::::::;;;;;;;;;;ttttt%%%S[0;1;33;93;43mX[0m
[0;1;33;93;43m8[0;33;5;43;103m;;;;;::::::Xt[0;33;5;40;100m:[0;36;5;40;100m..[0;33;5;40;100mX[0;1;33;93;43m8[0;33;5;43;103m;:::;;;;;;;;ttttt%%%[0;1;33;93;43mX[0m
[0;1;33;93;43m8[0;33;5;43;103m;;;;::::::t[0;33;5;40;100m [0;34;5;40;100mX[0;1;30;90;44m8[0;34;5;40;100mS[0;1;34;94;44m888[0;1;30;90;44m8[0;33;5;40;100m.[0;33;5;43;103m%:::;;;;;;;tttt%%%[0;1;33;93;43mX[0m
[0;1;33;93;43m8[0;33;5;43;103m;;::::::.[0;37;5;43;103m:[0;33;5;43;103m;[0;1;30;90;43m8[0;34;5;40;100m@[0;1;30;90;44m8[0;34;5;44;104m@@[0;1;34;94;44m8[0;37;5;40;100mS[0;33;47m8[0;33;5;43;103m8%::::;;;;;;;tttt%%[0;1;33;93;43mX[0m
[0;1;33;93;43m8[0;33;5;43;103m;::::::[0;37;5;43;103m:::;[0;1;33;93;47mX[0;36;5;40;100m;[0;34;5;44;104m@XX[0;1;34;94;44m@[0;37;5;40;100mS[0;37;5;43;103m::[0;33;5;43;103m.:::::;;;;;;;t%t%%[0;1;33;93;43mX[0m
[0;1;33;93;43m8[0;33;5;43;103m;:::::[0;37;5;43;103m::.[0;37;5;40;100m8[0;1;30;90;44m8[0;34;5;44;104m8[0;1;34;94;44m8[0;34;5;44;104m@XX[0;1;30;90;44m8[0;37;5;40;100m8[0;37;5;43;103m.::[0;33;5;43;103m.::@[0;33;5;40;100m [0;36;5;40;100m;[0;34;5;40;100mX%[0;36;5;40;100m [0;1;30;90;43m8[0;33;5;43;103mXS[0;1;30;90;43m8[0;33;5;40;100m%[0;33;5;43;103mtt%[0;1;33;93;43mX[0m
[0;1;33;93;43m8[0;33;5;43;103m:::::[0;37;5;43;103m;:..[0;33;47m8[0;1;30;90;44m88[0;36;5;44;104m8XX[0;34;5;40;100m%[0;36;5;40;100m [0;37;5;43;103mX..::[0;33;5;43;103m:[0;37;43mX[0;1;34;94;44mS%[0;1;30;90;44m%tt;:;;[0;33;5;40;100m [0;33;5;43;103m@tt%[0;1;33;93;43m@[0m
[0;1;33;93;43m8[0;33;5;43;103m:::::[0;37;5;43;103m:::[0;37;5;40;100m8[0;1;30;90;44m8[0;34;5;40;100mS[0;36;5;40;100m%[0;36;5;44;104m8X[0;36;5;40;100m;[0;37;5;40;100mX[0;37;5;43;103m:...::[0;33;5;43;103m:[0;34;5;40;100mX[0;1;34;94;44mS[0;1;30;90;44mS[0;36;44m;[0;1;30;90;44mt;[0;1;34;94;44m:[0;1;30;90;44m;[0;30;44mS[0;1;30;90;44m;[0;36;5;40;100m.[0;33;5;43;103mttt%[0;1;33;93;43m@[0m
[0;1;33;93;43m8[0;33;5;43;103m:::::[0;37;5;43;103m::[0;1;30;90;47mX[0;1;30;90;44m8[0;34;5;40;100mXS[0;36;5;44;104m8X8[0;36;5;40;100mt;[0;1;30;90;47m%[0;37;5;43;103m8..::[0;33;5;43;103mS[0;1;30;90;44mXS%%t;[0;1;34;94;44m:;[0;1;30;90;44m%[0;33;5;40;100mS%[0;1;30;90;43mS[0;33;5;43;103mtt%[0;1;33;93;43m@[0m
[0;1;33;93;43m8[0;33;5;43;103m;::::.[0;37;5;43;103m:[0;37;5;40;100mX[0;34;5;44;104m@8XX8[0;1;34;94;44m8[0;34;5;44;104mXXXX[0;36;5;40;100m [0;37;5;43;103m%:[0;33;5;43;103m;[0;1;30;90;43m8[0;1;30;90;44mXS%tt;;[0;1;34;94;44m:[0;1;30;90;44mS[0;34;5;40;100mX[0;33;5;43;103mS[0;1;33;93;43m8[0;33;5;43;103mtt%[0;1;33;93;43mX[0m
[0;1;30;90;43m:[0;33;5;43;103m;:::::.S[0;34;5;40;100m%[0;34;5;44;104mXX[0;1;30;90;44m8[0;34;5;44;104mXXXXX[0;1;30;90;44m88[0;34;5;40;100mX[0;36;5;40;100m:[0;1;30;90;44m8XSS%t;;;88[0;33;5;40;100mS[0;34;5;40;100mS[0;1;30;90;43mX[0;33;5;43;103mtt%[0;1;30;90;43m [0m
[0;1;30;90;43m:[0;33;5;43;103m;;::::::8[0;34;5;44;104m@@[0;1;34;94;44m@[0;34;5;44;104m@XX@@[0;1;30;90;44m888@XSS%S8S@@[0;34;5;40;100mS[0;1;30;90;43m8[0;33;5;40;100m%[0;33;5;43;103mStt%%[0;1;30;90;43m.[0m
 [0;33;5;43;103m;;;:::::;[0;36;5;40;100mt[0;34;5;44;104m@8[0;1;34;94;44m@8[0;34;5;44;104m@@8[0;1;30;90;44m@@XXSS%tt[0;34;5;40;100m88[0;1;30;90;43m@[0;33;5;43;103m@8ttttt%%[0m 
 [0;1;33;93;43mX[0;33;5;43;103m;;;;t8[0;1;30;90;43m88[0;33;5;43;103mt[0;37;43m8[0;36;5;40;100m:[0;34;5;44;104m88[0;1;34;94;44m@@8[0;1;30;90;44mXSS%%[0;30;44mX[0;1;30;90;44mttS[0;34;5;40;100m8[0;33;5;43;103m@[0;1;30;90;43mX[0;33;5;43;103m;;tttt%%[0;1;33;93;43mS[0m 
  [0;33;5;43;103mt;;;X[0;33;5;40;100mS[0;34;5;40;100mS[0;1;30;90;44m@[0;36;5;40;100m [0;33;5;43;103m8;[0;1;33;93;43m8[0;1;30;90;44m8[0;1;34;94;44m8[0;34;5;44;104m8[0;1;34;94;44m@t[0;1;30;90;44m%%%tt[0;30;44m@[0;34;5;40;100m8[0;1;30;90;44mS[0;33;5;40;100m;[0;33;5;43;103m8;;tttt%%S[0m  
  [0;1;30;90;43m.[0;33;5;43;103m;;;X[0;1;33;93;43m8[0;33;5;43;103mX[0;1;33;93;43m8[0;34;5;40;100mX[0;33;5;40;100m.[0;36;5;40;100mt.[0;34;5;40;100m@[0;1;34;94;44mt[0;1;30;90;44m%[0;34;5;44;104m8[0;1;34;94;44m8%[0;36;5;40;100m;[0;1;30;90;44m8X8[0;33;5;40;100m8[0;1;33;93;43m@[0;33;5;43;103m%%;ttttt%%%[0;1;30;90;43m.[0m  
   [0;1;30;90;43m.[0;33;5;43;103m;;;;;t%X[0;1;33;93;43m8[0;33;5;43;103mt[0;1;30;90;43m8[0;36;5;40;100m%[0;1;30;90;43m8[0;33;5;40;100m [0;1;34;94;44m8[0;1;30;90;44m%[0;1;30;90;43m%[0;33;5;43;103mt[0;1;30;90;43m8[0;33;5;40;100m;[0;33;5;43;103mX;;tttttt%%%[0;1;30;90;43m [0m   
    [0;1;30;90;43m:[0;33;5;43;103m;;;;;;;;;;;;%[0;1;30;90;44m8%[0;33;5;43;103m%;;tttttttt%%%%[0;1;30;90;43m.[0m    
     [0;1;30;90;43m.[0;33;5;43;103mSt;;;;;;;;;;[0;1;30;90;43m8[0;1;30;90;44m8[0;33;5;43;103mtXttttttt%%%%X[0;1;30;90;43m.[0m     
       [0;1;33;93;43mX[0;33;5;43;103mtttttttt[0;1;33;93;43m@[0;1;30;90;43m8[0;33;5;40;100mS[0;1;34;94;44mt[0;1;30;90;43m8[0;33;5;43;103mSttttt%%%%%[0;1;33;93;43mX[0m       
        [0;1;30;90;43m.[0;33;5;43;103m8ttttt[0;1;30;90;43mS[0;34;5;40;100m8@[0;1;34;94;44m;[0;36;5;40;100mt[0;1;30;90;43m8S[0;33;5;43;103m%%%%%%%%8[0;1;30;90;43m [0m        
          [0;1;30;90;43m.[0;33;5;43;103m8%%%[0;1;30;90;43mSS[0;33;5;40;100mX[0;33;5;43;103m@%%%%%%%%%8[0;1;30;90;43m [0m          
             [0;1;33;93;43mS[0;33;5;43;103m%%%%%%%%%%SS[0;1;33;93;43mS[0m             
               [0;1;30;90;43m.[0;1;33;93;43m8[0;33;5;43;103mSSSSSS[0;1;33;93;43m8[0;1;30;90;43m [0m               
                  [0;1;30;90;43m    [0m                  
