[0;1;30;90;44m.[0;1;34;94;44mSSS[0;1;37;97;47m:888[0;1;34;94;44mXXXX[0;1;37;97;47mS888[0;1;34;94;44mXXXX[0;1;37;97;47m888@[0;1;34;94;44mSSSS[0;1;37;97;47m@@X;[0;1;34;94;44m%%%%[0;1;37;97;47m%%%[0;1;30;90;47mS[0m
[0;1;34;94;44m;8[0;34;5;44;104m88[0;37;5;47;107m8ttt[0;34;5;44;104m8888[0;37;5;47;107mX;;;[0;34;5;44;104m8888[0;37;5;47;107mttt%[0;34;5;44;104m8888[0;37;5;47;107m%%%8[0;1;34;94;44m8888[0;37;5;47;107mX@@[0;1;37;97;47m [0m
[0;1;30;90;47m8[0;1;37;97;47m   [0;1;30;90;47m8[0;37;5;40;100m.[0;1;30;90;47m88[0;1;37;97;47m ...[0;1;30;90;47m8888[0;1;37;97;47m ...[0;1;30;90;47m8888[0;1;37;97;47m    [0;36;5;40;100m..: [0;1;37;97;47m   [0;1;30;90;47m%[0;36;5;40;100m;;t[0;34;5;40;100m@[0m
[0;1;37;97;47m;[0;37;5;47;107mttt[0;34;5;44;104m8888[0;37;5;47;107m8;;:[0;34;5;44;104m@@@@[0;37;5;47;107m%:;;[0;34;5;44;104m8888[0;37;5;47;107mtttS[0;34;5;44;104m88[0;1;34;94;44m8[0;34;5;44;104m8[0;37;5;47;107m%SS[0;1;37;97;47m8[0;1;34;94;44m888:[0m
[0;37;5;40;100m;[0;1;30;90;47m888888@XX[0;1;37;97;47m         [0;1;30;90;47mXX@@8888888888888888[0;36;5;40;100m [0m
[0;1;34;94;44m;[0;34;5;44;104m888[0;37;5;47;107m8;;:[0;36;5;44;104m@[0;34;5;44;104m@@X[0;37;5;47;107mt   [0;34;5;44;104mXXX@[0;37;5;47;107m::;t[0;34;5;44;104m8888[0;37;5;47;107mttt8[0;1;34;94;44m8888[0;37;5;47;107mSXX[0;1;37;97;47m.[0m
[0;34;5;40;100mS[0;36;5;40;100m [0;1;30;90;47m88[0;1;37;97;47m :;t[0;1;30;90;47m8888[0;1;37;97;47m%SXS[0;1;30;90;47m8888[0;1;37;97;47m%t;:[0;1;30;90;47m8888[0;1;37;97;47m.   [0;36;5;40;100m::: [0;1;37;97;47m   [0;1;30;90;47m8[0m
[0;1;37;97;47m;[0;37;5;47;107mtt;[0;34;5;44;104m@8@@[0;37;5;47;107mX   [0;36;5;44;104mSXXX[0;37;5;47;107m;   [0;34;5;44;104mX@@@[0;37;5;47;107m;;;%[0;34;5;44;104m8888[0;37;5;47;107m%%%8[0;1;34;94;44m888:[0m
[0;1;30;90;47m:[0;37;5;47;107m888[0;1;34;94;44m8888[0;1;37;97;47m8[0;37;5;47;107mSSS[0;36;5;40;100m:[0;36;5;44;104m8[0;36;5;40;100m;[0;36;5;44;104m8[0;37;5;47;107m@SSS[0;34;5;44;104m8[0;1;34;94;44m888[0;37;5;47;107m888[0;1;37;97;47m8[0;1;34;94;44m@XX@[0;1;37;97;47m888;[0;1;34;94;44mSS%[0;30;44m.[0m
[0;34;40m:;[0;1;30;90;40m%SX@88[0;30;5;40;100m8@XS[0;36;5;40;100m%t;tt[0;33;5;40;100m%X888[0;30;5;40;100m8[0;1;30;90;40m@XSS[0;34;40m;;:::....... [0m
[0;34;40m:;;[0;1;30;90;40mSX[0;30;5;40;100mX[0;1;30;90;43m8888[0;33;5;40;100m8X[0;30;5;40;100mXSS[0;33;5;40;100mS[0;33;47m@[0;37;5;47;107mt[0;37;5;43;103mSS[0;33;5;43;103m%[0;37;5;43;103m@[0;1;37;97;47m8[0;33;47m8[0;33;5;40;100m8[0;1;30;90;40mS%[0;34;40m;[0;31;40m%[0;1;30;90;43mt%:t;[0;31;40mX[0;34;40m.... [0m
[0;34;40m.;;[0;31;5;40;100mS[0;33;47m8[0;37;5;47;107m%[0;37;5;43;103m@[0;33;5;43;103mX[0;1;30;90;43m8[0;37;5;43;103mS[0;37;5;47;107mtt[0;33;47m8[0;33;5;40;100mXX[0;37;5;43;103m@[0;37;5;47;107m.;[0;37;5;43;103mS[0;30;5;40;100mS@[0;33;5;43;103m;[0;37;5;47;107m%;[0;37;5;43;103m8[0;1;30;90;40m88[0;1;30;90;43m8[0;1;37;97;47m88[0;33;5;43;103m%[0;1;30;90;43m:[0;1;33;93;43m@[0;37;5;43;103m8[0;1;37;97;47m8[0;37;43m@[0;31;40m8[0;34;40m.. [0m
[0;34;40m.:[0;32;40m;[0;1;30;90;43mX[0;37;5;47;107mSt[0;33;5;43;103m:[0;1;30;90;43mX[0;33;5;40;100m8[0;1;33;93;43m8[0;1;33;93;47mX[0;37;5;47;107m:[0;1;37;97;47m8[0;1;30;90;43m8[0;30;5;40;100m8[0;33;5;40;100m8[0;1;30;90;43m8[0;1;37;97;47m8[0;37;5;43;103m@[0;33;5;43;103m;;[0;37;5;43;103m@[0;1;33;93;47mS[0;1;30;90;43m8[0;1;30;90;40m8[0;34;40m;[0;1;30;90;43m%[0;1;33;93;47m@[0;37;5;47;107mt[0;37;5;43;103m8[0;1;33;93;43mX[0;31;40m8[0;1;30;90;43m:[0;33;5;43;103mt[0;37;5;47;107mS[0;1;37;97;47m8[0;1;30;90;43mt[0;31;40m.[0;34;40m  [0m
 [0;34;40m::;[0;30;5;40;100mX[0;1;30;90;43m8[0;1;33;93;47m8[0;33;5;43;103mt;%[0;33;47m8[0;1;30;90;43m8[0;30;5;40;100m@[0;1;30;90;40m88888[0;30;5;40;100m8[0;33;5;40;100m8[0;31;5;40;100mS[0;1;30;90;40m8S%[0;34;40m;;:[0;31;40m%[0;1;30;90;43mS[0;33;47m8[0;33;5;43;103mStS[0;37;43m@[0;1;30;90;43m8[0;31;40m8[0;34;40m.. [0m 
 [0;34;40m%@8[0;30;5;40;100m@[0;34;5;40;100mS%[0;36;5;40;100m%[0;30;5;40;100m8[0;34;40m8[0;30;44m8[0;1;30;90;44m@[0;36;5;40;100mt;;;[0;34;5;40;100m88[0;1;30;90;44m@[0;30;44m8[0;36;5;40;100mtt[0;34;5;40;100m%S[0;34;40m888@[0;30;5;40;100mX@@8[0;34;40m@XXX[0;30;5;40;100m88[0;1;30;90;40mS[0m 
  [0;1;34;94;44m8[0;34;5;44;104m8[0;37;5;47;107m8ttt[0;34;5;44;104m8888[0;37;5;47;107mX;;;[0;34;5;44;104m8888[0;37;5;47;107mttt%[0;34;5;44;104m8888[0;37;5;47;107m%%%8[0;1;34;94;44m8888[0;37;5;47;107mX8[0m  
  [0;30;44m@[0;34;5;44;104m8[0;37;5;47;107m8ttt[0;34;5;44;104m8888[0;37;5;47;107m@ttt[0;34;5;44;104m8888[0;37;5;47;107mttt%[0;34;5;44;104m88[0;1;34;94;44m8[0;34;5;44;104m8[0;37;5;47;107m%SS8[0;1;34;94;44m8888[0;37;5;47;107m@[0;36;5;40;100m [0m  
   [0;37;5;40;100m8[0;34;5;44;104m8[0;1;34;94;44m8[0;34;5;44;104m88[0;37;5;47;107m8ttt[0;34;5;44;104m8888[0;37;5;47;107mXttt[0;34;5;44;104m8888[0;37;5;47;107m%%%X[0;1;34;94;44m8888[0;37;5;47;107mXXX[0;1;37;97;47mX[0;30;44mt[0m   
    [0;30;44m%[0;1;34;94;44m888[0;37;5;47;107m8ttt[0;34;5;44;104m8888[0;37;5;47;107mXttt[0;1;34;94;44m8888[0;37;5;47;107m%%S@[0;1;34;94;44m8888[0;37;5;47;107mX@@[0;37;5;40;100m@[0m    
     [0;34;5;40;100m8[0;1;37;97;47m.%[0;36;5;44;104m8[0;34;5;44;104m888[0;1;37;97;47m;%%%[0;34;5;44;104m8888[0;1;37;97;47m%%%t[0;34;5;44;104m8888[0;1;37;97;47mt;; [0;1;34;94;44m8@[0;34;5;40;100m8[0m     
       [0;1;30;90;47m [0;34;5;44;104m8[0;1;34;94;44m888[0;37;5;47;107m8%%%[0;1;34;94;44m8888[0;37;5;47;107mSSSX[0;1;34;94;44m8888[0;37;5;47;107mXX@[0;1;37;97;47m@[0;1;34;94;44m.[0m       
        [0;30;44m8[0;1;30;90;47m8XX8888XXXX8888X@@@[0;37;5;40;100m.[0;36;5;40;100m  t[0m        
          [0;36;5;40;100m [0;1;37;97;47mX[0;1;34;94;44m8888[0;37;5;47;107m8XXX[0;1;34;94;44m8888[0;37;5;47;107m@@@8[0;1;34;94;44m%[0;30;44m8[0m          
             [0;1;30;90;44m8[0;1;30;90;47m8888888888888[0m             
               [0;37;5;40;100mS[0;1;34;94;44mt@@@[0;37;5;47;107m@@@[0;1;37;97;47mt[0;30;44mS[0m               
                  [0;30;44m@.[0;1;30;90;47mt[0;36;5;40;100m [0m                  
