[0;1;30;90;47m8[0;1;37;97;47m:::::::::[0;1;30;90;47m%[0;1;34;94;44mXXXXXXXXX[0;1;37;97;47m::::::::.[0;1;30;90;44m8[0;1;34;94;44m%%%%%%ttt[0;30;44m:[0m
[0;1;30;90;47m;[0;1;37;97;47m8888888888[0;1;30;90;47m8[0;34;5;44;104m88888888[0;1;37;97;47m88888888[0;1;30;90;47m8[0;1;34;94;44m88888888@@.[0m
[0;37;5;40;100mX[0;1;37;97;47m88888888[0;37;5;47;107m888[0;1;30;90;47m8[0;34;5;44;104m8888888[0;1;37;97;47m.888888[0;1;30;90;47m8[0;34;5;44;104m8[0;1;34;94;44m888888888@[0;1;30;90;44m8[0m
[0;1;34;94;44m;[0;34;5;44;104m8[0;1;30;90;47m8[0;1;37;97;47m@888[0;37;5;47;107m888888[0;36;5;40;100m.[0;34;5;44;104m@@888[0;1;30;90;47m@8[0;37;5;47;107m88[0;1;37;97;47m888 [0;34;5;44;104m888[0;1;34;94;44m8888888[0;36;5;40;100m.[0;1;37;97;47m [0;1;30;90;47m%[0m
[0;1;34;94;44m;[0;34;5;44;104m888[0;1;30;90;47m8[0;1;37;97;47m@[0;37;5;47;107m888888@[0;1;37;97;47m8[0;36;5;44;104m@[0;34;5;44;104m@@@@[0;1;37;97;47m8[0;34;5;44;104m@[0;1;37;97;47m8[0;37;5;47;107m88[0;1;37;97;47m8%[0;34;5;44;104m88888[0;1;34;94;44m8888[0;1;30;90;47m8[0;1;37;97;47m;XS[0;1;30;90;47m%[0m
[0;1;34;94;44m;[0;34;5;44;104m88888[0;1;30;90;47m8[0;1;37;97;47mX[0;37;5;47;107m8@@@XX[0;1;37;97;47mS[0;34;5;44;104mXXX[0;1;30;90;47m8[0;37;5;47;107m@[0;34;5;44;104m@[0;1;37;97;47m [0;37;5;47;107m88[0;1;37;97;47m8[0;34;5;44;104m888888[0;1;34;94;44m8[0;34;5;44;104m8[0;1;30;90;47m8[0;1;37;97;47m%@XXS[0;1;30;90;47m%[0m
[0;1;34;94;44m;[0;34;5;44;104m888888@[0;1;30;90;47m8S[0;1;37;97;47m.[0;37;5;47;107m8XXX[0;1;37;97;47m [0;34;5;44;104mXX[0;1;37;97;47m:[0;37;5;47;107mX[0;34;5;44;104m@[0;36;5;40;100m [0;37;5;47;107m88[0;1;30;90;47m8[0;34;5;44;104m8888[0;36;5;40;100m;[0;1;30;90;47m88[0;1;37;97;47mt8@@XXX[0;1;30;90;47m%[0m
[0;1;34;94;44m;[0;34;5;44;104m88888@@X[0;1;37;97;47m  [0;1;30;90;47m88[0;1;37;97;47m @[0;37;5;47;107mS[0;1;37;97;47m [0;36;5;44;104mX[0;37;5;47;107mXX[0;34;5;44;104mX@[0;1;37;97;47mS[0;1;30;90;47m8[0;34;5;44;104m88[0;1;30;90;47m8[0;1;37;97;47m .[0;36;5;40;100m [0;1;30;90;47m8[0;1;37;97;47m@88@@XXX[0;1;30;90;47m%[0m
[0;1;34;94;44m;[0;34;5;44;104m88888@@XX[0;1;30;90;47m8[0;37;5;47;107m8[0;1;37;97;47m;[0;1;30;90;47m8[0;36;5;44;104mX[0;1;34;94;47m8[0;1;30;90;47m8[0;1;37;97;47m [0;37;5;47;107mXX[0;34;5;44;104mX@[0;1;30;90;47m8S[0;1;37;97;47mS[0;37;5;47;107m8[0;1;37;97;47m [0;36;5;40;100m:[0;34;5;44;104m8[0;1;30;90;47m%[0;1;37;97;47m8888@@@XX[0;1;30;90;47m%[0m
[0;1;30;90;47m8S88[0;36;5;40;100m:[0;34;5;44;104m@@@XXX[0;36;5;44;104mX[0;1;37;97;47m%[0;37;5;47;107mS[0;1;37;97;47mS[0;1;30;90;47m8[0;36;5;44;104mXX[0;1;37;97;47mX[0;37;5;47;107mX[0;34;5;44;104mX[0;36;5;44;104m@[0;1;37;97;47m8[0;37;5;47;107m8[0;1;37;97;47m [0;36;5;44;104m8[0;34;5;44;104m88[0;1;37;97;47mt8888@:[0;1;30;90;47m%88[0;36;5;40;100mt[0;1;30;90;44m@[0m
[0;1;30;90;47m;[0;1;37;97;47m88[0;37;5;47;107m8888[0;1;37;97;47mX. [0;1;30;90;47m888[0;1;37;97;47m [0;37;5;47;107mXX[0;1;37;97;47m@[0;1;30;90;47m8[0;36;5;44;104mX[0;37;5;47;107m8[0;34;5;44;104mX[0;1;37;97;47m% [0;36;5;44;104m8[0;34;5;44;104m88[0;1;30;90;47m8[0;1;37;97;47m.[0;1;30;90;47m%8[0;37;5;40;100m:[0;34;5;44;104m88[0;1;34;94;44m888888:[0m
[0;1;30;90;47m@[0;1;37;97;47m888[0;37;5;47;107m88888@@[0;1;37;97;47mS [0;1;30;90;47m8[0;36;5;44;104mX[0;1;30;90;47m88@@X888%[0;1;37;97;47m.X [0;1;30;90;47m8[0;34;5;44;104m888[0;1;34;94;44m88888888[0;30;44m.[0m
[0;36;5;40;100m [0;1;37;97;47m8888[0;37;5;47;107m88[0;1;37;97;47m8 [0;1;30;90;47m8[0;34;5;44;104m@@[0;36;5;44;104m@[0;1;30;90;47m88[0;1;37;97;47m  ;[0;1;30;90;47m8[0;1;37;97;47m [0;1;30;90;47m88[0;36;5;44;104m8[0;36;5;40;100m.[0;1;30;90;47m88t[0;1;37;97;47m:@t[0;1;30;90;47m8[0;36;5;40;100m:[0;1;34;94;44m8888888[0;30;44mX[0m
 [0;1;37;97;47m888% [0;1;30;90;47m@8S[0;1;37;97;47m.X[0;37;5;47;107m8888[0;1;37;97;47m8[0;1;30;90;47m8[0;34;5;44;104m@[0;1;30;90;47m8[0;37;5;47;107m8[0;34;5;44;104m8[0;1;30;90;47mX[0;1;37;97;47m8[0;1;30;90;47m8[0;34;5;44;104m8888888[0;36;5;40;100m.[0;1;30;90;47m8[0;37;5;40;100m.[0;1;34;94;44m88888[0m 
 [0;34;5;40;100mS[0;34;5;44;104m888888888888[0;1;30;90;47mX[0;34;5;44;104m88[0;36;5;44;104m8[0;1;37;97;47m8[0;37;5;47;107m8[0;34;5;44;104m88[0;1;37;97;47m 8t[0;1;30;90;47m8[0;1;37;97;47m;88@@@@XXSt [0;36;5;40;100m [0m 
  [0;1;34;94;44m8[0;34;5;44;104m888888888[0;1;30;90;47mX[0;1;37;97;47m8.[0;34;5;44;104m88[0;1;37;97;47m%8 [0;36;5;40;100m:[0;34;5;44;104m88[0;1;37;97;47m%8[0;34;5;44;104m88[0;36;5;40;100m.[0;1;37;97;47m.8@@@XXXS%[0m  
  [0;30;44m@[0;34;5;44;104m8888888[0;1;30;90;47m%[0;1;37;97;47m888[0;1;30;90;47m8[0;34;5;44;104m8[0;1;37;97;47m 8[0;1;30;90;47m8[0;34;5;44;104m8[0;1;37;97;47m8[0;1;30;90;47m8[0;34;5;44;104m88[0;1;37;97;47m@[0;1;30;90;47m8[0;1;34;94;44m888[0;36;5;40;100mt[0;1;37;97;47m @XXXSS[0;36;5;40;100m [0m  
   [0;30;44mt[0;1;34;94;44m88[0;34;5;44;104m88[0;1;37;97;47m 8888@[0;34;5;44;104m8[0;1;30;90;47m8[0;1;37;97;47mt[0;34;5;44;104m888[0;1;37;97;47m88 [0;34;5;44;104m8[0;36;5;40;100m.[0;1;37;97;47mX[0;1;34;94;44m888888[0;1;30;90;47mX[0;1;37;97;47mSSS[0;37;5;40;100mS[0m   
    [0;30;44m%[0;36;5;40;100m;[0;1;37;97;47m 888888[0;1;30;90;47m@8S[0;34;5;44;104m8888[0;1;37;97;47m888S[0;36;5;40;100m;[0;1;30;90;47m8[0;36;5;40;100m [0;1;34;94;44m8888888[0;1;30;90;47m8[0;36;5;40;100m [0m    
     [0;36;5;40;100m;[0;1;37;97;47m%@@8888[0;1;30;90;47m8[0;37;5;40;100m.[0;1;34;94;44m88888[0;1;37;97;47m8@@@@[0;1;30;90;47m88[0;1;34;94;44m88888@X[0;30;44m8[0m     
       [0;1;30;90;47mS[0;1;37;97;47m@@@@:[0;1;34;94;44m8888888[0;1;37;97;47m@@@XXX:[0;1;34;94;44m888@@.[0m       
        [0;36;5;40;100mt[0;1;37;97;47m.X%[0;1;34;94;44m88888888[0;1;37;97;47mXXXXXSS [0;1;34;94;44m8@%[0;30;44m8[0m        
          [0;36;5;40;100m.[0;34;5;40;100mS[0;1;34;94;44m88888888[0;1;37;97;47mXSSSSSS%[0;1;30;90;47m8[0;30;44m8[0m          
             [0;1;34;94;44m.@8888@[0;1;37;97;47mSSS%%%[0;1;30;90;47mX[0m             
               [0;30;44mX[0;1;34;94;44m;@@@[0;1;37;97;47m%%%[0;1;30;90;47m:[0;36;5;40;100m [0m               
                  [0;30;44m@.[0;1;30;90;47m8[0;36;5;40;100m [0m                  
