[0;34;40m......:::[0;31;40m:[0;34;40m::::::::::[0;1;30;90;40mSSS%[0;34;40m;;;;;[0;31;40m;[0;34;40m;;;;;:::::[0m
[0;34;40m..::[0;31;40m:S[0;30;41m8[0;1;30;90;40m@[0;31;5;40;100m8[0;1;30;90;41mX%%[0;30;41m8[0;31;40m@[0;1;30;90;40m%%%[0;34;40m;;;[0;1;30;90;40m@@XXX[0;31;40m@[0;30;41m@[0;30;5;40;100m8[0;31;5;40;100m8[0;1;30;90;41mXtt[0;30;41m8[0;31;40m@;[0;34;40m;;;;:[0m
[0;34;40m.::[0;31;40m;[0;31;5;40;100m8[0;1;30;90;41mS[0;31;40m8[0;1;30;90;41m%[0;31;40m@@[0;1;30;90;41mSXXXXX[0;1;30;90;40mXXSS88@@[0;31;5;40;100mX[0;1;30;90;41mX[0;31;40m8[0;1;31;91;41m;[0;31;40m@X[0;1;30;90;41mt[0;30;41mS[0;1;30;90;41m;[0;30;41mX[0;1;30;90;41m;[0;30;41m@[0;31;40mt[0;34;40m;;:[0m
[0;34;40m.:[0;31;40mS8[0;1;30;90;41mS[0;30;41m8[0;31;40m%[0;1;30;90;41mSXX@@@@88@[0;1;30;90;40m@@X88[0;30;5;40;100m8[0;31;5;40;100m8[0;1;30;90;41m@X[0;1;30;90;40mX[0;1;30;90;41mttttt;[0;1;31;91;41m:[0;30;41mX[0;31;40m8[0;1;30;90;41m;[0;31;40m%[0;34;40m;:[0m
[0;34;40m.[0;31;40m:[0;1;30;90;41mX[0;30;41mS[0;31;40mS[0;30;41m8[0;1;30;90;41mS[0;1;31;91;41mS[0;1;30;90;41m@[0;1;30;90;40m8[0;1;30;90;41m8[0;1;31;91;41m8[0;1;30;90;41m888888[0;1;30;90;40m88[0;30;5;40;100m88[0;1;30;90;41m8@[0;1;30;90;40m8[0;1;30;90;41m@[0;1;31;91;41mt%[0;1;30;90;41m%[0;1;30;90;40mS[0;1;30;90;41mt[0;1;31;91;41mS[0;1;30;90;41mtt;[0;1;31;91;41m;[0;1;30;90;41m;[0;30;41mt[0;31;40mt[0;34;40m:[0m
[0;34;40m:[0;31;40m%[0;31;5;40;100mS[0;31;40mX[0;31;5;40;100m8[0;1;30;90;41m8@[0;1;31;91;41m88[0;31;5;41;101m88[0;1;30;90;41m88[0;1;31;91;41m8[0;1;30;90;41m8[0;31;5;40;100m@[0;31;5;41;101m8[0;1;30;90;41m8[0;31;5;40;100m8[0;1;30;90;40m8[0;30;5;40;100m@X[0;35;5;40;100m [0;30;5;40;100m8[0;31;5;40;100mX[0;1;30;90;41m8@[0;1;31;91;41m@888t[0;1;30;90;41mt[0;1;31;91;41m%[0;1;30;90;41m;[0;31;40mX[0;1;31;91;41mX[0;1;30;90;41m:[0;31;40m8[0;34;40m:[0m
[0;34;40m:[0;31;40mS[0;1;30;90;41m%SX8@[0;31;5;40;100m8[0;1;30;90;41m8[0;31;5;41;101m@@X@@8[0;31;5;40;100mXX[0;1;30;90;41m8[0;30;5;40;100m@8X[0;31;5;40;100m@[0;1;30;90;41m888[0;31;5;40;100m8[0;1;30;90;41mXX[0;1;31;91;41m;88888S[0;1;30;90;41m;[0;31;40mX[0;1;31;91;41mt[0;31;40mt[0;34;40m:[0m
[0;34;40m:[0;31;40m;[0;1;30;90;41m%[0;30;41m8[0;1;30;90;41mX[0;30;5;40;100m88[0;31;5;40;100m8X8[0;31;5;41;101m8X8[0;35;5;41;101m8[0;35;5;40;100m%[0;35;5;41;101m8[0;31;5;40;100m%S[0;30;5;40;100mX@SX[0;1;30;90;41m8[0;31;5;40;100m8[0;1;30;90;41m8[0;30;5;40;100m88[0;1;30;90;41mX@S[0;1;31;91;41m@8@@[0;30;41m%[0;1;31;91;41mS[0;31;40m8[0;1;30;90;41m;[0;34;40m;:[0m
[0;34;40m:;[0;31;40mS[0;1;30;90;41mS[0;1;30;90;40mX8[0;31;5;40;100mX[0;1;30;90;41m8[0;31;5;40;100m8@[0;1;30;90;41m8[0;35;5;40;100mt%t;;t[0;31;5;40;100m%[0;30;5;40;100mX@SX[0;31;5;40;100m@[0;1;30;90;41m8[0;30;5;40;100m88[0;31;5;40;100m8[0;1;30;90;41mSXStX[0;1;31;91;41mt;[0;30;41m8[0;1;30;90;41m;[0;31;40m8S[0;34;40m;:[0m
[0;34;40m:;[0;1;30;90;40m%S[0;1;30;90;41mX@[0;31;5;40;100m8@[0;30;5;40;100m8[0;31;5;40;100m@XS[0;35;5;40;100m%tttt[0;30;5;40;100mSX@SX@8[0;1;30;90;41m888[0;31;5;40;100m8[0;1;30;90;40m@[0;31;40m@[0;30;41m8[0;1;30;90;41mtt[0;30;41m8[0;1;30;90;41m;[0;31;40m8%[0;34;40m;;:[0m
[0;34;40m:;;[0;1;30;90;40mSX@[0;1;30;90;41m8888[0;31;5;40;100m@XXS[0;30;5;40;100mSSSX@8X@88[0;1;30;90;40m88[0;1;30;90;41m@XS%[0;30;41mX[0;31;40m8[0;30;41mX[0;31;40m8[0;1;30;90;40m%[0;34;40m;;;;:[0m
[0;34;40m:;;[0;1;30;90;40mSX@@88[0;30;5;40;100m88@@XXX@@88@88[0;1;30;90;40m888@XXSS%[0;34;40m;;;;;;;:[0m
[0;34;40m:[0;1;30;90;40mX@@888[0;30;5;40;100m88@@XXSSSXX@@[0;1;30;90;40m8@XSS[0;34;40m;;::::.......  [0m
 [0;1;30;90;40mXX@@88[0;30;5;40;100m8[0;31;5;40;100m8[0;1;30;90;41m8[0;35;5;40;100mt[0;31;5;40;100m@[0;1;30;90;41m8[0;31;5;40;100m888[0;30;5;40;100m8888[0;1;30;90;40mXXSS[0;30;41m8X[0;31;5;40;100m8[0;1;30;90;41mS[0;30;41m%88[0;31;40mt.[0;34;40m..... [0m 
 [0;34;40m;[0;1;30;90;40mXX@@8[0;31;5;40;100mX8[0;30;5;40;100m8[0;1;30;90;41m@88[0;31;5;40;100m8[0;1;30;90;41m888[0;30;5;40;100m8[0;1;30;90;40m88SSS[0;31;5;40;100m8[0;30;41m8[0;31;40mS[0;1;30;90;41m;[0;30;41mXS8%@X[0;31;40mt[0;34;40m...  [0m 
  [0;1;30;90;40mSSX@[0;1;30;90;41m%XXX[0;1;31;91;41m%[0;1;30;90;40m8[0;1;30;90;41mX[0;1;31;91;41m%[0;1;30;90;41mX[0;1;31;91;41m%[0;1;30;90;41mXX[0;1;30;90;40m88[0;34;40m;[0;31;40mX[0;1;30;90;41mt[0;30;41m@%%[0;1;31;91;41m;[0;31;40mt[0;1;30;90;41m:[0;1;31;91;41m;[0;1;30;90;41m:[0;1;31;91;41m:[0;30;41mt%[0;31;40m;[0;34;40m.  [0m  
  [0;34;40m:[0;1;30;90;40mSS[0;31;5;40;100m88[0;30;5;40;100m8[0;1;30;90;41m8S[0;1;31;91;41m@%@[0;1;30;90;41mSSSX[0;1;31;91;41mS[0;1;30;90;41mS[0;1;30;90;40m@[0;34;40m:[0;30;5;40;100m8[0;31;40m8S[0;1;30;90;41mS[0;30;41mt[0;1;31;91;41mX;X[0;1;30;90;41m::[0;30;41m;8[0;1;31;91;41mt[0;30;41m8[0;34;40m   [0m  
   [0;34;40m:[0;1;30;90;40mS[0;30;41m@XX[0;1;30;90;41mX%%[0;1;31;91;41m8888S[0;1;30;90;41m%%[0;30;41m8[0;1;30;90;40mX[0;34;40m:[0;30;41m888X@;[0;1;31;91;41m@888t[0;30;41m;S[0;31;40m@[0;34;40m  [0m   
    [0;34;40m:[0;31;40mS[0;1;30;90;41mt[0;30;41m8[0;1;30;90;40mX[0;1;30;90;41mX[0;30;41m88[0;1;31;91;41m%t8[0;30;41mX[0;1;31;91;41m;[0;30;41mS[0;31;40mS[0;1;30;90;40mS[0;34;40m:[0;31;40mt[0;30;41m%[0;31;40m8;[0;30;41m@[0;31;40m8@[0;1;31;91;41m;:@[0;30;41m8[0;1;31;91;41m.[0;30;41m8[0;31;40m:[0;34;40m [0m    
     [0;34;40m.[0;31;40mX[0;30;41m@[0;31;40m8@[0;1;30;90;41mX[0;30;41m8X[0;1;30;90;41m%tt[0;30;41mX[0;31;40mX[0;1;30;90;40mSS[0;34;40m..[0;31;40m%[0;30;41m8[0;31;40mX%[0;30;41m@[0;31;40m8[0;30;41m8[0;1;30;90;41m;[0;30;41m%%8[0;31;40m;[0;34;40m [0m     
       [0;34;40m;[0;31;40m8[0;30;41mXX[0;1;30;90;41mtt[0;30;41m8X[0;31;40mS[0;1;30;90;40m%%%%[0;34;40m....[0;31;40mS[0;30;41m88SX[0;31;40m8[0;30;41m8[0;31;40m; [0m       
        [0;34;40m.;;;;;;;;;;;......      [0m        
          [0;34;40m.;;;;;;;;;.         [0m          
             [0;34;40m:;;;;;;       [0m             
               [0;34;40m.:;::     [0m               
                  [0;34;40m.:  [0m                  
