[0;1;30;90;41m.[0;1;31;91;41mSSSSSSSSXXXXXXXXXXXXSSSSSSSSS%%%%%%ttt[0;30;41m:[0m
[0;1;31;91;41m;8[0;31;5;41;101m8888888888888888888888888[0;1;31;91;41m8888888888@@.[0m
[0;1;31;91;41m;[0;31;5;41;101m8888888888888888888888888888[0;1;31;91;41m888888888@:[0m
[0;1;31;91;41m;[0;31;5;41;101m888888[0;1;31;91;41m88[0;31;5;41;101m88888888888[0;1;31;91;41m888888888888@888888:[0m
[0;1;31;91;41m;[0;31;5;41;101m88888[0;1;30;90;41mS[0;1;30;90;40mX@88888[0;30;5;40;100m8[0;1;30;90;40m88888@@XS%[0;34;40m;;::::..[0;1;30;90;41m:[0;1;31;91;41m88888:[0m
[0;1;31;91;41m;[0;31;5;41;101m88888[0;1;30;90;41mX[0;1;30;90;40m@88[0;30;5;40;100m8888[0;31;5;40;100m@@[0;35;5;40;100m;.:[0;1;30;90;41m888@X[0;31;40mX[0;1;30;90;40m%[0;34;40m;;:::..[0;1;30;90;41m:[0;1;31;91;41m88888:[0m
[0;1;31;91;41m;[0;31;5;41;101m88888[0;1;30;90;41m@[0;1;30;90;40m88[0;30;5;40;100m88@[0;31;5;40;100mS[0;35;5;40;100mt[0;31;5;40;100mXX[0;1;30;90;41m8[0;31;5;40;100mX@8[0;30;5;40;100m8[0;1;31;91;41mX[0;1;30;90;41m8@XS[0;30;41mX[0;31;40mS[0;34;40m::::.[0;1;30;90;41m:[0;1;31;91;41m88888:[0m
[0;1;31;91;41m;[0;31;5;41;101m88888[0;1;30;90;41m8[0;1;30;90;40m8[0;30;5;40;100m88@[0;35;5;40;100m  ;t[0;36;5;40;100mt[0;31;5;40;100m%SX@[0;1;30;90;41m88[0;1;30;90;40m8[0;1;30;90;41m@XS[0;30;41m8[0;1;30;90;41m%[0;30;41mX[0;31;40m;[0;34;40m::.[0;1;30;90;41m:[0;1;31;91;41m88888:[0m
[0;1;31;91;41m;[0;31;5;41;101m88888[0;1;30;90;41m8[0;1;30;90;40m8[0;30;5;40;100m8[0;31;5;40;100m@XS[0;35;5;40;100m%t;[0;36;5;40;100m;[0;35;5;40;100mt[0;31;5;40;100mS[0;1;30;90;41m8[0;31;5;40;100m@8[0;1;30;90;41m88@XS[0;30;41m@[0;31;40m%[0;1;30;90;41mt;[0;31;40m:[0;34;40m:.[0;1;30;90;41m:[0;1;31;91;41m88888:[0m
[0;1;31;91;41m;[0;31;5;41;101m88888[0;1;30;90;41m8[0;1;30;90;40m8[0;30;5;40;100m8[0;31;5;40;100mX[0;1;30;90;41m8[0;31;5;40;100mS[0;35;5;40;100m%ttt[0;35;5;41;101m8[0;31;5;40;100mS[0;30;5;40;100mX@[0;31;5;40;100m8[0;1;31;91;41m8@[0;1;30;90;41m@XS[0;1;31;91;41m8@[0;1;30;90;41mt[0;30;41mS[0;1;30;90;41m;[0;34;40m:.[0;1;30;90;41m:[0;1;31;91;41m88888:[0m
[0;1;31;91;41m;[0;31;5;41;101m88888[0;1;30;90;41m@[0;1;30;90;40m8[0;31;5;40;100m8[0;35;5;40;100m [0;31;5;40;100m@[0;30;5;40;100mX[0;36;5;40;100mt[0;35;5;40;100m..[0;1;30;90;41m8[0;31;5;41;101m8[0;1;30;90;41m8[0;31;5;40;100m@8[0;1;30;90;41m8[0;1;31;91;41m@[0;1;30;90;41m8[0;1;30;90;40m@[0;1;30;90;41mXS%[0;31;40m8[0;1;31;91;41mX;[0;1;30;90;41m;[0;30;41m@[0;34;40m.[0;1;30;90;41m:[0;1;31;91;41m88888:[0m
[0;1;30;90;41m:[0;31;5;41;101m88888[0;1;31;91;41mX[0;1;30;90;40m8[0;31;5;40;100mS[0;36;5;40;100m.[0;31;5;40;100m8[0;30;5;40;100m@[0;35;5;40;100m;[0;1;31;91;41m8[0;31;5;40;100m@@[0;1;31;91;41m8[0;31;5;41;101mXX@@88[0;1;31;91;41mX@@[0;1;30;90;41m%[0;31;40m8[0;1;30;90;41mt[0;1;31;91;41m8[0;1;30;90;41m;[0;30;41mX[0;34;40m.[0;1;31;91;41m;88888[0;30;41m.[0m
[0;30;41mS[0;31;5;41;101m888888[0;1;30;90;40m@[0;1;30;90;41m8888[0;31;5;40;100m8[0;30;5;40;100m8[0;1;31;91;41m8[0;31;5;40;100m8[0;30;5;40;100m8[0;1;30;90;41m8[0;31;5;41;101m8@888[0;1;31;91;41m8[0;31;5;41;101m8[0;1;31;91;41m8X;[0;31;40m%[0;30;41m@[0;1;31;91;41mX[0;31;40mt;[0;1;31;91;41m888888[0;30;41mX[0m
 [0;31;5;41;101m888888[0;1;30;90;41mS[0;31;40m8[0;1;31;91;41mS[0;1;30;90;40m@8[0;1;30;90;41m8[0;31;5;40;100m8@8[0;1;30;90;41m88[0;31;5;41;101m8[0;1;30;90;41m@[0;1;31;91;41m8[0;31;5;41;101m8888[0;1;31;91;41mt[0;1;30;90;41mt[0;1;31;91;41mX[0;30;41mSS[0;1;31;91;41mS[0;31;40m.[0;30;41m%[0;1;31;91;41m888888[0m 
 [0;1;31;91;41m.[0;31;5;41;101m888888[0;31;40m8[0;1;30;90;41mSXXX[0;1;30;90;40m@[0;30;5;40;100m@[0;31;5;40;100m@[0;1;30;90;40m@@[0;31;5;40;100m8[0;1;30;90;40mX[0;1;30;90;41mS[0;31;5;41;101m8[0;1;31;91;41mtS8[0;1;30;90;41m;[0;30;41m8[0;1;31;91;41m@[0;30;41mX[0;31;40m8[0;30;41mX[0;31;40m%[0;1;31;91;41m888888.[0m 
  [0;1;31;91;41m8[0;31;5;41;101m88888[0;1;31;91;41mX[0;31;40mX[0;1;30;90;41m%[0;30;41m8[0;1;30;90;40mSS[0;31;5;40;100m@[0;1;30;90;41mS[0;1;31;91;41mt[0;1;30;90;41mSS%[0;1;31;91;41mt@[0;1;30;90;41m@[0;1;31;91;41mX8[0;30;41m88[0;1;31;91;41mX[0;31;40mS[0;30;41m@[0;31;40mt[0;1;31;91;41m%88888@[0m  
  [0;30;41m@[0;31;5;41;101m888888[0;1;31;91;41mS[0;31;40mS[0;30;41m@[0;1;30;90;41m%[0;31;40m8;[0;34;40m;[0;1;30;90;40m@[0;31;40m8;;;S[0;1;30;90;41m%[0;1;31;91;41m%[0;30;41m8[0;31;40m8[0;1;31;91;41m@[0;30;41m@[0;31;40m@%[0;1;31;91;41mt888888[0;30;41m@[0m  
   [0;30;41mt[0;1;31;91;41m88[0;31;5;41;101m8888[0;1;31;91;41m@[0;30;41m8[0;31;40mt[0;30;41m@[0;1;30;90;41m;;;[0;30;41mt[0;1;30;90;41m;;[0;1;31;91;41m:[0;1;30;90;41m;[0;30;41m8S[0;1;30;90;41m:[0;30;41mt[0;31;40m%;8[0;1;31;91;41mX88888@[0;30;41mt[0m   
    [0;30;41m%[0;1;31;91;41m8888[0;31;5;41;101m888[0;1;30;90;41m:[0;31;40m%[0;34;40m:[0;31;40m;%S88@X88;[0;34;40m.[0;31;40mt[0;1;30;90;41m:[0;1;31;91;41m888888@[0;30;41m%[0m    
     [0;30;41m8[0;1;31;91;41m@8888888[0;30;41mt[0;31;40mt[0;34;40m........[0;31;40mt[0;30;41m%[0;1;31;91;41m@88888@X[0;30;41m8[0m     
       [0;1;31;91;41m:88888888[0;1;30;90;41m:[0;31;40m@.[0;34;40m..[0;31;40m.X[0;30;41m:[0;1;31;91;41m@88888@@.[0m       
        [0;31;40m8[0;1;31;91;41mS88888888%[0;30;41m%%[0;1;31;91;41m%888888@@%[0;30;41m8[0m        
          [0;30;41m8[0;1;31;91;41m%8888888888888@@@%[0;30;41m8[0m          
             [0;1;31;91;41m.@8888@@@@@@@.[0m             
               [0;30;41mX[0;1;31;91;41m;@@@@@@t[0;30;41mS[0m               
                  [0;30;41m@. @[0m                  
