[0;34;40m......:::::::::::::::::...........      [0m
[0;34;40m..:::::;;;;;;[0;1;30;90;40m%%%%[0;34;40m;;[0;31;40m;[0;34;40m;;:::::.........    [0m
[0;34;40m.::::;;;[0;1;30;90;40m%SSSX8X[0;36;5;40;100m;[0;33;5;40;100m8X8[0;1;33;93;43mXS[0;1;30;90;43m%t[0;1;30;90;40m8[0;34;40m:::::........   [0m
[0;34;40m.::;;;[0;1;30;90;40mSSXX[0;30;5;40;100mX[0;1;30;90;43m@[0;1;33;93;43mS[0;1;30;90;43m@@[0;33;5;40;100m@%8[0;1;30;90;43m@X[0;33;5;40;100m8[0;1;30;90;43mX[0;33;5;43;103mS[0;1;30;90;43mS%;;[0;31;40mX;[0;34;40m:.......   [0m
[0;34;40m.:;;;[0;1;30;90;40mSXX[0;30;5;40;100m8[0;1;30;90;43m8[0;37;43m@[0;33;5;43;103m@[0;1;30;90;43m88[0;33;5;43;103m@@[0;33;5;40;100m8[0;1;30;90;40m8888[0;1;30;90;43m@[0;33;5;43;103mt[0;1;30;90;43mXS[0;1;33;93;43m@[0;1;30;90;43mt;:;[0;31;5;40;100mX[0;34;40m.......  [0m
[0;34;40m:;;;[0;1;30;90;40mSX@[0;30;5;40;100mX[0;33;5;40;100m. [0;1;30;90;43m8[0;33;5;40;100m8[0;30;5;40;100m88[0;33;5;40;100m@[0;37;5;43;103mS[0;1;30;90;43m8[0;30;5;40;100m8[0;33;5;40;100m8[0;1;30;90;43m8[0;1;33;93;43m8[0;33;5;43;103m8[0;1;30;90;43m@[0;1;30;90;40mX[0;1;30;90;43mS%[0;1;30;90;40m8[0;1;30;90;43m%[0;1;33;93;43m%[0;31;5;40;100mS[0;1;33;93;43m%[0;1;30;90;43m:[0;31;40m%[0;34;40m.....  [0m
[0;34;40m:;;[0;1;30;90;40mSX8@[0;36;5;40;100m%[0;30;5;40;100mX[0;33;5;40;100m@@[0;30;5;40;100m@XX[0;33;5;40;100mS[0;37;5;43;103mX[0;1;30;90;43m8[0;37;43mX[0;37;5;43;103mX[0;1;33;93;43mX[0;33;5;40;100m8[0;31;5;40;100mS[0;33;5;40;100m88[0;1;30;90;43mXS%t[0;1;30;90;40m8[0;34;40m:[0;31;40m%[0;1;30;90;43m:[0;1;33;93;43mt[0;1;30;90;43m:[0;31;40m.[0;34;40m.... [0m
[0;34;40m:;;[0;1;30;90;40mSX[0;1;30;90;43m@88[0;1;33;93;43mX[0;33;5;43;103m8[0;1;33;93;43m8[0;1;30;90;43m8[0;33;5;40;100mS[0;36;5;40;100mt[0;1;30;90;43m8[0;37;5;43;103m@@[0;37;43m@[0;33;5;40;100mX@[0;33;5;43;103m@[0;1;33;93;43m8@@[0;33;5;43;103m8@[0;1;33;93;43m8@@[0;1;30;90;43m;[0;33;5;40;100m8[0;31;40m:[0;1;30;90;43m;[0;1;33;93;43mX[0;1;30;90;43m:[0;32;40m.[0;34;40m... [0m
[0;34;40m:;[0;1;30;90;40m%S[0;1;30;90;43m@[0;1;33;93;43m@8[0;1;30;90;43m8[0;33;5;40;100m8@@[0;37;43m@[0;37;5;43;103m@[0;37;43m8[0;33;47m8[0;37;5;43;103m8[0;37;43m8[0;33;5;40;100m%[0;30;5;40;100mX@[0;33;5;40;100m8[0;33;5;43;103m@%%[0;1;33;93;43m@[0;33;5;43;103mt[0;1;30;90;43m%t[0;33;5;43;103mXSS[0;1;30;90;43m:;;.[0;31;40m8[0;34;40m... [0m
[0;34;40m:;[0;1;30;90;40m%X[0;37;43m@[0;1;33;93;43mX[0;1;30;90;43m8[0;1;30;90;40m8[0;30;5;40;100m8@XS[0;1;30;90;43m8[0;37;5;43;103m@88[0;1;33;93;47m@[0;33;5;40;100mS[0;30;5;40;100mS[0;33;5;40;100m@8[0;33;5;43;103mtt[0;1;30;90;43m@[0;1;30;90;40mX8[0;30;5;40;100m@[0;1;30;90;43m%[0;31;5;40;100mX[0;1;30;90;43m;;[0;33;5;43;103m@@[0;1;30;90;43m::.[0;31;40mX[0;34;40m.. [0m
[0;34;40m:;;[0;30;5;40;100mX[0;33;5;40;100m S[0;1;30;90;43m@[0;1;30;90;40m8[0;30;5;40;100m8[0;33;5;40;100m;[0;37;43m8[0;33;47mX[0;33;5;40;100mS[0;1;30;90;43m8[0;37;5;43;103mX@@XX[0;33;5;43;103m%tS[0;1;30;90;43m@@[0;33;5;40;100m88[0;1;30;90;43m%[0;1;33;93;43mXX[0;30;5;40;100mX[0;34;40m:[0;31;40m8[0;33;5;43;103mtX[0;1;30;90;43m:[0;1;33;93;43m%[0;1;30;90;43m:[0;34;40m.. [0m
[0;34;40m.;;[0;1;30;90;40m8[0;36;5;40;100m [0;1;30;90;40m888[0;36;5;40;100m;[0;1;30;90;43m8[0;33;5;43;103mX%[0;1;30;90;43m8[0;30;5;40;100m@[0;37;43mX[0;37;5;43;103mXSSS%[0;33;5;43;103m:::;t%XS@[0;1;33;93;43m%[0;1;30;90;43m;[0;34;40m:[0;1;33;93;43m8[0;33;5;43;103m%X[0;31;5;40;100mS[0;1;30;90;43m:[0;34;40m.. [0m
[0;34;40m.:;[0;33;5;40;100m8[0;1;30;90;43m%[0;30;5;40;100mX[0;1;30;90;43mXX8[0;30;5;40;100mX[0;1;30;90;40m8[0;1;30;90;43m8[0;33;5;43;103m%[0;33;5;40;100m8[0;30;5;40;100mX[0;1;30;90;43m8[0;1;33;93;43m@[0;37;5;43;103m%[0;33;5;43;103m::;:;ttS%%;[0;1;33;93;43mX%[0;31;5;40;100mS[0;31;40m.[0;1;30;90;43m:[0;33;5;43;103mt[0;1;30;90;43m:[0;31;40m@[0;34;40m.  [0m
 [0;34;40m::[0;1;30;90;40m8[0;1;33;93;43m%[0;1;30;90;43m%S[0;33;5;40;100m8[0;1;30;90;43m@[0;1;33;93;43m8[0;33;5;40;100m8[0;1;30;90;43m88[0;1;33;93;43m@[0;1;30;90;43m8[0;30;5;40;100mX[0;33;5;40;100m8[0;33;5;43;103mtttS:;;;;;S[0;1;33;93;43m@8@S[0;31;40m:S[0;33;5;43;103mt[0;1;30;90;43m.[0;34;40m.. [0m 
 [0;34;40m.:[0;31;40m:[0;1;30;90;43m;t[0;34;40m;[0;1;30;90;40m%S[0;1;33;93;43mS[0;1;30;90;43mX[0;30;5;40;100m@[0;1;30;90;40mX@[0;1;30;90;43mX[0;33;5;43;103m8[0;1;33;93;43m@[0;33;5;43;103mtt[0;33;5;40;100m8[0;33;5;43;103mX;;;;;%[0;1;33;93;43m@[0;1;30;90;43m;:[0;33;5;43;103m8[0;1;33;93;43m8[0;31;40mX[0;1;30;90;43m:[0;33;5;43;103m%[0;1;30;90;43m:[0;34;40m.  [0m 
  [0;34;40m::[0;31;40m@[0;1;33;93;43m@[0;1;30;90;43m;%[0;1;33;93;43m%[0;1;30;90;43m%[0;1;30;90;40mSSX[0;33;5;40;100m%[0;1;30;90;40m8S[0;30;5;40;100m8[0;1;30;90;43m8[0;33;5;40;100m8[0;34;40m;[0;1;30;90;43mt[0;33;5;43;103m;;S[0;1;30;90;43m;[0;33;5;43;103mXt@[0;1;30;90;40m8[0;1;30;90;43m:[0;33;5;43;103m@[0;1;33;93;43m@[0;31;40mX:[0;1;33;93;43m@[0;31;40m%[0;34;40m  [0m  
  [0;34;40m.::[0;1;30;90;43m;:[0;31;40m%;[0;34;40m;;[0;1;30;90;40m%[0;1;30;90;43m8[0;33;5;43;103mS[0;1;33;93;43mX[0;33;5;40;100m8[0;31;40m;[0;34;40m;;[0;31;40m;[0;31;5;40;100mX[0;33;5;43;103m%;[0;1;30;90;43m;;[0;33;5;43;103m;t[0;1;33;93;43m%[0;31;40mXt[0;33;5;43;103m%[0;1;30;90;43m.[0;31;40m.[0;1;30;90;43m:[0;31;43m8[0;34;40m   [0m  
   [0;34;40m..:[0;1;30;90;43m;[0;1;33;93;43mS[0;1;30;90;40m8[0;34;40m::[0;1;30;90;40m8[0;33;5;40;100m8[0;31;5;40;100mX[0;1;30;90;43mt[0;33;5;43;103mS[0;1;30;90;43m;;:[0;1;33;93;43mXX[0;1;30;90;43m:t[0;33;5;40;100m8[0;1;33;93;43m%[0;33;5;43;103mt[0;1;33;93;43m@[0;1;30;90;43m:[0;31;40m8[0;1;33;93;43m%8[0;31;40m8[0;1;30;90;41m8[0;31;43m8[0;34;40m   [0m   
    [0;34;40m...[0;31;40mX[0;1;30;90;43m::[0;31;40m8:[0;34;40m:::[0;1;30;90;43m8[0;1;30;90;40m8[0;34;40m::::.[0;31;40mS[0;1;30;90;43m:[0;33;5;43;103m%[0;1;30;90;43m.[0;31;40m8:[0;1;33;93;43m%[0;33;5;43;103mX[0;1;30;90;43m:[0;1;30;90;41m8[0;31;40mS[0;34;40m   [0m    
     [0;34;40m ..[0;31;40m:[0;33;5;40;100m8[0;1;30;90;43m:[0;1;33;93;43mX[0;1;30;90;43m:;[0;31;40mXSt%X[0;33;5;40;100m8[0;1;30;90;43m:.[0;33;5;43;103mX[0;1;30;90;43m.:[0;31;40m@[0;1;30;90;43m:..[0;31;40m8X [0;34;40m   [0m     
       [0;34;40m...[0;31;40m.X[0;1;30;90;43m:..[0;33;5;43;103m8[0;1;33;93;43m@S[0;33;5;43;103m8[0;1;30;90;43m:.[0;31;40m8t;[0;1;30;90;43m:[0;1;33;93;43m@[0;1;30;90;43m.[0;31;40m8.[0;34;40m    [0m       
        [0;34;40m .......[0;31;40m:@8888[0;1;30;90;43m:[0;1;30;90;41m8[0;31;40m%.[0;34;40m      [0m        
          [0;34;40m ..........         [0m          
             [0;34;40m              [0m             
               [0;34;40m          [0m               
                  [0;34;40m    [0m                  
