[0;34;40m......:::[0;31;40m:[0;34;40m::::::::::[0;1;34;94;46m88888[0;34;46m:;;;;;;;tttttt@[0m
[0;34;40m..::[0;31;40m:S[0;30;41m8[0;1;30;90;40m@[0;31;5;40;100m8[0;1;30;90;41mX%%[0;30;41m8[0;31;40m@[0;1;30;90;40m%%%[0;34;40m;;;[0;1;36;96;46m::::.......[0;1;34;94;46m88888888[0;34;46mS[0m
[0;34;40m.::[0;31;40m;[0;31;5;40;100m8[0;1;30;90;41mS[0;31;40m8[0;1;30;90;41m%[0;31;40m@@[0;1;30;90;41mSXXXXX[0;1;30;90;40mXXSS[0;1;36;96;46m::::::[0;1;36;96;47m@[0;1;37;97;47m8[0;37;5;47;107mX%%@[0;1;37;97;47m@[0;1;36;96;47m@[0;1;36;96;46m.[0;1;34;94;46m8888[0;34;46mS[0m
[0;34;40m.:[0;31;40mS8[0;1;30;90;41mS[0;30;41m8[0;31;40m%[0;1;30;90;41mSXX@@@@88@[0;1;30;90;40m@@X[0;1;36;96;46m;;::[0;1;36;96;47m8[0;37;5;47;107mSS[0;1;37;97;47m8[0;37;5;47;107m8t%88S@[0;36;47m8[0;1;34;94;46m888[0;34;46mS[0m
[0;34;40m.[0;31;40m:[0;1;30;90;41mX[0;30;41mS[0;31;40mS[0;30;41m8[0;1;30;90;41mS[0;1;31;91;41mS[0;1;30;90;41m@[0;1;30;90;40m8[0;1;30;90;41m8[0;1;31;91;41m8[0;1;30;90;41m888888[0;1;30;90;40m88[0;1;36;96;46mt;;[0;1;36;96;47m8[0;37;5;47;107mtt[0;1;37;97;47mS[0;1;36;96;46m:;[0;1;37;97;47mX[0;1;36;96;47m8[0;1;36;96;46m.[0;1;36;96;47m@[0;37;5;47;107mSSX[0;37;46mX[0;1;34;94;46m88[0;34;46mS[0m
[0;34;40m:[0;31;40m%[0;31;5;40;100mS[0;31;40mX[0;31;5;40;100m8[0;1;30;90;41m8@[0;1;31;91;41m88[0;31;5;41;101m88[0;1;30;90;41m88[0;1;31;91;41m8[0;1;30;90;41m8[0;31;5;40;100m@[0;31;5;41;101m8[0;1;30;90;41m8[0;31;5;40;100m8[0;1;30;90;40m8[0;36;5;46;106mt[0;1;36;96;46mt;[0;1;37;97;47m@[0;37;5;47;107m;;[0;1;37;97;47m8[0;1;36;96;46mt::..[0;1;37;97;47mt[0;37;5;47;107m%SS[0;1;37;97;47m%[0;1;34;94;46m88[0;34;46mS[0m
[0;34;40m:[0;31;40mS[0;1;30;90;41m%SX8@[0;31;5;40;100m8[0;1;30;90;41m8[0;31;5;41;101m@@X@@8[0;31;5;40;100mXX[0;1;30;90;41m8[0;30;5;40;100m@8[0;36;5;46;106mtt[0;1;36;96;46mt[0;1;37;97;47mX[0;37;5;47;107m;;t[0;1;37;97;47m8[0;1;36;96;46m:.:[0;1;36;96;47m8[0;37;5;47;107m8[0;1;37;97;47m8[0;37;5;47;107mXS[0;1;37;97;47mt[0;1;34;94;46m88[0;34;46mS[0m
[0;34;40m:[0;31;40m;[0;1;30;90;41m%[0;30;41m8[0;1;30;90;41mX[0;30;5;40;100m88[0;31;5;40;100m8X8[0;31;5;41;101m8X8[0;35;5;41;101m8[0;35;5;40;100m%[0;35;5;41;101m8[0;31;5;40;100m%S[0;30;5;40;100mX@[0;36;5;46;106m;tt[0;37;5;46;106m@[0;37;5;47;107mt;t8[0;1;36;96;47m8[0;37;5;46;106m@[0;1;37;97;47m@[0;1;36;96;47mSS[0;1;37;97;47m8[0;37;5;47;107mSX[0;1;36;96;46m;[0;1;34;94;46m88[0;34;46mS[0m
[0;34;40m:;[0;31;40mS[0;1;30;90;41mS[0;1;30;90;40mX8[0;31;5;40;100mX[0;1;30;90;41m8[0;31;5;40;100m8@[0;1;30;90;41m8[0;35;5;40;100mt%t;;t[0;31;5;40;100m%[0;30;5;40;100mX@[0;36;5;46;106m;tt[0;1;36;96;46mt[0;37;5;46;106m8[0;37;5;47;107m@%[0;1;37;97;47m8[0;37;5;47;107m8%tt%%8[0;1;36;96;46mt[0;1;34;94;46m888[0;34;46mS[0m
[0;34;40m:;[0;1;30;90;40m%S[0;1;30;90;41mX@[0;31;5;40;100m8@[0;30;5;40;100m8[0;31;5;40;100m@XS[0;35;5;40;100m%tttt[0;30;5;40;100mSX@[0;36;5;46;106m;tt[0;1;36;96;46mt;;[0;1;36;96;47m8[0;1;37;97;47mS8[0;37;5;47;107m@@[0;1;37;97;47m8%[0;1;36;96;47m8[0;1;36;96;46m.[0;1;34;94;46m8888[0;34;46mS[0m
[0;34;40m:;;[0;1;30;90;40mSX@[0;1;30;90;41m8888[0;31;5;40;100m@XXS[0;30;5;40;100mSSSX@8[0;36;5;46;106m;t[0;1;36;96;46mtt;;::::.....[0;1;34;94;46m8888[0;34;46mS[0m
[0;34;40mt[0;1;30;90;40m8888[0;30;5;40;100m@XXS[0;36;5;40;100m88@@XXX@@88[0;1;30;90;46m88@XS%%tt[0;34;46m:;;;;;;ttt8[0m
[0;1;30;90;46m:[0;1;36;96;46mSSSXXX@@@8[0;36;47m88[0;1;36;96;46m888888@[0;1;30;90;40m8@XSS[0;34;40m;;::::.......  [0m
 [0;1;36;96;46mSSSSXXXX@[0;1;37;97;47mX8[0;37;5;47;107m8[0;1;37;97;47m8[0;36;47m8[0;1;36;96;46m@@@@@[0;1;30;90;40mXXSS[0;30;41m8X[0;31;5;40;100m8[0;1;30;90;41mS[0;30;41m%88[0;31;40mt.[0;34;40m..... [0m 
 [0;1;30;90;46m:[0;1;36;96;46mSSSSSXX[0;36;47m8[0;1;37;97;47m@XS@8[0;37;46m@[0;1;36;96;46mXXXX[0;1;30;90;40mSSS[0;31;5;40;100m8[0;30;41m8[0;31;40mS[0;1;30;90;41m;[0;30;41mXS8%@X[0;31;40mt[0;34;40m...  [0m 
  [0;1;30;90;46m:[0;1;36;96;46mSSSSSSX[0;36;47m8[0;1;37;97;47mX88X[0;1;36;96;46m@XXXX[0;34;40m;[0;31;40mX[0;1;30;90;41mt[0;30;41m@%%[0;1;31;91;41m;[0;31;40mt[0;1;30;90;41m:[0;1;31;91;41m;[0;1;30;90;41m:[0;1;31;91;41m:[0;30;41mt%[0;31;40m;[0;34;40m.  [0m  
  [0;36;5;40;100m8[0;1;30;90;46m:[0;1;36;96;46mSSSSX[0;1;37;97;47mS88@X8@[0;1;36;96;46mXSSS[0;34;40m:[0;30;5;40;100m8[0;31;40m8S[0;1;30;90;41mS[0;30;41mt[0;1;31;91;41mX;X[0;1;30;90;41m::[0;30;41m;8[0;1;31;91;41mt[0;30;41m8[0;34;40m   [0m  
   [0;1;30;90;46m:::[0;1;36;96;46mSS[0;36;47m@[0;1;37;97;47m@S[0;36;47m@[0;1;37;97;47mSS[0;36;47mS[0;1;36;96;46mXSSSS[0;34;40m:[0;30;41m888X@;[0;1;31;91;41m@888t[0;30;41m;S[0;31;40m@[0;34;40m  [0m   
    [0;1;30;90;46m::::[0;1;30;90;47m  [0;1;30;90;46mt[0;1;36;96;46mSS[0;1;30;90;46m@[0;1;36;96;46mSSSSS[0;1;30;90;46m:[0;34;40m:[0;31;40mt[0;30;41m%[0;31;40m8;[0;30;41m@[0;31;40m8@[0;1;31;91;41m;:@[0;30;41m8[0;1;31;91;41m.[0;30;41m8[0;31;40m:[0;34;40m [0m    
     [0;34;40m8[0;1;30;90;46m..[0;36;47m@[0;37;46m@[0;1;30;90;46m::8;[0;36;47m8[0;1;30;90;46m:::::[0;34;40m..[0;31;40m%[0;30;41m8[0;31;40mX%[0;30;41m@[0;31;40m8[0;30;41m8[0;1;30;90;41m;[0;30;41m%%8[0;31;40m;[0;34;40m [0m     
       [0;1;30;90;46m:S[0;1;30;90;47m [0;1;30;90;46m%..t[0;36;47m8[0;1;30;90;46m.....[0;34;40m....[0;31;40mS[0;30;41m88SX[0;31;40m8[0;30;41m8[0;31;40m; [0m       
        [0;34;40m8[0;1;30;90;46m:88[0;37;46mX[0;1;30;90;46m8......[0;34;40m......      [0m        
          [0;1;30;90;40m8[0;1;30;90;46m   ..    [0;34;40m.         [0m          
             [0;1;30;90;46m.      [0;34;40m       [0m             
               [0;1;30;90;46m..   [0;34;40m     [0m               
                  [0;34;40m8[0;1;30;90;46m [0;34;40m  [0m                  
