[0;34;40m......:::::::::::::::::...........      [0m
[0;34;40m..:::::;;;;;;[0;1;30;90;40m%%%%[0;34;40m;;[0;31;40m;[0;34;40m;;:::::.........    [0m
[0;34;40m.::::;;;[0;1;30;90;40m%SSSXXX[0;36;5;40;100m;[0;31;5;40;100m8S@[0;1;30;90;41m8[0;1;31;91;41mt[0;1;30;90;41m%%[0;31;40mS[0;34;40m:::::........   [0m
[0;34;40m.::;;;[0;1;30;90;40mSSXX@[0;1;30;90;41m@@@8[0;31;5;40;100m8%@[0;1;30;90;41m8X[0;30;41m8[0;1;30;90;41mS[0;1;31;91;41m8[0;1;30;90;41m%%tt[0;31;40mS:[0;34;40m:.......   [0m
[0;34;40m.:;;;[0;1;30;90;40mSXX@[0;31;5;40;100m@S[0;1;31;91;41m@[0;1;30;90;41m88[0;1;31;91;41m@@[0;31;5;40;100m8[0;1;30;90;40m888@[0;1;30;90;41m@[0;31;5;41;101m8[0;1;30;90;41mS[0;30;41mX[0;1;31;91;41mS[0;1;30;90;41mtt[0;1;31;91;41m:[0;30;41m%[0;31;40m8[0;34;40m.......  [0m
[0;34;40m:;;;[0;1;30;90;40mSX@[0;30;5;40;100m8[0;35;5;40;100m. [0;31;5;40;100mX8[0;30;5;40;100m88[0;31;5;40;100m@[0;31;5;41;101m@[0;31;5;40;100m8[0;30;5;40;100m88[0;1;30;90;41m8[0;1;31;91;41mXX[0;1;30;90;41m@[0;1;30;90;40mX[0;1;30;90;41mS%[0;31;40mX[0;30;41mS[0;1;31;91;41m;[0;31;40m8[0;1;31;91;41m;[0;30;41mt[0;31;40mt[0;34;40m.....  [0m
[0;34;40m:;;[0;1;30;90;40mSX@@[0;36;5;40;100m%[0;30;5;40;100mX[0;31;5;40;100m@8[0;30;5;40;100m@XX[0;31;5;40;100mS[0;31;5;41;101m@[0;31;5;40;100mX[0;1;30;90;41m8[0;31;5;41;101m8[0;1;30;90;41m8[0;31;5;40;100m8[0;30;5;40;100m8[0;31;5;40;100m8[0;1;30;90;41m@XS%t[0;31;40mS[0;34;40m:[0;31;40mt[0;1;30;90;41m:[0;1;31;91;41m:[0;30;41m8[0;31;40m.[0;34;40m.... [0m
[0;34;40m:;;[0;1;30;90;40mSX[0;1;30;90;41m@88888[0;31;5;40;100mXS[0;36;5;40;100mt[0;35;5;40;100m%[0;35;5;41;101m8[0;31;5;40;100m%SX@[0;1;31;91;41m@[0;1;30;90;41m88[0;1;31;91;41mSXXSSS[0;1;30;90;41m;[0;30;41m8[0;31;40m:[0;30;41m@[0;1;31;91;41mt[0;30;41m8[0;31;40m.[0;34;40m... [0m
[0;34;40m:;[0;1;30;90;40m%S[0;1;30;90;41m@[0;1;31;91;41mSS[0;1;30;90;41m8[0;31;5;40;100m8@XS[0;35;5;41;101m@[0;35;5;40;100mt;[0;35;5;41;101m8[0;35;5;40;100mt[0;31;5;40;100m%[0;30;5;40;100mX@[0;31;5;40;100m8[0;1;31;91;41m@88S[0;31;5;41;101m8[0;1;30;90;41mS%[0;1;31;91;41m@88[0;1;30;90;41m:[0;30;41m88[0;1;31;91;41m:[0;31;40m@[0;34;40m... [0m
[0;34;40m:;[0;1;30;90;40m%S[0;35;5;40;100m%[0;1;30;90;41m88[0;1;30;90;40m8[0;30;5;40;100m8@XS[0;35;5;40;100m%[0;35;5;41;101m@[0;35;5;40;100mtt%[0;31;5;40;100mS[0;30;5;40;100mX[0;31;5;40;100m@8[0;31;5;41;101m88[0;1;30;90;41m@[0;1;30;90;40mXX[0;31;40m@[0;30;41mX[0;31;40m8[0;1;30;90;41m;[0;30;41mt[0;1;31;91;41mXX[0;1;30;90;41m:[0;30;41mS[0;1;31;91;41m.[0;31;40m%[0;34;40m.. [0m
[0;34;40m:;;[0;1;30;90;40m8[0;35;5;40;100m [0;31;5;40;100mS[0;1;30;90;41m8[0;1;30;90;40m8[0;30;5;40;100m8[0;35;5;40;100m;.[0;37;5;40;100mS[0;31;5;40;100mSS[0;31;5;41;101mX@[0;1;31;91;41m88[0;31;5;41;101m8[0;1;31;91;41m8[0;31;5;41;101m8[0;1;31;91;41m8[0;1;30;90;41m8@[0;31;40m8[0;30;41m8[0;1;30;90;41m%[0;1;31;91;41m%t[0;31;40m@[0;34;40m:[0;31;40mX[0;1;31;91;41m8X[0;30;41m;[0;1;31;91;41m;[0;30;41m8[0;34;40m.. [0m
[0;34;40m.;;[0;1;30;90;40m8[0;36;5;40;100m [0;1;30;90;40m8@8[0;36;5;40;100m;[0;31;5;40;100mS[0;1;31;91;41m88[0;31;5;40;100m@[0;30;5;40;100m@[0;1;30;90;41m8[0;31;5;41;101m@XXX@@@888[0;1;31;91;41m8@8X:[0;30;41mX[0;34;40m:[0;1;31;91;41mS8@[0;31;40m8[0;30;41mS[0;34;40m.. [0m
[0;34;40m.:;[0;30;41m8[0;1;30;90;41mS[0;31;40m8[0;1;30;90;41mX@8[0;30;5;40;100m8[0;1;30;90;40m8[0;1;30;90;41m8[0;1;31;91;41m8[0;31;5;40;100m8[0;30;5;40;100m8[0;31;5;40;100m8[0;1;30;90;41m8[0;31;5;41;101m@@@8888[0;1;31;91;41m8888[0;31;5;41;101m8[0;1;31;91;41m%;[0;31;40m8.[0;30;41m8[0;1;31;91;41m8[0;30;41m%[0;31;40mS[0;34;40m.  [0m
 [0;34;40m::[0;31;40m@[0;1;30;90;41m%%S[0;30;41m8[0;1;30;90;41mX[0;1;31;91;41mX[0;30;5;40;100m8[0;31;5;40;100mS[0;1;30;90;41m888[0;30;5;40;100m8[0;31;5;40;100m8[0;31;5;41;101m888[0;1;31;91;41m8[0;31;5;41;101m888888[0;1;31;91;41m8%S%t[0;31;40m.%[0;1;31;91;41m8[0;30;41m:[0;34;40m.. [0m 
 [0;34;40m.:[0;31;40m:[0;1;30;90;41mtt[0;34;40m;[0;1;30;90;40m%S[0;1;30;90;41mSX[0;30;5;40;100m@[0;1;30;90;40mX@[0;1;30;90;41m@[0;1;31;91;41mXS8[0;31;5;41;101m8[0;30;41m8[0;1;31;91;41m@[0;31;5;41;101m88888[0;1;31;91;41m8S[0;30;41m@;[0;1;31;91;41mSS[0;31;40mS[0;30;41mX[0;1;31;91;41m8[0;30;41m@[0;34;40m.  [0m 
  [0;34;40m::[0;31;40mX[0;1;31;91;41m%[0;1;30;90;41mtt%%[0;31;40mt[0;1;30;90;40mSX[0;35;5;40;100m%[0;31;40mX[0;1;30;90;40mS[0;31;40m@[0;35;5;40;100mt[0;30;41m8[0;34;40m;[0;1;30;90;41m%[0;31;5;41;101m88[0;1;31;91;41m8[0;1;30;90;41m;[0;1;31;91;41m@8X[0;31;40m@[0;1;30;90;41m:[0;1;31;91;41mX%[0;31;40mS:[0;1;31;91;41m%[0;31;40mt[0;34;40m  [0m  
  [0;34;40m.::[0;30;41mX[0;1;30;90;41m;[0;31;40mt;[0;34;40m;;[0;1;30;90;40m%[0;35;5;40;100m:[0;1;31;91;41m8%[0;30;41m8[0;31;40m;[0;34;40m;;[0;31;40m;8[0;1;31;91;41m8[0;31;5;41;101m8[0;30;41m@X[0;31;5;41;101m8[0;1;31;91;41m8;[0;31;40mS;[0;1;31;91;41m8[0;1;30;90;41m.[0;31;40m.[0;30;41m8[0;31;40m8[0;34;40m   [0m  
   [0;34;40m..:[0;30;41m8[0;1;31;91;41mt[0;31;40m@[0;34;40m::[0;1;30;90;40m8[0;31;5;40;100m8[0;31;40m8[0;30;41mX[0;1;31;91;41m@[0;1;30;90;41m;;;[0;1;31;91;41m%t:[0;1;30;90;41m%[0;31;5;40;100m8[0;1;31;91;41m;8S[0;30;41m8[0;31;40mX[0;1;31;91;41m;S[0;31;40mX88[0;34;40m   [0m   
    [0;34;40m...[0;31;40mS[0;1;30;90;41m::[0;31;40mX:[0;34;40m:::[0;31;5;40;100m@[0;31;40mS[0;34;40m::::.[0;31;40m%[0;1;30;90;41m:[0;1;31;91;41m8:[0;31;40m@:[0;1;31;91;41m;@[0;30;41m@[0;31;40m8%[0;34;40m   [0m    
     [0;34;40m ..[0;31;40m:8[0;1;30;90;41m:[0;1;31;91;41m%[0;1;30;90;41m:[0;30;41m8[0;31;40mS%;tS8[0;30;41mS[0;1;30;90;41m:[0;1;31;91;41m@[0;1;30;90;41m:[0;30;41m@[0;31;40mX8[0;30;41m;[0;1;30;90;41m.[0;31;40m@S [0;34;40m   [0m     
       [0;34;40m...[0;31;40m.S[0;30;41m8[0;1;30;90;41m::[0;1;31;91;41mS%;S[0;1;30;90;41m::[0;31;40m@t;[0;30;41m%[0;1;31;91;41m%[0;30;41m;[0;31;40mX.[0;34;40m    [0m       
        [0;34;40m .......[0;31;40m.S@88@88t.[0;34;40m      [0m        
          [0;34;40m ..........         [0m          
             [0;34;40m              [0m             
               [0;34;40m          [0m               
                  [0;34;40m    [0m                  
