[0;34;40m......:::::::::::::::::...........      [0m
[0;34;40m..:::::;;;;;;[0;1;30;90;40m%%%%[0;34;40m;;;[0;31;40m;[0;34;40m;:::::.........    [0m
[0;34;40m.::::;;;[0;1;30;90;40m%SSSXXXXX[0;1;30;90;41mSSS8[0;31;5;40;100m8@8[0;30;5;40;100mX[0;34;40m:[0;31;40m;:[0;34;40m:........   [0m
[0;34;40m.::;;;[0;1;30;90;40mSSXX@@8[0;1;30;90;41m@@@8[0;1;31;91;41m8[0;1;30;90;41m@[0;30;41m8[0;1;30;90;41mX@[0;31;5;40;100m8@[0;1;30;90;40m8[0;1;30;90;41mt;;[0;30;41mX[0;31;40mS.[0;34;40m......   [0m
[0;34;40m.:;;;[0;1;30;90;40mSXX@[0;31;5;40;100m8[0;1;30;90;41m8888[0;1;31;91;41m@[0;31;5;40;100m88[0;31;5;41;101m8[0;1;30;90;41m8[0;1;30;90;40m8@@X[0;31;40m@[0;1;31;91;41m%S[0;30;41mS@[0;1;31;91;41m%[0;1;30;90;41m8X[0;31;40mt[0;34;40m......  [0m
[0;34;40m:;;;[0;1;30;90;40mSX@8[0;1;30;90;41m88[0;31;5;40;100m8[0;1;30;90;41m8[0;31;5;40;100m88[0;1;30;90;41m8[0;31;5;40;100m8[0;30;5;40;100m8[0;31;5;40;100m8[0;1;31;91;41m@X[0;1;30;90;41m8[0;1;30;90;40m8@[0;1;30;90;41mX[0;1;31;91;41m8[0;30;41m8[0;34;40m;;[0;31;40m8[0;1;30;90;41mS[0;35;5;40;100m:[0;31;5;40;100mS[0;31;40mS[0;34;40m.....  [0m
[0;34;40m:;;[0;1;30;90;40mSXX[0;1;30;90;41m888[0;30;5;40;100m88[0;31;5;40;100m@XXXXXX@8[0;1;30;90;41m8[0;1;31;91;41m8[0;1;30;90;41m8@[0;1;31;91;41m8[0;30;41m8[0;34;40m;;:[0;31;40m%S[0;1;30;90;40mS8[0;34;40m.[0;31;40m;[0;34;40m.... [0m
[0;34;40m:;;[0;1;30;90;40mSX[0;1;30;90;41m@[0;1;31;91;41mX[0;1;30;90;41m8[0;30;5;40;100m8[0;31;5;40;100m8@[0;1;30;90;41m88[0;35;5;40;100m%%%[0;31;5;40;100m%[0;1;30;90;41m888[0;31;5;40;100m88[0;1;30;90;41m8[0;1;31;91;41mX8[0;1;30;90;41mX[0;1;30;90;40mS[0;31;40m8[0;1;30;90;41mt[0;1;31;91;41m:;[0;1;30;90;41m:[0;30;41mS@X[0;31;40m.[0;34;40m... [0m
[0;34;40m:;[0;1;30;90;40m%S[0;30;41m8[0;1;30;90;41m@8[0;31;5;40;100m8[0;1;30;90;41m8[0;31;5;41;101m888[0;35;5;40;100m%t[0;35;5;41;101mX[0;35;5;40;100m;[0;35;5;41;101m8[0;31;5;41;101m8[0;1;31;91;41m8[0;31;5;40;100m@[0;30;5;40;100m888[0;1;30;90;41m@[0;1;31;91;41m8[0;1;30;90;41mSS[0;1;31;91;41m8[0;1;30;90;41mt[0;30;41m8[0;31;40m8X[0;30;41m%[0;1;31;91;41m;;[0;30;41m@[0;34;40m... [0m
[0;34;40m:;[0;1;30;90;40m%[0;31;40m@[0;1;30;90;41mX@8[0;1;31;91;41m88[0;31;5;40;100m8[0;1;30;90;41m8[0;31;5;40;100mS[0;35;5;40;100m%t;[0;36;5;40;100mt[0;35;5;40;100m%[0;31;5;41;101m@@[0;31;5;40;100m@[0;30;5;40;100m88[0;31;5;40;100m8[0;1;30;90;41m@[0;1;31;91;41mXS8[0;1;30;90;41m%[0;31;40m;[0;34;40m:::.[0;30;41m8[0;1;30;90;41m%8[0;31;40m:[0;34;40m.. [0m
[0;34;40m:;;[0;1;30;90;41mS[0;1;31;91;41m%[0;1;30;90;41m@[0;1;31;91;41m8[0;31;5;41;101m@[0;31;5;40;100m8[0;30;5;40;100m8[0;31;5;40;100m@[0;1;30;90;41m88[0;31;5;40;100mSSSSX[0;31;5;41;101m88[0;1;31;91;41m8[0;31;5;41;101m8[0;1;31;91;41m@@[0;31;5;41;101m88[0;1;30;90;41m%[0;31;40mS[0;35;5;40;100m:[0;31;5;40;100m8[0;30;5;40;100m8[0;34;40m:.[0;30;41m@[0;31;5;40;100m8[0;35;5;40;100m;[0;31;40mX[0;34;40m.. [0m
[0;34;40m.;;[0;1;30;90;41m%[0;30;41m@[0;1;31;91;41m8[0;31;5;41;101m8[0;1;31;91;41m8[0;1;30;90;40m8[0;1;30;90;41m88[0;1;31;91;41m8[0;31;5;41;101m88@@@XX@@@888[0;1;30;90;41mS[0;31;40mt[0;30;41m@[0;1;31;91;41mXS[0;1;30;90;41mX[0;30;5;40;100m8[0;34;40m.[0;31;40m;[0;34;40m:[0;36;5;40;100m;[0;1;30;90;40mX[0;34;40m.. [0m
[0;34;40m.:;[0;31;40m@[0;1;30;90;41mS[0;31;5;41;101m8[0;1;30;90;41mX[0;1;30;90;40m@[0;1;30;90;41m88[0;1;31;91;41mX[0;31;5;41;101m@88888@@8@88[0;1;30;90;41mSS[0;31;40m%S[0;1;31;91;41mX[0;1;30;90;41m;[0;31;40m:%[0;30;41m8S8[0;31;40mX[0;30;41mX8[0;34;40m.  [0m
 [0;34;40m::;[0;1;30;90;41m%[0;31;5;41;101m8[0;31;40m8[0;1;30;90;40mX[0;1;31;91;41mSS@@8[0;31;5;41;101m@@@@@8[0;1;31;91;41m8888[0;30;41m8[0;31;40mS[0;1;30;90;41mt[0;1;31;91;41mt[0;30;41mX[0;1;30;90;41m8[0;31;40mX[0;1;31;91;41m%[0;30;41m@[0;31;40m@[0;30;41m8[0;1;30;90;41m..[0;31;40mX[0;34;40m. [0m 
 [0;34;40m.::[0;30;41mS[0;31;5;41;101m8[0;1;30;90;41m%[0;31;40mX[0;1;31;91;41m8X[0;1;30;90;41mXX[0;1;31;91;41mX[0;31;5;41;101m888888[0;1;31;91;41m@[0;30;41m8[0;1;31;91;41m88%S[0;30;41mS[0;31;40m;[0;34;40m:[0;1;30;90;40m@[0;30;41m8[0;1;31;91;41m:[0;34;40m...[0;30;41m%[0;1;30;90;41m.[0;31;40m.[0;34;40m  [0m 
  [0;34;40m::[0;31;40m%[0;1;31;91;41mX[0;31;40mtX[0;1;31;91;41mX@[0;1;30;90;41m%[0;31;40m8[0;1;31;91;41mX[0;31;5;41;101m8[0;1;31;91;41m8[0;1;30;90;41mS[0;1;31;91;41m8[0;31;5;41;101m88[0;1;30;90;41m%[0;34;40m;[0;30;41m8[0;31;5;40;100mS[0;31;40mX[0;34;40m:[0;31;40mt[0;31;5;40;100m@[0;34;40m:.[0;31;40m:[0;30;41m%[0;1;30;90;41m:[0;30;41mX[0;1;30;90;41m.[0;1;31;91;41mt[0;31;40m%[0;34;40m  [0m  
  [0;34;40m.::[0;30;41m8X[0;31;40m:[0;1;30;90;41m;[0;1;31;91;41m8[0;31;40m%S[0;1;31;91;41mt[0;31;5;41;101m88[0;1;30;90;41m%[0;30;41m8[0;31;5;41;101m8[0;1;31;91;41m8[0;31;40m8;[0;34;40m::[0;31;40m:8[0;1;31;91;41mt@[0;35;5;40;100m%[0;34;40m:..[0;31;40m.;[0;30;41m:@[0;34;40m   [0m  
   [0;34;40m..:[0;30;41m88[0;31;40m@[0;1;31;91;41mXt[0;31;40m8[0;30;41m8[0;1;31;91;41mS[0;31;5;41;101m8[0;1;31;91;41mt[0;31;5;40;100m8[0;1;30;90;41mS;[0;1;31;91;41mt%[0;1;30;90;41m:;:[0;1;31;91;41m@[0;30;41mX[0;31;40m@8[0;1;30;90;40m8[0;34;40m..[0;31;40mS[0;1;31;91;41m:[0;30;41m8[0;31;40m [0;34;40m  [0m   
    [0;34;40m...[0;31;40mS[0;30;41m8@[0;1;31;91;41m8t[0;31;40m:@[0;1;31;91;41m:8[0;1;30;90;41m:[0;31;40m%[0;34;40m:::..[0;31;40m%[0;31;5;40;100m@[0;34;40m...[0;31;40m.S[0;30;41mt:[0;31;40m%[0;34;40m   [0m    
     [0;34;40m ..[0;31;40m.X@[0;1;30;90;41m::[0;30;41m8[0;31;40mX[0;30;41m@[0;1;30;90;41m:[0;1;31;91;41m@[0;1;30;90;41m:[0;30;41mS[0;31;40m8St;%%8[0;30;41mt[0;1;31;91;41m;[0;30;41m:[0;31;40m8.[0;34;40m   [0m     
       [0;34;40m....[0;31;40m.X[0;30;41m;[0;1;31;91;41mS[0;30;41mt[0;31;40m;t@[0;1;30;90;41m:[0;30;41m:[0;1;31;91;41mS;%S[0;1;30;90;41m..[0;31;40m8%.[0;34;40m   [0m       
        [0;34;40m .....[0;31;40m.%88888@S.[0;34;40m..      [0m        
          [0;34;40m ..........         [0m          
             [0;34;40m              [0m             
               [0;34;40m          [0m               
                  [0;34;40m    [0m                  
