[0;30;42m8;;[0;1;30;90;42m::::;;;;;ttttt%t;;;;:::[0;30;42m;;;;;;;ttttttS[0m
[0;30;42mX[0;1;30;90;42m:::;;;ttt%%%%%%S[0;33;5;40;100m8[0;1;30;90;42m%%ttt;;:::::::....[0;30;42m..:t[0m
[0;30;42mS[0;1;30;90;42m::;;tt%%SSSXXX@[0;33;5;40;100m8[0;1;30;90;42mXSS%%%tt;;::::::....[0;30;42m..t[0m
[0;30;42mS[0;1;30;90;42m;;tt%%SSXX@8[0;33;5;40;100m8[0;32;5;40;100m8[0;1;30;90;42m8@@@XX[0;1;30;90;43mX[0;32;5;40;100m8[0;1;30;90;42m%%t;;::::::....[0;30;42m.t[0m
[0;30;42mS[0;1;30;90;42m;tt%SSX@@[0;32;5;40;100m8[0;33;5;40;100m8[0;1;30;90;42m8888888[0;33;5;40;100m8[0;1;31;91;41mX[0;31;5;41;101m8[0;1;31;91;41m8[0;1;30;90;42mS%%t;;:::::....[0;30;42m.t[0m
[0;30;42mS[0;1;30;90;42mtt%SSX@8[0;33;5;40;100m88[0;1;30;90;42m88888888[0;33;5;40;100mt[0;33;47m8[0;1;31;91;41m88[0;1;30;90;42mX[0;36;5;40;100m%[0;1;30;90;47m%8[0;32;5;40;100mS[0;1;30;90;42mt;:::::....[0;30;42m;[0m
[0;30;42mS[0;1;30;90;42mt%%SX@[0;36;5;40;100m:[0;32;5;40;100mS[0;33;5;40;100mS[0;32;5;40;100mSXXXXXX[0;1;30;90;42m88[0;33;5;40;100mt:[0;33;41mX[0;31;5;41;101m8[0;33;5;40;100m8%[0;37;5;40;100m8[0;1;30;90;47mS[0;37;5;40;100mS[0;1;30;90;42mt;:::::....[0;30;42m;[0m
[0;30;42mS[0;1;30;90;42mt%SX@88[0;33;5;40;100m;[0;1;30;90;47m [0;1;37;97;47mt[0;33;5;40;100m%[0;1;30;90;43m8[0;33;5;40;100m::::[0;1;30;90;43m8[0;33;5;40;100mtS[0;1;30;90;47m888[0;33;47m@8[0;33;41m@XXX[0;1;30;90;43mt[0;1;30;90;42mt:::::...[0;30;42m;[0m
[0;30;42mS[0;1;30;90;42mt%SX@888[0;33;5;40;100m%%S%t;[0;33;5;41;101m8[0;35;5;41;101m8[0;31;5;41;101mS88[0;33;5;40;100mX[0;33;41m@[0;1;31;91;41m8[0;31;5;41;101m888[0;1;31;91;41m8@@[0;33;41mS[0;1;30;90;42m8:::::...[0;30;42m;[0m
[0;30;42mS[0;1;30;90;42mt%SX@888[0;33;5;40;100mXX[0;32;5;40;100mX%[0;36;5;40;100mtt[0;33;5;40;100mt%S[0;31;5;41;101m88[0;1;31;91;41m@[0;1;30;90;43m8[0;1;31;91;41m8[0;31;5;41;101m88[0;1;30;90;43mX[0;31;43m8[0;33;5;40;100m8[0;1;30;90;42m%;;:::::...[0;30;42m;[0m
[0;30;42mS[0;1;30;90;42mt%SSX@888[0;33;5;40;100mXS[0;32;5;40;100mXSSSS[0;33;5;40;100mX[0;31;5;41;101m8[0;1;31;91;41m8[0;31;5;41;101m8[0;1;31;91;41m8[0;33;41m8[0;1;31;91;41m8[0;1;30;90;43mX[0;1;30;90;42mS%%t;;::::....[0;30;42mt[0m
[0;30;42m@[0;1;30;90;42mtt%SX@88888[0;33;5;40;100mXX[0;32;5;40;100mX[0;1;30;90;42m88[0;33;5;40;100m@[0;1;30;90;41m8[0;33;41m888@[0;33;5;40;100m8[0;1;30;90;42mXS%t;;:::::....[0;30;42m%[0m
[0;32;40m@[0;1;30;90;42m;t%%SXX@88888[0;33;5;40;100m88[0;1;30;90;42m8[0;33;5;40;100m8[0;31;5;41;101m@@@888[0;1;30;90;42mS%tt;::::::...[0;30;42m.8[0m
 [0;1;30;90;42m;;tt%SSXX@@888[0;32;5;40;100m8[0;33;5;40;100m8[0;31;5;41;101m8888888[0;1;30;90;43m%[0;1;30;90;42mtt;;:::::....[0;30;42m.[0m 
 [0;30;42m@[0;1;30;90;42m;;tt%%SSXXXXX@[0;33;41m@[0;31;5;41;101m8888888[0;1;31;91;41m8[0;1;30;90;42mX;::::::....[0;30;42m.t[0m 
  [0;1;30;90;42m::;;ttt%%%SSS[0;33;5;40;100m8[0;1;31;91;41m888888888[0;33;41m@[0;1;30;90;42m::::::....[0;30;42m..[0m  
  [0;32;40mX[0;1;30;90;42m:::;;;ttttt%[0;1;31;91;41mX@@@@888@@X[0;1;30;90;42m@::::....[0;30;42m..8[0m  
   [0;32;40m8[0;1;30;90;42m:::::;;;;;X[0;31;5;41;101m888[0;33;41m%[0;1;30;90;42m;t[0;33;41mX[0;1;31;91;41m888[0;1;30;90;42m8:::.....[0;30;42m..@[0m   
    [0;32;40m8[0;1;30;90;42m:::::::::;[0;1;31;91;41m%@8[0;33;41m8[0;1;30;90;42m::;[0;33;41mS[0;1;31;91;41m@8X[0;1;30;90;42m;......[0;30;42m..@[0m    
      [0;1;30;90;42m:::::::::[0;1;31;91;41mS88[0;1;30;90;42mX::::[0;33;41mS[0;1;31;91;41m88[0;32;43m8[0;1;30;90;42m....[0;30;42m..:[0;32;40m8[0m     
       [0;30;42mX[0;1;30;90;42m.::::::[0;1;31;91;41mX8X[0;1;30;90;42m::...t[0;1;31;91;41mS8[0;33;41mt[0;1;30;90;42m..[0;30;42m...%[0m       
         [0;30;42mt[0;1;30;90;42m.:;@[0;33;41m8[0;1;31;91;41m@8[0;33;41m8[0;1;30;90;42m......[0;33;41m@[0;1;31;91;41m@@[0;1;30;90;42m8[0;30;42m..;[0;32;40m@[0m        
           [0;30;42m%[0;1;30;90;42m8[0;33;41m88@;[0;1;30;90;42m8....[0;30;42m%[0;33;41m8t8@[0;30;42m@;[0;32;40m8[0m          
             [0;30;42mX.........:::%[0;32;40m@[0m            
               [0;32;40m8[0;30;42mS::::::t8[0m               
                  [0;32;40m@[0;30;42m@X[0;32;40m8[0m                  
