[0;35;5;40;100m;[0;1;30;90;47m8888888888888888888[0;1;34;94;44mXSSSSSSSSS%%%%%%ttt[0;30;44m:[0m
[0;35;5;40;100m [0;1;30;90;47m88888888[0;33;47mX[0;1;30;90;47m8888888888[0;34;5;44;104m8888888[0;1;34;94;44m8888888888@@.[0m
[0;35;5;40;100m [0;1;30;90;47m888888[0;37;5;43;103m8[0;33;47mX[0;1;33;93;47m88[0;33;47mS[0;1;33;93;47m8[0;1;30;90;47m8[0;33;47mS[0;1;30;90;47m88888[0;34;5;44;104m8888888888[0;1;30;90;47m8[0;1;37;97;47m [0;1;30;90;47m8[0;34;5;44;104m8[0;1;34;94;44m8888@:[0m
[0;35;5;40;100m [0;1;30;90;47m888[0;33;47mS[0;1;33;93;47m8[0;37;5;43;103m8[0;1;33;93;47m8[0;33;5;43;103m:[0;37;5;43;103m@SX8[0;1;33;93;47m88[0;1;37;97;47m  [0;1;30;90;47m888[0;34;5;44;104m8888888888[0;1;34;94;44m8[0;34;5;44;104m8[0;37;5;47;107m8S[0;1;30;90;47m8[0;1;34;94;44m8888:[0m
[0;35;5;40;100m [0;1;30;90;47m88[0;33;47m@[0;1;33;93;47m8[0;37;5;43;103m8X[0;33;5;43;103m::.[0;37;5;43;103m:::X[0;1;33;93;47m88%[0;1;37;97;47m   [0;34;5;44;104m88888888888[0;1;34;94;44m8[0;1;30;90;47m8[0;37;5;47;107m%S[0;1;30;90;47m8[0;1;34;94;44m888:[0m
[0;35;5;40;100m [0;1;30;90;47m88[0;33;47mX[0;1;33;93;47m8[0;37;5;43;103m@[0;33;5;43;103m::[0;37;5;43;103m:::...8[0;1;33;93;47mSS[0;1;37;97;47m   [0;34;5;44;104m@@888888888[0;1;34;94;44m8[0;1;30;90;47m8[0;37;5;47;107m%S@[0;1;34;94;44m888:[0m
[0;35;5;40;100m [0;1;30;90;47m88[0;1;33;93;47m@@[0;37;5;43;103m8[0;33;5;43;103m:[0;37;5;43;103m::.....8[0;1;37;97;47m     [0;34;5;44;104m@@@888888888[0;1;37;97;47mt[0;37;5;47;107m%%8[0;1;34;94;44m888:[0m
[0;37;5;40;100m:[0;1;30;90;47m88[0;33;47mX[0;1;33;93;47m8@[0;37;5;43;103mX%....:8[0;1;33;93;47mSS[0;1;37;97;47m    [0;34;5;44;104mX@@88888888[0;1;37;97;47m;[0;37;5;47;107m%%%[0;1;30;90;47m8[0;1;34;94;44m888:[0m
[0;37;5;40;100m:[0;1;30;90;47m8888[0;1;33;93;47m8@8[0;37;5;43;103m8X8t[0;1;33;93;47m%SS[0;1;37;97;47m     [0;34;5;44;104mX@@@[0;36;5;44;104m@[0;1;30;90;47m8888[0;1;37;97;47m;[0;37;5;47;107mtt%@[0;1;30;90;47m8[0;1;34;94;44m8888:[0m
[0;37;5;40;100m:[0;1;30;90;47m88888[0;1;37;97;47m [0;1;33;93;47m@[0;1;37;97;47m  [0;1;33;93;47mX[0;1;37;97;47m [0;1;33;93;47mX[0;1;37;97;47m       [0;34;5;44;104mX@@@8@[0;1;30;90;47m8[0;1;37;97;47m.X[0;37;5;47;107m8[0;1;37;97;47m% [0;1;30;90;47m8[0;34;5;44;104m8[0;1;34;94;44m88888:[0m
[0;35;5;40;100m [0;1;30;90;47m88888[0;1;37;97;47m              [0;34;5;44;104mX@@888888888[0;1;34;94;44m8888888:[0m
[0;35;5;40;100mt[0;35;47m@@[0;1;30;90;47m@@XXS%%tt;;;;;;tt[0;1;34;94;45m88[0;34;45m88[0;35;44m888[0;1;34;94;44m8888@@@@@XXX[0;1;30;90;44mS[0m
[0;30;44mS[0;34;5;44;104m88888888@@@@XXX@@@@[0;1;37;97;47m [0;1;30;90;47m888888888888888888[0;31;5;40;100m8[0m
 [0;34;5;44;104m8888888888@[0;36;5;44;104mX[0;1;30;90;47m8[0;34;5;44;104m@@@@88[0;1;30;90;47m88888[0;33;47m@[0;1;30;90;47m8[0;1;33;93;47m8[0;1;30;90;47m8[0;33;47m@X[0;1;30;90;47m88888888[0m 
 [0;1;34;94;44m.[0;34;5;44;104m88888888888[0;1;30;90;47m8[0;37;5;47;107m%[0;1;37;97;47m [0;34;5;44;104m@888[0;1;30;90;47m888[0;1;33;93;47m8[0;33;47mX[0;37;5;43;103m88[0;33;5;43;103m;[0;1;33;93;47m8[0;33;5;43;103mt[0;1;30;90;47m8[0;33;47m8@[0;1;30;90;47m88888[0;35;5;40;100m:[0m 
  [0;1;34;94;44m8[0;34;5;44;104m88888888888[0;1;30;90;47m@[0;37;5;47;107m;8[0;34;5;44;104m888[0;1;30;90;47m8[0;33;47mX@[0;1;33;93;47m8[0;33;5;43;103m;;;;;tt[0;33;47m888[0;1;30;90;47m8888[0m  
  [0;30;44m@[0;34;5;44;104m88888888888[0;36;5;40;100m.[0;37;5;47;107mtt[0;1;37;97;47m [0;34;5;44;104m88[0;1;30;90;47m88[0;33;47m8[0;37;5;43;103mX[0;33;5;43;103m;;;;;ttt[0;33;47m8@[0;1;30;90;47m888[0;31;5;40;100m8[0m  
   [0;30;44mt[0;1;34;94;44m88[0;34;5;44;104m88888888[0;1;37;97;47m [0;37;5;47;107mtt[0;1;37;97;47m.[0;34;5;44;104m88[0;1;30;90;47m8[0;33;47m8[0;1;33;93;47m8[0;37;5;43;103mX[0;33;5;43;103m;;;tttt%[0;1;33;93;47m8[0;33;47m8@[0;1;30;90;47m8[0;31;5;40;100mS[0m   
    [0;30;44m%[0;1;34;94;44m8888[0;34;5;44;104m8888[0;1;30;90;47m8[0;37;5;47;107mtt%[0;36;5;44;104m8[0;34;5;44;104m88[0;1;30;90;47m8[0;33;47mX[0;1;33;93;47m88[0;33;5;43;103mtttttt%%[0;33;47m88[0;1;30;90;47m8[0;31;5;40;100mX[0m    
     [0;30;44m8[0;1;34;94;44m@[0;34;5;44;104m8[0;1;30;90;47m888[0;1;37;97;47m [0;37;5;47;107m@%%8[0;36;5;40;100m:[0;1;34;94;44m888[0;1;30;90;47m888[0;33;47m88[0;33;5;43;103mt[0;37;5;43;103mX[0;33;5;43;103m%%%[0;33;47m888[0;1;30;90;47m8[0;31;5;40;100m8[0m     
       [0;1;34;94;44m:[0;34;5;44;104m8[0;1;30;90;47m8S[0;1;37;97;47m  [0;1;30;90;47m8[0;36;5;44;104m8[0;1;34;94;44m88888[0;1;30;90;47m88888[0;33;47m8[0;1;30;90;47m8[0;1;33;93;47m8[0;33;47m@88[0;1;30;90;47m8[0;35;5;40;100m:[0m       
        [0;34;40m8[0;1;34;94;44mS8888888888[0;1;30;90;47m8888888888[0;37;5;40;100m:[0;31;5;40;100m8[0m        
          [0;30;44m8[0;1;34;94;44m%88888888[0;1;30;90;47m88888888[0;37;5;40;100m:[0;31;5;40;100m8[0m          
             [0;1;34;94;44m.@8888@[0;1;30;90;47m888888[0;35;5;40;100m:[0m             
               [0;30;44mX[0;1;34;94;44m;@@@[0;1;30;90;47m888[0;35;5;40;100m [0;31;5;40;100m@[0m               
                  [0;30;44m@.[0;35;5;40;100m;[0;31;5;40;100m8[0m                  
