[0;1;30;90;43m.[0;1;33;93;43m8888[0;33;5;43;103m88[0;1;33;93;43m%[0;31;40m8[0;34;40m::::::::::::::........[0;31;40mX[0;1;30;90;43m.[0;1;33;93;43m@XXXXX[0;1;30;90;43m [0m
[0;1;33;93;43m%[0;33;5;43;103mt;;;;;;t[0;1;30;90;43mt[0;1;30;90;40mX[0;34;40m;;[0;1;30;90;40m%%%%[0;34;40m;;;;;:::::..[0;31;40m;[0;1;30;90;43m:[0;33;5;43;103m%t%%%%SS[0;1;30;90;43m [0m
[0;1;33;93;43m%[0;33;5;43;103m;;;t;;@;;S[0;1;30;90;43mX[0;1;30;90;40mXXXXXXSSS[0;34;40m;;;:::[0;31;40m:[0;1;30;90;43m;[0;33;5;43;103mXtt[0;1;33;93;43m8[0;33;5;43;103m%%%%SS[0;1;30;90;43m [0m
[0;1;33;93;43m%[0;33;5;43;103m;;;;[0;1;30;90;43m%[0;33;5;40;100m8[0;1;30;90;43mX[0;1;33;93;43mX[0;33;5;43;103m;::[0;1;33;93;43m8[0;33;5;40;100m8[0;1;30;90;40m88@@@XXSS[0;34;40m;;;[0;1;30;90;40m8[0;1;33;93;43mS[0;33;5;43;103m;;t[0;1;33;93;43mS[0;1;30;90;43m:[0;31;40m8[0;1;30;90;43m:[0;33;5;43;103m%%%S[0;1;33;93;43mt[0m
[0;1;30;90;43m;[0;33;5;43;103m%;;@[0;1;30;90;43m%[0;31;5;40;100mS[0;1;30;90;43mX[0;33;5;43;103mS:::::[0;1;30;90;43m8[0;30;5;40;100mX[0;1;30;90;40m8888@@XS8[0;1;30;90;43mt[0;33;5;43;103m;;;;;X[0;1;30;90;43m:[0;31;40m@[0;1;30;90;43m.[0;1;33;93;43m@[0;33;5;43;103m%%X[0;1;30;90;43m.[0m
[0;34;40m:[0;1;30;90;40m8[0;1;30;90;43mt[0;33;5;43;103m;;:S:::[0;37;5;43;103m%SSSSS[0;1;30;90;43m8[0;30;5;40;100m88[0;1;30;90;40m888@[0;1;30;90;43mX[0;33;5;43;103m%;;S;;;ttX%t%[0;1;30;90;43m [0;31;40m%[0;34;40m [0m
[0;34;40m:;;[0;33;5;40;100m8[0;33;5;43;103m8:::[0;37;5;43;103m%S[0;33;5;43;103m8[0;1;30;90;43m8[0;33;5;40;100m@[0;1;33;93;43m8[0;37;5;43;103mXXX[0;33;5;43;103mX[0;33;5;40;100m@[0;30;5;40;100m88[0;33;5;40;100m8[0;33;5;43;103m8::t[0;1;33;93;43mS[0;33;5;40;100m8[0;1;30;90;43mt[0;1;33;93;43mS[0;33;5;43;103m;;ttt[0;1;33;93;43mX[0;1;30;90;41m8[0;34;40m.. [0m
[0;34;40m:;;[0;1;30;90;40mSX[0;1;30;90;43m@[0;33;5;43;103mt:[0;37;5;43;103mSS[0;37;43mX[0;33;5;40;100mSS[0;33;47m8[0;37;5;43;103mXXXXX[0;37;43mXS[0;37;5;43;103m%[0;33;5;43;103m:::;[0;1;33;93;43mS[0;33;5;40;100m8[0;1;30;90;40m8[0;1;30;90;43m;[0;33;5;43;103m%;tS[0;1;30;90;43m:[0;31;40m:[0;34;40m... [0m
[0;34;40m:;[0;1;30;90;40m%SX@[0;30;5;40;100m@[0;1;30;90;43m8[0;37;5;43;103mSSX@X@XXXXX[0;33;5;43;103mSS[0;37;5;43;103m%[0;33;5;43;103m:::;t;[0;1;33;93;43m@[0;33;5;43;103m;;;[0;1;30;90;43m:[0;31;40m%[0;34;40m..... [0m
[0;34;40m:;[0;1;30;90;40m%SX@88[0;33;5;40;100m8[0;33;5;43;103m@[0;37;5;43;103mXXXXX8@XX[0;1;30;90;43m88[0;37;5;43;103m%[0;33;5;43;103m:%8;;;;;[0;1;33;93;43mX[0;1;30;90;40m8[0;34;40m....... [0m
[0;34;40m:;;[0;1;30;90;40mSX@88[0;30;5;40;100m88[0;1;30;90;43m8[0;37;5;43;103mXXXXX[0;1;30;90;43m8[0;33;5;40;100mX[0;1;30;90;43m8[0;33;5;40;100m@[0;30;5;40;100mX[0;1;30;90;43m8[0;33;5;40;100m8[0;1;30;90;43m@[0;33;5;43;103m;;;;S[0;1;30;90;43mt[0;31;40m:[0;34;40m:....... [0m
[0;34;40m.;;[0;1;30;90;40m%SX@88[0;30;5;40;100m88S[0;1;30;90;43m8[0;37;5;43;103mSXXS[0;1;30;90;43m8[0;30;5;40;100m88[0;1;30;90;40m88[0;33;5;40;100m8[0;33;5;43;103mS;;;[0;1;30;90;43mt[0;31;40m%[0;34;40m:::....... [0m
[0;34;40m.:;;[0;1;30;90;40m%SX@@88[0;33;5;40;100m8[0;33;5;43;103mS[0;37;5;43;103mS[0;33;5;43;103mX[0;1;30;90;43m888[0;30;5;40;100m@[0;1;30;90;40m888[0;1;30;90;43m@X%[0;1;33;93;43m@[0;33;5;43;103m;X[0;1;30;90;43mt[0;31;40m:[0;34;40m:.......  [0m
 [0;34;40m::;;[0;1;30;90;40m%SXX[0;31;5;40;100mS[0;1;33;93;43mX[0;33;5;43;103m::::::%[0;1;30;90;40m8[0;1;30;90;43mXX[0;1;30;90;40mX[0;33;5;43;103mX;;;;;;[0;1;33;93;43m%[0;31;40m@[0;34;40m....... [0m 
 [0;34;40m.::;;;[0;1;30;90;40m@[0;1;30;90;43m%[0;33;5;43;103m;;:8%%;:[0;1;30;90;43mX[0;1;33;93;43mS[0;33;5;43;103m;;[0;1;33;93;43mS[0;1;30;90;43m%[0;33;5;43;103m;tX%[0;1;33;93;43mX[0;33;5;43;103m;tt[0;1;30;90;43m:[0;31;40m;[0;34;40m....  [0m 
  [0;34;40m:::[0;31;40m:[0;1;30;90;43mt[0;33;5;43;103mX;;;[0;1;33;93;43mX[0;1;30;90;43mS[0;1;30;90;40m8[0;1;30;90;43mS[0;33;5;43;103m;;t;;;;t;t[0;1;30;90;43m;[0;31;40m%[0;1;30;90;43m;[0;1;33;93;43m%[0;33;5;43;103mttt@[0;1;30;90;43m:[0;31;40m.[0;34;40m.  [0m  
  [0;34;40m.:[0;31;40m8[0;1;33;93;43mS[0;33;5;43;103m;;t;;S[0;1;30;90;43mt%[0;1;33;93;43m@[0;33;5;43;103mX;;@[0;1;30;90;43mt[0;33;5;40;100m8[0;33;5;43;103m8;;X[0;1;33;93;43m@[0;33;5;40;100m8[0;1;30;90;43m:[0;33;5;43;103m@tt%%%[0;1;33;93;43m%[0;31;40m@[0;34;40m  [0m  
   [0;1;30;90;41m8[0;33;5;43;103mt;%S[0;1;30;90;43m;:[0;1;33;93;43mS[0;33;5;43;103m;;t;;%[0;1;30;90;43m;[0;31;40m;[0;34;40m::[0;31;40m;[0;1;30;90;43m;[0;33;5;43;103m%tt%tt[0;1;33;93;43m%[0;1;30;90;43m.:[0;33;5;43;103mXS%S[0;33;41m8[0m   
    [0;1;30;90;43m:[0;33;5;43;103mtt[0;1;30;90;43m:[0;31;40m;%[0;1;30;90;43m:[0;33;5;43;103m%;;;[0;1;30;90;43m:[0;31;40mS[0;34;40m::::..[0;31;40mS[0;1;30;90;43m.[0;33;5;43;103mtttS[0;1;30;90;43m.[0;31;40mt:[0;1;30;90;43m.[0;33;5;43;103mSS[0;1;30;90;43m.[0m    
     [0;1;30;90;43m.[0;33;5;43;103mS[0;1;33;93;43m@[0;33;5;43;103m%[0;1;30;90;43m:[0;33;5;43;103mttt[0;1;33;93;43m@[0;31;5;40;100mS[0;34;40m..........[0;31;40m8[0;1;33;93;43mX[0;33;5;43;103m%%%[0;1;30;90;43m [0;33;5;43;103mX[0;1;33;93;43mS[0;33;5;43;103m@[0;31;43m8[0m     
       [0;1;30;90;43m.[0;33;5;43;103mtttS[0;1;30;90;43m:[0;31;40m:[0;34;40m............[0;31;40m.[0;1;30;90;43m.[0;33;5;43;103m@%SS[0;1;30;90;43m [0m       
        [0;31;43m8[0;1;33;93;43m@[0;1;30;90;43m.[0;31;40mt[0;34;40m..............  [0;31;40m;[0;1;30;90;43m [0;1;33;93;43mX[0;31;43m8[0m        
          [0;34;40m ..........         [0m          
             [0;34;40m              [0m             
               [0;34;40m          [0m               
                  [0;34;40m    [0m                  
