[0;1;30;90;43mX[0;1;30;90;45m@..:::::;;;;;;;;;;;:::::........     S[0;1;30;90;43mX[0m
[0;1;33;93;43m%[0;33;5;43;103mt[0;33;47m8[0;1;30;90;45mt[0;1;35;95;45mSSSSSSSXXXXX[0;1;30;90;45m8888[0;37;5;40;100m;[0;1;30;90;43m8[0;1;30;90;45m%[0;1;35;95;45mSSSS[0;1;30;90;45m::...... :[0;1;30;90;43m8[0;33;5;43;103mS[0;1;30;90;43m [0m
[0;1;33;93;43m%[0;33;5;43;103m;;%[0;1;30;90;45m8[0;1;35;95;45mSSXXXXXXX[0;37;45m8[0;37;43m8[0;33;5;43;103mX[0;37;43m8[0;33;5;43;103mS;%S[0;37;43mX[0;1;30;90;45m8t[0;1;35;95;45mSSS[0;1;30;90;45m:::....8[0;33;5;43;103mXSS[0;1;30;90;43m [0m
[0;1;33;93;43m%[0;33;5;43;103m;;;;[0;1;33;93;43mS[0;1;30;90;45m8[0;1;35;95;45mXXX@@[0;1;30;90;45m88[0;1;30;90;47m88[0;37;43m@[0;1;33;93;43mX[0;33;5;43;103m@t:tS[0;35;5;40;100m [0;1;35;95;45mSSSSS[0;1;30;90;45m:::.8[0;1;33;93;43mt[0;33;5;43;103m%%%S[0;1;33;93;43mt[0m
[0;1;33;93;43mS[0;33;5;43;103m;;;;;;[0;33;47m8[0;37;45mS[0;1;35;95;45m@@@@[0;1;30;90;47m8[0;35;47m88[0;1;30;90;47m88[0;33;5;40;100m.[0;33;5;43;103m;t;;[0;37;43m@[0;1;30;90;45m8[0;1;35;95;45mSSSSS[0;1;30;90;45m:t[0;37;43m8[0;33;5;43;103mtt%%%%[0;1;33;93;43mt[0m
[0;1;33;93;43mS[0;33;5;43;103m;;;;:::[0;37;5;43;103mS[0;1;30;90;47m8[0;1;35;95;45m88888888[0;1;30;90;47m8[0;33;5;43;103mt:;t[0;33;47m8[0;1;35;95;45mXXSSSS[0;1;30;90;45m8[0;33;5;43;103m%tttt%%%[0;1;33;93;43mt[0m
[0;1;33;93;43mS[0;33;5;43;103m;;;;:::[0;37;5;43;103m%S8[0;35;47m8[0;1;35;95;45m88888[0;33;47m8[0;37;5;43;103mSS[0;33;5;43;103mt;t[0;37;43m@[0;1;30;90;45m8[0;1;35;95;45mXXS[0;1;30;90;45m8[0;33;5;43;103mS;;tttt%%%[0;1;33;93;43mt[0m
[0;1;33;93;43mS[0;33;5;43;103m;;;::::[0;37;5;43;103mSX[0;1;33;93;47m8[0;37;5;43;103mX[0;1;33;93;47mX[0;35;47m8[0;1;35;95;47mS[0;35;47m8[0;1;30;90;47m@[0;37;5;43;103m8XSS[0;33;5;43;103m;:[0;37;43m@[0;1;30;90;45m8[0;1;35;95;45mX[0;1;30;90;45m8[0;33;47m8[0;33;5;43;103m;;;;tX[0;1;30;90;43m8[0;33;5;43;103mt%%%[0;1;33;93;43mt[0m
[0;1;33;93;43mS[0;33;5;43;103m;;t[0;37;43m8[0;1;30;90;45m8[0;37;45m8@X[0;1;35;95;45m8[0;35;47m8[0;37;5;43;103m8X8[0;1;30;90;47mX[0;35;47m8[0;1;30;90;47m8[0;1;33;93;47m88[0;37;5;43;103m8[0;33;47m8[0;37;5;43;103mX[0;33;47m88[0;1;30;90;45m@[0;1;30;90;47m8[0;33;5;43;103mtt[0;37;43m8[0;1;30;90;45m88@t:8[0;33;5;43;103mX%%%[0;1;33;93;43mt[0m
[0;1;33;93;43mS[0;33;5;43;103m;[0;37;43mX[0;1;30;90;45m888[0;37;45m8S[0;1;35;95;45m88[0;37;45mX8[0;33;47m@[0;37;5;43;103mXX8[0;35;47mX[0;1;35;95;45m8[0;35;47m8[0;1;35;95;45m88[0;37;45mX[0;1;35;95;45mX[0;35;47m8[0;37;5;43;103mX[0;33;5;43;103m;[0;37;43m8[0;1;30;90;45m88t8:::.S[0;1;30;90;43m8[0;33;5;43;103m%%[0;1;33;93;43mt[0m
[0;1;33;93;43m%X[0;37;43m@@@[0;1;30;90;43m8[0;37;5;40;100mt[0;1;30;90;45m8[0;37;45mS[0;1;35;95;45m@[0;37;45mX[0;1;35;95;45m8[0;33;47mX[0;37;5;43;103m@XXX[0;1;33;93;47m8[0;35;47m8[0;1;35;95;45m88[0;37;45m@[0;33;47m8[0;33;5;43;103m::[0;1;33;93;43mS[0;37;43m@X[0;1;30;90;43m88[0;33;5;40;100m:[0;1;30;90;45m%:...[0;1;30;90;43m8[0;33;5;43;103mS%[0;1;30;90;43m [0m
[0;1;30;90;43m:[0;33;5;43;103m;%t;%%[0;1;30;90;47m8[0;1;35;95;45mX@@@[0;1;33;93;47m8[0;37;5;43;103mXXXSSX[0;1;30;90;47m88[0;33;5;43;103m:::;;%ttSS[0;35;5;40;100m%[0;1;30;90;45m:..;[0;1;33;93;43mt[0;33;5;43;103m%%[0;1;30;90;43m [0m
[0;1;30;90;43m:[0;33;5;43;103m;;;;t[0;37;43m8[0;1;30;90;45m@[0;1;35;95;45mX[0;1;30;90;45m8[0;1;35;95;45m@@[0;1;30;90;47m8[0;37;5;43;103mXSS%%[0;1;33;93;47m8[0;37;45m@@[0;1;33;93;47m8[0;33;5;43;103m:;;;;;;%[0;35;5;40;100m.[0;1;30;90;45m:....[0;35;5;40;100m;[0;33;5;43;103mX%[0;1;30;90;43m.[0m
 [0;33;5;43;103m;;;t[0;37;5;40;100m%[0;1;30;90;45mXS[0;1;35;95;45mXXX[0;1;30;90;45m@[0;35;47m8[0;33;5;43;103m;::[0;37;5;43;103mX[0;35;47m8[0;1;35;95;45m@@XX[0;37;45m8[0;33;5;43;103m%;;;;%[0;35;5;40;100m.[0;1;30;90;45m::....[0;35;5;40;100m:[0;33;5;43;103mSS[0m 
 [0;1;30;90;43m.[0;33;5;43;103m;;t[0;37;43m@[0;1;30;90;45mXSXX8[0;1;35;95;45mX[0;37;43m@[0;33;5;43;103m;;[0;1;30;90;47m8[0;1;35;95;45mXXXXXX[0;1;30;90;45mS@[0;1;30;90;47m8[0;33;5;43;103mt;;t[0;1;30;90;43m8[0;1;30;90;45m;:t.%.[0;1;30;90;43mX[0;33;5;43;103mS[0;1;30;90;43m [0m 
  [0;33;5;43;103mt;S[0;1;33;93;43mX[0;33;5;43;103m%[0;33;5;40;100m:[0;33;5;43;103mXS[0;37;43m8[0;33;5;43;103m%[0;37;43mX[0;33;47m8[0;1;30;90;45m8[0;1;35;95;45mX[0;1;30;90;45mX[0;1;30;90;47m8[0;33;47m8[0;37;43m8@[0;1;33;93;43mS[0;33;5;43;103mX[0;1;30;90;45m8[0;1;35;95;45mS[0;1;30;90;45m@[0;37;43m@[0;33;5;43;103m;X[0;1;33;93;43mX[0;33;5;43;103mS[0;33;5;40;100m:[0;33;5;43;103mX[0;1;33;93;43m%[0;1;30;90;43m8[0;1;33;93;43mX[0;1;30;90;43mX[0;33;5;43;103mS[0m  
  [0;1;30;90;43m.[0;33;5;43;103m;;;;;;;;%[0;1;30;90;45m8[0;1;35;95;45mS[0;1;30;90;45m%[0;37;43m8[0;1;33;93;43m@[0;33;5;43;103mS[0;1;30;90;43m8[0;33;5;43;103mX;%%%[0;1;30;90;43m8[0;1;30;90;45m%:8[0;33;5;43;103mSttt%%%%S[0;1;30;90;43m.[0m  
   [0;1;30;90;43m.[0;33;5;43;103mt;;;;t[0;1;30;90;47m8[0;1;30;90;45mt[0;1;35;95;45mS[0;1;30;90;45m;888[0;35;5;40;100m:[0;33;5;40;100m;[0;1;30;90;43m8[0;33;5;43;103m@ttS[0;1;30;90;43m8[0;1;30;90;45m:..:[0;37;5;40;100m:[0;33;5;43;103m%%%%%S[0;1;30;90;43m [0m   
    [0;1;30;90;43m:[0;33;5;43;103mttt[0;37;43m@[0;1;30;90;45mX:[0;1;35;95;45mSSS[0;1;30;90;45m@8t88[0;35;5;40;100mt[0;33;5;43;103m%%%%[0;1;30;90;43m8[0;1;30;90;45m8....%[0;37;43mX[0;33;5;43;103m%SS[0;1;30;90;43m.[0m    
     [0;1;30;90;43m.[0;1;33;93;43m%[0;1;30;90;45m8.:::::::::@[0;1;33;93;43m;[0;33;5;43;103mS%%%[0;1;33;93;43mX[0;1;30;90;45m8...   8[0;1;33;93;43m;[0;31;43m8[0m     
       [0;1;30;90;45m:.........@[0;1;30;90;43m8[0;33;5;43;103m%@%%@[0;1;33;93;43mS[0;1;30;90;45m:.     .[0m       
        [0;34;40m8[0;1;30;90;45m........%[0;1;30;90;43m@[0;33;5;43;103m@%SXS[0;1;30;90;43m8[0;1;30;90;45mS     [0;34;40m8[0m        
          [0;1;30;90;40m8[0;1;30;90;45m   ...88[0;35;5;40;100m;[0;1;30;90;43m8[0;1;30;90;45mX[0;1;30;90;43m8[0;1;30;90;45mX[0;33;5;40;100m:[0;1;30;90;45m:   [0;34;40m8[0m          
             [0;1;30;90;45m.             [0m             
               [0;1;30;90;45m..        [0m               
                  [0;34;40m8[0;1;30;90;45m   [0m                  
