[0;1;30;90;47mt[0;1;37;97;47m@@@888888888888888888888@@@@@XXXSSS%%%[0;1;30;90;47mS[0m
[0;1;37;97;47m:[0;37;5;47;107m%t%%%%ttttttttttttttt%%%%%%%SSSXXX@@@@[0;1;37;97;47m [0m
[0;1;37;97;47m;[0;37;5;47;107mtt[0;1;30;90;47m8[0;31;5;41;101m8[0;1;30;90;47m88888888888888888888888888[0;37;5;40;100m.[0;35;5;40;100m   [0;31;5;41;101m8[0;35;5;40;100m;[0;37;5;47;107m@@[0;1;37;97;47m [0m
[0;1;37;97;47m;[0;37;5;47;107mtt[0;1;30;90;47m8X[0;1;37;97;47m:[0;36;5;40;100m [0;37;5;40;100m%SSXXXXXXXXXSS%[0;36;5;40;100m            [0;1;30;90;47m:8[0;35;5;40;100m:[0;37;5;47;107mX@[0;1;37;97;47m [0m
[0;1;37;97;47m;[0;37;5;47;107mtt[0;1;30;90;47m8X%[0;36;5;40;100m [0;37;5;47;107m;;;;::::..:;;;;;;;t%%%%%%%[0;36;5;40;100m [0;1;30;90;47m88[0;35;5;40;100m:[0;37;5;47;107mXX[0;1;37;97;47m.[0m
[0;1;37;97;47m;[0;37;5;47;107mtt[0;1;30;90;47m8St[0;36;5;40;100m [0;37;5;47;107m::[0;1;37;97;47m:[0;36;5;40;100m;;::[0;1;30;90;47m.[0;37;5;47;107m  [0;1;37;97;47mt[0;36;5;40;100m;tt[0;30;5;40;100mS[0;1;30;90;47mt[0;37;5;47;107m;;[0;1;30;90;47m.[0;30;5;40;100m88[0;1;30;90;40m88[0;1;30;90;47mX[0;37;5;47;107m%%[0;36;5;40;100m [0;1;30;90;47m88[0;35;5;40;100m:[0;37;5;47;107mXX[0;1;37;97;47m.[0m
[0;1;37;97;47m;[0;37;5;47;107mtt[0;1;30;90;47m8[0;1;37;97;47m [0;1;30;90;47mt[0;36;5;40;100m [0;37;5;47;107m:..[0;1;30;90;47m8[0;30;5;40;100mXS[0;37;5;40;100m8[0;37;5;47;107m.   [0;1;30;90;47m@[0;30;5;40;100m@8[0;37;5;40;100mS[0;37;5;47;107m;;;t[0;37;5;40;100mX[0;1;30;90;40mS[0;34;40m;[0;36;5;40;100m [0;37;5;47;107m%t%[0;36;5;40;100m [0;1;30;90;47m88[0;35;5;40;100m:[0;37;5;47;107mXX[0;1;37;97;47m.[0m
[0;1;37;97;47m;[0;37;5;47;107mtt[0;1;30;90;47m8[0;1;37;97;47m [0;1;30;90;47m;[0;37;5;40;100mS[0;37;5;47;107m:. [0;1;37;97;47m:[0;30;5;40;100m%[0;36;5;40;100mt[0;1;30;90;47m:[0;37;5;47;107m    [0;1;37;97;47m:[0;30;5;40;100mX@[0;1;30;90;47m%[0;37;5;47;107m::;;[0;1;30;90;47mt[0;1;30;90;40mS%[0;1;30;90;47m8[0;37;5;47;107mtt%[0;36;5;40;100m [0;1;30;90;47m88[0;35;5;40;100m:[0;37;5;47;107mXX[0;1;37;97;47m.[0m
[0;1;37;97;47m;[0;37;5;47;107mt;[0;1;30;90;47m8[0;1;37;97;47m [0;1;30;90;47m;[0;37;5;40;100mS[0;37;5;47;107m..@[0;36;5;40;100m [0;33;5;40;100m%t[0;36;5;40;100m [0;37;5;47;107m8  X[0;36;5;40;100m [0;31;5;40;100mSX[0;30;5;40;100m%[0;1;37;97;47m8[0;37;5;47;107m:;[0;1;37;97;47m8[0;30;5;40;100m@[0;1;30;90;40mX[0;31;40mS[0;1;30;90;40m8[0;1;37;97;47mS[0;37;5;47;107mt%[0;36;5;40;100m [0;1;30;90;47m8@[0;35;5;40;100m:[0;37;5;47;107mSX[0;1;37;97;47m.[0m
[0;1;37;97;47m;[0;37;5;47;107mtt[0;1;30;90;47m8[0;1;37;97;47m [0;1;30;90;47m;[0;37;5;40;100mS[0;37;5;47;107m..[0;37;5;40;100m8[0;30;5;40;100mS[0;33;5;40;100m%%[0;36;5;40;100m;[0;37;5;40;100m8[0;37;5;47;107m  [0;1;30;90;47m8[0;30;5;40;100mS[0;31;5;40;100mSS[0;30;5;40;100m8[0;36;5;40;100m [0;37;5;47;107m:;[0;36;5;40;100m [0;1;30;90;40mX[0;31;40m88[0;34;40m;[0;36;5;40;100m:[0;37;5;47;107mt%[0;36;5;40;100m [0;1;30;90;47m8@[0;35;5;40;100m:[0;37;5;47;107mXX[0;1;37;97;47m.[0m
[0;1;37;97;47m:[0;37;5;47;107mtt[0;1;30;90;47m8X;[0;36;5;40;100m [0;37;5;47;107m:.[0;1;37;97;47m8XX@@8[0;37;5;47;107m  8[0;1;37;97;47mXXS%X[0;37;5;47;107m:;[0;1;37;97;47mS;:::t[0;37;5;47;107mt%[0;36;5;40;100m [0;1;30;90;47m@8[0;35;5;40;100m.[0;37;5;47;107mXX[0;1;37;97;47m [0m
[0;1;30;90;47m;[0;37;5;47;107mtt[0;1;30;90;47m88[0;1;37;97;47m:[0;36;5;40;100m.[0;37;5;47;107m::...      ..:::;;;tttttt%[0;36;5;40;100mt[0;1;30;90;47m;88[0;37;5;47;107mXX[0;1;30;90;47mt[0m
[0;37;5;40;100mS[0;37;5;47;107mtt[0;1;37;97;47m.[0;35;5;41;101m8[0;37;5;47;107mX[0;30;5;40;100m8[0;37;5;47;107mX:::..[0;1;37;97;47mt[0;36;5;40;100m    [0;1;30;90;47m:[0;37;5;47;107m::[0;1;37;97;47m.[0;36;5;40;100m;;t%[0;1;30;90;47mS[0;37;5;47;107mtttt%@[0;1;30;90;40mS[0;1;37;97;47m8[0;31;5;41;101m8[0;1;37;97;47m [0;37;5;47;107mXX[0;37;5;40;100mS[0m
 [0;37;5;47;107mtt%[0;31;5;41;101m8[0;1;37;97;47m@[0;37;5;40;100m%[0;1;30;90;47m8[0;37;5;47;107m;;:::;[0;37;5;40;100mX[0;1;30;90;40m88[0;36;5;40;100m [0;37;5;47;107mt;;t[0;36;5;40;100m [0;1;30;90;40mXS[0;36;5;40;100m [0;37;5;47;107m%ttt%%[0;1;30;90;47m8[0;36;5;40;100m [0;1;37;97;47mS[0;1;31;91;41m8[0;37;5;47;107m8X@[0m 
 [0;1;30;90;47m.[0;37;5;47;107mtt[0;1;30;90;47m@[0;35;5;41;101m@[0;37;5;47;107m8[0;30;5;40;100m8[0;1;37;97;47m8[0;37;5;47;107m;;;;;[0;1;30;90;47m:[0;1;30;90;40m88[0;1;30;90;47mX[0;37;5;47;107m;;;;[0;1;30;90;47m:[0;1;30;90;40mS%[0;1;30;90;47m8[0;37;5;47;107mttt%%[0;1;37;97;47m@[0;1;30;90;40m@[0;1;37;97;47mX[0;35;5;40;100m;[0;1;30;90;47m8[0;37;5;47;107mXX[0;1;30;90;47m.[0m 
  [0;37;5;47;107mSt%[0;35;5;41;101m8[0;1;30;90;47mS [0;30;5;40;100mS[0;37;5;47;107m@;;;8[0;30;5;40;100mS[0;1;30;90;40m@@[0;30;5;40;100m8[0;1;37;97;47m8[0;37;5;47;107mtt8[0;30;5;40;100mX[0;31;40m%%[0;1;30;90;40m8[0;1;37;97;47m8[0;37;5;47;107mt%%8[0;30;5;40;100m@[0;1;30;90;47mtX[0;31;5;41;101m8[0;37;5;47;107m@X8[0m  
  [0;36;5;40;100m [0;37;5;47;107mtt8[0;31;5;41;101m8[0;1;37;97;47m [0;1;30;90;47m;[0;36;5;40;100m%[0;37;5;47;107m8tt[0;36;5;40;100m [0;1;30;90;40mS[0;31;40m88[0;1;30;90;40mS[0;36;5;40;100m.[0;37;5;47;107mtt[0;36;5;40;100m [0;34;40m;[0;31;40mX@[0;34;40m:[0;36;5;40;100m:[0;37;5;47;107m%%[0;1;37;97;47m8[0;30;5;40;100mX[0;1;30;90;47mX[0;1;37;97;47m [0;1;31;91;41m8[0;1;37;97;47m@[0;37;5;47;107mX@[0;36;5;40;100m [0m  
   [0;37;5;40;100m8[0;37;5;47;107m%t8[0;31;5;41;101m8[0;1;30;90;47mX[0;1;37;97;47m.[0;30;5;40;100m@[0;1;37;97;47m.[0;37;5;47;107mt[0;1;37;97;47m:[0;1;30;90;47m;;;;[0;1;37;97;47m [0;37;5;47;107mtt[0;1;37;97;47m:[0;1;30;90;47mtttt.[0;37;5;47;107m%[0;1;37;97;47m.[0;30;5;40;100m8[0;1;30;90;47m.@[0;1;31;91;41m8[0;1;37;97;47mX[0;37;5;47;107mX@[0;37;5;40;100m8[0m   
    [0;37;5;40;100m8[0;37;5;47;107m%%X[0;1;30;90;47m88[0;1;37;97;47mX[0;36;5;40;100m  [0;37;5;47;107m8ttttttt%%%%%8[0;36;5;40;100m :[0;1;37;97;47m%[0;35;5;40;100m :[0;37;5;47;107m8@@[0;37;5;40;100m8[0m    
     [0;36;5;40;100m.[0;37;5;47;107m8%%[0;1;37;97;47m [0;31;5;41;101m8[0;1;37;97;47m  [0;36;5;40;100mt[0;37;5;40;100m@[0;37;5;47;107m8%%%%%%%S8[0;37;5;40;100m@[0;30;5;40;100mS[0;1;30;90;47m:%[0;1;31;91;41m8[0;1;30;90;47mS[0;37;5;47;107mX@[0;1;37;97;47m8[0;36;5;40;100m.[0m     
       [0;1;30;90;47m [0;37;5;47;107mSS@[0;1;30;90;47m8[0;31;5;41;101m8[0;1;37;97;47m [0;1;30;90;47m:[0;36;5;40;100m; [0;1;37;97;47m;[0;37;5;47;107mSSSS[0;1;37;97;47m;[0;36;5;40;100m ;[0;1;30;90;47m;[0;1;37;97;47m [0;31;5;41;101m8[0;1;30;90;47m8[0;37;5;47;107m8@@[0;1;30;90;47m.[0m       
        [0;36;5;40;100m.[0;1;37;97;47m@[0;37;5;47;107mSS8[0;1;30;90;47m8[0;31;5;41;101m8[0;1;30;90;47m8[0;1;37;97;47m.[0;37;5;40;100mS[0;36;5;40;100mt[0;37;5;40;100m@@[0;36;5;40;100mt [0;1;37;97;47m.[0;1;30;90;47m8[0;1;31;91;41m8[0;1;30;90;47m8[0;1;37;97;47m8[0;37;5;47;107m@@[0;1;37;97;47mX[0;36;5;40;100m.[0m        
          [0;36;5;40;100m [0;1;37;97;47mX[0;37;5;47;107mXX@[0;1;37;97;47m [0;35;5;40;100m;:[0;1;30;90;47mS::S[0;35;5;40;100m:t[0;1;30;90;47mS[0;37;5;47;107m8@@[0;1;37;97;47mS[0;36;5;40;100m [0m          
             [0;1;30;90;47m.[0;37;5;47;107m@@@[0;1;37;97;47m8[0;1;30;90;47mX[0;35;5;40;100m;;[0;1;30;90;47m@[0;1;37;97;47m8[0;37;5;47;107m@@8[0;1;30;90;47m.[0m             
               [0;37;5;40;100mS[0;1;37;97;47m;[0;37;5;47;107m@@@@@@[0;1;37;97;47mt[0;37;5;40;100mS[0m               
                  [0;36;5;40;100m [0;1;30;90;47mtt[0;36;5;40;100m [0m                  
