[0;1;30;90;44m.[0;1;34;94;44mSSSSSSSSXXXXXXXXXX;:SSSSSSSSS%%%%%%ttt[0;30;44m:[0m
[0;1;34;94;44m;8[0;34;5;44;104m88888888888888888[0;1;34;94;44mSS[0;34;5;44;104m888888[0;1;34;94;44m8888888888@@.[0m
[0;1;34;94;44m;[0;34;5;44;104m888888888888888888[0;1;34;94;44mXX[0;34;5;44;104m88888888[0;1;34;94;44m888888888@:[0m
[0;1;34;94;44m;[0;34;5;44;104m888888888888@@@888[0;1;34;94;44mXX[0;34;5;44;104m888888888[0;1;34;94;44m888888888:[0m
[0;1;34;94;44m;[0;34;5;44;104m88888888@@@@@@[0;1;34;94;44mX[0;1;30;90;44m8888@[0;1;34;94;44m8[0;34;5;44;104m888888888[0;1;34;94;44m88888888:[0m
[0;1;34;94;44m;[0;34;5;44;104m8888888@@@XXX[0;1;30;90;44m8[0;30;5;40;100m8888[0;1;30;90;40m88[0;1;34;94;44mX[0;34;5;44;104m888888888[0;1;34;94;44m88888888:[0m
[0;1;34;94;44m;[0;34;5;44;104m888888@@XXXXX[0;34;5;40;100mXSXX[0;30;5;40;100m@88[0;34;5;40;100m8[0;1;34;94;44m8[0;34;5;44;104m888888888[0;1;34;94;44m8888888:[0m
[0;1;34;94;44m;[0;34;5;44;104m88888@@XXXXS[0;36;5;44;104mXXX[0;34;5;44;104mSX[0;34;5;40;100mX[0;30;5;40;100m@8[0;1;30;90;40m88[0;1;30;90;44m@[0;34;5;44;104m88888888[0;1;34;94;44m8888888:[0m
[0;1;34;94;44m;[0;34;5;44;104m88888@@XXXX[0;36;5;44;104mXXXXX[0;34;5;44;104m@[0;34;5;40;100mX[0;30;5;40;100m@88[0;1;30;90;40m88[0;34;5;44;104m88888888[0;1;34;94;44m8888888:[0m
[0;1;34;94;44m;[0;34;5;44;104m88888@@XXXX[0;36;5;44;104mXXXXX[0;34;5;40;100mS[0;30;5;40;100mX@88[0;1;30;90;40m88[0;1;34;94;44m%[0;34;5;44;104m8888888[0;1;34;94;44m8888888:[0m
[0;1;34;94;44m;[0;34;5;44;104m88888@@@XXXXXSXX@[0;34;5;40;100m@[0;30;5;40;100m88[0;1;30;90;40m88@X[0;1;30;90;44mS[0;34;5;44;104m888888[0;1;34;94;44m8888888:[0m
[0;1;30;90;44m:[0;34;5;44;104m888888@@@XXXXXXXX[0;34;5;40;100m8[0;30;5;40;100m8[0;1;30;90;40m88@@[0;34;40m8[0;1;34;94;44m8[0;34;5;44;104m88888[0;1;34;94;44m88888888[0;30;44m.[0m
[0;30;44mS[0;34;5;44;104m88888888@@@@XXX@@[0;34;5;40;100m8[0;1;30;90;40m88@X[0;1;30;90;44mX[0;34;5;44;104m8888888[0;1;34;94;44m88888888[0;30;44mX[0m
 [0;34;5;44;104m8888888888@@@@@@@[0;1;34;94;44m8[0;1;30;90;40m@XX[0;1;30;90;44mS[0;34;5;44;104m8888888[0;1;34;94;44m888888888[0m 
 [0;1;34;94;44m.[0;34;5;44;104m88888888888888888[0;34;40m8[0;1;30;90;40mS[0;34;40mt[0;34;5;44;104m8888888[0;1;34;94;44m888888888.[0m 
  [0;1;34;94;44m8[0;34;5;44;104m8888888888888888[0;34;40m@;t[0;1;34;94;44m8[0;34;5;44;104m88888[0;1;34;94;44m888888888@[0m  
  [0;30;44m@[0;34;5;44;104m8888888888888888[0;34;40m@::t[0;1;34;94;44m8[0;34;5;44;104m88[0;1;34;94;44m88888888888[0;30;44m@[0m  
   [0;30;44mt[0;1;34;94;44m88[0;34;5;44;104m8888888888888[0;1;30;90;44m;[0;34;40m::@[0;1;34;94;44m888888888888@[0;30;44mt[0m   
    [0;30;44m%[0;1;34;94;44m8888[0;34;5;44;104m8888888888[0;1;34;94;44mX[0;34;40m:.[0;1;34;94;44mX88888888888@[0;30;44m%[0m    
     [0;30;44m8[0;1;34;94;44m@8888888888S[0;30;44mt[0;34;40mt.t[0;1;34;94;44m8888888888@X[0;30;44m8[0m     
       [0;1;34;94;44m:8888888888[0;30;44m@[0;34;40mX[0;30;44mX[0;1;34;94;44mS88888888@@.[0m       
        [0;34;40m8[0;1;34;94;44mS888888888888888888@@%[0;30;44m8[0m        
          [0;30;44m8[0;1;34;94;44m%8888888888888@@@%[0;30;44m8[0m          
             [0;1;34;94;44m.@8888@@@@@@@.[0m             
               [0;30;44mX[0;1;34;94;44m;@@@@@@t[0;30;44mS[0m               
                  [0;30;44m@. @[0m                  
