[0;30;42mX;;[0;1;30;90;42m::::;;;;;tttttt;tt;::::[0;30;42m;;;;;;;tttttt@[0m
[0;30;42m%[0;1;30;90;42m:::;;;ttt%%%%%%%%[0;33;42m8[0;33;5;43;103mSS[0;33;42m8[0;1;30;90;42mt;;:::::::....[0;30;42m..:S[0m
[0;30;42m%[0;1;30;90;42m::;;tt%%SSSXXXXX[0;1;30;90;43mX[0;33;5;43;103mt::t[0;1;30;90;43m%[0;1;30;90;42mtt;;::::::....[0;30;42m..S[0m
[0;30;42m%[0;1;30;90;42m;;tt%%SXX@@@@@8[0;1;33;93;43mX[0;33;5;43;103m::tt::[0;1;33;93;43mS[0;33;42m%[0;1;30;90;42mt;;::::::...[0;30;42m..S[0m
[0;30;42mt[0;1;30;90;42m;tt%SSX@@8888[0;1;30;90;43m8[0;33;5;43;103mt[0;37;5;43;103m:[0;33;5;43;103mt[0;1;30;90;43m8[0;33;5;40;100m88[0;1;30;90;43m@[0;33;5;43;103mS:%[0;33;42m8[0;1;30;90;42mt;;:::::....[0;30;42m.S[0m
[0;30;42mt[0;1;30;90;42mtt%SXX@88888[0;1;30;90;43m8[0;37;5;43;103m;..[0;33;5;40;100m8 [0;1;30;90;43m88[0;33;5;40;100m;8[0;33;5;43;103m::;[0;1;30;90;43m%[0;1;30;90;42mt;;:::::...[0;30;42m.S[0m
[0;30;42mt[0;1;30;90;42mt%SSX@8888[0;33;5;40;100m@[0;33;5;43;103mS[0;37;5;43;103m...S[0;33;5;40;100mS[0;1;30;90;43m8888[0;33;5;40;100m8[0;33;5;43;103mX:::[0;1;33;93;43m@[0;33;42m%[0;1;30;90;42m;:::::....[0;30;42mS[0m
[0;30;42mt[0;1;30;90;42mt%SX@8888[0;1;30;90;43m8[0;37;5;43;103mX.....[0;1;30;90;43m888888[0;33;5;43;103m:::::%[0;32;43m8[0;1;30;90;42m;::::....[0;30;42mS[0m
[0;30;42mt[0;1;30;90;42mt%SX@888[0;37;43mX[0;37;5;43;103m:;@8[0;1;33;93;47mX[0;1;37;97;47mSS[0;1;30;90;47m [0;37;5;40;100m8[0;33;5;40;100m . [0;1;30;90;47m. [0;33;47m@[0;1;33;93;43mX8[0;33;5;43;103m8t;[0;1;30;90;43m;[0;1;30;90;42m;:::....[0;30;42mS[0m
[0;30;42mt[0;1;30;90;42mt%SX@8[0;33;42m8[0;33;5;43;103mS[0;1;33;93;43m8[0;1;30;90;43m8[0;33;5;40;100m%;[0;1;30;90;47m%[0;37;5;47;107m8[0;1;30;90;47m;[0;37;5;40;100m8[0;33;5;40;100m [0;1;30;90;47m8@8[0;37;5;40;100m8[0;33;5;40;100m;t[0;1;30;90;47m8[0;1;37;97;47mX[0;37;5;40;100m8[0;33;5;40;100m8[0;31;5;40;100m@[0;1;30;90;43m%:[0;33;5;43;103m@[0;33;42m%[0;1;30;90;42m::....[0;30;42mS[0m
[0;30;42mt[0;1;30;90;42mt%SX@[0;1;30;90;43m8[0;33;5;43;103m;[0;1;30;90;43m8[0;33;5;40;100mS[0;1;30;90;43m88[0;1;30;90;47m@[0;1;37;97;47m8[0;33;5;40;100m:tt%%SX[0;1;30;90;43m8[0;33;5;40;100m8888[0;1;37;97;47mt[0;37;5;40;100mX[0;1;30;90;43m@X[0;31;43m8[0;1;30;90;43m;[0;33;5;43;103m%[0;32;43m8[0;1;30;90;42m:....[0;30;42mS[0m
[0;30;42mS[0;1;30;90;42mtt%S[0;1;30;90;43mX[0;33;5;43;103m:;[0;33;5;40;100m8@[0;1;30;90;43m88[0;1;37;97;47m8[0;33;5;40;100m [0;1;30;90;43m88[0;33;5;40;100mSSS[0;1;30;90;43m888[0;33;5;40;100m88[0;1;30;90;43m88[0;33;5;40;100m@[0;1;37;97;47mS[0;1;30;90;43m%%[0;1;30;90;41m88[0;33;5;43;103mSt[0;1;30;90;43m:[0;1;30;90;42m:...[0;30;42m@[0m
[0;32;40m8[0;1;30;90;42m;t[0;33;42mX[0;33;5;43;103mX:::::[0;37;5;43;103m:[0;1;33;93;43m8[0;1;37;97;47m8[0;33;5;40;100m@XX@X[0;1;30;90;43m88888[0;33;5;40;100m888[0;31;5;40;100mX[0;1;37;97;47m%[0;1;30;90;43m;[0;33;5;43;103m;;t;tt8[0;33;42m%[0;1;30;90;42m.[0;30;42m.[0;32;40m8[0m
 [0;1;30;90;42m;;[0;33;42mS[0;33;5;43;103m@::::::8[0;1;37;97;47m%[0;33;5;40;100m8[0;1;30;90;43m888[0;33;5;40;100m88888[0;31;5;40;100mX[0;1;30;90;43m88@[0;31;5;40;100m8[0;1;37;97;47m:[0;1;33;93;43m8[0;33;5;43;103m;;;;tt[0;1;33;93;43m@[0;33;42mt[0;1;30;90;42m.[0;30;42m.[0m 
 [0;30;42mS[0;1;30;90;42m;;t[0;1;30;90;43mt[0;33;5;43;103m;:::::[0;1;30;90;47m%[0;33;5;40;100m 88[0;31;5;40;100mS[0;1;30;90;43m888888[0;31;5;40;100m@88[0;33;5;40;100m;[0;1;30;90;47mX[0;33;5;43;103m;;;;tt[0;1;30;90;43m.[0;1;30;90;42m..[0;30;42m.S[0m 
  [0;1;30;90;42m::;;[0;32;43m8[0;33;5;43;103m%::::[0;1;33;93;43mX[0;1;30;90;47m:[0;33;5;40;100m@[0;1;30;90;43m88[0;31;5;40;100mX[0;33;5;40;100m8888[0;31;5;40;100m@[0;1;30;90;43mXX[0;33;5;40;100m8[0;1;30;90;47m;[0;1;30;90;43m;[0;33;5;43;103m;;;tS[0;32;43m8[0;1;30;90;42m..[0;30;42m.:[0m  
  [0;32;40m8[0;1;30;90;42m:::;[0;33;42m%[0;1;33;93;43mX[0;33;5;43;103m;;;[0;1;30;90;43mt[0;33;5;40;100m8[0;1;30;90;47m.[0;33;5;40;100m;[0;31;5;40;100m88[0;1;30;90;43m@@XX[0;1;30;90;41m88[0;33;5;40;100m%[0;1;30;90;47m:[0;31;5;40;100mS[0;1;30;90;43m:[0;33;5;43;103m;tt[0;1;33;93;43mX[0;33;42mt[0;1;30;90;42m..[0;30;42m..[0;32;40m8[0m  
   [0;30;42m8[0;1;30;90;42m::::;[0;1;30;90;43m;[0;33;5;43;103m;;[0;1;30;90;43mtX[0;33;5;40;100m8[0;1;30;90;47m8;[0;33;5;40;100m:[0;31;5;40;100m@[0;1;30;90;41m888[0;33;5;40;100m;[0;1;30;90;47mt8[0;31;5;40;100m8[0;31;43m8[0;1;30;90;43m;[0;33;5;43;103mtt[0;32;43m;[0;1;30;90;42m...[0;30;42m..8[0m   
    [0;30;42m8[0;1;30;90;42m:::::[0;33;42m8[0;33;5;43;103mS[0;1;33;93;43m8[0;1;30;90;41m8[0;31;43m88[0;1;30;90;43mS[0;33;47m8[0;1;30;90;47m:%%:[0;33;47m@[0;1;30;90;43mS[0;33;41m8[0;31;43m8[0;1;30;90;41m8[0;1;33;93;43m@[0;33;5;43;103mX[0;33;42m8[0;1;30;90;42m...[0;30;42m..8[0m    
     [0;32;40mX[0;1;30;90;42m:::::[0;33;42mt[0;1;33;93;43m%8[0;1;30;90;43mt[0;1;30;90;41m8[0;1;33;93;43m8[0;33;5;43;103m;;[0;1;30;90;43m::[0;33;5;43;103mtt[0;1;33;93;43m8[0;1;30;90;41m8[0;1;30;90;43mt[0;1;33;93;43mX%[0;33;42m;[0;1;30;90;42m..[0;30;42m..:[0;32;40mX[0m     
       [0;30;42mS[0;1;30;90;42m.::::[0;32;43mS[0;33;5;43;103m%%tttttttt%%[0;32;43m%[0;1;30;90;42m..[0;30;42m...S[0m       
        [0;32;40mX[0;30;42m;[0;1;30;90;42m....[0;33;42mX[0;33;5;43;103mXttttttt%@[0;33;42mX[0;30;42m....t[0;32;40mX[0m        
          [0;32;40m@[0;30;42mt[0;1;30;90;42m...[0;33;42m:[0;1;33;93;43m:[0;33;5;43;103m%%%%%%[0;1;33;93;43m;[0;33;42m:[0;30;42m..:t[0;32;40m@[0m          
             [0;30;42mS...[0;32;43m@[0;33;5;43;103mX%%X[0;32;43m@[0;30;42m:::X[0m             
               [0;32;40m8[0;30;42m%:[0;33;42m%[0;1;33;93;43m8[0;33;5;43;103m8[0;33;42mS[0;30;42m:%[0;32;40m8[0m               
                  [0;32;40m@[0;30;42mXX[0;32;40m8[0m                  
