[0;1;30;90;44m.[0;1;34;94;44mSSSSSSS[0;35;44m8[0;1;31;91;41m;;;;;;;[0;1;30;90;45mt[0;1;34;94;44mXXXXSSS[0;35;44m8[0;1;31;91;41m;::::::[0;35;41m8[0;1;34;94;44m%%%ttt[0;30;44m:[0m
[0;1;34;94;44m;8[0;34;5;44;104m88888[0;1;34;94;44m8[0;31;45m8[0;1;31;91;41mXXXXX@S[0;35;44m8[0;34;5;44;104m888888[0;1;34;94;44m8[0;35;41m8[0;1;31;91;41mXXSSSSt[0;35;44mX[0;1;34;94;44m8888@@.[0m
[0;1;34;94;44m;[0;34;5;44;104m888888[0;1;30;90;45m%[0;1;31;91;41m@@@@@@@[0;1;30;90;45mX[0;34;5;44;104m8888888[0;1;30;90;45m%[0;1;31;91;41mXXXXSSS[0;34;45m8[0;1;34;94;44m888888@:[0m
[0;1;34;94;44m;[0;34;5;44;104m888888[0;35;44m8[0;1;31;91;41mX[0;31;5;40;100mXX[0;1;31;91;41mX888[0;1;30;90;45m8[0;34;5;44;104m8888888[0;35;44m8[0;1;31;91;41mSXXXXSS[0;35;41m8[0;1;34;94;44m8888888:[0m
[0;1;34;94;44m;[0;34;5;44;104m8888888[0;1;30;90;45m@[0;35;5;40;100m.[0;1;37;97;47m%8[0;1;30;90;47m%8[0;1;30;90;41m8[0;1;31;91;41m8[0;1;30;90;45m8[0;34;5;44;104m@@@8888[0;1;30;90;45m%[0;1;31;91;41mXXXXXSS[0;1;30;90;45m:[0;1;34;94;44m888888:[0m
[0;1;34;94;44m;[0;34;5;44;104m8888888[0;35;5;40;100m [0;1;30;90;47m%[0;1;37;97;47m88[0;37;5;40;100m8[0;1;30;90;47m [0;37;5;47;107m8[0;1;30;90;47m%[0;35;5;40;100m [0;34;5;44;104m@X@@@88[0;1;30;90;45mS[0;1;31;91;41m@XXXXXS[0;35;44m8[0;1;34;94;44m888888:[0m
[0;1;34;94;44m;[0;34;5;44;104m888888[0;1;30;90;45m8[0;1;31;91;41m8[0;35;5;40;100m%[0;1;37;97;47mt8[0;37;5;47;107mX[0;1;37;97;47mX[0;37;5;47;107m@[0;1;37;97;47m8X[0;1;30;90;47m%[0;37;5;40;100m;[0;1;34;94;44m8[0;34;5;44;104m@@@[0;1;30;90;45m@[0;1;31;91;41m@@XXXXX[0;1;30;90;45m;[0;1;34;94;44m8888888:[0m
[0;1;34;94;44m;[0;34;5;44;104m88888@[0;1;30;90;45m8[0;1;31;91;41m88[0;31;5;40;100mS[0;1;30;90;47m@[0;1;37;97;47mtS888%X.[0;1;30;90;47m8[0;37;5;40;100m;[0;1;30;90;44m8[0;1;30;90;45m@[0;1;31;91;41m@@@XXXX[0;31;45m8[0;1;34;94;44m8888888:[0m
[0;1;34;94;44m;[0;34;5;44;104m88888@@[0;1;30;90;45m8[0;1;31;91;41m8[0;31;5;41;101m88[0;37;5;40;100mt[0;1;37;97;47m8[0;37;5;47;107m@8X[0;1;37;97;47mX@S%[0;1;30;90;47m::@[0;35;5;40;100m@[0;1;31;91;41m@@XXXXX[0;1;30;90;45m;[0;1;34;94;44m888888:[0m
[0;1;34;94;44m;[0;34;5;44;104m88888@@[0;1;30;90;45m8[0;1;31;91;41m8[0;31;5;41;101m88[0;35;5;41;101m8[0;35;5;40;100m.[0;1;30;90;47mt[0;1;37;97;47mSt[0;37;5;47;107mX8[0;1;37;97;47m%SX[0;1;30;90;47m:[0;35;5;40;100mt[0;1;30;90;45m@[0;1;31;91;41mX@XXXXS[0;34;45m8[0;1;34;94;44m888888:[0m
[0;1;34;94;44m;[0;34;5;44;104m88888@[0;1;30;90;45m8[0;1;31;91;41m888[0;31;5;41;101m888[0;1;30;90;47m@8[0;1;37;97;47m;%[0;37;5;47;107mXX[0;1;37;97;47m@:tt[0;35;5;40;100m%[0;1;31;91;41m@@XXXX[0;1;30;90;45m;[0;1;34;94;44m8888888:[0m
[0;1;30;90;44m:[0;34;5;44;104m888888[0;1;30;90;45m8[0;1;31;91;41m88888[0;31;5;41;101m8[0;1;31;91;41m8[0;35;5;40;100m%[0;1;37;97;47m [0;1;30;90;47mt[0;1;37;97;47m8[0;37;5;47;107m8@8[0;1;37;97;47m.%;[0;31;5;40;100mX[0;1;31;91;41mSXXXX[0;1;30;90;45m;[0;1;34;94;44m8888888[0;30;44m.[0m
[0;30;44mS[0;34;5;44;104m8888888[0;1;30;90;45m@[0;1;31;91;41m8888888[0;1;30;90;45m8[0;34;5;44;104m@[0;36;5;40;100m:[0;1;30;90;47m8[0;1;37;97;47mt8[0;37;5;47;107m8[0;1;37;97;47m:;.[0;37;5;40;100mS[0;1;30;90;41m8[0;1;31;91;41mXXXS[0;1;30;90;45m:[0;1;34;94;44m888888[0;30;44mX[0m
 [0;34;5;44;104m8888888[0;1;30;90;45mX[0;1;31;91;41m@888888[0;1;30;90;45m8[0;34;5;44;104m@88[0;34;5;40;100mS[0;1;30;90;47m8[0;1;37;97;47mX8:;[0;1;30;90;47m;[0;1;30;90;41m8;[0;1;31;91;41mXSS[0;1;30;90;45m:[0;1;34;94;44m888888[0m 
 [0;1;34;94;44m.[0;34;5;44;104m88888[0;1;30;90;45m%[0;1;31;91;41m@@@@@@@[0;1;30;90;45m@[0;34;5;44;104m88888[0;1;34;94;44mX[0;37;5;40;100mX[0;1;30;90;47m@[0;1;37;97;47m..[0;1;30;90;47m.X[0;1;31;91;41m;SS[0;1;30;90;45m:[0;1;34;94;44m888888.[0m 
  [0;1;34;94;44m8[0;34;5;44;104m8888[0;1;30;90;45m%[0;1;31;91;41mXXX@@@@[0;1;30;90;45mS[0;34;5;44;104m888888[0;1;34;94;44mS[0;1;30;90;45mt[0;1;30;90;41mX[0;1;30;90;47m8[0;1;37;97;47mt.[0;1;30;90;47m;[0;1;30;90;41m8[0;1;31;91;41m%[0;1;30;90;45m:[0;1;34;94;44m88888@[0m  
  [0;30;44m@[0;34;5;44;104m88888[0;1;30;90;45mt[0;1;31;91;41mXXXXXXX[0;34;45m8[0;34;5;44;104m8888888[0;1;30;90;45m;[0;1;31;91;41mS[0;35;5;40;100m%[0;1;30;90;47m8t[0;37;5;40;100m@[0;1;30;90;47m8[0;35;5;40;100mt[0;34;5;40;100m8[0;1;34;94;44m%888[0;30;44m@[0m  
   [0;30;44mt[0;1;34;94;44m88[0;34;5;44;104m88[0;34;45m@[0;1;31;91;41mXXXXXXX[0;1;30;90;45mt[0;34;5;44;104m8888888[0;34;45m8[0;1;31;91;41mSS[0;1;30;90;41m8[0;37;5;40;100m8[0;35;5;40;100m;[0;1;30;90;41m88[0;35;5;40;100m8[0;1;34;94;44m%8@[0;30;44mt[0m   
    [0;30;44m%[0;1;34;94;44m88[0;35;44m8[0;1;31;91;41mSSSXXXX[0;1;30;90;45m;[0;1;34;94;44m8[0;34;5;44;104m888[0;1;34;94;44m888[0;35;44m8[0;1;31;91;41m%SSS[0;35;5;40;100m;[0;1;30;90;47mS[0;1;31;91;41m%[0;31;45m8[0;1;34;94;44m@8@[0;30;44m%[0m    
     [0;30;44m8[0;1;34;94;44m@[0;1;30;90;45m:[0;1;31;91;41mSSSSSSS[0;34;45m8[0;1;34;94;44m8888888[0;1;30;90;45m:[0;1;31;91;41mSS%%[0;1;30;90;41m:[0;37;5;40;100mS[0;1;31;91;41m%[0;34;45m8[0;1;34;94;44m@X[0;30;44m8[0m     
       [0;35;44m.[0;31;45m8[0;1;31;91;41mSSSSSS%[0;35;44m8[0;1;34;94;44m8888888[0;31;45m8[0;1;31;91;41m%%%%:%t[0;35;44mS[0m       
        [0;34;40m%[0;1;31;91;41m:%%%%%%[0;1;30;90;45m:[0;1;34;94;44m8888888[0;35;44m8[0;1;31;91;41m%%%tt.[0;31;40m8[0m        
          [0;30;41m8[0;1;31;91;41m:%%%[0;35;41m8[0;1;34;94;44m@888888[0;35;44mS[0;1;31;91;41m;ttt.[0;30;41m8[0m          
             [0;30;41m:[0;1;31;91;41m%[0;35;44m8[0;1;34;94;44m888@@@@[0;1;30;90;45m.[0;1;31;91;41mtt[0;30;41m:[0m             
               [0;31;40m8[0;35;44m:[0;1;34;94;44m@@@@@@:[0;30;41m8[0m               
                  [0;30;44m@. @[0m                  
