[0;30;42mX;;[0;1;30;90;42m::::;;;;;tttttt;;;;::::[0;30;42m;;;;;;;tttttt@[0m
[0;30;42m%[0;1;30;90;42m:::;;;tt[0;33;42mS[0;1;30;90;42mS%%%%%%%%%ttt;;::::;[0;33;42mt[0;1;30;90;42m:....[0;30;42m..:S[0m
[0;30;42m%[0;1;30;90;42m::;;tt%X[0;37;5;43;103m8[0;1;33;93;47m8[0;1;30;90;42mXXXXXXSSS%%%tt;;::[0;37;43m@[0;37;5;43;103m8[0;33;42mt[0;1;30;90;42m:....[0;30;42m..S[0m
[0;30;42m%[0;1;30;90;42m;;tt[0;32;43mX[0;1;30;90;43m%[0;1;33;93;43m@[0;33;5;43;103mX[0;37;5;43;103m@X[0;33;5;43;103mX[0;1;33;93;43m@[0;1;30;90;43m@8[0;1;30;90;42m@@@@XXSS%t[0;33;42m8[0;1;30;90;43m;[0;1;33;93;43mS[0;33;5;43;103m8t[0;37;5;43;103mS[0;33;5;43;103m@[0;1;33;93;43mX[0;1;30;90;43m.[0;32;43m8[0;1;30;90;42m..[0;30;42m..S[0m
[0;30;42mt[0;1;30;90;42m;t[0;33;42mX[0;1;33;93;43m@XX[0;33;5;43;103m;:[0;37;5;43;103mS[0;33;5;43;103m::;XS[0;1;33;93;43m@[0;1;30;90;42m8888@XXS[0;1;30;90;43m%[0;1;33;93;43m@S[0;33;5;43;103m%;tttt[0;1;33;93;43m%%S[0;33;42mS[0;1;30;90;42m.[0;30;42m.S[0m
[0;1;30;90;42mt[0;1;30;90;43m8[0;37;43m@[0;1;33;93;43m8[0;33;5;43;103m;:tX;St[0;37;5;43;103mS[0;33;5;43;103mX[0;37;5;43;103mSSS8[0;33;47m8[0;37;43m8[0;1;30;90;42m88[0;1;30;90;43m8[0;33;47m8[0;33;5;43;103m8t;;[0;1;33;93;43mS[0;33;5;43;103m%S@%[0;1;33;93;43mX[0;33;5;43;103mSt%[0;1;33;93;43m8[0;1;30;90;43m88[0;30;42m%[0m
[0;30;42mt[0;33;42m8[0;37;5;43;103m8S[0;33;5;43;103m;;St[0;37;5;43;103m@8@@XXXXX[0;1;33;93;47m8[0;1;30;90;43m8[0;1;30;90;42m88[0;33;42m8[0;1;33;93;47m8[0;37;5;43;103m@[0;33;5;43;103m;;X%%[0;37;5;43;103m@@[0;33;5;43;103mSS[0;1;33;93;43mX[0;33;5;43;103m%%S[0;1;33;93;43m8[0;33;42m8[0;30;42mS[0m
[0;30;42mt[0;1;30;90;42mt[0;1;30;90;43m%[0;33;5;43;103m%:;t:[0;1;33;93;47m@[0;1;37;97;47m88[0;1;33;93;47m@[0;37;5;43;103mX@XX@[0;37;43m@[0;1;30;90;42m8888[0;1;30;90;43m8[0;33;5;43;103mS:;%;[0;37;5;43;103m8[0;1;33;93;47m8@8[0;33;5;43;103m%S%tS[0;1;30;90;43m.[0;1;30;90;42m.[0;30;42mS[0m
[0;30;42mt[0;1;30;90;42mt[0;1;30;90;43m%[0;1;33;93;43mt[0;33;5;43;103m%@%;[0;37;5;43;103mX@@8@8888[0;1;30;90;43m8[0;32;5;40;100mX[0;1;30;90;42m888[0;1;30;90;43m8[0;1;33;93;43m@[0;33;5;43;103m%@S%S%SX%X[0;1;33;93;43mX[0;33;5;43;103mS[0;1;30;90;43m..[0;1;30;90;42m.[0;30;42mS[0m
[0;30;42mt[0;1;30;90;42mt[0;33;42m%[0;1;33;93;43m8[0;33;5;43;103mS::t;[0;37;5;43;103mSXX@XX@[0;1;33;93;47m@[0;32;5;40;100mSX[0;1;30;90;42m8888[0;1;33;93;43mS[0;33;5;43;103mX;;%S%SSSttX[0;1;33;93;43mS[0;33;42m;[0;1;30;90;42m.[0;30;42mS[0m
[0;30;42mt[0;1;30;90;42mt%S[0;37;43mS[0;37;5;43;103m@X[0;33;5;43;103m:[0;37;5;43;103m%[0;33;5;43;103m%[0;37;5;43;103mSXXS%[0;37;43m8[0;32;5;40;100mS[0;1;30;90;42m888888@[0;1;30;90;43m8[0;37;5;43;103m@S[0;33;5;43;103m;;%@;t%%[0;1;30;90;43mS[0;33;42m:[0;1;30;90;42m..[0;30;42mS[0m
[0;30;42mS[0;1;30;90;42mtt%[0;33;47m8[0;1;33;93;47m8[0;1;30;90;43m8@[0;1;33;93;43m88[0;33;5;43;103m88[0;37;43mX8[0;1;33;93;47m8[0;33;47m8[0;1;30;90;42m888888@X[0;1;30;90;43m8[0;1;33;93;47m8[0;1;30;90;43m8t[0;1;33;93;43mXS%X[0;1;30;90;43m:S[0;37;43m@X[0;1;30;90;42m...[0;30;42m@[0m
[0;32;40m8[0;1;30;90;42m;t%%SX@@8888888888[0;37;43m88[0;1;30;90;42m@XSS%tt;:::::....[0;30;42m.[0;32;40m8[0m
 [0;1;30;90;42m;;t%%SSX@@@8888[0;1;30;90;43m8@8[0;37;5;43;103mSS[0;1;30;90;43mXS[0;32;43mS[0;1;30;90;42m%tt;::::::....[0;30;42m.[0m 
 [0;30;42mS[0;1;30;90;42m;;tt%%SSXXXX[0;1;30;90;43mX[0;1;33;93;43m@S[0;33;5;43;103mt:;;;t[0;1;33;93;43m%X[0;1;30;90;43m;[0;1;30;90;42m;::::::....[0;30;42m.S[0m 
  [0;1;30;90;42m::;;tt%%%[0;33;42m@[0;1;30;90;43m8@[0;33;5;43;103mSt%[0;1;33;93;43mX[0;33;5;43;103mtSSt[0;1;33;93;43mX[0;33;5;43;103mStX[0;1;30;90;43mt[0;32;43m8[0;33;42mS[0;1;30;90;42m:::....[0;30;42m.:[0m  
  [0;32;40m8[0;1;30;90;42m:::;;;tt[0;1;30;90;43m8[0;37;5;43;103mX@[0;33;5;43;103mttSttSSttStt[0;37;5;43;103mX@[0;1;30;90;43m8[0;1;30;90;42m::....[0;30;42m..[0;32;40m8[0m  
   [0;30;42m8[0;1;30;90;42m:::::;;;[0;1;30;90;43mt[0;33;5;43;103m%;;XS[0;37;5;43;103m8[0;1;33;93;47m88[0;37;5;43;103m8[0;33;5;43;103mSXttS[0;1;30;90;43m:[0;1;30;90;42m:.....[0;30;42m..8[0m   
    [0;30;42m8[0;1;30;90;42m:::::::[0;1;30;90;43m:[0;1;33;93;43m;[0;33;5;43;103m%[0;1;33;93;43m@[0;33;5;43;103mXtX[0;37;5;43;103m88[0;33;5;43;103mXtX[0;1;33;93;43mX[0;33;5;43;103m%[0;1;33;93;43m;[0;1;30;90;43m.[0;1;30;90;42m.....[0;30;42m..8[0m    
     [0;32;40mX[0;1;30;90;42m::::::[0;33;42m%[0;1;33;93;43m@[0;33;5;43;103mXttX@%%@@%t[0;1;33;93;43mXX[0;33;42m%[0;1;30;90;42m...[0;30;42m..:[0;32;40mX[0m     
       [0;30;42mS[0;1;30;90;42m.::::[0;33;42mX[0;1;30;90;43m;[0;33;5;43;103m%%tt[0;1;33;93;43m@@[0;33;5;43;103m%%%%[0;1;30;90;43m:[0;33;42mX[0;1;30;90;42m..[0;30;42m...S[0m       
        [0;32;40mX[0;30;42m;[0;1;30;90;42m....[0;1;30;90;43m8[0;37;5;43;103mX[0;1;33;93;43m@8@%%@@@[0;37;5;43;103m@[0;1;30;90;43m8[0;30;42m....t[0;32;40mX[0m        
          [0;32;40m@[0;30;42mt[0;1;30;90;42m..[0;33;42mXt[0;1;30;90;42m.:[0;33;42mX88X[0;1;30;90;42m:[0;30;42m.[0;33;42mtX[0;30;42m.:t[0;32;40m@[0m          
             [0;30;42mS.........:::X[0m             
               [0;32;40m8[0;30;42m%::::::%[0;32;40m8[0m               
                  [0;32;40m@[0;30;42mXX[0;32;40m8[0m                  
