[0;1;30;90;47mt[0;1;37;97;47m@@@888888888888888888888@@@@@XXXSSS%%%[0;1;30;90;47mS[0m
[0;1;37;97;47m:[0;37;5;47;107m%@[0;36;5;40;100m [0;1;30;90;47m8[0;37;5;47;107mtt%[0;1;30;90;47m%[0;36;5;40;100m [0;37;5;47;107m8tt[0;1;37;97;47m [0;1;30;90;47m8[0;1;37;97;47m [0;37;5;47;107mttX[0;37;5;40;100m;[0;1;30;90;47m8[0;37;5;47;107mtt%[0;1;30;90;47mS[0;36;5;40;100m [0;37;5;47;107m8%%[0;1;37;97;47m [0;1;30;90;47m8t[0;37;5;47;107mSS8[0;36;5;40;100m.[0;1;30;90;47m8[0;37;5;47;107m@@[0;1;37;97;47m [0m
[0;1;37;97;47m;[0;37;5;47;107mt[0;1;30;90;47m8[0;1;30;90;42mX8[0;1;30;90;47m%[0;37;5;47;107mt[0;1;37;97;47m;[0;1;30;90;42m88[0;1;30;90;47m8[0;37;5;47;107m;;[0;36;5;40;100m%[0;1;30;90;42m8[0;36;5;40;100m.[0;1;37;97;47m@[0;37;5;47;107m;[0;1;30;90;47m8[0;1;30;90;42m88[0;1;37;97;47m [0;37;5;47;107mt[0;1;37;97;47m;[0;1;30;90;42m8X[0;37;5;40;100m;[0;37;5;47;107mtt[0;1;30;90;42m8X[0;32;5;40;100mS[0;1;37;97;47m%[0;37;5;47;107mS[0;1;30;90;47m8[0;1;30;90;42m%8[0;1;30;90;47m@[0;37;5;47;107m@[0;1;37;97;47m [0m
[0;1;37;97;47m;[0;37;5;47;107mt[0;1;30;90;47m8[0;1;30;90;42m%8[0;1;30;90;47m8[0;37;5;47;107m;[0;1;37;97;47m8[0;1;30;90;42mX88[0;37;5;47;107m;:[0;36;5;40;100mt[0;1;30;90;42m88[0;1;37;97;47m%[0;37;5;47;107m:[0;1;30;90;47m@[0;1;30;90;42m@8[0;1;30;90;47m8[0;37;5;47;107m;[0;1;37;97;47m@[0;1;30;90;42m%X8[0;37;5;47;107mtt[0;1;30;90;42m8%%[0;1;37;97;47m.[0;37;5;47;107mS[0;1;30;90;47m8[0;1;30;90;42m:%[0;36;5;40;100m [0;37;5;47;107m@[0;1;37;97;47m [0m
[0;1;37;97;47m;[0;37;5;47;107mtX[0;1;30;90;42m8[0;32;5;40;100mS[0;37;5;47;107m%;;[0;1;30;90;47m8[0;32;5;40;100mS[0;1;37;97;47m%[0;37;5;47;107m::[0;1;37;97;47m:[0;36;5;40;100mt[0;1;30;90;47m8[0;37;5;47;107m.:S[0;36;5;40;100m%;[0;37;5;47;107m%;;[0;37;5;40;100mt[0;1;30;90;42m8[0;1;37;97;47m:[0;37;5;47;107mtt[0;1;37;97;47m [0;1;30;90;42m8[0;1;30;90;47m8[0;37;5;47;107m%%8[0;1;30;90;42m88[0;37;5;47;107m8X[0;1;37;97;47m.[0m
[0;1;37;97;47m.[0;37;5;47;107mXXSS%ttt;t;;;;:::;;%%%SS%%SSSXX@@@@@88[0;1;30;90;47m.[0m
[0;33;41m8[0;31;43m@@@[0;1;30;90;43mX[0;1;30;90;47m@S%tt[0;1;30;90;43m88888[0;1;30;90;47m:::;;[0;1;30;90;43m888@@[0;1;30;90;47mX@@88[0;31;43m88888[0;37;5;40;100m8888[0;36;5;40;100m [0m
[0;33;41m8[0;31;43m@@X[0;1;30;90;43mX[0;1;30;90;47m@%%t;[0;1;30;90;43m88888[0;1;30;90;47m..::;[0;1;30;90;43m888@@[0;1;30;90;47mX@@88[0;31;43m88888[0;37;5;40;100m8888[0;36;5;40;100m [0m
[0;33;41m8[0;31;43m@@X[0;1;30;90;43mX[0;1;30;90;47m@%t;;[0;1;30;90;43m88888[0;1;30;90;47m...::[0;1;30;90;43m88888[0;1;30;90;47mX@@88[0;31;43m88888[0;37;5;40;100m8888[0;36;5;40;100m [0m
[0;33;41m8[0;31;43m@@X[0;1;30;90;43mX[0;1;30;90;47m@%tt;[0;1;30;90;43m88888[0;1;30;90;47m...::[0;1;30;90;43m888@8[0;1;30;90;47mX@@88[0;31;43m88888[0;37;5;40;100m8888[0;36;5;40;100m [0m
[0;33;41m8[0;31;43m@@@[0;1;30;90;43mX[0;1;30;90;47m@S%t;[0;1;30;90;43m88888[0;1;30;90;47m::::;[0;1;30;90;43m888@@[0;1;30;90;47mX@@88[0;31;43m88888[0;37;5;40;100m8888[0;36;5;40;100m [0m
[0;33;41m@[0;31;43m8@@X[0;1;30;90;47m@S%%t[0;1;30;90;43m88888[0;1;30;90;47m;;;;t[0;1;30;90;43m88@X@[0;1;30;90;47m@@888[0;31;43m88888[0;37;5;40;100m8888[0;36;5;40;100m [0m
[0;30;41m8[0;31;43m8@@@[0;1;30;90;47m8XSS%[0;1;30;90;43m88888[0;1;30;90;47mttt%%[0;1;30;90;43m8@XSX[0;1;30;90;47m@@88[0;37;5;40;100m8[0;31;43m88888[0;37;5;40;100m8888[0;30;5;40;100mX[0m
 [0;31;43m888@[0;1;30;90;47m8XXXS[0;1;30;90;43m88888[0;1;30;90;47mS%%SS[0;1;30;90;43mXX[0;31;43mX@@[0;1;30;90;47m@888[0;37;5;40;100m8[0;31;43m88888[0;37;5;40;100m8888[0m 
 [0;33;41m@[0;31;43m888[0;1;30;90;47m8@@XX[0;1;30;90;43m8XXXX[0;1;30;90;47mXSXXX[0;31;43mX@@@@[0;1;30;90;47m8888[0;37;5;40;100m8[0;31;43m88888[0;37;5;40;100m888[0;36;5;40;100m [0m 
  [0;31;43m888[0;37;5;40;100m8[0;1;30;90;47m8@@@[0;1;30;90;43m@[0;31;43m@@@X[0;1;30;90;47m@X@@@[0;31;43m@@888[0;1;30;90;47m8888[0;37;5;40;100m8[0;31;43m88888[0;37;5;40;100m88@[0m  
  [0;31;40m8[0;31;43m88[0;37;5;40;100m8[0;1;30;90;47m8888[0;1;30;90;43mX[0;31;43m@@@@[0;1;30;90;47m8@@88[0;31;43m88888[0;1;30;90;47m8888[0;37;5;40;100m8[0;31;43m88888[0;37;5;40;100m88[0;30;5;40;100m@[0m  
   [0;30;41m@[0;31;43m8[0;37;5;40;100m8[0;1;30;90;47m8888[0;31;43m@8888[0;1;30;90;47m88888[0;31;43m88888[0;1;30;90;47m8888[0;37;5;40;100m8[0;31;43m888[0;33;41m8[0;31;43m8[0;37;5;40;100m8[0;36;5;40;100mt[0m   
    [0;30;41m8[0;37;5;40;100m8[0;1;30;90;47m8888[0;31;43m88888[0;1;30;90;47m88888[0;31;43m88888[0;1;30;90;47m8[0;37;5;40;100m8888[0;31;43m8[0;33;41m888[0;31;43m8[0;36;5;40;100m%[0m    
     [0;30;5;40;100m8[0;37;5;40;100m8[0;1;30;90;47m888[0;31;43m88888[0;1;30;90;47m88888[0;31;43m88888[0;37;5;40;100m8888@[0;33;41m8888[0;31;40m@[0m     
       [0;36;5;40;100m [0;37;5;40;100m88[0;31;43m88888[0;37;5;40;100m8[0;1;30;90;47m88[0;37;5;40;100m88[0;31;43m88888[0;37;5;40;100m8888@[0;33;41m88X[0m       
        [0;1;30;90;40m8[0;37;5;40;100mS[0;31;43m88888[0;37;5;40;100m88888[0;31;43m88888[0;37;5;40;100m8888X[0;33;41m8[0;31;40m@[0m        
          [0;31;40m8[0;33;41m88[0;31;43m88[0;37;5;40;100m88888[0;33;41m88888[0;37;5;40;100m8@@[0;36;5;40;100m [0;30;5;40;100m8[0m          
             [0;33;41mX8[0;37;5;40;100m@8888[0;33;41m88888[0;37;5;40;100m@[0;36;5;40;100m [0m             
               [0;30;5;40;100mX[0;36;5;40;100m [0;37;5;40;100m@@@[0;33;41m888@[0;30;41m8[0m               
                  [0;30;5;40;100m8[0;36;5;40;100m [0;33;41mX[0;31;40m8[0m                  
