              [0;1;30;90;43m::[0;1;33;93;43mX[0;33;5;43;103m8@XX@8[0;1;33;93;43mX[0;1;30;90;43m.:[0m              
          [0;1;30;90;43m:[0;1;33;93;43m@[0;33;5;43;103mt:::::::;;;;;;;t[0;1;33;93;43m@[0;1;30;90;43m.[0m          
        [0;1;30;90;43m;[0;33;5;43;103m;:::::::::::::;;;;;;;t[0;1;33;93;43m%[0m        
      [0;1;33;93;43mS[0;33;5;43;103m::::::::::::::::::;;;;;;;;[0;1;33;93;43mS[0m      
    [0;1;30;90;43m:[0;33;5;43;103mt:::::.[0;37;5;43;103m;::::::[0;33;5;43;103m.:::::::;;;;;;;%[0;1;30;90;43m.[0m    
   [0;1;30;90;43m:[0;33;5;43;103m:::::.[0;37;5;43;103m:::.....:::;[0;33;5;43;103m::::::;;;;;;tt[0;1;30;90;43m [0m   
  [0;1;30;90;43m:[0;33;5;43;103m:::::.[0;37;5;43;103m::..........::[0;33;5;43;103m:::::;;;;;;;tt[0;1;30;90;43m [0m  
 [0;1;30;90;43m:[0;33;5;43;103m;::::.[0;37;5;43;103m::............::[0;33;5;43;103m:::::;;;;;;ttt[0;1;30;90;43m.[0m 
 [0;33;5;43;103m@:::::[0;37;5;43;103m;:.............::[0;33;5;43;103m:::::;;;;;;ttt@[0m 
[0;1;30;90;43m.[0;1;33;93;43m%[0;33;5;43;103m;::[0;1;33;93;43m%[0;33;5;43;103m;[0;37;5;43;103m;:[0;33;5;43;103m%[0;37;5;43;103m:..@:..@;..[0;33;5;43;103m%[0;37;5;43;103m;:[0;33;5;43;103m:[0;1;33;93;43mS[0;33;5;43;103m;::[0;1;33;93;43m%[0;33;5;43;103m;;;[0;1;33;93;43mt[0;33;5;43;103mttt[0;1;33;93;43m;[0;33;5;43;103m%[0;1;30;90;43m.[0m
[0;1;30;90;43m.[0;1;31;91;43m8[0;1;33;93;43m;[0;33;5;43;103m::[0;1;31;91;43m8[0;1;33;93;43mt[0;33;5;43;103m.[0;37;5;43;103m:[0;1;33;93;43m:[0;33;5;43;103m%[0;37;5;43;103m..[0;37;43m@[0;37;5;43;103m@..[0;37;43m@[0;33;5;43;103m%[0;37;5;43;103m..[0;1;33;93;43m:%[0;37;5;43;103m:[0;33;5;43;103m:[0;1;31;91;43m8[0;1;33;93;43mt[0;33;5;43;103m::[0;1;31;91;43m8[0;1;33;93;43m;[0;33;5;43;103m;;[0;1;31;91;43m8[0;1;33;93;43m:[0;33;5;43;103mtt[0;1;31;91;43m88[0;1;30;90;43m [0m
[0;1;30;90;43m:[0;1;31;91;41mX[0;33;5;43;103mS:S[0;1;31;91;41m@[0;33;5;43;103mS:%[0;1;31;91;41m8[0;33;5;43;103mt[0;37;5;43;103m.[0;33;5;43;103mt[0;31;5;41;101m8[0;37;5;43;103mX.X[0;31;5;41;101m8[0;37;5;43;103mX.[0;33;5;43;103mt[0;1;31;91;41m8[0;33;5;43;103m%.S[0;1;31;91;41m@[0;33;5;43;103mS:X[0;1;31;91;41mX[0;33;5;43;103mS;[0;1;33;93;43mX[0;1;31;91;41mX[0;33;5;43;103mXt[0;1;33;93;43mS[0;1;31;91;41mS[0;1;33;93;43mSX[0m
[0;1;30;90;41m:[0;31;43m8[0;33;5;43;103m;[0;1;31;91;43m8[0;1;31;91;41mX[0;31;43m@[0;33;5;43;103m;[0;1;31;91;43m8[0;1;31;91;41m8[0;1;31;91;43m8[0;37;5;43;103mt[0;1;31;91;43m8[0;1;31;91;41m8[0;1;31;91;43m8[0;37;5;43;103m;[0;1;30;90;43m8[0;1;31;91;41m8[0;1;31;91;43m8[0;37;5;43;103m;[0;1;31;91;43m8[0;1;31;91;41m8[0;1;31;91;43m8[0;33;5;43;103m:[0;1;31;91;43m8[0;1;31;91;41m@[0;1;31;91;43m8[0;33;5;43;103m;[0;1;31;91;43m8[0;1;31;91;41mX[0;31;43m8[0;33;5;43;103m;[0;1;31;91;43m8[0;1;31;91;41mS[0;31;43m8[0;33;5;43;103mt[0;31;43mX[0;1;31;91;41m%[0;33;41m8[0;33;5;43;103m%[0;31;43m8[0m
[0;30;41m%[0;1;31;91;43m8[0;1;33;93;43mt[0;1;31;91;41mXX[0;1;31;91;43m8[0;1;33;93;43mt[0;1;31;91;41m@@[0;1;31;91;43m8[0;1;33;93;43mS[0;1;31;91;41m88[0;1;31;91;43m8[0;33;5;43;103mS[0;1;31;91;41m88[0;1;31;91;43m8[0;33;5;43;103mS[0;1;31;91;41m88[0;1;31;91;43m8[0;1;33;93;43m%[0;1;31;91;41m@@[0;1;31;91;43m8[0;1;33;93;43mt[0;1;31;91;41mXX[0;1;31;91;43m8[0;1;33;93;43m;[0;1;31;91;41mSS[0;1;31;91;43m8[0;1;33;93;43m:[0;1;31;91;41mS%[0;31;43m%[0;1;33;93;43m:[0;30;41mS[0m
 [0;1;31;91;41mX[0;1;31;91;43m8[0;1;31;91;41mXXX[0;1;31;91;43m8[0;1;31;91;41mX@@[0;1;31;91;43m8[0;1;31;91;41m@@8[0;1;31;91;43m8[0;1;31;91;41m888[0;1;31;91;43m8[0;1;31;91;41m@@@[0;1;31;91;43m8[0;1;31;91;41m@X@[0;1;31;91;43m8[0;1;31;91;41mXXX[0;1;31;91;43m8[0;1;31;91;41mSSS[0;31;43m%[0;1;31;91;41m%%%[0;31;43mS[0;31;40m@[0m
 [0;1;31;91;41m:SXXXXXXX@@@@@@@@@@@@XXXXXXXSSSSS%%%%.[0m 
  [0;1;31;91;41mSSXXXXXXXXXXXXXXXXXXXXXXXSSSSSS%%%%%[0;31;40m@[0m 
  [0;30;41m8[0;1;31;91;41mSSSXXXXXXXXXXXXXXXXXXXSSSSSSS%%%%%[0;30;41m@[0m  
   [0;30;41m@[0;1;31;91;41mSSSSSSXXXXXXXXXXXXSSSSSSSS%%%%%%[0;30;41m@[0m   
    [0;31;40m8[0;1;31;91;41mtSSSSSSSSSSSSSSSSSSSSSS%%%%%%;[0;31;40m8[0m    
      [0;30;41m%[0;1;31;91;41m%SSSSSSSSSSSSSSSSSS%%%%%%t[0;30;41m%[0m      
        [0;30;41m%[0;1;31;91;41mtSSSSSSSSSSS%%%%%%%%%t[0;30;41m%[0m        
          [0;31;40m8[0;30;41m;[0;1;31;91;41m;%%%%%%%%%%%%%%;[0;30;41mt[0;31;40m8[0m          
               [0;30;41m@%:[0;1;30;90;41m.  [0;30;41m.:%@[0m               
