[0;30;42mX;;[0;1;30;90;42m::::;;;;;tttttt;;;;::::[0;30;42m;;;;;;;tttttt@[0m
[0;30;42m%[0;1;30;90;42m:::;;;ttt%%%%%%%%%%ttt;;:::::::....[0;30;42m..:S[0m
[0;30;42m%[0;1;30;90;42m::;;tt%%SSSXXXXXSSS%%%tt;;::::::....[0;30;42m..S[0m
[0;30;42m%[0;1;30;90;42m;;tt%%SXX@@@@@@@@@XXSS%tt;;::::::...[0;30;42m..S[0m
[0;30;42mt[0;1;30;90;42m;tt%SSX@@8888888888@XXS%%t;;:::::....[0;30;42m.S[0m
[0;30;42mt[0;1;30;90;42mtt%SXX@[0;32;5;40;100mX[0;1;30;90;42m8888888888888@XS%%t;;:::::...[0;30;42m.S[0m
[0;30;42mt[0;1;30;90;42mt%S[0;32;5;40;100mS[0;1;30;90;42mX@8[0;36;5;40;100mtt[0;1;30;90;42m888[0;32;5;40;100mXXXX[0;1;30;90;42m8[0;32;5;40;100mX[0;36;5;40;100m [0;1;30;90;47m8888[0;37;5;40;100mS[0;36;5;40;100m [0;1;30;90;42m8tt;:::::....[0;30;42mS[0m
[0;30;42mt[0;1;30;90;42mt%S[0;32;5;40;100m8[0;36;5;40;100m%[0;1;30;90;42m88[0;32;5;40;100mX[0;37;5;40;100mS[0;1;30;90;42m8[0;32;5;40;100mXS[0;36;5;40;100m%%t[0;1;30;90;47m8[0;1;37;97;47m;[0;37;5;47;107m8[0;1;37;97;47mXX%.[0;1;30;90;47m:[0;1;37;97;47m:::;[0;37;5;40;100mS[0;1;30;90;42m%;::::....[0;30;42mS[0m
[0;30;42mt[0;1;30;90;42mt%SX[0;37;5;40;100m%[0;32;5;40;100m@[0;1;30;90;42m8[0;36;5;40;100mt[0;1;30;90;47m8[0;1;30;90;42m8[0;32;5;40;100mS[0;36;5;40;100m%t [0;1;37;97;47mX[0;37;5;47;107mS[0;1;37;97;47m8@[0;37;5;47;107mX[0;1;37;97;47mXS%%[0;1;30;90;47m. [0;1;37;97;47mS[0;1;30;90;47m.[0;1;37;97;47mS%[0;32;5;40;100m@[0;1;30;90;42m::::....[0;30;42mS[0m
[0;30;42mt[0;1;30;90;42mt%SX8[0;1;30;90;47m%[0;1;30;90;42m8[0;36;5;40;100m [0;1;30;90;47mX[0;1;30;90;42m8[0;32;5;40;100mS[0;36;5;40;100m% [0;37;5;47;107m8S@[0;1;37;97;47m%[0;37;5;47;107mXX[0;1;37;97;47m:[0;37;5;47;107m@[0;1;30;90;47m [0;1;37;97;47m%.t[0;1;30;90;47m.[0;1;37;97;47m8[0;1;30;90;47m;[0;1;37;97;47m8S[0;1;30;90;42mX:::....[0;30;42mS[0m
[0;30;42mt[0;1;30;90;42mt%SX@[0;1;30;90;47m88[0;37;5;40;100mS[0;1;30;90;47m;[0;1;30;90;42m88[0;32;5;40;100mX[0;1;37;97;47m%[0;37;5;47;107mXX[0;1;37;97;47mt[0;37;5;47;107m@XX[0;1;37;97;47mt88S%;88[0;1;30;90;47m.[0;1;37;97;47m88[0;37;5;40;100mt[0;1;30;90;42m:::....[0;30;42mS[0m
[0;30;42mS[0;1;30;90;42mtt%SX8[0;1;37;97;47m@[0;1;30;90;47m.[0;1;37;97;47mS[0;1;30;90;47mX[0;36;5;40;100m. [0;37;5;47;107mXXX8[0;1;37;97;47mt[0;37;5;47;107mX@@[0;1;37;97;47mS%%Xt;:888[0;37;5;40;100mX[0;1;30;90;42m:::....[0;30;42m@[0m
[0;32;40m8[0;1;30;90;42m;t%%S[0;37;5;40;100mS[0;1;37;97;47m@[0;37;5;47;107m888@[0;1;30;90;47m;[0;1;37;97;47m:X@@[0;1;30;90;47m%[0;37;5;47;107m888888[0;1;37;97;47m@88888S[0;1;30;90;42m@::....[0;30;42m.[0;32;40m8[0m
 [0;1;30;90;42m;;t%%[0;32;5;40;100mX[0;37;5;40;100mS[0;1;30;90;47m.[0;37;5;47;107m88888[0;1;37;97;47mXSSt:%[0;37;5;47;107m888[0;1;37;97;47m888888t[0;36;5;40;100m [0;1;30;90;42m8@@@@..[0;30;42m.[0m 
 [0;30;42mS[0;1;30;90;42m;;tt%%S[0;36;5;40;100mt[0;1;37;97;47m @[0;37;5;47;107m8888888[0;1;37;97;47mX.;%888%. t8@@@[0;1;30;90;47m%[0;32;5;40;100m8[0;1;30;90;42m.[0;30;42m.S[0m 
  [0;1;30;90;42m::;;tt%%%8[0;37;5;40;100mt[0;1;30;90;47m8[0;1;37;97;47m:;888888S;;:%8X[0;1;30;90;47m.8S8[0;1;30;90;42m8..[0;30;42m.:[0m  
  [0;32;40m8[0;1;30;90;42m:::;;;tttttttS8[0;32;5;40;100m%[0;36;5;40;100mt%[0;32;5;40;100mS[0;1;30;90;42m88[0;32;5;40;100mSX@[0;1;30;90;42m8;::....[0;30;42m..[0;32;40m8[0m  
   [0;30;42m8[0;1;30;90;42m:::::;;;;;;;;;;;;::::::::.....[0;30;42m..8[0m   
    [0;30;42m8[0;1;30;90;42m::::::::::::::::::::::......[0;30;42m..8[0m    
     [0;32;40mX[0;1;30;90;42m::::::::::::::::::.......[0;30;42m..:[0;32;40mX[0m     
       [0;30;42mS[0;1;30;90;42m.:::::::::::.........[0;30;42m...S[0m       
        [0;32;40mX[0;30;42m;[0;1;30;90;42m................[0;30;42m....t[0;32;40mX[0m        
          [0;32;40m@[0;30;42mt[0;1;30;90;42m..........[0;30;42m.....:t[0;32;40m@[0m          
             [0;30;42mS.........:::X[0m             
               [0;32;40m8[0;30;42m%::::::%[0;32;40m8[0m               
                  [0;32;40m@[0;30;42mXX[0;32;40m8[0m                  
