              [0;1;30;90;43m::[0;1;33;93;43mX[0;33;5;43;103m8@XX@8[0;1;33;93;43mX[0;1;30;90;43m.:[0m              
          [0;1;30;90;43m:[0;1;33;93;43m@[0;33;5;43;103m8tS[0;1;30;90;43mX[0;33;5;40;100m8[0;1;30;90;43mX[0;33;5;43;103m:;;tX;[0;1;33;93;43mX[0;1;30;90;43mS%[0;33;5;43;103m@[0;1;33;93;43mX[0;1;30;90;43m:[0m          
        [0;1;30;90;43m;[0;33;5;43;103m;:;[0;1;30;90;43m8[0;33;5;40;100m8[0;1;30;90;43m8[0;33;5;40;100m8[0;1;30;90;40m8[0;33;5;40;100m8[0;33;5;43;103mS[0;1;30;90;43m@8[0;33;5;43;103m@[0;1;30;90;43m8X@[0;30;5;40;100mX[0;34;40m:[0;1;33;93;43mXS[0;1;30;90;43mS[0;1;33;93;43m8[0;1;30;90;43m.[0m        
      [0;31;43mS[0;1;33;93;43m:[0;33;5;43;103m;;::t[0;1;33;93;43m8[0;33;5;40;100m@[0;1;30;90;40m88[0;1;30;90;43m88[0;1;33;93;43m8[0;33;5;43;103m::X[0;1;30;90;43m8[0;1;30;90;40m@SS[0;33;5;43;103m8[0;1;30;90;43m@[0;33;5;43;103m%;[0;1;33;93;43m;.[0;31;43mS[0m      
    [0;33;41m@[0;1;33;93;43m.:;[0;33;5;43;103m:::.S[0;1;30;90;43m888[0;33;5;40;100m8[0;1;30;90;43m8[0;33;5;43;103mX[0;1;30;90;43m8[0;33;5;43;103m::[0;1;33;93;43mX[0;1;30;90;43m@XX[0;34;40m;[0;33;5;43;103m8[0;1;30;90;43mS[0;33;5;43;103mS;[0;1;33;93;43m...[0;1;31;91;43m8[0;33;41m@[0m    
   [0;31;43m8[0;1;33;93;43m::[0;33;5;43;103m;::::[0;37;5;43;103m:tX[0;33;5;40;100mX@S[0;30;5;40;100m@[0;37;43mX[0;33;5;43;103m8[0;37;5;43;103m:;[0;33;5;43;103m%[0;1;30;90;43m8[0;30;5;40;100mS[0;33;5;40;100m8[0;1;30;90;40mX[0;33;5;40;100m8[0;1;30;90;43mS[0;33;5;43;103m%[0;1;33;93;43m.....[0;1;31;91;43m8[0;31;43m8[0m   
  [0;31;43m8[0;1;33;93;43m::[0;33;5;43;103m;::::.[0;37;5;43;103m:@[0;1;33;93;43m8[0;33;5;40;100mS[0;37;43m@[0;1;30;90;43m8[0;30;5;40;100mS[0;37;5;43;103mX..%[0;1;33;93;43m@[0;1;30;90;43m8[0;33;5;40;100m8[0;1;33;93;43m8[0;33;5;40;100m88[0;33;5;43;103m;;[0;1;33;93;43m.....[0;1;31;91;43m88[0;31;43m8[0m  
 [0;30;41m8[0;1;33;93;43m::;[0;33;5;43;103m;:::..[0;37;5;43;103mS@@;@[0;1;30;90;43m88[0;37;5;43;103m;..;[0;33;5;43;103m8S:[0;1;30;90;43m88[0;1;33;93;43mS[0;33;5;43;103m;[0;1;33;93;43m::.....[0;1;31;91;43m88[0;30;41m8[0m 
 [0;1;31;91;43m8[0;1;33;93;43m::;[0;33;5;43;103m:::...[0;37;5;43;103mXS..;;.....::[0;33;5;43;103m:t;;[0;1;33;93;43m:::.....[0;1;31;91;43m888[0m 
[0;30;41m8[0;1;33;93;43m:::;[0;33;5;43;103m:::...[0;37;5;43;103mXX....%.@[0;1;30;90;43m8[0;33;5;40;100m@[0;33;5;43;103mX[0;37;5;43;103m:[0;33;5;43;103m:::;[0;1;33;93;43m:::.....[0;1;31;91;43m888[0;30;41m@[0m
[0;31;43m@[0;1;33;93;43m:::;[0;33;5;43;103m::::...[0;37;5;43;103mXX..%[0;33;5;40;100m:%[0;37;43m8[0;33;5;40;100mt[0;30;5;40;100m@[0;1;30;90;43m8[0;33;5;43;103m@[0;1;30;90;43m8[0;1;33;93;43m@[0;33;5;43;103m;[0;1;33;93;43m::::.....[0;1;31;91;43m888[0;31;43m8[0m
[0;31;43m%[0;1;33;93;43m::::[0;33;5;43;103m;::::....[0;37;5;43;103m%..t[0;37;43m8[0;33;5;40;100m%[0;30;5;40;100m@8[0;1;30;90;43m88[0;33;5;43;103m@:;[0;1;33;93;43m:::......[0;1;31;91;43m888[0;31;43mS[0m
[0;31;43m%[0;1;33;93;43m.::::[0;33;5;43;103m;::::....[0;37;5;43;103m..[0;33;5;43;103m8[0;1;30;90;43m888[0;30;5;40;100m8[0;1;30;90;43m88[0;1;33;93;43m8[0;33;5;43;103m;[0;1;33;93;43m::::.....[0;1;31;91;43m8888[0;31;43mS[0m
[0;31;43m@[0;1;33;93;43m..::::[0;33;5;43;103m;::::::::[0;37;5;43;103m:S[0;33;5;43;103m8[0;33;5;40;100m88[0;1;30;90;40m8[0;33;5;40;100m8[0;1;33;93;43mX%::::......[0;1;31;91;43m8888[0;31;43m8[0m
 [0;1;33;93;43m...::::;[0;33;5;43;103m;::::::;[0;1;33;93;43m88[0;30;5;40;100mX[0;1;33;93;43m8[0;33;5;40;100m8[0;30;5;40;100m@[0;33;5;43;103m%[0;1;33;93;43m;:::......[0;1;31;91;43m88888[0;30;41m8[0m
 [0;1;31;91;43m8[0;1;33;93;43m...::::::;[0;33;5;43;103m;;;;;[0;1;33;93;43m8[0;33;5;43;103m8t[0;1;33;93;43m8[0;1;30;90;43m@S[0;33;5;43;103m;[0;1;33;93;43m::.......[0;1;31;91;43m888888[0m 
  [0;1;33;93;43m.....::::::::::[0;33;5;43;103m;::S%;[0;1;33;93;43m:........[0;1;31;91;43m888888[0;30;41m8[0m 
  [0;33;41m8[0;1;33;93;43m.......::::::::[0;33;5;43;103m;;;;[0;1;33;93;43m:.......[0;1;31;91;43m8888888[0;33;41m8[0m  
   [0;33;41m8[0;1;33;93;43m..............[0;33;5;43;103m;;;;[0;1;33;93;43m......[0;1;31;91;43m88888888[0;33;41m8[0m   
    [0;30;41m8[0;1;31;91;43m8[0;1;33;93;43m.............[0;33;5;43;103mtt[0;1;33;93;43m.....[0;1;31;91;43m888888888[0;30;41m8[0m    
      [0;31;43m@[0;1;31;91;43m88[0;1;33;93;43m..........::..[0;1;31;91;43m8888888888[0;31;43m8[0m      
        [0;31;43m8[0;1;31;91;43m8888888888888888888888[0;31;43m8[0m        
          [0;1;30;90;41m8[0;31;43mX[0;1;31;91;43m8888888888888888[0;31;43mX[0;33;41mX[0m          
               [0;33;41m8[0;31;43m@S%%%%X@[0;33;41m8[0m               
