[0;1;30;90;47mt[0;1;37;97;47m@@@8888888888888888[0;34;40m:::...........      [0m
[0;1;37;97;47m:[0;37;5;47;107m%ttttt[0;1;37;97;47m%[0;37;5;47;107mS[0;36;5;40;100m  [0;37;5;40;100mS[0;1;37;97;47m X[0;37;5;47;107mX[0;1;37;97;47mS[0;37;5;47;107mtttt[0;34;40m;;::::[0;30;5;40;100m8[0;1;30;90;40m@[0;36;5;40;100mt[0;1;30;90;40m88[0;36;5;40;100mt[0;1;30;90;40m88[0;34;40m..    [0m
[0;1;37;97;47m;.[0;37;5;40;100mt[0;1;37;97;47mX[0;37;5;47;107mttt8[0;1;30;90;47m%[0;32;5;40;100m@[0;36;5;40;100mt%[0;32;5;40;100m88[0;36;5;40;100mt[0;37;5;40;100m%[0;37;5;47;107mS[0;1;37;97;47mt[0;1;30;90;47m@[0;1;37;97;47m:[0;1;30;90;40mS[0;34;40m;;;::[0;36;5;40;100m [0;1;30;90;47m [0;1;37;97;47m.[0;1;30;90;47m:.[0;1;37;97;47m.[0;1;30;90;47m:[0;36;5;40;100m%[0;34;40m...   [0m
[0;1;37;97;47m;[0;1;30;90;47m8[0;1;30;90;42m%t[0;32;5;40;100m8[0;36;5;40;100m:[0;1;37;97;47m8 [0;37;5;40;100m;[0;32;5;40;100m@[0;1;30;90;42m8[0;32;5;40;100m8[0;36;5;40;100m [0;1;37;97;47m;[0;32;5;40;100m8[0;1;30;90;42m8@8[0;1;37;97;47m8[0;37;5;47;107m;[0;1;30;90;40mXSS[0;34;40m;;;:[0;30;5;40;100mX[0;37;5;40;100mXSX%[0;30;5;40;100m8[0;34;40m....   [0m
[0;1;30;90;47m%8[0;1;30;90;42mS%%S[0;1;30;90;47m8[0;1;30;90;42mX@[0;32;5;40;100mX[0;36;5;40;100m [0;1;37;97;47m [0;37;5;47;107mS[0;1;30;90;47m8[0;1;30;90;42m888[0;32;5;40;100mS[0;1;37;97;47m:[0;37;5;47;107m:[0;1;30;90;40m@@XS%[0;34;40m;;;[0;1;30;90;47mSS%X[0;34;40m:.....  [0m
[0;1;37;97;47m;[0;37;5;47;107m%[0;1;37;97;47m :;[0;37;5;40;100m%[0;32;5;40;100m@[0;1;30;90;42m@888[0;36;5;40;100mt :.[0;1;30;90;42m8[0;36;5;40;100m;[0;1;30;90;47m8[0;37;5;47;107m:.[0;1;30;90;40m88@XS%[0;34;40m;[0;1;30;90;40m8[0;1;37;97;47m..:[0;1;30;90;47m [0;34;40m;.....  [0m
[0;1;37;97;47m;[0;37;5;47;107mtt;X[0;36;5;40;100mt[0;37;5;40;100m%[0;32;5;40;100mS@[0;1;30;90;42m888[0;32;5;40;100mXS[0;37;5;40;100mX[0;1;30;90;47mt[0;37;5;47;107mS  .[0;30;5;40;100m8[0;1;30;90;40m88@XSX[0;1;30;90;47mX:[0;1;37;97;47m [0;1;30;90;47m.;8[0;34;40m:..... [0m
[0;1;37;97;47m;[0;37;5;47;107mtt;[0;1;30;90;47mSX[0;36;5;40;100m.[0;1;37;97;47m%[0;1;30;90;47m8[0;1;37;97;47m [0;37;5;47;107m8[0;37;5;40;100mS[0;36;5;40;100m [0;1;30;90;47m8[0;36;5;40;100m%[0;1;37;97;47m [0;37;5;47;107m    [0;30;5;40;100m8[0;1;30;90;40m88@XS[0;1;30;90;47mt:;[0;1;37;97;47m88[0;1;30;90;47m%t8[0;34;40m..... [0m
[0;1;37;97;47m;[0;37;5;47;107mt;;;:[0;37;5;40;100m8[0;36;5;40;100m t[0;1;37;97;47m.[0;37;5;47;107m8[0;32;5;40;100mS[0;1;30;90;47m8[0;37;5;40;100m%[0;36;5;40;100m [0;37;5;47;107m;    [0;30;5;40;100m88[0;1;30;90;40m88@X[0;1;37;97;47m.[0;1;30;90;47m..[0;1;37;97;47m88[0;1;30;90;47m;;t[0;34;40m..... [0m
[0;1;37;97;47m;[0;37;5;47;107mtt;;:8[0;1;37;97;47mX[0;1;30;90;47mS[0;37;5;47;107m8[0;1;37;97;47m [0;1;30;90;47m88[0;36;5;40;100m:[0;1;37;97;47mX[0;37;5;47;107m     [0;30;5;40;100m88[0;1;30;90;40m8@X@[0;36;5;40;100mtt[0;30;5;40;100mSXXXXX[0;34;40m..... [0m
[0;1;37;97;47m:[0;37;5;47;107mtt;;;:::.8[0;1;30;90;47m8[0;1;37;97;47m;[0;37;5;47;107mS      [0;30;5;40;100m8[0;1;30;90;40m88@XS%[0;34;40m;;:::....... [0m
[0;1;30;90;47m@[0;1;37;97;47m@@@8888[0;37;5;47;107m888888888888[0;36;5;40;100m:;tt[0;30;5;40;100mSSX@@88888888[0;1;30;90;40m88S[0m
[0;34;40m.:;;[0;1;30;90;40m%SX@@888[0;30;5;40;100m888888[0;1;30;90;40m88[0;37;5;47;107m:;;;;t8t[0;1;30;90;47m8%[0;1;37;97;47m.[0;37;5;47;107m8%[0;1;37;97;47m8[0;37;5;47;107mSSSXX[0;37;5;40;100mS[0m
 [0;34;40m::;;[0;1;30;90;40m%SXX[0;1;30;90;47mt[0;37;5;40;100m8[0;1;30;90;47m8.[0;37;5;40;100m8[0;1;30;90;47mSt[0;30;5;40;100mS[0;1;30;90;40m8@@[0;37;5;47;107m;[0;1;37;97;47m%[0;1;30;90;47m8[0;37;5;47;107m@tt8[0;1;30;90;47mS[0;32;5;40;100m88[0;1;30;90;42m8[0;30;42m@[0;30;5;40;100m@[0;36;5;40;100m.[0;1;37;97;47m8[0;1;30;90;47m;8[0;37;5;47;107m8@[0m 
 [0;34;40m.::;;;[0;1;30;90;40m%S[0;36;5;40;100m [0;1;30;90;47m%SSt%[0;37;5;40;100m@[0;1;30;90;40m8XXS[0;37;5;47;107m;[0;1;30;90;47m@[0;1;30;90;42mS%[0;32;5;40;100m@[0;1;30;90;47mX:[0;36;5;40;100m;[0;1;30;90;42mX@[0;36;5;40;100m%[0;1;30;90;47m@[0;32;5;40;100mX[0;30;42m@S[0;32;5;40;100m8[0;37;5;47;107m8X[0;1;30;90;47m.[0m 
  [0;34;40m::::;;;;[0;36;5;40;100m [0;37;5;40;100m888S[0;1;30;90;40mSSS%[0;34;40m;[0;37;5;47;107m@[0;1;30;90;47mS[0;1;30;90;42mXSt[0;32;5;40;100mS[0;1;30;90;42m::[0;32;5;40;100m@[0;1;30;90;42m8[0;1;30;90;47mX[0;37;5;40;100m%[0;30;42mt%%[0;36;5;40;100m [0;1;37;97;47m8[0;37;5;47;107m8[0m  
  [0;34;40m.::::::;[0;36;5;40;100m;[0;1;30;90;47m . [0;37;5;40;100mS[0;34;40m;;;;;[0;37;5;47;107mttSt[0;1;30;90;47m:[0;32;5;40;100m8[0;1;30;90;42mX:::[0;32;5;40;100m8[0;30;42mX[0;36;5;40;100mt[0;1;30;90;42m8[0;37;5;40;100m%[0;1;30;90;47m;[0;37;5;47;107m@[0;36;5;40;100m [0m  
   [0;34;40m..:::::[0;37;5;40;100mX[0;1;37;97;47m .[0;1;30;90;47m %[0;34;40m;::::[0;37;5;47;107mttt8[0;37;5;40;100m%[0;32;5;40;100m8[0;37;5;40;100m8[0;36;5;40;100mt; [0;1;30;90;42mtt[0;30;42mt[0;1;30;90;47m8[0;37;5;47;107mX@[0;37;5;40;100m8[0m   
    [0;34;40m....:[0;36;5;40;100m [0;1;30;90;47m.[0;1;37;97;47m %  [0;37;5;40;100m8[0;34;40m;:::[0;37;5;47;107mt%%%%[0;1;30;90;47m@[0;36;5;40;100m:[0;32;5;40;100mX[0;1;37;97;47m.[0;1;30;90;47m@[0;1;30;90;42mS[0;37;5;40;100m@[0;30;42mX[0;1;30;90;47mt[0;37;5;47;107m@[0;37;5;40;100m8[0m    
     [0;34;40m ..[0;30;5;40;100mX[0;1;37;97;47m.[0;1;30;90;47mX[0;1;37;97;47m 8:[0;1;30;90;47m%[0;1;37;97;47m.[0;36;5;40;100m [0;34;40m...[0;37;5;47;107m%%%SS8[0;1;30;90;47mt[0;36;5;40;100m [0;1;30;90;47m;[0;37;5;40;100m8[0;32;5;40;100mS[0;1;30;90;42m@[0;36;5;40;100m [0;1;37;97;47m8[0;36;5;40;100m.[0m     
       [0;34;40m.[0;36;5;40;100mt[0;1;37;97;47m:[0;1;30;90;47m%[0;1;37;97;47m.%.[0;1;30;90;47m.[0;1;37;97;47m:[0;37;5;40;100mX[0;34;40m...[0;37;5;47;107mSSSSSXX@X[0;1;30;90;47mX[0;37;5;40;100m8[0;1;37;97;47m.[0;1;30;90;47m.[0m       
        [0;34;40m ...........[0;37;5;47;107mSXXXXXX@@@[0;1;37;97;47mX[0;36;5;40;100m.[0m        
          [0;34;40m .........[0;37;5;47;107mXXXX@@@@[0;1;37;97;47mS[0;36;5;40;100m [0m          
             [0;34;40m       [0;37;5;47;107m@@@@@8[0;1;30;90;47m.[0m             
               [0;34;40m     [0;37;5;47;107m@@@[0;1;37;97;47mt[0;37;5;40;100mS[0m               
                  [0;34;40m  [0;1;30;90;47mt[0;36;5;40;100m [0m                  
