[0;1;30;90;40m@[0;34;40m..[0;30;5;40;100m@X[0;34;40m.:[0;30;5;40;100mXS[0;34;40m::[0;30;5;40;100mXS[0;34;40m::[0;30;5;40;100mSS[0;34;40m::[0;30;5;40;100mXS[0;34;40m::[0;30;5;40;100m@X[0;34;40m..[0;30;5;40;100m@X[0;34;40m..[0;30;5;40;100m8@[0;34;40m. [0;30;5;40;100m88[0;34;40m  [0;1;30;90;40mS[0m
[0;1;30;90;40mS[0;34;40m.:[0;30;5;40;100m%[0;36;5;40;100m;[0;34;40m::[0;36;5;40;100mt.[0;34;40m;;[0;36;5;40;100m:.[0;1;30;90;40m%%[0;36;5;40;100m:.[0;34;40m;;[0;36;5;40;100m::[0;34;40m;:[0;36;5;40;100mt;[0;34;40m::[0;30;5;40;100mS[0;36;5;40;100m;[0;34;40m..[0;30;5;40;100mS[0;36;5;40;100mt[0;34;40m..[0;30;5;40;100mXS[0;34;40m  ;[0m
[0;34;40m.;[0;1;30;90;40mS[0;34;40m::[0;1;30;90;40mSX[0;34;40m;[0;1;30;90;40m%@8SX88XX88SS@X[0;34;40m;:[0;1;30;90;40mSS[0;34;40m::;;..;;..:: [0m
[0;34;40m.[0;36;5;40;100m: [0;34;40m;;[0;36;5;40;100m  [0;1;30;90;40mSX[0;36;5;40;100m  [0;1;30;90;40m@@[0;36;5;40;100m  [0;1;30;90;40m8@[0;36;5;40;100m  [0;1;30;90;40mXX[0;36;5;40;100m  [0;34;40m;;[0;36;5;40;100m. [0;34;40m::[0;36;5;40;100m::[0;34;40m..[0;36;5;40;100mt:[0;34;40m..[0;30;5;40;100m%[0;36;5;40;100m;[0;34;40m [0m
[0;34;40m.[0;1;30;90;40m88[0;34;40m;;[0;30;5;40;100m8@[0;1;30;90;40mX@[0;30;5;40;100mXS[0;1;30;90;40m88[0;36;5;40;100m%t[0;1;30;90;40m88[0;30;5;40;100mS%[0;1;30;90;40m8@[0;30;5;40;100m@@[0;1;30;90;40mS%[0;30;5;40;100m88[0;34;40m::[0;1;30;90;40m88[0;34;40m..[0;1;30;90;40m@@[0;34;40m..[0;1;30;90;40mXX[0;34;40m [0m
[0;1;30;90;40m8[0;34;40m;;[0;36;5;40;100m;.[0;1;30;90;40mX@[0;36;5;40;100m. [0;1;30;90;40m8[0;30;5;40;100m8[0;36;5;40;100m  [0;30;5;40;100m8@[0;36;5;40;100m  [0;30;5;40;100m88[0;36;5;40;100m  [0;1;30;90;40m8@[0;36;5;40;100m:.[0;1;30;90;40m%[0;34;40m;[0;36;5;40;100mt;[0;34;40m::[0;30;5;40;100mS[0;36;5;40;100mt[0;34;40m..[0;30;5;40;100mXS[0;34;40m. [0;1;30;90;40mX[0m
[0;1;30;90;40mX[0;34;40m;;[0;36;5;40;100mt:[0;1;30;90;40mX@[0;36;5;40;100m. [0;30;5;40;100m88[0;36;5;40;100m  [0;30;5;40;100mXS[0;36;5;40;100m  [0;30;5;40;100m@@[0;36;5;40;100m  [0;1;30;90;40m88[0;36;5;40;100m::[0;1;30;90;40mS[0;34;40m;[0;30;5;40;100mS[0;36;5;40;100mt[0;34;40m::[0;30;5;40;100mXS[0;34;40m..[0;30;5;40;100m@X[0;34;40m..;[0m
[0;34;40m:[0;30;5;40;100mXS[0;1;30;90;40mSX[0;36;5;40;100mt:[0;1;30;90;40m8[0;30;5;40;100m8[0;36;5;40;100m  [0;30;5;40;100mXS[0;36;5;40;100m  t[0;30;5;40;100m%[0;36;5;40;100m  [0;30;5;40;100m@8[0;36;5;40;100m.:[0;1;30;90;40m@X[0;30;5;40;100mSS[0;34;40m;;[0;30;5;40;100m@@[0;34;40m:.[0;30;5;40;100m88[0;34;40m..[0;1;30;90;40m8[0;30;5;40;100m8[0;34;40m [0m
[0;34;40m:[0;36;5;40;100m. [0;30;5;40;100m8[0;37;5;40;100m8[0;1;30;90;47mX[0;1;37;97;47m%[0;37;5;40;100m8[0;36;5;40;100m [0;37;5;40;100mSX[0;30;5;40;100mS[0;36;5;40;100mt[0;37;5;40;100m@8[0;36;5;40;100m;t[0;37;5;40;100mX@[0;30;5;40;100m@8[0;36;5;40;100m  [0;1;30;90;40m8@[0;36;5;40;100m  [0;34;40m;;[0;36;5;40;100m::[0;34;40m:.[0;36;5;40;100mt:[0;34;40m..[0;30;5;40;100mS[0;36;5;40;100m;[0;34;40m [0m
[0;34;40m:;[0;1;30;90;40mS[0;36;5;40;100m [0;1;30;90;47mS.[0;37;5;47;107m8X.[0;1;37;97;47m@[0;36;5;40;100m t;t;:;[0;30;5;40;100mSXX@8[0;1;30;90;40m888XSSS[0;34;40m::;;:.::.. [0m
[0;1;30;90;40m8[0;34;40m;;[0;36;5;40;100m. [0;1;30;90;40m@[0;36;5;40;100m [0;1;37;97;47m@[0;37;5;47;107m8.;[0;1;37;97;47m:[0;1;30;90;47mS@.[0;1;37;97;47m@[0;37;5;47;107m8@XX8[0;1;37;97;47mt[0;1;30;90;47m%@[0;36;5;40;100m [0;1;30;90;40mS%[0;36;5;40;100m: [0;34;40m::[0;36;5;40;100m;:[0;34;40m..[0;36;5;40;100mt;[0;34;40m..[0;1;30;90;40mX[0m
[0;1;30;90;40m%[0;34;40m;;[0;30;5;40;100m@X[0;1;30;90;40mX@[0;30;5;40;100mX[0;1;37;97;47mX8[0;37;5;47;107m..      ..:::;%[0;1;30;90;47m.[0;37;5;40;100mX[0;1;30;90;47mXt@@@8[0;37;5;40;100m8[0;1;30;90;47m@:[0;37;5;40;100m8[0;34;40m:.:[0m
[0;34;40m.[0;30;5;40;100mS[0;36;5;40;100mt[0;34;40m;[0;1;30;90;40m%[0;36;5;40;100m;.[0;1;30;90;40m@8[0;1;37;97;47m.8[0;37;5;47;107m..:XXXX8[0;1;37;97;47m@%8[0;37;5;47;107m;;;[0;1;37;97;47mS[0;37;5;40;100mS[0;30;5;40;100mS[0;1;30;90;40m8[0;36;5;40;100mt[0;30;5;40;100mS[0;34;40m..[0;30;5;40;100m@X[0;34;40m..[0;30;5;40;100m8X[0;34;40m [0m
 [0;30;5;40;100mS[0;36;5;40;100m;[0;34;40m;;[0;36;5;40;100m;.[0;1;30;90;40mXX[0;36;5;40;100m:[0;37;5;40;100m@[0;37;5;47;107m:[0;1;37;97;47m8[0;1;30;90;47mX8[0;36;5;40;100m :  [0;1;30;90;40m@X[0;36;5;40;100m.[0;1;30;90;47m@[0;1;37;97;47m8[0;37;5;47;107mt%[0;36;5;40;100m.[0;34;40m::[0;30;5;40;100mS%[0;34;40m..[0;30;5;40;100mXS[0;34;40m..[0;30;5;40;100m@X[0m 
 [0;34;40m.:[0;1;30;90;40m8[0;30;5;40;100m8[0;34;40m;;[0;30;5;40;100m8@[0;1;30;90;40mX[0;37;5;40;100m@[0;37;5;47;107m8[0;1;30;90;47mt[0;1;30;90;40m@X[0;30;5;40;100mXX[0;1;30;90;40mXX[0;30;5;40;100m@@[0;36;5;40;100m;[0;1;30;90;47mS8[0;36;5;40;100m [0;37;5;47;107mX[0;36;5;40;100m [0;1;30;90;40m88[0;34;40m..[0;1;30;90;40m@8[0;34;40m..[0;1;30;90;40mX@[0;34;40m  [0m 
  [0;34;40m:[0;36;5;40;100m. [0;34;40m:;[0;36;5;40;100m [0;37;5;40;100m%@X[0;36;5;40;100m  [0;1;30;90;40mSS[0;36;5;40;100m  [0;1;30;90;40mS%[0;36;5;40;100m  [0;30;5;40;100m@[0;1;30;90;40mX[0;1;30;90;47m8t[0;30;5;40;100m8[0;34;40m:[0;36;5;40;100m: [0;34;40m..[0;36;5;40;100m:.[0;34;40m..[0;36;5;40;100m;:[0;34;40m [0m  
  [0;34;40m.:;::;;;;[0;1;30;90;40m%S[0;34;40m;;[0;1;30;90;40mSS[0;34;40m;;;;::;;::::..::.... [0m  
   [0;34;40m..[0;36;5;40;100mt:[0;34;40m::[0;36;5;40;100m;:[0;34;40m::[0;36;5;40;100m;:[0;34;40m::[0;36;5;40;100m;.[0;34;40m::[0;36;5;40;100m;:[0;34;40m:.[0;36;5;40;100mt:[0;34;40m..[0;36;5;40;100mtt[0;34;40m..[0;30;5;40;100mS[0;36;5;40;100mt[0;34;40m  [0m   
    [0;34;40m.[0;30;5;40;100m8@[0;34;40m..[0;30;5;40;100m8@[0;34;40m::[0;30;5;40;100m8@[0;34;40m::[0;30;5;40;100m8@[0;34;40m::[0;30;5;40;100m8@[0;34;40m..[0;30;5;40;100m88[0;34;40m..[0;30;5;40;100m88[0;34;40m. [0;1;30;90;40m88[0;34;40m [0m    
     [0;34;40m .[0;30;5;40;100m@S[0;34;40m..[0;30;5;40;100mXX[0;34;40m..[0;30;5;40;100mXS[0;34;40m..[0;30;5;40;100mXX[0;34;40m..[0;30;5;40;100m@X[0;34;40m..[0;30;5;40;100m8X[0;34;40m..[0;30;5;40;100m8@[0;34;40m  [0m     
       [0;30;5;40;100m@[0;36;5;40;100mt[0;34;40m..[0;30;5;40;100mS[0;36;5;40;100mt[0;34;40m..[0;30;5;40;100mS[0;36;5;40;100mt[0;34;40m..[0;30;5;40;100mSS[0;34;40m..[0;30;5;40;100mXS[0;34;40m..[0;30;5;40;100m@S[0;34;40m  [0;30;5;40;100m@X[0m       
        [0;34;40m ;[0;1;30;90;40mS[0;34;40m..[0;1;30;90;40m%S[0;34;40m..;[0;1;30;90;40mS[0;34;40m..;[0;1;30;90;40mS[0;34;40m..;;  ;; [0m        
          [0;1;30;90;40mX[0;34;40m..[0;36;5;40;100m;:[0;34;40m..[0;36;5;40;100m;.[0;34;40m..[0;36;5;40;100m;:[0;34;40m  [0;36;5;40;100mt:[0;34;40m  [0;1;30;90;40mX[0m          
             [0;34;40m;;  ;;  :;  :;[0m             
               [0;1;30;90;40m8[0;30;5;40;100m8[0;34;40m  [0;30;5;40;100mXX[0;34;40m  [0;30;5;40;100m8[0;1;30;90;40m8[0m               
                  [0;34;40m [0;30;5;40;100m88[0;34;40m [0m                  
