[0;1;30;90;46m:...:::::;;;;;;;;;;;:::::........       [0m
[0;1;30;90;46m:::[0;1;36;96;46mSSSSSSSSXXXXX[0;37;46mS[0;36;47m8[0;37;46m@[0;1;36;96;46mXSSSSSSS[0;1;30;90;46m::......     [0m
[0;1;30;90;46m:[0;1;36;96;46mSSSSSSXXXXXXXXXXX[0;1;37;97;47mX8S[0;36;47m88[0;1;36;96;46mXSSSS[0;1;30;90;46m:::.....   .[0m
[0;1;30;90;46m:[0;1;36;96;46mSSSSXXXXX@@@@@[0;1;36;96;47mS[0;1;37;97;47m@[0;1;36;96;47mS[0;1;37;97;47m8[0;37;5;47;107m8[0;1;37;97;47m8[0;37;5;47;107m8[0;1;37;97;47m8[0;36;47m@[0;1;36;96;46mXXSSS[0;1;30;90;46m:::....   .[0m
[0;1;30;90;46m:[0;1;36;96;46mSSSXXXX@@@@88[0;36;47m8[0;37;5;47;107m8[0;1;37;97;47m88[0;37;5;47;107m888[0;1;37;97;47mX888[0;37;46m@@[0;1;36;96;46mXSS[0;1;30;90;46m::.....  .[0m
[0;1;30;90;46m:[0;1;36;96;46mSSXXXX@@88888[0;1;36;96;47mX[0;37;5;47;107mX[0;1;37;97;47m8[0;37;5;47;107m8[0;1;37;97;47m8[0;37;5;47;107m@8[0;1;36;96;47mS[0;1;37;97;47mX[0;37;5;47;107m88[0;1;37;97;47mX[0;1;36;96;46mXSSSS[0;1;30;90;46m::....  .[0m
[0;1;30;90;46m:[0;1;36;96;46mSSXXX@@8888[0;1;36;96;47mS[0;1;37;97;47m8[0;37;5;47;107mX@[0;1;37;97;47m8[0;1;36;96;47mX[0;1;37;97;47m@[0;1;36;96;47mX[0;36;47m88[0;37;5;47;107m888[0;1;37;97;47m8[0;36;47m8[0;1;36;96;46mXSSSS[0;1;30;90;46m:..... .[0m
[0;1;30;90;46m:[0;1;36;96;46mSXXX@@88888[0;1;36;96;47mXXXSXXS[0;1;37;97;47m88[0;37;5;47;107m@888[0;1;37;97;47m8[0;36;47m8[0;1;36;96;46mXSSSS[0;1;30;90;46m::.... .[0m
[0;1;30;90;46m:[0;1;36;96;46mSXXX@@88888[0;36;47m8[0;1;36;96;47mSS[0;1;37;97;47m8[0;37;5;47;107m8@@XX@88[0;1;37;97;47m8[0;37;46m@[0;1;36;96;46mXSXSSS[0;1;30;90;46m::.... .[0m
[0;1;30;90;46m:[0;1;36;96;46mSXXX@@88888[0;37;46m@[0;1;36;96;47mX[0;37;5;47;107m@@@XXXX@[0;1;37;97;47m888SS@[0;36;47m8[0;1;36;96;46mSSS[0;1;30;90;46m::.... .[0m
[0;1;30;90;46m:[0;1;36;96;46mSXXX@@@8888[0;1;36;96;47mX[0;37;5;47;107mX@@XXX8[0;1;37;97;47m888X[0;37;5;47;107m88[0;1;37;97;47m8@[0;37;46m8[0;1;36;96;46mSSS[0;1;30;90;46m:..... .[0m
[0;1;30;90;46m;[0;1;36;96;46mSSXXX@@@88[0;1;36;96;47mX[0;37;5;47;107mX@XX8[0;1;37;97;47m888888[0;37;5;47;107m88[0;1;37;97;47m8@[0;36;47m8[0;1;36;96;46mSSS[0;1;30;90;46m::..... .[0m
[0;1;30;90;46m:[0;1;36;96;46mSSSXXX@@@@[0;1;37;97;47mX8[0;37;5;47;107m@8[0;1;37;97;47m88[0;37;5;47;107m8[0;1;36;96;47mX[0;1;37;97;47m88[0;37;5;47;107m8[0;1;37;97;47m8@X[0;36;47mS[0;37;46mX[0;1;36;96;46mSSSS[0;1;30;90;46m:.....  .[0m
 [0;1;36;96;46mSSSSXXXX@@[0;1;37;97;47m@[0;37;5;47;107m8[0;1;37;97;47m888[0;36;47m8[0;1;36;96;46m@@[0;36;47m@8[0;37;46m@[0;1;36;96;46m@XXSSSSS[0;1;30;90;46m::.....  [0m 
 [0;1;30;90;46m:[0;1;36;96;46mSSSSSXXXX[0;1;37;97;47m8[0;37;5;47;107m8[0;1;37;97;47mX[0;1;36;96;47mS[0;1;36;96;46m@XXXXXXXSSSSSS[0;1;30;90;46m::.....  .[0m 
  [0;1;30;90;46m:[0;1;36;96;46mSSSSSSXX[0;1;37;97;47m@@X[0;1;36;96;46mXXXXXX[0;37;46m8[0;36;47m88[0;37;46m@[0;1;36;96;46mSSS[0;1;30;90;46m:::.....   [0m  
  [0;36;5;40;100m8[0;1;30;90;46m:[0;1;36;96;46mSSSSSSS[0;1;37;97;47m%X[0;36;47m8[0;1;36;96;46mSSSSS[0;36;47m8[0;37;46m8[0;1;36;96;46mSS[0;37;46mS[0;1;37;97;47m%[0;1;30;90;46m%::......   .[0m  
   [0;1;30;90;46m:::[0;1;36;96;46mSSSSS[0;36;47m8[0;1;37;97;47mX[0;36;47m8[0;1;36;96;46mSSSSSSSSS[0;1;30;90;46m:[0;37;46m@[0;36;47m@[0;1;30;90;46m.......   .[0m   
    [0;1;30;90;46m:::::::X[0;1;37;97;47mXS[0;1;36;96;46mSSSSS[0;1;30;90;46m:::::[0;37;46m8[0;36;47m@[0;1;30;90;46m.....    .[0m    
     [0;34;40m8[0;1;30;90;46m...:::[0;37;46m@[0;1;37;97;47mX[0;36;47mX[0;1;30;90;46mt::::...X[0;1;37;97;47mt[0;1;30;90;46mS...     [0;34;40m8[0m     
       [0;1;30;90;46m:.....@[0;1;30;90;47m [0;1;37;97;47m%[0;37;46m8@X[0;1;30;90;46m8[0;37;46mX8[0;36;47mX[0;1;30;90;47m [0;1;30;90;46mX..     .[0m       
        [0;34;40m8[0;1;30;90;46m......;8[0;37;46mX@@8X[0;1;30;90;46m;.       [0;34;40m8[0m        
          [0;1;30;90;40m8[0;1;30;90;46m   ..             [0;34;40m8[0m          
             [0;1;30;90;46m.             [0m             
               [0;1;30;90;46m..        [0m               
                  [0;34;40m8[0;1;30;90;46m   [0m                  
