[0;1;30;90;47mt[0;1;37;97;47m@@@8888888888888888[0;1;31;91;41mXSSSSSSS[0;1;30;90;41mS[0;35;5;40;100mt[0;31;5;40;100m@[0;1;31;91;41mt%[0;31;43m%[0;1;33;93;43mXXXXX[0;1;30;90;43m [0m
[0;1;37;97;47m:[0;37;5;47;107m%tttttttttttS[0;1;37;97;47mX[0;37;5;47;107m;tttt[0;31;5;41;101m8888888[0;1;30;90;41m8[0;1;30;90;47m@[0;1;37;97;47m@[0;1;30;90;47m;[0;1;30;90;43m8[0;33;5;43;103mS%%%%SS[0;1;30;90;43m [0m
[0;1;37;97;47m;[0;37;5;47;107mttttttt;;;;[0;1;37;97;47m;[0;31;5;41;101m8[0;37;5;40;100m:[0;37;5;47;107mS[0;1;30;90;47m8[0;1;37;97;47m [0;37;5;47;107m;;[0;31;5;41;101m88[0;1;31;91;41m@[0;33;5;40;100m:t[0;1;31;91;41m88[0;1;30;90;47m8[0;1;37;97;47mt[0;1;30;90;47m;[0;33;5;43;103m@ttt%%%SS[0;1;30;90;43m [0m
[0;1;37;97;47m;[0;37;5;47;107mttttt;S;;;[0;1;37;97;47m [0;31;5;41;101m88888[0;1;37;97;47m [0;37;5;47;107m;;[0;31;5;41;101m88[0;1;31;91;41m@[0;37;5;40;100m;[0;1;30;90;47mt%8S[0;1;33;93;47m8[0;33;5;43;103mttttt%%%%S[0;31;43m;[0m
[0;1;37;97;47m;[0;37;5;47;107mtt[0;1;37;97;47mS.:8:[0;1;30;90;47m88[0;1;30;90;41m8[0;31;5;41;101m8@8@@[0;35;5;41;101m8[0;37;5;47;107mt::[0;31;5;41;101m8888[0;1;31;91;41m8[0;31;5;40;100mS[0;33;47m8[0;33;5;43;103m%;;;tttt%%S[0;31;5;41;101m8[0;1;31;91;41m:[0m
[0;1;37;97;47m;[0;37;5;47;107mt[0;1;37;97;47mS[0;1;30;90;41mXS[0;1;31;91;41m8[0;1;37;97;47m [0;31;5;41;101m8[0;1;31;91;41m8[0;35;5;40;100m;[0;1;30;90;47m8[0;31;5;41;101m8X@@[0;1;30;90;47m8[0;37;5;47;107mS...[0;31;5;41;101m@@8[0;33;41m@[0;37;43m8[0;33;5;43;103m%;;;;;tttt%[0;1;31;91;43m8[0;1;31;91;41m88:[0m
[0;1;37;97;47m;[0;37;5;47;107mt[0;1;37;97;47m@[0;1;30;90;47m8[0;37;5;40;100mt[0;1;30;90;47m%[0;1;37;97;47m .[0;35;5;41;101m8[0;31;5;41;101m@@XXXXX[0;37;5;47;107m8  .[0;31;5;41;101m@@@[0;1;33;93;43m%[0;33;5;43;103m;;;;;;;;tt[0;1;33;93;43m;[0;31;5;40;100m8[0;1;31;91;41m888:[0m
[0;1;37;97;47m;[0;37;5;47;107mtX[0;1;30;90;47m%8[0;1;37;97;47m.[0;1;30;90;47mS8[0;37;5;40;100mt[0;31;5;41;101m8XXS[0;35;5;41;101mXXX[0;1;37;97;47m.[0;37;5;47;107m   [0;31;5;41;101mX[0;1;31;91;43m8[0;33;5;43;103m:::;;;;;;;[0;37;5;43;103mS[0;1;30;90;43m8[0;35;5;40;100m%[0;1;31;91;41m@888:[0m
[0;1;37;97;47m;[0;37;5;47;107mt;[0;1;37;97;47mS[0;35;5;41;101m8[0;31;5;41;101m8[0;1;30;90;47m88[0;31;5;41;101m8[0;35;5;40;100m [0;35;5;41;101m@[0;31;5;41;101m@[0;35;5;41;101mXXX[0;1;30;90;47m@[0;37;5;47;107m:  :[0;33;5;43;103m:[0;37;5;43;103m%[0;33;5;43;103m:::;;;;;%[0;1;33;93;47mS[0;1;37;97;47m8[0;31;5;40;100mX[0;1;31;91;41m@8888:[0m
[0;1;37;97;47m;[0;37;5;47;107mtt;;X:.8;X:@@:  .[0;1;37;97;47m8[0;37;5;43;103mXS%[0;33;5;43;103m:::;;;;[0;1;31;91;43m8[0;31;5;41;101m8[0;1;31;91;41m@[0;35;5;40;100m%[0;1;37;97;47m.[0;1;30;90;47m@[0;1;31;91;41mX888:[0m
[0;1;37;97;47m:[0;37;5;47;107mtt;;;::..     .;[0;37;5;43;103mXSSS[0;33;5;43;103m::::;;%[0;31;5;41;101m888[0;1;30;90;41m8[0;35;5;40;100m:[0;1;37;97;47m;[0;35;5;40;100m.[0;1;31;91;41m8888:[0m
[0;1;30;90;47m@[0;1;37;97;47m@[0;37;5;47;107m88888888888@t[0;37;5;43;103mSSSS%[0;33;5;43;103m::::;;[0;37;43mX[0;31;5;41;101m8888[0;33;41m8[0;33;5;40;100mS;[0;1;31;91;41m8[0;31;5;41;101m88[0;1;31;91;41m88[0;1;30;90;41mS[0m
[0;30;41mS[0;31;5;41;101m88888888@@8[0;33;5;40;100m.[0;33;5;43;103mS[0;37;5;43;103mSS%%[0;33;5;43;103m:::::;[0;1;37;97;47m8[0;37;5;47;107mtttttt%%%SSSXX[0;37;5;40;100mS[0m
 [0;31;5;41;101m8888888[0;1;31;91;41m8[0;31;5;41;101m88[0;37;43m@[0;33;5;43;103m::::::::::[0;37;5;43;103m8[0;37;5;47;107mttttttt[0;1;37;97;47m8[0;1;30;90;47m8[0;37;5;47;107m%88SXX@[0m 
 [0;1;31;91;41m.[0;31;5;41;101m8888[0;1;31;91;41mX[0;1;30;90;47m8;[0;1;30;90;43m8[0;33;5;43;103m;::::::::;[0;37;5;43;103mX[0;37;5;47;107mSttttttt[0;1;30;90;47m@[0;1;31;91;41m8X[0;1;30;90;47m8[0;1;31;91;41m8[0;1;30;90;47mX[0;37;5;47;107mXXX[0;1;30;90;47m.[0m 
  [0;1;31;91;41m8[0;31;5;41;101m8888[0;1;31;91;41m8[0;33;5;43;103mS;;;;;;;;;;[0;1;30;90;43m8[0;37;5;47;107mttS8X[0;1;37;97;47mXX.[0;1;30;90;47m8[0;1;31;91;41m@X888[0;1;37;97;47mX[0;37;5;47;107mXX8[0m  
  [0;30;41m@[0;31;5;41;101m888[0;1;31;91;43m8[0;33;5;43;103m;;;;;;;;;;[0;1;33;93;43mX[0;1;31;91;41m8X[0;37;5;47;107mt[0;1;30;90;47m8[0;1;30;90;41mS8[0;1;30;90;47mt[0;1;31;91;41m@S[0;1;30;90;41m88[0;1;31;91;41m8@@@[0;1;30;90;47mt[0;37;5;47;107mXX@[0;36;5;40;100m [0m  
   [0;30;41mt[0;33;5;41;101m8[0;33;5;43;103mt;;;;;;;;;t[0;1;30;90;43m8[0;1;31;91;41mX[0;35;5;40;100m%[0;1;31;91;41m8[0;37;5;47;107m%[0;35;5;40;100m [0;31;5;40;100mX[0;37;5;40;100m;[0;1;30;90;47mX8[0;1;31;91;41m8S8888@[0;1;37;97;47m;[0;37;5;47;107mX@[0;37;5;40;100m8[0m   
    [0;1;30;90;43m:[0;33;5;43;103mtttt;;;;t[0;33;47m8[0;1;37;97;47m8 [0;31;5;40;100mX[0;35;5;40;100mt[0;1;31;91;41m8[0;37;5;47;107mt[0;1;37;97;47m [0;1;30;90;47m8%X[0;35;5;40;100m [0;1;30;90;41m8[0;1;31;91;41m888888[0;1;30;90;47m8[0;37;5;47;107m@[0;37;5;40;100m8[0m    
     [0;1;30;90;43m.[0;33;5;43;103mSttttt[0;37;5;43;103m8[0;1;30;90;47m8[0;37;5;40;100mt[0;1;37;97;47m8[0;1;30;90;47mX[0;1;31;91;41m888[0;37;5;47;107m%8[0;35;5;40;100m.[0;1;31;91;41m@[0;35;5;40;100m.[0;1;30;90;47m8[0;1;31;91;41m@[0;1;30;90;41m8[0;1;31;91;41m@@8@[0;35;5;40;100m:[0;1;37;97;47mX[0;36;5;40;100m.[0m     
       [0;1;30;90;43m.[0;33;5;43;103mttX[0;1;30;90;47m %[0;1;30;90;41m8[0;1;31;91;41m@[0;35;5;40;100m;[0;1;30;90;47m8.[0;1;30;90;41mX[0;1;31;91;41m8[0;37;5;47;107mSSSXXX[0;1;37;97;47mX[0;37;5;47;107mX[0;1;37;97;47m8[0;37;5;47;107m8[0;1;37;97;47m8[0;37;5;47;107m8[0;1;30;90;47m.[0m       
        [0;31;43m8%[0;33;5;40;100m;[0;1;30;90;41m8[0;1;31;91;41m88X[0;1;30;90;41m8[0;37;5;40;100m;[0;1;30;90;47m:[0;1;31;91;41m%8[0;37;5;47;107mSXXXXXX@@@[0;1;37;97;47mX[0;36;5;40;100m.[0m        
          [0;30;41m8[0;1;31;91;41m%88X[0;33;41m;[0;1;30;90;41m8[0;33;41m%[0;1;31;91;41m88[0;37;5;47;107mXXXX@@@@[0;1;37;97;47mS[0;36;5;40;100m [0m          
             [0;1;31;91;41m.@8888@[0;37;5;47;107m@@@@@8[0;1;30;90;47m.[0m             
               [0;30;41mX[0;1;31;91;41m;@@@[0;37;5;47;107m@@@[0;1;37;97;47mt[0;37;5;40;100mS[0m               
                  [0;30;41m@.[0;1;30;90;47mt[0;36;5;40;100m [0m                  
