[0;30;42mX;;[0;1;30;90;42m::::;;;;;tttttt;;;;::::[0;30;42m;;;;;;;tttttt@[0m
[0;30;42m%[0;1;30;90;42m:::;;;ttt%%%%%%%%%%ttt;;:::::::....[0;30;42m..:S[0m
[0;30;42m%[0;1;30;90;42m::;;tt%%SSSXXXXXSSS%%%tt;;::::::....[0;30;42m..S[0m
[0;30;42m%[0;1;30;90;42m;;tt%%SXX@@@@@@@@@XXSS%tt;;::::::...[0;30;42m..S[0m
[0;30;42mt[0;1;30;90;42m;tt%SSX@@8[0;32;5;40;100mX[0;1;30;90;47m@[0;37;5;47;107m8[0;1;37;97;47m [0;1;30;90;42m88888@XXS%[0;1;30;90;47mX[0;1;37;97;47m@[0;1;30;90;47m8[0;1;30;90;42m@:::::....[0;30;42m.S[0m
[0;30;42mt[0;1;30;90;42mtt%SXX@88[0;1;37;97;47m [0;37;5;47;107m;.  [0;1;37;97;47m [0;1;30;90;42m888888@X[0;1;30;90;47mX[0;37;5;47;107m;ttS[0;1;30;90;47m8[0;1;30;90;42m%::::...[0;30;42m.S[0m
[0;30;42mt[0;1;30;90;42mt%SSX@8[0;36;5;40;100m.[0;37;5;47;107m@      [0;1;37;97;47m [0;1;30;90;42m888888[0;1;30;90;47m@[0;37;5;47;107m;;tttt8[0;32;5;40;100mX[0;1;30;90;42m:::....[0;30;42mS[0m
[0;30;42mt[0;1;30;90;42mt%SX@8[0;36;5;40;100m [0;37;5;47;107mt   :    [0;1;37;97;47m [0;32;5;40;100mXSX[0;1;30;90;42m8[0;1;30;90;47m@[0;37;5;47;107m:;;;StttS[0;32;5;40;100mS[0;1;30;90;42m::....[0;30;42mS[0m
[0;30;42mt[0;1;30;90;42mt%SX@8[0;37;5;47;107mX.  :[0;1;30;90;47m:[0;1;37;97;47m@%[0;37;5;47;107m  %[0;36;5;40;100m [0;30;5;40;100mSX[0;36;5;40;100m.[0;37;5;47;107mX:;[0;1;30;90;47m:[0;1;37;97;47m;[0;1;30;90;47m8[0;37;5;47;107mXttt8[0;1;30;90;42mS:....[0;30;42mS[0m
[0;30;42mt[0;1;30;90;42mt%SX@[0;1;30;90;47m@[0;37;5;47;107m..   [0;1;37;97;47m%[0;36;5;40;100m [0;37;5;40;100m8[0;1;37;97;47m%[0;37;5;47;107m.[0;1;30;90;47m%[0;36;5;40;100m %[0;30;5;40;100mS[0;36;5;40;100m:[0;1;30;90;47m8[0;37;5;47;107mt[0;1;37;97;47m.[0;36;5;40;100m [0;30;5;40;100mS[0;1;30;90;47m;[0;37;5;47;107mtttt%[0;1;30;90;47m8[0;1;30;90;42m:....[0;30;42mS[0m
[0;30;42mt[0;1;30;90;42mt%SX@[0;1;37;97;47mX[0;37;5;47;107m:..   [0;37;5;40;100m@[0;36;5;40;100m [0;37;5;47;107m@%[0;36;5;40;100m:[0;30;5;40;100mS888@[0;37;5;47;107m8[0;1;37;97;47m8[0;30;5;40;100m@[0;36;5;40;100m.[0;37;5;47;107mttttt%[0;1;37;97;47m%[0;1;30;90;42m:....[0;30;42mS[0m
[0;30;42mS[0;1;30;90;42mtt%SX[0;37;5;47;107m8::... S[0;36;5;40;100m.%[0;30;5;40;100mSX88[0;1;30;90;40m88888[0;30;5;40;100m8[0;1;37;97;47m8[0;37;5;47;107mttttt%8[0;1;30;90;42m:....[0;30;42m@[0m
[0;32;40m8[0;1;30;90;42m;t%%S[0;1;37;97;47m%[0;37;5;47;107m;:::...t8X[0;36;5;40;100mt[0;1;30;90;40m888@[0;30;5;40;100m@[0;37;5;47;107m8[0;1;37;97;47m8[0;37;5;47;107mXttttt%%[0;1;37;97;47mt[0;1;30;90;42m....[0;30;42m.[0;32;40m8[0m
 [0;1;30;90;42m;;t%%[0;1;30;90;47m8[0;37;5;47;107m;;;::[0;1;37;97;47m.t[0;37;5;47;107m@8[0;1;37;97;47m8[0;1;30;90;40m8@@XXS[0;1;37;97;47mS8[0;37;5;47;107m8[0;1;37;97;47m [0;1;30;90;47m;[0;37;5;47;107mtt%%%[0;1;30;90;47m8[0;1;30;90;42m....[0;30;42m.[0m 
 [0;30;42mS[0;1;30;90;42m;;ttS[0;1;37;97;47m8[0;37;5;47;107m;;;[0;1;37;97;47m8[0;1;30;90;47m.[0;36;5;40;100mtt[0;1;30;90;40m888XSSSX@S[0;30;5;40;100m@@[0;1;30;90;47m%[0;1;37;97;47mS[0;37;5;47;107m%%%[0;1;37;97;47m@[0;1;30;90;42mt...[0;30;42m.S[0m 
  [0;1;30;90;42m::;;t8[0;37;5;47;107m8t;;;[0;36;5;40;100m [0;1;30;90;40m8S88X[0;34;40m;;[0;1;30;90;40mSXX[0;34;40m:[0;1;30;90;40mX[0;36;5;40;100m.[0;37;5;47;107m%%%%8[0;1;30;90;42m8...[0;30;42m.:[0m  
  [0;32;40m8[0;1;30;90;42m:::;;8[0;1;37;97;47m%[0;37;5;47;107mttt[0;1;37;97;47m;[0;1;30;90;40m@X[0;34;40m;[0;36;5;40;100m;t[0;34;40m;;[0;30;5;40;100mS[0;36;5;40;100m;[0;34;40m:;[0;1;30;90;40mS[0;1;37;97;47m [0;37;5;47;107m%%%[0;1;37;97;47mt[0;1;30;90;42m8...[0;30;42m..[0;32;40m8[0m  
   [0;30;42m8[0;1;30;90;42m:::::;[0;1;30;90;47m8[0;37;5;47;107m8tt[0;1;37;97;47m;[0;30;5;40;100m8[0;34;40m:[0;1;30;90;40m8[0;37;5;47;107mt[0;1;37;97;47m@@[0;37;5;47;107mt[0;30;5;40;100m8[0;34;40m:[0;1;30;90;40m8[0;1;37;97;47m:[0;37;5;47;107m%%8[0;37;5;40;100mt[0;1;30;90;42m:...[0;30;42m..8[0m   
    [0;30;42m8[0;1;30;90;42m::::::t[0;36;5;40;100m [0;1;37;97;47m [0;37;5;47;107mSX[0;1;30;90;47m%;[0;37;5;47;107mttt%[0;1;30;90;47m:S[0;37;5;47;107m@X[0;1;37;97;47m [0;36;5;40;100m [0;1;30;90;42m;....[0;30;42m..8[0m    
     [0;32;40mX[0;1;30;90;42m::::::::;[0;32;5;40;100mX[0;37;5;40;100m;[0;1;30;90;47m8SttX8[0;37;5;40;100m;[0;32;5;40;100m@[0;1;30;90;42m;.....[0;30;42m..:[0;32;40mX[0m     
       [0;30;42mS[0;1;30;90;42m.:::::::::::.........[0;30;42m...S[0m       
        [0;32;40mX[0;30;42m;[0;1;30;90;42m................[0;30;42m....t[0;32;40mX[0m        
          [0;32;40m@[0;30;42mt[0;1;30;90;42m..........[0;30;42m.....:t[0;32;40m@[0m          
             [0;30;42mS.........:::X[0m             
               [0;32;40m8[0;30;42m%::::::%[0;32;40m8[0m               
                  [0;32;40m@[0;30;42mXX[0;32;40m8[0m                  
