[0;1;30;90;47mt[0;1;37;97;47m@@@888888888888888888888@@@@@XXXSSS%%%[0;1;30;90;47mS[0m
[0;1;37;97;47m:[0;37;5;47;107m%ttttttttttt;;;ttttttttttt%%%%SSSXXX@@[0;1;37;97;47m [0m
[0;1;37;97;47m;[0;37;5;47;107mttttttt;;;;;;;;;;;;;tttttttt%%%SSSXX@@[0;1;37;97;47m [0m
[0;1;37;97;47m;[0;37;5;47;107mttttt;;;;;:::::::;%%t;ttttttt%%%SSSXX@[0;1;37;97;47m [0m
[0;1;37;97;47m;[0;37;5;47;107mtttt;;;;::::t[0;1;37;97;47m:[0;1;30;90;47m8[0;1;34;94;47m8[0;34;5;44;104mX@@88@[0;36;5;44;104m@[0;1;30;90;47m8[0;1;37;97;47m [0;37;5;47;107m@tttt%%%SSXXX[0;1;37;97;47m.[0m
[0;1;37;97;47m;[0;37;5;47;107mttt;;;:::.8[0;1;30;90;47m8[0;34;5;44;104mXXXXXX@@@88888[0;37;5;40;100m.[0;1;37;97;47mt[0;37;5;47;107mtt%%%SSSXX[0;1;37;97;47m.[0m
[0;1;37;97;47m;[0;37;5;47;107mtt;;;::.S[0;1;30;90;47m8[0;34;5;44;104mXXXXXXXXX@@@888888[0;36;5;40;100m.[0;37;5;47;107m8t%%%SSXX[0;1;37;97;47m.[0m
[0;1;37;97;47m;[0;37;5;47;107mtt;;;::8[0;36;5;44;104mX[0;34;5;44;104mXXS[0;36;5;44;104mXXX[0;34;5;44;104mSXXXX@@88888888[0;1;37;97;47mt[0;37;5;47;107m%%%SSXX[0;1;37;97;47m.[0m
[0;1;37;97;47m;[0;37;5;47;107mt;;;::X[0;34;5;44;104mXXXX[0;36;5;44;104mXXXXX[0;34;5;44;104mSXXX@@@88888888[0;1;37;97;47m@[0;37;5;47;107m%%SSSX[0;1;37;97;47m.[0m
[0;1;37;97;47m;[0;37;5;47;107mtt;;::[0;1;30;90;47m8[0;34;5;44;104mXXXX[0;36;5;44;104mXXXXX[0;34;5;44;104mXXXX@@@88888888[0;36;5;44;104m8[0;37;5;47;107m%%SSXX[0;1;37;97;47m.[0m
[0;1;37;97;47m:[0;37;5;47;107mtt;;;8[0;34;5;44;104m@@XXXXXSXXXXXX@@888888888[0;1;34;94;44m8[0;1;37;97;47mX[0;37;5;47;107m%SSXX[0;1;37;97;47m [0m
[0;1;30;90;47m;[0;37;5;47;107mtt;;;[0;1;37;97;47m;[0;34;5;44;104m@@@XXXXXXXXX@@@888888888[0;1;34;94;44m88[0;1;37;97;47m [0;37;5;47;107mSSSXX[0;1;30;90;47mt[0m
[0;37;5;40;100mS[0;37;5;47;107mttt;;[0;1;37;97;47mt[0;34;5;44;104m88@@@@XXX@@@@@8888888888[0;1;34;94;44m88[0;1;37;97;47m [0;37;5;47;107mSSSXX[0;37;5;40;100mS[0m
 [0;37;5;47;107mtttttS[0;34;5;44;104m8888@@@@@@@888888888888[0;1;34;94;44m888[0;37;5;47;107m8SSXX@[0m 
 [0;1;30;90;47m.[0;37;5;47;107mttttt[0;1;30;90;47m8[0;34;5;44;104m888888888888888888888[0;1;34;94;44m888[0;1;30;90;47m8[0;37;5;47;107mSSXXX[0;1;30;90;47m.[0m 
  [0;37;5;47;107mStttt%[0;36;5;44;104m@[0;34;5;44;104m8888888888888888888[0;1;34;94;44m888[0;34;5;44;104m8[0;37;5;47;107mXSXXX8[0m  
  [0;36;5;40;100m [0;37;5;47;107mtttttS[0;1;30;90;47m8[0;34;5;44;104m8888888888888888[0;1;34;94;44m8888[0;36;5;40;100m:[0;37;5;47;107m8SXXX@[0;36;5;40;100m [0m  
   [0;37;5;40;100m8[0;37;5;47;107m%ttttt[0;1;37;97;47m [0;34;5;44;104m8888888888888[0;1;34;94;44m8888[0;34;5;44;104m8[0;1;37;97;47m [0;37;5;47;107mSSXXX@[0;37;5;40;100m8[0m   
    [0;37;5;40;100m8[0;37;5;47;107m%%%%tt%[0;1;37;97;47m [0;36;5;44;104m8[0;34;5;44;104m888888[0;1;34;94;44m888888[0;36;5;44;104m8[0;1;37;97;47m [0;37;5;47;107mXSXXX@@[0;37;5;40;100m8[0m    
     [0;36;5;40;100m.[0;37;5;47;107m8%%%%%%%X[0;1;37;97;47m;[0;1;30;90;47m@8[0;37;5;40;100m.[0;36;5;40;100m:: [0;1;30;90;47m88[0;1;37;97;47m:[0;37;5;47;107m@SSXXXX@[0;1;37;97;47m8[0;36;5;40;100m.[0m     
       [0;1;30;90;47m [0;37;5;47;107mSSS%%%%%%%SSSSSSSXXXXX@@[0;1;30;90;47m.[0m       
        [0;36;5;40;100m.[0;1;37;97;47m@[0;37;5;47;107mSSSSSSSSSSSXXXXXX@@@[0;1;37;97;47mX[0;36;5;40;100m.[0m        
          [0;36;5;40;100m [0;1;37;97;47mX[0;37;5;47;107mXXXXXXXXXXXX@@@@[0;1;37;97;47mS[0;36;5;40;100m [0m          
             [0;1;30;90;47m.[0;37;5;47;107m@@@@@@@@@@@8[0;1;30;90;47m.[0m             
               [0;37;5;40;100mS[0;1;37;97;47m;[0;37;5;47;107m@@@@@@[0;1;37;97;47mt[0;37;5;40;100mS[0m               
                  [0;36;5;40;100m [0;1;30;90;47mtt[0;36;5;40;100m [0m                  
