[0;1;30;90;44m.[0;1;34;94;44mSSSSSSSSXXXXXXXXXXX[0;1;37;97;47m88888@@@@@XXXSSS%%%[0;1;30;90;47mS[0m
[0;1;34;94;44m;8[0;34;5;44;104m888888[0;1;30;90;47m8888[0;36;5;44;104m@[0;34;5;44;104m8888888[0;37;5;47;107mtttttt%[0;1;37;97;47mt [0;1;30;90;47m88S[0;1;37;97;47m;[0;37;5;47;107mXXXX@@[0;1;37;97;47m [0m
[0;1;34;94;44m;[0;34;5;44;104m8888[0;1;30;90;47m8[0;37;5;47;107m8[0;1;37;97;47m [0;1;30;90;47m8[0;1;37;97;47m t[0;1;30;90;47m8[0;1;37;97;47m [0;37;5;47;107m8[0;1;37;97;47m [0;34;5;44;104m@8888[0;37;5;47;107m;ttt8[0;1;30;90;47m8[0;34;5;44;104m8[0;1;30;90;47m8X8[0;36;5;40;100m [0;1;30;90;47mX8[0;34;5;44;104m8[0;1;30;90;47m8[0;1;37;97;47m8[0;37;5;47;107mX@@[0;1;37;97;47m [0m
[0;1;34;94;44m;[0;34;5;44;104m888[0;37;5;47;107m8[0;1;37;97;47mt [0;34;5;44;104m88[0;1;30;90;47m8[0;1;37;97;47m [0;34;5;44;104m8@[0;1;30;90;47m8[0;37;5;47;107m8S[0;1;30;90;47m8[0;34;5;44;104m888[0;37;5;47;107m;;;[0;1;37;97;47mt[0;34;5;44;104m8[0;36;5;44;104m8[0;1;30;90;47m8[0;37;5;47;107mSt[0;1;30;90;47m88[0;37;5;47;107m%X[0;1;30;90;47m8[0;34;5;44;104m8[0;1;34;94;44m8[0;1;37;97;47m [0;37;5;47;107mX@[0;1;37;97;47m [0m
[0;1;34;94;44m;[0;34;5;44;104m88[0;37;5;47;107m8[0;1;30;90;47m8[0;34;5;44;104m8[0;36;5;44;104m@[0;1;37;97;47m;[0;1;30;90;47m88[0;1;37;97;47m;[0;1;30;90;47m8[0;1;37;97;47mS[0;1;30;90;47m8[0;34;5;44;104m@[0;1;30;90;47m8[0;37;5;47;107m:[0;36;5;44;104mX[0;34;5;44;104m@@[0;37;5;47;107m:;X[0;34;5;44;104m8[0;1;37;97;47m [0;37;5;47;107mt[0;1;37;97;47m:[0;36;5;44;104m8[0;1;37;97;47m [0;1;30;90;47m88[0;1;37;97;47m [0;36;5;44;104m8[0;1;37;97;47m [0;37;5;47;107mS[0;1;37;97;47m [0;1;34;94;44m8[0;1;37;97;47m8[0;37;5;47;107mX[0;1;37;97;47m.[0m
[0;1;34;94;44m;[0;34;5;44;104m8[0;36;5;44;104m8[0;37;5;47;107mt[0;1;30;90;47m8888[0;37;5;47;107m8[0;1;30;90;47mX8[0;37;5;47;107m%[0;1;30;90;47m8888[0;37;5;47;107mX[0;1;37;97;47m [0;34;5;44;104mX@[0;37;5;47;107m::[0;1;37;97;47m [0;34;5;44;104m8[0;1;37;97;47m    [0;34;5;44;104m8[0;1;37;97;47m  [0;34;5;44;104m8[0;1;37;97;47m    [0;1;34;94;44m8[0;1;30;90;47m8[0;37;5;47;107mX[0;1;37;97;47m.[0m
[0;1;34;94;44m;[0;34;5;44;104m8[0;36;5;44;104m8[0;37;5;47;107m;[0;36;5;44;104m@@@[0;1;30;90;47m8[0;37;5;47;107m@[0;1;37;97;47m. [0;37;5;47;107m;[0;1;30;90;47m8888[0;37;5;47;107mS[0;1;37;97;47m [0;34;5;44;104mXX[0;37;5;47;107m.:[0;1;37;97;47m.[0;34;5;44;104m8[0;1;37;97;47mtS%.[0;34;5;44;104m8[0;1;30;90;47m88[0;34;5;44;104m8[0;1;37;97;47m %tt[0;1;34;94;44m8[0;1;30;90;47mX[0;37;5;47;107mX[0;1;37;97;47m.[0m
[0;1;34;94;44m;[0;34;5;44;104m88[0;1;37;97;47m% [0;34;5;44;104m8[0;1;30;90;47m8[0;1;37;97;47mS[0;1;30;90;47m88[0;1;37;97;47mt[0;37;5;44;104m8[0;1;37;97;47m% [0;36;5;44;104mX[0;1;30;90;47m8[0;37;5;47;107m:[0;37;5;44;104m8[0;34;5;44;104mXX[0;37;5;47;107m..t[0;34;5;44;104m@[0;1;30;90;47m8[0;37;5;47;107mt[0;1;37;97;47m [0;36;5;40;100m.[0;1;37;97;47mS[0;1;30;90;47m88[0;1;37;97;47mX[0;36;5;40;100m:[0;1;30;90;47m8[0;37;5;47;107mS[0;1;30;90;47m@[0;1;34;94;44m8[0;37;5;47;107m8X[0;1;37;97;47m.[0m
[0;1;34;94;44m;[0;34;5;44;104m888[0;1;37;97;47mS[0;37;5;47;107m8[0;1;37;97;47m [0;34;5;44;104m@X[0;1;30;90;47m8[0;1;37;97;47m:[0;34;5;44;104mX[0;36;5;44;104mX[0;1;30;90;47m8[0;37;5;47;107m%t[0;1;30;90;47m8[0;34;5;44;104mSXX[0;37;5;47;107m..:8[0;34;5;44;104m@@[0;1;30;90;47m@[0;37;5;47;107mtt[0;1;30;90;47m@8[0;37;5;47;107mt%[0;1;30;90;47mS[0;34;5;44;104m88[0;1;37;97;47mS[0;37;5;47;107mSX[0;1;37;97;47m.[0m
[0;1;34;94;44m;[0;34;5;44;104m8888[0;1;30;90;47m8[0;1;37;97;47mSX ;[0;37;5;47;107m8[0;1;37;97;47m [0;37;5;47;107m88[0;1;37;97;47m [0;36;5;44;104mSX[0;34;5;44;104mXXX[0;37;5;47;107m..::t[0;1;37;97;47m [0;36;5;44;104m@@[0;1;30;90;47m8[0;36;5;40;100m.[0;36;5;44;104m8[0;1;30;90;47m8[0;36;5;44;104m8[0;34;5;44;104m8[0;1;30;90;47m@[0;37;5;47;107mXSXX[0;1;37;97;47m.[0m
[0;1;34;94;44m;[0;34;5;44;104m88888@@[0;37;5;44;104m8[0;1;30;90;47m888[0;36;5;44;104mX[0;34;5;44;104mXSXXXXX[0;37;5;47;107m.:::;;;X[0;1;37;97;47m%  t[0;37;5;47;107m@%%SSXX[0;1;37;97;47m [0m
[0;1;30;90;44m@[0;34;5;44;104m88@@[0;36;5;44;104m@@@XXXS[0;37;5;44;104m8[0;1;34;94;47m888[0;37;5;44;104m88[0;36;5;44;104mXX[0;37;5;47;107m8888888[0;1;37;97;47m@@@@XXXSSS%%[0;1;30;90;47m8[0m
[0;37;5;40;100mS[0;37;5;47;107mttt;;;;:@[0;1;37;97;47m:   S[0;37;5;47;107mt..::[0;34;5;44;104m@8888[0;36;5;44;104m@[0;1;30;90;47m8888[0;34;5;44;104m8[0;1;34;94;44m88888888[0;30;44mX[0m
 [0;37;5;47;107mttttt;[0;1;37;97;47mt[0;36;5;44;104m@[0;1;30;90;47m8[0;1;37;97;47m t[0;36;5;44;104m@[0;1;37;97;47mS [0;1;30;90;47m88[0;37;5;47;107m@:;[0;34;5;44;104m888[0;1;30;90;47mS[0;1;37;97;47mS[0;1;30;90;47m8[0;36;5;44;104m@[0;1;37;97;47m [0;1;30;90;47m88[0;1;37;97;47m %[0;1;30;90;47m8[0;1;34;94;44m888888[0m 
 [0;1;30;90;47m.[0;37;5;47;107mtttt[0;1;37;97;47m [0;34;5;44;104m@[0;1;30;90;47m88[0;37;5;47;107mSS[0;36;5;44;104m@[0;37;5;47;107m;8[0;1;30;90;47m88[0;34;5;44;104m@[0;1;37;97;47m@[0;37;5;47;107m;[0;34;5;44;104m88[0;37;5;47;107m8[0;1;30;90;47m@[0;1;37;97;47m [0;36;5;44;104m8[0;34;5;44;104m8[0;1;37;97;47m [0;36;5;44;104m8[0;34;5;44;104m8[0;1;30;90;47m8S[0;1;37;97;47m:[0;1;30;90;47mX[0;1;34;94;44m8888.[0m 
  [0;37;5;47;107mStt8[0;34;5;44;104m8[0;37;5;47;107m8t8[0;1;30;90;47m88[0;34;5;44;104m@[0;1;30;90;47m88[0;37;5;47;107mS;[0;1;37;97;47m [0;36;5;44;104m8[0;37;5;47;107mt[0;34;5;44;104m8[0;1;37;97;47m [0;1;30;90;47mX[0;34;5;44;104m88[0;1;30;90;47m8[0;1;37;97;47m ;  [0;34;5;44;104m8[0;1;34;94;44m88[0;37;5;47;107m8[0;36;5;44;104m8[0;1;34;94;44m88@[0m  
  [0;36;5;40;100m [0;37;5;47;107mtt[0;1;37;97;47m.[0;34;5;44;104m8[0;1;30;90;47m88888[0;37;5;47;107m%[0;34;5;44;104m@[0;1;30;90;47m8888[0;34;5;44;104m8[0;37;5;47;107mt[0;34;5;44;104m8[0;1;37;97;47mX [0;1;30;90;47m888[0;37;5;47;107m8[0;34;5;44;104m8[0;1;30;90;47m8[0;1;37;97;47m.[0;1;30;90;47m888[0;1;37;97;47mX[0;1;30;90;47m8[0;1;34;94;44m88[0;30;44m@[0m  
   [0;37;5;40;100m8[0;37;5;47;107m%8[0;34;5;44;104m8[0;1;37;97;47mS[0;37;5;47;107mt[0;1;37;97;47m;[0;37;5;40;100m [0;1;30;90;47m8[0;34;5;44;104m8[0;1;30;90;47m88[0;37;5;47;107m8t[0;1;30;90;47mS[0;36;5;44;104m8[0;37;5;47;107mt[0;34;5;44;104m8[0;1;30;90;47mX[0;1;37;97;47m [0;34;5;44;104m88[0;1;30;90;47m88[0;1;37;97;47m%[0;1;30;90;47m@[0;1;37;97;47m [0;36;5;40;100m.[0;1;34;94;44m88[0;37;5;47;107m8[0;1;34;94;44m8@[0;30;44mt[0m   
    [0;37;5;40;100m8[0;37;5;47;107m%[0;1;37;97;47m [0;34;5;44;104m8[0;1;30;90;47m88[0;37;5;47;107m%@[0;34;5;44;104m8[0;37;5;47;107mt8[0;1;30;90;47m88[0;34;5;44;104m8[0;37;5;47;107m8t[0;1;34;94;44m8[0;34;5;44;104m8[0;1;37;97;47mt  [0;34;5;44;104m8[0;1;34;94;44m8[0;1;30;90;47mS[0;34;5;44;104m8[0;1;34;94;44m8[0;36;5;40;100m [0;1;37;97;47m t[0;1;30;90;47m8[0;1;34;94;44m@[0;30;44m%[0m    
     [0;36;5;40;100m.[0;37;5;47;107m8[0;1;37;97;47mX[0;1;30;90;47m8[0;36;5;44;104m8[0;1;30;90;47m8[0;1;37;97;47m [0;34;5;44;104m8[0;1;37;97;47m [0;1;30;90;47m8[0;36;5;44;104m8[0;1;30;90;47m8[0;37;5;47;107m@%%[0;1;34;94;44m888[0;1;30;90;47m8[0;1;37;97;47m:[0;1;30;90;47mX8[0;1;37;97;47m [0;1;30;90;47m88[0;1;37;97;47m  [0;1;34;94;44m8X[0;30;44m8[0m     
       [0;1;30;90;47m [0;37;5;47;107mSX[0;1;37;97;47mt   X[0;37;5;47;107m%%%SS[0;1;34;94;44m888888[0;36;5;44;104m8[0;36;5;40;100m .[0;1;34;94;44m88@.[0m       
        [0;36;5;40;100m.[0;1;37;97;47m@[0;37;5;47;107mSSSSSSSSSS[0;1;34;94;44m88888888@@%[0;30;44m8[0m        
          [0;36;5;40;100m [0;1;37;97;47mX[0;37;5;47;107mXXXXXXXX[0;1;34;94;44m88888@@@%[0;30;44m8[0m          
             [0;1;30;90;47m.[0;37;5;47;107m@@@@@@[0;1;34;94;44m@@@@@@.[0m             
               [0;37;5;40;100mS[0;1;37;97;47m;[0;37;5;47;107m@@@[0;1;34;94;44m@@@t[0;30;44mS[0m               
                  [0;36;5;40;100m [0;1;30;90;47mt[0;30;44m @[0m                  
