[0;30;5;40;100mX[0;1;30;90;40m@@@[0;34;40m;.::::::::::::[0;1;30;90;40m888@[0;34;40m:........... :[0;1;30;90;40mSSS[0;30;5;40;100m8[0m
[0;34;40m.[0;30;5;40;100m8[0;34;40m::[0;1;30;90;40mS8888X[0;34;40m;;;[0;1;30;90;40m%%%[0;30;5;40;100m88[0;1;30;90;40mX[0;34;40m;;[0;1;30;90;40mS[0;30;5;40;100m8[0;1;30;90;40m8[0;34;40m:::...;[0;1;30;90;40m@@XX[0;34;40m;  [0;1;30;90;40m8[0;34;40m [0m
[0;34;40m.;[0;30;5;40;100m8[0;34;40m::;;;[0;1;30;90;40m%8[0;30;5;40;100m888@[0;36;5;40;100m; [0;30;5;40;100mX@888888[0;36;5;40;100m;[0;30;5;40;100mS[0;1;30;90;40mX[0;31;40m8[0;1;30;90;40m@@S[0;34;40m......[0;1;30;90;40m@[0;34;40m: [0m
[0;34;40m.:[0;1;30;90;40m@8[0;34;40m;;[0;1;30;90;40mSSXX@@[0;31;5;40;100m8[0;35;5;40;100m [0;36;5;40;100m [0;30;5;40;100m8[0;1;30;90;41m8[0;31;5;40;100m8[0;1;30;90;40m888@@[0;1;30;90;41mX[0;1;30;90;40mX[0;36;5;40;100mt[0;35;5;40;100m [0;31;5;40;100m8[0;34;40m::......[0;1;30;90;40mXS[0;34;40m  [0m
[0;34;40m.:;[0;30;5;40;100m8[0;1;30;90;40m8SXX@8[0;36;5;40;100m%.[0;30;5;40;100m8[0;1;30;90;47m;[0;35;5;40;100m;[0;36;5;40;100m t[0;1;30;90;41m8[0;31;5;40;100m8[0;30;5;40;100mSX[0;31;5;40;100m8[0;1;30;90;41mX[0;30;5;40;100m8[0;36;5;40;100m [0;35;5;40;100m [0;37;5;40;100m8[0;34;40m;[0;30;5;40;100mX[0;1;30;90;40m8[0;34;40m:....;[0;1;30;90;40m@[0;34;40m.  [0m
[0;34;40m:;;;[0;30;5;40;100mS[0;1;30;90;40m@@@[0;30;5;40;100mX[0;36;5;40;100m [0;30;5;40;100mX8[0;36;5;40;100mt[0;35;5;40;100mt[0;1;31;91;41m8[0;35;5;40;100m%[0;36;5;40;100m [0;35;5;40;100mt[0;1;30;90;41m8[0;30;5;40;100mSS[0;1;30;90;41m8[0;31;5;40;100m@[0;36;5;40;100m;[0;31;5;40;100m8[0;1;31;91;41m%[0;1;30;90;40m88[0;34;40m:[0;1;30;90;40mS[0;30;5;40;100m@[0;1;30;90;40m@[0;34;40m..:[0;30;5;40;100m8[0;34;40m..  [0m
[0;34;40m:;;[0;1;30;90;40mSX[0;36;5;40;100m;[0;30;5;40;100m8[0;36;5;40;100m.[0;30;5;40;100mS8S[0;36;5;40;100m t[0;30;5;40;100mX[0;35;5;40;100m;[0;1;31;91;41m8[0;35;5;40;100m [0;31;5;40;100m%[0;1;30;90;41m8[0;30;5;40;100m88[0;1;30;90;41m8[0;31;5;40;100m8[0;30;5;40;100mS[0;1;30;90;41mX[0;30;5;40;100m8[0;34;40m;[0;1;30;90;40mX[0;30;5;40;100m8[0;1;30;90;40mS[0;34;40m:[0;1;30;90;40mX[0;30;5;40;100m@[0;1;30;90;40mX[0;30;5;40;100m8[0;34;40m.... [0m
[0;34;40m:;;[0;1;30;90;40mS@[0;36;5;40;100m%[0;35;5;40;100m [0;31;5;40;100m8[0;35;5;40;100m.[0;1;30;90;47m88[0;35;5;40;100m .[0;36;5;40;100m :[0;35;5;40;100m%:[0;31;5;40;100mS[0;35;5;40;100mt[0;31;5;40;100m@@[0;30;5;40;100m@[0;1;30;90;41m8[0;30;5;40;100m@[0;1;30;90;41mX[0;1;30;90;40m8[0;30;5;40;100m@[0;35;5;40;100m;[0;37;5;40;100mS[0;1;30;90;47m@[0;37;5;40;100mS[0;35;5;40;100m [0;30;41m8[0;31;5;40;100mS[0;30;5;40;100m8[0;34;40m:... [0m
[0;34;40m:;[0;1;30;90;40m%[0;30;5;40;100m@@[0;1;30;90;40m@[0;36;5;40;100m [0;1;30;90;40m8[0;30;5;40;100mS[0;35;5;40;100m  [0;1;30;90;47m@;8[0;35;5;40;100m:.t;t[0;1;30;90;47m88[0;31;5;40;100mX@[0;30;5;40;100m8[0;1;30;90;41mXX[0;35;5;40;100m  :[0;1;30;90;40m8@@[0;34;40m.[0;30;5;40;100mS[0;34;40m.[0;1;30;90;40m@8[0;34;40m.. [0m
[0;34;40m:[0;30;5;40;100m8@[0;1;30;90;40mXX@[0;36;5;40;100m [0;1;30;90;40m8[0;30;5;40;100mS[0;36;5;40;100m;[0;30;5;40;100mX[0;36;5;40;100m %.[0;35;5;40;100m t%[0;31;5;40;100mS[0;35;5;40;100m.[0;1;30;90;47m8[0;31;5;41;101mX[0;1;30;90;47m8[0;1;30;90;41m8@X[0;31;5;40;100mX[0;30;5;40;100m8[0;34;40m;[0;30;5;40;100m@[0;34;40m:[0;1;30;90;40mX@[0;34;40m.[0;30;5;40;100mS[0;34;40m...[0;1;30;90;40m@X[0;34;40m [0m
[0;30;5;40;100mX[0;1;30;90;40mX[0;34;40m;[0;1;30;90;40mSX@[0;36;5;40;100m [0;1;30;90;40m8[0;30;5;40;100mX[0;36;5;40;100mt[0;30;5;40;100m@[0;36;5;40;100m [0;30;5;40;100mX[0;36;5;40;100mt [0;30;5;40;100mS[0;35;5;40;100m [0;31;5;40;100mS[0;35;5;40;100m;[0;1;30;90;47m88[0;35;5;41;101mX[0;31;5;40;100m8@[0;1;30;90;40mX[0;30;5;40;100m8[0;1;30;90;40m8[0;34;40m;[0;30;5;40;100m@[0;34;40m:[0;1;30;90;40mS@[0;34;40m.[0;30;5;40;100mS[0;34;40m....:[0;30;5;40;100m8[0m
[0;34;40m.[0;1;30;90;40m8[0;30;5;40;100m8[0;1;30;90;40mSSX[0;36;5;40;100m [0;1;30;90;40m8[0;30;5;40;100m@%8[0;36;5;40;100m [0;30;5;40;100m@[0;36;5;40;100mt[0;35;5;40;100m [0;31;5;40;100mX[0;1;30;90;41m8[0;31;5;40;100m8X[0;1;37;97;47m [0;1;30;90;47m8[0;35;5;40;100m.[0;30;5;40;100m8[0;31;5;40;100m8[0;1;30;90;41mS8[0;1;30;90;40mX[0;34;40m;[0;30;5;40;100m@[0;34;40m:[0;1;30;90;40mS@[0;34;40m.[0;30;5;40;100mS[0;34;40m...[0;1;30;90;40m@X[0;34;40m [0m
[0;34;40m.:;[0;30;5;40;100m88[0;1;30;90;40mS[0;36;5;40;100m.[0;1;30;90;40m@[0;30;5;40;100m8[0;35;5;40;100m  [0;1;30;90;47m8t[0;35;5;40;100m:[0;1;30;90;41m8[0;31;5;40;100m@@[0;1;30;90;41m888[0;1;31;91;41mX[0;31;5;40;100m8[0;1;30;90;41m8S[0;1;30;90;40m@[0;1;30;90;41m8t[0;35;5;40;100m.[0;37;5;40;100m8%@[0;31;5;40;100m%[0;31;40m;[0;30;5;40;100mS[0;34;40m.[0;1;30;90;40m@8[0;34;40m.  [0m
 [0;34;40m::;[0;1;30;90;40mS[0;30;5;40;100m@[0;35;5;40;100m [0;1;30;90;41mX8[0;1;30;90;47mt[0;37;5;40;100mX[0;30;5;40;100mS%@[0;1;30;90;40m8[0;31;5;40;100mX[0;1;30;90;41m8[0;35;5;40;100m:[0;31;5;41;101m88[0;35;5;41;101m@[0;31;5;41;101m8[0;1;31;91;41m8[0;31;5;40;100m@[0;1;30;90;41m%[0;34;40m;[0;1;30;90;40mX[0;30;5;40;100m8[0;34;40m:[0;31;40m;[0;35;5;40;100m [0;31;5;40;100m@[0;30;41m@[0;31;5;40;100m@[0;1;30;90;40m8[0;34;40m:.. [0m 
 [0;34;40m.::;[0;1;30;90;40mX[0;36;5;40;100m [0;30;5;40;100m8[0;1;30;90;40mSX[0;36;5;40;100mt[0;1;30;90;40mXX[0;30;5;40;100mX@[0;35;5;40;100m.[0;31;5;40;100m8[0;1;30;90;47m8[0;35;5;41;101m@[0;1;37;97;47m [0;1;30;90;47m88[0;35;5;41;101m@[0;1;30;90;47m8[0;31;40m@[0;35;5;40;100m [0;1;30;90;40m8[0;34;40m::[0;30;5;40;100m@[0;34;40m:.[0;1;30;90;40mX[0;36;5;40;100m;[0;1;30;90;40mS[0;34;40m..  [0m 
  [0;34;40m:::[0;30;5;40;100m@[0;34;40m;[0;30;5;40;100mX[0;1;30;90;40m8[0;34;40m;[0;1;30;90;40mS[0;30;5;40;100m%[0;1;30;90;40mSX[0;1;30;90;47m:[0;37;5;40;100m8[0;35;5;40;100m%[0;1;37;97;47m [0;1;30;90;47m8[0;1;37;97;47m [0;31;5;41;101m8[0;1;30;90;47m@S[0;35;5;40;100m.[0;1;30;90;40m8[0;1;30;90;47m8[0;37;5;40;100m8[0;31;40m;[0;30;5;40;100m@[0;34;40m:.[0;1;30;90;40mS[0;30;5;40;100m@[0;34;40m.[0;30;5;40;100m8[0;34;40m.  [0m  
  [0;34;40m.::[0;30;5;40;100m@[0;34;40m::[0;30;5;40;100mX[0;1;30;90;40m@[0;34;40m;;[0;30;5;40;100m@[0;1;30;90;47m.[0;30;5;40;100mS[0;36;5;40;100mt[0;1;30;90;40m8[0;31;5;40;100m%[0;1;30;90;47m88[0;31;5;41;101m8[0;1;30;90;47m88[0;1;30;90;41m@[0;30;5;40;100m@[0;34;40m:[0;35;5;40;100m;[0;1;30;90;47mS[0;31;40m:[0;34;40m.[0;1;30;90;40mS[0;30;5;40;100m@[0;34;40m..[0;1;30;90;40m8[0;34;40m   [0m  
   [0;34;40m..[0;30;5;40;100m8[0;34;40m:::[0;30;5;40;100mX[0;1;30;90;40mX[0;31;40mX[0;1;30;90;41mX[0;31;5;40;100m%[0;30;5;40;100mX[0;34;40m::[0;31;40m%[0;1;30;90;41m8[0;1;31;91;41m88[0;35;5;40;100m;[0;1;30;90;41mX[0;31;40m:[0;34;40m:[0;30;5;40;100m@8[0;1;30;90;40mX[0;30;41mS[0;31;40mS[0;30;5;40;100m@[0;34;40m...[0;1;30;90;40m8[0;34;40m  [0m   
    [0;34;40m.[0;30;5;40;100m8[0;34;40m...:[0;1;30;90;41m@[0;30;41m8[0;31;40m:[0;1;30;90;40m888888[0;34;40m::;[0;1;30;90;40m@@@88[0;34;40m.[0;31;40m;[0;1;30;90;41mS[0;31;40mX[0;34;40m.  [0;1;30;90;40m8[0;34;40m [0m    
     [0;1;30;90;40mS@@@[0;31;40m8[0;1;30;90;41mX[0;30;5;40;100mS[0;1;30;90;40m8@[0;34;40m............[0;1;30;90;40mX8[0;30;5;40;100mX[0;1;30;90;40m%[0;1;30;90;41mS[0;31;40mt[0;1;30;90;40mSS%[0m     
       [0;34;40m...:[0;1;30;90;40m@[0;36;5;40;100m;[0;30;5;40;100mX[0;1;30;90;40m888888888888[0;30;5;40;100m@[0;36;5;40;100m;[0;1;30;90;40mX[0;34;40m.   [0m       
        [0;34;40m ....[0;1;30;90;40mS8[0;34;40m..........[0;1;30;90;40m@S[0;34;40m     [0m        
          [0;34;40m ...:[0;1;30;90;40m8[0;34;40m:....  .[0;1;30;90;40m8[0;34;40m:    [0m          
             [0;34;40m   [0;1;30;90;40m@%[0;34;40m    ;[0;1;30;90;40m@[0;34;40m   [0m             
               [0;34;40m  ;[0;1;30;90;40m@[0;34;40m  [0;1;30;90;40m@[0;34;40m;  [0m               
                  [0;34;40m.[0;1;30;90;40m@@[0;34;40m.[0m                  
