[0;1;30;90;47mt[0;1;37;97;47m@@@88888888888[0;1;30;90;42mttt;;;;:::[0;1;37;97;47m@@@@@XXXSSS%%%[0;1;30;90;47mS[0m
[0;1;37;97;47m:[0;37;5;47;107m%tttt[0;1;37;97;47mX[0;37;5;40;100mX[0;1;37;97;47m.[0;37;5;47;107m8ttt;;[0;1;30;90;42m%%%%%ttt;;[0;37;5;47;107mtt%%%%[0;1;37;97;47m.[0;37;5;40;100mS[0;1;37;97;47m 8[0;37;5;47;107mXX@@[0;1;37;97;47m [0m
[0;1;37;97;47m;[0;37;5;47;107mttX[0;37;5;40;100mS[0;36;5;40;100m .:[0;32;5;40;100m8[0;36;5;40;100m [0;37;5;40;100mt[0;1;37;97;47m8[0;37;5;47;107m;;;[0;1;30;90;42mXXSSS%%%tt[0;37;5;47;107mttt[0;1;37;97;47m8[0;37;5;40;100mt[0;35;5;40;100m %%[0;1;30;90;41m8[0;31;5;40;100mS[0;35;5;40;100m [0;1;37;97;47mS[0;37;5;47;107m@@[0;1;37;97;47m [0m
[0;1;37;97;47m;[0;37;5;47;107mt%[0;1;30;90;47m8[0;1;30;90;42m@[0;36;5;40;100mt[0;32;5;40;100m%[0;36;5;40;100m [0;37;5;40;100mX[0;36;5;40;100m [0;32;5;40;100mS[0;36;5;40;100m [0;1;30;90;47m8[0;37;5;47;107m%:[0;1;30;90;42m@@@@XXSS%t[0;37;5;47;107mttS[0;35;5;40;100m [0;1;30;90;41mS[0;31;5;40;100mS@[0;35;5;40;100m  [0;31;5;40;100mX[0;1;30;90;41mX[0;35;5;40;100mt[0;1;30;90;47m8[0;37;5;47;107m8[0;1;37;97;47m [0m
[0;1;37;97;47m;[0;37;5;47;107mt[0;1;30;90;47m8[0;1;30;90;42mX[0;32;5;40;100m8[0;36;5;40;100m%t[0;32;5;40;100m8[0;36;5;40;100m [0;32;5;40;100mS8[0;37;5;40;100m@[0;1;30;90;47m8[0;37;5;47;107m@.[0;1;30;90;42m88888@XXS%[0;37;5;47;107mt%[0;37;5;40;100mt[0;1;30;90;41mS@[0;31;5;40;100mX[0;1;30;90;41m88[0;31;5;40;100m@[0;1;30;90;41m@t[0;35;5;40;100m [0;37;5;40;100m%[0;1;37;97;47m@.[0m
[0;1;37;97;47m;[0;37;5;47;107mS[0;1;30;90;42m@[0;32;5;40;100m8[0;36;5;40;100m;[0;32;5;40;100mS8[0;36;5;40;100m%[0;1;30;90;47m8[0;36;5;40;100m.[0;1;30;90;47m8[0;36;5;40;100m [0;1;30;90;47m%8[0;37;5;47;107m.[0;1;30;90;42m8888888@XS[0;37;5;47;107m;[0;1;37;97;47m8[0;1;30;90;41mS8[0;31;5;40;100mS[0;1;30;90;41m888[0;35;5;40;100m [0;31;5;40;100mS[0;35;5;40;100m:: [0;37;5;40;100m%[0;1;37;97;47m [0m
[0;1;37;97;47m;[0;36;5;40;100m [0;1;30;90;42m8[0;36;5;40;100m  t[0;32;5;40;100mX[0;36;5;40;100m:[0;1;30;90;47m8[0;36;5;40;100m;[0;37;5;40;100m%[0;32;5;40;100mX[0;36;5;40;100m [0;1;30;90;47m@[0;37;5;47;107m [0;32;5;40;100mXX[0;1;30;90;42m888888@X[0;37;5;47;107mt[0;35;5;40;100m;[0;1;30;90;41m8[0;35;5;40;100m.:[0;1;30;90;41m88[0;1;31;91;41m8[0;35;5;40;100m [0;1;30;90;41m8[0;31;5;40;100mS[0;1;30;90;41m;8[0;1;30;90;47m8[0;1;37;97;47m.[0m
[0;1;37;97;47m;[0;1;30;90;47mt8[0;36;5;40;100m%[0;37;5;40;100mX[0;32;5;40;100m8[0;1;30;90;47m8[0;36;5;40;100mt [0;1;30;90;47m8[0;37;5;40;100m%[0;1;30;90;47m8[0;37;5;40;100mt[0;1;30;90;47mt[0;37;5;47;107m [0;36;5;40;100m%[0;32;5;40;100m%S[0;1;30;90;42m88888@X[0;37;5;47;107m%[0;1;30;90;47mt8[0;31;5;40;100mX[0;35;5;40;100m [0;1;30;90;41mS[0;1;30;90;47m8[0;1;31;91;41m8[0;31;5;40;100mS[0;35;5;40;100m:[0;31;5;40;100mS[0;35;5;40;100m [0;1;30;90;41m8[0;1;30;90;47m8[0;1;37;97;47m.[0m
[0;1;37;97;47m;[0;37;5;47;107mt;%;@:[0;36;5;40;100mt[0;1;37;97;47m [0;37;5;47;107m;.:S: [0;36;5;40;100m;t[0;32;5;40;100mSX[0;1;30;90;42m8888@X[0;37;5;47;107m;;tS%8%[0;1;31;91;41m8[0;1;37;97;47m [0;37;5;47;107mXX@[0;1;37;97;47mS[0;37;5;47;107m@[0;1;37;97;47m.[0m
[0;1;37;97;47m;[0;37;5;47;107mtt@[0;1;37;97;47mX@ [0;1;30;90;42m8[0;1;30;90;47m8[0;37;5;47;107m8%::%[0;1;30;90;47m8[0;36;5;40;100mt%[0;32;5;40;100mSX[0;1;30;90;42m8888@X[0;37;5;40;100m;[0;37;5;47;107m8t8[0;1;37;97;47m%S[0;1;30;90;47m@[0;1;31;91;41m8[0;1;30;90;47m8[0;1;37;97;47mS[0;37;5;47;107m88XX[0;1;37;97;47m.[0m
[0;1;37;97;47m:[0;37;5;47;107mtt%[0;1;37;97;47mS[0;1;30;90;47mS[0;1;37;97;47m:[0;37;5;40;100m%[0;1;30;90;47mS@[0;37;5;47;107m8X[0;1;37;97;47m [0;36;5;40;100mt[0;32;5;40;100mSSS[0;1;30;90;42m888888@XSX[0;1;30;90;47m8[0;37;5;47;107m@[0;1;37;97;47m;[0;1;30;90;47m8t[0;35;5;40;100m [0;1;30;90;47m88[0;1;37;97;47m%8[0;37;5;47;107mXX[0;1;37;97;47m [0m
[0;1;30;90;47m;[0;37;5;47;107mtt;;;8t8:[0;1;37;97;47m%[0;36;5;40;100m:[0;1;30;90;42m8888888888@XSS%t8[0;1;37;97;47m [0;37;5;47;107m%[0;1;37;97;47mX[0;37;5;47;107m%[0;1;37;97;47mX[0;37;5;47;107mSSSXX[0;1;30;90;47mt[0m
[0;37;5;40;100mS[0;37;5;47;107mttt;;;;8[0;37;5;40;100m;[0;1;30;90;42m88888888888@XSS%tt;:[0;36;5;40;100m;[0;1;37;97;47mX[0;37;5;47;107m%%SSSXX[0;37;5;40;100mS[0m
 [0;37;5;47;107mtttttS[0;1;30;90;47m8[0;1;30;90;42m@@@@888888@@XXS%%tt;:::;[0;1;30;90;47m8[0;37;5;47;107m8SSXX@[0m 
 [0;1;30;90;47m.[0;37;5;47;107mttt[0;1;37;97;47m [0;1;30;90;42m8%SSXXXXXXXXX[0;36;5;40;100m  [0;1;30;90;42m%%tt;;::::::X[0;1;30;90;47m%[0;37;5;47;107mXXX[0;1;30;90;47m.[0m 
  [0;37;5;47;107mS[0;1;37;97;47m@[0;36;5;40;100mt[0;1;30;90;42m;tt%%%%SSSSS8[0;1;37;97;47m [0;37;5;47;107mt%[0;1;37;97;47m [0;1;30;90;42m8;;;::::::...[0;32;5;40;100mX[0;1;37;97;47mt[0;37;5;47;107m8[0m  
  [0;32;5;40;100m@[0;1;30;90;42m;::;;;ttttttS[0;1;30;90;47m8[0;37;5;47;107m8t@[0;1;30;90;47mS[0;1;37;97;47m8[0;37;5;47;107m@[0;1;30;90;47m8[0;1;30;90;42m%::::::....[0;30;42m.[0;1;30;90;42m.[0;32;5;40;100m8[0m  
   [0;30;42m8[0;1;30;90;42m:::::;;;;;[0;36;5;40;100m [0;37;5;47;107m8tX[0;1;37;97;47mSt[0;1;30;90;47m8[0;1;37;97;47mX;[0;37;5;47;107mX[0;1;37;97;47mX[0;36;5;40;100m.[0;1;30;90;42m:::.....[0;30;42m..8[0m   
    [0;30;42m8[0;1;30;90;42m:::::::8[0;1;37;97;47m.[0;37;5;47;107mt%[0;1;37;97;47m%XX:[0;1;30;90;47mX[0;1;37;97;47m8@S[0;37;5;47;107mS%[0;1;37;97;47m.[0;1;30;90;42m8.....[0;30;42m..8[0m    
     [0;32;40mX[0;1;30;90;42m::::%[0;1;30;90;47m8[0;37;5;47;107mS%%S[0;1;37;97;47mX..[0;1;30;90;47m.[0;37;5;40;100m8[0;1;37;97;47m@;X8[0;37;5;47;107mXSX[0;1;30;90;47m8[0;1;30;90;42mt.[0;30;42m..:[0;32;40mX[0m     
       [0;30;42mS[0;1;30;90;42m:[0;36;5;40;100m [0;37;5;47;107m8%%%X[0;1;37;97;47mX. S;[0;1;30;90;43m8[0;1;37;97;47m@t:X[0;37;5;47;107m8XXX[0;1;37;97;47m8[0;36;5;40;100m [0;30;42m.S[0m       
        [0;30;5;40;100m8[0;1;37;97;47m@[0;37;5;47;107mSSSSSSSS8[0;1;30;90;47mX[0;1;30;90;43m8[0;1;37;97;47m@[0;37;5;47;107mX[0;1;37;97;47m8[0;37;5;47;107m8XX@@@[0;1;37;97;47mX[0;32;5;40;100m8[0m        
          [0;36;5;40;100m [0;1;37;97;47mX[0;37;5;47;107mXXXXXXX[0;1;30;90;47mt[0;1;30;90;43m8[0;37;5;47;107mXXX@@@@[0;1;37;97;47mS[0;36;5;40;100m [0m          
             [0;1;30;90;47m.[0;37;5;47;107m@8[0;1;37;97;47m.[0;1;30;90;47m;X[0;1;30;90;43m@[0;31;43m8[0;37;5;40;100m8[0;1;37;97;47m t@[0;37;5;47;107m8[0;1;30;90;47m.[0m             
               [0;37;5;40;100mS[0;1;37;97;47m;S:[0;1;30;90;47mX:;[0;1;37;97;47m;;[0;37;5;40;100mS[0m               
                  [0;36;5;40;100m [0;1;30;90;47mSS[0;36;5;40;100m [0m                  
