[0;1;30;90;44m.[0;1;34;94;44mSSSSSSSSXXXXXXXXXXXXSSSSSSSSS%%%%%%ttt[0;30;44m:[0m
[0;1;34;94;44m;8[0;34;5;44;104m8888888888888888888888888[0;1;34;94;44m8888888888@@.[0m
[0;1;34;94;44m;[0;34;5;44;104m8888888888888888[0;1;34;94;44m8[0;1;30;90;44m8XX[0;1;34;94;44m8[0;34;5;44;104m8888888[0;1;34;94;44m888888888@:[0m
[0;1;34;94;44m;[0;34;5;44;104m888888888888@@@8[0;1;30;90;44m8[0;30;5;40;100m8[0;1;30;90;40m8X@[0;1;30;90;44mX[0;1;34;94;44m8[0;34;5;44;104m888888[0;1;34;94;44m888888888:[0m
[0;1;34;94;44m;[0;34;5;44;104m88888888@@@@@@@@@[0;30;5;40;100m8[0;1;30;90;40m88@X@[0;1;34;94;44m%[0;34;5;44;104m888888[0;1;34;94;44m88888888:[0m
[0;1;34;94;44m;[0;34;5;44;104m8888888@@@XXXXXX[0;1;30;90;44m8[0;30;5;40;100m8[0;1;30;90;40m8[0;30;5;40;100m8[0;1;30;90;40m8@X@[0;1;34;94;44m8[0;34;5;44;104m88888[0;1;34;94;44m88888888:[0m
[0;1;34;94;44m;[0;34;5;44;104m888888@@XXXXX@[0;36;5;40;100m%[0;34;5;40;100mSS[0;30;5;40;100mX@8[0;1;30;90;40m88@X[0;1;30;90;44m@[0;34;5;44;104m888888[0;1;34;94;44m8888888:[0m
[0;1;34;94;44m;[0;34;5;44;104m88888@@XXX8[0;36;5;40;100m%t;t;tt[0;30;5;40;100mX8[0;1;30;90;40m88@XX[0;1;30;90;44mX[0;1;34;94;44mS[0;34;5;44;104m8888[0;1;34;94;44m8888888:[0m
[0;1;34;94;44m;[0;34;5;44;104m8888[0;1;34;94;44m8[0;1;30;90;44m88[0;34;5;40;100m@XS[0;30;5;40;100m%[0;36;5;40;100mt;:;: [0;37;5;47;107m8[0;1;30;90;47m;[0;30;5;40;100mS8[0;1;30;90;40m88@XSS[0;1;30;90;44mS[0;34;5;44;104m888[0;1;34;94;44m8888888:[0m
[0;1;34;94;44m;[0;34;5;44;104m8888[0;34;5;40;100m8[0;36;5;40;100m:[0;30;5;40;100mX8@XS[0;36;5;40;100m%t;tt%;t[0;30;5;40;100m8@[0;1;30;90;40m8@XSS[0;34;40m;;[0;30;44m@[0;1;34;94;44m8[0;34;5;44;104m8[0;1;34;94;44m8888888:[0m
[0;1;34;94;44m;[0;34;5;44;104m88888[0;1;30;90;44m8[0;30;5;40;100m88@[0;36;5;40;100m :[0;37;5;40;100mX[0;36;5;40;100m t[0;30;5;40;100mSSX@88[0;1;30;90;40m8[0;30;5;40;100m8[0;1;30;90;40m8XS%[0;34;40m;;:[0;30;44mX[0;1;34;94;44m88888888:[0m
[0;1;30;90;44m:[0;34;5;44;104m8888888[0;1;34;94;44m8[0;34;5;40;100mS[0;1;30;90;44m8[0;34;5;44;104m8[0;1;30;90;44m8[0;34;5;40;100mX%S[0;30;5;40;100mX888[0;1;30;90;40m88@XSS[0;34;40m;;:::[0;1;30;90;44mt[0;1;34;94;44m8888888[0;30;44m.[0m
[0;30;44mS[0;34;5;44;104m8888888[0;1;30;90;44m8[0;34;5;40;100mS[0;36;5;40;100m.[0;1;30;90;44m8[0;36;5;40;100m:t[0;34;5;40;100m@[0;1;30;90;44m8[0;34;5;40;100m@[0;30;5;40;100m8[0;1;30;90;40m888@XSS[0;34;40m;;::::;[0;1;34;94;44mt888888[0;30;44mX[0m
 [0;34;5;44;104m8888888[0;1;30;90;44m8[0;1;30;90;40m888888888@@X@S%[0;34;40m;;::::..X[0;1;34;94;44m888888[0m 
 [0;1;34;94;44m.[0;34;5;44;104m88888888[0;1;34;94;44m88XS[0;1;30;90;44m88@8[0;1;30;90;40m@@@S[0;34;40m;;;::::...t[0;1;34;94;44m88888.[0m 
  [0;1;34;94;44m8[0;34;5;44;104m888888888888888[0;30;44m8[0;34;40m;;;;:::::....[0;30;44mX[0;1;34;94;44m8888@[0m  
  [0;30;44m@[0;34;5;44;104m888888888888888[0;1;34;94;44mS[0;34;40m;::::::.....;[0;1;34;94;44mS8888[0;30;44m@[0m  
   [0;30;44mt[0;1;34;94;44m88[0;34;5;44;104m8888888888888[0;30;44m8[0;34;40m::::.......[0;1;30;90;44m;[0;1;34;94;44m888@[0;30;44mt[0m   
    [0;30;44m%[0;1;34;94;44m8888[0;34;5;44;104m8888888888[0;1;30;90;44mt[0;34;40m:.........[0;1;30;90;44m;[0;1;34;94;44m888@[0;30;44m%[0m    
     [0;30;44m8[0;1;34;94;44m@888888888888[0;1;30;90;44mt[0;34;40m........%[0;1;30;90;44m:[0;1;34;94;44m88@X[0;30;44m8[0m     
       [0;1;34;94;44m:88888888888[0;30;44mS[0;34;40m......%[0;1;30;90;44m;[0;1;34;94;44m@8@@.[0m       
        [0;34;40m8[0;1;34;94;44mS888888888[0;34;40m%..:@[0;30;44mS[0;1;34;94;44m;88@@%[0;30;44m8[0m        
          [0;30;44m8[0;1;34;94;44m%888888X[0;1;30;90;44m:[0;1;34;94;44m;%@88@@@%[0;30;44m8[0m          
             [0;1;34;94;44m.@8888@@@@@@@.[0m             
               [0;30;44mX[0;1;34;94;44m;@@@@@@t[0;30;44mS[0m               
                  [0;30;44m@. @[0m                  
