[0;1;30;90;43m.[0;33;5;43;103m88@@@@@@@@@@@@@@@@@@@@@@@88888888888[0;1;33;93;43m88[0;1;30;90;43m [0m
[0;1;33;93;43m8[0;33;5;43;103m;;;;;;;;:::::::::::;;;;;;;;;;ttttt%%%S[0;1;33;93;43mX[0m
[0;1;33;93;43m8[0;33;5;43;103m;;;@;:::::::;%::::::::S%;;;;;;tt8tt%%%[0;1;33;93;43mX[0m
[0;1;33;93;43m8[0;33;5;43;103m;[0;1;30;90;43mt%[0;33;5;40;100m8[0;1;30;90;40m8[0;30;5;40;100mS[0;1;30;90;43mX[0;33;5;43;103m;::;[0;1;30;90;43m88[0;33;5;40;100m@[0;30;5;40;100mX[0;33;5;40;100m8[0;33;5;43;103m8:::@[0;1;30;90;43mX[0;33;5;40;100m8[0;30;5;40;100mX[0;1;30;90;40m8[0;1;30;90;43mS[0;33;5;43;103mX;;;[0;1;30;90;43m;t[0;33;5;40;100m8[0;32;40mt[0;1;30;90;40m8[0;1;30;90;43m:[0;33;5;43;103mS%[0;1;33;93;43mX[0m
[0;1;33;93;43m8[0;1;30;90;43mt[0;1;30;90;40m%SX8X@[0;33;5;40;100m8[0;33;5;43;103m;;[0;33;5;40;100m8[0;30;5;40;100m88S8[0;1;30;90;40m8[0;30;5;40;100m8[0;1;30;90;43m8[0;33;5;43;103m.8[0;30;5;40;100m8[0;1;30;90;40m@X8[0;34;40m;;[0;1;30;90;40mX[0;33;5;43;103m8;[0;1;30;90;43mt[0;34;40m::[0;32;40m;;[0;34;40m..[0;30;5;40;100mS[0;33;5;43;103mS[0;1;33;93;43mX[0m
[0;1;33;93;43m8[0;1;30;90;40m8[0;33;5;40;100m88[0;1;30;90;40m@@8[0;30;5;40;100m@[0;33;5;40;100m8[0;1;30;90;43m8[0;1;33;93;43m8[0;33;5;40;100m@XS[0;30;5;40;100mXX@[0;33;5;40;100mX@[0;33;5;43;103m8[0;1;30;90;43m8[0;33;5;40;100m88[0;30;5;40;100m8[0;1;30;90;40mXXX8[0;33;5;40;100m8[0;33;5;43;103mS[0;32;40mt[0;30;5;40;100mX[0;33;5;40;100m8[0;34;40m;::[0;32;40mt%[0;1;30;90;43m;[0;1;33;93;43mX[0m
[0;1;33;93;43m8[0;33;5;43;103m8::[0;33;5;40;100m8[0;1;30;90;40m@[0;30;5;40;100m8[0;33;5;43;103mX[0;37;5;43;103m:tSt.X[0;33;5;40;100m%[0;30;5;40;100mS[0;33;5;40;100mS[0;37;5;43;103m..t[0;33;5;43;103mX[0;37;5;43;103m:[0;33;5;43;103m.[0;1;30;90;43m@[0;1;30;90;40m@X[0;1;30;90;43mS[0;33;5;43;103m:;%8;;[0;33;5;40;100m8[0;34;40m:[0;32;40mt[0;33;5;43;103m8tX[0;1;33;93;43mX[0m
[0;1;33;93;43m8[0;33;5;43;103m:::;[0;1;30;90;43m@8[0;37;5;43;103m:......@[0;1;30;90;43m8[0;37;5;43;103m8....::[0;33;5;43;103m:[0;1;33;93;43m@[0;33;5;40;100m8[0;33;5;43;103mt:;;;;;%[0;1;30;90;43m;;[0;33;5;43;103mtt%[0;1;33;93;43m@[0m
[0;1;33;93;43m8[0;33;5;43;103m:::::[0;37;5;43;103m::.............::[0;33;5;43;103m.::::;;;;;;tttt%[0;1;33;93;43m@[0m
[0;1;33;93;43m8[0;33;5;43;103m:::::[0;37;5;43;103m:::;.........:.::[0;33;5;43;103m:::::t;;;;;tttt%[0;1;33;93;43m@[0m
[0;1;33;93;43m8[0;33;5;43;103m;::::.[0;1;33;93;43m8[0;37;43mX[0;33;5;40;100mtSS[0;37;5;43;103m@...;[0;37;43m@[0;1;30;90;43m8[0;33;5;40;100m%@[0;1;30;90;43m8[0;33;5;43;103mt:::@[0;1;30;90;43m%[0;33;5;40;100m8[0;30;5;40;100mX[0;33;5;40;100m8[0;1;30;90;43m;[0;33;5;43;103m;;tttt%[0;1;33;93;43mX[0m
[0;1;30;90;43m:[0;33;5;43;103m;::::[0;1;30;90;43m8[0;1;30;90;40m8[0;30;5;40;100m8[0;33;5;40;100m8[0;30;5;40;100mX8X[0;1;30;90;43m8[0;37;5;43;103m.t[0;33;5;40;100mS[0;30;5;40;100mX@[0;33;5;40;100m@[0;30;5;40;100m8[0;1;30;90;40m8[0;30;5;40;100m8[0;33;5;43;103m8:[0;1;33;93;43m8[0;1;30;90;40m8%@8[0;34;40m::[0;33;5;40;100m8[0;33;5;43;103m%tttt%[0;1;30;90;43m [0m
[0;1;30;90;43m:[0;33;5;43;103m;;::S[0;1;30;90;40m8[0;30;5;40;100m8[0;33;5;40;100m8[0;30;5;40;100m8888@[0;1;33;93;43m8[0;1;30;90;43m8[0;30;5;40;100mX[0;33;5;40;100m8[0;30;5;40;100mS[0;1;30;90;40m8888[0;30;5;40;100m8[0;33;5;43;103m%[0;33;5;40;100m8[0;1;30;90;40m88%[0;34;40m::[0;32;40m:;[0;1;30;90;43mt[0;33;5;43;103mttt%%[0;1;30;90;43m.[0m
 [0;33;5;43;103m;;;:t8:%[0;30;5;40;100m@[0;1;30;90;40m8[0;30;5;40;100m8[0;33;5;43;103m%;S8;:[0;1;33;93;43m@[0;1;30;90;40m8@[0;33;5;40;100m8[0;33;5;43;103m;tX[0;1;33;93;43m@[0;33;5;43;103m;;[0;1;30;90;43m%[0;34;40m:[0;32;40m:[0;1;30;90;43m:[0;33;5;43;103mtXStt%%[0m 
 [0;1;33;93;43mX[0;33;5;43;103m;;;;:::@[0;33;5;40;100m8[0;1;30;90;43m@[0;33;5;43;103m:::::::[0;1;30;90;43mX[0;30;5;40;100mX[0;33;5;43;103mX::;;;;%[0;1;30;90;43mt[0;33;5;40;100m8[0;33;5;43;103m;tttt%%[0;1;33;93;43mS[0m 
  [0;33;5;43;103mt;;;;;:::t::::::::;t;;;;;;;;%tttt%%S[0m  
  [0;1;30;90;43m.[0;33;5;43;103m;;;;;;;;;;::::;;;;;;;;;;;;ttttt%%%[0;1;30;90;43m.[0m  
   [0;1;30;90;43m.[0;33;5;43;103m;;;;;;;;[0;1;33;93;43m8S[0;33;5;40;100m8[0;1;30;90;43m%t[0;33;5;43;103mt;;;t[0;1;33;93;43mX[0;1;30;90;43mX[0;33;5;40;100m8[0;1;30;90;43mt[0;1;33;93;43mS[0;33;5;43;103mtttttt%%%[0;1;30;90;43m [0m   
    [0;1;30;90;43m:[0;33;5;43;103m;;;;;;[0;1;30;90;43mt[0;32;40m;;[0;33;5;40;100m8[0;32;40m;[0;34;40m:[0;1;30;90;40m@[0;1;33;93;43m8[0;33;5;43;103m;S[0;30;5;40;100mX[0;34;40m:[0;32;40m%[0;1;30;90;40m8[0;34;40m::[0;33;5;40;100m8[0;33;5;43;103mStt%%%%[0;1;30;90;43m.[0m    
     [0;1;30;90;43m.[0;33;5;43;103mSt;;[0;1;33;93;43m8[0;34;40m:[0;32;40m:t[0;34;40m::::[0;32;40m%[0;33;5;43;103m@[0;1;30;90;43mt[0;34;40m:[0;32;40m;;[0;34;40m:..:[0;33;5;40;100m8[0;33;5;43;103m%%%%X[0;1;30;90;43m.[0m     
       [0;1;33;93;43mX[0;33;5;43;103mtt[0;1;33;93;43m8@[0;33;5;43;103mX[0;1;33;93;43m@[0;32;40m:[0;34;40m:[0;32;40m%[0;33;5;43;103m8[0;1;33;93;43m88[0;1;30;90;43m:[0;33;5;43;103m@X[0;1;30;90;43m;[0;34;40m::[0;1;30;90;43m;[0;33;5;43;103m8[0;1;33;93;43m8[0;33;5;43;103m8%%[0;1;33;93;43mX[0m       
        [0;1;30;90;43m.[0;33;5;43;103m8tttt[0;1;30;90;43m:[0;32;40mt[0;1;30;90;43m:[0;33;5;43;103mttttttS[0;1;30;90;43m;[0;32;40mt[0;33;5;43;103mX%%%8[0;1;30;90;43m [0m        
          [0;1;30;90;43m.[0;33;5;43;103m8%%%%8%%%%%%%%@X%8[0;1;30;90;43m [0m          
             [0;1;33;93;43mS[0;33;5;43;103m%%%%%%%%%%SS[0;1;33;93;43mS[0m             
               [0;1;30;90;43m.[0;1;33;93;43m8[0;33;5;43;103mSSSSSS[0;1;33;93;43m8[0;1;30;90;43m [0m               
                  [0;1;30;90;43m    [0m                  
