[0;1;30;90;43m.[0;33;5;43;103m88@@@@@@@@@@@@@@@@@@@@@@@88888888888[0;1;33;93;43m88[0;1;30;90;43m [0m
[0;1;33;93;43m8[0;33;5;43;103m;;;;;;;;:::::::::::;;;;;;;;;;ttttt%%%S[0;1;33;93;43mX[0m
[0;1;33;93;43m8[0;33;5;43;103m;;;;;:::::::::::::::::;;;;;;;;ttttt%%%[0;1;33;93;43mX[0m
[0;1;33;93;43m8[0;33;5;43;103m;;;;:::::::::..:::::::::;;;;;;;tttt%%%[0;1;33;93;43mX[0m
[0;1;33;93;43m8[0;33;5;43;103m;;::::::.[0;37;5;43;103m:::::::::[0;33;5;43;103m.::::::;;;;;;;tttt%%[0;1;33;93;43mX[0m
[0;1;33;93;43m8[0;33;5;43;103m;::::::[0;37;5;43;103m;[0;33;5;43;103mtX[0;37;43mX[0;37;5;43;103m8[0;37;43m@[0;37;5;43;103mX;..:::[0;33;5;43;103m.:::::%8[0;1;33;93;43m@[0;1;30;90;43mX@%[0;33;5;43;103m@ttt%%[0;1;33;93;43mX[0m
[0;1;33;93;43m8[0;33;5;43;103m;::%[0;1;30;90;43m8[0;33;47m88[0;1;37;97;47m:X8[0;37;5;47;107mX%%[0;1;37;97;47mX[0;1;30;90;47m [0;1;33;93;47mS[0;37;5;43;103m;..::[0;33;5;43;103m:[0;1;33;93;43m@[0;33;47m88[0;1;30;90;47m.[0;1;37;97;47m.S[0;37;5;47;107m888[0;1;37;97;47m8[0;1;30;90;47mt[0;1;30;90;43m8[0;33;5;43;103m8tt%[0;1;33;93;43mX[0m
[0;1;33;93;43m8[0;33;5;43;103m:::[0;37;43m8[0;1;37;97;47m8[0;37;5;47;107m88X%t;;tt;S[0;1;30;90;47mS[0;37;5;43;103mS..:[0;33;5;43;103mX[0;1;37;97;47m:[0;37;5;47;107m8[0;1;37;97;47m88[0;37;5;47;107m8@8S@888[0;1;30;90;47mX[0;1;30;90;43m:[0;33;5;43;103m%%[0;1;33;93;43m@[0m
[0;1;33;93;43m8[0;33;5;43;103m::%[0;1;37;97;47m@S[0;37;5;47;107m8[0;1;37;97;47mXS[0;37;5;47;107mX%;;;t;%8[0;37;43m8[0;37;5;43;103m:.t[0;1;37;97;47m8X8@ X[0;37;5;47;107m8@@@X@[0;1;37;97;47m8[0;37;5;47;107m8[0;33;5;40;100m.[0;1;33;93;43m8[0;33;5;43;103m%[0;1;33;93;43m@[0m
[0;1;33;93;43m8[0;33;5;43;103m:[0;1;30;90;43m%[0;1;37;97;47m8[0;37;5;47;107mX8:.@[0;1;37;97;47m8[0;37;5;47;107m%t;;;:;.[0;1;30;90;47m@[0;37;5;43;103m%S[0;1;30;90;47m [0;37;5;47;107mS[0;1;37;97;47m8[0;37;5;47;107m;;t[0;1;37;97;47mSX[0;37;5;47;107m@@X8X8X[0;1;30;90;47mt[0;1;30;90;43m:[0;33;5;43;103m%[0;1;33;93;43m@[0m
[0;1;33;93;43m8[0;33;5;43;103m;:;%[0;37;5;43;103m@X8[0;1;37;97;47m@[0;37;5;47;107mX@@8t;t%S[0;33;5;40;100m.[0;37;5;43;103m%::[0;33;5;43;103m:%%S[0;33;47m@[0;1;37;97;47m@@@X@[0;37;5;47;107mX[0;1;37;97;47m8@X[0;37;5;40;100m8[0;1;33;93;43mS[0;33;5;43;103m%[0;1;33;93;43mX[0m
[0;1;30;90;43m:[0;33;5;43;103m;::::::[0;37;5;43;103m8XSSS@88@X%:::[0;33;5;43;103m::::X[0;37;5;43;103mX[0;33;5;43;103mtSXX@8[0;1;33;93;43m8[0;33;5;43;103m@X%%[0;1;30;90;43m [0m
[0;1;30;90;43m:[0;33;5;43;103m;;::::::[0;37;5;43;103m:::::..::::[0;33;5;43;103m.:::::;;;;;;;tttt%%[0;1;30;90;43m.[0m
 [0;33;5;43;103m;;;:::::::.[0;37;5;43;103m;:::;[0;33;5;43;103m.:::::::;;;;;;;;tttt%%[0m 
 [0;1;33;93;43mX[0;33;5;43;103m;;;;:::::::::::::;@8@@;;;;;;;;tttt%%[0;1;33;93;43mS[0m 
  [0;33;5;43;103mt;;;;;:::::;@[0;1;33;93;43m@@[0;33;47m8[0;1;30;90;47m..[0;1;37;97;47mtX;[0;1;30;90;47m:[0;1;30;90;43m8[0;1;33;93;43m8[0;33;5;43;103mt;;;;tttt%%S[0m  
  [0;1;30;90;43m.[0;33;5;43;103m;;;;;;;;;;[0;1;33;93;43m8[0;1;30;90;47m;[0;1;37;97;47m888[0;37;5;47;107m88@XX8@[0;1;37;97;47m%[0;1;30;90;43m8[0;33;5;43;103mS;ttttt%%%[0;1;30;90;43m.[0m  
   [0;1;30;90;43m.[0;33;5;43;103m;;;;;;;;;[0;33;47m@[0;1;37;97;47mtS:;8[0;37;5;47;107m8XXXS@8[0;1;37;97;47m%[0;1;30;90;43m8[0;33;5;43;103mStttt%%%[0;1;30;90;43m [0m   
    [0;1;30;90;43m:[0;33;5;43;103m;;;;;;[0;1;33;93;43m8[0;1;30;90;47m [0;37;5;47;107mt[0;1;37;97;47mS[0;37;5;47;107mtt[0;1;37;97;47mX;8[0;37;5;47;107m8@@888@[0;33;5;40;100m [0;1;33;93;43m8[0;33;5;43;103mtt%%%%[0;1;30;90;43m.[0m    
     [0;1;30;90;43m.[0;33;5;43;103mSt;;;tXX[0;1;33;93;47m8[0;37;5;43;103m8[0;1;33;93;47m8[0;1;37;97;47m8@@SX[0;37;5;47;107m8@@@@[0;33;5;40;100m [0;1;33;93;43m8[0;33;5;43;103m%%%%X[0;1;30;90;43m.[0m     
       [0;1;33;93;43mX[0;33;5;43;103mttttttttt[0;37;43mS[0;1;33;93;47m@[0;33;5;43;103m8[0;37;5;43;103m88[0;1;33;93;43m@[0;1;33;93;47mX[0;37;43mXS[0;1;33;93;43m8@[0;33;5;43;103mS%%%[0;1;33;93;43mX[0m       
        [0;1;30;90;43m.[0;33;5;43;103m8ttttttttttttt%%%%%%%8[0;1;30;90;43m [0m        
          [0;1;30;90;43m.[0;33;5;43;103m8%%%%%%%%%%%%%%%%8[0;1;30;90;43m [0m          
             [0;1;33;93;43mS[0;33;5;43;103m%%%%%%%%%%SS[0;1;33;93;43mS[0m             
               [0;1;30;90;43m.[0;1;33;93;43m8[0;33;5;43;103mSSSSSS[0;1;33;93;43m8[0;1;30;90;43m [0m               
                  [0;1;30;90;43m    [0m                  
