[0;36;5;40;100m [0;37;5;40;100m88888[0;1;30;90;47m%[0;1;37;97;47m888888[0;1;30;90;47m;888888[0;1;37;97;47m88888@:[0;37;5;40;100m888888[0;1;30;90;47m.[0;1;37;97;47mSS%%%[0;1;30;90;47mS[0m
[0;37;5;40;100mS[0;1;30;90;47mSSSS%[0;1;37;97;47m:[0;37;5;47;107mtttttt[0;1;37;97;47m;[0;1;30;90;47mttttt%[0;37;5;47;107mtttttt[0;1;37;97;47m8[0;1;30;90;47mSSSXXX[0;1;37;97;47mX[0;37;5;47;107mXXX@@[0;1;37;97;47m [0m
[0;37;5;40;100mS[0;1;30;90;47mSS%%%[0;1;37;97;47m:[0;37;5;47;107mt;;;;;[0;1;37;97;47mt[0;1;30;90;47m;;;;tt[0;37;5;47;107m;ttttt[0;1;37;97;47m8[0;1;30;90;47mSSSSXX[0;1;37;97;47mX[0;37;5;47;107mSXX@@[0;1;37;97;47m [0m
[0;37;5;40;100mX[0;1;30;90;47mtttt;[0;1;37;97;47m;[0;37;5;47;107mSS%%%%[0;1;37;97;47m;[0;1;30;90;47mtttttt[0;37;5;47;107mSSSSSX[0;1;37;97;47mX[0;1;30;90;47mXX@@@@[0;1;37;97;47mS[0;37;5;47;107mX@@88[0;1;30;90;47m.[0m
[0;1;37;97;47m;[0;37;5;47;107mtttt;[0;1;37;97;47m.[0;34;5;44;104m88@@@@@@@@@@@88888888888[0;1;34;94;44m88[0;36;5;40;100m [0;1;30;90;47mXX@@@[0;36;5;40;100m [0m
[0;1;37;97;47m;[0;37;5;47;107mttt;;[0;1;37;97;47m:[0;34;5;44;104m8@@@X8[0;1;34;94;44m8[0;34;5;44;104m@XXXX@@@888[0;1;34;94;44m8X8[0;34;5;44;104m888[0;1;34;94;44m88[0;36;5;40;100m [0;1;30;90;47mXX@@@[0;36;5;40;100m [0m
[0;1;37;97;47m;[0;37;5;47;107mtt;;;[0;1;37;97;47m:[0;34;5;44;104m@@X8[0;35;5;40;100mS[0;1;30;90;45m8[0;1;34;94;45m8[0;35;5;40;100m%%[0;34;5;44;104mXXXX@@@8[0;1;30;90;44m8[0;35;44mX[0;1;34;94;44mX[0;35;44m%[0;1;30;90;44mX[0;1;34;94;44m8[0;34;5;44;104m88[0;1;34;94;44m8[0;36;5;40;100m [0;1;30;90;47mXXX@@[0;36;5;40;100m [0m
[0;1;37;97;47m.[0;37;5;47;107mSSS%%[0;1;37;97;47m.[0;34;5;44;104m@X[0;1;34;94;44m8[0;35;5;40;100mS%t;;t%[0;34;5;44;104mXXXX@8[0;1;30;90;44m888@X[0;35;44mt[0;1;30;90;44mS[0;1;34;94;44m8[0;34;5;44;104m8[0;1;34;94;44m8[0;37;5;40;100mt[0;1;30;90;47mt%%%S[0;37;5;40;100mX[0m
[0;37;5;40;100mX[0;1;30;90;47m%tt;:8[0;34;5;44;104m@X8[0;33;5;40;100mttt;:;[0;35;5;40;100m;[0;34;5;44;104mXXXX@@[0;34;5;40;100m@[0;31;5;40;100m88[0;1;30;90;40m8@[0;31;40mXS[0;1;34;94;44m@[0;34;5;44;104m8[0;1;34;94;44m8[0;1;37;97;47m [0;37;5;47;107m%SSSX[0;1;37;97;47m.[0m
[0;37;5;40;100mX[0;1;30;90;47m%tt;:8[0;34;5;44;104m@XX[0;35;5;40;100mt[0;33;5;40;100mt;;;;[0;35;5;40;100mt[0;34;5;44;104mXXXX@@[0;1;30;90;44m8[0;31;5;40;100mX@X8[0;31;40m8[0;1;30;90;44m8[0;34;5;44;104m88[0;1;34;94;44m8[0;1;37;97;47m [0;37;5;47;107m%SSXX[0;1;37;97;47m.[0m
[0;37;5;40;100mX[0;1;30;90;47m%tt;;8[0;34;5;44;104m@@X[0;35;5;40;100mS[0;33;5;40;100m%tttt[0;34;5;44;104m8XXXX@@[0;1;34;94;44m@[0;31;5;40;100mXS@8[0;31;40m8[0;1;30;90;44m%[0;34;5;44;104m88[0;1;34;94;44m8[0;1;37;97;47m [0;37;5;47;107m%SSXX[0;1;37;97;47m [0m
[0;37;5;40;100mS[0;1;30;90;47m... [0;1;37;97;47m [0;1;30;90;47m%[0;34;5;44;104m@@@[0;1;34;94;44m8[0;33;5;40;100mXSSS[0;35;5;40;100m%[0;34;5;44;104mXXX@@@88[0;31;5;40;100mXX@8[0;31;40m8[0;1;34;94;44m8[0;34;5;44;104m8[0;1;34;94;44m88[0;1;37;97;47m [0;37;5;47;107m888[0;1;37;97;47m88[0;1;30;90;47mX[0m
[0;37;5;40;100mS[0;37;5;47;107mttt;;;[0;34;5;44;104m@8@@[0;1;30;90;44m8[0;35;5;40;100mXXX[0;1;34;94;44m8[0;34;5;44;104m@@[0;35;44m8[0;1;30;90;44m88[0;1;34;94;44mX[0;34;5;44;104m88[0;1;34;94;44mX[0;1;30;90;44m8@X[0;35;44mt[0;34;5;44;104m88[0;1;34;94;44m88[0;1;30;90;47mXXX@@@[0;36;5;40;100mt[0m
 [0;37;5;47;107mttttt;[0;1;30;90;47mX[0;34;5;44;104m888@@@@@@[0;1;30;90;44m8[0;1;34;94;44m8[0;34;5;44;104m88[0;1;34;94;44mS[0;1;30;90;44m@[0;34;5;44;104m8888888[0;1;34;94;44m88[0;36;5;40;100m;[0;1;30;90;47mXX@@@8[0m 
 [0;1;30;90;47m.[0;37;5;47;107mtttttX[0;34;5;44;104m88888888[0;1;30;90;44m8[0;34;5;40;100m88[0;1;30;90;44m888[0;30;44m8[0;1;30;90;44mS[0;34;5;44;104m88888[0;1;34;94;44m888[0;1;30;90;47mSXX@@@[0;36;5;40;100m [0m 
  [0;37;5;47;107mSX[0;1;37;97;47m8;[0;1;30;90;47m:%8[0;34;5;44;104m8888888[0;35;44m%[0;31;5;40;100m8888[0;31;40m8@[0;35;44mt[0;34;5;44;104m8888[0;1;34;94;44m88[0;34;5;44;104m8[0;1;37;97;47mS[0;37;5;47;107mS8[0;1;37;97;47mS [0;1;30;90;47mS8[0m  
  [0;36;5;40;100mt[0;1;30;90;47mSSS%%%8[0;1;34;94;44m8[0;34;5;44;104m888888[0;31;5;40;100m8@@[0;1;30;90;41m8[0;31;40m8@[0;1;34;94;44m8[0;34;5;44;104m88[0;1;34;94;44m888[0;34;5;44;104m8[0;1;37;97;47m%[0;37;5;47;107mSSXXX@[0;36;5;40;100m [0m  
   [0;36;5;40;100m.[0;1;30;90;47mSSSSSt[0;1;37;97;47mt[0;36;5;44;104m@[0;34;5;44;104m88888[0;34;5;40;100m8[0;1;30;90;41m888[0;31;40m8[0;1;30;90;44m@[0;34;5;44;104m8[0;1;34;94;44m8888@[0;1;30;90;47m:[0;37;5;47;107mXSXXX@[0;37;5;40;100m8[0m   
    [0;36;5;40;100m:[0;1;30;90;47mSSS[0;1;37;97;47m:[0;37;5;47;107mXtt[0;1;37;97;47m [0;34;5;44;104m8888[0;1;30;90;44m%[0;1;30;90;41m888[0;31;40m8[0;35;44m;[0;1;34;94;44m8888[0;36;5;40;100m [0;1;30;90;47mXXS[0;1;37;97;47mS[0;37;5;47;107mX@@[0;37;5;40;100m8[0m    
     [0;30;5;40;100m8[0;1;30;90;47m%[0;1;37;97;47m8[0;37;5;47;107m%%%%%X[0;1;30;90;47m8[0;1;34;94;44m888X%%@888[0;37;5;40;100m;[0;1;30;90;47m8X@@@@t[0;1;37;97;47mS[0;36;5;40;100m.[0m     
       [0;1;30;90;47m [0;37;5;47;107mSSS%%@[0;1;30;90;47mSX[0;36;5;40;100m [0;1;34;94;44m@8888[0;34;5;44;104m8[0;1;30;90;47mS[0;37;5;47;107m@@[0;1;30;90;47m%@@@88[0;36;5;40;100m [0m       
        [0;36;5;40;100m.[0;1;37;97;47m@[0;37;5;47;107mSSS[0;1;30;90;47m:XXXX8[0;36;5;40;100m;[0;1;30;90;47m8[0;1;37;97;47mS[0;37;5;47;107mXXXX[0;1;37;97;47m8[0;1;30;90;47m@88[0;37;5;40;100m@[0;30;5;40;100m8[0m        
          [0;36;5;40;100m [0;1;37;97;47mXt[0;1;30;90;47m@@@@@@@[0;37;5;47;107mXXXX@@@[0;1;37;97;47m:[0;37;5;40;100m@[0;30;5;40;100mX[0m          
             [0;36;5;40;100m [0;1;30;90;47m8@@888[0;37;5;47;107m@@@@@8[0;1;30;90;47m.[0m             
               [0;36;5;40;100mt[0;37;5;40;100mS[0;1;30;90;47m888[0;37;5;47;107m@@@[0;1;37;97;47mt[0;37;5;40;100mS[0m               
                  [0;30;5;40;100mX[0;36;5;40;100m [0;1;30;90;47mt[0;36;5;40;100m [0m                  
