[0;1;30;90;43m.[0;1;33;93;43m8888[0;33;5;43;103m88888888[0;1;33;93;43m8[0;1;30;90;43m8[0;33;5;40;100m;[0;36;5;40;100m [0;1;30;90;46m888@88[0;36;5;40;100m%[0;33;5;40;100m.[0;1;30;90;43m8@[0;1;33;93;43m8@@@@@@XXXXX[0;1;30;90;43m [0m
[0;1;33;93;43m%[0;33;5;43;103mt;;;;;;;t[0;37;43m@[0;1;30;90;47m8[0;1;30;90;46m8[0;1;36;96;46mXXXXS[0;1;30;90;46m8888@t[0;1;36;96;46mSSS[0;1;30;90;46m%8[0;37;43m8[0;33;5;43;103mXtt%%%%SS[0;1;30;90;43m [0m
[0;1;33;93;43m%[0;33;5;43;103m;;;;;;@[0;1;30;90;47m8[0;1;30;90;46m8[0;1;36;96;46mXX[0;1;30;90;46m8[0;1;30;90;47m8[0;33;47m8[0;1;33;93;47m8[0;33;5;43;103mX;;;;;;;X8[0;37;43m8[0;37;5;40;100m%[0;1;30;90;46m@::[0;36;5;40;100m:[0;1;33;93;43m8[0;33;5;43;103mt%%%SS[0;1;30;90;43m [0m
[0;1;33;93;43m%[0;33;5;43;103m;;;;X[0;1;30;90;47m8[0;1;36;96;46mXXX[0;1;30;90;47m8[0;1;33;93;47m8[0;33;5;43;103m;::::::;%%;;;;;;;8[0;1;30;90;47m8[0;1;30;90;46mS.8[0;33;5;43;103m8%%%S[0;1;33;93;43mt[0m
[0;1;33;93;43mS[0;33;5;43;103m;;;[0;33;47m8[0;1;30;90;46m@[0;1;36;96;46mXX[0;1;30;90;47m8[0;37;5;43;103mX[0;33;5;43;103m:::[0;37;5;43;103m%S[0;1;33;93;47m8[0;1;30;90;47m8[0;36;47m8[0;37;46mS[0;1;36;96;46m@@XX[0;1;30;90;46m8[0;36;47m8[0;1;30;90;47m8[0;1;33;93;43m8[0;33;5;43;103mt;;;%[0;37;43m8[0;1;30;90;46mS;[0;37;43m8[0;33;5;43;103m%%%[0;1;33;93;43mt[0m
[0;1;33;93;43mS[0;33;5;43;103m;;[0;1;30;90;47m8[0;1;36;96;46mXX[0;37;46mS[0;1;33;93;47m8[0;33;5;43;103m::[0;37;5;43;103m%S8[0;1;30;90;47m@[0;1;36;96;46m888888@@@XXXS[0;1;30;90;46mX[0;1;30;90;47m8[0;33;5;43;103m8;ttX[0;36;5;40;100m.[0;1;30;90;46m.[0;37;5;40;100m;[0;33;5;43;103m%%[0;1;33;93;43mt[0m
[0;1;33;93;43mS[0;33;5;43;103m;[0;1;30;90;47m8[0;1;36;96;46mXX[0;37;46m@[0;37;5;43;103mX[0;33;5;43;103m:[0;37;5;43;103m%SX[0;1;30;90;47m@[0;1;36;96;46m8888[0;36;47m8[0;1;30;90;47m@[0;33;47m@[0;1;33;93;47m8[0;37;5;43;103m88[0;1;33;93;47m8[0;33;47m8[0;1;30;90;47m8[0;1;30;90;46m8[0;1;36;96;46mXSS[0;1;30;90;46m;[0;37;5;40;100m%[0;33;5;43;103mXttt[0;37;43m8[0;1;30;90;46m.[0;37;5;40;100m:[0;33;5;43;103m%[0;1;33;93;43mt[0m
[0;1;33;93;43mS[0;37;43m8[0;1;36;96;46mXX[0;1;30;90;46m8[0;33;5;43;103mS::[0;37;5;43;103mS8[0;36;47m8[0;1;36;96;46m88[0;36;47m8[0;1;30;90;47m%[0;37;5;43;103m8XXXSS%[0;33;5;43;103m:::;8[0;1;30;90;47m8[0;1;36;96;46mSSS[0;1;30;90;46mS[0;1;33;93;43m@[0;33;5;43;103mttt[0;37;43m8[0;1;30;90;46m.[0;1;30;90;43m8[0;1;33;93;43mt[0m
[0;1;33;93;43mS[0;1;30;90;46m8[0;1;36;96;46mXX[0;33;47m8[0;33;5;43;103m::[0;37;5;43;103m%@[0;36;47m8[0;1;36;96;46m88[0;36;47m8[0;1;33;93;47mX[0;37;5;43;103mXXXX@[0;1;33;93;47m888[0;37;5;43;103m8[0;33;5;43;103m;:;;;8[0;1;30;90;46m8[0;1;36;96;46mSS[0;1;30;90;46m:[0;37;43mX[0;33;5;43;103mtt%[0;36;5;40;100m [0;1;30;90;46mt[0;1;30;90;43m:[0m
[0;1;30;90;43m8[0;1;36;96;46mSX[0;1;30;90;46m8[0;33;5;43;103m;::.[0;1;30;90;47mX[0;1;36;96;46m888[0;1;33;93;47m@[0;37;5;43;103mXXX[0;1;33;93;47m8[0;36;47m@[0;1;36;96;46m8888@X[0;1;30;90;47m8[0;33;5;43;103mX;;;X[0;1;30;90;46m8[0;1;36;96;46mS[0;1;30;90;46m:t[0;33;5;43;103m8t%@[0;1;30;90;46m;[0;33;5;40;100mS[0m
[0;36;5;40;100mt[0;1;36;96;46mSX[0;1;30;90;47m8[0;33;5;43;103m:::[0;37;5;43;103mX[0;1;36;96;46m888[0;36;47m8[0;37;5;43;103mXXX[0;1;33;93;47m8[0;37;46m@[0;1;36;96;46m88[0;36;47m8[0;1;30;90;47m8[0;36;47m8[0;1;36;96;46m@@X[0;1;30;90;46m@[0;1;33;93;43m8[0;33;5;43;103m;;;8[0;1;30;90;46m::.[0;37;5;40;100mt[0;33;5;43;103mt%%[0;36;5;40;100m [0;1;30;90;46mS[0m
[0;1;30;90;46mX[0;1;36;96;46mSS[0;1;30;90;47m8[0;33;5;43;103m;::[0;1;33;93;47m8[0;1;36;96;46m@88[0;36;47m@[0;37;5;43;103mSSX[0;1;30;90;47mt[0;1;36;96;46m88[0;1;33;93;47m8[0;37;5;43;103m%[0;33;5;43;103m::S[0;37;46m@[0;1;36;96;46mXX[0;1;30;90;46m@[0;33;5;43;103m%;;;[0;1;30;90;46m8:.X[0;33;5;43;103mt%%[0;37;43mX[0;1;30;90;46m.[0m
[0;1;30;90;46m:[0;1;36;96;46mSS[0;1;30;90;47m8[0;33;5;43;103m;;:X[0;1;36;96;46m@@@[0;37;46m@[0;37;5;43;103mSSSX[0;36;47m8[0;1;36;96;46m8[0;36;47m8[0;1;30;90;47m8[0;33;5;43;103mt::[0;33;47m8[0;1;36;96;46mXXS[0;33;5;43;103m8;;;[0;36;5;40;100m [0;1;30;90;46m..;[0;33;5;43;103m%%%[0;1;33;93;43m@[0;1;30;90;46m.[0m
 [0;1;36;96;46mSS[0;1;30;90;46m@[0;33;5;43;103mt;;;[0;36;47m8[0;1;36;96;46m@@@[0;1;30;90;47m8[0;33;5;43;103m::::[0;37;5;43;103m@[0;1;33;93;47m8[0;33;5;43;103mX::;[0;1;30;90;47m8[0;1;36;96;46mSS[0;1;30;90;46mX[0;33;5;43;103mt;;t[0;1;30;90;46m8..8[0;33;5;43;103m%%%[0;1;33;93;43m@[0m 
 [0;1;30;90;46m:[0;1;36;96;46mSS[0;33;47m8[0;33;5;43;103m;;;@[0;1;30;90;46m8[0;1;36;96;46mXXX[0;37;46m8[0;1;33;93;47m8[0;33;5;43;103m;:::;;X[0;1;30;90;47m8[0;1;36;96;46mSSS[0;33;47m8[0;33;5;43;103m;;tX[0;1;30;90;46m;..[0;37;5;40;100m;[0;33;5;43;103m%%%[0;1;30;90;43m;[0m 
  [0;1;30;90;46m:[0;1;36;96;46mS[0;1;30;90;46m%[0;33;5;43;103m8;;;@[0;1;30;90;46m8[0;1;36;96;46mXXXX[0;1;30;90;46m8[0;1;30;90;47m8888[0;1;30;90;46m8[0;1;36;96;46mSSSS[0;1;30;90;47m8[0;33;5;43;103m;;tt[0;36;5;40;100m [0;1;30;90;46m...[0;1;33;93;43m8[0;33;5;43;103m%%S[0m  
  [0;36;5;40;100m8[0;1;30;90;46m:[0;1;36;96;46mS[0;1;30;90;46mS[0;1;33;93;43m8[0;33;5;43;103m;;;t[0;33;47m8[0;1;30;90;46m8[0;1;36;96;46mSSSSSSSSSS[0;1;30;90;46m8[0;1;33;93;43m8[0;33;5;43;103m;ttt[0;33;5;40;100m [0;1;30;90;46m...[0;33;5;40;100m [0;33;5;43;103m%%S[0;1;30;90;43m.[0m  
   [0;1;30;90;46m::::[0;1;30;90;47m8[0;33;5;43;103mS;;;;@[0;37;43m8[0;1;30;90;47m8[0;36;5;40;100m.[0;1;30;90;46m88[0;36;5;40;100m [0;1;30;90;47m8[0;37;43m8[0;33;5;43;103m@;tttX[0;36;5;40;100m.[0;1;30;90;46m...8[0;33;5;43;103mS%S[0;1;30;90;43m [0m   
    [0;1;30;90;46m::::%[0;1;30;90;47m8[0;33;5;43;103m8;;;;;;;;;;tttt8[0;37;5;40;100mS[0;1;30;90;46mt...[0;36;5;40;100m [0;33;5;43;103mSSS[0;1;30;90;43m.[0m    
     [0;30;5;40;100m8[0;1;30;90;46m8..::8[0;37;5;40;100mt[0;37;43m8[0;1;33;93;43m8[0;33;5;43;103mXttt%@[0;1;33;93;43m8[0;37;43m@[0;37;5;40;100mt[0;1;30;90;46m8....8[0;37;43mS[0;33;5;43;103m%S@[0;31;43m8[0m     
       [0;1;30;90;43m@[0;37;5;40;100mt[0;1;30;90;46m%.......::........8[0;37;43mX[0;33;5;43;103mSSS[0;1;30;90;43m [0m       
        [0;31;43m8[0;1;33;93;43m@8[0;1;30;90;43m8[0;1;30;90;46m8@........;8[0;36;5;40;100m [0;1;30;90;43m8[0;33;5;43;103m8SSS[0;1;33;93;43mX[0;31;43m8[0m        
          [0;1;30;90;43m.[0;1;33;93;43m@[0;33;5;43;103m%%S8[0;1;33;93;43m8@X@8[0;33;5;43;103m@S%SSSS[0;1;33;93;43mX[0;1;30;90;43m [0m          
             [0;1;30;90;43m [0;33;5;43;103mSSSSSSSSSSSS[0;1;30;90;43m [0m             
               [0;1;30;90;43m.[0;1;33;93;43mS[0;33;5;43;103mSSSSSS[0;1;33;93;43mS[0;1;30;90;43m [0m               
                  [0;1;30;90;43m    [0m                  
