[0;1;30;90;41m.[0;1;31;91;41mSSSSSSSSXXXXXXXXXXXXSSSSSSSSS%%%%%%ttt[0;30;41m:[0m
[0;1;31;91;41m;8[0;31;5;41;101m8888888888888888888888888[0;1;31;91;41m8888888888@@.[0m
[0;1;31;91;41m;[0;31;5;41;101m8888888888888888888888888888[0;1;31;91;41m888888888@:[0m
[0;1;31;91;41m;[0;31;5;41;101m888888888@@@@@@@@@8888888888888[0;1;31;91;41m8888888:[0m
[0;1;31;91;41m;[0;31;5;41;101m88888[0;1;30;90;47m8[0;37;5;47;107m;;::::....::::;;;%[0;1;37;97;47mSS8[0;37;5;47;107m8tt%%[0;37;5;40;100m.[0;1;31;91;41m88888:[0m
[0;1;31;91;41m;[0;31;5;41;101m88888[0;1;30;90;47m8[0;37;5;47;107m:::...    ...t[0;1;37;97;47mS[0;1;30;90;47m88[0;37;5;40;100m888@@[0;1;30;90;47m [0;37;5;47;107mt%%[0;1;30;90;47m8[0;1;31;91;41m88888:[0m
[0;1;31;91;41m;[0;31;5;41;101m88888[0;1;30;90;47m8[0;37;5;47;107m:..  :.     8[0;1;30;90;47m8[0;37;5;40;100m8[0;1;30;90;47m@@8888[0;37;5;40;100m8S[0;37;5;47;107m8t%[0;1;30;90;47m8[0;1;31;91;41m88888:[0m
[0;1;31;91;41m;[0;31;5;41;101m88888[0;1;30;90;47m8[0;37;5;47;107m:.   [0;1;30;90;47m%8[0;1;37;97;47m.[0;37;5;47;107m   8[0;1;30;90;47mt%SX@@888[0;37;5;40;100m8@[0;1;37;97;47m8[0;37;5;47;107mt%[0;1;30;90;47m8[0;1;31;91;41m88888:[0m
[0;1;31;91;41m;[0;31;5;41;101m88888[0;1;30;90;47m8[0;37;5;47;107m.. 8[0;1;37;97;47m.[0;1;30;90;47m%8%[0;1;37;97;47m8[0;37;5;47;107m.:[0;1;30;90;47m;t%SXX@888[0;37;5;40;100m8X[0;37;5;47;107mXt%[0;1;30;90;47m8[0;1;31;91;41m88888:[0m
[0;1;31;91;41m;[0;31;5;41;101m88888[0;1;30;90;47m8[0;37;5;47;107m..[0;1;37;97;47mX[0;1;30;90;47m%[0;37;5;40;100mS[0;1;30;90;47m%:t::;8%%SXX8[0;37;5;40;100m8[0;1;30;90;47m88[0;37;5;40;100mS[0;1;37;97;47m%[0;37;5;47;107mtt%[0;1;30;90;47m8[0;1;31;91;41m88888:[0m
[0;1;31;91;41m;[0;31;5;41;101m88888[0;1;30;90;47m8[0;37;5;47;107m:X[0;1;30;90;47mS%S;tS;;tX8[0;37;5;40;100m8[0;1;30;90;47mXX@@88[0;37;5;40;100m8[0;1;37;97;47mS[0;37;5;47;107mttt%[0;37;5;40;100m.[0;1;31;91;41m88888:[0m
[0;1;30;90;41m:[0;31;5;41;101m88888[0;35;5;41;101m@[0;37;5;47;107m:[0;1;37;97;47mS[0;37;5;40;100m8[0;1;30;90;47m88XXttt%%SS[0;37;5;40;100m8@[0;1;30;90;47m88888@[0;37;5;47;107m8tt%[0;31;5;41;101m8[0;1;31;91;41m88888[0;30;41m.[0m
[0;30;41mS[0;31;5;41;101m888888[0;37;5;47;107mX[0;1;30;90;47m%[0;37;5;40;100m8[0;1;30;90;47mSSSS%%XSSXX@@[0;37;5;40;100mX[0;1;30;90;47m888[0;37;5;40;100m88[0;1;30;90;47mS[0;37;5;47;107mt%@[0;1;31;91;41m888888[0;30;41mX[0m
 [0;31;5;41;101m888888[0;1;30;90;47m8[0;37;5;47;107m;;:[0;1;37;97;47m8:[0;1;30;90;47m:88@88[0;37;5;40;100m8[0;1;30;90;47m888[0;37;5;40;100m8@[0;1;30;90;47m8[0;37;5;40;100m8888[0;37;5;47;107m%%[0;1;30;90;47m8[0;1;31;91;41m888888[0m 
 [0;1;31;91;41m.[0;31;5;41;101m888888[0;37;5;47;107m8;;;;;8[0;1;30;90;47m:[0;37;5;40;100m8[0;1;30;90;47m888[0;37;5;40;100m88[0;1;30;90;47m88[0;37;5;40;100m8888@[0;1;30;90;47m@[0;37;5;47;107m%[0;1;37;97;47m@[0;1;31;91;41m888888.[0m 
  [0;1;31;91;41m8[0;31;5;41;101m888888[0;37;5;47;107m@;;;;;[0;1;37;97;47m%[0;1;30;90;47m88888[0;37;5;40;100mX[0;1;30;90;47m8[0;37;5;40;100m88888[0;36;5;40;100m [0;1;30;90;47m.[0;37;5;47;107m8[0;31;5;41;101m8[0;1;31;91;41m88888@[0m  
  [0;30;41m@[0;31;5;41;101m8888888[0;37;5;47;107m8ttt8[0;1;37;97;47mt[0;37;5;40;100m@[0;1;30;90;47m88[0;37;5;40;100m8888888X%[0;1;37;97;47m 8[0;31;5;41;101m8[0;1;31;91;41m888888[0;30;41m@[0m  
   [0;30;41mt[0;1;31;91;41m88[0;31;5;41;101m88888[0;1;37;97;47m.[0;37;5;47;107mtt[0;1;37;97;47mS[0;1;30;90;47m@[0;36;5;40;100m [0;37;5;40;100m%S888[0;1;30;90;47m8t.;X[0;1;37;97;47m@.[0;1;31;91;41m888888@[0;30;41mt[0m   
    [0;30;41m%[0;1;31;91;41m8888[0;31;5;41;101m888[0;1;30;90;47m8[0;37;5;47;107m8t8[0;1;37;97;47mS[0;37;5;47;107mSX[0;1;37;97;47m88[0;37;5;47;107m8%%%%8[0;1;30;90;47m8[0;1;31;91;41m888888@[0;30;41m%[0m    
     [0;30;41m8[0;1;31;91;41m@888888[0;31;5;41;101m8[0;1;30;90;47m8[0;37;5;47;107m8%%%%%%%S8[0;1;30;90;47m8[0;1;31;91;41m888888@X[0;30;41m8[0m     
       [0;1;31;91;41m:88888888[0;1;30;90;47m8[0;1;37;97;47m;[0;37;5;47;107mSSSS[0;1;37;97;47m;[0;1;30;90;47m8[0;1;31;91;41m888888@@.[0m       
        [0;31;40m8[0;1;31;91;41mS88888888[0;31;5;41;101m8[0;1;30;90;47m88[0;1;31;91;41m8888888@@%[0;30;41m8[0m        
          [0;30;41m8[0;1;31;91;41m%8888888888888@@@%[0;30;41m8[0m          
             [0;1;31;91;41m.@8888@@@@@@@.[0m             
               [0;30;41mX[0;1;31;91;41m;@@@@@@t[0;30;41mS[0m               
                  [0;30;41m@. @[0m                  
