[0;1;30;90;47mt[0;1;37;97;47m@@@X88888888888888888888@@@@@XXXSSt%%%[0;1;30;90;47mS[0m
[0;1;37;97;47m:[0;37;5;47;107m%ttX[0;1;30;90;47m@[0;1;37;97;47m@[0;37;5;47;107mtttttt;;;ttt[0;1;37;97;47m [0;1;30;90;47mX[0;37;5;47;107mtttttt%%%%SS[0;1;37;97;47mX[0;37;5;40;100m8[0;37;5;47;107m8X@@[0;1;37;97;47m [0m
[0;1;37;97;47m;[0;37;5;47;107mttt[0;1;37;97;47m;[0;37;5;47;107m@[0;33;5;40;100mS[0;1;30;90;47m:[0;37;5;47;107m;;;8[0;1;37;97;47m%[0;37;5;47;107m;;;;;[0;1;30;90;47m8[0;31;5;41;101m88[0;1;30;90;47m8[0;37;5;47;107mttttt[0;1;37;97;47m;8[0;37;5;47;107m%%%[0;1;30;90;47mt[0;33;5;40;100m8[0;1;37;97;47m8[0;1;30;90;47m [0;37;5;47;107mX@@[0;1;37;97;47m [0m
[0;1;37;97;47m;[0;37;5;47;107mttt[0;33;47m88[0;1;37;97;47m@[0;1;30;90;47m:;[0;1;37;97;47mS[0;1;30;90;47m@ [0;37;5;47;107m;:::t[0;1;30;90;47m8[0;31;5;41;101m8888[0;37;5;40;100m [0;37;5;47;107mSttt%[0;1;30;90;47m:[0;33;5;40;100m [0;1;37;97;47m;[0;1;30;90;47m%S[0;1;37;97;47mS[0;33;47m8[0;1;30;90;43m8[0;37;5;47;107mXX@[0;1;37;97;47m [0m
[0;1;37;97;47m;[0;37;5;47;107mttt[0;33;47m8[0;1;33;93;43mX[0;33;5;43;103mX[0;33;47m88[0;1;30;90;43m8[0;1;37;97;47mS[0;37;5;47;107m%:..S[0;35;5;41;101mX[0;31;5;41;101m@@@888@[0;37;5;47;107m8tttX[0;1;37;97;47m;[0;1;30;90;43m88[0;37;43m@[0;1;33;93;43m%%[0;1;30;90;43m8[0;37;5;47;107mXXX[0;1;37;97;47m.[0m
[0;1;37;97;47m;[0;37;5;47;107mttt[0;1;37;97;47mt[0;33;5;43;103mXX[0;37;5;43;103m@[0;1;37;97;47m8[0;33;47m88[0;37;5;40;100m8[0;37;5;47;107mt  [0;1;37;97;47m;[0;31;5;41;101mXXX@@@88[0;1;37;97;47m [0;37;5;47;107m;tX[0;33;5;40;100m;[0;1;30;90;43m88[0;1;37;97;47mS[0;1;33;93;43mSS%[0;1;30;90;47m [0;37;5;47;107mSXX[0;1;37;97;47m.[0m
[0;1;37;97;47m;[0;37;5;47;107mtt;t[0;1;33;93;47mS[0;33;5;43;103mX[0;37;5;43;103m@[0;1;37;97;47m8[0;1;30;90;43m8[0;33;5;40;100mt[0;1;30;90;47mS[0;1;37;97;47mS[0;37;5;47;107m.  [0;1;37;97;47mX[0;35;5;41;101mX[0;31;5;41;101mXX@@@[0;1;37;97;47m:[0;37;5;47;107m;;t[0;1;30;90;47m [0;33;5;40;100mS[0;1;30;90;43m88[0;1;37;97;47m%[0;1;33;93;43mSS[0;33;47m@[0;37;5;47;107mXSXX[0;1;37;97;47m.[0m
[0;1;37;97;47m;[0;37;5;47;107mtt;;;[0;1;37;97;47m8[0;1;33;93;47m@[0;1;37;97;47m%Xt[0;37;5;47;107m [0;1;37;97;47mX[0;1;30;90;47m [0;37;5;47;107m;  @[0;35;5;41;101mS[0;31;5;41;101mXXX[0;37;5;47;107m8:;S[0;1;30;90;47mt [0;37;5;47;107mt[0;1;30;90;47m:[0;1;37;97;47m.[0;1;30;90;47m [0;33;47m8[0;1;37;97;47mS[0;37;5;47;107m%SSXX[0;1;37;97;47m.[0m
[0;1;37;97;47m;[0;37;5;47;107mt;;;::.X;:  @[0;1;30;90;47m [0;37;5;47;107mS  %[0;1;31;91;47m8[0;37;5;41;101m8[0;37;5;47;107mX::8[0;33;47m8[0;1;37;97;47mX[0;37;5;47;107mtt%X[0;1;37;97;47m8[0;37;5;47;107m%%%SSSX[0;1;37;97;47m.[0m
[0;1;37;97;47m;[0;37;5;47;107mtt;;::.%[0;1;30;90;47m88[0;37;5;47;107m%  %[0;1;30;90;47m [0;1;37;97;47m8[0;37;5;47;107m  ;;.:[0;1;37;97;47mX[0;33;47m8[0;37;5;47;107m8;t@[0;35;5;41;101m8[0;31;5;41;101m8[0;37;5;47;107m8%%%SSXX[0;1;37;97;47m.[0m
[0;1;37;97;47m:[0;37;5;47;107mtt;;;:8[0;35;5;41;101mX[0;31;5;41;101mXX[0;35;5;41;101mS[0;37;5;47;107m@  :[0;1;37;97;47mtt[0;37;5;47;107m. .:[0;1;30;90;47m .[0;37;5;47;107m%;;8[0;31;5;41;101m8888[0;1;37;97;47mX[0;37;5;47;107m%%SSXX[0;1;37;97;47m [0m
[0;1;30;90;47m;[0;37;5;47;107mtt;;;[0;1;37;97;47mS[0;31;5;41;101m@@@XXX[0;37;5;47;107m8   [0;1;37;97;47m@[0;33;47mX[0;37;5;47;107m%S[0;33;47m@[0;1;37;97;47m%[0;37;5;47;107m;;;[0;1;37;97;47mt[0;31;5;41;101m8888[0;1;31;91;41m8[0;31;5;41;101m8[0;1;37;97;47m.[0;37;5;47;107mSSSXX[0;1;30;90;47mt[0m
[0;37;5;40;100mS[0;37;5;47;107mttt;[0;1;37;97;47m [0;31;5;41;101m888@@@@X[0;1;37;97;47m:[0;37;5;47;107m...8[0;33;47m88[0;1;37;97;47m8[0;37;5;47;107m;;;[0;1;37;97;47m [0;31;5;41;101m88888[0;1;31;91;41m888[0;1;37;97;47m [0;37;5;47;107mSSXX[0;37;5;40;100mS[0m
 [0;37;5;47;107mtttt8[0;31;5;41;101m@8888@@[0;35;5;41;101m@[0;37;5;47;107m@:::[0;1;37;97;47m%[0;1;30;90;47m%[0;33;47m@[0;1;37;97;47m;[0;37;5;47;107m;;t8[0;31;5;41;101m8888[0;1;31;91;41m888[0;31;5;41;101m8[0;1;37;97;47m@[0;37;5;47;107mSXX@[0m 
 [0;1;30;90;47m.[0;37;5;47;107mttttX[0;35;5;41;101m@[0;31;5;41;101m8888[0;35;5;41;101m@[0;37;5;47;107mS;;%[0;1;30;90;47m. [0;37;5;47;107mtt[0;1;30;90;47m ;[0;37;5;47;107mSttX[0;35;5;41;101m8[0;31;5;41;101m8[0;1;31;91;41m888[0;31;5;41;101m8[0;37;5;47;107m8SXXX[0;1;30;90;47m.[0m 
  [0;37;5;47;107mStttt%[0;1;30;90;47m8[0;31;5;41;101m88[0;1;30;90;47m8[0;37;5;47;107mt;;8[0;33;47m8[0;1;37;97;47m%[0;37;5;47;107m;ttt[0;1;37;97;47m%[0;37;43m8[0;37;5;47;107m8tt%[0;1;30;90;47m8[0;1;31;91;41m88[0;37;5;40;100m.[0;37;5;47;107mXSXXX8[0m  
  [0;36;5;40;100m [0;37;5;47;107mtttttt[0;1;30;90;47m88[0;37;5;47;107mttt[0;1;37;97;47mX[0;33;47m8[0;1;37;97;47m8[0;37;5;47;107mtt[0;1;37;97;47m%t[0;37;5;47;107mtt[0;1;37;97;47m8[0;37;43m8[0;1;37;97;47m%[0;37;5;47;107m%%%[0;1;30;90;47m88[0;37;5;47;107mSSXXX@[0;36;5;40;100m [0m  
   [0;37;5;40;100m8[0;37;5;47;107m%tttttttt[0;1;30;90;47m %[0;37;5;47;107mXtt[0;1;37;97;47m [0;31;5;41;101m88[0;1;37;97;47m [0;37;5;47;107mttX[0;1;30;90;47m%.[0;37;5;47;107mSSSSSXXX@[0;37;5;40;100m8[0m   
    [0;37;5;40;100m8[0;37;5;47;107m%%%%tt@[0;33;47m8[0;1;30;90;47m [0;37;5;47;107mttt[0;1;30;90;47m8[0;31;5;41;101m88[0;1;31;91;41m88[0;1;30;90;47m8[0;37;5;47;107m%%%[0;1;30;90;47m [0;33;47m8[0;37;5;47;107m8SXXX@@[0;37;5;40;100m8[0m    
     [0;36;5;40;100m.[0;37;5;47;107m8%%%[0;1;37;97;47m8[0;1;30;90;43m8[0;1;37;97;47mS[0;37;5;47;107m%%S[0;1;30;90;47m8[0;1;31;91;41m888888[0;1;30;90;47m8[0;37;5;47;107mXSS[0;1;37;97;47m%[0;1;30;90;43m8[0;1;37;97;47mS[0;37;5;47;107mXX@[0;1;37;97;47m8[0;36;5;40;100m.[0m     
       [0;1;30;90;47m [0;37;5;47;107mS[0;1;37;97;47m%[0;1;30;90;43m8[0;1;37;97;47m8[0;37;5;47;107m%%%[0;1;30;90;47m8[0;1;31;91;41m88888888[0;1;30;90;47m8[0;37;5;47;107mXXX[0;1;37;97;47m8[0;1;30;90;43m8[0;1;37;97;47m;[0;37;5;47;107m@[0;1;30;90;47m.[0m       
        [0;36;5;40;100m.[0;1;37;97;47m@[0;37;5;47;107mXSSSSS[0;1;30;90;47m8[0;1;31;91;41m888888[0;1;30;90;47m8[0;37;5;47;107mXXX@@8[0;1;37;97;47mX[0;36;5;40;100m.[0m        
          [0;36;5;40;100m [0;1;37;97;47mX[0;37;5;47;107mXXXXX[0;1;30;90;47mS[0;1;31;91;41m8888[0;1;30;90;47m@[0;37;5;47;107mX@@@@[0;1;37;97;47mS[0;36;5;40;100m [0m          
             [0;1;30;90;47m.[0;37;5;47;107m@@@@[0;1;37;97;47m [0;1;31;91;41m88[0;1;37;97;47m [0;37;5;47;107m@@@8[0;1;30;90;47m.[0m             
               [0;37;5;40;100mS[0;1;37;97;47m;[0;37;5;47;107m@@[0;1;37;97;47mtt[0;37;5;47;107m@@[0;1;37;97;47mt[0;37;5;40;100mS[0m               
                  [0;36;5;40;100m [0;1;30;90;47mtt[0;36;5;40;100m [0m                  
