              [0;33;5;40;100m8%[0;1;30;90;43m8[0;33;47m88@@88[0;1;30;90;43m8[0;33;5;40;100mS8[0m              
          [0;33;5;40;100m8[0;33;47m8[0;1;33;93;47mXSSSSSSSXXXXXXXX[0;37;43m8[0;33;5;40;100m8[0m          
        [0;1;30;90;43m8[0;1;33;93;47mXSS[0;1;37;97;47m88888[0;1;33;93;47mSSSSSSXXXXXXXX[0;1;30;90;43m8[0m        
      [0;1;30;90;43m8[0;1;33;93;47mSS[0;1;37;97;47m888888888888[0;1;33;93;47mSSSSXXXXXXX@[0;1;30;90;43m8[0m      
    [0;33;5;40;100m8[0;1;33;93;47mX[0;33;47m@[0;30;5;40;100m8[0;33;5;40;100m%ttt;[0;30;5;40;100mS[0;33;5;40;100mt;;ttS[0;30;5;40;100mX[0;33;5;40;100m%SSX[0;31;5;40;100mS[0;1;30;90;40m@[0;33;5;40;100m88[0;31;5;40;100mSSS[0;1;30;90;40mX[0;1;30;90;43m8[0;1;33;93;47m@[0;33;5;40;100m8[0m    
   [0;33;5;40;100mS[0;1;33;93;47mS[0;1;37;97;47m8[0;33;47m@[0;30;5;40;100m8[0;1;37;97;47m88888[0;33;5;40;100m;[0;1;30;90;47m.[0;1;37;97;47m8888[0;33;5;40;100m t[0;1;37;97;47m888[0;1;33;93;47mS[0;33;47m@[0;1;30;90;40mX[0;1;33;93;47mXXXXX[0;1;30;90;40mX[0;1;30;90;43m8[0;1;33;93;47m@@[0;33;5;40;100mX[0m   
  [0;33;5;40;100mX[0;1;33;93;47mSS[0;1;37;97;47m8[0;33;47mX[0;30;5;40;100m8[0;1;37;97;47m88888[0;33;5;40;100m.[0;1;30;90;47m [0;1;37;97;47m8888[0;37;5;40;100m8[0;33;5;40;100m;[0;1;37;97;47m8888[0;33;47m@[0;1;30;90;40m@[0;1;33;93;47mXXXXX[0;1;30;90;40mX[0;1;30;90;43m8[0;1;33;93;47m@@@[0;33;5;40;100mX[0m  
  [0;1;33;93;47mSS[0;1;37;97;47m88[0;33;47mX[0;30;5;40;100m@[0;1;33;93;47m%[0;1;37;97;47mXX@@[0;33;5;40;100m [0;1;30;90;47m;[0;1;37;97;47m@@@X[0;33;5;40;100m ;[0;1;33;93;47mSSSX[0;1;30;90;47mX[0;1;30;90;40m@[0;33;47mX@@@@[0;1;30;90;40mX[0;1;30;90;43m8[0;1;33;93;47m@@@@[0;31;5;40;100mS[0m 
 [0;33;47m@[0;1;33;93;47mSS[0;1;37;97;47m88[0;33;47mX[0;30;5;40;100m@[0;33;5;40;100m [0;37;5;40;100m888[0;1;30;90;47m8[0;33;5;40;100m [0;37;5;40;100m@[0;1;30;90;47m@@[0;37;5;40;100m88[0;33;5;40;100m:t .:;%[0;1;30;90;40m@[0;33;5;40;100m%SSSX[0;1;30;90;40mS[0;1;30;90;43m8[0;1;33;93;47m@@@@[0;33;47m8[0m 
[0;31;5;40;100mS[0;1;33;93;47mSSS[0;1;37;97;47m88[0;33;47mX[0;30;5;40;100m@[0;1;37;97;47m88888[0;33;5;40;100m [0;1;30;90;47m [0;37;5;47;107mS[0;1;37;97;47m888[0;37;5;40;100m8[0;33;5;40;100m:[0;1;37;97;47m8888[0;33;47m@[0;1;30;90;40m@[0;1;33;93;47mSXXXX[0;1;30;90;40m@[0;1;30;90;43m8[0;1;33;93;47m@@@@@[0;33;5;40;100m8[0m
[0;33;5;40;100mt[0;1;33;93;47mSSS[0;1;37;97;47m88[0;33;47mX[0;30;5;40;100m8[0;1;37;97;47m88888[0;33;5;40;100m [0;1;30;90;47m [0;1;37;97;47m8888[0;37;5;40;100m8[0;33;5;40;100m;[0;1;37;97;47m8888[0;33;47m@[0;1;30;90;40m@[0;1;33;93;47mXXXXX[0;1;30;90;40m@[0;1;30;90;43m8[0;1;33;93;47m@@@@@[0;33;5;40;100mS[0m
[0;33;47m8[0;1;33;93;47mXSSS[0;1;37;97;47m8[0;33;47mX[0;30;5;40;100m8[0;1;30;90;47m;:...[0;33;5;40;100m:[0;37;5;40;100m8[0;1;30;90;47m  ..[0;33;5;40;100m t[0;1;30;90;47m;tt%[0;33;5;40;100m.[0;1;30;90;40m@[0;1;30;90;47mSX[0;33;47m888[0;1;30;90;40mX[0;1;30;90;43m8[0;1;33;93;47m@@@@@[0;37;43m8[0m
[0;33;47m8[0;1;33;93;47mXXSSS[0;33;47m@[0;1;30;90;40m8[0;1;30;90;47mXS%%%[0;33;5;40;100m%.[0;1;30;90;47mt%%%[0;33;5;40;100m;X[0;1;30;90;47mXX[0;37;5;40;100m8[0;33;5;40;100m.t[0;1;30;90;40mX[0;33;5;40;100m:;;;t[0;1;30;90;40mS[0;1;30;90;43m8[0;1;33;93;47m@@@@@[0;37;43m8[0m
[0;33;5;40;100mt[0;1;33;93;47mXXXSS[0;33;47m@[0;1;30;90;40m8[0;1;33;93;47mS[0;1;37;97;47m8888[0;30;5;40;100mS[0;33;47m@[0;1;37;97;47m8888[0;33;5;40;100m S[0;1;37;97;47m8[0;1;33;93;47mSSS[0;33;47m8[0;1;30;90;40mS[0;1;33;93;47mXXXXX[0;1;30;90;40mX[0;1;30;90;43m8[0;1;33;93;47m@@@@@[0;33;5;40;100mS[0m
[0;31;5;40;100mS[0;1;33;93;47mXXXXS[0;33;47m@[0;1;30;90;40m@[0;1;33;93;47mSS[0;1;37;97;47m888[0;30;5;40;100mX[0;33;47m8[0;1;37;97;47m8888[0;33;5;40;100m:S[0;1;33;93;47mSSSX[0;33;47m8[0;1;30;90;40mS[0;1;33;93;47mXXXXX[0;1;30;90;40mX[0;1;30;90;43m8[0;1;33;93;47m@@@@@[0;31;5;40;100mS[0m
 [0;33;47m8[0;1;33;93;47mXXXX[0;33;47m8[0;1;30;90;40m@[0;33;5;40;100mt;;;:[0;30;5;40;100m8[0;33;5;40;100m%::;;X[0;30;5;40;100m@[0;33;5;40;100mttt%S[0;1;30;90;40mS[0;33;5;40;100m%SSSS[0;1;30;90;40mS[0;1;30;90;43m8[0;1;33;93;47m@@@@[0;33;47m8[0m 
  [0;1;33;93;47mXXXX[0;33;47m8[0;1;30;90;40mS[0;33;47m88@@@[0;1;30;90;40m8[0;33;5;40;100m;[0;33;47m@@@@[0;33;5;40;100m%8[0;33;47m8888[0;33;5;40;100m;[0;34;40m;[0;33;47m88888[0;1;30;90;40mS[0;1;30;90;43m8[0;1;33;93;47m@@@@[0;31;5;40;100mS[0m 
  [0;33;5;40;100m@[0;1;33;93;47mXXX[0;33;47m8[0;1;30;90;40m%[0;1;33;93;47mXXXXX[0;1;30;90;40m8[0;33;47m8[0;1;33;93;47mXXXX[0;33;5;40;100m%8[0;1;33;93;47mXXXX[0;33;47m8[0;34;40m;[0;1;33;93;47m@@@@@[0;1;30;90;40mS[0;1;30;90;43m8[0;1;33;93;47m@@@[0;33;5;40;100m@[0m  
   [0;33;5;40;100mX[0;1;33;93;47mXX@[0;30;5;40;100m8[0;1;33;93;47mXXXXX[0;33;5;40;100m8[0;33;47m8[0;1;33;93;47mXXXX[0;33;5;40;100m:S[0;1;33;93;47mXXXX@[0;30;5;40;100m8[0;1;33;93;47m@@@@@[0;30;5;40;100m@[0;33;47m8[0;1;33;93;47m@@[0;33;5;40;100mX[0m   
    [0;33;5;40;100m8[0;1;33;93;47m@@[0;37;43m8[0;1;33;93;47mXXXXX[0;33;47m8[0;1;33;93;47mXXXXX[0;33;47m@8[0;1;33;93;47mX@@@@[0;1;30;90;43m8[0;1;33;93;47m@@@@@[0;1;30;90;43m8[0;1;33;93;47m@8[0;33;5;40;100m8[0m    
      [0;1;30;90;43m8[0;1;33;93;47m@@@@@@@@@@@@@@@@@@@@@@@@@@[0;1;30;90;43m8[0m      
        [0;1;30;90;43m8[0;1;33;93;47m@@@@@@@@@@@@@@@@@@@@@@[0;1;30;90;43m8[0m        
          [0;33;5;40;100m8[0;37;43m8[0;1;33;93;47m@@@@@@@@@@@@@@@8[0;1;30;90;43m8[0;33;5;40;100m8[0m          
              [0;33;5;40;100m8X[0;1;30;90;43m8[0;33;47m888888[0;1;30;90;43m8[0;33;5;40;100mX8[0m              
