[0;31;40m8[0;5;31;40m8[0;5;33;40m88[0;5;31;40mS[0;5;33;40m88888888888[0;5;31;40m8[0;5;33;40m888888[0;1;30;41m8[0;5;31;40m@[0;5;33;40m8888888[0;5;31;40m8S[0;5;33;40m88[0;5;31;40mS[0;5;33;40m88[0;5;31;40mS@[0;5;33;40m88[0;5;31;40mX8[0;1;30;41m8[0;5;31;40mS[0;1;30;41m8[0;30;41m8[0;1;30;41m8[0;5;33;40m888888[0;5;31;40m8[0;5;33;40m88888888888888888[0;5;31;40mS8[0;1;30;41m88[0;5;33;40m8[0;31;40m8[s
[u[0;5;31;40m8[0;5;33;40m8[0;1;30;43m88[0;5;33;40m888[0;1;30;43m8[0;5;33;40m8[0;1;30;43m8888888[0;5;33;40m8[0;1;30;43m888888[0;5;33;40m8[0;1;30;43m8888888[0;5;33;40m888[0;1;30;43m88[0;5;33;40m8[0;1;30;43m888[0;5;33;40m8[0;1;30;43m88[0;5;33;40m88[0;5;31;40mX[0;5;33;40m88[0;5;31;40m@@[0;1;30;43m88888[0;5;33;40m8[0;1;30;43m88888888888888[0;5;33;40m8[0;1;30;43m8[0;5;31;40m8[0;5;33;40m8[0;1;30;43m8[0;5;33;40m8[0;5;31;40m@@[0;5;33;40m8[0;31;40m8[s
[u[0;5;31;40m8[0;5;33;40m888[0;1;30;43m88888888888[0;5;33;40m@8[0;1;30;43m888888[0;5;33;40m8[0;1;30;43m88888[0;5;33;40m8[0;1;30;43m8[0;5;33;40m88[0;1;30;43m888[0;5;33;40m8[0;1;30;43m8[0;5;33;40m888[0;1;30;43m88[0;5;33;40m88[0;5;31;40mX[0;5;33;40m88[0;5;31;40m8@[0;1;30;43m8[0;5;33;40m8[0;1;30;43m888[0;5;33;40m8[0;1;30;43m888888888888888888[0;5;33;40m88[0;5;31;40m8[0;5;33;40m88[0;31;40m8[s
[u[0;5;31;40m8[0;5;33;40m8[0;1;30;43m88[0;5;33;40m8[0;1;30;43m8[0;5;33;40m8[0;1;30;43m888888[0;5;33;40m8[0;1;30;43m8[0;5;33;40m88[0;1;30;43m888888[0;5;33;40m8[0;1;30;43m888888[0;5;33;40m88[0;1;30;43m8[0;5;33;40m88[0;1;30;43m8888[0;5;33;40m8[0;5;31;40m8[0;1;30;43m8[0;5;33;40m88[0;1;30;43m8[0;5;31;40m8[0;5;33;40m88[0;5;31;40m8@[0;1;30;43m88888[0;5;33;40m88[0;1;30;43m8888888888888[0;5;33;40m88[0;1;30;43m8[0;5;33;40m8[0;1;30;43m8[0;5;33;40m8[0;5;31;40m@8[0;5;33;40m8[0;31;40m8[s
[u[0;5;31;40m8[0;5;33;40m8[0;1;30;43m88888888888[0;5;33;40m8[0;1;30;43m8[0;5;33;40m88[0;1;30;43m88888888888888[0;5;33;40m8[0;1;30;43m8[0;5;33;40m88[0;1;30;43m888[0;5;33;40m888[0;1;30;43m8[0;5;33;40m8[0;1;30;43m88[0;5;31;40m8[0;5;33;40m88[0;5;31;40m@@[0;1;30;43m88888[0;5;33;40m88[0;1;30;43m8888888888888[0;5;33;40m8[0;1;30;43m88[0;5;33;40m8[0;1;30;43m8[0;5;31;40mX[0;5;33;40m888[0;31;40m8[s
[u[0;5;31;40m8X[0;5;33;40m8[0;1;30;43m888888888[0;5;33;40m88[0;1;30;43m88[0;5;33;40m8[0;1;30;43m888888[0;5;33;40m8[0;1;30;43m888888[0;5;33;40m8[0;5;31;40m@[0;5;33;40m888[0;1;30;43m888[0;5;31;40m8[0;1;30;43m8[0;5;33;40m8[0;1;30;43m8[0;5;33;40m8[0;1;30;43m8[0;5;33;40m8[0;5;31;40m8[0;5;33;40m88[0;5;31;40mX@[0;1;30;43m88888[0;5;33;40m88[0;1;30;43m8888888888888[0;5;33;40m8[0;1;30;43m88[0;5;33;40m88[0;5;31;40m8[0;5;33;40m888[0;31;40m8[s
[u8[0;5;31;40m@[0;1;30;43m888[0;5;33;40m8[0;1;30;43m888[0;5;33;40m8[0;1;30;43m88[0;5;33;40m88[0;1;30;43m88[0;5;33;40m8[0;1;30;43m888888[0;5;33;40m8[0;1;30;43m888888[0;5;33;40m88[0;1;30;43m888888[0;5;33;40m8[0;1;30;43m888[0;5;33;40m8[0;1;30;43m8[0;5;33;40m@[0;5;31;40m8[0;5;33;40m88[0;5;31;40m@@[0;1;30;43m88888[0;5;33;40m88[0;1;30;43m8888888888888[0;5;33;40m8[0;1;30;43m8[0;5;33;40m888[0;5;31;40m@@@[0;5;33;40m8[0;31;40m8[s
[u8[0;5;31;40m@[0;1;30;43m888[0;5;33;40m88[0;1;30;43m88[0;5;33;40m8[0;1;30;43m88[0;5;33;40m88[0;1;30;43m88[0;5;33;40m8[0;1;30;43m888888[0;5;33;40m8[0;1;30;43m888[0;5;33;40m8[0;1;30;43m88[0;5;33;40m88[0;1;30;43m8[0;5;33;40m88[0;1;30;43m8[0;5;33;40m888[0;1;30;43m88888[0;5;33;40m8888[0;5;31;40m@@[0;1;30;43m88888[0;5;33;40m88[0;1;30;43m888888888888[0;5;33;40m8[0;1;30;43m88[0;5;33;40m8[0;1;30;43m8[0;5;33;40m8[0;5;31;40m@@[0;5;33;40m88[0;31;40m8[s
[u8[0;5;31;40m8[0;1;30;43m888[0;5;33;40m8[0;1;30;43m888888[0;5;33;40m88[0;1;30;43m88[0;5;33;40m8[0;1;30;43m88888[0;5;33;40m@[0;5;31;40mX[0;1;30;43m88888[0;5;33;40m888[0;1;30;43m88888[0;5;33;40m88[0;1;30;43m8[0;5;33;40m8[0;1;30;43m8[0;5;33;40m8[0;1;30;43m8[0;5;31;40m8[0;5;33;40m888[0;5;31;40mX@[0;1;30;43m8[0;5;33;40m8[0;1;30;43m888[0;5;33;40m8888[0;1;30;43m888888888888[0;5;33;40m8[0;1;30;43m8[0;5;33;40m8[0;5;31;40m8@8[0;5;33;40m8[0;5;31;40mX[0;31;40m8[s
[u@[0;5;33;40m8888[0;1;30;43m88888888888[0;5;33;40m8[0;1;30;43m888888[0;5;33;40m8[0;1;30;43m8888888[0;5;33;40m8[0;1;30;43m8[0;5;33;40m8[0;1;30;43m8[0;5;33;40m8[0;1;30;43m8[0;5;33;40m8[0;5;31;40m8[0;1;30;43m8[0;5;33;40m8[0;1;30;43m888[0;5;33;40m8[0;5;31;40m@[0;5;33;40m8[0;5;31;40mX@@[0;1;30;43m8[0;5;33;40m8@[0;1;30;43m88[0;5;33;40m88[0;1;30;43m888888888888[0;5;33;40m8[0;1;30;43m88[0;5;33;40m88[0;5;31;40m@X8[0;1;30;43m8[0;5;31;40m@[0;31;40m8[s
[u@[0;5;33;40m88[0;1;30;43m8[0;5;33;40m88[0;1;30;43m8888888888[0;5;33;40m8[0;1;30;43m888888[0;5;33;40m8[0;1;30;43m88888[0;5;33;40m8[0;1;30;43m8[0;5;33;40m88888[0;1;30;43m8[0;5;33;40m888888[0;1;30;43m8[0;5;33;40m8[0;5;31;40m@[0;5;33;40m8[0;5;31;40m@@@[0;5;33;40m8[0;1;30;43m88[0;5;33;40m88[0;5;31;40mX[0;5;33;40m8[0;1;30;43m888888888888[0;5;33;40m8[0;1;30;43m888[0;5;33;40m88[0;5;31;40mX@[0;5;33;40m8[0;5;31;40m@[0;31;40m8[s
[u@[0;5;33;40m88@[0;1;30;43m8[0;5;33;40m8[0;1;30;43m88888[0;5;33;40m8[0;1;30;43m8888[0;5;33;40m88[0;1;30;43m8888[0;5;31;40m8[0;5;33;40m8[0;1;30;43m88888[0;5;33;40m8888[0;5;31;40m8@[0;1;30;43m88[0;5;33;40m8[0;5;31;40m@[0;5;33;40m8[0;5;31;40m8[0;5;33;40m88[0;1;30;43m8[0;5;33;40m8[0;5;31;40mX[0;5;33;40m8[0;5;31;40mX@X[0;5;33;40m8[0;1;30;43m888[0;5;33;40m888[0;1;30;43m8888888888888[0;5;33;40m8[0;1;30;43m8[0;5;33;40m8[0;1;30;43m8[0;5;31;40m@8@[0;5;33;40m8[0;5;31;40m8[0;31;40m8[s
[u@[0;5;31;40m8[0;5;33;40m8[0;1;30;43m88[0;5;33;40m8[0;1;30;43m8888[0;5;33;40m88[0;1;30;43m8888[0;5;33;40m8[0;1;30;43m88888[0;5;33;40m88[0;1;30;43m88888[0;5;33;40m8888[0;5;31;40m8X8[0;1;30;43m8[0;5;31;40m@@[0;5;33;40m88[0;1;30;43m8[0;5;33;40m8[0;1;30;43m8[0;5;33;40m8[0;5;31;40mX8@@@[0;5;33;40m8[0;1;30;43m888[0;5;33;40m888[0;1;30;43m88888888888[0;5;33;40m8[0;1;30;43m8[0;5;33;40m8[0;1;30;43m8[0;5;33;40m8[0;1;30;43m8[0;5;31;40m@@@8X[0;31;40m8[s
[u@[0;5;31;40m@[0;5;33;40m88[0;1;30;43m8[0;5;33;40m8[0;1;30;43m8888[0;5;33;40m88[0;1;30;43m8888[0;5;33;40m8[0;1;30;43m888[0;5;33;40m8[0;1;30;43m8[0;5;33;40m8[0;1;30;43m888888[0;5;33;40m8[0;5;31;40m@[0;1;30;43m8[0;5;33;40m8888[0;1;30;43m8[0;5;33;40m8[0;5;31;40m@[0;5;33;40m8[0;5;31;40m8[0;5;33;40m8[0;1;30;43m88[0;5;31;40m@8[0;5;33;40m8[0;5;31;40m8X@[0;5;33;40m8[0;1;30;43m88[0;5;33;40m8888[0;1;30;43m88888888888[0;5;33;40m8[0;1;30;43m8[0;5;33;40m8[0;1;30;43m8[0;5;33;40m8[0;1;30;43m8[0;5;31;40m@@8@@[0;31;40m8[s
[u@[0;5;33;40m8[0;1;30;43m8[0;5;33;40m8[0;1;30;43m8[0;5;33;40m8[0;1;30;43m8[0;5;33;40m8[0;1;30;43m8[0;5;31;40m8[0;1;30;43m8[0;5;31;40m@[0;5;33;40m8[0;1;30;43m888[0;5;33;40m8[0;1;30;43m888[0;5;33;40m8[0;1;30;43m88[0;5;33;40m8[0;1;30;43m888888[0;5;33;40m8888[0;1;30;43m8[0;5;33;40m8[0;1;30;43m88[0;5;33;40m8888[0;1;30;43m88[0;5;31;40m@X[0;5;33;40m8[0;5;31;40mX@@[0;5;33;40m88888[0;5;31;40m8[0;1;30;43m8[0;5;33;40m8[0;1;30;43m8888888888[0;5;33;40m88[0;1;30;43m88[0;5;33;40m8[0;1;30;43m8[0;5;31;40m8@88@[0;31;40m8[s
[u@[0;5;33;40m8[0;1;30;43m88[0;5;33;40m8[0;5;31;40m8[0;5;33;40m888[0;5;31;40m@[0;1;30;43m8[0;5;33;40m88[0;1;30;43m888[0;5;33;40m88[0;1;30;43m888888[0;5;33;40m88[0;1;30;43m888[0;5;33;40m8888[0;5;31;40m@[0;5;33;40m88[0;1;30;43m88[0;5;33;40m8888[0;1;30;43m88[0;5;31;40mX@[0;5;33;40m8[0;5;31;40m@@@[0;5;33;40m88888[0;5;31;40m8[0;1;30;43m888888888888[0;5;33;40m8[0;1;30;43m888[0;5;33;40m8[0;1;30;43m8[0;5;31;40m8@[0;5;33;40m8[0;5;31;40m8@[0;31;40m8[s
[u8[0;5;33;40m888@8[0;5;31;40mX[0;5;33;40m8[0;1;30;43m8[0;5;31;40mX[0;1;30;43m8888[0;5;33;40m8[0;1;30;43m8[0;5;33;40m8[0;1;30;43m888888[0;5;31;40m8[0;5;33;40m8[0;1;30;43m8888[0;5;33;40m888[0;5;31;40m8[0;5;33;40m888[0;1;30;43m8[0;5;33;40m8[0;5;31;40m@[0;5;33;40m8888[0;1;30;43m8[0;5;31;40m@@8@8@[0;5;33;40m888888[0;1;30;43m8888888888888[0;5;33;40m8[0;1;30;43m88[0;5;33;40m8[0;1;30;43m8[0;5;31;40m8@@@[0;5;33;40m8[0;5;31;40m8[s
[u[0;31;40m@[0;1;30;43m8[0;5;31;40m@[0;5;33;40m888[0;5;31;40m8[0;5;33;40m8[0;1;30;43m8[0;5;31;40mX[0;1;30;43m8[0;5;33;40m8[0;1;30;43m8888[0;5;33;40m88[0;1;30;43m88888[0;5;33;40m88[0;1;30;43m88888[0;5;31;40m@[0;5;33;40m8888888[0;5;31;40mX[0;5;33;40m88888[0;5;31;40m@[0;5;33;40m88[0;5;31;40m@@@[0;1;30;43m88[0;5;33;40m88[0;5;31;40m@X[0;1;30;43m88888[0;5;33;40m@[0;1;30;43m8888888[0;5;33;40m8[0;1;30;43m88[0;5;33;40m8[0;1;30;43m8[0;5;33;40m88[0;5;31;40mX@[0;5;33;40m8[0;5;31;40m8[s
[u[0;31;40m@[0;1;30;43m8[0;5;31;40mX[0;5;33;40m8[0;5;31;40m@[0;5;33;40m888[0;1;30;43m8[0;5;33;40m8[0;1;30;43m8888888[0;5;33;40m8[0;1;30;43m88888[0;5;33;40m8[0;1;30;43m88888[0;5;33;40m@[0;5;31;40m88[0;5;33;40m8[0;5;31;40m8@[0;5;33;40m888[0;5;31;40m@[0;1;30;43m8[0;5;33;40m88[0;1;30;43m8[0;5;33;40m8[0;5;31;40m@[0;5;33;40m8[0;5;31;40m8@@@[0;1;30;43m88[0;5;33;40m88@8[0;1;30;43m888888888888[0;5;33;40m88[0;1;30;43m88[0;5;33;40m8[0;1;30;43m8[0;5;33;40m8[0;5;31;40m8[0;5;33;40m8[0;5;31;40m8[0;5;33;40m8[0;5;31;40m8[s
[u[0;31;40m8[0;1;30;43m8[0;5;31;40m8[0;1;30;43m8[0;5;33;40m8[0;1;30;43m8888888[0;5;33;40m8[0;1;30;43m888[0;5;33;40m88[0;1;30;43m88888[0;5;33;40m8[0;1;30;43m888888[0;5;33;40m8[0;5;31;40m8[0;1;30;43m8[0;5;31;40m@8[0;5;33;40m888[0;5;31;40m@[0;1;30;43m8[0;5;33;40m88[0;1;30;43m8[0;5;33;40m8[0;5;31;40m@[0;5;33;40m888[0;5;31;40mXX[0;5;33;40m88888[0;1;30;43m8888888888888[0;5;33;40m88[0;1;30;43m88[0;5;33;40m8[0;1;30;43m8[0;5;31;40m8@8@[0;5;33;40m8[0;5;31;40m8[s
[u[0;31;40m8[0;1;30;43m8[0;5;33;40m8[0;1;30;43m8[0;5;33;40m88[0;1;30;43m8888[0;5;33;40m8[0;5;31;40m8[0;5;33;40m8[0;1;30;43m888[0;5;33;40m8[0;1;30;43m88888[0;5;33;40m88[0;1;30;43m8888888[0;5;33;40m88[0;5;31;40m@[0;5;33;40m8888[0;5;31;40m8[0;1;30;43m8[0;5;33;40m88[0;1;30;43m8[0;5;33;40m8[0;5;31;40m@[0;5;33;40m888[0;5;31;40m@@[0;5;33;40m8888[0;5;31;40mX[0;5;33;40m8[0;1;30;43m8888888888888888[0;5;33;40m8[0;1;30;43m8[0;5;33;40m88[0;5;31;40m@[0;5;33;40m8[0;1;30;43m8[0;5;31;40m8[s
[u[0;31;40m@[0;1;30;43m8[0;5;33;40m8[0;1;30;43m88888[0;5;33;40m88888@[0;1;30;43m88[0;5;33;40m8[0;1;30;43m888888[0;5;31;40m@[0;1;30;43m8[0;5;33;40m8[0;1;30;43m8[0;5;33;40m8[0;1;30;43m888[0;5;33;40m88[0;5;31;40m@[0;5;33;40m8[0;1;30;43m88[0;5;33;40m88[0;1;30;43m88[0;5;33;40m8[0;1;30;43m8[0;5;33;40m8[0;5;31;40m@[0;5;33;40m88[0;5;31;40mX[0;5;33;40m8[0;5;31;40m@[0;5;33;40m8888[0;5;31;40m@[0;5;33;40m8[0;1;30;43m8888888888888888[0;5;33;40m8[0;1;30;43m8[0;5;33;40m8[0;5;31;40m8@@[0;1;30;43m8[0;5;31;40m@[s
[u[0;31;40mS[0;5;33;40m88[0;1;30;43m8888[0;5;33;40m8[0;5;31;40m@[0;5;33;40m8[0;1;30;43m8[0;5;33;40m888[0;1;30;43m8[0;5;31;40m8@[0;5;33;40m8[0;1;30;43m88888[0;5;33;40m8[0;1;30;43m8888888[0;5;33;40m88[0;5;31;40m@8[0;5;33;40m8888[0;1;30;43m88[0;5;33;40m8[0;1;30;43m8[0;5;33;40m8[0;5;31;40m@[0;5;33;40m8[0;5;31;40m8@@@[0;5;33;40m8888[0;5;31;40mX[0;5;33;40m8[0;1;30;43m88888888[0;5;33;40m8[0;1;30;43m8888888[0;5;33;40m8[0;1;30;43m8[0;5;31;40m8XX8[0;1;30;43m8[0;5;30;40m8[s
[u[0;31;40mt[0;1;30;43m8888[0;5;31;40mX@@X[0;5;33;40m8[0;1;30;43m8[0;5;33;40m8888[0;5;31;40m8@[0;5;33;40m8[0;1;30;43m88888[0;5;33;40m8[0;1;30;43m888888[0;5;33;40m88[0;1;30;43m8[0;5;31;40mX[0;5;33;40m88888[0;1;30;43m88[0;5;33;40m888[0;5;31;40m@[0;5;33;40m88[0;5;31;40m@@@[0;5;33;40m8888[0;5;31;40m@[0;5;33;40m8[0;1;30;43m8[0;5;33;40m8[0;1;30;43m888888888888[0;5;33;40m8[0;1;30;43m8[0;5;33;40m8[0;1;30;43m8[0;5;31;40m8@[0;5;33;40m88[0;1;30;43m8[0;31;40mX[s
[u[0;37;40m [0;1;30;43m8[0;5;33;40m888[0;5;31;40m@@8[0;1;30;43m8888[0;5;33;40m88[0;1;30;43m8[0;5;33;40m888[0;1;30;43m88888888[0;5;33;40m8[0;1;30;43m8[0;5;33;40m8[0;1;30;43m88[0;5;33;40m@8[0;5;31;40m@[0;5;33;40m888[0;5;31;40mX[0;5;33;40m8[0;1;30;43m88[0;5;33;40m88[0;5;31;40m8X[0;5;33;40m88[0;5;31;40m@@@[0;5;33;40m8@88[0;5;31;40m@[0;5;33;40m88[0;1;30;43m88888888888[0;5;33;40m8[0;1;30;43m8[0;5;33;40m8[0;1;30;43m8[0;5;33;40m8[0;1;30;43m8[0;5;31;40mX@[0;5;33;40m88[0;1;30;43m8[0;37;40m [s
[u [0;5;31;40mS[0;5;33;40m888[0;5;31;40m8[0;5;33;40m8[0;1;30;43m88888[0;5;33;40m8[0;1;30;43m888[0;5;31;40m8[0;5;33;40m8[0;1;30;43m8888[0;5;33;40m88[0;1;30;43m88[0;5;33;40m88[0;1;30;43m8888[0;5;31;40m8@[0;5;33;40m8@888[0;1;30;43m88[0;5;33;40m8[0;1;30;43m8[0;5;31;40m@@[0;5;33;40m88[0;5;31;40m@@@[0;5;33;40m8888[0;5;31;40m@8[0;1;30;43m888888888888[0;5;33;40m8[0;1;30;43m8[0;5;33;40m8[0;1;30;43m8[0;5;33;40m8[0;1;30;43m8[0;5;33;40m8[0;5;31;40m@@[0;5;33;40m88[0;37;40m [s
[u [0;31;40m8[0;5;33;40m8888[0;1;30;43m88[0;5;33;40m8[0;1;30;43m88[0;5;33;40m88[0;1;30;43m888[0;5;31;40m8[0;5;33;40m8[0;1;30;43m88888[0;5;33;40m8[0;1;30;43m8[0;5;33;40m8888[0;1;30;43m8888[0;5;31;40m8[0;5;33;40m8[0;1;30;43m8[0;5;31;40m@@[0;1;30;43m8[0;5;33;40m8[0;1;30;43m8[0;5;33;40m8[0;1;30;43m8[0;5;31;40m@8[0;5;33;40m88[0;5;31;40m@@@8[0;5;33;40m88[0;5;31;40mX8@[0;5;33;40m8[0;1;30;43m8888888[0;5;33;40m8[0;1;30;43m8888888[0;5;33;40m8@[0;5;31;40mXX@X8[0;37;40m [s
[u  [0;5;33;40m88888[0;1;30;43m88888888[0;5;33;40m8[0;5;31;40m@@[0;5;33;40m88[0;1;30;43m8[0;5;33;40m88[0;5;31;40mX[0;5;33;40m8[0;1;30;43m8[0;5;33;40m8888[0;1;30;43m8[0;5;33;40m88[0;5;31;40mX@[0;1;30;43m8[0;5;31;40mX@[0;1;30;43m8[0;5;33;40m8[0;1;30;43m8[0;5;33;40m8[0;1;30;43m8[0;5;31;40m@8[0;5;33;40m88[0;5;31;40m@X8[0;5;33;40m8[0;5;31;40m8@[0;5;33;40m8[0;5;31;40m8[0;5;33;40m8@[0;1;30;43m88[0;5;33;40m8[0;1;30;43m8[0;5;33;40m8[0;1;30;43m888888888[0;5;33;40m@8888[0;5;31;40m8[0;5;33;40m8[0;31;40mt[0;37;40m [s
[u  [0;5;33;40m8888[0;1;30;43m888888888[0;5;31;40mX[0;5;33;40m88[0;5;31;40m8[0;5;33;40m8[0;1;30;43m8[0;5;33;40m8[0;5;31;40m@@[0;5;33;40m888888[0;1;30;43m88[0;5;33;40m8888[0;5;31;40mX@[0;1;30;43m8[0;5;33;40m8[0;1;30;43m8[0;5;33;40m88[0;5;31;40m8X[0;5;33;40m8[0;1;30;43m8[0;5;33;40m8[0;5;31;40mX[0;5;33;40m888[0;5;31;40mX[0;5;33;40m888@[0;1;30;43m8888[0;5;33;40m8[0;1;30;43m88888[0;5;33;40m8[0;1;30;43m888[0;5;33;40m88[0;1;30;43m8[0;5;33;40m888[0;5;31;40mX[0;37;40m  [s
[u  [0;31;40mt[0;5;33;40m8[0;1;30;43m88[0;5;33;40m88[0;1;30;43m888[0;5;33;40m8888[0;5;31;40m@[0;1;30;43m8[0;5;33;40m8[0;1;30;43m888[0;5;33;40m8[0;5;31;40m@@@[0;5;33;40m8[0;5;31;40m8[0;5;33;40m8[0;5;31;40m8X8[0;5;33;40m88888[0;5;31;40m@[0;5;33;40m8[0;1;30;43m8[0;5;33;40m8[0;1;30;43m8[0;5;33;40m88888[0;1;30;43m8[0;5;33;40m8[0;5;31;40m@8[0;5;33;40m8[0;5;31;40m8@[0;5;33;40m8888[0;1;30;43m88888888888888[0;5;33;40m8[0;1;30;43m8[0;5;33;40m8888[0;31;40m%[0;37;40m  [s
[u   [0;5;31;40m8[0;1;30;43m88888[0;5;33;40m88[0;5;31;40m@8[0;1;30;43m8[0;5;33;40m8[0;1;30;43m888[0;5;33;40m888[0;5;31;40m@@@[0;5;33;40m88[0;1;30;43m8[0;5;33;40m8[0;5;31;40m@[0;5;33;40m888@[0;5;31;40m@[0;5;33;40m8[0;5;31;40m88[0;5;33;40m8[0;1;30;43m8[0;5;33;40m8[0;1;30;43m8[0;5;33;40m88[0;5;31;40mX@[0;5;33;40m8[0;1;30;43m8[0;5;31;40m@@@8@88[0;5;33;40m888[0;1;30;43m88888888888888[0;5;33;40m8[0;1;30;43m8[0;5;33;40m888[0;5;31;40m8[0;37;40m   [s
[u    [0;5;33;40m88[0;1;30;43m8[0;5;33;40m8[0;1;30;43m8[0;5;33;40m8[0;5;31;40mX[0;5;33;40m88[0;1;30;43m8[0;5;33;40m8[0;1;30;43m888[0;5;33;40m8[0;1;30;43m88[0;5;33;40m8[0;5;31;40m@[0;5;33;40m8[0;1;30;43m888[0;5;33;40m88888888[0;5;31;40m8[0;5;33;40m88[0;1;30;43m8[0;5;33;40m8[0;1;30;43m8[0;5;33;40m8[0;1;30;43m8[0;5;31;40m8[0;5;33;40m8888[0;5;31;40m@@[0;5;33;40m88[0;5;31;40m88X@[0;5;33;40m8[0;1;30;43m88888888888[0;5;33;40m8[0;1;30;43m88[0;5;33;40m8[0;1;30;43m8[0;5;33;40m888[0;37;40m    [s
[u    [0;31;40mS[0;5;31;40mX8[0;5;33;40m8[0;5;31;40m@8[0;5;33;40m8888[0;1;30;43m88[0;5;33;40m88[0;1;30;43m888888888888[0;5;33;40m88[0;5;31;40m8[0;1;30;43m8[0;5;33;40m88[0;5;31;40m@[0;5;33;40m8[0;1;30;43m8[0;5;33;40m888[0;1;30;43m8[0;5;31;40m8[0;5;33;40m8[0;5;31;40m@[0;1;30;43m8[0;5;33;40m8[0;5;31;40mX@[0;5;33;40m888[0;5;31;40mX8@[0;5;33;40m8[0;1;30;43m88888888888888[0;5;33;40m8[0;1;30;43m8[0;5;33;40m88[0;31;40m%[0;37;40m    [s
[u     [0;31;40m8[0;5;33;40m88888[0;1;30;43m8[0;5;33;40m88@888[0;1;30;43m8888[0;5;33;40m8[0;1;30;43m88[0;5;33;40m8[0;1;30;43m888[0;5;33;40m88[0;5;31;40m8[0;1;30;43m8[0;5;33;40m88[0;5;31;40m8@[0;1;30;43m88[0;5;33;40m888[0;1;30;43m8[0;5;31;40m8@8[0;1;30;43m8[0;5;31;40m8[0;5;33;40m8888[0;5;31;40m@@[0;5;33;40m8[0;5;31;40m@[0;5;33;40m8[0;1;30;43m88888888888888[0;5;31;40m8[0;1;30;43m8[0;5;33;40m8[0;31;40m8[0;37;40m     [s
[u      [0;5;31;40m@[0;5;33;40m8[0;1;30;43m8[0;5;33;40m88[0;1;30;43m8[0;5;33;40m8[0;5;31;40mX8[0;5;33;40m8[0;5;31;40m@[0;5;33;40m8[0;1;30;43m888[0;5;33;40m88[0;1;30;43m888888[0;5;33;40m8[0;5;31;40m@[0;5;33;40m8[0;1;30;43m8[0;5;31;40m@[0;5;33;40m8[0;5;31;40m@[0;5;33;40m8[0;1;30;43m88[0;5;33;40m888[0;1;30;43m8[0;5;31;40m@[0;5;33;40m8888[0;5;31;40m@@@XX@[0;5;33;40m8[0;5;31;40m@[0;5;33;40m8[0;1;30;43m88888888888888[0;5;33;40m8[0;1;30;43m8[0;5;31;40mS[0;37;40m      [s
[u       [0;1;30;41m8[0;5;33;40m8[0;1;30;43m8[0;5;33;40m88[0;5;31;40m@@@@8[0;1;30;43m8888[0;5;33;40m888[0;1;30;43m88[0;5;33;40m8[0;5;31;40m@[0;1;30;43m8[0;5;33;40m88[0;1;30;43m8[0;5;33;40m8[0;5;31;40m@@X[0;5;33;40m8[0;1;30;43m8[0;5;33;40m8[0;1;30;43m8[0;5;33;40m88[0;1;30;43m8[0;5;31;40m8[0;5;33;40m8[0;5;31;40m@[0;1;30;43m8[0;5;33;40m88[0;5;31;40mX@@X@[0;5;33;40m8[0;5;31;40m@[0;5;33;40m8[0;1;30;43m88888888888888[0;5;33;40m8[0;5;31;40m8[0;37;40m       [s
[u        [0;5;31;40mX[0;5;33;40m888[0;5;31;40m@@@[0;5;33;40m8[0;1;30;43m8888[0;5;33;40m8888[0;1;30;43m88[0;5;33;40m88[0;1;30;43m8[0;5;31;40m@[0;5;33;40m8[0;1;30;43m8[0;5;31;40m@[0;5;33;40m8[0;5;31;40mX@[0;1;30;43m88[0;5;33;40m8[0;1;30;43m8[0;5;33;40m888[0;5;31;40m88[0;5;33;40m8[0;1;30;43m8[0;5;31;40m@8[0;5;33;40m8[0;5;31;40m@[0;5;33;40m8[0;5;31;40m@@[0;5;33;40m8[0;5;31;40m@[0;5;33;40m8[0;1;30;43m8888888888[0;5;33;40m88[0;1;30;43m88[0;5;31;40mS[0;37;40m        [s
[u         [0;5;31;40m8[0;5;33;40m88[0;5;31;40mXX8[0;1;30;43m8[0;5;33;40m@[0;1;30;43m88[0;5;33;40m888[0;1;30;43m88[0;5;33;40m8[0;1;30;43m8[0;5;33;40m888[0;5;31;40m@[0;5;33;40m8[0;5;31;40mXX[0;5;33;40m8[0;5;31;40m@[0;5;33;40m8[0;1;30;43m8888[0;5;33;40m88888[0;1;30;43m8[0;5;33;40m8[0;5;31;40m@[0;5;33;40m88[0;5;31;40m8X@8[0;5;33;40m8[0;5;31;40m8[0;1;30;43m8[0;5;33;40m8[0;1;30;43m8888888888[0;5;33;40m8[0;1;30;43m8[0;5;31;40m@[0;37;40m         [s
[u          [0;31;40mX[0;5;31;40m8@8[0;1;30;43m88[0;5;33;40m8[0;1;30;43m8888[0;5;33;40m8[0;1;30;43m888888[0;5;33;40m8[0;5;31;40m@[0;5;33;40m8[0;5;31;40m@[0;5;33;40m8[0;5;31;40mX@[0;5;33;40m8[0;1;30;43m8888[0;5;33;40m88[0;1;30;43m8[0;5;33;40m8[0;5;31;40m@[0;5;33;40m88[0;5;31;40m8[0;5;33;40m888[0;5;31;40m88[0;5;33;40m8888[0;1;30;43m8[0;5;33;40m8[0;1;30;43m888888888[0;5;33;40m8[0;31;40m@[0;37;40m          [s
[u            [0;1;30;41m8[0;5;33;40m8[0;1;30;43m88[0;5;33;40m8[0;1;30;43m88[0;5;33;40m8[0;1;30;43m88[0;5;33;40m@[0;1;30;43m8[0;5;33;40m8[0;1;30;43m8[0;5;33;40m8[0;1;30;43m8[0;5;33;40m888[0;5;31;40m@[0;5;33;40m8[0;5;31;40m@@[0;1;30;43m8[0;5;33;40m8[0;1;30;43m88[0;5;33;40m888[0;1;30;43m8[0;5;33;40m88[0;1;30;43m8[0;5;33;40m8[0;5;31;40m@X@[0;1;30;43m8[0;5;33;40m8[0;5;31;40m@8[0;5;33;40m888[0;1;30;43m8[0;5;33;40m8[0;1;30;43m88888888[0;5;33;40m8[0;37;40m            [s
[u             [0;5;31;40m8[0;1;30;43m88888[0;5;33;40m888[0;1;30;43m8[0;5;33;40m8[0;1;30;43m88[0;5;33;40m8[0;1;30;43m8[0;5;33;40m88[0;5;31;40m@@@@8[0;1;30;43m8888[0;5;33;40m888[0;1;30;43m8[0;5;33;40m888888[0;5;31;40m@[0;5;33;40m8[0;5;31;40m@@[0;5;33;40m8[0;1;30;43m8[0;5;33;40m88[0;1;30;43m888888888[0;5;31;40mX[0;37;40m             [s
[u              [0;31;40m%[0;5;33;40m8[0;1;30;43m888[0;5;33;40m88[0;1;30;43m88[0;5;33;40m8[0;1;30;43m8888[0;5;33;40m88888[0;5;31;40m@[0;1;30;43m88[0;5;33;40m@[0;1;30;43m88[0;5;33;40m88[0;1;30;43m88[0;5;33;40m8888[0;5;31;40m8@[0;5;33;40m8[0;1;30;43m8[0;5;31;40m8X[0;5;33;40m8[0;5;31;40m@[0;5;33;40m88[0;1;30;43m88[0;5;33;40m8[0;1;30;43m8888[0;5;33;40m8[0;31;40m%[0;37;40m              [s
[u                [0;31;40m8[0;5;33;40m@[0;1;30;43m8[0;5;33;40m888@8[0;1;30;43m88[0;5;33;40m8[0;1;30;43m8[0;5;31;40m@[0;5;33;40m88[0;1;30;43m8[0;5;33;40m88[0;1;30;43m88888[0;5;33;40m88[0;1;30;43m88[0;5;31;40mX[0;5;33;40m88[0;1;30;43m8[0;5;31;40m8[0;5;33;40m88[0;1;30;43m8[0;5;31;40m8@[0;5;33;40m8888[0;1;30;43m88[0;5;33;40m8[0;1;30;43m88[0;5;33;40m8[0;5;30;40m8[0;37;40m                [s
[u                  [0;5;31;40m@[0;5;33;40m88888[0;1;30;43m8888[0;5;31;40m@[0;1;30;43m88[0;5;33;40m8[0;5;31;40mX[0;5;33;40m8[0;1;30;43m88888[0;5;33;40m8[0;5;31;40m8[0;1;30;43m8[0;5;33;40m8[0;5;31;40m8[0;5;33;40m88[0;1;30;43m8[0;5;31;40m@[0;5;33;40m8[0;5;31;40m@[0;1;30;43m8[0;5;33;40m8[0;5;31;40m@[0;5;33;40m88[0;5;31;40m8[0;1;30;43m8[0;5;33;40m@[0;1;30;43m888[0;5;31;40mX[0;37;40m                  [s
[u                    [0;5;31;40m8[0;1;30;43m8[0;5;33;40m8@[0;1;30;43m888[0;5;33;40m8[0;5;31;40m@[0;1;30;43m8[0;5;33;40m8[0;5;31;40m@[0;5;33;40m8[0;1;30;43m88[0;5;33;40m88[0;1;30;43m88[0;5;33;40m8[0;5;31;40m@[0;1;30;43m8[0;5;33;40m8[0;5;31;40mX[0;5;33;40m88[0;1;30;43m8[0;5;31;40m@@8[0;1;30;43m8[0;5;33;40m88[0;1;30;43m8[0;5;33;40m88[0;1;30;43m8[0;5;33;40m88[0;5;31;40mX[0;37;40m                    [s
[u                      [0;31;40m8[0;5;33;40m@[0;1;30;43m888[0;5;33;40m8[0;5;31;40m8[0;1;30;43m8[0;5;31;40m8@[0;5;33;40m88[0;1;30;43m8[0;5;33;40m88[0;1;30;43m88[0;5;33;40m8[0;5;31;40m@[0;1;30;43m8[0;5;33;40m8[0;5;31;40m@[0;5;33;40m8888[0;5;31;40m@@[0;1;30;43m8[0;5;31;40m@X[0;5;33;40m8[0;1;30;43m8[0;5;31;40mX[0;5;33;40m8[0;5;31;40m8[0;37;40m                      [s
[u                        [0;31;40m8[0;5;33;40m88[0;5;31;40m8[0;5;33;40m8[0;1;30;43m8[0;5;31;40m8X@[0;5;33;40m8[0;1;30;43m8888[0;5;33;40m88[0;5;31;40m8[0;1;30;43m8[0;5;33;40m8888[0;1;30;43m8[0;5;33;40m8[0;5;31;40m@@[0;1;30;43m8[0;5;31;40m@@8[0;5;33;40m8[0;31;40m8[0;37;40m                        [s
[u                          [0;31;40m%[0;1;30;41m8[0;5;31;40m@[0;5;33;40m8[0;5;31;40m@8@[0;5;33;40m88[0;1;30;43m888[0;5;33;40m88[0;5;31;40mX[0;1;30;43m8[0;5;33;40m88[0;5;31;40m@[0;1;30;43m88[0;5;33;40m8[0;5;31;40m@X[0;1;30;43m8[0;5;33;40m8[0;1;30;41m8[0;31;40m%[0;37;40m                          [s
[u                             [0;31;40m8[0;1;30;41m8[0;5;33;40m8[0;5;31;40m@@[0;5;33;40m8[0;1;30;43m88[0;5;33;40m8[0;5;31;40m@88[0;1;30;43m8[0;5;33;40m8[0;5;31;40m8[0;5;33;40m888[0;5;31;40mX@@8[0;37;40m                             [s
[u                                [0;31;40m@[0;1;30;41m8[0;5;33;40m8[0;1;30;43m88[0;5;33;40m8[0;5;31;40m@8@[0;1;30;43m8[0;5;33;40m8888[0;5;31;40mX[0;31;40m@[0;37;40m                                [s
[u                                   [0;5;31;40m8[0;5;33;40m88[0;5;31;40m@[0;5;33;40m88[0;1;30;43m8[0;5;31;40m@X8[0;37;40m                                   [s
[u                                      [0;31;40mt[0;5;31;40m8[0;30;41m8[0;31;40mX[0;37;40m                                      [s
[u