[0;1;30;90;43m................:::::::::::::::::::::::::::....................                [0;31;43m8[0m
[0;1;30;90;43m.[0;33;5;43;103mtttttt;;;;;;;;;;;;;;;;;;;;;;;;;;;;;;;;;;;;;;;;;;;;;tttttttttttt%%%%%%%SSSSSSSS[0;1;30;90;43m [0m
[0;1;30;90;43m.[0;33;5;43;103mtttt;;;;;;;;;;;;;;;;;;;;;;;;;;;;;;;;;;;;;;;;;;;;;;;;;ttttttttttt%%%%%%%SSSSSSS[0;1;30;90;43m [0m
[0;1;30;90;43m:[0;33;5;43;103mtt;;;;;;;;;;;;;;;;;;;;;;;;;;;;;;;;;;;;;;;;;;;;;;;;;;;;ttttttttttt%%%%%%%SSSSSS[0;1;30;90;43m [0m
[0;1;30;90;43m:[0;33;5;43;103mt;;;;;;;;;;;;;;;;;;;;;;;;;;;;;;;;;;;;;;;;;;;;;;;;;;;;;;;tttttttttt%%%%%%%SSSSS[0;1;30;90;43m [0m
[0;1;30;90;43m:[0;33;5;43;103m;;;;;;;;;;;;;;;;;;;;;:::::::::::::::;;;;;;;;;;;;;;;;;;;;;tttttttttt%%%%%%%SSSS[0;1;30;90;43m [0m
[0;1;30;90;43m:[0;33;5;43;103m;;;;;;;;;;;;;;;;;;:::::::::::::::::::::;;;;;;;;;;;;;;;;;;;tttttttttt%%%%%%%SSS[0;1;30;90;43m.[0m
[0;1;30;90;43m:[0;33;5;43;103m;;;;;;;;;;;;%XSSSSSSSSSS[0;37;5;43;103mXXXXXXXXX[0;33;5;43;103mSSSSSSSSSSXXXXXXXXXXXXXXXX@@@@@@Xttt%%%%%%SSS[0;1;30;90;43m.[0m
[0;1;30;90;43m:[0;33;5;43;103m;;;;;;;;;;;;[0;35;5;40;100m [0;34;5;44;104m888888@@@@@@@@@@@@@@@@@@@8888888888888888888888[0;1;34;94;44m88888[0;35;5;40;100mS[0;33;5;43;103mttt%%%%%%%SS[0;1;30;90;43m.[0m
[0;1;30;90;43m:[0;33;5;43;103m;;;;;;;;;;;;[0;35;5;40;100m [0;34;5;44;104m888@@@@@@@@@@@XXX@@@@@@@@@@888888888888888888888[0;1;34;94;44m8888[0;35;5;40;100m%[0;33;5;43;103mtttt%%%%%%SS[0;1;30;90;43m.[0m
[0;1;30;90;43m:[0;33;5;43;103m;;;;;;;;;;;:[0;35;5;40;100m [0;34;5;44;104m88@@@@@@@XXXXXXXXXXXXX@@@@@@@8888888888888888888[0;1;34;94;44m8888[0;35;5;40;100m%[0;33;5;43;103mtttt%%%%%%%S[0;1;30;90;43m.[0m
[0;1;30;90;43m:[0;33;5;43;103m;;;;;;;;;;::[0;37;5;40;100mS[0;34;5;44;104m@@@@@@XXXXXXXXXXXXXXXXXX@@@@@@8888888888888888888[0;1;34;94;44m888[0;35;5;40;100m%[0;33;5;43;103mttttt%%%%%%S[0;1;30;90;43m.[0m
[0;1;30;90;43m:[0;33;5;43;103m;;;;;;;;;:::[0;37;5;40;100mS[0;34;5;44;104m@@@@@XXXXXXXXXXXXX[0;35;5;44;104m@[0;34;5;44;104mXXXXXXX@@@@@888888888888888888[0;1;34;94;44m888[0;35;5;40;100m%[0;33;5;43;103mttttt%%%%%%S[0;1;30;90;43m.[0m
[0;1;30;90;43m:[0;33;5;43;103m;;;;;;;;::::[0;37;5;40;100mX[0;34;5;44;104m@@@@XXXXXXXXXXX[0;1;30;90;47m8.[0;1;33;93;47m8[0;37;5;40;100mt[0;34;5;44;104mXXXXXXXX@@@@@8[0;35;5;40;100mS[0;1;33;93;43m8[0;1;30;90;47mS[0;35;5;40;100m [0;34;5;44;104m8888888888888[0;1;34;94;44m88[0;35;5;40;100m%[0;33;5;43;103mttttt%%%%%%%[0;1;30;90;43m.[0m
[0;1;30;90;43m:[0;33;5;43;103m;;;;;;;;::::[0;37;5;40;100mX[0;34;5;44;104m@@@XXXXXXXXX[0;1;30;90;47m8%8[0;37;5;43;103m88[0;1;30;90;47mX[0;34;5;44;104mSXXXXXXXXX@@@@@8[0;35;5;40;100m [0;33;5;43;103mSS[0;35;5;40;100m:[0;37;5;40;100m@[0;35;5;40;100mt[0;34;5;44;104m8888888888[0;1;34;94;44m88[0;35;5;40;100m%[0;33;5;43;103mtttttt%%%%%%[0;1;30;90;43m.[0m
[0;1;30;90;43m:[0;33;5;43;103m;;;;;;;:::::[0;37;5;40;100mX[0;34;5;44;104m@@XXXXXXXX[0;35;5;40;100m.[0;1;30;90;47mt[0;37;5;43;103m8[0;1;33;93;47m@[0;1;30;90;47m888[0;36;5;44;104mXXX[0;34;5;44;104mXXXXXXXX@@@@@88[0;35;5;40;100m;:[0;1;30;90;44m8[0;37;43m8[0;33;5;43;103mX[0;37;5;40;100m8[0;1;34;94;44m@[0;34;5;44;104m88888888[0;1;34;94;44m88[0;35;5;40;100m%[0;33;5;43;103mtttttt%%%%%%[0;1;30;90;43m.[0m
[0;1;30;90;43m:[0;33;5;43;103m;;;;;;;:::::[0;37;5;40;100mX[0;34;5;44;104m@@XXXXXXX[0;1;30;90;47m8[0;1;33;93;47m8[0;1;30;90;47m;[0;1;33;93;47m@@[0;37;5;43;103m8[0;1;33;93;47m8[0;1;30;90;47m8[0;36;5;44;104mXXX[0;34;5;44;104mSXXXXXXXX@@@@88[0;35;5;40;100m%[0;33;5;43;103m@S[0;37;43m@@[0;37;5;40;100m8[0;1;33;93;43m8[0;35;5;40;100m:[0;34;5;44;104m8888888[0;1;34;94;44m88[0;35;5;40;100m%[0;33;5;43;103mtttttt%%%%%%[0;1;30;90;43m.[0m
[0;1;30;90;43m:[0;33;5;43;103m;;;;;;;:::::[0;37;5;40;100mX[0;34;5;44;104m@@XXXXXX[0;1;30;90;47m8[0;37;5;43;103m88[0;1;30;90;47m.S[0;1;33;93;47m@[0;37;5;43;103m8[0;1;30;90;47m8[0;36;5;44;104mXXXXX[0;34;5;44;104mXXXXXXXX@@@@888[0;35;5;40;100m:[0;33;5;43;103mX[0;37;43m@[0;37;5;40;100mX8[0;33;5;43;103mSX[0;35;5;40;100m [0;34;5;44;104m888888[0;1;34;94;44m88[0;35;5;40;100m%[0;33;5;43;103mtttttt%%%%%%[0;1;30;90;43m.[0m
[0;1;30;90;43m:[0;33;5;43;103m;;;;;;;:::::[0;37;5;40;100mX[0;34;5;44;104m@@XXXXX[0;35;5;44;104m8[0;1;30;90;47m%[0;37;5;43;103m8[0;1;30;90;47m %[0;1;33;93;47mX[0;37;5;43;103m8[0;1;33;93;47m8[0;1;30;90;47m8[0;36;5;44;104mXXXX[0;34;5;44;104mSXXXXXXXX@@@@888[0;1;34;94;44m8[0;33;5;43;103m8S[0;37;43m@[0;37;5;40;100m@[0;37;43m8[0;33;5;43;103m8[0;33;5;40;100m [0;1;34;94;44m8[0;34;5;44;104m88888[0;1;34;94;44m88[0;35;5;40;100m%[0;33;5;43;103mtttttt%%%%%%[0;1;30;90;43m.[0m
[0;1;30;90;43m:[0;33;5;43;103m;;;;;;;:::::[0;37;5;40;100mX[0;34;5;44;104m@@XXXXX[0;33;47m@[0;1;30;90;47mt[0;37;5;43;103m8[0;1;33;93;47m@[0;1;30;90;47m8 [0;37;5;43;103m8[0;1;33;93;47m8[0;35;5;44;104mX[0;36;5;44;104mXXX[0;34;5;44;104mSXXXXXXXX@@@@@8888[0;37;43m8[0;33;5;43;103mX[0;37;43m8[0;35;5;40;100m [0;37;43m8[0;33;5;43;103mX[0;33;5;40;100m [0;37;43mX[0;34;5;44;104m88888[0;1;34;94;44m88[0;35;5;40;100m%[0;33;5;43;103mtttttt%%%%%%[0;1;30;90;43m.[0m
[0;1;30;90;43m:[0;33;5;43;103m;;;;;;;;::::[0;37;5;40;100mX[0;34;5;44;104m@@@XXXX[0;1;30;90;47m%[0;37;5;43;103m8[0;1;30;90;47mX[0;33;47mX[0;1;30;90;47m8[0;1;33;93;47m8@@[0;36;5;44;104mX[0;34;5;44;104mSSXXXXXXXXXX@@@@88888[0;33;47m8[0;37;43m8[0;33;5;43;103m8[0;35;5;40;100m:[0;37;43m8[0;35;5;40;100m [0;33;5;43;103mX[0;1;30;90;43m8[0;34;5;44;104m88888[0;1;34;94;44m88[0;35;5;40;100m%[0;33;5;43;103mtttttt%%%%%%[0;1;30;90;43m.[0m
[0;1;30;90;43m:[0;33;5;43;103m;;;;;;;;::::[0;37;5;40;100m8[0;34;5;44;104m@@@@XX[0;1;34;94;45m8[0;1;30;90;47m8[0;37;5;43;103mX8[0;33;47m@[0;35;5;44;104m8[0;1;30;90;47m8[0;37;5;43;103m88[0;1;30;90;45m8[0;34;5;44;104mXXXXXXXXXXX@@@@@88888[0;33;5;43;103m@@[0;35;5;40;100m [0;1;34;94;44m8[0;37;43m8[0;1;33;93;43m@[0;33;5;43;103m%[0;35;5;40;100m [0;1;34;94;44m@[0;34;5;44;104m888[0;1;34;94;44m888[0;35;5;40;100m;[0;33;5;43;103mttttt%%%%%%%[0;1;30;90;43m.[0m
[0;1;30;90;43m:[0;33;5;43;103m;;;;;;;;;:::[0;1;30;90;47m8[0;34;5;44;104m@@@@@X[0;35;5;44;104m8[0;1;33;93;47m88[0;37;5;43;103m8[0;1;30;90;47m.XX[0;1;33;93;47m8[0;37;5;43;103m@[0;35;5;44;104m8[0;34;5;44;104mXXXXXXXXXX@@@@@888888[0;33;5;43;103mS[0;1;33;93;43m8[0;37;5;40;100mX@[0;1;30;90;43m8[0;33;5;43;103m@[0;1;33;93;43m@[0;37;43mX[0;35;44mX[0;34;5;44;104m888[0;1;34;94;44m888[0;35;5;40;100m [0;33;5;43;103mttttt%%%%%%S[0;1;30;90;43m.[0m
[0;31;40m8[0;33;5;43;103m;;;;;;;;;;::[0;33;47m8[0;34;5;44;104m8@@@@@@[0;1;30;90;47mX[0;37;5;43;103m@[0;33;47m8[0;35;5;40;100m [0;1;30;90;47mX@[0;37;5;43;103m@8[0;1;30;90;47m%[0;34;5;44;104mXXXXXXXX@@@@@@888888[0;37;5;40;100m8[0;33;5;43;103m@S[0;37;5;40;100m8S[0;34;5;40;100mX[0;37;43m8[0;33;5;43;103mX[0;33;5;40;100m.[0;34;5;44;104m8888[0;1;34;94;44m888[0;1;30;90;43m8[0;33;5;43;103mttttt%%%%%%S[0;30;41m8[0m
 [0;33;5;43;103mt;;;;;;;;;;:t[0;34;5;44;104m88@@@@@[0;1;30;90;47m%[0;37;5;43;103mXX@[0;1;30;90;47m8t[0;1;33;93;47m8[0;37;5;43;103m@S[0;35;5;40;100m:[0;34;5;44;104mXXXX@@@@@@@@888888[0;1;30;90;44m8[0;33;5;43;103m;X[0;37;43mX[0;33;5;40;100m [0;35;5;40;100m [0;33;5;43;103mXSS[0;1;30;90;43m8[0;34;5;44;104m888[0;1;34;94;44m8888[0;33;5;43;103m@tttt%%%%%%%S[0m 
 [0;1;33;93;43mS[0;33;5;43;103m;;;;;;;;;;;:[0;35;5;40;100m [0;34;5;44;104m888@@@[0;35;5;40;100m.[0;37;5;43;103mXX[0;1;33;93;47m8[0;37;5;40;100mS@[0;1;30;90;47mS[0;37;5;43;103mXS[0;1;33;93;47m8[0;1;30;90;45m8[0;34;5;44;104m@@@@@@@@@8888888[0;1;34;94;44m8[0;37;43m@[0;33;5;43;103mtX[0;33;5;40;100m [0;35;5;40;100m ;[0;1;33;93;43m@[0;33;5;43;103mXS[0;35;5;40;100mt[0;34;5;44;104m88[0;1;34;94;44m8888[0;35;5;40;100mX[0;33;5;43;103mttttt%%%%%%S[0;1;33;93;43mS[0m 
 [0;1;30;90;43m:[0;33;5;43;103m;;;;;;;;;;;;[0;33;47m8[0;34;5;44;104m88888@8[0;33;47m8[0;37;5;43;103mXXX[0;1;30;90;47m88[0;33;47m8[0;37;5;40;100m8[0;37;5;43;103mX@[0;35;44m8[0;34;5;44;104m@@@@@888888888[0;1;34;94;44m8[0;33;5;43;103m8X[0;35;5;40;100m [0;1;30;90;43m8[0;37;5;40;100m8[0;35;5;40;100m [0;33;5;43;103mXSX[0;37;43m@[0;1;34;94;44m@[0;34;5;44;104m88[0;1;34;94;44m8888[0;1;30;90;43m8[0;33;5;43;103mtttt%%%%%%%S[0;1;30;90;43m.[0m 
  [0;33;5;43;103mt;;;;;;;;;;;;[0;35;5;40;100m:[0;34;5;44;104m888888[0;37;5;40;100mX[0;1;33;93;47m8[0;33;47m8[0;37;5;43;103m@[0;1;30;90;47m8[0;35;44m8[0;1;30;90;47m8[0;35;5;40;100m:[0;37;5;43;103m@[0;33;5;43;103mS[0;1;30;90;47mX8[0;34;5;44;104m888888888888[0;37;5;40;100mX8[0;33;5;43;103mS@[0;34;5;40;100mX[0;37;5;40;100m8[0;1;34;94;44mX[0;37;5;40;100mS[0;1;33;93;43m8[0;37;43mX[0;1;33;93;43mX[0;35;5;40;100m [0;34;5;44;104m88[0;1;34;94;44m8888[0;35;5;40;100mX[0;33;5;43;103mtttt%%%%%%%SS[0;31;40mS[0m 
  [0;1;30;90;43m.[0;33;5;43;103m;;;;;;;;;;;;@[0;1;34;94;44m8[0;34;5;44;104m888888[0;35;5;40;100m.[0;37;5;43;103m@[0;33;47m888[0;1;30;90;47m88[0;37;5;40;100m8[0;1;30;90;47m8[0;37;5;40;100m@[0;33;5;43;103mS[0;33;47m8[0;34;5;44;104m8888888888[0;33;47m8[0;33;5;43;103mX[0;37;5;40;100mX8X8X[0;37;43mX[0;1;33;93;43m@X@[0;35;5;40;100m:[0;34;5;44;104m88[0;1;34;94;44m88888[0;1;33;93;43mX[0;33;5;43;103mtttt%%%%%%SS[0;1;30;90;43m [0m  
  [0;31;40mX[0;33;5;43;103mt;;;;;;;;;;;;[0;1;30;90;47m@[0;34;5;44;104m888888[0;1;30;90;44m8[0;33;47m8[0;33;5;43;103m%%;%[0;33;47m88[0;1;30;90;47mX[0;35;5;40;100m;[0;33;5;43;103m8%[0;37;5;40;100m@[0;1;30;90;47m@[0;1;34;94;44m8[0;34;5;44;104m8888[0;1;34;94;44m8[0;37;5;40;100m8X[0;33;5;43;103m%8[0;35;5;40;100mS[0;33;5;40;100m [0;37;43m8@[0;33;5;43;103mSt%S[0;1;30;90;43m8[0;1;30;90;44m8[0;34;5;44;104m8[0;1;34;94;44m88888[0;33;5;40;100m [0;33;5;43;103mtttt%%%%%%%SS[0;31;40m8[0m  
   [0;1;30;90;43m.[0;33;5;43;103m;;;;;;;;;;;;;[0;35;5;40;100m [0;34;5;44;104m8888888[0;1;34;94;44m8[0;35;5;40;100m.[0;37;5;40;100m8[0;33;47m88[0;37;5;40;100m8[0;35;5;40;100mt [0;37;5;40;100m@[0;33;47m8[0;34;5;40;100mS[0;37;5;40;100m@[0;33;5;43;103mX[0;35;5;40;100m:[0;34;5;44;104m88[0;35;5;40;100m%[0;33;5;43;103mX[0;37;5;40;100mX[0;1;30;90;44m8[0;1;30;90;43m8[0;37;5;40;100m@[0;35;5;40;100m [0;34;5;40;100mX[0;37;5;40;100mX[0;1;30;90;43m8[0;37;43m@[0;33;5;40;100m.[0;35;5;40;100m;[0;1;34;94;44m@[0;34;5;44;104m8[0;1;34;94;44m888888[0;35;5;40;100m;[0;33;5;43;103mtttt%%%%%%%SS[0;1;30;90;43m [0m   
    [0;33;5;43;103mX;;;;;;;;;;;;;[0;35;5;40;100m:[0;34;5;44;104m88888888[0;1;34;94;44m8[0;37;5;40;100m@[0;1;33;93;43m8[0;33;5;43;103m%%X[0;37;43m8[0;37;5;40;100mX[0;35;5;40;100m ;[0;37;5;40;100m88[0;34;5;44;104m88[0;37;5;40;100m88[0;35;5;40;100mt [0;37;5;40;100mS[0;37;43m8[0;33;5;43;103m@%S[0;1;33;93;43m@[0;35;5;40;100m [0;1;34;94;44m8[0;34;5;44;104m88[0;1;34;94;44m888888[0;35;5;40;100mX[0;33;5;43;103m%ttt%%%%%%%SS@[0m    
    [0;30;41m8[0;33;5;43;103mt;;;;;;;;;;;;t[0;35;5;40;100m:[0;34;5;44;104m8888888888[0;35;44m@[0;35;5;40;100mt:[0;1;30;90;44m8[0;34;5;44;104m88[0;1;34;94;44m8[0;35;5;40;100m%;%t;S[0;1;34;94;44m8[0;34;5;44;104m88[0;1;30;90;44m8[0;35;5;40;100mt%[0;1;34;94;44mX[0;34;5;44;104m888[0;1;34;94;44m8888888[0;35;5;40;100m%[0;33;5;43;103mSttt%%%%%%%SSS[0;30;41m8[0m    
     [0;1;30;90;43m.[0;33;5;43;103mt;;;;;;;;;;;;t[0;37;5;40;100mS[0;34;5;44;104m888888888888888[0;1;34;94;44m8[0;35;5;40;100m:.%[0;34;5;40;100mX[0;35;5;40;100m.:[0;1;34;94;44m8[0;34;5;44;104m8888888[0;1;34;94;44m88888888[0;35;5;40;100m [0;33;5;43;103m%tt%%%%%%%%SSS[0;1;30;90;43m.[0m     
      [0;1;30;90;43m.[0;33;5;43;103mttt;;;;;;;;;;;[0;37;43m8[0;1;34;94;44m8[0;34;5;44;104m88888888888[0;1;34;94;44m8[0;37;5;40;100mSS[0;1;34;94;44m@[0;34;5;44;104m8888[0;1;34;94;44m8[0;35;5;40;100m [0;37;5;40;100m%[0;1;34;94;44m8[0;34;5;44;104m888[0;1;34;94;44m888888888[0;33;5;40;100m;[0;33;5;43;103mttt%%%%%%%%SSS[0;1;30;90;43m [0m      
       [0;1;30;90;43m.[0;33;5;43;103mtttt;;;;;;;;;;@[0;34;5;40;100mX[0;34;5;44;104m8888888888[0;35;44mXX[0;34;5;44;104m88888888[0;35;44mX[0;1;30;90;44m8[0;1;34;94;44m8888888888[0;1;30;90;44m8[0;1;33;93;43mX[0;33;5;43;103mtt%%%%%%%%%SSS[0;1;30;90;43m [0m       
        [0;1;30;90;43m.[0;33;5;43;103mttttttt;;;;;;;t[0;33;5;40;100m [0;1;34;94;44m8[0;34;5;44;104m8888888888888888[0;1;34;94;44m888888888888@[0;33;5;40;100m [0;33;5;43;103m%t%%%%%%%%%SSSS[0;1;30;90;43m [0m        
         [0;1;30;90;43m.[0;33;5;43;103mttttttttttt;;;;S[0;35;5;40;100m [0;1;34;94;44m8[0;34;5;44;104m888888888[0;1;34;94;44m8888888888888888[0;35;5;40;100m:[0;33;5;43;103m@t%%%%%%%%%%SSSS[0;1;30;90;43m.[0m         
          [0;33;41m8[0;33;5;43;103mXttttttttttttttt[0;1;33;93;43m@[0;35;5;40;100mt[0;1;34;94;44m8888888888888888888888[0;35;5;40;100mS[0;37;43mS[0;33;5;43;103mt%%%%%%%%%%SSSS@[0;31;43m8[0m          
            [0;1;33;93;43m%[0;33;5;43;103mtttttttttttttttt[0;1;33;93;43mX[0;35;5;40;100m:[0;1;34;94;44m888888888888888888[0;35;5;40;100m;[0;1;33;93;43mS[0;33;5;43;103m%%%%%%%%%%%SSSSS[0;1;33;93;43m%[0m            
             [0;1;30;90;43m.[0;33;5;43;103m%tttttttttttttttt@[0;35;5;40;100m [0;1;34;94;44m@888888888888@[0;35;5;40;100m [0;1;33;93;43m@[0;33;5;43;103m%%%%%%%%%%%SSSSSS[0;1;30;90;43m [0m             
              [0;31;40m@[0;1;33;93;43mS[0;33;5;43;103mtttttttttttttttttS[0;1;30;90;43m8[0;35;5;40;100mX[0;1;34;94;44m88888888[0;34;5;40;100m@[0;33;5;40;100m;[0;33;5;43;103mX%%%%%%%%%%%SSSSSS[0;1;33;93;43m%[0;31;40m@[0m              
                [0;1;30;90;43m.[0;33;5;43;103m@%%%ttttttttttttttt@[0;33;5;40;100m [0;1;30;90;44m8[0;1;34;94;44m88[0;1;30;90;44m8[0;33;5;40;100m [0;1;33;93;43m@[0;33;5;43;103m%%%%%%%%%%%SSSSSSS[0;1;33;93;43m8[0;1;30;90;43m [0m                
                  [0;1;30;90;43m.[0;33;5;43;103mS%%%%%%%%%%%%%%%%%%%[0;1;33;93;43m@@[0;33;5;43;103m%%%%%%%%%%%SSSSSSSSX[0;1;30;90;43m [0m                  
                    [0;1;30;90;43m.[0;33;5;43;103mS%%%%%%%%%%%%%%%%%%%%%%%%%%%SSSSSSSSSX[0;1;30;90;43m [0m                    
                      [0;1;30;90;43m.[0;33;5;43;103m@%%%%%%%%%%%%%%%%%%%%SSSSSSSSSSSS@[0;1;30;90;43m [0m                      
                        [0;1;30;90;43m.[0;1;33;93;43mX[0;33;5;43;103m%%%%%%%%%%%SSSSSSSSSSSSSSSSS[0;1;33;93;43mX[0;1;30;90;43m [0m                        
                          [0;31;40m8[0;1;30;90;43m [0;33;5;43;103mSSSSSSSSSSSSSSSSSSSSSSSX[0;1;30;90;43m [0;30;41m8[0m                          
                             [0;1;30;90;43m.[0;1;33;93;43mt[0;33;5;43;103mSSSSSSSSSSSSSSSSSS[0;1;33;93;43m%[0;1;30;90;43m [0m                             
                                [0;1;30;90;43m [0;1;33;93;43m%[0;33;5;43;103mSSSSSSSSSSSS[0;1;33;93;43mS[0;1;30;90;43m [0m                                
                                   [0;1;30;90;43m  [0;33;5;43;103mXSSSSX[0;1;30;90;43m  [0m                                   
                                      [0;31;40m8[0;1;30;90;43m  [0;30;41m8[0m                                      
