[0;31;40m@[0;1;30;90;41m888888888888888888888888888888888888888888888888888888888888888888888888888888[0;31;40mX[0m
[0;30;41m8[0;31;43m888888888888[0;1;30;90;43mXXXXXXX@@@@@@@@@@@@@@@@@@@XXXXXXX[0;31;43m8888888888888888888888[0;33;41m88888888888[0;31;40m8[0m
[0;30;41m8[0;31;43m888888888[0;1;30;90;43mSXXXXX@@@@@@@@88888888888@@@@@@@XXXXXX[0;31;43m888888888888888888888[0;33;41m8888888888[0;31;40m8[0m
[0;30;41m8[0;31;43m8888888[0;1;30;90;43mSXXXX@@@@@@888888888888888888888@@@@@XXXXX[0;31;43m88888888888888888888[0;33;41m888888888[0;31;40m8[0m
[0;30;41m8[0;31;43m8[0;33;5;40;100m8[0;1;30;90;43mS[0;31;43m888[0;1;30;90;43mXXXX@@@@@888888888888888888888888888@@@@@XXXX[0;31;43m8888888888888888888[0;33;41m888888[0;33;5;40;100m8[0;33;41m8[0;31;40m8[0m
[0;30;41m8[0;31;43m8[0;1;30;90;47m:[0;1;37;97;47m8[0;1;30;90;47m8[0;1;30;90;43mXXXX@@@@88888888888888888888888888888888@@@@XXXXS[0;31;43m888888888888888888[0;33;41m888[0;33;5;40;100m;[0;1;37;97;47m;8[0;1;30;90;41m8[0;31;40m8[0m
[0;30;41m8[0;31;43m8[0;1;30;90;47m8[0;37;5;47;107m%%[0;1;37;97;47m8[0;37;5;40;100m8[0;1;30;90;43m@@@@888888888888888888888888888888888888@@@@XXXX[0;31;43m88888888888888888[0;33;41m8[0;33;5;40;100mS[0;1;37;97;47m.[0;37;5;47;107m@8[0;1;37;97;47m.[0;33;41m8[0;30;41m8[0m
[0;30;41m8[0;31;43m8[0;1;30;90;43mX[0;1;37;97;47m;[0;37;5;47;107m%t%[0;1;37;97;47mX[0;33;5;40;100m [0;1;30;90;43m@888888888888888888888888888888888888888@@@XXXX[0;31;43m88888888888888[0;33;41m8[0;33;5;40;100mX[0;1;30;90;47m.[0;37;5;47;107m@@@[0;1;37;97;47mX[0;33;5;40;100m8[0;33;41m8[0;30;41m8[0m
[0;30;41m8[0;31;43m8[0;1;30;90;43mX[0;33;5;40;100m8[0;1;37;97;47m [0;37;5;47;107m%tt%[0;1;37;97;47mX[0;37;5;40;100m8[0;1;30;90;43m888888888888888888888888888888888888888@@@XXXX[0;31;43m88888888888[0;33;41m8[0;33;5;40;100m%[0;1;30;90;47m [0;37;5;47;107m@XX@[0;1;37;97;47m;[0;33;5;40;100mS[0;33;41m88[0;30;41m8[0m
[0;30;41m8[0;1;30;90;43mXX[0;1;30;90;47m.[0;37;5;47;107m@[0;1;37;97;47m:[0;37;5;47;107m8%tt%[0;1;37;97;47m8[0;1;30;90;47mS[0;33;5;40;100m@[0;1;30;90;43m8888888888888888888888888888888888888@@@XXXX[0;31;43m888888888[0;33;5;40;100m [0;1;37;97;47m;[0;37;5;47;107mXXXX8[0;1;30;90;47m.[0;1;37;97;47mS8[0;31;5;40;100m@[0;33;41m8[0;30;41m8[0m
[0;30;41m8[0;1;30;90;43mXX[0;1;37;97;47m.[0;37;5;47;107m%%[0;1;37;97;47m@t[0;37;5;47;107mSt;;tX[0;1;30;90;47m [0;33;5;40;100m [0;1;30;90;43m888888888888888888888888888888888888@@@XXXX[0;31;43m88888[0;33;5;40;100m@[0;1;30;90;47mS[0;1;37;97;47m8[0;37;5;47;107mXSSX@[0;1;37;97;47m;:[0;37;5;47;107m@@8[0;31;5;40;100mX[0;33;41m8[0;30;41m8[0m
[0;30;41m8[0;1;30;90;43mXX[0;33;5;40;100m;[0;37;5;47;107mStt%[0;1;37;97;47m%S[0;37;5;47;107m%t;;;t[0;1;37;97;47m8[0;1;30;90;47mt[0;33;5;40;100mt[0;1;30;90;43m8888888888888888888888888888888888@@@XXX[0;31;43m88[0;33;5;40;100m8[0;37;5;40;100m8[0;1;37;97;47m;[0;37;5;47;107mSSSSSX[0;1;37;97;47m%.8[0;37;5;47;107mXX@[0;1;30;90;47m@[0;33;41m88[0;30;41m8[0m
[0;30;41m8[0;1;30;90;43mX@@[0;1;30;90;47m8[0;37;5;47;107mSt;tS[0;1;37;97;47mSS[0;37;5;47;107mXt;:::;[0;1;37;97;47mX[0;1;30;90;47mt[0;33;5;40;100m;[0;1;30;90;43m88888888888888888888888888888888@@@X[0;33;5;40;100m8 [0;1;30;90;47m [0;37;5;47;107m@%%%SS@[0;1;37;97;47m;:8[0;37;5;47;107mXSX@[0;1;30;90;47m:[0;33;41m888[0;30;41m8[0m
[0;30;41m8[0;1;30;90;43mX@@[0;33;5;40;100m@[0;1;37;97;47m X[0;37;5;47;107mt;;;t[0;1;37;97;47m8X8[0;37;5;47;107mt;:...:[0;1;37;97;47m@[0;1;30;90;47mt[0;33;5;40;100m:[0;1;30;90;43m88888888888888888888888888888@[0;33;5;40;100m8 [0;1;30;90;47m [0;37;5;47;107m@%t%%SS[0;1;37;97;47mS;t[0;37;5;47;107mXSSSX[0;1;37;97;47m@ [0;33;5;40;100m:[0;33;41m888[0;30;41m8[0m
[0;30;41m8[0;1;30;90;43m@@@[0;1;30;90;47mS[0;37;5;47;107m%@[0;1;37;97;47mt[0;37;5;47;107m8t;::;t[0;1;37;97;47m8@8[0;37;5;47;107m;:....;[0;1;37;97;47mS[0;1;30;90;47m@[0;33;5;40;100m;:::;;[0;1;30;90;43m88888888888888888888[0;33;5;40;100mS[0;1;30;90;47m;[0;37;5;47;107m8%tt%%S[0;1;37;97;47mXtt[0;37;5;47;107m8S%%SX8[0;1;37;97;47m.S[0;37;5;47;107m@[0;1;37;97;47mt[0;33;41m888[0;30;41m8[0m
[0;30;41m8[0;1;30;90;43m@@@[0;33;5;40;100mt[0;37;5;47;107mXtt8[0;1;37;97;47mS8[0;37;5;47;107mt;::::;[0;1;37;97;47m88[0;37;5;47;107m8;:. ..[0;1;37;97;47m8[0;1;30;90;47m8[0;33;5;40;100m::::;;[0;1;30;90;43m8888888888888888[0;33;5;40;100m8[0;1;30;90;47m.[0;37;5;47;107mSttt%S[0;1;37;97;47mS%%[0;37;5;47;107m8%%%%SX[0;1;37;97;47m8:%[0;37;5;47;107mXX@[0;37;5;40;100m@[0;33;41m888[0;30;41m8[0m
[0;30;41m8[0;1;30;90;43m@@@8[0;33;5;40;100m;[0;1;37;97;47m8[0;37;5;47;107mt;;@[0;1;37;97;47mXX[0;37;5;47;107m%;:....:8[0;1;37;97;47m8[0;37;5;47;107m@:. .t[0;1;30;90;47m%[0;33;5;40;100m..::;[0;1;30;90;43m888888888888888[0;33;5;40;100mS[0;1;37;97;47m@[0;37;5;47;107mttt%8[0;1;37;97;47mt%[0;37;5;47;107mX%%tt%SX[0;1;37;97;47m%;@[0;37;5;47;107mSSS8[0;33;5;40;100m [0;33;41m8[0;31;43m8[0;33;41m88[0;30;41m8[0m
[0;30;41m8[0;1;30;90;43m@@@88[0;33;5;40;100m8[0;1;30;90;47mt[0;37;5;47;107mS;;;;[0;1;37;97;47m8@8[0;37;5;47;107m;:.  ..S[0;1;37;97;47m8[0;37;5;47;107mX. .t[0;37;5;40;100m8[0;33;5;40;100m.:::[0;1;30;90;43m88888888888888[0;33;5;40;100m8[0;1;37;97;47mS[0;37;5;47;107mt;t@[0;1;37;97;47m;@[0;37;5;47;107m%%tt%%S[0;1;37;97;47mXtt[0;37;5;47;107m@S%SX[0;1;30;90;47m:[0;33;5;40;100m8[0;31;43m888[0;33;41m88[0;30;41m8[0m
[0;30;41m8[0;1;30;90;43m@@@8[0;33;5;40;100m8[0;1;30;90;47m:[0;1;37;97;47mt.%[0;37;5;47;107m%;:::t[0;1;37;97;47m88[0;37;5;47;107m8;.....8[0;1;37;97;47m8[0;37;5;47;107m: .[0;1;37;97;47m:[0;33;5;40;100m.::;[0;1;30;90;43m88888888888888[0;33;5;40;100m.[0;37;5;47;107mt;t[0;1;37;97;47m8t[0;37;5;47;107m%%t%%S[0;1;37;97;47mX%%[0;37;5;47;107m8%%%SX[0;1;37;97;47mt[0;1;30;90;47m.[0;1;37;97;47m:[0;1;30;90;47m [0;33;5;40;100mt[0;31;43m88[0;33;41m88[0;30;41m8[0m
[0;30;41m8[0;1;30;90;43m@@@8[0;33;5;40;100mS[0;37;5;47;107mXt;%[0;1;37;97;47mSS[0;37;5;47;107mS::...:888t...S[0;1;37;97;47m8[0;37;5;47;107m. [0;1;37;97;47m8[0;33;5;40;100m::;[0;1;30;90;43m888888888888888[0;1;30;90;47mX[0;37;5;47;107mtt[0;1;37;97;47m8%[0;37;5;47;107m%t%S[0;1;37;97;47mS%S[0;37;5;47;107mX%t%%%X[0;1;37;97;47mt:[0;37;5;47;107m8XS@[0;37;5;40;100m@[0;31;43m88[0;33;41m88[0;30;41m8[0m
[0;30;41m8[0;1;30;90;43mX@@88[0;33;5;40;100m:[0;1;37;97;47m8[0;37;5;47;107mt;;t[0;1;37;97;47m8X[0;37;5;47;107m8;:....:@[0;1;37;97;47m8[0;37;5;47;107m@..[0;1;37;97;47m8[0;37;5;47;107mS;[0;1;37;97;47mS[0;33;5;40;100m:;;.       .:t%@88[0;1;30;90;47m8[0;37;5;47;107m@S[0;1;37;97;47m.[0;37;5;47;107m%%8[0;1;37;97;47mtS[0;37;5;47;107mS%ttt%S[0;1;37;97;47m8;;[0;37;5;47;107mXSSX8[0;37;5;40;100m8[0;33;41m8[0;31;43m8[0;33;41m888[0;30;41m8[0m
[0;31;40m8[0;1;30;90;43mX@@@88[0;33;5;40;100m8[0;1;30;90;47m%[0;37;5;47;107m@t;;;X[0;1;37;97;47m@8[0;37;5;47;107m8;.. ..%[0;1;37;97;47m8; ;8[0;37;5;47;107mX%:      ...:::::;S8[0;1;37;97;47m@;[0;1;30;90;47mSt[0;1;37;97;47m.8[0;37;5;47;107m%%tt%%[0;1;37;97;47m@%t8[0;37;5;47;107mSS%S@[0;1;30;90;47m;[0;33;5;40;100m8[0;31;43m888[0;33;41m888[0;31;40m8[0m
[0;31;40m@[0;1;30;90;43mX@@@8888[0;33;5;40;100m8[0;1;30;90;47mX[0;1;37;97;47m@[0;37;5;47;107mt;::;t[0;1;37;97;47m888[0;37;5;47;107m@.. %8X[0;1;37;97;47m8XXXXXXXXXSSS%%%%tttt;;;8[0;37;5;47;107m@[0;1;37;97;47m;[0;37;5;47;107mtt%8[0;1;37;97;47mS%%[0;37;5;47;107m@S%%%S[0;1;37;97;47m8[0;1;30;90;47m@[0;33;5;40;100m8[0;31;43m88888[0;33;41m888[0;31;40m@[0m
[0;31;40m%[0;1;30;90;43mXX@@@888888[0;33;5;40;100m.[0;1;37;97;47m.[0;37;5;47;107mS;:::::S[0;1;37;97;47m88[0;37;5;47;107mS@X       ......:::::;;;;;;;tt[0;1;37;97;47m;[0;37;5;47;107mX[0;1;37;97;47m%%8[0;37;5;47;107m%%tt%SX[0;1;30;90;47m [0;33;5;40;100m.[0;31;43m88888888[0;33;41m888[0;31;40mS[0m
 [0;1;30;90;43mXXX@@@888888[0;33;5;40;100m8[0;1;37;97;47m:X@[0;37;5;47;107mS;::.::@[0;1;37;97;47mXS[0;37;5;47;107m...........::::::;;;;;;;tt%[0;1;30;90;47m@[0;1;37;97;47mS[0;37;5;47;107m%ttt%%@[0;1;37;97;47m%tt[0;33;5;40;100mX[0;31;43m88888888[0;33;41m8888[0m 
 [0;1;30;90;41m8[0;1;30;90;43mXXX@@@888888[0;33;5;40;100m [0;37;5;47;107mXt8[0;1;37;97;47m@@88[0;37;5;47;107mX;:[0;1;37;97;47m%t[0;37;5;47;107m:.......:::::::;;;;;;;;ttt[0;1;37;97;47m;[0;1;30;90;47m.[0;37;5;47;107m%%8[0;1;37;97;47mSS%%X[0;37;5;47;107mSX[0;1;30;90;47m8[0;31;43m88888888[0;33;41m8888[0;1;30;90;41m8[0m 
 [0;31;40m8[0;1;30;90;43mXXXX@@@888888[0;33;5;40;100m%[0;1;37;97;47mS[0;37;5;47;107mt;;;;X[0;1;37;97;47m8@S[0;1;30;90;47mt.[0;1;37;97;47m8S@8888[0;37;5;47;107mt8S;X@t%[0;1;37;97;47m8[0;37;5;47;107mS[0;1;37;97;47m8@X@%;X [0;1;30;90;47mtt[0;1;37;97;47m%S[0;37;5;47;107m8S%%%S[0;1;37;97;47m8[0;33;5;40;100m:[0;31;43m888888888[0;33;41m8888[0;30;41m8[0m 
  [0;31;43m8[0;1;30;90;43mXXXX@@@8888888[0;37;5;40;100m8[0;1;37;97;47m%[0;37;5;47;107m%t;;;;S[0;1;37;97;47m%S[0;1;30;90;47m.[0;1;37;97;47m;[0;37;5;47;107mt[0;1;37;97;47mX[0;37;5;47;107m88;[0;1;30;90;47m.[0;37;5;47;107mt[0;1;37;97;47m8t[0;37;5;47;107mXX8[0;1;37;97;47m.[0;37;5;47;107m%[0;1;30;90;47m [0;37;5;47;107m%t[0;1;37;97;47mt[0;37;5;47;107m8[0;1;37;97;47m8:;[0;1;30;90;47m:[0;1;37;97;47m%%[0;37;5;47;107m%%%%SS[0;1;37;97;47m%[0;1;30;90;47m8[0;33;5;40;100m8[0;31;43m888888888[0;33;41m88888[0;31;40m;[0m 
  [0;1;30;90;41m8[0;31;43m8[0;1;30;90;43mXXXX@@@@8888888[0;33;5;40;100mX[0;37;5;40;100m8[0;1;30;90;47mS[0;1;37;97;47mXX@@:S[0;37;5;47;107mt[0;1;37;97;47mt[0;1;30;90;47m@[0;1;37;97;47mX[0;37;5;47;107m8[0;1;37;97;47mt[0;37;5;47;107m;[0;1;37;97;47mX[0;37;5;47;107mS;[0;1;37;97;47m%[0;37;5;47;107m;;[0;1;37;97;47m8[0;37;5;47;107m8t[0;1;37;97;47mt[0;37;5;47;107mt[0;1;37;97;47m;[0;37;5;47;107m8[0;1;37;97;47mt[0;1;30;90;47mSS[0;37;5;47;107mX8[0;1;30;90;47m%[0;1;37;97;47mS%%%[0;1;30;90;47m%[0;33;5;40;100m.8[0;31;43m888888888888[0;33;41m8888[0;1;30;90;41m8[0m  
  [0;31;40mt[0;31;43m888[0;1;30;90;43mXXXX@@@@8888888[0;33;5;40;100m [0;37;5;47;107m%tt;;@[0;1;37;97;47m8[0;1;30;90;47mt[0;37;5;47;107m@[0;1;37;97;47mS[0;1;30;90;47mX;:[0;1;37;97;47m@S[0;37;5;47;107m8[0;1;37;97;47mS[0;37;5;47;107mSt[0;1;37;97;47m;[0;37;5;47;107m@[0;1;37;97;47mt@[0;1;30;90;47m:;8:[0;37;5;47;107m8[0;1;30;90;47mS[0;1;37;97;47mS[0;37;5;47;107m8t%%%S[0;1;30;90;47mt[0;31;43m8888888888888[0;33;41m88888[0;31;40m%[0m  
   [0;1;30;90;41m8[0;31;43m888[0;1;30;90;43mXXXXX@@@@888888[0;33;5;40;100m;[0;1;30;90;47m%.[0;1;37;97;47m@@@@;%[0;1;30;90;47mt[0;1;37;97;47m8X[0;37;5;40;100m@[0;1;30;90;47m%[0;37;5;40;100mS[0;1;30;90;47m8@@XX[0;37;5;40;100m8[0;1;30;90;47m8[0;37;5;40;100m88[0;1;30;90;47m;[0;37;5;47;107m8[0;1;30;90;47mX[0;1;37;97;47mS[0;1;30;90;47m [0;1;37;97;47mSSSS[0;1;30;90;47m.X[0;33;5;40;100m:[0;31;43m8888888888888[0;33;41m88888[0;1;30;90;41m8[0m   
    [0;33;41m8[0;31;43m8888[0;1;30;90;43mXXXXX@@@@@@8888[0;33;5;40;100m8[0;37;5;47;107mSttttX[0;1;37;97;47m%[0;1;30;90;47m.[0;1;37;97;47m8tS[0;1;30;90;47m8[0;37;5;47;107m8ttttX[0;1;37;97;47m.[0;1;30;90;47mS[0;1;37;97;47mX8;;@[0;37;5;47;107m%%%%S[0;33;5;40;100m.[0;31;43m88888888888888[0;33;41m888888[0m    
    [0;31;40mS[0;31;43m888888[0;1;30;90;43mXXXXXX@@@@@@@@[0;33;5;40;100mS[0;1;30;90;47m8%[0;1;37;97;47m;S8[0;37;5;47;107mt%8[0;1;37;97;47m%S[0;37;5;47;107mS[0;1;30;90;47m:[0;1;37;97;47m@@@@[0;1;30;90;47mS[0;37;5;47;107m%[0;1;37;97;47m8%S[0;37;5;47;107mS%@[0;1;37;97;47mS%[0;1;30;90;47mX[0;37;5;40;100m8[0;33;5;40;100mS[0;31;43m88888888888888[0;33;41m888888[0;31;40mS[0m    
     [0;31;40m8[0;31;43m88888888[0;1;30;90;43mXXXXXXXX@@@@@@[0;37;5;40;100m8[0;1;37;97;47m%;[0;1;30;90;47mtS[0;37;5;47;107m8%S[0;1;37;97;47m;[0;1;30;90;47mS[0;1;37;97;47mX@@@[0;1;30;90;47mt[0;1;37;97;47m;8[0;37;5;47;107m%S[0;1;30;90;47m [0;37;5;40;100m8[0;1;30;90;47m.[0;1;37;97;47m:[0;1;30;90;47m;[0;1;30;90;43mX[0;31;43m888888888888888[0;33;41m888888[0;31;40m8[0m     
      [0;30;41m8[0;31;43m8888888888[0;1;30;90;43mXXXXXXXXXXXXXXX[0;33;5;40;100m.[0;1;37;97;47m%[0;1;30;90;47m:[0;1;37;97;47m.[0;37;5;47;107mS[0;1;37;97;47m8[0;1;30;90;47m.[0;1;37;97;47mSSS[0;1;30;90;47m [0;37;5;47;107m%[0;1;37;97;47m8[0;1;30;90;47m@[0;1;37;97;47m;[0;1;30;90;47mX[0;31;43m888888888888888888[0;33;41m8888888[0;30;41m8[0m      
       [0;1;30;90;41m8[0;31;43m88888888888888[0;1;30;90;43mSXXXXXXXXXXXX[0;33;5;40;100m%[0;1;30;90;47m [0;1;37;97;47m:.@@S[0;1;30;90;47m; [0;33;5;40;100m [0;31;43m88888888888888888888[0;33;41m8888888[0;1;30;90;41m8[0m       
        [0;30;41m8[0;31;43m8888888888888888888888888888[0;33;5;40;100mt[0;1;37;97;47mX[0;37;5;47;107m88[0;1;37;97;47m@[0;37;5;40;100m8[0;31;43m88888888888888888888[0;33;41m88888888[0;30;41m8[0m        
         [0;31;40m8[0;31;43m888888888888888888888888888[0;31;5;40;100mS[0;37;5;47;107m%[0;1;30;90;47m:[0;1;37;97;47m8%[0;37;5;40;100m8[0;1;30;90;41m@[0;31;43m888888888888888888[0;33;41m88888888[0;31;40m8[0m         
          [0;31;40mS[0;33;41m8[0;31;43m88888888888888888888888[0;33;5;40;100m8[0;37;5;40;100m8[0;1;37;97;47m:[0;37;5;47;107mX[0;1;37;97;47m;[0;37;5;47;107m%[0;1;37;97;47m:8[0;1;30;90;47m8[0;33;5;40;100m8[0;31;43m888888888888888[0;33;41m888888888[0;31;40mX[0m          
            [0;1;30;90;41m8[0;31;43m888888888888888888[0;33;5;40;100m8:[0;1;30;90;47m8.[0;1;37;97;47mX;[0;37;5;47;107m%[0;1;37;97;47m.[0;37;5;47;107mS%[0;1;37;97;47m.[0;37;5;47;107m%[0;1;37;97;47mX;:[0;1;30;90;47m@[0;33;5;40;100m @[0;1;30;90;41m8[0;31;43m88888888[0;33;41m888888888[0;1;30;90;41m8[0m            
             [0;30;41m8[0;31;43m888888888888888[0;33;41m8[0;1;30;90;47m;[0;37;5;47;107m%%8[0;1;37;97;47mt8[0;37;5;47;107m%X[0;1;37;97;47m.[0;37;5;47;107m%S[0;1;37;97;47m8S[0;37;5;47;107mS@[0;1;37;97;47m:%[0;37;5;47;107mSS[0;1;37;97;47mX[0;33;5;40;100m8[0;31;43m8888[0;33;41m88888888888[0;30;41m8[0m             
              [0;31;40mt[0;1;30;90;41m8[0;31;43m8888888888888[0;1;30;90;41m8[0;1;30;90;47m.[0;1;37;97;47mS:8[0;37;5;47;107mSSS[0;1;30;90;47m:[0;37;5;47;107mSSSS[0;1;37;97;47mt8[0;37;5;47;107mSS8[0;1;37;97;47m.;t[0;33;5;40;100m@[0;31;43m88[0;33;41m88888888888[0;1;30;90;41m8[0;31;40mt[0m              
                [0;31;40m@[0;33;41m8[0;31;43m888888888888[0;33;5;40;100mX[0;1;30;90;47m8[0;37;5;40;100mS[0;1;37;97;47m%SS[0;1;30;90;47m@[0;37;5;47;107m8SSSSS[0;1;30;90;47m%[0;1;37;97;47m:tt[0;1;30;90;47mt[0;33;5;40;100m  [0;33;41m8888888888888[0;31;40m@[0m                
                  [0;30;41m8[0;33;41m8[0;31;43m8888888888888[0;33;5;40;100m8: .[0;1;30;90;47m@[0;1;37;97;47m.%%;[0;1;30;90;47m%[0;37;5;40;100m8[0;33;5;40;100mt.X[0;33;41m88888888888888[0;30;41m8[0m                  
                    [0;30;41m8[0;33;41m8[0;31;43m888888888888888[0;33;41m88[0;1;30;90;41m888[0;33;41m88888888888888888[0;30;41m8[0m                    
                      [0;31;40m8[0;33;41m8888888888888888888888888888888888[0;30;41m8[0m                      
                        [0;31;40m8[0;33;41m88888888888888888888888888888@[0;31;40m8[0m                        
                          [0;31;40m%[0;1;30;90;41m8[0;33;41m888888888888888888888888[0;1;30;90;41m8[0;31;40mS[0m                          
                             [0;31;40m8[0;1;30;90;41m8[0;33;41m888888888888888888[0;1;30;90;41m8[0;31;40m8[0m                             
                                [0;31;40m8[0;1;30;90;41m8[0;33;41m888888888888[0;1;30;90;41m8[0;31;40m8[0m                                
                                   [0;31;40m@[0;1;30;90;41m8[0;33;41m888888[0;1;30;90;41m8[0;31;40m8[0m                                   
                                      [0;31;40m%88S[0m                                      
