[0;30;44m@[0;34;46mSSSSSSSSSSSS%%%%%%%%%%%%%%%%%%%%%%%%%%%%%%%%SSSSSSSSSSSSSSSSSSSSSXXXXXXXXXXXXX[0;30;44m@[0m
[0;34;46m8[0;1;36;96;46m..............::::::::::::::::::::::::::::.................[0;1;34;94;46m8888888888888888888[0;36;44m8[0m
[0;34;46m8[0;1;36;96;46m............:::::::::::::::::::::::::::::::::................[0;1;34;94;46m88888888888888888[0;36;44m8[0m
[0;34;46m8[0;1;36;96;46m.........::::::::::::::::::::::::::::::::::::::...............[0;1;34;94;46m8888888888888888[0;36;44m8[0m
[0;34;46m8[0;1;36;96;46m.......:::::::::::::;;;;;;;;;;;;;;;;;::::::::::::..............[0;1;34;94;46m888888888888888[0;36;44m8[0m
[0;34;46m8[0;1;36;96;46m......::::::::::;;;;;;;;;;;;;;;;;;;;;;;;:::::::::::.............[0;1;34;94;46m88888888888888[0;36;44m8[0m
[0;34;46m8[0;1;36;96;46m....::::::::::;;;;;;;;;;tttttttt;;;;;;;;;;;:::::::::.............[0;1;34;94;46m8888888888888[0;34;46m8[0m
[0;34;46m8[0;1;36;96;46m...:::::::::;;;;;;;;ttttttttttttttttt[0;36;5;46;106mttt[0;1;36;96;46mtt;;;:::::::::............[0;1;34;94;46m888888888888[0;34;46m8[0m
[0;34;46m8[0;1;36;96;46m..::::::::;;;;;;;ttttt[0;36;5;46;106mtttttttt[0;1;36;96;47m8[0;1;37;97;47mS8[0;37;5;47;107mX%;::::;;tS8[0;1;37;97;47m8[0;1;36;96;47mS8[0;1;36;96;46m;::::::............[0;1;34;94;46m88888888888[0;34;46m8[0m
[0;34;46m8[0;1;36;96;46m.::::::::;;;;;;tttt[0;36;5;46;106mttttttt[0;1;36;96;47m8[0;1;37;97;47m8[0;37;5;47;107mS......:::::::;;;;;;t@[0;1;37;97;47mS[0;1;36;96;47m8[0;1;36;96;46m:::............[0;1;34;94;46m88888888888[0;34;46m8[0m
[0;34;46m8[0;1;36;96;46m.:::::::;;;;;tttt[0;36;5;46;106mttttt;[0;1;36;96;47m8[0;1;37;97;47m8[0;37;5;47;107m;............:::::;;;;;;;ttS[0;1;37;97;47mS[0;1;36;96;46m%:............[0;1;34;94;46m8888888888[0;34;46m8[0m
[0;34;46m8[0;1;36;96;46m:::::::;;;;;ttt[0;36;5;46;106mttttt;[0;1;36;96;47m8[0;37;5;47;107mX           .....:::::;;;;;;;tttt[0;1;37;97;47m8[0;1;36;96;47m8[0;1;36;96;46m...........[0;1;34;94;46m8888888888[0;34;46m8[0m
[0;34;46m8[0;1;36;96;46m::::::;;;;;ttt[0;36;5;46;106mtttt;[0;37;5;46;106m8[0;37;5;47;107m8               .....::::;;;;;;tttttt[0;1;37;97;47m8[0;1;36;96;46mt..........[0;1;34;94;46m888888888[0;34;46m8[0m
[0;34;46m8[0;1;36;96;46m::::::;;;;;tt[0;36;5;46;106mtttt;[0;1;37;97;47mX[0;37;5;47;107m.         t...     ....::;:;;;;;;tttttt%[0;1;36;96;47mX[0;1;36;96;46m.........[0;1;34;94;46m888888888[0;34;46m8[0m
[0;34;46m8[0;1;36;96;46m:::::;;;;;ttt[0;36;5;46;106mttt;[0;37;5;47;107m8        [0;1;37;97;47m8[0;37;5;47;107m;[0;1;37;97;47m8[0;37;5;47;107m8X[0;1;36;96;47mS[0;37;5;47;107m:%     ...::[0;1;37;97;47mX[0;37;5;47;107m:%[0;1;37;97;47m8[0;37;5;47;107m;[0;1;37;97;47m8[0;37;5;47;107mt;tttttttt[0;1;37;97;47m8[0;1;36;96;46m:.......[0;1;34;94;46m888888888[0;34;46m8[0m
[0;34;46m8[0;1;36;96;46m:::::;;;;;tt[0;36;5;46;106mttt;[0;37;5;47;107mX        %[0;1;36;96;47m8[0;1;37;97;47mS8@[0;1;36;96;47mX[0;1;37;97;47m8[0;1;36;96;47mS[0;37;5;47;107mSX    ...:[0;1;37;97;47mSSS[0;1;36;96;47m8[0;1;37;97;47mX%88[0;37;5;47;107mt;tttttttt[0;1;37;97;47m8[0;1;36;96;46m:.......[0;1;34;94;46m88888888[0;34;46m8[0m
[0;34;46m8[0;1;36;96;46m:::::;;;;;tt[0;36;5;46;106mttt[0;37;5;47;107m@.        [0;1;37;97;47mX[0;37;5;46;106m88[0;1;36;96;47m8[0;37;5;46;106m8[0;1;36;96;47m88X[0;1;37;97;47m@8[0;37;5;47;107m%.   .%[0;1;36;96;47m8[0;36;5;46;106mtt[0;1;36;96;46mt[0;36;5;46;106mt[0;1;36;96;47m8X[0;1;37;97;47m@[0;37;5;47;107mX%;ttttttttt[0;1;37;97;47m8[0;1;36;96;46m.......[0;1;34;94;46m88888888[0;34;46m8[0m
[0;34;46m8[0;1;36;96;46m:::::;;;;;tt[0;36;5;46;106mtt[0;1;37;97;47m@[0;37;5;47;107m..        [0;1;36;96;47m8[0;37;5;46;106m88888@[0;1;36;96;47m88S8[0;37;5;47;107m8   S[0;36;5;46;106m;ttt[0;1;36;96;46mtt[0;1;36;96;47m8@[0;1;37;97;47m%[0;37;5;47;107m8;;tttttttttt[0;1;37;97;47m%[0;1;36;96;46m......[0;1;34;94;46m88888888[0;34;46m8[0m
[0;34;46m8[0;1;36;96;46m:::::;;;;;tt[0;36;5;46;106mt[0;1;36;96;47m8[0;37;5;47;107m:..        [0;1;36;96;47m8[0;37;5;46;106m88888@@@@X[0;1;36;96;47m8[0;37;5;47;107m; [0;1;36;96;47mX[0;37;5;46;106m@[0;36;5;46;106m;ttt[0;1;36;96;46mtt[0;37;5;46;106m@[0;1;36;96;47m@[0;1;37;97;47mX8[0;37;5;47;107mt;tttttttttt%[0;1;36;96;46m%.....[0;1;34;94;46m88888888[0;34;46m8[0m
[0;34;46m8[0;1;36;96;46m:::::;;;;;tt[0;36;5;46;106mt[0;37;5;47;107m@...       ;[0;1;36;96;47m@[0;37;5;46;106m@@@@@@@@X[0;36;5;46;106m;[0;37;5;46;106m@[0;37;5;47;107m8.[0;36;5;46;106m;;ttt[0;1;36;96;46mttt;;[0;36;5;46;106m%[0;37;5;47;107mX;;tttttttttt%[0;1;37;97;47m8[0;1;36;96;46m.....[0;1;34;94;46m88888888[0;34;46m8[0m
[0;34;46m8[0;1;36;96;46m:::::;;;;;tt[0;37;5;46;106mX[0;37;5;47;107m::...      [0;1;37;97;47m8[0;37;5;46;106m8@@@@@@XX[0;36;5;46;106m;;;[0;37;5;46;106m8[0;1;37;97;47m8[0;36;5;46;106m;;ttt[0;1;36;96;46mtt;;;[0;1;37;97;47m@[0;37;5;47;107mt;ttttttttttt%%[0;1;36;96;46mt...[0;1;34;94;46m888888888[0;34;46m8[0m
[0;36;44m8[0;1;36;96;46m::::::;;;;;t[0;1;36;96;47mS[0;37;5;47;107m::....      [0;1;37;97;47m8[0;37;5;46;106m@XXXX[0;36;5;46;106m;;;;;;;;;ttt[0;1;36;96;46mttt;;[0;1;36;96;47m8[0;37;5;47;107mt;;ttttttttttt%%[0;1;36;96;47mX[0;1;36;96;46m...[0;1;34;94;46m888888888[0;36;44m8[0m
[0;1;30;90;44m8[0;1;36;96;46m:::::::;;;;;[0;1;37;97;47m@[0;37;5;47;107m:::.....     %[0;1;36;96;47m@[0;36;5;46;106m;;;;;;;;;;tttt[0;1;36;96;46mttt;;;[0;1;37;97;47m%[0;37;5;47;107m;;ttttttttttt%%%[0;1;37;97;47mX[0;1;36;96;46m...[0;1;34;94;46m888888888[0;36;44m@[0m
[0;34;40m@[0;1;36;96;46m:::::::;;;;;[0;1;37;97;47m8[0;37;5;47;107m:::::.....     t[0;1;37;97;47m@[0;36;5;46;106m;;;;;;;tttt[0;1;36;96;46mttt;;;;[0;37;5;47;107mX;;ttttttttttt%%%[0;1;37;97;47m@[0;1;36;96;46m..[0;1;34;94;46m8888888888[0;34;40m8[0m
 [0;1;36;96;46m.:::::::;;;;[0;1;37;97;47m@[0;37;5;47;107m;::::::..........@[0;36;5;46;106m;;;tttttt[0;1;36;96;46mttt;;;t[0;1;37;97;47m8[0;37;5;47;107m;;ttttttttttt%%%%[0;1;37;97;47mX[0;1;36;96;46m..[0;1;34;94;46m8888888888[0m 
 [0;34;46mt[0;1;36;96;46m.:::::::;;;[0;1;36;96;47m%[0;37;5;47;107m;;;:::::::........[0;1;36;96;47m@[0;36;5;46;106mttttt[0;1;36;96;46mtttt[0;36;5;46;106mttt[0;37;5;46;106m@[0;1;37;97;47mS[0;37;5;47;107mS;;tttttttttttt%%%%[0;1;36;96;47m%[0;1;36;96;46m.[0;1;34;94;46m8888888888[0;34;46mt[0m 
 [0;36;44m8[0;1;36;96;46m.:::::::::;[0;1;36;96;47m8[0;37;5;47;107m;;;;;::::::::::S[0;1;37;97;47mX[0;1;36;96;47m8[0;36;5;46;106mttt[0;1;36;96;46mttttt;t[0;1;36;96;47m8X[0;1;37;97;47m8[0;37;5;47;107mS;;ttttttttttttt%%%%%[0;36;47m8[0;1;34;94;46m88888888888[0;34;46m8[0m 
  [0;1;36;96;46m...::::::::;[0;37;5;47;107mX;;;;;;;::::::X[0;36;5;46;106mt[0;1;36;96;46mttttttt;;;;;;;;:t[0;1;36;96;47m888888[0;1;36;96;46m%tt[0;1;36;96;47m8[0;37;5;47;107m%tt%%%%%@[0;1;36;96;46m.[0;1;34;94;46m88888888888[0;34;40mS[0m 
  [0;34;46mX[0;1;36;96;46m...::::::::[0;1;36;96;47m@[0;37;5;47;107m;;;;;;;;;;;;;[0;1;36;96;47mX[0;1;36;96;46mt[0;1;36;96;47m8[0;1;37;97;47m%[0;1;36;96;47m%[0;36;5;46;106mt[0;1;36;96;46m;;;;;;;;;::::::::::.:[0;1;36;96;47m8[0;1;37;97;47m@[0;37;5;47;107mtt%%%%%%[0;1;36;96;47m8[0;1;34;94;46m88888888888[0;34;46mS[0m  
  [0;34;40mS[0;1;36;96;46m....::::::::[0;37;5;47;107m8;;;;;;;;;;;;8[0;1;37;97;47m8[0;37;5;47;107m;;;[0;1;36;96;47m8[0;1;36;96;46m;;[0;1;37;97;47m%[0;1;36;96;46m;;;[0;1;36;96;47m8[0;1;37;97;47m@88[0;1;36;96;47mS[0;1;36;96;46m;::::t[0;1;36;96;47m8[0;1;37;97;47m%8[0;37;5;47;107m%ttt%%%%%%[0;1;37;97;47m8[0;1;36;96;46m.[0;1;34;94;46m88888888888[0;34;40m@[0m  
   [0;34;46m@[0;1;36;96;46m.....::::::t[0;37;5;47;107mXtt;;;;;;;;;;;;;[0;1;37;97;47m%[0;1;36;96;46m;;[0;36;5;46;106m%[0;37;5;47;107m%[0;1;36;96;46m;:[0;1;36;96;47mX[0;37;5;47;107mttttt%[0;1;37;97;47m8@[0;37;5;47;107m8Sttttttt%%%%%%@[0;1;36;96;46m;[0;1;34;94;46m88888888888[0;34;46m@[0m   
    [0;1;34;94;46m8[0;1;36;96;46m......:::::%[0;37;5;47;107mStttttt;;;%;8;@[0;1;36;96;46m;%[0;1;36;96;47m8[0;37;5;47;107m@[0;1;36;96;47m8[0;1;36;96;46mt[0;1;36;96;47mS[0;37;5;47;107m%ttttttttttttttt%%%%%%%X[0;1;36;96;46mt[0;1;34;94;46m888888888888[0m    
    [0;34;40m8[0;1;36;96;46m........::::%[0;37;5;47;107mXtttttttt[0;1;37;97;47m8S[0;1;36;96;47m8S8[0;1;37;97;47mSS[0;1;36;96;47m8@[0;37;5;47;107m8tttttttttttttttt%%%%%%%%@[0;1;36;96;46mt[0;1;34;94;46m888888888888[0;34;40m8[0m    
     [0;36;44m8[0;1;36;96;46m..........::;[0;1;37;97;47m8[0;37;5;47;107mtttttt%[0;1;37;97;47m8@8@X8[0;37;5;47;107mtt[0;1;36;96;47mS[0;37;5;47;107mStttttttttttttt%%%%%%%%%[0;1;37;97;47m8[0;1;36;96;46m:[0;1;34;94;46m888888888888[0;36;44m8[0m     
      [0;34;46m8[0;1;36;96;46m............:[0;1;36;96;47m8[0;37;5;47;107mSttttttttttttttttttttttttttt%%%%%%%%%X[0;1;36;96;47m8[0;1;34;94;46m8888888888888[0;34;46m8[0m      
       [0;34;46m@[0;1;36;96;46m.............:[0;1;37;97;47m%[0;37;5;47;107m%tttttttttttttttttttttt%%%%%%%%%%S[0;1;37;97;47mt[0;1;36;96;46m:[0;1;34;94;46m8888888888888[0;34;46m@[0m       
        [0;34;46m8[0;1;36;96;46m..............:[0;1;36;96;47mS[0;37;5;47;107m@ttttttttttttttttt%%%%%%%%%%%8[0;1;36;96;47mX[0;1;36;96;46m:[0;1;34;94;46m88888888888888[0;34;46m8[0m        
         [0;36;44m8[0;1;36;96;46m................%[0;1;37;97;47m%[0;37;5;47;107mXttttttttt%%%%%%%%%%%%%@[0;1;37;97;47m%[0;37;46m@[0;1;34;94;46m8888888888888888[0;36;44m8[0m         
          [0;30;44m8[0;1;34;94;46m8[0;1;36;96;46m.................t[0;1;36;96;47m8[0;1;37;97;47mS8[0;37;5;47;107mS%%%%%%%%%%%%X[0;1;37;97;47m8%[0;1;36;96;47m8[0;1;36;96;46m;[0;1;34;94;46m888888888888888888[0;30;44m8[0m          
            [0;34;46m%[0;1;36;96;46m.....................:t[0;36;47m8[0;1;36;96;47m888888[0;36;47m8[0;1;36;96;46mt:.[0;1;34;94;46m88888888888888888888[0;34;46m%[0m            
             [0;34;46m8[0;1;34;94;46m888[0;1;36;96;46m........................[0;1;34;94;46m8888888888888888888888888[0;34;46m8[0m             
              [0;34;40mX[0;34;46m%[0;1;34;94;46m8888888888[0;1;36;96;46m.......[0;1;34;94;46m8888888888888888888888888888888[0;34;46m%[0;34;40mX[0m              
                [0;1;30;90;44m8[0;1;34;94;46m888888888888888888888888888888888888888888888[0;34;46m;[0;36;44m@[0m                
                  [0;34;46m8[0;1;34;94;46m888888888888888888888888888888888888888888[0;34;46m8[0m                  
                    [0;34;46m8[0;1;34;94;46m88888888888888888888888888888888888888[0;34;46m8[0m                    
                      [0;36;44m8[0;1;34;94;46m8888888888888888888888888888888888[0;34;46m8[0m                      
                        [0;36;44m8[0;34;46mt[0;1;34;94;46m8888888888888888888888888888[0;34;46mt[0;36;44m8[0m                        
                          [0;34;40m8[0;34;46m@[0;1;34;94;46m888888888888888888888888[0;34;46mX[0;34;40m8[0m                          
                             [0;36;44m8[0;34;46mS[0;1;34;94;46m888888888888888888[0;34;46mS[0;36;44m8[0m                             
                                [0;36;44m8[0;34;46m%[0;1;34;94;46m888888888888[0;34;46m%[0;36;44m8[0m                                
                                   [0;36;44m@[0;34;46mX[0;1;34;94;46m888888[0;34;46mX[0;36;44m8[0m                                   
                                      [0;34;40m8[0;36;44m88[0;34;40m8[0m                                      
