[0;36;5;40;100m [0;1;30;90;47m....      [0;1;37;97;47m                                     [0;1;30;90;47m      .........:::::::::;;;;;;;[0;36;5;40;100m [0m
[0;37;5;40;100m@[0;37;5;47;107m%%%%%%ttttttttttttttttttttttttttttttttttttttttttttt%%%%%%%%SSSSSSSXXXX@@@@@@@@[0;37;5;40;100m8[0m
[0;37;5;40;100m@[0;37;5;47;107m%%%%ttttttttttttttttttttttttttttttttttttttttttttttttt%%%%%%%SSSSSSSXXXX@@@@@@@[0;37;5;40;100m8[0m
[0;37;5;40;100m@[0;37;5;47;107m%%ttttttttttttttttttt;;;;;;;;;;;;;;ttttttttttttttttttt%%%%%%%%SSSSSSXXXX@@@@@@[0;37;5;40;100m8[0m
[0;37;5;40;100m@[0;37;5;47;107m%tttttttttttttttt;;;;;;;;;;;;;;;;;;;;;;;tttttttttttttttt%%%%%%%SSSSSSXXXX@@@@@[0;37;5;40;100m8[0m
[0;37;5;40;100m@[0;37;5;47;107mtttttttttttttt;;;;;;;;;;;;;;;;;;;;;;;;;;;;ttttttttttttttt%%%%%%%SSSSSSXXXX@@@@[0;37;5;40;100m8[0m
[0;37;5;40;100m8[0;37;5;47;107mtttttttttttt;;;;;;;;;;;;;:::::::;;;;;;;;;;;;;ttttttttttttt%%%%%%%SSSSSXXXXX@@@[0;37;5;40;100m8[0m
[0;37;5;40;100m8[0;37;5;47;107mtttttttttt;;;;;;;;;;:;%%%%%%%%%%%%%%%%%%SSSSSSSSSXXXXXXX%tt%%%%%%%SSSSSXXXX@@@[0;37;5;40;100m8[0m
[0;37;5;40;100m8[0;37;5;47;107mttttttttt;;;;;;;;:::::8[0;37;5;43;103m@[0;33;5;43;103m:::::::::::::::::::;;[0;1;33;93;43m;::::::::;[0;1;37;97;47mX[0;37;5;47;107mtttt%%%%%%SSSSSSXXXX@@[0;37;5;40;100m8[0m
[0;37;5;40;100m8[0;37;5;47;107mtttttttt;;;;;;;:::::::.:[0;1;37;97;47m@[0;33;5;43;103m..........::::::::::;;[0;1;33;93;43m;:::::[0;1;33;93;47mS[0;37;5;47;107m%tttttt%%%%%%SSSSSXXXX@@[0;37;5;40;100m8[0m
[0;37;5;40;100m8[0;37;5;47;107mttttttt;;;;;;;:::::......;[0;1;33;93;47mX[0;33;5;43;103m...........::::::::;;[0;1;33;93;43m;::[0;1;33;93;47m8[0;37;5;47;107m@tttttttt%%%%%%SSSSSSXXXX@[0;37;5;40;100m8[0m
[0;37;5;40;100m8[0;37;5;47;107mtttttt;;;;;;:::::.....     X[0;37;5;43;103m8[0;33;5;43;103m..........::::::::;;;[0;1;37;97;47m8[0;37;5;47;107mttttttttttt%%%%%%SSSSSXXXX@[0;37;5;40;100m8[0m
[0;37;5;40;100m8[0;37;5;47;107mttttt;;;;;;;::::....        .[0;1;37;97;47m8[0;37;5;43;103m@X[0;33;5;43;103m.........:::::::[0;1;37;97;47mS[0;37;5;47;107mt;ttttttttttt%%%%%%SSSSSSXXX@[0;37;5;40;100m8[0m
[0;37;5;40;100m8[0;37;5;47;107mttttt;;;;;;:X::....           :[0;1;37;97;47mX[0;37;5;43;103mXX[0;33;5;43;103m........::::[0;1;33;93;47m@[0;37;5;47;107mS;;;;ttttttttttt%%[0;1;37;97;47m8[0;37;5;47;107m%%%SSSSSXXXX[0;37;5;40;100m8[0m
[0;37;5;40;100m8[0;37;5;47;107mtttt;;;;;;::[0;1;33;93;47mX[0;37;5;43;103m8[0;37;5;47;107m@...              %[0;1;33;93;47m8[0;37;5;43;103mXX[0;33;5;43;103m......::[0;37;5;43;103m@[0;37;5;47;107m8:;;;;;ttttttttttt[0;1;37;97;47m8[0;33;5;43;103mt[0;1;33;93;47m8[0;37;5;47;107m%%%SSSSSXXXX[0;37;5;40;100m8[0m
[0;37;5;40;100m8[0;37;5;47;107mtttt;;;;;;::[0;1;33;93;47mX[0;33;5;43;103m:.[0;1;33;93;47mX[0;37;5;47;107mt                .8[0;37;5;43;103m8X[0;33;5;43;103m......[0;1;37;97;47m8[0;37;5;47;107m:::;;;;;;ttttttttX[0;1;33;93;47m8[0;1;33;93;43m..[0;1;33;93;47m8[0;37;5;47;107m%%%SSSSSXXXX[0;37;5;40;100m8[0m
[0;37;5;40;100m8[0;37;5;47;107mtttt;;;;;;::[0;1;33;93;47mX[0;33;5;43;103m:...[0;1;37;97;47m8[0;37;5;47;107m.                :[0;1;37;97;47m@[0;37;5;43;103mX[0;33;5;43;103m...[0;1;33;93;47mS[0;37;5;47;107m;::::;;;;;;tttttt%[0;1;37;97;47m%[0;1;33;93;43m:...[0;1;33;93;47m8[0;37;5;47;107m%%%SSSSSXXXX[0;37;5;40;100m8[0m
[0;37;5;40;100m8[0;37;5;47;107mtttt;;;;;;::[0;1;33;93;47mX[0;33;5;43;103m:....[0;37;5;43;103m8[0;37;5;47;107mX                 %[0;1;33;93;47m88[0;37;5;47;107mS..::::;;;;;;ttttt[0;1;37;97;47m8[0;33;5;43;103m;[0;1;33;93;43m.....[0;1;33;93;47m8[0;37;5;47;107m%%%SSSSSXXXX[0;37;5;40;100m8[0m
[0;37;5;40;100m8[0;37;5;47;107mtttt;;;;;;::[0;1;33;93;47mX[0;33;5;43;103m:......[0;1;33;93;47mX[0;37;5;47;107mt                 ....::::;;;;;;tttX[0;1;33;93;47m8[0;1;33;93;43m.......[0;1;33;93;47m8[0;37;5;47;107m%%%SSSSSXXXX[0;37;5;40;100m8[0m
[0;37;5;40;100m8[0;37;5;47;107mtttt;;;;;;::[0;1;33;93;47mX[0;33;5;43;103m:......[0;37;5;43;103mX@[0;1;37;97;47m8[0;37;5;47;107m.               ....::::;;;;;;t%[0;1;37;97;47mt[0;1;33;93;43m::.......[0;1;33;93;47m8[0;37;5;47;107m%%%SSSSSXXXX[0;37;5;40;100m8[0m
[0;37;5;40;100m8[0;37;5;47;107mtttt;;;;;;::[0;1;33;93;47mX[0;33;5;43;103m::......[0;37;5;43;103mXX8[0;37;5;47;107m@              ...::::;;;;;;t[0;1;37;97;47m8[0;33;5;43;103m;[0;1;33;93;43m:::.......[0;1;33;93;47m8[0;37;5;47;107m%%%SSSSSXXXX[0;37;5;40;100m8[0m
[0;37;5;40;100mX[0;37;5;47;107mttttt;;;;;;:[0;1;33;93;47mS[0;33;5;43;103m::........[0;37;5;43;103mXX[0;1;33;93;47m@[0;37;5;47;107m%           ...:::::;;;;;X[0;1;33;93;47m8[0;1;33;93;43m:::::.......[0;1;33;93;47m8[0;37;5;47;107m%%SSSSSSXXXX[0;37;5;40;100mX[0m
[0;36;5;40;100m [0;37;5;47;107mttttt;;;;;;;[0;1;37;97;47mX[0;33;5;43;103m:::..........[0;37;5;43;103mX[0;1;37;97;47mX[0;37;5;47;107m:       ....:::::;;;;%[0;1;33;93;47mS[0;1;33;93;43m;:::::........[0;1;33;93;47m@[0;37;5;47;107m%%SSSSSXXXX@[0;36;5;40;100m [0m
[0;30;5;40;100m@[0;37;5;47;107mtttttt;;;;;;8[0;33;5;43;103m:::::..........[0;37;5;43;103m@[0;37;5;47;107m8.  ......:::::;;;;[0;1;37;97;47m@[0;33;5;43;103m;[0;1;33;93;43m:::::::........[0;1;37;97;47mS[0;37;5;47;107m%%SSSSSXXXX@[0;36;5;40;100m%[0m
 [0;37;5;47;107m%tttttt;;;;;t[0;33;5;43;103m:::::::..........[0;1;33;93;47m8[0;37;5;47;107mS.....::::::;;;@[0;37;5;43;103m8[0;1;33;93;43m::::::::.........[0;37;5;47;107m@%SSSSSSXXXX@[0m 
 [0;1;37;97;47m;[0;37;5;47;107mttttttt;;;;;[0;1;33;93;47m8[0;33;5;43;103m:::::::::.........[0;1;33;93;47mX[0;37;5;47;107mt:::::::;;;%[0;1;33;93;47mX[0;33;5;43;103m;[0;1;33;93;43m::::::::.........[0;37;5;43;103m@[0;37;5;47;107m%%SSSSSXXXX@[0;1;37;97;47mt[0m 
 [0;37;5;40;100mS[0;37;5;47;107mtttttttt;;;;8[0;33;5;43;103m::::::::::::::::::::[0;1;37;97;47m@[0;37;5;47;107m;:::;;;;[0;1;37;97;47mX[0;33;5;43;103m;[0;1;33;93;43m;::::::::..........[0;1;37;97;47m@[0;37;5;47;107m%SSSSSSXXXX@[0;37;5;40;100m@[0m 
  [0;37;5;47;107m%ttttttttt;;;[0;1;33;93;47m8[0;33;5;43;103m;:::::::::::::::::::[0;37;5;43;103m@[0;37;5;47;107m8;;;;8[0;37;5;43;103m@[0;1;33;93;43m;:::::::::..........[0;37;5;43;103m@[0;37;5;47;107m%SSSSSSXXXX@@[0;1;30;90;40m8[0m 
  [0;1;30;90;47m;[0;37;5;47;107mttttttttttt;X[0;33;5;43;103m;;;:::::::::::::::::::[0;1;33;93;47m8[0;37;5;47;107mS%[0;1;33;93;47m@[0;1;33;93;43m;::::::::::...........[0;37;5;47;107m8%SSSSSXXXX@@[0;1;30;90;47m.[0m  
  [0;1;30;90;40m8[0;37;5;47;107m%tttttttttttt[0;1;37;97;47m@[0;1;33;93;43m:;;[0;33;5;43;103m;;;;:::::::::::;;;;;;[0;1;33;93;43m:::::::::::...........[0;1;33;93;47m%[0;37;5;47;107m%SSSSSXXXXX@@[0;30;5;40;100m@[0m  
   [0;1;30;90;47mX[0;37;5;47;107mttttttttttttt[0;1;33;93;47mX[0;1;33;93;43m::::;;;[0;33;5;43;103m;;;;;;;;[0;1;33;93;43m;;;;::[0;33;5;43;103m;[0;1;33;93;43m::::::::::............[0;1;33;93;47m8[0;37;5;47;107mSSSSSSXXXXX@@[0;1;30;90;47m%[0m   
    [0;37;5;47;107m8ttttttttttttt[0;1;33;93;47m8[0;1;33;93;43m:::::::::::::::::[0;1;33;93;47m8[0;33;5;43;103m;[0;1;33;93;43m:[0;1;33;93;47mS[0;33;5;43;103m;[0;1;33;93;43m:[0;1;33;93;47m8[0;33;5;43;103m;[0;1;33;93;43m::::.............[0;37;5;43;103m@[0;37;5;47;107mSSSSSSSXXXX@@[0;1;37;97;47m8[0m    
    [0;36;5;40;100m%[0;37;5;47;107m%tttttttttttt%[0;1;33;93;47m8[0;1;33;93;43m:::::::::::::[0;33;5;43;103m;[0;1;33;93;47m8[0;33;5;43;103m;[0;1;33;93;43m;[0;1;37;97;47m8%[0;1;33;93;47mX[0;37;5;47;107mX[0;33;5;43;103m;[0;37;5;47;107mS[0;1;33;93;43m:[0;33;5;43;103m;[0;1;33;93;47m8[0;1;33;93;43m:.............[0;1;33;93;47m8[0;37;5;47;107mXSSSSSXXXXX@@@[0;36;5;40;100mt[0m    
     [0;36;5;40;100m [0;37;5;47;107m%ttttttttttttt[0;1;33;93;47mS[0;1;33;93;43m:::::::::::::[0;33;5;43;103m;[0;1;37;97;47m%[0;37;5;47;107mS[0;1;37;97;47m8[0;37;5;47;107mt%t%S[0;1;37;97;47mS[0;37;5;47;107m@[0;1;33;93;43m::[0;33;5;43;103m;[0;1;33;93;43m...........[0;1;33;93;47m@[0;37;5;47;107mSSSSSSXXXXX@@@[0;36;5;40;100m [0m     
      [0;1;30;90;47m8[0;37;5;47;107m%%%ttttttttttt[0;1;37;97;47m8[0;1;33;93;43m::::::::::[0;37;5;43;103m8[0;1;33;93;47mS[0;1;37;97;47m8[0;37;5;47;107m@Sttttttt[0;1;37;97;47m@8%[0;1;33;93;43m:..........[0;1;37;97;47mS[0;37;5;47;107mSSSSSSXXXXX@@@[0;1;30;90;47m@[0m      
       [0;1;30;90;47mX[0;37;5;47;107m%%%%tttttttttt@[0;37;5;43;103m@[0;1;33;93;43m.......;[0;33;5;43;103m;[0;1;33;93;47mX[0;1;37;97;47m@[0;37;5;47;107mXttttttttS[0;1;33;93;47m%88[0;1;33;93;43mt.......t[0;1;37;97;47m8[0;37;5;47;107mSSSSSXXXXXX@@@[0;1;30;90;47m%[0m       
        [0;1;30;90;47m8[0;37;5;47;107m%%%%%%%tttttttt[0;1;37;97;47m%[0;1;33;93;43m:.....:[0;33;5;43;103m;;[0;1;33;93;47mS[0;37;5;47;107mSttttttt%X[0;1;33;93;47mS[0;33;5;43;103mt[0;1;33;93;43m........[0;1;37;97;47m;[0;37;5;47;107mSSSSSSXXXXX@@@@[0;1;30;90;47mX[0m        
         [0;37;5;40;100mX[0;37;5;47;107m%%%%%%%%%%%ttttS[0;1;33;93;47m8[0;1;33;93;43m.....[0;33;5;43;103m;[0;1;37;97;47m%[0;1;33;93;47mS[0;1;37;97;47mt[0;37;5;47;107m%t%%%%%S[0;1;37;97;47m%X[0;1;33;93;47mX8[0;1;33;93;43m.....[0;1;33;93;47m8[0;37;5;47;107m@SSSSSXXXXXX@@@@[0;37;5;40;100mX[0m         
          [0;36;5;40;100m;[0;37;5;47;107m8%%%%%%%%%%%%%%%8[0;1;33;93;47m8[0;1;33;93;43m.....;[0;37;5;47;107m8[0;1;33;93;47m8[0;37;5;47;107m88S8S[0;1;37;97;47mXSX[0;1;33;93;47m8[0;1;33;93;43m...[0;1;31;91;43m88[0;1;33;93;47m8[0;1;37;97;47m8[0;37;5;47;107mSSSSSXXXXXX@@@@[0;1;37;97;47m8[0;36;5;40;100m:[0m          
            [0;1;37;97;47m:[0;37;5;47;107mS%%%%%%%%%%%%%%%8[0;1;33;93;47m8[0;1;33;93;43m...[0;1;33;93;47m8[0;1;33;93;43m:.[0;37;5;47;107m8[0;1;33;93;43m:[0;1;37;97;47m@[0;1;33;93;47mX[0;33;5;43;103mt[0;1;37;97;47m@[0;1;33;93;43m;.;:[0;1;31;91;43m8[0;1;33;93;43m.[0;1;33;93;47m8[0;1;37;97;47m8[0;37;5;47;107mSSSSSXXXXXX@@@@@[0;1;37;97;47m;[0m            
             [0;37;5;40;100m@[0;37;5;47;107mXSSS%%%%%%%%%%%%%@[0;1;33;93;47mX[0;1;33;93;43m:..:[0;33;5;43;103mt[0;1;33;93;43m.:[0;1;33;93;47mX[0;1;31;91;43m8[0;1;33;93;43m.[0;33;5;43;103mt[0;1;31;91;43m88[0;1;33;93;43m.[0;1;33;93;47m@[0;37;5;47;107m8SSSSXXXXXXX@@@@@8[0;37;5;40;100m8[0m             
              [0;30;5;40;100m8[0;1;37;97;47m;[0;37;5;47;107mSSSSSSSSSSSSSSSSSX[0;1;37;97;47mS[0;37;5;43;103m@[0;1;33;93;43m.[0;1;31;91;43m888[0;1;33;93;43m.[0;1;31;91;43m888[0;1;33;93;43mt[0;1;37;97;47m%[0;37;5;47;107m@SSSXXXXXXXX@@@@@@[0;1;37;97;47m:[0;30;5;40;100m8[0m              
                [0;36;5;40;100m [0;1;37;97;47m8[0;37;5;47;107mSSSSSSSSSSSSSSSSSS8[0;1;37;97;47m;[0;1;33;93;43mt[0;1;31;91;43m88[0;1;33;93;43m;[0;1;33;93;47mS[0;37;5;47;107m8SSXXXXXXXXX@@@@@@@[0;1;37;97;47m8[0;36;5;40;100m [0m                
                  [0;37;5;40;100m8[0;37;5;47;107m@SSSSSSSSSSSSSSSSSSS88XXXXXXXXXXX@@@@@@@@8[0;37;5;40;100m8[0m                  
                    [0;1;30;90;47m8[0;37;5;47;107m8XXXXXXXXXXXXXXXXXXXXXXXXXXX@@@@@@@@@8[0;1;30;90;47m8[0m                    
                      [0;37;5;40;100m@[0;1;37;97;47m8[0;37;5;47;107mXXXXXXXXXXXXXXXXXXXX@@@@@@@@@@@@[0;1;37;97;47m8[0;37;5;40;100m8[0m                      
                        [0;36;5;40;100m [0;1;37;97;47mS[0;37;5;47;107mXXXXXXXXXXX@@@@@@@@@@@@@@@@@[0;1;37;97;47mS[0;36;5;40;100m [0m                        
                          [0;30;5;40;100mS[0;1;30;90;47m%[0;37;5;47;107m8@@@@@@@@@@@@@@@@@@@@@@8[0;1;30;90;47m;[0;36;5;40;100mt[0m                          
                             [0;36;5;40;100m [0;1;37;97;47m.[0;37;5;47;107m@@@@@@@@@@@@@@@@@@[0;1;37;97;47m:[0;36;5;40;100m [0m                             
                                [0;36;5;40;100m [0;1;37;97;47m;[0;37;5;47;107m@@@@@@@@@@@@[0;1;37;97;47mt[0;37;5;40;100mX[0m                                
                                   [0;36;5;40;100m [0;1;30;90;47m;[0;37;5;47;107m8@@@@8[0;1;30;90;47m.[0;36;5;40;100m [0m                                   
                                      [0;30;5;40;100mS[0;37;5;40;100m@@[0;36;5;40;100m%[0m                                      
