[0;36;5;40;100m [0;1;30;90;47m....      [0;1;37;97;47m   [0;1;30;90;47m.[0;1;30;90;43m8[0;31;43m%%%%%%%%%%%%%%%%%%%%%%%%%%%%%SSSSSSSSSSSSSSSSSSS[0;1;30;90;43m8[0;1;30;90;47m;::::::;;;;;;;[0;36;5;40;100m [0m
[0;37;5;40;100m@[0;37;5;47;107m%%%%%%ttttttttt[0;1;37;97;47mX[0;1;33;93;43m;:::::::::::::::::::::::::.................[0;1;31;91;43m88[0;1;33;93;43m.[0;1;37;97;47mt[0;37;5;47;107mXSSXXXX@@@@@@@@[0;37;5;40;100m8[0m
[0;37;5;40;100m@[0;37;5;47;107m%%%%ttttttttttttS[0;1;33;93;47m@[0;1;33;93;43m:::::::::::::::::::::::::::...............[0;1;33;93;47m8[0;37;5;47;107m@SSSSSXXXX@@@@@@@[0;37;5;40;100m8[0m
[0;37;5;40;100m@[0;37;5;47;107m%%tttttttttttttttt8[0;37;5;43;103m8[0;1;33;93;43m:::::::::::::::::::::::::::...........[0;33;5;43;103mt[0;1;37;97;47m8[0;37;5;47;107m%%SSSSSSXXXX@@@@@@[0;37;5;40;100m8[0m
[0;37;5;40;100m@[0;37;5;47;107m%tttttttttttttttt;;;[0;1;37;97;47m8[0;33;5;43;103m;;;;;;;;;;;;;;[0;1;33;93;43m;;::::::::::::.......:[0;1;37;97;47mS[0;37;5;47;107m%%%%%SSSSSSXXXX@@@@@[0;37;5;40;100m8[0m
[0;37;5;40;100m@[0;37;5;47;107mtttttttttttttt;;;;;;;t[0;1;33;93;47m%[0;33;5;43;103m:::::::::::::;;;[0;1;33;93;43m;:::::::::::....[0;1;33;93;47m@[0;37;5;47;107mS%%%%%%%SSSSSSXXXX@@@@[0;37;5;40;100m8[0m
[0;37;5;40;100m8[0;37;5;47;107mtttttttttttt;;;;;;;;;;;X[0;1;33;93;47m8[0;33;5;43;103m::::::::::::::;;[0;1;33;93;43m;;:::::::::.[0;37;5;43;103m8[0;37;5;47;107m8ttt%%%%%%%SSSSSXXXXX@@@[0;37;5;40;100m8[0m
[0;37;5;40;100m8[0;37;5;47;107mtttttttttt;;;;;;;;;;:::::8[0;37;5;43;103m@[0;33;5;43;103m:::::::::::::::;;[0;1;33;93;43m;::::::[0;33;5;43;103m;[0;1;37;97;47m@[0;37;5;47;107mtttttt%%%%%%%SSSSSXXXX@@@[0;37;5;40;100m8[0m
[0;33;5;40;100m [0;37;5;47;107mttttttttt;;;;;;;;::::::::::[0;1;37;97;47mX[0;33;5;43;103m:::::::::::::::;;[0;1;33;93;43m;::::[0;1;33;93;47mS[0;37;5;47;107m%tttttttt%%%%%%SSSSSSXXXX@@[0;33;5;40;100m [0m
[0;31;43m8[0;37;5;43;103m@[0;37;5;47;107m8tttttt;;;;;;;:::::::......t[0;1;33;93;47mX[0;33;5;43;103m.....::::::::::;;[0;1;33;93;43m;[0;1;33;93;47m8[0;37;5;47;107mXttttttttttt%%%%%%SSSSSXXXX[0;1;37;97;47m8[0;33;47m8[0;31;43m8[0m
[0;31;43m8[0;1;33;93;43m.:[0;1;33;93;47mX[0;37;5;47;107m%ttt;;;;;;;:::::...........S[0;37;5;43;103m8[0;33;5;43;103m......::::::::;[0;1;37;97;47m8[0;37;5;47;107m;;ttttttttttt%%%%%%SSSSSSX@[0;1;33;93;47m@[0;1;31;91;43m88[0;31;43m8[0m
[0;31;43m8[0;1;33;93;43m:::[0;33;5;43;103m;[0;1;37;97;47mX[0;37;5;47;107mt;;;;;;:::::.....         .[0;1;37;97;47m8[0;37;5;43;103mX[0;33;5;43;103m.....::::::[0;1;37;97;47mS[0;37;5;47;107mt;;;;ttttttttttt%%%%%%SSSSS[0;1;37;97;47m%[0;1;33;93;43m.[0;1;31;91;43m888[0;31;43m8[0m
[0;31;43m8[0;1;33;93;43m:::::[0;37;5;43;103m@[0;37;5;47;107m8;;;;;::::....             ;[0;1;33;93;47mS[0;33;5;43;103m......::[0;1;33;93;47m@[0;37;5;47;107m%;;;;;;ttttttttttt%%%%%%SSS[0;1;37;97;47m8[0;1;33;93;43mt[0;1;31;91;43m88888[0;31;43m8[0m
[0;31;43m8[0;1;33;93;43m::::::[0;33;5;43;103m;[0;1;33;93;47m@[0;37;5;47;107m%;;::::....                %[0;1;33;93;47m8[0;33;5;43;103m....[0;37;5;43;103m8[0;37;5;47;107m@:::;;;;;;ttttttttttt%%%%%%@[0;1;33;93;47m@[0;1;31;91;43m8888888[0;31;43m8[0m
[0;31;43m8[0;1;33;93;43m:::::;[0;33;5;43;103m;;:[0;1;37;97;47m@[0;37;5;47;107m;:::....                   8[0;37;5;43;103m@X[0;1;37;97;47m8[0;37;5;47;107m::::::;;;;;ttttttttttt%%%%%[0;1;37;97;47m%[0;1;33;93;43m:[0;1;31;91;43m88888888[0;31;43m8[0m
[0;31;43m8[0;1;33;93;43m:::::;[0;33;5;43;103m;:::[0;37;5;43;103m8[0;37;5;47;107m@::...                     :;...::::;;;;;;tttttttttt%%%[0;1;37;97;47m8[0;33;5;43;103mt[0;1;33;93;43m..[0;1;31;91;43m88888888[0;31;43m8[0m
[0;31;43m8[0;1;33;93;43m:::::;[0;33;5;43;103m;:::::[0;1;33;93;47m@[0;37;5;47;107mt...                       ...::::;;;;;;tttttttttt%X[0;1;33;93;47m8[0;1;33;93;43m....[0;1;31;91;43m88888888[0;31;43m8[0m
[0;31;43m8[0;1;33;93;43m:::::;[0;33;5;43;103m;:::::::[0;1;37;97;47m@[0;37;5;47;107m:.                       ...::::;;;;;;ttttttttt%[0;1;37;97;47m%[0;1;33;93;43m:.....[0;1;31;91;43m88888888[0;31;43m8[0m
[0;31;43m8[0;1;33;93;43m:::::;[0;33;5;43;103m;:::::::.[0;37;5;43;103m8[0;37;5;47;107m@                       ...::::;;;;;;tttttttt[0;1;37;97;47m8[0;33;5;43;103m;[0;1;33;93;43m.......[0;1;31;91;43m88888888[0;31;43m8[0m
[0;31;43m8[0;1;33;93;43m:::::;[0;33;5;43;103m;:::::::...[0;1;33;93;47m@[0;37;5;47;107mt                    ....::::;;;;;;ttttttX[0;1;33;93;47m8[0;1;33;93;43m.........[0;1;31;91;43m88888888[0;31;43m8[0m
[0;31;43m8[0;1;33;93;43m:::::;[0;33;5;43;103m;;:::::::....[0;1;37;97;47m@[0;37;5;47;107m.                  ...::::;;;;;;ttttt%[0;1;33;93;47mS[0;1;33;93;43m:.........[0;1;31;91;43m888888888[0;31;43m8[0m
[0;33;41m8[0;1;33;93;43m::::::;[0;33;5;43;103m;:::::::.....[0;37;5;43;103m8[0;37;5;47;107m@                ...:::::;;;;;;tttt[0;1;37;97;47m8[0;33;5;43;103m;[0;1;33;93;43m...........[0;1;31;91;43m888888888[0;33;41m8[0m
[0;33;41m@[0;1;33;93;43m:::::::;[0;33;5;43;103m;:::::::......[0;1;33;93;47m8[0;37;5;47;107mt            ....:::::;;;;;;ttt@[0;1;33;93;47m8[0;1;33;93;43m:............[0;1;31;91;43m888888888[0;33;41m@[0m
[0;31;40m8[0;1;33;93;43m:::::::;[0;33;5;43;103m;;::::::::......[0;1;37;97;47mX[0;37;5;47;107m:       ......:::::;;;;;;;t%[0;1;33;93;47mX[0;1;33;93;43m:::...........[0;1;31;91;43m8888888888[0;30;41m8[0m
 [0;1;33;93;43m.:::::::;[0;33;5;43;103m;;:::::::::.....[0;37;5;43;103m@[0;1;37;97;47m8[0;37;5;47;107m..........::::::;;;;;;;t[0;1;37;97;47m@[0;33;5;43;103m;[0;1;33;93;43m:::............[0;1;31;91;43m8888888888[0m 
 [0;31;43mt[0;1;33;93;43m.:::::::;;[0;33;5;43;103m;:::::::::::....[0;1;33;93;47m8[0;37;5;47;107mS.....:::::::;;;;;;;;8[0;37;5;43;103m8[0;1;33;93;43m::::............[0;1;31;91;43m8888888888[0;31;43mt[0m 
 [0;33;41m8[0;1;33;93;43m.:::::::::;[0;33;5;43;103m;;:::::::::::::::[0;1;33;93;47mX[0;37;5;47;107mt::::::::;;;;;;;;%[0;1;33;93;47m@[0;1;33;93;43m:::::............[0;1;31;91;43m88888888888[0;31;43m8[0m 
  [0;1;33;93;43m...::::::::;;[0;33;5;43;103m;;:::::::::::::::[0;1;37;97;47m@[0;37;5;47;107m;:::;;;;;;;;;t[0;1;37;97;47mX[0;33;5;43;103m;[0;1;33;93;43m:::::.............[0;1;31;91;43m88888888888[0;31;40mS[0m 
  [0;31;43mX[0;1;33;93;43m...:::::::::;;[0;33;5;43;103m;;::::::::::::::[0;37;5;43;103m@[0;37;5;47;107m@;;;;;;;;;;8[0;37;5;43;103m@[0;1;33;93;43m::::::.............[0;1;31;91;43m88888888888[0;31;43mS[0m  
  [0;31;40mX[0;1;33;93;43m....:::::::::::;;[0;33;5;43;103m;;;;:::::::::::[0;1;33;93;47m@[0;37;5;47;107mS;;;;;;S[0;1;33;93;47m@[0;1;33;93;43m:::::::.............[0;1;31;91;43m888888888888[0;31;40m8[0m  
   [0;31;43m@[0;1;33;93;43m.....:::::::::::::;;;[0;33;5;43;103m;;;;;;;;[0;1;33;93;43m;;;[0;33;5;43;103m;[0;1;37;97;47m%[0;37;5;47;107mt;tt[0;1;37;97;47mS[0;1;33;93;43m;::::::..............[0;1;31;91;43m888888888888[0;31;43m@[0m   
    [0;1;31;91;43m8[0;1;33;93;43m......:::::::::::::::::::::::::::[0;33;5;43;103m;[0;1;37;97;47m8[0;37;5;47;107m8[0;33;5;43;103m;[0;1;33;93;43m::::::...............[0;1;31;91;43m8888888888888[0m    
    [0;30;41m8[0;1;33;93;43m........::::::::::::::::::::::::::[0;33;5;43;103m;[0;1;33;93;43m::::::...............[0;1;31;91;43m88888888888888[0;30;41m8[0m    
     [0;33;41m8[0;1;33;93;43m..........::::::::::::::::::[0;1;33;93;47m8[0;1;33;93;43m::::[0;1;37;97;47m8[0;1;33;93;43m:::.[0;33;5;43;103m;[0;37;5;43;103m@[0;1;33;93;43m..............[0;1;31;91;43m88888888888888[0;33;41m8[0m     
      [0;31;43m8[0;1;33;93;43m..............:::::::::::::[0;1;37;97;47m@[0;1;33;93;47m8[0;1;33;93;43m::.[0;37;5;47;107m8[0;1;37;97;47m%[0;1;33;93;43m..[0;33;5;43;103m;[0;37;5;47;107mX[0;1;33;93;43m.............[0;1;31;91;43m888888888888888[0;31;43m8[0m      
       [0;31;43m@[0;1;33;93;43m.....................[0;37;5;43;103m@[0;33;5;43;103m;[0;1;33;93;43m...;[0;37;5;47;107m@@[0;1;33;93;47m8[0;1;33;93;43m.[0;1;37;97;47m@[0;37;5;47;107mt[0;1;33;93;47m8[0;1;33;93;43m.[0;1;37;97;47mS[0;37;5;47;107m%[0;1;33;93;43m...[0;1;33;93;47m8@[0;1;33;93;43m:.....[0;1;31;91;43m8888888888888888[0;31;43m@[0m       
        [0;31;43m8[0;1;33;93;43m.....................[0;1;33;93;47mX[0;1;37;97;47m8X[0;1;33;93;47mX[0;33;5;43;103m;;[0;37;5;47;107mtt[0;1;33;93;47m8[0;37;5;47;107mSt[0;1;37;97;47m@[0;1;33;93;47m%[0;37;5;47;107m%S[0;1;33;93;43m.:[0;1;37;97;47m@8[0;1;33;93;43m.....[0;1;31;91;43m88888888888888888[0;31;43m8[0m        
         [0;33;41m8[0;1;33;93;43m.....................:[0;1;33;93;47mS[0;37;5;47;107m%%[0;1;37;97;47mX[0;37;5;47;107mtt%%%%%%[0;1;37;97;47m8%[0;37;5;47;107mXS[0;33;5;43;103mt[0;1;33;93;43m...:.[0;1;31;91;43m8888888888888888[0;33;41m8[0m         
          [0;30;41m8[0;1;31;91;43m8[0;1;33;93;43m..............[0;33;5;43;103mt[0;1;33;93;47mXSS[0;1;37;97;47m%%[0;1;33;93;47mX[0;1;37;97;47mX[0;37;5;47;107m%%%%%%%%%%%%@[0;1;33;93;47m8[0;1;33;93;43m;[0;1;33;93;47m8[0;1;37;97;47mXS[0;1;33;93;47m8[0;1;33;93;43m:[0;1;31;91;43m888888888888888[0;30;41m8[0m          
            [0;31;43m%[0;1;33;93;43m...............;[0;1;33;93;47m8X[0;1;37;97;47m8[0;37;5;47;107m%%%%%%%%%%%%%SSSS@[0;1;33;93;47m8[0;1;31;91;43m8888888888888888[0;31;43m%[0m            
             [0;31;43m8[0;1;31;91;43m888[0;1;33;93;43m............[0;1;33;93;47m8X[0;1;37;97;47mt[0;37;5;47;107m8%%%%%%%SSSSSSS@[0;1;33;93;47m@[0;1;33;93;43m.[0;1;31;91;43m8[0;1;33;93;43m.:.[0;1;31;91;43m888888888888[0;31;43m8[0m             
              [0;31;40m@[0;31;43m%[0;1;31;91;43m888888888[0;1;33;93;43m;[0;1;33;93;47m8[0;1;37;97;47mt888[0;37;5;47;107m@SSSSSSSSSSSSSSSSSXX[0;1;37;97;47m@[0;1;33;93;47mX8[0;1;33;93;43m:[0;1;31;91;43m888888888[0;31;43m%[0;31;40m@[0m              
                [0;33;41m@[0;1;31;91;43m8888888888888[0;1;33;93;43mt[0;1;33;93;47m%[0;37;5;47;107m@SSSSSSSSSSSSSX8[0;1;33;93;47m8[0;1;33;93;43mt.[0;1;31;91;43m888888888888[0;33;41m@[0m                
                  [0;31;43m8[0;1;31;91;43m888888888[0;1;33;93;43m.[0;1;37;97;47mt[0;37;5;47;107mS@[0;1;37;97;47m8[0;37;5;47;107m8SSSSSSSXXXXXXX@[0;1;37;97;47mX[0;1;33;93;47mS8[0;1;33;93;43m.[0;1;31;91;43m88888888[0;31;43m8[0m                  
                    [0;31;43m8[0;1;31;91;43m88888[0;1;33;93;43m.[0;1;33;93;47m8[0;1;37;97;47mt[0;1;33;93;47mX[0;1;33;93;43m;[0;1;31;91;43m8[0;1;33;93;47m8[0;37;5;47;107m@XXXXXXXXXXXX[0;1;37;97;47mS[0;1;33;93;43m;[0;1;33;93;47m88[0;33;47m88[0;1;33;93;47m8[0;1;33;93;43m:[0;1;31;91;43m88888[0;31;43m8[0m                    
                      [0;33;41m8[0;1;31;91;43m88888888[0;37;43m@[0;37;5;47;107mX[0;1;37;97;47m@[0;1;33;93;47m8[0;1;37;97;47mS[0;37;5;47;107mXX8XX@XX[0;1;33;93;47m@[0;1;37;97;47m8[0;37;5;47;107m@[0;1;37;97;47mX[0;37;43mX[0;1;31;91;43m88888888[0;31;43m8[0m                      
                        [0;33;41m8[0;1;31;91;43m888888[0;1;37;97;47m@[0;1;33;93;47mX[0;1;31;91;43m88[0;37;5;47;107m@@[0;33;47m8[0;1;33;93;47mS[0;37;5;47;107m@8[0;1;33;93;43m:[0;37;5;47;107m8@[0;33;47m8[0;1;31;91;43m8[0;1;33;93;43m:[0;33;47m8[0;1;37;97;47m:t[0;1;31;91;43m88888[0;33;41m8[0m                        
                          [0;31;40m8[0;31;43m@[0;1;31;91;43m88[0;33;47m8[0;1;33;93;43m:[0;1;31;91;43m888[0;37;5;47;107m8[0;1;33;93;47mS[0;1;31;91;43m8[0;1;33;93;43m:[0;37;5;47;107m8[0;1;37;97;47mS[0;1;31;91;43m8[0;1;33;93;43m.[0;1;37;97;47m;8[0;1;33;93;43m;[0;1;31;91;43m8888[0;1;33;93;43m:[0;1;31;91;43m8[0;31;43mX[0;30;41m8[0m                          
                             [0;33;41m8[0;31;43mS[0;1;31;91;43m8888[0;1;37;97;47m@[0;1;31;91;43m888[0;33;47m8[0;1;37;97;47m8[0;1;31;91;43m888[0;1;33;93;43m:[0;1;37;97;47m%[0;1;31;91;43m888[0;31;43mS[0;33;41m8[0m                             
                                [0;33;41m8[0;31;43m%[0;1;33;93;43m:[0;1;31;91;43m88888[0;1;37;97;47m;[0;1;31;91;43m8888[0;1;33;93;43m.[0;31;43m%[0;33;41m8[0m                                
                                   [0;33;41m@[0;31;43mX[0;1;31;91;43m888888[0;31;43mX[0;33;41m8[0m                                   
                                      [0;31;40m8[0;33;41m88[0;30;41m8[0m                                      
