[0;36;5;40;100mt[0;1;30;90;47m8%..     :S;X@S.[0;1;37;97;47m      [0;1;30;90;47m %;%@X:[0;1;37;97;47m       [0;1;30;90;47m;%;@@t[0;1;37;97;47m     [0;1;30;90;47m  :X;X8X.......:X%X88t::;;;;;S@[0;36;5;40;100m [0m
[0;37;5;40;100mS[0;1;37;97;47m@%@[0;37;5;47;107mX%%t%8[0;1;37;97;47mSX[0;37;5;47;107m@%8[0;1;37;97;47mSX[0;37;5;47;107m@ttttX[0;1;37;97;47mXS[0;37;5;47;107m8tX[0;1;37;97;47m@S[0;37;5;47;107m8%tttS[0;1;37;97;47m8S8[0;37;5;47;107m%S[0;1;37;97;47m8S8[0;37;5;47;107mSttt%8[0;1;37;97;47mSS[0;37;5;47;107m8%[0;1;37;97;47m8%S[0;37;5;47;107m8%%SS8[0;1;37;97;47m%t@[0;37;5;47;107mX8[0;1;37;97;47mt;@[0;37;5;47;107m@@@@8[0;1;37;97;47m%:t[0;37;5;40;100mX[0m
[0;37;5;40;100m@[0;37;5;47;107m%@[0;1;37;97;47mS%8[0;37;5;47;107m%@[0;1;37;97;47mXS[0;37;5;47;107m8%ttt%[0;1;37;97;47m8S8[0;37;5;47;107m%%[0;1;37;97;47m8S8[0;37;5;47;107m%tttt8[0;1;37;97;47mXX[0;37;5;47;107mXt8[0;1;37;97;47mXX[0;37;5;47;107m@ttttX[0;1;37;97;47mXS[0;37;5;47;107m8t@[0;1;37;97;47mXS8[0;37;5;47;107m%tt%S[0;1;37;97;47m@%X[0;37;5;47;107mXX[0;1;37;97;47mXtX[0;37;5;47;107m@SSSX[0;1;37;97;47m@;t8[0;37;5;47;107m@[0;1;37;97;47mX:;8[0;37;5;47;107m@[0;37;5;40;100m8[0m
[0;37;5;40;100m@[0;37;5;47;107m%%%88[0;1;37;97;47m8S8[0;37;5;47;107mStttttttX88[0;1;37;97;47mX@[0;37;5;47;107mXt;;;;;;%88[0;1;37;97;47m@X[0;37;5;47;107m8tttttttt88[0;1;37;97;47m8S8[0;37;5;47;107mSttttt%%@[0;1;37;97;47m88%S[0;37;5;47;107m8SSSSSSX8[0;1;37;97;47m@@t;X[0;37;5;47;107m8@@[0;37;5;40;100m8[0m
[0;37;5;40;100m@[0;37;5;47;107m%t%[0;1;37;97;47m8SX[0;37;5;47;107m8[0;1;37;97;47m8[0;37;5;47;107mSttttttt@[0;1;37;97;47m@X[0;37;5;47;107m88@;;;;;;;%[0;1;37;97;47m8X8[0;37;5;47;107m@8t;;;;ttt8[0;1;37;97;47mSX[0;37;5;47;107m8[0;1;37;97;47m8[0;37;5;47;107mSttttttt8[0;1;37;97;47mS%88[0;37;5;47;107m8SSSSSSS8[0;1;37;97;47mS;S@X[0;37;5;47;107m8@@[0;37;5;40;100m8[0m
[0;37;5;40;100m@[0;37;5;47;107mt@[0;1;37;97;47mSS[0;37;5;47;107m8tX[0;1;37;97;47m@S8[0;37;5;47;107m%tttS[0;1;37;97;47m8X8[0;37;5;47;107m%t8[0;1;37;97;47mX8[0;37;5;47;107m%;;;t8[0;1;37;97;47m@8[0;37;5;47;107mS;@[0;1;37;97;47m@@[0;37;5;47;107m@;;;;@[0;1;37;97;47m@X[0;37;5;47;107m8tX[0;1;37;97;47m@S8[0;37;5;47;107m%tttS[0;1;37;97;47m@%@[0;37;5;47;107mSS[0;1;37;97;47m8%X[0;37;5;47;107m@SSSX[0;1;37;97;47m@tt[0;37;5;47;107m8X[0;1;37;97;47m@;;@[0;37;5;47;107m@[0;37;5;40;100m8[0m
[0;37;5;40;100mX[0;1;37;97;47m@S8[0;37;5;47;107m%tttt8[0;1;37;97;47mXX[0;37;5;47;107m@t8[0;1;37;97;47mX@[0;37;5;47;107mS;;;;S[0;1;37;97;47m8@[0;37;5;47;107m8tS[0;1;37;97;47m88[0;37;5;47;107m@;:;;t8[0;1;37;97;47m@88 8X8[0;37;5;47;107m%;ttt8[0;1;37;97;47mXX[0;37;5;47;107m8t[0;1;37;97;47m8SX[0;37;5;47;107m@t%%%@[0;1;37;97;47mX%8[0;37;5;47;107mX8[0;1;37;97;47m%t8[0;37;5;47;107mXXXX8[0;1;37;97;47mS:t[0;37;5;40;100mS[0m
[0;37;5;40;100mS[0;37;5;47;107m8Xttttttt%8[0;1;37;97;47mX8[0;37;5;47;107m@@;;;;;:::X[0;1;37;97;47m88[0;37;5;47;107m@X;:::::::%[0;1;37;97;47m8[0;1;30;90;47mt[0;1;30;90;44mX[0;36;5;40;100m.[0;37;5;47;107m@;;;;ttt%[0;1;37;97;47m8S@[0;37;5;47;107m88tttt%%%%8[0;1;37;97;47m%%88[0;37;5;47;107mXSSXXXX@8[0;1;37;97;47mt[0;36;5;40;100m [0m
[0;36;5;40;100m [0;1;37;97;47mS[0;37;5;47;107m8tttttttS[0;1;37;97;47m8[0;37;5;47;107m@[0;1;37;97;47m8X[0;37;5;47;107m8t;:::::;@X@[0;1;37;97;47m8[0;37;5;47;107m8t:::::::X8[0;37;5;40;100mt[0;1;30;90;44m@[0;1;34;94;44mS[0;36;5;40;100m;[0;37;5;47;107mX;;;;;tS[0;1;37;97;47m8[0;37;5;47;107m8[0;1;37;97;47m@S8[0;37;5;47;107m%tttt%%S[0;1;37;97;47m888tS[0;37;5;47;107m8SSSXXXX[0;1;37;97;47m8X[0;37;5;40;100mS[0m
[0;37;5;40;100m@[0;1;37;97;47m8S@[0;37;5;47;107mXttt%8[0;1;37;97;47mX8[0;37;5;47;107mS;X[0;1;37;97;47m8@[0;37;5;47;107mX::::S[0;1;37;97;47m88[0;37;5;47;107mS.;8[0;1;37;97;47m8[0;37;5;47;107m@;...t8[0;1;37;97;47m8[0;1;30;90;47m@[0;1;30;90;44m88[0;1;34;94;44mX@[0;36;5;40;100mt[0;37;5;47;107m8;;;t[0;1;37;97;47m8X@[0;37;5;47;107mXt8[0;1;37;97;47mXS[0;37;5;47;107m8ttt%8[0;1;37;97;47mS%[0;37;5;47;107m8S@[0;1;37;97;47mSt@[0;37;5;47;107m@SXX8[0;1;37;97;47m%:S[0;37;5;40;100m@[0m
[0;37;5;40;100m8[0;37;5;47;107mtS[0;1;37;97;47m8S8[0;37;5;47;107mt8[0;1;37;97;47mX@[0;37;5;47;107m@;;;;;@[0;1;37;97;47m88[0;37;5;47;107m;t8[0;1;37;97;47m8[0;37;5;47;107mX:....%88%:@[0;1;37;97;47m8:[0;37;5;40;100m;[0;1;30;90;44m888[0;1;34;94;44m@X8[0;34;5;40;100mS[0;1;37;97;47m@[0;37;5;47;107mt@[0;1;37;97;47m@@[0;37;5;47;107m@tttt%8[0;1;37;97;47mSX[0;37;5;47;107mSX[0;1;37;97;47mX%8[0;37;5;47;107mS%%%S8[0;1;37;97;47m%t8[0;37;5;47;107m@[0;1;37;97;47mX;%[0;37;5;47;107m8@[0;37;5;40;100m8[0m
[0;37;5;40;100m8[0;37;5;47;107mttt@@[0;1;37;97;47m@X[0;37;5;47;107m8t;;;::::tS@[0;1;37;97;47m8[0;37;5;47;107m8;       .%X[0;1;37;97;47m:[0;1;30;90;47m8[0;36;5;40;100m:[0;1;30;90;44m888[0;1;34;94;44m@[0;34;5;44;104m8[0;1;34;94;44m@[0;34;5;44;104m8[0;1;34;94;44mX[0;34;5;44;104m8[0;36;5;40;100m:[0;1;37;97;47m@@[0;37;5;47;107m8t;;tttttS8[0;1;37;97;47m8S@[0;37;5;47;107mX%%%%%%SX[0;1;37;97;47m88tt8[0;37;5;47;107mXX@[0;37;5;40;100m8[0m
[0;37;5;40;100m8[0;37;5;47;107mtt%[0;1;37;97;47m8X8[0;37;5;47;107m@[0;1;37;97;47m8[0;37;5;47;107mS;;;::::S[0;1;37;97;47m8[0;37;5;47;107m8SXS.    t[0;1;37;97;47m%[0;1;30;90;47mX[0;37;5;40;100m;[0;34;5;40;100mX[0;1;30;90;44m888888888888@[0;36;5;40;100m.[0;1;37;97;47mX8[0;37;5;47;107mS;;ttttt8[0;1;37;97;47mSX[0;37;5;47;107m8[0;1;37;97;47m8[0;37;5;47;107m8%%%%%%S8[0;1;37;97;47mSt@8S[0;37;5;47;107m8X@[0;37;5;40;100m8[0m
[0;37;5;40;100m8[0;37;5;47;107mt8[0;1;37;97;47mX@[0;37;5;47;107m@t%[0;1;37;97;47m8X8[0;37;5;47;107m%:::%8[0;1;37;97;47m8[0;37;5;47;107mX..%88t[0;1;37;97;47m@[0;1;30;90;47m%[0;37;5;40;100m;[0;34;5;40;100mSSSSXXX[0;1;30;90;44m88888888888@@[0;36;5;40;100m.[0;1;37;97;47m 8[0;37;5;47;107m%;ttX[0;1;37;97;47m@S[0;37;5;47;107m8%%8[0;1;37;97;47mSS[0;37;5;47;107m8%%%X[0;1;37;97;47mXtX[0;37;5;47;107m@S8[0;1;37;97;47mt;@[0;37;5;47;107m@[0;37;5;40;100m8[0m
[0;37;5;40;100mX[0;1;37;97;47mXS[0;37;5;47;107m8t;;;;S[0;1;37;97;47m8@[0;37;5;47;107m@;8[0;1;37;97;47m8[0;37;5;47;107m8;.   @[0;1;30;90;47m8[0;36;5;40;100m;[0;34;5;40;100mSS[0;36;5;40;100m%%%%[0;36;5;44;104m8[0;34;5;44;104m8@@@XXSSX@8[0;1;34;94;44m@[0;1;30;90;44m88@@X@[0;1;30;90;47m8[0;1;37;97;47mX[0;37;5;47;107m8t[0;1;37;97;47m8S8[0;37;5;47;107mSttttS[0;1;37;97;47m@%@[0;37;5;47;107mX8[0;1;37;97;47m%S[0;37;5;47;107m8SSSSX[0;1;37;97;47m@;t[0;37;5;40;100mS[0m
[0;36;5;40;100m [0;37;5;47;107m8Stt;;;;;;@[0;1;37;97;47m88[0;37;5;47;107mX%..  %[0;1;30;90;47m8[0;34;5;40;100mSSS[0;36;5;40;100m%%t[0;36;5;44;104m@@@t;X[0;34;5;44;104mS:::;t8[0;1;30;90;44m8[0;1;34;94;44m@8[0;34;5;44;104m@[0;1;34;94;44m8[0;1;30;90;44m8@@[0;1;34;94;44mS8[0;36;5;40;100m [0;1;37;97;47mS@[0;37;5;47;107m8Xtttttttt@[0;1;37;97;47mS%8[0;37;5;47;107m8SSSSSSXX8[0;1;37;97;47mS[0;36;5;40;100m [0m
[0;36;5;40;100m [0;1;37;97;47mS8[0;37;5;47;107m%t;;;;;S[0;1;37;97;47m8[0;37;5;47;107mX8[0;1;37;97;47m8[0;37;5;47;107m8;. [0;1;37;97;47m%[0;36;5;40;100m%[0;1;30;90;44m8[0;34;5;44;104m8X[0;36;5;44;104mS:;..@:..8[0;34;5;44;104m      [0;1;34;94;44m8@[0;34;5;44;104m::88@%8[0;1;30;90;44mXXS8[0;1;30;90;47m@[0;1;37;97;47mX8[0;37;5;47;107mSttttttS[0;1;37;97;47m@88%S[0;37;5;47;107m8SSSSSX@[0;1;37;97;47m@S[0;37;5;40;100mS[0m
[0;37;5;40;100m@[0;37;5;47;107m8[0;1;37;97;47mXX[0;37;5;47;107m@t;;%[0;1;37;97;47m8@[0;37;5;47;107m8t:%8[0;1;37;97;47m8[0;37;5;47;107mX[0;1;37;97;47m [0;1;30;90;44m88[0;34;5;44;104mS; [0;36;5;44;104m..%..[0;36;5;40;100m;[0;36;5;44;104m...8.[0;34;5;44;104m     88.t8.:S[0;1;34;94;44m8S@[0;1;30;90;44mSS%[0;36;5;40;100m;[0;1;37;97;47m.S8[0;37;5;47;107m%tt%[0;1;37;97;47m8SX[0;37;5;47;107m@%S[0;1;37;97;47m@%S[0;37;5;47;107m@SSS[0;1;37;97;47m8t;@[0;37;5;40;100m8[0m
[0;37;5;40;100m8[0;37;5;47;107mt%[0;1;37;97;47m8X8[0;37;5;47;107mt8[0;1;37;97;47m@8[0;37;5;47;107mS::::8[0;36;5;40;100m;%[0;1;30;90;44m8[0;34;5;44;104m@. S [0;36;5;44;104m.%Xt%8@%%[0;36;5;40;100m%[0;34;5;44;104mt;:   @@.%%..;[0;34;5;40;100mS[0;36;5;40;100m.%[0;1;34;94;44mSS%t[0;1;30;90;44mS[0;36;5;40;100m [0;1;30;90;47mt[0;1;37;97;47mX[0;37;5;47;107mS@[0;1;37;97;47mXS[0;37;5;47;107m8%%%%%8[0;1;37;97;47mSt8[0;37;5;47;107m8[0;1;37;97;47mS;S[0;37;5;47;107m8X[0;37;5;40;100m8[0m
[0;37;5;40;100m8[0;37;5;47;107mtttS8[0;1;37;97;47m@@[0;37;5;47;107m@;;::::t[0;1;30;90;44m88[0;34;5;44;104mt   XtSS[0;36;5;44;104m@%%%@8[0;36;5;40;100m%[0;34;5;40;100mS[0;1;30;90;44m8[0;34;5;44;104m88@%t[0;1;34;94;44m8[0;34;5;44;104mS..S.;X[0;1;30;90;44m8[0;34;5;40;100mX[0;1;34;94;44mX%%S@8X;[0;1;30;90;44mX[0;36;5;40;100m.[0;1;30;90;47m8[0;1;37;97;47m.[0;37;5;47;107mSt%%%%%%S8[0;1;37;97;47m@t%[0;37;5;47;107m8XXX[0;37;5;40;100m8[0m
[0;37;5;40;100m8[0;37;5;47;107mttS[0;1;37;97;47m@X8[0;37;5;47;107m@[0;1;37;97;47m8[0;37;5;47;107m@;::::[0;1;37;97;47mt[0;1;30;90;44m8[0;34;5;44;104mt    ;. .t%XX@@8[0;1;30;90;44m8[0;34;5;40;100mXX[0;1;30;90;44m88888[0;34;5;44;104m88@[0;1;30;90;44m88@@[0;1;34;94;44m@%%[0;34;5;44;104m@[0;1;34;94;44m@S@[0;1;30;90;47m88[0;36;5;40;100m [0;1;30;90;44m8[0;1;34;94;44mSt:[0;1;30;90;44m8[0;37;5;40;100m;[0;1;30;90;47mt[0;37;5;47;107m8%%%S8[0;1;37;97;47m%t8@%[0;37;5;47;107m8XX[0;37;5;40;100m8[0m
[0;37;5;40;100mX[0;37;5;47;107m%[0;1;37;97;47m8% [0;37;5;47;107m@;t8[0;1;37;97;47m@8[0;37;5;47;107mS::;[0;36;5;40;100m.[0;34;5;44;104m%%.  ;X88@XX@88[0;1;34;94;44m8[0;1;30;90;44m8888888888[0;1;34;94;44m@[0;1;30;90;44m88@[0;1;34;94;44mS8%[0;1;30;90;44mXS[0;1;34;94;44m%8[0;34;5;44;104m8X8[0;1;30;90;47mX[0;1;37;97;47mX[0;37;5;47;107m8t8[0;1;37;97;47m [0;1;30;90;47m8[0;36;5;40;100m:[0;1;30;90;44m8;8[0;36;5;40;100m [0;1;30;90;47mS[0;1;37;97;47m t@[0;37;5;47;107mXS8[0;1;37;97;47m%;S[0;37;5;47;107m8[0;37;5;40;100mX[0m
[0;36;5;40;100m [0;1;37;97;47mXX[0;37;5;47;107m8@[0;1;37;97;47m [0;1;30;90;47m8[0;37;5;40;100m;[0;1;30;90;47mt[0;37;5;47;107m8[0;1;37;97;47m8@[0;37;5;47;107m8t[0;1;30;90;47mt[0;1;34;94;44m@[0;34;5;44;104m.::@[0;1;34;94;44m8[0;34;5;44;104m8X@[0;1;34;94;44m8[0;1;30;90;44m888[0;34;5;40;100mX[0;1;30;90;47mX[0;1;37;97;47m    [0;1;30;90;47m%X@8888[0;37;5;40;100m%%[0;1;30;90;47m8888[0;37;5;40;100m:;[0;1;30;90;47m8[0;37;5;40;100m%;[0;36;5;40;100m [0;34;5;40;100m@[0;1;34;94;44mt8[0;34;5;44;104mX[0;1;30;90;47m8[0;37;5;47;107mtttt%[0;1;37;97;47m8%%:[0;1;30;90;47m@[0;36;5;40;100m [0;34;5;40;100m@[0;1;30;90;44m8[0;36;5;40;100m:[0;1;30;90;47m8[0;1;37;97;47mt[0;37;5;47;107mXX[0;1;37;97;47m8t;[0;36;5;40;100m [0m
[0;30;5;40;100m8[0;37;5;47;107m8%tttt@[0;1;30;90;47m8[0;1;30;90;44m8[0;37;5;40;100mt[0;1;37;97;47m%8@[0;36;5;40;100m%[0;34;5;44;104mt%8[0;1;34;94;44m@[0;34;5;44;104m88[0;1;30;90;44m888888[0;34;5;44;104m@[0;36;5;40;100m [0;37;5;47;107m     ...:X[0;1;37;97;47m88[0;37;5;47;107mX;::;;;;;;@[0;1;37;97;47mXX8:[0;1;30;90;47m8[0;34;5;44;104m8[0;36;5;40;100m [0;37;5;47;107m%ttt%X[0;1;37;97;47mX%@[0;37;5;47;107m8SS[0;1;37;97;47mX[0;1;30;90;47mt8[0;36;5;40;100m.[0;37;5;40;100mt[0;1;37;97;47mt[0;37;5;47;107m@[0;1;37;97;47mX[0;30;5;40;100m@[0m
 [0;1;37;97;47m%8[0;37;5;47;107mStttt;8[0;36;5;40;100m [0;1;30;90;44mX[0;1;30;90;47m8@[0;1;34;94;44m8[0;34;5;44;104m@[0;1;34;94;44mS8S[0;1;30;90;44m88[0;37;5;47;107m8.t[0;1;37;97;47m8[0;1;30;90;47m8[0;1;30;90;44m8[0;34;5;44;104m8[0;1;30;90;47m8[0;37;5;47;107mS......;@8S8[0;1;37;97;47m8[0;37;5;47;107m8t;;;;;t8[0;1;37;97;47m@[0;37;5;47;107m88[0;1;37;97;47mSX[0;37;5;47;107m@t@Stt%@[0;1;37;97;47mX8[0;37;5;47;107m8[0;1;37;97;47mS%8[0;37;5;47;107mSSSSXX@[0;1;37;97;47mSt[0m 
 [0;1;30;90;47m.[0;1;37;97;47mXS[0;37;5;47;107m8tttX[0;1;37;97;47m@X[0;1;30;90;47m;[0;1;30;90;44m8XXX8[0;1;30;90;47m8[0;1;37;97;47m@[0;37;5;47;107m8[0;1;30;90;47mS[0;37;5;47;107mt8[0;1;37;97;47m8[0;37;5;47;107m8t[0;37;5;40;100m;[0;1;30;90;44m8[0;1;37;97;47mX8[0;37;5;47;107m8%..:X[0;1;37;97;47m88[0;37;5;47;107mS::S[0;1;37;97;47m8@[0;37;5;47;107m8t;;X[0;1;37;97;47m@X[0;37;5;47;107m8%tS[0;1;37;97;47m8S8[0;37;5;47;107mSttS[0;1;37;97;47m@%X[0;37;5;47;107mX%S[0;1;37;97;47m8t%[0;37;5;47;107m8SXX[0;1;37;97;47m@;; [0m 
 [0;37;5;40;100mS[0;37;5;47;107mt8[0;1;37;97;47mS@[0;37;5;47;107mS[0;1;37;97;47m8S8[0;37;5;47;107m%;[0;1;37;97;47m%[0;1;30;90;44m@XX[0;1;37;97;47mS8@[0;37;5;47;107m%@[0;1;37;97;47m88[0;37;5;47;107mS::[0;1;37;97;47mt[0;1;30;90;47m8[0;37;5;47;107m:;8[0;1;37;97;47m8[0;37;5;47;107mX%[0;1;37;97;47m88[0;37;5;47;107m@;::;;;8[0;1;37;97;47m@8[0;37;5;47;107m%[0;1;37;97;47m8X8[0;37;5;47;107mSttttt@[0;1;37;97;47mXS[0;37;5;47;107mX8[0;1;37;97;47m%S[0;37;5;47;107m8%%%SS@[0;1;37;97;47mXt8[0;37;5;47;107m8[0;1;37;97;47mt;X[0;37;5;47;107m@[0;37;5;40;100m@[0m 
  [0;37;5;47;107m%tS8[0;1;37;97;47mSX[0;37;5;47;107m@ttt;[0;1;37;97;47m [0;1;30;90;44mSS[0;1;37;97;47m%[0;37;5;47;107m;@[0;1;37;97;47m8@[0;37;5;47;107m8;:::88:::S8[0;1;37;97;47m@[0;37;5;47;107m8%:;;;;;;;%8[0;1;37;97;47mX@[0;37;5;47;107m@tttttttt%8[0;1;37;97;47mX%8[0;37;5;47;107mS%%%SSSSS8[0;1;37;97;47mS;S[0;37;5;47;107m8@@[0;1;30;90;40m8[0m 
  [0;1;30;90;47m;[0;37;5;47;107m@[0;1;37;97;47mXS[0;37;5;47;107m88[0;1;37;97;47mX[0;37;5;47;107m8tttt[0;36;5;40;100m [0;1;30;90;44mS[0;1;30;90;47m@[0;1;37;97;47m8X8[0;37;5;47;107mS[0;1;37;97;47m88[0;37;5;47;107m%;;;;;;@[0;1;37;97;47m@8[0;37;5;47;107mX8[0;1;37;97;47m8[0;37;5;47;107mX;;;;;;X[0;1;37;97;47m@X[0;37;5;47;107m8@[0;1;37;97;47mX[0;37;5;47;107m8%tttttS[0;1;37;97;47m@%@[0;37;5;47;107m@[0;1;37;97;47mXX[0;37;5;47;107mX%%SSSX[0;1;37;97;47m8tt8S;8[0;1;30;90;47m.[0m  
  [0;1;30;90;40m8[0;1;37;97;47m%8[0;37;5;47;107mStt8[0;1;37;97;47mSX[0;37;5;47;107m@tt[0;1;37;97;47mX[0;1;30;90;44m%[0;36;5;40;100m:[0;1;37;97;47m@[0;37;5;47;107mX;;S[0;1;37;97;47m8@[0;37;5;47;107m8t;;X[0;1;37;97;47m8@[0;37;5;47;107m8t;%[0;1;37;97;47m8X8[0;37;5;47;107m%;;%[0;1;37;97;47m8X8[0;37;5;47;107mStt8[0;1;37;97;47mSX[0;37;5;47;107m@tt%8[0;1;37;97;47mSS[0;37;5;47;107m8%%@[0;1;37;97;47mS%8[0;37;5;47;107mSSS8[0;1;37;97;47m%t@[0;37;5;47;107m@X8[0;1;37;97;47mS:[0;30;5;40;100m8[0m  
   [0;1;30;90;47m8[0;37;5;47;107mttttt%[0;1;37;97;47m8S@[0;37;5;47;107mS[0;1;37;97;47m8[0;36;5;40;100m;[0;1;30;90;44m8[0;37;5;47;107mtt;;;t8[0;1;37;97;47mX@[0;37;5;47;107m@@[0;1;37;97;47mX8[0;37;5;47;107m%;;;;;S[0;1;37;97;47m@X[0;37;5;47;107m8S[0;1;37;97;47m@@[0;37;5;47;107mXttttt%[0;1;37;97;47m8S@[0;37;5;47;107mX[0;1;37;97;47m8S8[0;37;5;47;107m%%%%%S[0;1;37;97;47m8%%88tX[0;37;5;47;107m@XXX@@[0;1;30;90;47mX[0m   
    [0;37;5;47;107m8ttttttX[0;1;37;97;47m@S8 [0;1;30;90;44mt[0;37;5;47;107mXtttttt%[0;1;37;97;47m8X8[0;37;5;47;107mX;;;;;;ttt8[0;1;37;97;47mXX[0;37;5;47;107m8ttttttttt@[0;1;37;97;47mXS8[0;37;5;47;107mX%%%%%%SS@[0;1;37;97;47m@tS[0;37;5;47;107m8XXXX@@[0;1;37;97;47m8[0m    
    [0;36;5;40;100m%[0;37;5;47;107m%ttt%[0;1;37;97;47m8S[0;37;5;47;107m88[0;1;37;97;47mX%[0;1;30;90;44mt[0;37;5;47;107m8ttttt@[0;1;37;97;47mX8[0;37;5;47;107mX[0;1;37;97;47m@X[0;37;5;47;107m8%tttttS[0;1;37;97;47m8X[0;37;5;47;107mX[0;1;37;97;47m8S@[0;37;5;47;107mXttttt%[0;1;37;97;47m8S[0;37;5;47;107m88[0;1;37;97;47mSS[0;37;5;47;107m8%%%%SS8[0;1;37;97;47m%X[0;37;5;47;107m8[0;1;37;97;47m%;X[0;37;5;47;107m@X@@@[0;36;5;40;100mt[0m    
     [0;36;5;40;100m [0;37;5;47;107m%%8[0;1;37;97;47mSS[0;37;5;47;107m8tt%[0;1;37;97;47m8[0;1;30;90;44m8[0;1;37;97;47m.[0;37;5;47;107mXttS[0;1;37;97;47m@S8[0;37;5;47;107m%tt8[0;1;37;97;47mXX[0;37;5;47;107m8tt%[0;1;37;97;47m8S@[0;37;5;47;107mXttX[0;1;37;97;47m@S8[0;37;5;47;107m%tt8[0;1;37;97;47mSS[0;37;5;47;107m8%%S[0;1;37;97;47m8%X[0;37;5;47;107m@%S@[0;1;37;97;47mStX[0;37;5;47;107m@XX[0;1;37;97;47m8;;@[0;37;5;47;107m@@[0;36;5;40;100m [0m     
      [0;37;5;40;100m8[0;1;37;97;47mX%8[0;37;5;47;107mSttttt[0;36;5;40;100m [0;1;37;97;47mtX[0;37;5;47;107mX[0;1;37;97;47m8S@[0;37;5;47;107mXttttt%[0;1;37;97;47m8S[0;37;5;47;107m88[0;1;37;97;47mXS[0;37;5;47;107m8tttttt8[0;1;37;97;47mS@[0;37;5;47;107mX[0;1;37;97;47mX%8[0;37;5;47;107mS%%%%%@[0;1;37;97;47mX%[0;37;5;47;107m8[0;1;37;97;47m@t%[0;37;5;47;107m8SXXXX@[0;1;37;97;47mS:@[0;1;30;90;47m8[0m      
       [0;37;5;40;100m8[0;37;5;47;107m8%%%tttt[0;1;30;90;47m8[0;37;5;47;107m%8[0;1;37;97;47mSS[0;37;5;47;107m8%tttttttt@[0;1;37;97;47m@S8[0;37;5;47;107mSttttttttS[0;1;37;97;47m8%X[0;37;5;47;107m8%%%%%%%SS[0;1;37;97;47m8%t8[0;37;5;47;107mXXXXXXX@@[0;1;37;97;47m8[0;1;30;90;47m8[0m       
        [0;37;5;40;100mS[0;1;37;97;47m@[0;37;5;47;107mS%%%%%[0;1;37;97;47m%XS8[0;37;5;47;107mX[0;1;37;97;47mXX[0;37;5;47;107m@tttttS[0;1;37;97;47m8S@[0;37;5;47;107mX[0;1;37;97;47m8S[0;37;5;47;107m8%tttt%8[0;1;37;97;47mSS[0;37;5;47;107m88[0;1;37;97;47m%@[0;37;5;47;107mX%%%SS8[0;1;37;97;47mSt@[0;37;5;47;107m8[0;1;37;97;47m%%[0;37;5;47;107m8XXX@@8[0;1;37;97;47mS[0;37;5;40;100mX[0m        
         [0;36;5;40;100m [0;1;37;97;47m%8[0;37;5;47;107m%%S[0;1;37;97;47m8%X[0;37;5;47;107mX%%S[0;1;37;97;47m@%8[0;37;5;47;107mSt%8[0;1;37;97;47mSS[0;37;5;47;107m8tt%[0;1;37;97;47m8%S[0;37;5;47;107m@%%@[0;1;37;97;47mX%8[0;37;5;47;107mS%%8[0;1;37;97;47mS%8[0;37;5;47;107mSSX[0;1;37;97;47m@tS[0;37;5;47;107m8SX8[0;1;37;97;47mS;S[0;37;5;47;107m8@@[0;1;37;97;47m@:[0;36;5;40;100m [0m         
          [0;30;5;40;100mX[0;1;37;97;47m.S[0;37;5;47;107m8[0;1;37;97;47m@S[0;37;5;47;107m8%%%%%%8[0;1;37;97;47mS%8[0;37;5;47;107m8[0;1;37;97;47mS8[0;37;5;47;107mS%%%%%X[0;1;37;97;47m@%@[0;37;5;47;107m@[0;1;37;97;47mSX[0;37;5;47;107m@%%%%%S[0;1;37;97;47m8t%[0;37;5;47;107m8[0;1;37;97;47mXt8[0;37;5;47;107mXXXXXX[0;1;37;97;47m8;;X@ [0;30;5;40;100mS[0m          
            [0;1;30;90;47mS[0;1;37;97;47mtX[0;37;5;47;107m@%%%%%%%%X[0;1;37;97;47m8%S[0;37;5;47;107m8%%%%%%%%S8[0;1;37;97;47mS%8[0;37;5;47;107mS%%SSSSSS8[0;1;37;97;47mXtS[0;37;5;47;107m8XXXXXX@@8[0;1;37;97;47mX:[0;1;30;90;47m%[0m            
             [0;36;5;40;100m [0;1;37;97;47mtt8[0;37;5;47;107mS%%%%S[0;1;37;97;47m8%X[0;37;5;47;107mX[0;1;37;97;47m@%X[0;37;5;47;107mX%%%%%8[0;1;37;97;47mS%[0;37;5;47;107m@[0;1;37;97;47m8%%[0;37;5;47;107m8SSSSS@[0;1;37;97;47mXt8[0;37;5;47;107m8[0;1;37;97;47mt;@[0;37;5;47;107m@XX@@@[0;1;37;97;47mX:t[0;37;5;40;100m@[0m             
              [0;30;5;40;100m8[0;1;30;90;47m;[0;1;37;97;47mt%[0;37;5;47;107m8SS8[0;1;37;97;47mS%8[0;37;5;47;107mSSS8[0;1;37;97;47mS%8[0;37;5;47;107mSS@[0;1;37;97;47mXtX[0;37;5;47;107m@SSX[0;1;37;97;47mXtX[0;37;5;47;107m@SX[0;1;37;97;47m8tt8[0;37;5;47;107mXX@[0;1;37;97;47m@;t8[0;37;5;47;107m@@[0;1;37;97;47m8;:[0;1;30;90;47mt[0;30;5;40;100m8[0m              
                [0;36;5;40;100m.[0;1;37;97;47m:S[0;37;5;47;107m8[0;1;37;97;47mXtX[0;37;5;47;107m@SSSSSS[0;1;37;97;47m8%88t%[0;37;5;47;107m8SSSSSS8[0;1;37;97;47m%X8t;@[0;37;5;47;107mXXXXX@8[0;1;37;97;47mSt8%:.[0;36;5;40;100m [0m                
                  [0;37;5;40;100mX[0;1;37;97;47m:%8[0;37;5;47;107mXSSSSSSSS8[0;1;37;97;47m%t8[0;37;5;47;107m8SSSSSXXX8[0;1;37;97;47mS;S8[0;37;5;47;107mXXX@@@@@8[0;1;37;97;47mS::[0;37;5;40;100mX[0m                  
                    [0;37;5;40;100m8[0;1;37;97;47m:t8[0;37;5;47;107mXXXXX8[0;1;37;97;47mS;X[0;37;5;47;107m@[0;1;37;97;47mS;X[0;37;5;47;107m@XXXX@[0;1;37;97;47mX;t88:%[0;37;5;47;107m8@@@@@[0;1;37;97;47m8;.[0;37;5;40;100mS[0m                    
                      [0;36;5;40;100m [0;1;30;90;47m [0;1;37;97;47m%[0;37;5;47;107m8X@[0;1;37;97;47mX;%[0;37;5;47;107m8XXX[0;1;37;97;47m8t;8[0;37;5;47;107mXX[0;1;37;97;47m8;;@[0;37;5;47;107m@@@[0;1;37;97;47m8t:S[0;37;5;47;107m8@[0;1;37;97;47m8t[0;1;30;90;47m [0;36;5;40;100m [0m                      
                        [0;36;5;40;100m.[0;1;30;90;47m;[0;1;37;97;47mS8t8[0;37;5;47;107m@XXXXX@[0;1;37;97;47mX:t8%S[0;37;5;47;107m8@@@@@@[0;1;37;97;47m@;:X[0;1;30;90;47m [0;36;5;40;100m [0m                        
                          [0;30;5;40;100m8[0;37;5;40;100m8[0;1;37;97;47mX[0;37;5;47;107m@@@@@@@@8[0;1;37;97;47m@t:S[0;37;5;47;107m8@@@@@@@8[0;1;37;97;47m@[0;1;30;90;47m8[0;30;5;40;100m@[0m                          
                             [0;36;5;40;100m [0;1;30;90;47m [0;37;5;47;107m@@@@@[0;1;37;97;47m@:;[0;37;5;47;107m8[0;1;37;97;47m@;:X[0;37;5;47;107m8@@@@[0;1;37;97;47m.[0;36;5;40;100m [0m                             
                                [0;36;5;40;100m [0;1;37;97;47m;8;:S[0;37;5;47;107m8@@8[0;1;37;97;47mS:;8t[0;37;5;40;100mX[0m                                
                                   [0;36;5;40;100m.[0;1;30;90;47m%[0;37;5;47;107m8@@@@8[0;1;30;90;47mt[0;36;5;40;100m.[0m                                   
                                      [0;30;5;40;100mS[0;37;5;40;100m@@[0;36;5;40;100m%[0m                                      
