[0;1;30;90;43m.[0;1;33;93;43mSXXXXXXXXXXXXXXXXXXXXXXXXXXXXXXXXXXXXXXXXXXXXXXXXXXXXXXXSSSSSSSSSSSSS%%%[0;1;30;90;43m       [0m
[0;1;30;90;43m.[0;33;5;43;103m;;;;;;;;;;;;;;;;;;;;;;;;;;;:::;;;;;;;;;;;;[0;1;33;93;43m.[0;33;5;43;103m;;;;;;;;;;;;;;ttttttttt%%%%%%%%SSSS[0;1;30;90;43m [0m
[0;1;30;90;43m.[0;33;5;43;103m;;;;;;;;;;;;;;;;;;;;:::::::::::::::[0;1;33;93;43m.[0;33;5;43;103m;;;;;[0;1;33;93;43mt[0;31;5;41;101m%[0;33;5;43;103m;;;;;;;;;;;;;;;;tttttttt%%%%%%%%SSS[0;1;30;90;43m [0m
[0;1;30;90;43m:[0;33;5;43;103m;;;;;;;;;;;;;;;;::::::::::::::::::;[0;31;5;41;101mt[0;1;31;91;43m8[0;33;5;43;103m:::t[0;31;5;41;101mt;[0;33;5;43;103m%;;;;;;;;;;;;;;;;ttttttttt%%%%%%%SS[0;1;30;90;43m [0m
[0;1;30;90;43m:[0;33;5;43;103m;;;;;;;;;;;;;:::::::::::::::::::::%[0;31;5;41;101m::[0;33;5;43;103m%::[0;1;33;93;43m.[0;31;5;41;101m::[0;1;31;91;43m8[0;33;5;43;103m;t[0;1;31;91;43m8[0;33;5;43;103m;;;;;;;;;;;;;;tttttttt%%%%%%%%S[0;1;30;90;43m [0m
[0;1;30;90;43m:[0;33;5;43;103m;;;;;;;;;;;::::::::::::::::::::::;[0;33;5;41;101mt:;[0;1;31;91;43m8[0;33;5;43;103m::[0;33;5;41;101m%;;[0;31;5;41;101m;[0;33;5;43;103m%[0;1;31;91;43m8[0;33;5;41;101m%[0;33;5;43;103m;;;;;;;;;;;;;;;tttttttt%%%%%%%%[0;1;30;90;43m [0m
[0;1;30;90;43m:[0;33;5;43;103m;;;;;;;;;::::::::::::::::::;::::;[0;1;31;91;43m8[0;33;5;41;101m:::%[0;33;5;43;103m:%[0;33;5;41;101m;;;;S;;[0;1;33;93;43m;[0;33;5;43;103m;;;;;;;;;;;;;;;tttttttt%%%%%%%[0;1;30;90;43m.[0m
[0;1;30;90;43m:[0;33;5;43;103m;;;;;;;:::::::::::::::...[0;37;5;43;103m;;[0;33;5;43;103mt[0;1;33;93;43m;[0;33;5;43;103m:[0;37;5;43;103m;[0;33;5;43;103m;[0;1;31;91;43m8[0;33;5;41;101m::::[0;33;5;43;103mt:[0;1;33;93;43m.[0;33;5;41;101m::;;%;;;[0;33;5;43;103m%;;;;;;;;;;;;;;;tttttttt%%%%%%[0;1;30;90;43m.[0m
[0;1;30;90;43m:[0;33;5;43;103m;;;;;;:::::::::::::.[0;37;5;43;103m;::::::[0;1;33;93;43mt[0;33;5;41;101m:[0;33;5;43;103mt[0;37;5;43;103m%[0;1;31;91;43m8[0;33;5;41;101m::::[0;1;31;91;43m8[0;33;5;43;103m;t[0;33;5;41;101m::::;%;;;%[0;33;5;43;103m;t%;;;;;;;;;;;;;ttttttt%%%%%%[0;1;30;90;43m.[0m
[0;1;30;90;43m:[0;33;5;43;103m;;;;;::::::::::::.[0;37;5;43;103m::::;:::[0;33;5;43;103m;[0;1;31;91;43m8[0;33;5;41;101m.[0;1;31;91;43m8[0;1;33;93;43m:[0;33;5;41;101m....[0;1;31;91;43m8[0;33;5;43;103m;t[0;33;5;41;101m:::::;%;;;;[0;33;5;43;103mS[0;1;31;91;43m8[0;1;33;93;43m;[0;33;5;43;103m;;;;;;;;;;;;;;ttttttt%%%%%[0;1;30;90;43m.[0m
[0;1;30;90;43m:[0;33;5;43;103m;;;;:::::::::::.[0;37;5;43;103m;::::%[0;33;5;43;103mt[0;37;5;43;103mt.S[0;33;5;43;103m:..[0;1;31;91;43m8[0;33;5;43;103m.....;;[0;1;33;93;43m...[0;1;31;91;43m888888888888[0;33;5;43;103mt;;S%;;;;;;;;;ttttttt%%%%%[0;1;30;90;43m.[0m
[0;1;30;90;43m:[0;33;5;43;103m;;;;::::::::::.[0;37;5;43;103m:[0;33;5;43;103mt;[0;37;5;43;103m%:.StS;[0;33;5;43;103m;..:......[0;1;33;93;43mt[0;33;5;43;103m...:::[0;1;31;91;43m8[0;1;33;93;43m.....[0;1;31;91;43m8888[0;33;5;43;103m%t%;%;;t%S;;;;;ttttttt%%%%[0;1;30;90;43m.[0m
[0;1;30;90;43m:[0;33;5;43;103m;;;::::::::::[0;37;5;43;103m;::[0;33;5;43;103mt[0;37;5;43;103m%S%.SttS[0;33;5;43;103m;[0;37;5;43;103mXX[0;33;5;43;103m;[0;37;5;43;103mXX[0;33;5;43;103m...[0;1;33;93;43m;[0;33;5;43;103m.....:[0;1;33;93;43m.[0;33;5;43;103m:::::[0;1;33;93;43m:.:::[0;1;31;91;43m8[0;33;5;43;103mt;;%;t%;S;;;;;ttttttt%%%%[0;1;30;90;43m.[0m
[0;1;30;90;43m:[0;33;5;43;103m;;:::::::::tt:[0;37;5;43;103m:t[0;33;5;43;103m;[0;37;5;43;103m%%S.XtttXXX@XXXX[0;33;5;43;103m::.....[0;1;33;93;43m;[0;33;5;43;103m.::::[0;1;33;93;43m;:[0;33;5;43;103m:;;;[0;1;33;93;43m:[0;33;5;43;103m;;;%;S;;%t;tSSttttttt%%%%[0;1;30;90;43m.[0m
[0;1;30;90;43m:[0;33;5;43;103m;;:::::::::t:;[0;37;5;43;103m%[0;33;5;43;103m;[0;37;5;43;103m%%tS%XtttX@@@@@@@XXXX[0;33;5;43;103m..;..:::t;;tt;tt;;;%t%;;;S%%tStttttttt%%%[0;1;30;90;43m.[0m
[0;1;30;90;43m:[0;33;5;43;103m;;:::::::::t:[0;37;5;43;103m%[0;33;5;43;103m;t[0;37;5;43;103m%tttXXt@[0;1;33;93;47m8[0;37;43m@[0;33;5;41;101mXX[0;35;5;41;101mXXX[0;33;5;41;101mXX[0;1;31;91;43m8[0;37;43mX[0;33;5;43;103m:[0;37;5;43;103mXX[0;33;5;43;103m.:..;[0;1;31;91;43m8[0;33;5;41;101m@[0;31;5;41;101m@888888[0;1;31;91;43m88[0;33;5;43;103mS;%S;;;;S%ttS;ttttttt%%%[0;1;30;90;43m.[0m
[0;1;30;90;43m:[0;33;5;43;103m;;:::::::::t:[0;37;5;43;103m%%[0;33;5;43;103m;[0;37;5;43;103m%tttX[0;33;5;43;103m%[0;33;5;41;101mX[0;35;5;41;101mXXXXXXXXXX[0;31;5;41;101mSXX[0;33;5;41;101mX[0;33;5;43;103mt;[0;37;5;43;103mS[0;33;5;43;103mt[0;33;5;41;101mX[0;31;5;41;101m@@@@8888888888[0;1;31;91;43m8[0;33;5;43;103mX;;;;StttStttttttt%%%[0;1;30;90;43m.[0m
[0;1;30;90;43m:[0;33;5;43;103m;;::::::::t::[0;37;5;43;103m%%[0;33;5;43;103m;[0;37;5;43;103m%tt[0;33;5;43;103mt[0;33;5;41;101m@[0;31;5;41;101mXS[0;35;5;41;101mXXXXXXXXXXX[0;31;5;41;101mXXXX[0;33;5;41;101m@[0;1;31;91;43m8[0;31;5;41;101mXX@@8[0;1;31;91;41mSS8[0;1;30;90;41mX[0;1;31;91;41m8[0;31;5;41;101m8888888[0;1;31;91;41m8[0;1;33;93;43mt[0;33;5;43;103m;;;SttttSttttttt%%%[0;1;30;90;43m.[0m
[0;1;30;90;43m:[0;33;5;43;103m;;::::::::t::[0;37;5;43;103m%%[0;33;5;43;103m;[0;37;5;43;103m%t[0;1;33;93;43mt[0;31;5;41;101mXXXX[0;35;5;41;101mXXXXXXXXXX[0;31;5;41;101mSXX88[0;31;5;40;100m@[0;31;5;41;101m8XX@@@[0;1;31;91;41m@[0;1;30;90;41m@[0;1;31;91;41m8[0;1;30;90;41mX[0;1;31;91;41mX[0;31;5;41;101m888888888[0;1;31;91;43m8[0;33;5;43;103m;;SttttSttttttt%%%[0;1;30;90;43m.[0m
[0;1;30;90;43m:[0;33;5;43;103m;;:::::::t:::[0;37;5;43;103m%%[0;33;5;43;103m;[0;37;5;43;103m%[0;33;5;43;103mt[0;31;5;41;101mXXXXXXS[0;35;5;41;101mXXXXXXX[0;31;5;41;101mS@@X[0;1;30;90;41m8[0;31;5;40;100m@@[0;1;30;90;41m8[0;1;31;91;41m8[0;31;5;41;101m8@@[0;1;31;91;41m8[0;1;30;90;41m@@XX[0;1;31;91;41m8[0;31;5;41;101m8888888888[0;1;33;93;43m.[0;33;5;43;103m;StttttStttttt%%%[0;1;30;90;43m.[0m
[0;1;30;90;43m:[0;33;5;43;103m;;:::::::%:::::;[0;37;5;43;103m%[0;33;5;41;101m@[0;31;5;41;101mXXXXXXXSSSSSSXX[0;31;5;40;100mXXX@@[0;30;5;40;100m8[0;31;5;40;100m8[0;1;30;90;41m88[0;1;31;91;41m@8[0;1;30;90;41m8@@X[0;1;31;91;41mS[0;31;5;41;101m88888888888[0;1;31;91;41m8[0;33;5;43;103mt%%ttttStttttt%%%[0;1;30;90;43m.[0m
[0;1;30;90;43m:[0;33;5;43;103m;;;:::;t%:::::t[0;37;5;43;103m%[0;33;5;43;103m%[0;31;5;41;101mXXXXXXXXXXXXXXXX[0;1;31;91;41m8[0;31;5;41;101m8[0;31;5;40;100m@@[0;30;5;40;100m88[0;31;5;40;100m888[0;1;30;90;41m888@@[0;31;5;41;101m88888888888888[0;1;33;93;43m;[0;33;5;43;103m;StttttXS%tt%%%%[0;1;30;90;43m.[0m
[0;1;30;90;43m:[0;33;5;43;103m;;;:::%%%:::::t[0;37;5;43;103m%[0;1;33;93;43mt[0;31;5;41;101m@XXXXXXXXXXXXXXX[0;1;30;90;41m8[0;31;5;40;100m88[0;30;5;40;100m88[0;31;5;40;100m8[0;1;31;91;41mX[0;31;5;41;101m8[0;1;31;91;41m8[0;1;30;90;41m88[0;1;31;91;41m8[0;31;5;41;101m8888888888888888[0;1;31;91;43m8[0;33;5;43;103mtStttttXXXtt%%%%[0;1;30;90;43m.[0m
[0;32;40m8[0;33;5;43;103m;;;;:tttS;::::t:[0;1;33;93;43mt[0;31;5;41;101m@@[0;33;5;41;101m@@[0;31;5;41;101mXXXXXXXX@8X[0;31;5;40;100m8[0;30;5;40;100m8888[0;31;5;40;100m8[0;1;31;91;41m8[0;31;5;41;101m@@@@888888888888888888[0;1;31;91;43m8[0;33;5;43;103mtSttttt[0;1;33;93;43m@[0;33;5;43;103mSSSt%%%%[0;33;5;40;100m8[0m
 [0;33;5;43;103m;;;;:%;;tt;:::t:%[0;31;5;41;101m@@[0;1;31;91;43m8[0;33;5;43;103m:[0;33;5;41;101m@[0;31;5;41;101m@XXXXX8[0;31;5;40;100m88[0;1;30;90;41m8[0;30;5;40;100m8888[0;1;30;90;40m8[0;1;30;90;41m8[0;31;5;41;101m@@@@888888888888888[0;33;5;43;103mt[0;1;31;91;43m8[0;31;5;41;101m88[0;1;33;93;43m%[0;33;5;43;103mtSttttSS%%X%%%%%[0m 
 [0;1;33;93;43m8[0;33;5;43;103m;;;;%;;;tt;::%::[0;31;5;41;101m88[0;33;5;43;103m;:t[0;31;5;41;101m@@@@@[0;1;30;90;41m8[0;31;5;40;100m8[0;31;5;41;101m8[0;1;30;90;41m8[0;30;5;40;100m8[0;31;5;40;100m8[0;1;30;90;40m88888[0;1;30;90;41m8[0;31;5;41;101m88888888888888888[0;33;5;43;103mS;%[0;1;31;91;41m88[0;33;5;43;103mttStttSSt%%X%%%%[0;1;33;93;43m8[0m 
 [0;1;30;90;43m:[0;33;5;43;103m;;;;tt;;;;%t;;t:[0;1;33;93;43mtt[0;33;5;43;103m:::[0;1;31;91;43m8[0;31;5;41;101m@@@[0;1;31;91;41mS[0;1;30;90;41m88[0;31;5;41;101m@8[0;1;30;90;41m8[0;30;5;40;100m8[0;1;30;90;40m88888@[0;1;30;90;41m@[0;31;5;41;101m8888888888888888[0;33;5;43;103m;;;[0;1;33;93;43m;[0;1;31;91;43m8[0;33;5;43;103mt%%t%S%t%%SX%%%%[0;1;30;90;43m.[0m 
  [0;33;5;43;103m;;;;;S;;;;;;tt%;%::::[0;1;31;91;43m8[0;31;5;41;101m@@@[0;1;31;91;41m8[0;31;5;41;101m8@[0;1;31;91;41m8[0;1;30;90;41m88[0;1;30;90;40m88@@@@XXX[0;1;30;90;41mX[0;1;31;91;41mX[0;31;5;41;101m888888888888[0;1;31;91;43m8[0;33;5;43;103m;;;tStS%S%tt%%%X%%%%%[0;32;40mS[0m 
  [0;1;30;90;43m.[0;33;5;43;103m;;;;;%;;;;;;;%S;::::[0;1;31;91;43m8[0;31;5;41;101m888888[0;1;30;90;40m@[0;1;30;90;41m@[0;1;31;91;41m88[0;31;5;41;101m8[0;1;31;91;41m8[0;1;30;90;41mX[0;1;30;90;40mXX[0;31;40m@[0;1;30;90;40mXSSS[0;1;30;90;41mS[0;31;5;41;101m888888888888[0;33;5;43;103m;;ttt@S%tttt%%X%%%%%[0;1;33;93;43mS[0m  
  [0;32;40mX[0;33;5;43;103m;;;;;;%;;;;;;;%;;;;;[0;33;5;41;101m8[0;31;5;41;101m888[0;33;5;41;101m8[0;31;5;41;101m8[0;1;30;90;41mXX[0;31;5;41;101m8888888[0;1;30;90;41mS[0;31;40m8[0;1;30;90;40mSS%[0;34;40m;[0;31;40mt[0;30;41m@[0;1;31;91;41m@[0;31;5;41;101m888888888[0;1;31;91;41m8[0;33;5;43;103m;ttttS%tttt%%X%%%%%%[0;32;40m8[0m  
   [0;1;30;90;43m.[0;33;5;43;103m;;;;ttSt;;;;%;;;;;;[0;31;5;41;101m8888[0;1;31;91;43m8[0;33;5;43;103mt[0;1;30;90;43mS[0;1;30;90;41mS[0;31;5;41;101m88888888[0;31;40m@[0;34;40m;;[0;31;40mtSS[0;1;30;90;41mtt[0;31;5;41;101m8888[0;33;5;43;103m%[0;1;31;91;43m8[0;31;5;41;101m888[0;1;31;91;41m8[0;33;5;43;103mttttttXttt%SXSS%%%%[0;1;30;90;43m [0m   
    [0;33;5;43;103mX;;;ttt%S;;;%;;;;;;[0;1;31;91;43m8[0;31;5;41;101m888[0;1;33;93;43m%[0;33;5;43;103m;;[0;31;5;41;101m888888888[0;31;40m8[0;34;40m;[0;31;40m;%t[0;30;41m8[0;31;5;41;101m88888[0;33;5;43;103mt;[0;1;33;93;43mS[0;31;5;41;101m88[0;1;31;91;41m8[0;1;31;91;43m8[0;33;5;43;103m%tttttXtt%XXSSX%%%@[0m    
    [0;33;5;40;100m8[0;33;5;43;103m;;;;S;;;%t;%;;;;;;%[0;1;33;93;43m%[0;31;5;41;101m88[0;33;5;43;103m;;;[0;1;33;93;43mS[0;31;5;41;101m88888888[0;1;30;90;41mt[0;31;40m%[0;30;41m@[0;1;30;90;41mt[0;31;40m@;[0;30;41m8[0;1;31;91;41m;8[0;31;5;41;101m8[0;1;33;93;43m;[0;33;5;43;103m;;;[0;33;5;41;101m8[0;1;31;91;41m8[0;1;33;93;43m;[0;33;5;43;103mSttttttXt%X%%%@%%%S[0;1;30;90;43m.[0m    
     [0;1;30;90;43m.[0;33;5;43;103m;;;%t;;;S;%;;;;;;%;%%;;;t[0;1;31;91;41m8[0;31;5;41;101m88[0;1;33;93;43m.[0;1;31;91;43m8[0;1;31;91;41m88S[0;1;30;90;41m;[0;31;40m%[0;30;41mX[0;31;5;41;101m88[0;31;43mS[0;1;30;90;43m:[0;31;40mX[0;30;41m%[0;31;5;41;101m8[0;33;5;43;103mS;tt%StSttttttX%X%%%SX%%%[0;1;30;90;43m.[0m     
      [0;1;30;90;43m.[0;33;5;43;103m;;;S;;;t%%t;;;;;;SS;;;;;[0;1;31;91;41m8[0;31;5;41;101m8[0;1;31;91;41m8[0;33;5;43;103mS;[0;1;33;93;43m8[0;1;30;90;41mS;[0;33;41m@%[0;1;31;91;41mS8[0;33;5;43;103mS;S[0;30;41m@[0;1;31;91;41m;8[0;33;5;43;103mtttttSStttttt%XX%%%%@%%%[0;1;30;90;43m [0m      
       [0;1;30;90;43m.[0;33;5;43;103m;;St;;;S;t;;;;;;;S;;;;;[0;1;31;91;43m8[0;31;5;41;101m8[0;1;31;91;41m8[0;33;5;43;103m;;;[0;1;33;93;43m%[0;1;31;91;41m8[0;33;5;43;103mS[0;1;33;93;43mt[0;31;5;41;101m8[0;1;33;93;43m:[0;33;5;43;103m;;;[0;1;30;90;41m8[0;1;31;91;41mX[0;1;31;91;43m8[0;33;5;43;103mtttttXttttt%%S%X%%%%@%%[0;1;30;90;43m [0m       
        [0;1;30;90;43m.[0;33;5;43;103m;StttttS;;;;;;;;S;;;;;%[0;1;31;91;43m88[0;33;5;43;103m;;;;[0;1;31;91;43m8[0;33;5;43;103m;;[0;1;31;91;43m8[0;33;5;43;103mtttt[0;1;33;93;43m:[0;1;31;91;43m8[0;33;5;43;103mStttttSttt%%%%%XS%%SS@%[0;1;30;90;43m [0m        
         [0;1;30;90;43m.[0;33;5;43;103mtStttttSttt;;;;S;;;;;;tS;;;;Stt%%tttS%ttttttXt%%%%%%XS%%SS@S[0;1;30;90;43m.[0m         
          [0;1;30;90;43m.[0;33;5;43;103mSSS%%t%X%ttttt%tttttttSttttStttStttStttttt%S%%%%%S[0;1;33;93;43m@[0;33;5;43;103mSSXXXXX[0;1;30;90;43m.[0m          
            [0;1;33;93;43m8[0;33;5;43;103mttt%%tt%%%%%%X%ttttt%%tt%ttttSttSStttt%%@SSSSXXS%SS%%%[0;1;33;93;43m8[0m            
             [0;1;30;90;43m.[0;33;5;43;103mtttttttttttt;%S%tttt%SttttttttSStt%%SSStt%%%%%%%%%%S[0;1;30;90;43m [0m             
              [0;32;40m@[0;1;33;93;43m8[0;33;5;43;103mttttttttttttt%SSSSSSXSSSSSSXSSSSSS%t%%%%%%%%%%%%[0;1;33;93;43m@[0;32;40m@[0m              
                [0;1;30;90;43m.[0;33;5;43;103m@tttttttttttttttttttttttttttttt%%%%%%%%%%%%%S@[0;1;30;90;43m [0m                
                  [0;1;30;90;43m.[0;33;5;43;103m%tttttttttttttttttttttttt%%%%%%%%%%%%%%%SS[0;1;30;90;43m [0m                  
                    [0;1;30;90;43m [0;33;5;43;103mSttttttttttttttt%%%%%%%%%%%%%%%%%%%SSX[0;1;30;90;43m [0m                    
                      [0;1;30;90;43m.[0;33;5;43;103mX%%%%%%%%%%%%%%%%%%%%%%%%%%%%%SSSX[0;1;30;90;43m [0m                      
                        [0;1;30;90;43m.[0;33;5;43;103m8%%%%%%%%%%%%%%%%%%%%%%%SSSSS8[0;1;30;90;43m [0m                        
                          [0;32;40m8[0;1;30;90;43m [0;33;5;43;103mS%%%%%%%%%%%%%%%%SSSSSSS[0;1;30;90;43m  [0m                          
                             [0;1;30;90;43m.[0;1;33;93;43m@[0;33;5;43;103mS%%%%%SSSSSSSSSSSS[0;1;33;93;43m@[0;1;30;90;43m [0m                             
                                [0;1;30;90;43m [0;1;33;93;43m8[0;33;5;43;103mSSSSSSSSSSSS[0;1;33;93;43m8[0;1;30;90;43m [0m                                
                                   [0;1;30;90;43m  [0;33;5;43;103mXSSSSS[0;1;33;93;43mS[0;1;30;90;43m [0m                                   
                                      [0;32;40m8[0;1;30;90;43m   [0m                                      
