[0;1;30;90;43m................:::::::::::::::::::::::::::....................                [0;31;43m8[0m
[0;1;30;90;43m.[0;33;5;43;103mtttttt;;;;;;;;;;;;;;;;;;;;;;;;;;;;;;;;;;;;;;;;;;;;;tttttttttttt%%%%%%%SSSSSSSS[0;1;30;90;43m [0m
[0;1;30;90;43m.[0;33;5;43;103mtttt;;;;;;;;;;;;;;;;;;;;;;;;;;;;;;;;;;;;;;;;;;;;;;X[0;1;33;93;43m@[0;33;5;43;103m@t[0;1;33;93;43m@S[0;33;5;43;103m%[0;1;33;93;43mt[0;1;30;90;43m.[0;33;5;43;103mStttt%%%%%%%SSSSSSS[0;1;30;90;43m [0m
[0;1;30;90;43m:[0;33;5;43;103mtt;;;;;;;;;;;;;;;;;;;;;;;;;;;;;;;;;;;t;;;;;;;;;;;XXX[0;1;30;90;43m::[0;33;5;43;103mt[0;1;30;90;43m;[0;33;5;43;103mX%[0;1;33;93;43mS[0;31;40mX[0;33;5;43;103m@tttt%%%%%%%SSSSSS[0;1;30;90;43m [0m
[0;1;30;90;43m:[0;33;5;43;103mt;;;;;;;;;;;;;;;;;;;;;;;;;;;;;;;;%;;t[0;1;30;90;43m%[0;33;5;43;103m@;t;;;;;;;;;;;X[0;1;30;90;43m:;:[0;33;5;43;103m%[0;1;30;90;43m::[0;31;40m8[0;1;30;90;43m.[0;33;5;43;103mttttt%%%%%%%SSSSS[0;1;30;90;43m [0m
[0;1;30;90;43m:[0;33;5;43;103m;;;;;;;;;;;;;;;;;;;;;:::::::::::;[0;1;33;93;43m@[0;1;30;90;43mS[0;33;5;43;103mt[0;1;30;90;43mXSS[0;33;5;43;103mt[0;1;33;93;43mX[0;33;5;43;103m;;;;;;;;;;;[0;1;30;90;43m::[0;31;40mt[0;33;5;43;103m%tt[0;1;30;90;43m;[0;31;40m@[0;33;5;43;103m%tttttt%%%%%%%SSSS[0;1;30;90;43m [0m
[0;1;30;90;43m:[0;33;5;43;103m;;;;;;;;;;;;;;;;;;:::::::::::::::[0;1;30;90;43mX@X@[0;33;5;40;100m8[0;1;30;90;43mSS[0;1;33;93;43m@[0;33;5;43;103mS;;;;;;;;;;[0;1;30;90;43m;;[0;31;40m:[0;1;30;90;43m:[0;33;5;43;103mt[0;1;30;90;43m;[0;33;5;43;103m%[0;31;5;40;100mS[0;33;5;43;103mtttttttt%%%%%%%SSS[0;1;30;90;43m.[0m
[0;1;30;90;43m:[0;33;5;43;103m;;;;;;;;;;;;;;;::::::::::::::::::[0;1;30;90;43m@[0;33;5;40;100m8888[0;30;5;40;100m@[0;1;30;90;43mXX[0;33;5;43;103m;Stt;;;;%[0;1;30;90;43mt;[0;31;40m%[0;1;33;93;43mX[0;31;40mt[0;1;30;90;43m;[0;1;33;93;43mX[0;31;40m%[0;33;5;43;103mX[0;1;30;90;43m;[0;33;5;43;103mttttttttt%%%%%%SSS[0;1;30;90;43m.[0m
[0;1;30;90;43m:[0;33;5;43;103m;;;;;;;;;;;;;::::::::::::%[0;33;5;40;100m8[0;31;5;40;100mS[0;33;5;40;100m8888[0;1;30;90;43m8[0;1;33;93;43mS[0;1;30;90;43m8[0;30;5;40;100m@@@8[0;31;5;40;100mS[0;1;30;90;43mX@X[0;33;5;43;103m@[0;1;30;90;43mS[0;33;5;43;103m%;;;;[0;1;30;90;43mt[0;1;30;90;40m8[0;1;33;93;43mX[0;1;30;90;43mt;;[0;33;5;43;103mS[0;31;40m@[0;1;30;90;43m;[0;1;33;93;43mX[0;33;5;43;103mttttttttt%%%%%%%SS[0;1;30;90;43m.[0m
[0;1;30;90;43m:[0;33;5;43;103m;;;;;;;;;;;;::::::::::.[0;37;5;43;103m%%%[0;1;30;90;43m8[0;33;5;40;100m8[0;30;5;40;100mS[0;33;5;40;100m8[0;30;5;40;100m888X@[0;1;30;90;40m8888[0;30;5;40;100m@[0;31;5;40;100mS[0;1;30;90;43m@X@[0;1;33;93;43mS[0;1;30;90;43mS[0;33;5;43;103mtX8;[0;33;5;40;100m8[0;1;30;90;43mtt;t[0;1;33;93;43mX[0;33;5;40;100m8[0;1;30;90;43m;[0;33;5;43;103mt;;ttttttttt%%%%%%SS[0;1;30;90;43m.[0m
[0;1;30;90;43m:[0;33;5;43;103m;;;;;;;;;;;::::::::.[0;37;5;43;103m%%SSSS[0;1;30;90;43m8888[0;33;5;40;100m888[0;30;5;40;100m888[0;1;30;90;40m88[0;30;5;40;100mX[0;33;5;40;100m8[0;31;5;40;100mS[0;33;5;40;100m8[0;1;30;90;43m8[0;33;5;40;100m88[0;1;30;90;43mXSS[0;33;5;43;103m;[0;1;30;90;43m%[0;1;30;90;40m@[0;1;33;93;43mS[0;1;30;90;43m%[0;31;40m%[0;1;30;90;43mt;[0;33;5;43;103m%[0;1;33;93;43m@[0;33;5;43;103m;;;ttttttttt%%%%%%%S[0;1;30;90;43m.[0m
[0;1;30;90;43m:[0;33;5;43;103m;;;;;;;;;;:::::::.[0;37;5;43;103m%%SSSSSSSSSSS[0;1;30;90;43m8[0;30;5;40;100m@8@[0;33;5;40;100m8[0;30;5;40;100m88[0;33;5;40;100m88[0;1;30;90;40m8[0;33;5;40;100m8[0;1;30;90;43m@[0;31;5;40;100mS[0;33;5;40;100m8[0;1;30;90;43mXXS[0;33;5;40;100m8[0;1;30;90;40mS[0;31;5;40;100mS[0;1;30;90;43mS%[0;1;33;93;43m@[0;33;5;43;103m;;;;;;;;ttttttttt%%%%%%S[0;1;30;90;43m.[0m
[0;1;30;90;43m:[0;33;5;43;103m;;;;;;;;;:::::::[0;37;5;43;103m%%SSSSSXXXXXXXX[0;37;43mX[0;1;30;90;43m8[0;33;5;40;100mX@[0;30;5;40;100m8888[0;1;30;90;43m8[0;1;33;93;43m@[0;1;30;90;43m88@[0;33;5;40;100m888[0;1;30;90;43mXXS%%[0;1;33;93;43mX[0;33;5;43;103m%;;;;;;;;ttttttttt%%%%%%S[0;1;30;90;43m.[0m
[0;1;30;90;43m:[0;33;5;43;103m;;;;;;;;:::::::[0;37;5;43;103m%%SSSSXXXXXX@[0;1;30;90;43m8[0;33;5;40;100mS[0;30;5;40;100mSSXXX@@8[0;33;5;40;100m8[0;33;5;43;103mS[0;37;5;43;103m%[0;33;5;43;103m.::;8[0;1;33;93;43mS%[0;33;5;43;103m@;;;;;;;;;;;;;;tttttttt%%%%%%%[0;1;30;90;43m.[0m
[0;1;30;90;43m:[0;33;5;43;103m;;;;;;;;::::::.[0;37;5;43;103m%SSSSXXXXX@[0;33;5;40;100mS%[0;36;5;40;100mt%%[0;30;5;40;100mSSSXXS[0;1;30;90;43m8[0;37;5;43;103mSSS%[0;33;5;43;103m:::::::;;;;;;;;;;;;;;ttttttttt%%%%%%[0;1;30;90;43m.[0m
[0;1;30;90;43m:[0;33;5;43;103m;;;;;;;:::::::[0;37;5;43;103m%SSSSXXXXX@[0;33;5;40;100mt[0;36;5;40;100mtttttt%[0;30;5;40;100mSSX[0;1;30;90;43m8[0;37;5;43;103mXSSS%[0;33;5;43;103m.::::::;;;;;;;;;;;;;;ttttttttt%%%%%%[0;1;30;90;43m.[0m
[0;1;30;90;43m:[0;33;5;43;103m;;;;;;;:::::::[0;37;5;43;103m%SSS[0;33;5;43;103m%[0;33;5;40;100m@[0;1;30;90;43m8[0;37;5;43;103mXX@[0;33;5;40;100mt[0;36;5;40;100mt;;;;;tt[0;30;5;40;100m%S[0;33;5;40;100mX[0;37;5;43;103mXXSSSS%[0;33;5;43;103m:::::::;;;;;;;;;;;;;ttttttttt%%%%%%[0;1;30;90;43m.[0m
[0;1;30;90;43m:[0;33;5;43;103m;;;;;;;:::::::[0;37;5;43;103m%SS[0;33;5;43;103m%[0;33;5;40;100mXX[0;30;5;40;100mX[0;33;5;40;100mX[0;37;5;43;103m@[0;1;30;90;43m8[0;36;5;40;100mt;;:::;tt%[0;30;5;40;100mS[0;37;43m@[0;37;5;43;103mXXSSSS%[0;33;5;43;103m:::::::;;;;;;;;;;;;;ttttttttt%%%%%%[0;1;30;90;43m.[0m
[0;1;30;90;43m:[0;33;5;43;103m;;;;;;;:::::::[0;37;5;43;103m%S[0;33;5;43;103m@[0;33;5;40;100m@[0;1;30;90;43m8[0;37;5;43;103mX[0;33;5;40;100mX[0;30;5;40;100mS[0;33;5;40;100mS%[0;36;5;40;100mtt[0;33;5;40;100m;[0;36;5;40;100m;;;;tt[0;30;5;40;100m%S[0;33;5;40;100mS[0;37;5;43;103mXXSSSS%[0;33;5;43;103m:::::::;;;;;;;;;;;;;ttttttttt%%%%%%[0;1;30;90;43m.[0m
[0;1;30;90;43m:[0;33;5;43;103m;;;;;;;::::::::[0;1;30;90;43m8[0;30;5;40;100m@[0;1;30;90;43m8[0;37;5;43;103mSX[0;33;5;43;103m8[0;30;5;40;100mX[0;33;5;40;100mS%%%t[0;36;5;40;100mttttt[0;30;5;40;100m%SSX[0;33;5;40;100mX[0;1;33;93;43m8[0;37;5;43;103mSSS%[0;33;5;43;103m.::::::;;;;;;;;;;;;;;ttttttttt%%%%%%[0;1;30;90;43m.[0m
[0;1;30;90;43m:[0;33;5;43;103m;;;;;;;;:::::X[0;31;5;40;100mS[0;33;5;40;100m8[0;30;5;40;100mS[0;33;5;43;103mt[0;37;5;43;103mSSX[0;33;5;40;100mX[0;30;5;40;100mX[0;1;30;90;43m8[0;33;5;40;100mX[0;30;5;40;100mS%%%%SSSSX[0;33;5;40;100m@[0;30;5;40;100mXX[0;1;33;93;43mX[0;37;5;43;103mSS%[0;33;5;43;103m:::::::;;;;;;;;;;;;;;ttttttttt%%%%%%[0;1;30;90;43m.[0m
[0;1;30;90;43m:[0;33;5;43;103m;;;;;;;;::::S[0;33;5;40;100m888[0;1;30;90;43m8[0;37;5;43;103mSSSS[0;1;30;90;43m8[0;30;5;40;100mX[0;33;5;40;100m@[0;30;5;40;100mXXSSSSSXXXX[0;1;30;90;43m8[0;33;5;40;100m@[0;31;5;40;100mS[0;30;5;40;100m8[0;1;30;90;43m8[0;37;5;43;103m%[0;33;5;43;103m:::::::;;;;;;;;;;;;;;;tttttttt%%%%%%%[0;1;30;90;43m.[0m
[0;1;30;90;43m:[0;33;5;43;103m;;;;;;;;;:::[0;1;30;90;43m8[0;30;5;40;100m@[0;1;30;90;43m8[0;33;5;43;103m:.[0;37;5;43;103m%SSSS[0;37;43mX[0;1;30;90;43m8[0;33;5;40;100mX[0;30;5;40;100m@XX[0;33;5;40;100mX[0;30;5;40;100mXX@@@X8888[0;1;30;90;40m8[0;1;30;90;43m8[0;33;5;43;103mt::::::;;;;;;;;;;;;;;ttttttttt%%%%%%S[0;1;30;90;43m.[0m
[0;31;40m@[0;33;5;43;103m;;;;;;;;;;:%[0;1;30;90;43mX@[0;33;5;43;103m::::[0;37;5;43;103m%%SS[0;33;5;43;103mX[0;33;5;40;100m8[0;30;5;40;100m8@S[0;33;5;40;100m@@[0;30;5;40;100m@S8888888[0;1;30;90;40m888[0;30;5;40;100m8[0;1;30;90;43m@[0;33;5;43;103mS:::;;;;;;;;;;;;;;;ttttttttt%%%%%%S[0;31;40m8[0m
 [0;33;5;43;103mt;;;;;;;;;;:::::::@[0;1;30;90;43m88[0;33;5;40;100m8[0;30;5;40;100m8888S8@[0;33;5;40;100m88[0;30;5;40;100m88888[0;1;30;90;40m88888@@@[0;33;5;40;100m8[0;1;30;90;43mS[0;33;5;43;103m%;;;;;;;;;;;;;;ttttttttt%%%%%%%S[0;31;40m;[0m
 [0;1;33;93;43m%[0;33;5;43;103m;;;;;;;;;;;:::::8[0;1;30;90;40m8[0;30;5;40;100m8[0;1;30;90;43m8888[0;1;33;93;43mS@[0;33;5;43;103m@%t[0;1;30;90;43m8[0;30;5;40;100m8XX[0;33;5;40;100m88888[0;30;5;40;100m8[0;1;30;90;40m@@@XXXS@[0;1;30;90;43mS[0;33;5;43;103mt;;;;;;;;;;;;ttttttttt%%%%%%S[0;1;33;93;43mS[0m 
 [0;1;30;90;43m:[0;33;5;43;103m;;;;;;;;;;;;;:::[0;1;30;90;43mX[0;1;30;90;40m@[0;1;33;93;43m@[0;33;5;43;103m::::::::::X[0;1;30;90;43m8[0;1;30;90;40m88888@[0;33;5;40;100m8[0;30;5;40;100mX[0;1;30;90;40m@XXXSSS[0;34;40m;[0;33;5;40;100m8[0;33;5;43;103mt;;;;;;;;;;ttttttttt%%%%%%%S[0;1;30;90;43m.[0m 
 [0;31;40mt[0;33;5;43;103mt;;;;;;;;;;;;;;;[0;30;5;40;100mX[0;1;30;90;43m@[0;33;5;43;103m:::::::::::::t[0;1;33;93;43mX[0;1;30;90;43m@[0;31;5;40;100mS[0;1;30;90;40m@[0;31;5;40;100mS[0;30;5;40;100m@[0;1;30;90;40mXXXSSS%[0;34;40m;;;[0;1;30;90;43m%[0;33;5;43;103mt;;;;;;;;ttttttttt%%%%%%%SS[0;31;40mS[0m 
  [0;1;30;90;43m.[0;33;5;43;103m;;;;;;;;;;;;;;[0;1;30;90;43mS[0;1;30;90;40mX[0;1;33;93;43m8[0;33;5;43;103m::::::::::::::::;[0;1;30;90;43mX[0;31;5;40;100mS[0;1;30;90;40mXSSSS%[0;34;40m;;;;;;[0;1;30;90;40m8[0;1;33;93;43m%[0;33;5;43;103m;;;;;;tttttttttt%%%%%%SS[0;1;30;90;43m [0m  
  [0;31;40mX[0;33;5;43;103mt;;;;;;;;;;;;[0;1;30;90;43m%[0;31;5;40;100mX[0;1;30;90;40mS[0;1;30;90;43mS[0;33;5;43;103m;;;;:::::::::::;;@[0;1;30;90;40mSSSS%[0;34;40m;;;;;[0;31;5;40;100mS[0;34;40m::[0;33;5;40;100m8[0;31;40m:[0;1;30;90;43m:[0;33;5;43;103m;;;;tttttttttt%%%%%%%SS[0;31;40m@[0m  
   [0;1;30;90;43m.[0;33;5;43;103m;;;;;;;;;;;;[0;1;30;90;43m%[0;1;30;90;40m8[0;1;30;90;43mS[0;1;33;93;43mX[0;33;5;43;103m;;;;;;;;;;;;;;;;;[0;1;33;93;43m8[0;1;30;90;40m%%[0;34;40m;;;;;[0;31;40mt[0;1;30;90;40m8[0;31;5;40;100mS[0;33;5;40;100m8[0;34;40m:[0;31;5;40;100mX[0;33;5;43;103m@[0;1;30;90;43m;;[0;33;5;43;103mt;;tttttttttt%%%%%%%SS[0;1;30;90;43m [0m   
    [0;33;5;43;103m@;;;;;;;;;;%[0;31;40m;%[0;33;5;43;103m;;;;;;;;;;;;;;;;;;;[0;1;33;93;43m8[0;34;40m;;;;;;[0;31;40m;[0;1;30;90;40m8[0;31;40m:[0;34;40m:[0;31;40m:[0;33;5;40;100m8[0;33;5;43;103mX;tSSttttttttttt%%%%%%%SS8[0m    
    [0;31;40m8[0;33;5;43;103mt;;;;;;;;;[0;1;33;93;43m@[0;1;30;90;40m8[0;33;5;40;100m8[0;33;5;43;103m;;;;;;;;;;;;;;;;;;;@[0;34;40m;;;;::[0;31;40m%SSS@[0;1;30;90;43m:[0;33;5;43;103m;;;tttttttttttt%%%%%%%SSS[0;31;40m8[0m    
     [0;1;30;90;43m.[0;33;5;43;103mt;;;;;;;;;St;;;;;;;;;;;;;;;;;;;t[0;1;30;90;40m8[0;34;40m::::[0;1;30;90;43m;[0;31;40mX[0;34;40m::::[0;31;40mt[0;1;33;93;43m%[0;33;5;43;103mtttttttttttt%%%%%%%%SSS[0;1;30;90;43m.[0m     
      [0;1;30;90;43m.[0;33;5;43;103mttt;;;;;;;;;;;;;;;;;;;;;;;;;;;;[0;1;33;93;43mX[0;31;40m:@:;[0;33;5;43;103mt[0;1;33;93;43m@[0;1;30;90;43m;[0;31;40m:[0;34;40m::[0;31;40m::[0;1;30;90;43m;[0;1;33;93;43m@[0;33;5;43;103mttttttttt%%%%%%%%SSS[0;1;30;90;43m [0m      
       [0;1;30;90;43m.[0;33;5;43;103mtttt;;;;;;;;;;;;;;;;;;;;;;;;;;;[0;1;30;90;43m;[0;31;40m;[0;1;30;90;43m;[0;31;40mS[0;33;5;43;103m;;;@[0;1;30;90;43m;[0;31;40mt;SX%[0;31;5;40;100mX[0;1;30;90;43m:[0;33;5;43;103m8tttt%%%%%%%%%SSS[0;1;30;90;43m [0m       
        [0;1;30;90;43m.[0;33;5;43;103mttttttt;;;;;;;;;;;;;;;;;;;;;;;[0;1;30;90;43m;[0;34;40m:[0;1;30;90;43m;[0;31;40mt[0;33;5;43;103mtttttt[0;1;33;93;43mS[0;1;30;90;43m.:[0;31;40m@8:[0;1;30;90;43m:[0;33;5;43;103mtt%%%%%%%%%SSSS[0;1;30;90;43m [0m        
         [0;1;30;90;43m.[0;33;5;43;103mttttttttttt;;;;;;;;;;%[0;1;33;93;43m@S[0;1;30;90;43m:::;[0;31;40m@[0;34;40m..[0;33;5;40;100m8[0;31;40m:[0;1;33;93;43mS[0;33;5;43;103mtttttttt[0;1;30;90;43m.[0;32;40m.[0;34;40m.[0;1;33;93;43mX[0;33;5;43;103m%%%%%%%%%%SSSS[0;1;30;90;43m.[0m         
          [0;1;30;90;41m8[0;33;5;43;103mXtttttttttttttttttX[0;1;30;90;43m;[0;31;40m::X[0;30;5;40;100mX[0;1;30;90;43m;;;;:::.[0;33;5;43;103m%ttttttttt[0;31;40m:%[0;33;5;43;103m%%%%%%%%%SSSS@[0;33;41m8[0m          
            [0;1;33;93;43m%[0;33;5;43;103mttttttttttttt[0;1;33;93;43mX[0;1;30;90;43m:[0;31;40m8:8[0;31;5;40;100mS[0;31;40mX[0;1;33;93;43m8[0;33;5;43;103mttttttttttttttttt%%[0;31;40m:[0;1;30;90;43m:[0;33;5;43;103m%%%%%%%SSSSS[0;1;33;93;43m%[0m            
             [0;1;30;90;43m.[0;33;5;43;103m%ttttttttttt@[0;1;30;90;43m:[0;33;5;40;100m8[0;1;30;90;43m:[0;33;5;43;103mS8%ttttttttttttttt%%%%[0;1;33;93;43m@[0;32;40m.[0;1;30;90;43m.[0;33;5;43;103m%%%%%SSSSSS[0;1;30;90;43m [0m             
              [0;31;40mX[0;1;33;93;43m%[0;33;5;43;103mtttttttttttttttttttttttttttt%%%%%%%[0;1;33;93;43mX[0;31;40mS.[0;1;30;90;43m.[0;33;5;43;103m%%%SSSSSS[0;1;33;93;43m%[0;31;40m@[0m              
                [0;1;30;90;43m.[0;33;5;43;103m8%%%ttttttttttttttttt%%%%%%%%%%[0;1;33;93;43m8[0;1;30;90;43m.[0;31;40m:.[0;1;30;90;43m. [0;33;5;43;103m@SSSSSSS[0;1;33;93;43m8[0;1;30;90;43m [0m                
                  [0;1;30;90;43m.[0;33;5;43;103mS%%%%%%%%%%%%%%%%%%%%%%%%%%%S[0;30;41m8[0;31;40m%[0;1;30;90;43m .[0;33;5;43;103mSSSSSSSSX[0;1;30;90;43m [0m                  
                    [0;1;30;90;43m.[0;33;5;43;103mX%%%%%%%%%%%%%%%%%%%%%%%%%%%SSSSSSSSSX[0;1;30;90;43m [0m                    
                      [0;1;30;90;43m.[0;33;5;43;103m@%%%%%%%%%%%%%%%%%%%%SSSSSSSSSSSS@[0;1;30;90;43m [0m                      
                        [0;1;30;90;43m.[0;1;33;93;43mX[0;33;5;43;103m%%%%%%%%%%%SSSSSSSSSSSSSSSSS[0;1;33;93;43mX[0;1;30;90;43m [0m                        
                          [0;31;40m8[0;1;30;90;43m [0;33;5;43;103mXSSSSSSSSSSSSSSSSSSSSSSX[0;1;30;90;43m [0;30;41m8[0m                          
                             [0;1;30;90;43m.[0;1;33;93;43mt[0;33;5;43;103mSSSSSSSSSSSSSSSSSS[0;1;33;93;43mt[0;1;30;90;43m [0m                             
                                [0;1;30;90;43m [0;1;33;93;43m%[0;33;5;43;103mSSSSSSSSSSSS[0;1;33;93;43mS[0;1;30;90;43m [0m                                
                                   [0;1;30;90;43m  [0;33;5;43;103mXSSSSX[0;1;30;90;43m  [0m                                   
                                      [0;31;40m8[0;1;30;90;43m  [0;31;40m8[0m                                      
