[0;1;30;90;43m................:::::::::::::::::::::::::::....................                [0;31;43m8[0m
[0;1;30;90;43m.[0;33;5;43;103mtttttt;;;;;;;;;;;;;;;;;;;;;;;;;;;;;;;;;;;;;;;;;;;;;tttttttttttt%%%%%%%SSSSSSSS[0;1;30;90;43m [0m
[0;1;30;90;43m.[0;33;5;43;103mtttt;;;;;;;;;;;;;;;;;;;;;;;;;;;;;;;;;;;;;;;;;;;;;;;;;ttttttttttt%%%%%%%SSSSSSS[0;1;30;90;43m [0m
[0;1;30;90;43m:[0;33;5;43;103mtt;;;;;;;;;;;;;;;;;;;;;;;;;;;;;;;;;;;;;;;;;;;;;;;;;;;;ttttttttttt%%%%%%%SSSSSS[0;1;30;90;43m [0m
[0;1;30;90;43m:[0;33;5;43;103mt;;;;;;;;;XS[0;1;33;93;43m@[0;33;5;43;103m;@[0;1;33;93;43m@X[0;33;5;43;103mS;;;;;X[0;1;33;93;43m@@[0;33;5;43;103mX;8SS;;;;;;;;;;;;;;;;SX[0;1;33;93;43m@[0;33;5;43;103mtX[0;1;33;93;43mXX[0;33;5;43;103m@;ttttS[0;1;33;93;43mSX@[0;33;5;43;103mt[0;1;33;93;43mX[0;33;5;43;103mX[0;1;33;93;43m@[0;33;5;43;103m%%%%%SSSSS[0;1;30;90;43m [0m
[0;1;30;90;43m:[0;33;5;43;103m;;;;;;;;;;S[0;35;5;40;100m:[0;1;30;90;43m8[0;33;5;43;103m;[0;37;43m@[0;34;5;40;100mXX[0;33;5;43;103m@;;;::[0;1;33;93;43m@[0;34;5;40;100mSS[0;37;43m@[0;33;5;43;103m:[0;37;5;40;100m8[0;35;5;40;100m [0;33;5;43;103m%:::::;;;;;;;;;;;%[0;35;5;40;100m.[0;33;5;40;100m [0;33;5;43;103m;[0;1;33;93;43m@[0;1;30;90;44m88[0;1;33;93;43mS[0;33;5;43;103m;;tttX[0;34;5;40;100m8[0;1;30;90;44m8[0;1;30;90;43m8[0;33;5;43;103mt[0;1;30;90;43m8[0;35;5;40;100mS[0;1;33;93;43m8[0;33;5;43;103m%%%%%%SSSS[0;1;30;90;43m [0m
[0;1;30;90;43m:[0;33;5;43;103m;;;;;;;;;;;[0;33;5;40;100m [0;1;33;93;43m8[0;33;5;43;103m;;%[0;33;5;40;100m  [0;37;43m8[0;33;5;43;103m%:%[0;33;47m8[0;37;5;40;100m88[0;33;5;43;103mt::[0;37;43m8[0;1;30;90;47m@[0;33;5;43;103m:::::::::;;;;;;;;;[0;1;30;90;43m88[0;33;5;43;103m;;%[0;33;5;40;100m;;[0;1;30;90;43m8[0;33;5;43;103mX;S[0;1;30;90;43m8[0;33;5;40;100mt;[0;33;5;43;103m@tt8[0;35;5;40;100m [0;33;5;43;103mt%%%%%%%SSS[0;1;30;90;43m.[0m
[0;1;30;90;43m:[0;33;5;43;103m;;;;;;;;;;;[0;1;33;93;43m@[0;33;5;40;100m [0;33;5;43;103m;;:::S[0;37;5;40;100mS[0;35;5;40;100m .[0;33;5;43;103m%:::::[0;37;5;40;100m@[0;33;5;43;103mX::::::::::::;;;;;;@[0;35;5;40;100m [0;33;5;43;103m;;;;;S[0;33;5;40;100m [0;35;5;40;100m.[0;34;5;40;100m@[0;33;5;43;103m@ttttt[0;1;30;90;43m88[0;33;5;43;103mtt%%%%%%SSS[0;1;30;90;43m.[0m
[0;1;30;90;43m:[0;33;5;43;103m;;;;;;;;;;;;[0;35;5;40;100m:[0;37;43mX[0;33;5;43;103m:::%[0;37;43m8[0;35;5;40;100m [0;36;5;40;100m;[0;35;5;40;100m%[0;37;43m8[0;33;5;43;103mt:::[0;33;47m8[0;35;5;40;100m [0;33;5;43;103m::::::::::::::;;;;;;[0;35;5;40;100m.[0;1;30;90;43m8[0;33;5;43;103m;;;%[0;1;30;90;43m8[0;35;5;40;100mt[0;1;30;90;44m8X[0;1;30;90;43m8[0;33;5;43;103mXttt[0;1;33;93;43mS[0;34;5;40;100mX[0;33;5;43;103mStt%%%%%%%SS[0;1;30;90;43m.[0m
[0;1;30;90;43m:[0;33;5;43;103m;;;;;;;;;;;%[0;37;43m8[0;1;30;90;44m8[0;37;43m8[0;33;5;43;103m;[0;37;43m8[0;1;30;90;47m8[0;1;37;97;47m%[0;34;5;44;104m8@@@[0;35;5;40;100mS[0;37;43m8[0;37;5;43;103mS[0;33;47m8[0;35;5;40;100mt[0;33;47m8[0;37;5;43;103mS%%%%[0;33;5;43;103m.::::::::::;;;%[0;37;43m@[0;1;30;90;44m8[0;33;5;40;100m:[0;33;5;43;103mt[0;1;30;90;43m8[0;35;5;40;100m [0;1;37;97;47m:[0;1;34;94;44m8[0;34;5;44;104m888[0;1;34;94;44mS[0;1;30;90;43m8[0;33;5;43;103mt[0;1;30;90;43m8[0;35;44m%[0;1;30;90;43m8[0;33;5;43;103mXttt%%%%%%SS[0;1;30;90;43m.[0m
[0;1;30;90;43m:[0;33;5;43;103m;;;;;;;;;;;::t[0;33;47m8[0;33;5;40;100m [0;36;5;40;100m [0;37;5;47;107m:;[0;34;5;44;104m8@@XX[0;1;34;94;44m8[0;37;5;40;100m8[0;33;47m8[0;37;5;43;103mSSSSSSSS%%[0;33;5;43;103m.::::::::;;;;t[0;37;43m@[0;33;5;40;100m [0;34;5;40;100mS[0;37;5;47;107mSt[0;1;34;94;44m8[0;34;5;44;104m8888[0;1;34;94;44m8[0;33;5;40;100m:[0;1;30;90;43m8[0;33;5;43;103mSttttt%%%%%%%S[0;1;30;90;43m.[0m
[0;1;30;90;43m:[0;33;5;43;103m;;;;;;;;;;:::::[0;37;43m8[0;34;5;40;100m@[0;36;5;40;100m% [0;1;30;90;44m88888[0;36;5;40;100m%[0;33;47m8[0;37;5;43;103mSSSSSSSSSSS%%[0;33;5;43;103m::::::::;;;;;[0;1;30;90;43m8[0;1;30;90;44m@8[0;36;5;40;100mt[0;1;34;94;44m%t%%%[0;1;30;90;44mS[0;1;30;90;43m8[0;33;5;43;103mtttttttt%%%%%%S[0;1;30;90;43m.[0m
[0;1;30;90;43m:[0;33;5;43;103m;;;;;;;;;::::;[0;37;5;40;100mS[0;34;5;40;100mX@@XX[0;36;5;40;100m%[0;34;5;40;100mSS[0;36;5;40;100m%%[0;35;5;40;100m;[0;1;30;90;47m8[0;37;5;43;103mXXXXXXXSSSSS%[0;33;5;43;103m.:::::::;;;[0;37;5;40;100mS[0;1;30;90;44m8XXSSX%%S%S[0;35;5;40;100m;[0;33;5;43;103m%tttttt%%%%%%S[0;1;30;90;43m.[0m
[0;1;30;90;43m:[0;33;5;43;103m;;;;;;;;:::::[0;37;5;40;100m8[0;1;30;90;47mS[0;37;5;40;100mS[0;34;5;40;100m@XXS[0;36;5;40;100mt%%tt[0;1;30;90;47m8%S[0;37;5;43;103mXXXXXXXXSSSS%[0;33;5;43;103m.:::::::;[0;33;5;40;100m.[0;37;5;40;100mS[0;33;5;40;100m;[0;1;30;90;44m@@XX@SSSS[0;35;5;40;100mt[0;1;30;90;43m8[0;35;5;40;100m:[0;33;5;43;103mtttttt%%%%%%%[0;1;30;90;43m.[0m
[0;1;30;90;43m:[0;33;5;43;103m;;;;;;;;::::[0;37;5;40;100m88[0;33;5;43;103m:[0;35;5;40;100m [0;34;5;40;100mXXS[0;36;5;40;100m%%ttt;[0;37;5;40;100m8[0;37;5;43;103m@[0;1;30;90;47m8:[0;37;5;43;103mXXXXXXXXSSSS%[0;33;5;43;103m:::::::[0;37;43m8[0;35;5;40;100m.[0;33;5;43;103mt[0;33;5;40;100m.[0;1;30;90;44m@@XX[0;1;34;94;44m%[0;1;30;90;44mSSSS[0;35;5;40;100mS[0;33;5;43;103m%[0;33;5;40;100m [0;35;5;40;100m [0;33;5;43;103mtttttt%%%%%%[0;1;30;90;43m.[0m
[0;1;30;90;43m:[0;33;5;43;103m;;;;;;;::::[0;37;5;40;100m8[0;35;5;40;100m%[0;33;5;43;103mS[0;35;5;40;100m [0;1;30;90;44m8[0;34;5;40;100mXSSS[0;36;5;40;100m%%t;;;[0;1;30;90;47m8[0;1;33;93;47m8[0;37;5;40;100m;[0;1;30;90;47m:[0;37;5;43;103mXXXXXXXXSSS%[0;33;5;43;103m.:::::[0;1;30;90;43m8[0;34;5;40;100mS[0;37;43m@[0;35;5;40;100m [0;1;30;90;44mXX@X%S%SS%[0;1;34;94;44m;[0;34;5;40;100mX[0;33;5;43;103mS[0;1;30;90;44m8[0;33;5;40;100m [0;33;5;43;103mttttt%%%%%%[0;1;30;90;43m.[0m
[0;1;30;90;43m:[0;33;5;43;103m;;;;;;;::%[0;37;5;40;100m@[0;33;47m8[0;33;5;43;103m:@[0;35;44m8[0;37;5;40;100m8[0;34;5;44;104mX[0;34;5;40;100mS%[0;1;34;94;44m8[0;1;30;90;44m8[0;34;5;44;104m8[0;36;5;40;100m;;[0;36;5;44;104mX[0;1;30;90;47m%[0;35;5;40;100m.[0;37;5;43;103m8X[0;1;33;93;47m@[0;1;30;90;47mX[0;37;5;43;103m8XXXXXXSSSS%[0;33;5;43;103m:::;[0;37;5;40;100m8[0;37;43m8[0;33;5;43;103m:t[0;1;34;94;44mX[0;1;30;90;43m8[0;34;5;44;104m8[0;1;30;90;44m@X[0;1;34;94;44m@%S[0;1;30;90;44mSS[0;34;5;44;104m8[0;33;5;40;100mt[0;1;30;90;44m8[0;1;33;93;43mX[0;33;5;43;103mt[0;1;33;93;43mS[0;33;5;40;100m [0;33;5;43;103m@ttt%%%%%%[0;1;30;90;43m.[0m
[0;1;30;90;43m:[0;33;5;43;103m;;;;;;;:S[0;35;5;40;100m.[0;37;43m@[0;33;5;43;103m::[0;33;47m8[0;37;5;40;100m@[0;33;5;43;103m8[0;34;5;44;104m8[0;34;5;40;100mS[0;34;5;44;104m8[0;1;30;90;44m8[0;34;5;44;104mX[0;34;5;40;100m%[0;36;5;44;104m8[0;36;5;40;100m;[0;36;5;44;104m8[0;37;5;43;103m8[0;1;30;90;47m8[0;37;5;43;103m8XX[0;1;33;93;47m@[0;1;30;90;47m8[0;37;5;43;103m8XXXXXSSSS%[0;33;5;43;103m::;[0;35;5;40;100m [0;37;43m8[0;33;5;43;103m::%[0;35;5;40;100mt[0;33;5;43;103mX[0;1;34;94;44mX[0;1;30;90;44m@[0;1;34;94;44m@%[0;34;5;44;104m8[0;1;34;94;44mSS[0;1;30;90;44mS[0;1;34;94;44m8[0;1;30;90;43mS[0;35;5;40;100m [0;1;30;90;43m8[0;33;5;43;103mtt[0;1;33;93;43mX[0;34;5;40;100mX[0;33;5;43;103m@tt%%%%%%[0;1;30;90;43m.[0m
[0;1;30;90;43m:[0;33;5;43;103m;;;;;;;:[0;37;43m@[0;33;5;43;103m%[0;37;43m8[0;33;5;43;103m::[0;33;47m8[0;1;30;90;47m8[0;37;5;43;103mS[0;35;5;40;100m:[0;1;30;90;47m8[0;34;5;44;104m8XXX[0;36;5;44;104m8[0;36;5;40;100mt[0;35;5;40;100m [0;37;5;43;103mX[0;1;30;90;47mS[0;1;33;93;47m8[0;37;5;43;103mXX[0;1;33;93;47m@[0;37;5;43;103m8[0;1;33;93;47m8[0;37;5;43;103mXXXXXSSSS%[0;33;5;43;103m::@X[0;37;43m8[0;33;5;43;103m::[0;1;33;93;43m8[0;35;5;40;100m [0;33;5;43;103m;[0;35;5;40;100m%[0;1;30;90;47m8[0;1;30;90;44m8[0;34;5;44;104m888[0;1;34;94;44mXS[0;1;30;90;44m@[0;33;5;43;103m%[0;33;5;40;100m [0;1;30;90;43m8[0;33;5;43;103mtt[0;1;30;90;43m8[0;33;5;43;103m@[0;1;30;90;43m8[0;33;5;43;103mtt%%%%%%[0;1;30;90;43m.[0m
[0;1;30;90;43m:[0;33;5;43;103m;;;;;;;::::::[0;35;5;40;100m [0;1;30;90;47m@[0;37;5;43;103m%[0;37;5;40;100m8[0;1;37;97;47m [0;36;5;40;100m;[0;34;5;44;104mXXX[0;1;37;97;47m [0;36;5;44;104m@[0;33;47m8[0;37;5;43;103mX[0;1;30;90;47mS@[0;37;5;43;103mXXXXXXXXXSSSS%[0;33;5;43;103m.::::::;[0;37;5;40;100mX%[0;33;5;43;103m;[0;1;30;90;43m8[0;1;30;90;47m8[0;36;5;40;100m.[0;34;5;44;104m888[0;1;30;90;47m8[0;1;34;94;44m8[0;33;5;40;100mt[0;33;5;43;103m;[0;33;5;40;100mt[0;35;5;40;100mS[0;33;5;43;103mttttttt%%%%%%[0;1;30;90;43m.[0m
[0;1;30;90;43m:[0;33;5;43;103m;;;;;;;;::::[0;37;43m@[0;37;5;40;100m8[0;33;5;43;103m:[0;37;5;43;103m%S[0;35;5;40;100m [0;1;30;90;47m8[0;34;5;44;104mXX@[0;1;30;90;47m@[0;37;5;40;100m%[0;37;5;43;103m@XX[0;1;30;90;47m@[0;37;5;43;103m8XXXXXXXXSSSS%[0;33;5;43;103m:::::::X[0;35;5;40;100m [0;33;5;43;103m;;t[0;35;5;40;100m;[0;37;5;40;100m;[0;34;5;44;104m88[0;1;34;94;44m8[0;1;30;90;47m8[0;1;30;90;44m8[0;33;5;43;103mX;t[0;33;5;40;100m:[0;1;30;90;43m8[0;33;5;43;103mtttttt%%%%%%[0;1;30;90;43m.[0m
[0;1;30;90;43m:[0;33;5;43;103m;;;;;;;;:::t[0;35;5;40;100m [0;33;5;43;103m;:.[0;37;5;43;103m%X[0;35;5;40;100m [0;34;5;44;104m@X@[0;37;5;40;100mX[0;37;5;43;103m@XXX@[0;1;30;90;47m8[0;37;5;43;103mXXXXXXSSSSS%[0;33;5;43;103m:::::::;[0;35;5;40;100m [0;33;5;43;103mS;;;S[0;35;5;40;100m [0;1;34;94;44m8[0;34;5;44;104m8[0;1;34;94;44m8[0;34;5;40;100mX[0;1;33;93;43m@[0;33;5;43;103m;;tt[0;35;5;40;100m:[0;33;5;43;103mXtttt%%%%%%%[0;1;30;90;43m.[0m
[0;1;30;90;43m:[0;33;5;43;103m;;;;;;;;;:;[0;37;5;40;100m@8[0;33;5;43;103m:::.[0;37;5;43;103m%S[0;37;43m@[0;36;5;40;100m%[0;37;5;43;103m8SSXXXX[0;1;30;90;47m8X[0;37;5;43;103mXXXSSSSS%%[0;33;5;43;103m::::::::[0;33;5;40;100m [0;35;5;40;100m [0;33;5;43;103m;;;;;;[0;1;33;93;43m@[0;1;30;90;44m@[0;1;30;90;43m8[0;33;5;43;103mt;;ttt[0;33;5;40;100mt[0;35;5;40;100m [0;33;5;43;103m%ttt%%%%%%S[0;1;30;90;43m.[0m
[0;31;40m8[0;33;5;43;103m;;;;;;;;;;%8[0;37;43m@[0;33;5;43;103m;::::[0;37;5;43;103m%%[0;1;30;90;43m8[0;37;5;43;103mSSSSSSX[0;1;33;93;47m88[0;37;5;43;103mXSSSSSS%[0;33;5;43;103m.::::::::t[0;1;33;93;43m@8[0;33;5;43;103mS;;;;;;[0;1;30;90;43m8[0;33;5;43;103mt;;;ttt[0;1;30;90;43m8[0;1;33;93;43m@[0;33;5;43;103m@ttt%%%%%%S[0;30;41m8[0m
 [0;33;5;43;103mt;;;;;;;;;;:::::::::[0;37;5;43;103m%%%SSSSSSSSSSS%%[0;33;5;43;103m.:::::::::;;;;;;;;;;;;;;;ttttttttt%%%%%%%S[0m 
 [0;1;33;93;43mS[0;33;5;43;103m;;;;;;;;;;;:::::::::::.[0;37;5;43;103m%%%%%%%%%[0;33;5;43;103m.:::::::::::;;;;;;;;;;;;;;;;ttttttttt%%%%%%S[0;1;33;93;43mS[0m 
 [0;1;30;90;43m:[0;33;5;43;103m;;;;;;;;;;;;;:::::::::::::::t:;:t%t::::::%S%;t;%;;;;;;;;;;;ttttttttt%%%%%%%S[0;1;30;90;43m.[0m 
  [0;33;5;43;103mt;;;;;;;;;;;;;;:::::::::::::[0;1;30;90;47m@[0;35;5;40;100m [0;37;43m@[0;33;5;43;103m:[0;35;5;40;100m.[0;1;34;94;44m@[0;35;5;40;100m [0;33;5;43;103m:::::;[0;35;5;40;100m [0;1;30;90;44m8[0;35;5;40;100m%[0;33;5;43;103mt[0;1;33;93;43m8[0;35;5;40;100m [0;33;5;40;100m.[0;33;5;43;103m;;;;;;;;;;ttttttttt%%%%%%%SS[0;31;40mS[0m 
  [0;1;30;90;43m.[0;33;5;43;103m;;;;;;;;;;;;;;;;::::::::::::[0;35;5;40;100m [0;33;5;43;103m:::[0;37;43m8[0;37;5;40;100m8[0;37;43m8[0;33;5;43;103m%;;%[0;37;43m8[0;33;5;40;100m [0;1;30;90;43m8[0;33;5;43;103m;;;[0;35;5;40;100m [0;33;5;43;103mt;;;;;;;;;tttttttttt%%%%%%SS[0;1;30;90;43m [0m  
  [0;31;40mX[0;33;5;43;103mt;;;;;;;;;;;;;;;;;;;;:::::::[0;35;5;40;100m [0;33;5;43;103mt::;;X[0;33;5;40;100m.[0;37;5;40;100m@[0;35;5;40;100m.[0;33;5;40;100m [0;33;5;43;103m@;;;;t[0;35;5;40;100m:[0;33;5;43;103m;;;;;;;;;tttttttttt%%%%%%%SS[0;31;40m8[0m  
   [0;1;30;90;43m.[0;33;5;43;103m;;;;;;;;;;;;;;;;;;;;;;;;;;;[0;37;43mX[0;33;5;40;100m [0;33;5;43;103mt;;;S[0;33;5;40;100mt[0;1;30;90;47m8[0;1;34;94;44mS[0;33;5;40;100m:[0;33;5;43;103mX;;;t[0;33;5;40;100m:[0;1;30;90;43m8[0;33;5;43;103m;;;;;;;;tttttttttt%%%%%%%SS[0;1;30;90;43m [0m   
    [0;33;5;43;103mX;;;;;;;;;;;;;;;;;;;;;;;;;;[0;1;33;93;43mX[0;35;5;40;100m; [0;33;5;43;103mtt[0;33;5;40;100m;[0;1;30;90;47m88[0;34;5;44;104m888[0;1;34;94;44m@[0;33;5;40;100m.[0;33;5;43;103m%t[0;35;5;40;100m X[0;37;43mS[0;33;5;43;103m;;;;;;ttttttttttt%%%%%%%SS@[0m    
    [0;30;41m8[0;33;5;43;103mt;;;;;;;;;;;;;;;;;;;;;;;;;;;[0;37;43m@[0;33;5;40;100m [0;35;5;40;100m;[0;1;30;90;47m%[0;37;5;47;107mt[0;1;30;90;47mt[0;34;5;44;104m88888[0;35;5;40;100mt[0;33;5;40;100m [0;1;30;90;43m8[0;33;5;43;103mt;;;;;tttttttttttt%%%%%%%SSS[0;30;41m8[0m    
     [0;1;30;90;43m.[0;33;5;43;103mt;;;;;;;;;;;;;;;;;;;;;;;;;;;;[0;35;5;40;100m%[0;1;30;90;44m8[0;36;5;40;100m %[0;1;34;94;44mSSSS%[0;34;5;40;100mS[0;33;5;43;103mt;;;;;tttttttttttt%%%%%%%%SSS[0;1;30;90;43m.[0m     
      [0;1;30;90;43m.[0;33;5;43;103mttt;;;;;;;;;;;;;;;;;;;;;;;@[0;35;5;40;100mS[0;1;30;90;44mSS%%SS%%SS[0;34;5;40;100m@[0;1;33;93;43m@[0;33;5;43;103m;;ttttttttttttt%%%%%%%%SSS[0;1;30;90;43m [0m      
       [0;1;30;90;43m.[0;33;5;43;103mtttt;;;;;;;;;;;;;;;;;;;;%[0;35;5;40;100mS[0;1;30;90;43m8[0;1;30;90;44mSSSSSXSSS%[0;1;30;90;43m@[0;34;5;40;100m@[0;33;5;43;103mStttttttttttt%%%%%%%%%SSS[0;1;30;90;43m [0m       
        [0;1;30;90;43m.[0;33;5;43;103mttttttt;;;;;;;;;;;;;;;%[0;35;5;40;100m;[0;1;30;90;43m8[0;1;33;93;43m@[0;1;30;90;44mSSSSSS%%%%[0;1;33;93;43m@S[0;35;5;40;100m%[0;33;5;43;103mSttttttttt%%%%%%%%%SSSS[0;1;30;90;43m [0m        
         [0;1;30;90;43m.[0;33;5;43;103mttttttttttt;;;;;;;;;t[0;35;5;40;100m%t[0;33;5;43;103m8[0;1;34;94;44m%[0;1;30;90;44mS%%%%%%%%%[0;1;34;94;44mS[0;1;33;93;43mX[0;35;5;40;100m.[0;34;5;40;100m@[0;33;5;43;103m%tttttt%%%%%%%%%%SSSS[0;1;30;90;43m.[0m         
          [0;33;41m8[0;33;5;43;103mXttttttttttttttttt[0;1;33;93;43m@[0;35;5;40;100m [0;1;33;93;43m@[0;33;5;43;103mX[0;33;5;40;100m [0;35;5;40;100m:[0;1;30;90;44mS[0;1;34;94;44m;[0;1;30;90;44m%;[0;1;34;94;44m;[0;1;30;90;44mt[0;1;34;94;44m;[0;1;30;90;44m%;S[0;35;5;40;100m:.[0;33;5;43;103mX[0;1;33;93;43m8[0;33;5;40;100m [0;1;33;93;43mX[0;33;5;43;103mttt%%%%%%%%%%SSSS@[0;31;43m8[0m          
            [0;1;33;93;43m%[0;33;5;43;103mttttttttttttttt[0;1;33;93;43mX[0;35;5;40;100m%[0;33;5;43;103mttt[0;35;5;40;100m:[0;1;33;93;43mX[0;35;5;40;100mt[0;1;34;94;44m;[0;1;30;90;44mt[0;1;34;94;44m;@@[0;1;30;90;44mtt;[0;35;5;40;100mS[0;1;33;93;43m@[0;35;5;40;100mS[0;33;5;43;103mtt%[0;35;5;40;100mS[0;1;30;90;43m8[0;33;5;43;103m%%%%%%%%%%SSSSS[0;1;33;93;43m%[0m            
             [0;1;30;90;43m.[0;33;5;43;103m%tttttttttttt%[0;1;30;90;43m88[0;33;5;43;103m8tt[0;35;5;40;100mS[0;33;5;43;103m@[0;1;30;90;43mS[0;1;30;90;44m@8[0;1;34;94;44m@88@tt[0;1;30;90;43m@[0;33;5;43;103mS[0;1;30;90;44m8[0;33;5;43;103mt%[0;1;33;93;43m8[0;1;30;90;43m88[0;33;5;43;103mS%%%%%%%SSSSSS[0;1;30;90;43m [0m             
              [0;31;40m@[0;1;33;93;43mS[0;33;5;43;103mtttttttttttttttt@[0;1;34;94;44m%[0;1;33;93;43m8[0;33;5;43;103mX[0;34;5;40;100m8[0;1;30;90;47mS[0;1;34;94;44m8888[0;34;5;40;100mS[0;1;34;94;44mt[0;1;33;93;43m8[0;33;5;43;103m@[0;1;34;94;44mt[0;1;33;93;43mX[0;33;5;43;103m%%%%%%%%%%SSSSSS[0;1;33;93;43m%[0;31;40m@[0m              
                [0;1;30;90;43m.[0;33;5;43;103m@%%%ttttttttttt[0;33;5;40;100m.[0;1;33;93;43mS[0;33;5;43;103mtt[0;1;30;90;43m8[0;37;5;40;100m;[0;1;34;94;44m@88[0;36;5;40;100m.[0;34;5;40;100mS[0;33;5;40;100m@[0;33;5;43;103m%%[0;1;33;93;43mX[0;33;5;40;100m [0;33;5;43;103m%%%%%%%SSSSSSS[0;1;33;93;43m8[0;1;30;90;43m [0m                
                  [0;1;30;90;43m.[0;33;5;43;103mS%%%%%%%%%%%[0;1;30;90;43m8[0;33;5;40;100m:[0;33;5;43;103m%%%%[0;33;5;40;100mX[0;1;34;94;44mt88X[0;33;5;40;100mt[0;33;5;43;103mS%%%[0;33;5;40;100m%[0;1;30;90;43m8[0;33;5;43;103m%%%SSSSSSSSX[0;1;30;90;43m [0m                  
                    [0;1;30;90;43m.[0;33;5;43;103mS%%%%%%%%X[0;34;5;40;100m@[0;33;5;43;103m@%%%%%[0;1;33;93;43mX[0;34;5;40;100mX8[0;1;33;93;43mS[0;33;5;43;103m%%%%%@[0;34;5;40;100m8[0;33;5;43;103m8SSSSSSSSX[0;1;30;90;43m [0m                    
                      [0;1;30;90;43m.[0;33;5;43;103m@%%%%%%[0;1;30;90;43m8[0;1;33;93;43mS[0;1;30;90;43m8[0;33;5;43;103m%%%%%%[0;1;30;90;43m%S[0;33;5;43;103m%%%SSS[0;1;30;90;43m8[0;1;33;93;43m%[0;1;30;90;43m8[0;33;5;43;103mSSSSSS@[0;1;30;90;43m [0m                      
                        [0;1;30;90;43m.[0;1;33;93;43mX[0;33;5;43;103m%%%%%%%%%%%SSSSSSSSSSSSSSSSS[0;1;33;93;43mX[0;1;30;90;43m [0m                        
                          [0;31;40m8[0;1;30;90;43m [0;33;5;43;103mSSSSSSSSSSSSSSSSSSSSSSSX[0;1;30;90;43m [0;30;41m8[0m                          
                             [0;1;30;90;43m.[0;1;33;93;43mt[0;33;5;43;103mSSSSSSSSSSSSSSSSSS[0;1;33;93;43m%[0;1;30;90;43m [0m                             
                                [0;1;30;90;43m [0;1;33;93;43m%[0;33;5;43;103mSSSSSSSSSSSS[0;1;33;93;43mS[0;1;30;90;43m [0m                                
                                   [0;1;30;90;43m  [0;33;5;43;103mXSSSSX[0;1;30;90;43m  [0m                                   
                                      [0;31;40m8[0;1;30;90;43m  [0;30;41m8[0m                                      
