                                [0;1;30;90;43m::.:[0;1;33;93;43mX@8888@X[0;1;30;90;43m..:.[0m                                
                          [0;1;30;90;43m::[0;1;33;93;43m8[0;33;5;43;103m%;;;;;;;;;;;;;;;;;;;;%[0;1;33;93;43m8[0;1;30;90;43m..[0m                          
                      [0;1;30;90;43m::[0;33;5;43;103mX;:::::::::::;;;;;;;;;;;;;;;;;;@[0;1;30;90;43m..[0m                      
                   [0;1;30;90;43m:[0;1;33;93;43mX[0;33;5;43;103mt::::::::::::::::::::;;;;;;;;;;;;;;;;t[0;1;33;93;43mX[0;1;30;90;43m.[0m                   
                 [0;1;30;90;43m:[0;33;5;43;103m%::::::::::::::::::::::::::;;;;;;;;;;;;;;;;%[0;1;30;90;43m.[0m                 
               [0;1;30;90;43m:[0;33;5;43;103m;::::::::::::::::::::::::::::::;;;;;;;;;;;;;;;;t[0;1;30;90;43m.[0;32;40m@[0m              
             [0;1;30;90;43m:[0;33;5;43;103m;:::::::::::::::::::::::::::::::::::;;;;;;;;;;;;;;;t[0;1;33;93;43mS[0m             
           [0;1;30;90;43m;[0;33;5;43;103mt::::::::::::::::::::::::::::::::::::::;;;;;;;;;;;;;;;t%[0;1;30;90;43m.[0m           
         [0;32;40mX[0;33;5;43;103m8::::::::::::::..[0;37;5;43;103m;:::::::;[0;33;5;43;103m..:::::::::::::::;;;;;;;;;;;;;;tt[0;1;33;93;43m8[0;32;40m@[0m         
        [0;1;30;90;43m:[0;33;5;43;103mt::::::::::tSt:[0;37;5;43;103m::::::::::::::::[0;33;5;43;103m..::::::::::::;;;;;;;;;;;;;;tt%[0;1;30;90;43m.[0m        
       [0;1;30;90;43m:[0;33;5;43;103m;::::;8[0;1;33;93;43m8@[0;1;30;90;43m88[0;33;5;40;100m@[0;1;30;90;40m8[0;30;5;40;100m888X[0;33;5;40;100m8[0;33;5;43;103mS[0;37;5;43;103m::.....::::::::[0;33;5;43;103m.::::::::::::;;;;;;;;;;;;;tttt[0;1;30;90;43m [0m       
      [0;1;30;90;43m:[0;33;5;43;103m:::::;[0;33;5;40;100m8[0;1;30;90;40m8@@@8[0;30;5;40;100m8@[0;1;30;90;47m8[0;30;5;40;100mX888[0;33;5;40;100mS[0;37;5;43;103m;..........::::::[0;33;5;43;103m.:::::::::::;;;;;;;;;;;;;tttt[0;1;30;90;43m [0m      
     [0;1;30;90;43m:[0;33;5;43;103m;:::::%[0;30;5;40;100mX[0;33;5;40;100m8[0;30;5;40;100m8@@8X888888@[0;37;5;43;103m@............:::::[0;33;5;43;103m.::::::::::;;;;;;;;;;;;;ttttt[0;1;30;90;43m [0m     
    [0;1;30;90;43m:[0;33;5;43;103m;::::::;%::.[0;37;5;43;103m;[0;33;5;43;103mS[0;37;43mX[0;1;30;90;43m8[0;33;5;40;100mX[0;30;5;40;100mX@@@X[0;37;5;43;103m8@[0;37;43m@[0;33;5;40;100m;;[0;1;30;90;43m8[0;37;43m8[0;37;5;43;103mX.......::::[0;33;5;43;103m.::::::::::;;;;;;;;;;;;;ttttt[0;1;30;90;43m.[0m    
   [0;30;5;40;100mS[0;33;5;43;103m;;:::::::::.[0;37;5;43;103m::::..[0;37;43m@[0;30;5;40;100m%@X[0;33;5;40;100m;;.[0;30;5;40;100mSS[0;36;5;40;100mtt[0;33;5;40;100mt;[0;37;5;43;103m8@@X%...::::[0;33;5;43;103m.:::::::::;;;;;;;;;;;;;tttttt[0;1;30;90;43m.[0m   
   [0;33;5;43;103mX;:::::::::.[0;37;5;43;103m;:::...[0;33;5;40;100m%[0;30;5;40;100mXX%[0;33;5;40;100m.:[0;36;5;40;100mt%tt;t:[0;30;5;40;100mSSXXXS[0;33;5;40;100mSX%S[0;30;5;40;100mS[0;33;5;40;100m88[0;1;30;90;43m8[0;1;33;93;43m8[0;33;5;43;103mt:::::::;;;;;;;;;;;;ttttttX[0m   
  [0;1;30;90;43m:[0;33;5;43;103m;;:::::::::.[0;37;5;43;103m::::...[0;33;5;40;100m;[0;30;5;40;100mXXS[0;36;5;40;100m;[0;33;5;40;100m .[0;36;5;40;100m.;;:  %[0;30;5;40;100mSSXX@@888888[0;1;30;90;40m8@8[0;33;5;40;100m8[0;1;30;90;43m@@[0;33;5;43;103m8;::;;;;;;;;;;;;;tttttt[0;1;30;90;43m [0m  
  [0;33;5;43;103m%;;:::::::::.[0;37;5;43;103m::::..:[0;33;5;40;100m%[0;30;5;40;100mXSS[0;36;5;40;100m; [0;33;5;40;100m [0;36;5;40;100m . .  :;tt[0;30;5;40;100mSX@888[0;1;30;90;40m8888[0;30;5;40;100m8[0;1;30;90;40m@XXSS[0;30;5;40;100m8[0;1;30;90;43mX[0;33;5;43;103mX;;;;;;;;;;;;;tttttt%[0m  
 [0;1;30;90;43m:[0;33;5;43;103m;;;:::::::::.[0;37;5;43;103m::::...t[0;33;5;40;100mt[0;30;5;40;100mSS[0;36;5;40;100m%.   . ;tt%[0;30;5;40;100mSSSSSX888[0;1;30;90;40m888@88XSS%[0;34;40m;[0;1;30;90;40mS[0;1;30;90;43m@[0;33;5;43;103m%;;;;;;;;;;;ttttttt[0;1;30;90;43m.[0m 
 [0;1;33;93;43m8[0;33;5;43;103m;;;:::::::::.[0;37;5;43;103m::::....;[0;37;43m8[0;33;5;40;100m%;.[0;36;5;40;100m;:;;;;tt[0;30;5;40;100m%SSX@@8X@88[0;1;30;90;40m88@@XXSS%[0;34;40m;;;[0;1;30;90;40m8[0;1;33;93;43m@[0;33;5;43;103m;;;;;;;;;;ttttttt8[0m 
 [0;33;5;43;103m;;;;:::::::::.[0;37;5;43;103m::::........[0;1;33;93;47mX[0;36;5;40;100m%ttttt%[0;30;5;40;100m%SSXX@@888[0;1;30;90;40m888[0;30;5;40;100m8[0;1;30;90;40m8@XXSSXS[0;34;40m;;[0;1;30;90;40m%[0;32;40m;[0;1;30;90;43mS[0;33;5;43;103m;;;;;;;;ttttttt%%[0;32;40m%[0m
[0;33;5;40;100m8[0;33;5;43;103m;;;;;:::::::::.[0;37;5;43;103m::::.......%[0;33;5;40;100mt[0;30;5;40;100mS%%%SSSXXX@@888[0;1;30;90;40m8888@@XXSSS[0;34;40m;[0;1;30;90;40mXX[0;34;40m;;[0;1;30;90;40mS[0;34;40m:[0;1;30;90;43mX[0;33;5;43;103m;;;;;;;ttttttt%%[0;1;30;90;43m.[0m
[0;1;30;90;43m:[0;33;5;43;103m;;;;;:::::::::.[0;37;5;43;103m;::::.......[0;33;5;40;100mt[0;30;5;40;100mXSSSXXXX@@88888[0;1;30;90;40m8888@@XXSS%[0;34;40m;[0;1;30;90;40mS[0;34;40m;[0;1;30;90;40mS@SX[0;34;40m:[0;1;30;90;43mS[0;33;5;43;103m;;;;;;ttttttt%%[0;1;30;90;43m.[0m
[0;1;30;90;43m:[0;33;5;43;103m;;;;;;:::::::::.[0;37;5;43;103m;::::......S[0;33;5;40;100m%[0;30;5;40;100mXXX@@@@@8888[0;1;30;90;40m88888@@XXSXS[0;34;40m;;[0;1;30;90;40m8X[0;34;40m;[0;1;30;90;40mX[0;34;40m::[0;1;30;90;40m%[0;34;40m;[0;1;30;90;43m%[0;33;5;43;103m;;;;;ttttttt%%[0;1;30;90;43m.[0m
[0;1;30;90;43m:[0;33;5;43;103m;;;;;;:::::::::::[0;37;5;43;103m;:::::.....@[0;33;5;40;100mS[0;30;5;40;100m@@@88888888[0;1;30;90;40m8[0;30;5;40;100m8[0;1;30;90;40m8888X8@XX8X[0;34;40m;[0;1;30;90;40m@[0;34;40m;;;:::;[0;1;30;90;43m%[0;33;5;43;103m;;;;ttttttt%%%[0;1;30;90;43m.[0m
[0;1;30;90;43m.[0;33;5;43;103m;;;;;;;:::::::::::.[0;37;5;43;103m:::::::...X[0;33;5;40;100mX[0;30;5;40;100m8888888[0;1;30;90;40m88[0;30;5;40;100m@[0;1;30;90;40m88[0;30;5;40;100m8[0;1;30;90;40m8@[0;30;5;40;100m8[0;1;30;90;40m88@8@@[0;34;40m;[0;1;30;90;40mXS[0;34;40m:::;::[0;1;30;90;40mS8[0;33;5;43;103m@;;;ttttttt%%%[0;1;30;90;43m.[0m
[0;1;30;90;40m8[0;33;5;43;103m;;;;;;;;::::::::::::.[0;37;5;43;103m:::::::::S[0;33;5;40;100m@[0;30;5;40;100m8[0;1;30;90;40m8[0;30;5;40;100m88[0;1;30;90;40m8[0;30;5;40;100m@@[0;1;30;90;40m8[0;30;5;40;100m8@[0;1;30;90;40m8[0;30;5;40;100m88[0;1;30;90;40m8@X[0;30;5;40;100m8[0;1;30;90;40mX%8@[0;34;40m;;[0;1;30;90;40mS[0;34;40m;::[0;1;30;90;40m@[0;34;40m;::[0;1;30;90;40mX8[0;33;5;43;103m@;tttttttt%%%[0;1;30;90;43m.[0m
 [0;33;5;43;103mt;;;;;;;;:::::::::::::..[0;37;5;43;103m;:::::::[0;1;33;93;43m@[0;30;5;40;100mS[0;1;30;90;40m8[0;30;5;40;100m888[0;1;30;90;40m8[0;30;5;40;100m@[0;1;30;90;40m8888@8XS88XX@SS%SX[0;34;40m;[0;1;30;90;40mX[0;34;40m;;.;;[0;33;5;40;100m8[0;33;5;43;103mtttttttt%%%%[0m 
 [0;1;33;93;43m@[0;33;5;43;103m;;;;;;;;;:::::::::::::::::......t[0;1;30;90;43m8[0;30;5;40;100m8[0;1;30;90;40m@88@88@8XSX%S@XSX[0;34;40m;::::::.:[0;1;30;90;40mX[0;34;40m;:[0;1;30;90;40m8[0;33;5;43;103mXtttttt%%%%[0;1;33;93;43m8[0m 
 [0;1;30;90;43m.[0;33;5;43;103m;;;;;;;;;;;:::::::::::::::::::::::t[0;1;30;90;43m8[0;30;5;40;100mX[0;1;30;90;40mX8888@@XXX8[0;34;40m;[0;1;30;90;40m%S[0;34;40m:::::::....;;:[0;1;30;90;43mS[0;33;5;43;103mtttttt%%%%[0;1;30;90;43m.[0m 
  [0;33;5;43;103mX;;;;;;;;;;;;:::::::::::::::::::::::;[0;1;30;90;43m8[0;1;30;90;40mXX8S%S@S[0;34;40m;;[0;1;30;90;40mX[0;34;40m;;[0;1;30;90;40mS[0;34;40m:::::.......[0;1;30;90;40m8[0;33;5;43;103mSttttt%%%%X[0m  
  [0;1;30;90;43m.[0;33;5;43;103m;;;;;;;;;;;;;;::::::::::::::::::::::@[0;1;30;90;40mXS@X[0;34;40m;;;[0;1;30;90;40mSX[0;34;40m;:[0;1;30;90;40mS[0;34;40m;:[0;1;30;90;40m%[0;34;40m;::........[0;1;30;90;40m8[0;33;5;43;103mttttt%%%%%[0;1;30;90;43m.[0m  
   [0;33;5;43;103m8;;;;;;;;;;;;;;;;::::::::::::::::::::[0;1;30;90;43m@[0;34;40m;;[0;1;30;90;40m@[0;34;40m;;;::[0;1;30;90;40mSS[0;34;40m::;;:;:.......:[0;1;33;93;43mX[0;33;5;43;103mtttt%%%%%8[0m   
   [0;32;40mX[0;33;5;43;103mt;;;;;;;;;;;;;;;;;;;:::::::::::::::;[0;1;30;90;43mX[0;1;30;90;40mX[0;34;40m;;[0;1;30;90;40mX[0;34;40m:[0;1;30;90;40m@X@X[0;34;40m:;;::;;;;;:.....[0;1;30;90;43m%[0;33;5;43;103mttt%%%%%S[0;32;40m8[0m   
    [0;1;30;90;43m.[0;33;5;43;103m;;;;;;;;;;;;;;;;;;;;;;;;;;;;;;;;;;[0;1;30;90;43mS[0;1;30;90;40mS[0;31;5;40;100m@[0;35;5;40;100m;[0;31;5;40;100m8[0;1;30;90;40mS@X[0;1;30;90;43mS[0;33;5;43;103mX;8[0;1;30;90;43mttSX[0;33;5;40;100m8[0;1;30;90;40m88[0;30;5;40;100mX[0;1;30;90;43mSS[0;1;30;90;40m8[0;34;40m::...[0;1;30;90;43mt[0;33;5;43;103mt%%%%%%[0;1;30;90;43m.[0m    
     [0;1;30;90;43m.[0;33;5;43;103m;;;;;;;;;;;;;;;;;;;;;;;;;;X[0;1;30;90;43mS@@@@[0;30;5;40;100mS[0;34;40m:[0;1;30;90;40m88[0;1;30;90;47m8[0;35;5;40;100m:[0;1;30;90;40m8[0;34;40m:[0;32;40m;[0;1;30;90;43m%%%t[0;1;33;93;43m@[0;33;5;43;103m;;;;;;ttt[0;1;33;93;43mX[0;32;40m:[0;34;40m;...[0;32;40m;[0;33;5;43;103mX%%%%%[0;1;30;90;43m.[0m     
      [0;1;30;90;43m.[0;33;5;43;103mt;;;;;;;;;;;;;;;;;;;;X[0;1;30;90;43mX[0;33;5;40;100m88@t[0;30;5;40;100m@[0;1;30;90;40mXSX[0;31;5;40;100m8X@8[0;1;30;90;47m88[0;33;5;40;100m88[0;1;30;90;43m%ttS[0;1;33;93;43m8[0;1;30;90;43m%S[0;33;5;43;103m;;;tttttt[0;1;33;93;43mX[0;30;5;40;100mX[0;1;30;90;40m8[0;32;40m.[0;34;40m.[0;1;30;90;40m8[0;33;5;43;103mX%%%%[0;1;30;90;43m.[0m      
       [0;1;30;90;43m.[0;33;5;43;103mt;;;;;;;;;;;;;;;;;;;[0;1;30;90;43mS[0;33;5;43;103m@%[0;1;30;90;43mX8[0;1;30;90;47m8[0;35;5;40;100m [0;31;5;40;100m8[0;1;30;90;47m88888888[0;33;5;43;103m8;S;;;;;t;ttttttttttt@8%%%%%[0;1;30;90;43m.[0m       
        [0;1;30;90;40m8[0;33;5;43;103mXtt;;;;;;;;;;;;;;;;;;;;[0;1;33;93;43m8[0;1;30;90;43m8[0;1;30;90;47m888888[0;37;5;40;100m:[0;35;5;40;100m [0;33;5;40;100m [0;1;33;93;43m8[0;33;5;43;103m;;;;;;;tttttttttttt%%%%%%%@[0;1;30;90;43m.[0m        
          [0;1;33;93;43mS[0;33;5;43;103mtttt;;;;;;;;;;;;;;;;;;;8[0;37;43mX8[0;33;5;40;100m:[0;1;30;90;47m8[0;31;5;40;100m8@[0;1;30;90;47m88[0;1;30;90;43m8[0;37;43mS[0;33;5;43;103mS;;ttttttttttttt%%%%%%%%[0;1;33;93;43m%[0m          
           [0;1;30;90;43m.[0;33;5;43;103mXttttttt;;;;;;;;;;;;;;;;[0;1;30;90;43m8[0;33;5;40;100m [0;1;30;90;47m8[0;35;5;40;100m:[0;37;5;40;100m:[0;35;5;40;100m;[0;1;30;90;47m8[0;35;5;40;100m.[0;33;5;40;100m.[0;33;5;43;103m@ttttttttttttt%%%%%%%%@[0;1;30;90;43m.[0m           
             [0;1;30;90;43m.[0;33;5;43;103mSttttttttttttt;;;;;;;S[0;33;5;40;100m [0;35;5;40;100m [0;1;30;90;47m8888[0;35;5;40;100m [0;33;5;40;100m.[0;1;33;93;43mS[0;33;5;43;103mtttttttttttt%%%%%%%%S[0;1;30;90;43m.[0m             
               [0;1;30;90;43m.[0;33;5;43;103mXttttttttttttttttttt8[0;1;30;90;43m8[0;33;5;40;100mt [0;37;5;40;100m:[0;33;5;40;100m:[0;1;30;90;43m8[0;33;5;43;103mXtttttttttt%%%%%%%%%X[0;1;30;90;43m.[0m               
                 [0;1;30;90;43m.[0;33;5;43;103m8ttttttttttttttttttttX8%tttttttt%%%%%%%%%%%8[0;1;30;90;43m.[0m                 
                    [0;1;30;90;43m [0;33;5;43;103m8tttttttttttttttttttttttt%%%%%%%%%%%%8[0;1;30;90;43m [0;32;40m8[0m                   
                       [0;1;30;90;43m.[0;1;33;93;43mX[0;33;5;43;103mStttttttttttttt%%%%%%%%%%%%%%S[0;1;33;93;43mX[0;1;30;90;43m.[0m                       
                           [0;1;30;90;43m. [0;1;33;93;43m8[0;33;5;43;103mS%%%%%%%%%%%%%%%%%%S[0;1;33;93;43m8[0;1;30;90;43m .[0;32;40m8[0m                          
                                 [0;1;30;90;43m....      ....[0m                                 
