[0;1;30;90;43m.[0;1;33;93;43mSXXXXXXXXXXXXXXXXXXXXXXXXXXXXXXXXXXXXXXXXXXXXXXXXXXXXXXXSSSSSSSSSSSS%%%%[0;1;30;90;43m       [0m
[0;1;30;90;43m.[0;33;5;43;103m;;;;;;;;;[0;1;33;93;43mt[0;33;5;43;103m%;;;;;;;;;;;;;;;;:;[0;1;30;90;43m@[0;33;5;43;103m;;;;;;;;;;;;;;;;;;@@;;;;;;;ttttttttt%%[0;1;30;90;43m%[0;33;5;43;103m%%%%%SSSS[0;1;30;90;43m [0m
[0;1;30;90;43m.[0;33;5;43;103m;;;;;;;;8[0;31;43m@[0;1;30;90;43m:[0;33;5;43;103mS;;;;;;;;:::::::t[0;1;30;90;43m8[0;1;30;90;42m8[0;1;33;93;43m%[0;33;5;43;103m;:::::;;;;;;;;;;X[0;1;30;90;43m;;[0;33;5;43;103m@;;;;;;;;tttttttt[0;1;33;93;43m%[0;1;30;90;42mX[0;1;30;90;43m%[0;33;5;43;103m@%%%%SSS[0;1;30;90;43m [0m
[0;1;30;90;43m:[0;33;5;43;103m;;;;;;;X[0;31;43m%8@[0;1;33;93;43m;[0;33;5;43;103mS;;;::::::::::%[0;1;33;93;43mX[0;32;5;40;100m@[0;1;30;90;42m8[0;32;5;40;100m@[0;1;33;93;43mX[0;33;5;43;103m;::::::::;;;;;S[0;1;30;90;43m;[0;31;43m8@[0;1;30;90;43m;[0;33;5;43;103mX;;;;;;;;tttttt[0;1;33;93;43m8[0;1;30;90;42m@X@[0;1;30;90;43m%[0;33;5;43;103m@%%%%SS[0;1;30;90;43m [0m
[0;1;30;90;43m:[0;33;5;43;103m;S[0;1;33;93;43m;@[0;33;5;43;103mt%;[0;1;30;90;43m;[0;31;43m@8@X[0;33;5;43;103mtt;X[0;1;30;90;43m%[0;33;5;43;103mS:::[0;1;33;93;43m@[0;1;30;90;43m8[0;33;5;43;103mXt;%[0;32;5;40;100mXX8@[0;1;30;90;43m8[0;33;5;43;103m:t%[0;1;33;93;43mS[0;1;30;90;43m8[0;33;5;43;103m;::;[0;1;33;93;43m%X[0;33;5;43;103m%%;[0;1;33;93;43mX[0;31;43m@8@@[0;33;5;43;103m8ttX[0;1;33;93;43mtX[0;33;5;43;103m;;;X[0;1;30;90;43m%[0;1;33;93;43m%[0;33;5;43;103m%St[0;32;43m8[0;1;30;90;42m@X@@[0;33;5;43;103mSXX[0;1;33;93;43mS[0;1;30;90;43mt[0;33;5;43;103m8S[0;1;30;90;43m [0m
[0;1;30;90;43m:[0;33;5;43;103m;;[0;1;30;90;43m:[0;31;43m8@X[0;1;33;93;43m%@[0;31;43m@@X[0;1;30;90;43mt[0;1;33;93;43mt[0;1;30;90;43m%%S%[0;33;5;43;103m::::t[0;33;5;40;100m@[0;32;5;40;100m@X[0;1;30;90;43m8[0;1;33;93;43m@[0;1;30;90;43m8[0;32;5;40;100mX@X[0;1;30;90;43m88[0;32;5;40;100mXX@[0;33;5;43;103mX::::8[0;1;30;90;43mS[0;31;43mXX[0;1;30;90;43mt[0;33;5;43;103m@[0;1;30;90;43mt[0;31;43m@@X[0;1;33;93;43mX[0;31;43mS@8[0;1;30;90;43m;[0;33;5;43;103m%;;;;[0;1;30;90;43mX[0;1;30;90;42m@88[0;1;30;90;43m%[0;1;33;93;43m;[0;1;30;90;42m8X@[0;1;30;90;43mS%[0;1;30;90;42m@@X[0;1;30;90;43mt[0;33;5;43;103m%%[0;1;30;90;43m [0m
[0;1;30;90;43m:[0;33;5;43;103m;;@[0;31;43mS8@@XX@XX[0;1;30;90;43m%SSS[0;33;5;43;103m8:::::[0;1;30;90;43m8[0;32;5;40;100mSXXSSSXSSSXX[0;1;30;90;43m8[0;33;5;43;103m%::::t[0;1;30;90;43m%SS[0;31;43mXXX@@@@@88[0;1;30;90;43m:[0;33;5;43;103m;;;;;[0;1;33;93;43mX[0;1;30;90;42m8@@888X@@@@X@[0;1;33;93;43m%[0;33;5;43;103m%%[0;1;30;90;43m.[0m
[0;1;30;90;43m:[0;33;5;43;103m;;;8[0;1;30;90;43m;[0;31;43mS@@X@[0;1;30;90;43m%SSSXS[0;33;5;43;103mt:::::;[0;37;43mS[0;1;30;90;43m8[0;33;5;40;100mS[0;32;5;40;100mS[0;36;5;40;100m%%[0;32;5;40;100mS[0;36;5;40;100m%[0;32;5;40;100mSSS[0;33;5;40;100mS[0;37;43mS[0;33;5;43;103m::::::S[0;1;30;90;43mSSS%[0;31;43mX@XX@8@[0;1;30;90;43m;[0;33;5;43;103mX;;;;;;[0;1;33;93;43m%[0;1;30;90;43m@[0;1;30;90;42m8@@8@8@X@@[0;1;30;90;43mS[0;33;5;43;103mX%%[0;1;30;90;43m.[0m
[0;1;30;90;43m:[0;33;5;43;103m;;;t[0;1;33;93;43m@[0;1;30;90;43mt[0;31;43mXX[0;1;30;90;43m%SSSSX[0;33;5;43;103mX::::.[0;37;5;43;103m;::[0;33;5;43;103mt[0;37;43mX[0;33;5;40;100m%[0;36;5;40;100mt%%[0;32;5;40;100mS[0;36;5;40;100m%%[0;33;5;40;100mt[0;1;30;90;43m8[0;33;5;43;103mt[0;37;5;43;103m:[0;33;5;43;103m..:::::X[0;1;30;90;43mSSSS[0;31;43m@@@@S[0;1;33;93;43mS[0;33;5;43;103m;;;;;;;;%[0;1;30;90;43m%@[0;1;30;90;42m8@@X@@@[0;32;43m8[0;1;33;93;43m8[0;33;5;43;103m%%%%[0;1;30;90;43m.[0m
[0;1;30;90;43m:[0;33;5;43;103m;;t[0;1;33;93;43mt[0;1;30;90;43mt%[0;31;43mX[0;1;30;90;43m%%SSXX@@[0;33;5;43;103m8:.[0;37;5;43;103m::::[0;33;5;43;103mt[0;1;30;90;43m8[0;33;5;40;100m%t[0;36;5;40;100mt[0;33;5;40;100mt[0;1;30;90;43m88[0;33;5;40;100mt[0;36;5;40;100mt[0;33;5;40;100mt%[0;1;30;90;43m8[0;33;5;43;103m%[0;37;5;43;103m::;[0;33;5;43;103m.::@[0;1;30;90;43mXXXSSS%[0;31;43m@@X[0;1;30;90;43mt[0;1;33;93;43m;[0;33;5;43;103mt;;;;;%[0;1;30;90;43m%[0;32;43m8[0;1;30;90;42m@8@[0;1;30;90;43mX[0;33;42m8[0;1;30;90;42m@@@@[0;33;42m8[0;1;33;93;43m%[0;33;5;43;103m%%%[0;1;30;90;43m.[0m
[0;1;30;90;43m:[0;33;5;43;103m;;;;::Xt:[0;1;30;90;43mS[0;33;5;43;103m:%S::.[0;37;5;43;103m:::t::...tX;X[0;37;43m@[0;37;5;43;103m;XS..::::[0;33;5;43;103m:[0;37;5;43;103m;[0;33;5;43;103m.:::%%:[0;1;33;93;43mS[0;33;5;43;103mt%X;;;;;;t;;;;;;8St[0;1;30;90;43mS[0;33;5;43;103mt@8t%%%%%[0;1;30;90;43m.[0m
[0;1;30;90;41m8[0;33;5;43;103m@;;;:::::[0;1;30;90;43mS[0;33;5;43;103m::::.[0;37;5;43;103m::::[0;1;30;90;43m8[0;37;5;43;103m;.......X[0;33;47m8[0;37;5;43;103m.......:[0;33;5;43;103mt[0;1;33;93;43mS[0;37;5;43;103m::[0;33;5;43;103m.:::::[0;1;33;93;43mS[0;33;5;43;103mt:::;;;;;[0;1;30;90;43mS[0;33;5;43;103mX;;;;;;;t[0;1;30;90;43mS[0;33;5;43;103mttttt%%%S[0;30;41m@[0m
[0;30;41m8[0;1;30;90;43mt[0;1;33;93;43m@[0;33;5;43;103m;::::::X:::[0;37;5;43;103m;::::[0;37;43m@[0;36;5;40;100mt[0;37;43m@[0;37;5;43;103mX......t@.......S[0;1;30;90;43m88[0;1;33;93;43mS[0;37;5;43;103m::[0;33;5;43;103m.::::S;::::;;;[0;1;33;93;43m%[0;1;30;90;42m8[0;1;30;90;43m8[0;1;33;93;43mX[0;33;5;43;103m;;;;;;t[0;1;33;93;43m8[0;33;5;43;103mttttt%%S[0;1;30;90;43m.[0;31;40m8[0m
[0;30;41m8[0;31;43m@[0;1;30;90;43mt[0;33;5;43;103m@::::;::::.[0;37;5;43;103m:::%[0;1;33;93;43mX[0;36;5;40;100m:;.[0;37;43m8[0;37;5;43;103m%....;........S[0;1;33;93;43mS[0;1;30;90;43m888[0;33;5;43;103mX[0;37;5;43;103m::[0;33;5;43;103m.:;:::::::;;[0;1;33;93;43mS[0;1;30;90;43m8[0;1;30;90;42m88[0;1;30;90;43m@[0;33;5;43;103m@;;;;%ttttttt%X[0;1;33;93;43mt[0;31;43m8[0;31;40m8[0m
[0;30;41m8[0;31;43m@X[0;33;5;43;103m%SS[0;1;33;93;43m8[0;1;30;90;43mS[0;33;5;43;103mX:::X[0;1;30;90;43m8[0;37;43mX[0;33;5;43;103m%[0;37;5;43;103mS:[0;1;30;90;43m8[0;36;5;40;100m:;.[0;1;30;90;43m8[0;37;5;43;103m.@@[0;33;47m8[0;1;30;90;43m8[0;37;5;43;103m;...[0;37;43m@@[0;37;5;43;103m@X;X[0;1;30;90;43m8888[0;33;5;43;103m@[0;37;5;43;103m%[0;33;5;43;103m%X[0;1;30;90;43m@[0;1;33;93;43m%[0;33;5;43;103m:::t[0;1;30;90;43m88[0;33;5;43;103mXX;[0;1;30;90;43mX[0;1;30;90;42m8888[0;33;5;43;103m%XX[0;1;33;93;43mt[0;1;30;90;43mX[0;33;5;43;103m@ttt[0;1;33;93;43m@[0;1;30;90;43m:[0;1;33;93;43mt[0;33;5;43;103m@X%[0;31;43mX8[0;31;40m8[0m
[0;30;41m8[0;31;43m@[0;1;30;90;43mtt[0;31;43mX[0;1;30;90;43m%SS[0;33;5;43;103m;::::[0;1;30;90;43m8[0;36;5;40;100m%t[0;33;5;40;100m;[0;37;43m@@[0;36;5;40;100m::.[0;37;43m8[0;1;30;90;43m8[0;36;5;40;100m  [0;33;5;40;100m [0;1;33;93;47m8[0;37;5;43;103m....X[0;1;30;90;43m8888[0;33;5;43;103mX[0;1;30;90;43m8888[0;1;33;93;43mS[0;1;30;90;43m8888[0;33;5;43;103m%::::[0;1;30;90;43m8[0;1;30;90;42m888[0;1;30;90;43m8[0;1;33;93;43mt[0;1;30;90;42m888[0;32;43m8[0;1;30;90;43m@[0;1;30;90;42m88@[0;1;30;90;43mX[0;33;5;43;103mt;ttt[0;31;43m%888[0;1;30;90;43m .[0;31;43m8[0;31;40m8[0m
[0;30;41m8[0;31;43m@XXX[0;1;30;90;43mSS[0;1;33;93;43mX[0;33;5;43;103m::::[0;37;5;43;103m;[0;33;5;43;103mS[0;33;5;40;100m%[0;36;5;40;100mtt;:.:     [0;37;5;40;100mt[0;37;5;43;103m@.....8[0;1;30;90;43m888888888888@[0;33;5;43;103m:::::%[0;1;30;90;43m8[0;1;30;90;42m888888888888[0;1;33;93;43mt[0;33;5;43;103m;;ttt[0;1;33;93;43m8[0;31;43m@88888[0;31;40m8[0m
[0;30;41m8[0;31;43mXX@[0;1;30;90;43m%SS[0;33;5;43;103mt::::[0;37;5;43;103m;:[0;33;5;43;103mS[0;37;43mX[0;1;30;90;43m8[0;36;5;40;100m;:.:    [0;37;5;40;100m%[0;1;33;93;47m8[0;37;5;43;103m......;@[0;37;43m@[0;1;30;90;43m8888888888[0;33;5;43;103m%::::::S[0;1;30;90;43m@8[0;1;30;90;42m888888888[0;1;30;90;43mX[0;33;5;43;103m%;;tttt[0;1;33;93;43m8[0;1;30;90;43m.[0;31;43mS888[0;31;40m8[0m
[0;31;40m8[0;31;43m@@X[0;1;30;90;43m%[0;1;33;93;43mX[0;33;5;43;103mt:::::.[0;37;5;43;103m;[0;33;5;43;103mS[0;1;30;90;43m8[0;33;5;40;100m;[0;36;5;40;100m;::;.  [0;33;47m8[0;37;5;43;103m8:......;@[0;37;43m@[0;1;30;90;43m88888888[0;1;33;93;43mS[0;33;5;43;103mt.::::::S[0;1;30;90;43m8[0;33;5;40;100m8[0;1;30;90;42m888@8888[0;1;33;93;43m%[0;33;5;43;103m%;;;ttt%[0;1;33;93;43m8[0;1;30;90;43m.[0;31;43m888[0;33;41m8[0;31;40m8[0m
[0;30;41m8[0;1;30;90;43mt%[0;31;43mX[0;1;30;90;43m%%[0;1;33;93;43m@[0;33;5;43;103m;::::.;[0;1;33;93;43mX[0;1;30;90;43m88[0;33;5;40;100m;[0;1;30;90;43m8[0;37;43m@[0;1;30;90;43m88[0;33;5;40;100m..[0;37;43m8[0;33;47m8[0;37;5;43;103m8......X[0;33;5;43;103m@[0;37;43m@[0;1;30;90;43m88[0;37;43mX[0;1;33;93;43mS[0;37;43mS[0;1;30;90;43m8888[0;1;33;93;43mX[0;33;5;43;103mt:::::;[0;1;33;93;43m@[0;1;30;90;43m@8[0;1;30;90;42m88[0;1;30;90;43mX8X[0;1;30;90;42m88[0;1;30;90;43m@X[0;1;33;93;43m%[0;33;5;43;103mt;;tttS[0;1;33;93;43m%[0;1;30;90;43m..[0;31;43m8S[0;1;30;90;43m [0;30;41m8[0m
[0;30;41m8[0;33;5;43;103mt;%;:::::t::[0;37;5;43;103m;:::%..[0;37;43m8[0;37;5;43;103m.;%......S.....;:.[0;33;5;43;103mS%[0;37;5;43;103m:%t:[0;33;5;43;103m.:::;;:::::t;;[0;1;30;90;43mX[0;33;5;43;103m;;%;;;;;tSttttt%S%S[0;30;41m8[0m
[0;30;41m8[0;33;5;43;103mt;;::::::[0;1;30;90;43mX[0;33;5;43;103m%:.[0;37;5;43;103m::::.:[0;37;43m@[0;37;5;43;103m........S[0;1;30;90;43m8[0;37;5;43;103m........[0;33;5;43;103mS%[0;37;5;43;103m:::;[0;33;5;43;103m.:::[0;1;33;93;43mX@[0;33;5;43;103m::::;;;;[0;1;30;90;43m@[0;33;5;43;103m;;;;;;;;t[0;32;43m8[0;33;5;43;103mStttt%%%X[0;30;41m8[0m
[0;1;30;90;43m:[0;33;5;43;103m;;;:::::[0;1;30;90;43mSXX[0;33;5;43;103m@:.[0;37;5;43;103m:::::S.......X[0;33;5;40;100m:[0;36;5;40;100m:[0;1;30;90;43m8[0;37;5;43;103m%......%t:::[0;33;5;43;103m.:::[0;1;33;93;43m8[0;1;30;90;43mXS%[0;33;5;43;103m:::;;;;S;;;;;;;;[0;1;30;90;43mX[0;1;30;90;42m@[0;33;42m8[0;1;33;93;43mS[0;33;5;43;103mttt%%%%[0;1;30;90;43m.[0m
[0;32;40m8[0;33;5;43;103m;;;;:::[0;1;33;93;43mt[0;1;30;90;43mSXXX[0;33;5;43;103mS:.[0;37;5;43;103m:t[0;33;5;43;103m;[0;37;5;43;103m::.;....X[0;37;43m8[0;36;5;40;100m:;:[0;37;43m@[0;37;5;43;103m:...S;::;[0;33;5;43;103m:.:::[0;1;33;93;43m8[0;1;30;90;43mSSS%[0;1;33;93;43m@[0;33;5;43;103m:;;;S;;;t;;;;;[0;1;30;90;43mS[0;1;30;90;42m8@8[0;1;30;90;43mX[0;33;5;43;103m@tt%SX%[0;33;5;40;100m8[0m
 [0;33;5;43;103m;%[0;1;30;90;43mtt[0;1;33;93;43m@@[0;33;5;43;103m;[0;1;33;93;43mt[0;1;30;90;43mSXXX[0;33;5;43;103m;@@[0;1;33;93;43mt[0;1;30;90;43m8[0;33;5;43;103m;[0;37;5;43;103m:::[0;1;33;93;43m@[0;33;5;40;100m%[0;37;43m@[0;33;5;43;103m@[0;37;5;43;103mX;[0;33;5;40;100m;[0;36;5;40;100m;t;[0;37;43m@[0;37;5;43;103mS[0;33;5;43;103m@[0;1;33;93;43mX[0;1;30;90;43m88[0;37;5;43;103m:::[0;33;5;43;103m.[0;1;30;90;43m@@[0;1;33;93;43mX@[0;33;5;43;103mtX[0;1;30;90;43mSS%[0;31;43mX[0;33;5;43;103mS@[0;1;33;93;43m@t[0;1;30;90;43mt[0;33;5;43;103m@;;;S[0;33;42m8[0;1;30;90;43mX[0;1;33;93;43m%%[0;33;5;43;103mt[0;1;30;90;43mX[0;1;30;90;42m8@8[0;33;42m8[0;33;5;43;103mS[0;1;33;93;43mtt[0;1;30;90;43mS[0;33;42m8[0;33;5;43;103mX%[0m 
 [0;1;33;93;43m8[0;33;5;43;103m;[0;1;33;93;43mt[0;31;43m@@X[0;1;30;90;43m%%%SSSXX@@[0;1;33;93;43m%[0;33;5;43;103m:[0;37;5;43;103m;::;[0;33;5;40;100m%[0;36;5;40;100m%t[0;33;5;40;100mt[0;1;30;90;43m88[0;36;5;40;100m;%t[0;1;30;90;43m8[0;33;5;40;100mt[0;36;5;40;100mt%[0;33;5;40;100m%[0;33;5;43;103mS[0;37;5;43;103m:[0;33;5;43;103m.::S[0;1;30;90;43m@XXSSSS[0;31;43mX[0;1;30;90;43m%t[0;31;43mX@8[0;1;30;90;43m;[0;33;5;43;103mt;;;;[0;1;30;90;43mX[0;1;30;90;42m8@8[0;33;42m8[0;1;30;90;43mX[0;1;30;90;42m8@8[0;32;43m8[0;1;30;90;42m@@@X[0;1;30;90;43mt[0;33;5;43;103m%[0;1;33;93;43m8[0m 
 [0;1;30;90;43m:[0;33;5;43;103m;t[0;1;30;90;43m;[0;31;43m@@@XX[0;1;30;90;43mSSSSXXX[0;33;5;43;103mS:::.[0;37;5;43;103m;[0;33;5;43;103mS[0;33;5;40;100m%[0;36;5;40;100m%[0;32;5;40;100mS[0;36;5;40;100mttt[0;32;5;40;100mS[0;36;5;40;100mt%%[0;32;5;40;100mS%[0;1;30;90;43m8[0;33;5;43;103m::::::[0;1;33;93;43m%[0;1;30;90;43mXXSS%[0;31;43m@XXX@8@[0;1;33;93;43m%[0;33;5;43;103m;;;;;%[0;32;43m8[0;1;30;90;42m8@888@8@@X@@[0;33;5;43;103m8%[0;1;30;90;43m.[0m 
  [0;33;5;43;103m;;t[0;1;33;93;43m8[0;1;30;90;43m;[0;31;43m@@X@X[0;1;30;90;43mSSSS[0;33;5;43;103m@:::::::%[0;1;33;93;43mS[0;1;30;90;43m8[0;32;5;40;100mSS%XSSS[0;33;5;40;100mS[0;1;30;90;43m8[0;33;5;43;103m%::::::;X[0;1;33;93;43mt[0;1;30;90;43mS[0;31;43m@@@X@@@[0;1;30;90;43m;[0;1;33;93;43m%[0;33;5;43;103mt;;;;;;S[0;1;33;93;43m%[0;1;30;90;43mX[0;1;30;90;42m@@@X@@X@[0;32;43m@[0;1;33;93;43mS[0;33;5;43;103m%%[0;32;40mS[0m 
  [0;1;30;90;43m.[0;33;5;43;103mt[0;1;33;93;43m@[0;1;30;90;43m;[0;31;43m@@@@8@X[0;1;30;90;43m%S[0;1;33;93;43mS[0;33;5;43;103mS::::::%[0;1;30;90;43m8[0;33;5;40;100mX[0;32;5;40;100mSSX@@XSS[0;1;30;90;43m8[0;1;33;93;43m@[0;33;5;43;103mt::::::X[0;1;30;90;43m%%[0;31;43mXX@88@@X[0;1;30;90;43m:[0;33;5;43;103m@t;;;;;%[0;1;33;93;43mt[0;32;43m8[0;1;30;90;42m88@XXX@@[0;33;42m8[0;1;30;90;43mt[0;33;5;43;103m8%[0;1;33;93;43mS[0m  
  [0;32;40mX[0;33;5;43;103m;X[0;1;33;93;43mSt[0;31;43mS[0;1;30;90;43mt[0;1;33;93;43m@[0;1;30;90;43mt[0;1;33;93;43m%[0;1;30;90;43m%%%[0;1;33;93;43mS[0;33;5;43;103mS::::::;@[0;1;30;90;43m88[0;33;5;40;100m@[0;1;30;90;43m8[0;1;33;93;43mS[0;1;30;90;43m88[0;33;5;40;100m@[0;1;30;90;43m88[0;1;33;93;43mS[0;33;5;43;103mt::::::%[0;1;33;93;43m@%[0;1;30;90;43m%t[0;1;33;93;43m%[0;1;30;90;43m;[0;1;33;93;43mS[0;1;30;90;43m;[0;31;43mX[0;1;30;90;43m:[0;1;33;93;43mt[0;33;5;43;103m8;;;;;;t@[0;1;30;90;43mt%[0;1;30;90;42m@[0;1;30;90;43mX[0;1;33;93;43mt[0;1;30;90;43mX%[0;33;42m88[0;1;30;90;43m%;[0;33;5;43;103m8%[0;32;40m8[0m  
   [0;1;30;90;43m.[0;33;5;43;103m;;;;;;[0;1;30;90;43m;[0;33;5;43;103m;;;;:::::X::::::::S[0;1;33;93;43mt[0;33;5;43;103m::::::::;S:::;;;;;[0;1;33;93;43m%[0;33;5;43;103m%;;;;;;;;Xt;ttttttt[0;1;30;90;43mS[0;33;5;43;103m%%%%%%[0;1;30;90;43m [0m   
    [0;33;5;43;103mX;;;;;[0;1;30;90;43m;[0;33;5;43;103m;;;;;;;:t[0;1;30;90;42m8[0;33;5;43;103m%:::::::S[0;1;33;93;43mt[0;33;5;43;103m:::::::;8[0;1;30;90;43mt[0;33;5;43;103m;;;;;;;;[0;1;33;93;43mt[0;33;5;43;103m%;;;;;;;;[0;1;30;90;43mS[0;1;33;93;43mX[0;33;5;43;103mtttttttt[0;1;30;90;43mS[0;33;5;43;103m%%%%%@[0m    
    [0;33;5;40;100m8[0;33;5;43;103m;;;;;t;;;;;;;;[0;1;30;90;42m888[0;33;5;43;103m@;:::::;;::::::;@[0;31;43mS@S[0;33;5;43;103m;;;;;;;t;;;;;;;;[0;1;30;90;43mX[0;1;30;90;42m@8[0;1;30;90;43mS[0;33;5;43;103mtttttt%S%%%%S[0;1;30;90;43m.[0m    
     [0;1;30;90;43m.[0;33;5;43;103m;;;;;;%%;;;t[0;1;30;90;43m8[0;1;30;90;42m888[0;1;30;90;43m8[0;33;5;43;103mt;;;X%;;;St;;;8[0;1;30;90;43mt[0;31;43m@8X[0;1;33;93;43m;[0;33;5;43;103m;;;t@;;;tSt;;;[0;1;30;90;43mX[0;1;30;90;42m8@8[0;33;42m8[0;1;33;93;43mX[0;33;5;43;103mtttX8%%%%%%[0;1;30;90;43m.[0m     
      [0;1;30;90;43m.[0;33;5;43;103m;;;;;X[0;1;30;90;42m8[0;33;42m8[0;1;30;90;43mXS[0;33;5;43;103mt[0;1;30;90;43m@[0;1;30;90;42m888[0;1;30;90;43m@[0;33;5;43;103mX[0;1;30;90;43mX@[0;1;30;90;42m8[0;1;30;90;43m@[0;33;5;43;103m;;;;[0;1;33;93;43m%[0;31;43m8[0;1;30;90;43m;;[0;33;5;43;103m@t[0;31;43mX@8@[0;33;5;43;103m@[0;1;33;93;43m@[0;1;30;90;43m::[0;31;43m@[0;1;33;93;43m8[0;33;5;43;103m;;;t[0;33;42m8[0;1;30;90;42m8[0;1;30;90;43mXX[0;33;5;43;103mS[0;1;33;93;43m%[0;1;30;90;42m8@88[0;33;5;43;103mX[0;1;30;90;43m%%[0;32;43m8[0;1;30;90;42mX[0;33;5;43;103mX%%%%%[0;1;30;90;43m [0m      
       [0;1;30;90;43m.[0;33;5;43;103m;;;;;[0;1;30;90;43mX[0;1;30;90;42m8888[0;1;30;90;43m@[0;1;30;90;42m888[0;32;43m8[0;1;30;90;42m8888[0;1;33;93;43m%[0;33;5;43;103m;;;;t[0;31;43mX88@[0;1;30;90;43m;[0;31;43m%@8@%@88S[0;33;5;43;103mS;;;;[0;1;33;93;43mS[0;1;30;90;42m8@88[0;1;30;90;43mX[0;1;30;90;42m8@8@8@@X[0;1;30;90;43mS[0;33;5;43;103m%%%%%[0;1;30;90;43m [0m       
        [0;1;30;90;43m.[0;33;5;43;103m;;;;%[0;32;43m8[0;1;30;90;42m88888888888[0;33;42m8[0;33;5;43;103mt;;;;;@[0;31;43m@88@@@8@8888[0;1;30;90;43m:[0;33;5;43;103m;;;;;t[0;1;30;90;43mS[0;1;30;90;42m8@@88X@@@X@@[0;1;33;93;43m@[0;33;5;43;103m%%%%[0;1;30;90;43m [0m        
         [0;1;30;90;43m.[0;33;5;43;103mt;;;t[0;1;33;93;43m8[0;1;30;90;43m@[0;1;30;90;42m888@888[0;1;30;90;43m8S[0;33;5;43;103mS;;;;;;;%[0;1;33;93;43mS[0;31;43mS888888@[0;1;30;90;43m:[0;1;33;93;43mX[0;33;5;43;103mt;;ttttt@[0;1;30;90;43mS[0;1;30;90;42m8@@X@XX@[0;1;30;90;43m%[0;1;33;93;43m8[0;33;5;43;103m%%%S[0;1;30;90;43m.[0m         
          [0;1;30;90;43m.[0;33;5;43;103mStS[0;1;30;90;43mS[0;1;30;90;42m8888@X@888[0;1;30;90;43mS[0;33;5;43;103m@;;;;;;@[0;1;30;90;43m:[0;31;43m888888888S[0;1;33;93;43mt[0;33;5;43;103mSttttt%[0;1;30;90;43mt[0;1;30;90;42m@@@@XXXXXX[0;32;43m@[0;1;33;93;43mt[0;33;5;43;103mS%X[0;1;30;90;43m.[0m          
            [0;1;33;93;43m8[0;33;5;43;103mtS[0;1;33;93;43m8%[0;1;30;90;43mX%[0;33;5;43;103mX[0;1;30;90;43mX[0;1;33;93;43m%[0;1;30;90;43mXX[0;1;33;93;43m%[0;33;5;43;103m8t;;;;;;;X8[0;1;33;93;43mt[0;1;30;90;43m.[0;1;33;93;43m@XSt[0;1;30;90;43m:[0;1;33;93;43mt@[0;33;5;43;103mXttttttt%8[0;1;33;93;43mS[0;1;30;90;43mS%[0;1;33;93;43m@[0;1;30;90;43mS[0;1;33;93;43mX[0;1;30;90;43m%S;[0;1;33;93;43mS[0;33;5;43;103mX%[0;1;33;93;43m8[0m            
             [0;1;30;90;43m.[0;33;5;43;103mtttttt[0;1;30;90;43mX[0;33;5;43;103mttttt;;;t[0;1;33;93;43mS[0;33;5;43;103m;;tttttt[0;1;33;93;43m@[0;33;5;43;103m8tttttttt@Xtttt%%%%[0;1;30;90;43m%[0;33;5;43;103m%%%%%S[0;1;30;90;43m [0m             
              [0;32;40m@[0;1;33;93;43m8[0;33;5;43;103mtttt[0;1;30;90;43mS[0;33;5;43;103mttttttt%[0;1;33;93;43mX[0;1;30;90;42m@[0;33;5;43;103mXttttttt[0;1;33;93;43m8[0;33;5;43;103m@tttttttS[0;1;30;90;43m..[0;33;5;43;103mX%%%%%%%[0;1;30;90;43m%[0;33;5;43;103m%%%%[0;1;33;93;43m@[0;32;40m@[0m              
                [0;1;30;90;43m.[0;33;5;43;103m@ttttttttt%@[0;1;30;90;42m8X8[0;33;5;43;103m@ttttttttttttttS[0;1;30;90;43m.[0;31;43m88t[0;33;5;43;103mX%%%%%%%%S@[0;1;30;90;43m [0m                
                  [0;1;30;90;43m.[0;33;5;43;103m%tt88%tt@[0;1;30;90;42m88X8[0;32;43m@[0;33;5;43;103mtttX[0;1;30;90;43mt[0;33;5;43;103m%tt%[0;1;33;93;43m@[0;33;5;43;103m@%%%[0;1;30;90;43m [0;31;43m8888[0;1;33;93;43m%[0;33;5;43;103m%%%8[0;1;33;93;43mX[0;33;5;43;103m%SS[0;1;30;90;43m [0m                  
                    [0;1;30;90;43m [0;33;5;43;103mS[0;1;33;93;43m8[0;1;30;90;42mX@[0;32;43m@[0;1;30;90;43mS[0;33;5;43;103mX[0;1;30;90;43mX[0;1;30;90;42m@X@[0;1;30;90;43mtt[0;32;43m88[0;1;30;90;42mX[0;1;33;93;43mt[0;33;5;43;103m%%%%[0;1;30;90;43m.[0;31;43m8S%[0;1;33;93;43mS[0;33;5;43;103m@[0;31;43m8[0;33;41m8[0;31;43m88[0;33;5;43;103m8[0;1;30;90;43m [0;31;43mt@8[0;33;5;43;103m@X[0;1;30;90;43m [0m                    
                      [0;1;30;90;43m.[0;32;43m8[0;1;30;90;42m@X@@@@X@@@@X@[0;1;33;93;43m8[0;33;5;43;103m%%%%@[0;31;43m@88888[0;33;41m8[0;31;43m8888[0;33;41m88[0;31;43mX[0;1;30;90;43m [0m                      
                        [0;32;40m8[0;1;30;90;42mXXX@@X@@XX@[0;1;30;90;43mS[0;33;5;43;103m%%%%%%[0;1;33;93;43m8[0;31;43m@8[0;33;41m8[0;31;43m88[0;33;41m8[0;31;43m888[0;33;41m88[0;31;40m8[0m                        
                          [0;32;40mS[0;30;42m@[0;1;30;90;42mXXSXXX[0;1;30;90;43mS[0;1;33;93;43mS[0;33;5;43;103mS%%%%%%%@[0;1;30;90;43m [0;31;43m8[0;33;41m88888[0;1;30;90;41m8[0;31;40mX[0m                          
                             [0;32;40m@[0;30;42mX[0;1;30;90;42mXXXX[0;32;43m8[0;1;33;93;43m8[0;33;5;43;103mSSSSSS[0;1;33;93;43m%[0;31;43m8[0;33;41m8888@[0;31;40m8[0m                             
                                [0;32;40m8[0;1;30;90;43m;[0;33;5;43;103m8XSSSSSSSSS@[0;1;30;90;43m [0;30;41m8[0m                                
                                   [0;1;30;90;43m  [0;33;5;43;103mXSSSSS[0;1;33;93;43mS[0;1;30;90;43m [0m                                   
                                      [0;32;40m8[0;1;30;90;43m   [0m                                      
