[0;34;40m ..................:::::::::::::::::::::..........................              [0m
[0;34;40m.......:::::::::::::;;;;;;;;;;;;;;;;;;;:::::::::::::..................          [0m
[0;34;40m.....:::::::::::;;;;;;;;;;;;;;;;;;;;;;;;;;;::::::::::..................         [0m
[0;34;40m....:::::::::;;;;;;;;;[0;1;30;90;40m%%SSSSSSSSSSS%%[0;34;40m;;;;;;;;;:::::::::.................        [0m
[0;34;40m..:::::::::;;;;;;;[0;1;30;90;40m%SSSSSSSSSXXX[0;30;5;40;100m8[0;36;5;40;100m.[0;30;5;40;100mS[0;1;30;90;40mSSSSSS%[0;34;40m;;;;;;;:::::::::................       [0m
[0;34;40m.::::::::;;;;;;[0;1;30;90;40m%SSSSSXXXXXXX8[0;36;5;40;100m [0;1;30;90;47mt:[0;36;5;40;100m  [0;1;30;90;40m@XXXSSSSS%[0;34;40m;;;;;;::::::::...............       [0m
[0;34;40m.:::::::;;;;;[0;1;30;90;40m%SSSSXXXX@@@[0;35;5;40;100m [0;1;30;90;47m8[0;1;37;97;47mX8[0;37;5;47;107m8[0;1;37;97;47mS@X%[0;1;30;90;47m@[0;36;5;40;100m:[0;1;30;90;40m@XXXXSSSS%[0;34;40m;;;;;::::::::...............      [0m
[0;34;40m.:::::;;;;;[0;1;30;90;40m%SSSXXXX@@8[0;36;5;40;100mt [0;1;30;90;47m:8;[0;1;37;97;47m%[0;37;5;47;107m%[0;1;37;97;47m:[0;36;5;40;100m [0;37;5;40;100m%[0;1;37;97;47mt[0;37;5;47;107m;:8[0;36;5;40;100m [0;1;30;90;40m@@@XXXSSSS[0;34;40m;;;;;;:::::::...............     [0m
[0;34;40m.::::;;;;;[0;1;30;90;40m%SSSXXX@@@8[0;37;5;40;100m88[0;35;5;40;100m [0;30;5;40;100m8[0;31;5;40;100m8[0;1;30;90;47m8[0;37;5;47;107m8[0;1;30;90;47m;[0;36;5;40;100m .[0;1;30;90;40m8[0;36;5;40;100m [0;1;30;90;47mt[0;37;5;47;107m%:[0;1;37;97;47m@[0;36;5;40;100m [0;1;30;90;40m8@@@XXXSSS%[0;34;40m;;;;;:::::::..............     [0m
[0;34;40m.:::;;;;;[0;1;30;90;40mSSSXXX@@@888[0;31;5;40;100m88[0;30;5;40;100m8[0;35;5;40;100m%[0;1;30;90;47m%[0;1;37;97;47m%[0;1;30;90;47m%[0;36;5;40;100m [0;30;5;40;100m8888[0;36;5;40;100m [0;1;37;97;47m8[0;37;5;47;107m.[0;1;37;97;47mS[0;30;5;40;100mS[0;1;30;90;40m888@@@XXXSS%[0;34;40m;;;;;::::::...............    [0m
[0;34;40m.::;;;;;[0;1;30;90;40mSSSXX[0;1;30;90;41m@@[0;1;31;91;41m8@S[0;1;30;90;41m88[0;1;31;91;41m@8[0;30;5;40;100m8[0;31;5;40;100mS[0;1;37;97;47m:[0;37;5;40;100m@[0;30;5;40;100m888888@[0;1;30;90;47m%[0;37;5;47;107mS.[0;1;37;97;47mX[0;30;5;40;100mS[0;1;30;90;40m88888@@XX@[0;30;5;40;100m@[0;36;5;40;100mt:.:t[0;30;5;40;100m@[0;1;30;90;40m@[0;34;40m::::::..............    [0m
[0;34;40m.::;;;;[0;1;30;90;40mSSSXX@@8[0;1;31;91;41m@[0;31;5;41;101m@@@@@[0;1;30;90;41m8[0;30;5;40;100m88S@@@@@@[0;36;5;40;100mt[0;37;5;40;100m@[0;37;5;47;107mS [0;1;37;97;47m8[0;36;5;40;100m.[0;30;5;40;100m88[0;1;30;90;40m888[0;30;5;40;100m8[0;36;5;40;100m [0;37;5;40;100m8[0;1;30;90;47mX[0;1;37;97;47m:@88[0;37;5;47;107m8@X@@@[0;1;37;97;47mS[0;1;30;90;47mt@[0;36;5;40;100m t[0;34;40m;:..............   [0m
[0;34;40m.:;;;;[0;1;30;90;40m%SSXX@[0;1;30;90;41m@88[0;31;5;41;101m@@@@X[0;1;30;90;41m8[0;31;5;40;100m8[0;30;5;40;100m@@@XXXXXS[0;37;5;40;100m8[0;37;5;47;107m% [0;1;37;97;47m8[0;1;30;90;47m8[0;30;5;40;100mX88S[0;1;30;90;47m8[0;1;37;97;47m%[0;37;5;47;107m8[0;1;37;97;47mt@888@8888[0;37;5;47;107m8%%8[0;1;37;97;47m8XX8[0;37;5;47;107m8[0;1;30;90;47m%[0;36;5;40;100m:[0;34;40m:............   [0m
[0;34;40m.:;;;;[0;1;30;90;40mSSSX[0;1;30;90;41mX@@8[0;31;5;41;101m@@@@X@[0;31;5;40;100m@[0;30;5;40;100m@@XXXSSS[0;36;5;40;100m%[0;1;30;90;47m:[0;37;5;47;107mt [0;1;37;97;47mS[0;1;30;90;47m;[0;30;5;40;100mS@[0;36;5;40;100m [0;1;30;90;47m.[0;1;37;97;47mSt[0;1;30;90;47m.[0;1;37;97;47m%@8[0;37;5;47;107m88@%;;;;%XXtttS8[0;1;37;97;47m8[0;37;5;47;107m@X[0;1;37;97;47m%[0;36;5;40;100m [0;34;40m;..........   [0m
[0;34;40m.;;;;[0;1;30;90;40m%SS[0;1;30;90;41mX[0;1;31;91;41mS[0;31;5;41;101m88@@@8@[0;1;30;90;41m8[0;1;31;91;41m@[0;31;5;40;100m8[0;30;5;40;100m@@XXSS%[0;36;5;40;100m%t[0;1;37;97;47m%[0;37;5;47;107m; [0;1;37;97;47m8[0;1;30;90;47m.[0;30;5;40;100mS[0;36;5;40;100m:[0;1;37;97;47mt888[0;37;5;47;107m8%SS;:::[0;1;30;90;47m%[0;36;5;40;100m%[0;30;5;40;100m8S[0;36;5;40;100m [0;1;30;90;47m;[0;37;5;47;107m8S[0;36;5;40;100mt[0;34;40m;[0;30;5;40;100m8[0;37;5;40;100m@[0;37;5;47;107m8t%[0;1;37;97;47m8[0;37;5;47;107m8@[0;1;37;97;47m%[0;36;5;40;100m [0;34;40m.........   [0m
[0;34;40m.;;;;[0;1;30;90;40m%[0;31;40m%[0;1;31;91;41m%%[0;1;30;90;41mX@@[0;1;31;91;41mX[0;1;30;90;41m8[0;31;5;40;100m88[0;1;31;91;41m@[0;30;5;40;100m8[0;31;5;40;100m8[0;30;5;40;100m@@XXSS[0;36;5;40;100m%tt[0;1;37;97;47m.[0;37;5;47;107mS X[0;36;5;40;100m   [0;37;5;47;107mtS[0;1;37;97;47m%@[0;37;5;47;107mXSSSX@[0;1;37;97;47m8X@[0;36;5;40;100m [0;1;30;90;40mX[0;30;5;40;100m8[0;36;5;40;100mt[0;30;5;40;100m@[0;1;30;90;40mX[0;34;40m;[0;30;5;40;100m@[0;34;40m;;::;[0;1;30;90;47m8[0;37;5;47;107m%t@8S[0;1;37;97;47m8[0;1;30;90;47mS[0;1;30;90;40m8[0;34;40m........  [0m
[0;34;40m.;;;;[0;1;30;90;40mS[0;31;40m@[0;1;30;90;40mXXX@@888[0;31;5;40;100m8[0;30;5;40;100m888@XXSS[0;36;5;40;100m%tt[0;37;5;40;100m8[0;1;37;97;47m8[0;37;5;47;107m %[0;1;30;90;47m8[0;36;5;40;100m t [0;1;30;90;47m8S[0;1;37;97;47m:%8[0;37;5;47;107m@@%.[0;37;5;40;100m@[0;1;30;90;40m88@@X[0;36;5;40;100m [0;37;5;47;107m8[0;1;37;97;47mX@t[0;1;30;90;47m:[0;36;5;40;100m [0;30;5;40;100m8[0;34;40m::::[0;36;5;40;100m [0;37;5;47;107m%%%S%X[0;1;37;97;47m;[0;36;5;40;100m;[0;34;40m.......  [0m
[0;34;40m.;;;;[0;1;30;90;40mSSSXX@@888[0;30;5;40;100m888@@XXSS[0;36;5;40;100m%t;[0;1;37;97;47m;[0;37;5;47;107mS [0;1;37;97;47mS[0;1;30;90;47mX[0;36;5;40;100mtt%[0;30;5;40;100mSSX[0;36;5;40;100m [0;37;5;47;107mX;.;:[0;1;30;90;47m.[0;30;5;40;100m@[0;1;30;90;40m8@@X8[0;37;5;47;107mX[0;1;37;97;47mS%%%[0;1;30;90;47mX. [0;37;5;40;100m@[0;1;30;90;40m8[0;34;40m::[0;37;5;40;100mS[0;36;5;40;100m t[0;37;5;40;100mS[0;1;37;97;47m8[0;37;5;47;107m%%[0;1;37;97;47m@[0;36;5;40;100m [0;34;40m......  [0m
[0;34;40m.;;;;[0;1;30;90;40mSSSXX@@888[0;30;5;40;100m8888@XXSS[0;36;5;40;100m%t.[0;1;37;97;47mX[0;37;5;47;107m  [0;1;37;97;47m%[0;37;5;40;100m@[0;36;5;40;100mtt[0;30;5;40;100m%SSX@[0;1;30;90;47m;[0;1;37;97;47m8[0;37;5;47;107m..@[0;37;5;40;100m8[0;36;5;40;100m.[0;1;30;90;40m8@@@[0;1;30;90;47m.[0;1;37;97;47m;X[0;37;5;47;107m;[0;1;37;97;47mSX[0;37;5;47;107m@[0;1;37;97;47m.;S8[0;1;30;90;47m.[0;30;5;40;100mS[0;34;40m:...;[0;1;37;97;47m.[0;37;5;47;107m%S[0;1;37;97;47m%[0;36;5;40;100m;[0;34;40m.....  [0m
[0;34;40m.;;;;[0;1;30;90;40m%[0;36;5;40;100m [0;1;30;90;40mSXX@@8888[0;30;5;40;100m888@@XXSS%[0;36;5;40;100m.[0;37;5;47;107m8  8[0;37;5;40;100m8[0;36;5;40;100mt[0;30;5;40;100m%SSXX@[0;1;30;90;47mt[0;37;5;47;107m%8X[0;1;30;90;47m@[0;36;5;40;100mt[0;37;5;40;100m@[0;1;37;97;47m;S[0;36;5;40;100m [0;1;37;97;47mtS[0;37;5;47;107mt[0;1;37;97;47mt[0;37;5;47;107m;t[0;1;37;97;47m%[0;37;5;47;107m8t[0;1;37;97;47m8[0;1;30;90;47m [0;1;37;97;47mS [0;1;30;90;47m8@[0;1;30;90;40m8[0;34;40m...;[0;1;37;97;47m8[0;37;5;47;107mSS[0;1;30;90;47m.[0;1;30;90;40m%[0;34;40m....  [0m
[0;34;40m.;;;;[0;1;30;90;40mS[0;1;30;90;47m%[0;1;30;90;40mSXX@@8888[0;30;5;40;100m8888@@XXSS[0;36;5;40;100m [0;37;5;47;107m8   [0;1;37;97;47m8[0;1;30;90;47m@[0;36;5;40;100mt[0;30;5;40;100mSXX[0;1;30;90;47m8[0;36;5;40;100m [0;1;37;97;47m;[0;37;5;47;107mS[0;1;37;97;47m8[0;37;5;47;107m:SX@88X@;;[0;1;37;97;47m8[0;37;5;47;107mttt[0;1;37;97;47m8[0;37;5;47;107mtt8[0;1;30;90;47m.[0;1;37;97;47m8 :8[0;37;5;40;100mS[0;34;40m...[0;36;5;40;100m [0;37;5;47;107mSS[0;1;37;97;47m@[0;37;5;40;100m%[0;34;40m...   [0m
[0;34;40m.:;;;[0;1;30;90;40m8[0;37;5;47;107m8[0;1;30;90;40mXSXX@@8888[0;30;5;40;100m8888@@XXX[0;36;5;40;100mt[0;37;5;47;107m8;   S[0;1;37;97;47m%[0;37;5;47;107m8[0;1;37;97;47m:[0;37;5;47;107m@::...:::::;;;;;ttX@%ttt%[0;1;37;97;47m;[0;37;5;47;107m@[0;1;30;90;47m.[0;1;37;97;47mS8[0;1;30;90;47m;[0;34;40m:.[0;1;30;90;40m8[0;37;5;47;107mSSS[0;1;30;90;47m:[0;34;40m:..   [0m
[0;34;40m.:;;;[0;30;5;40;100mX[0;37;5;47;107m;[0;36;5;40;100m [0;1;30;90;40mSXXX@@8888[0;30;5;40;100m88888@@@@[0;1;37;97;47m.@[0;37;5;47;107m        ....:::::;t8X@@8[0;1;37;97;47mS[0;37;5;47;107mttX8t@[0;1;30;90;47m [0;1;37;97;47mX[0;37;5;47;107m@%[0;1;30;90;47m.[0;1;37;97;47m@X[0;1;30;90;47m [0;34;40m::[0;30;5;40;100m8[0;36;5;40;100m [0;37;5;47;107m@[0;1;37;97;47m;[0;30;5;40;100m@[0;34;40m..   [0m
[0;34;40m ::;;[0;36;5;40;100m;[0;37;5;47;107mt[0;1;37;97;47mX[0;1;30;90;40mSSXXX@@88888[0;30;5;40;100m888888@[0;37;5;40;100m8[0;1;37;97;47mS[0;37;5;47;107m;    ......:::::;tS;;;;tttttX[0;1;37;97;47m%[0;1;30;90;47m@[0;36;5;40;100m [0;34;40m:[0;37;5;40;100mX[0;37;5;47;107m%%[0;1;30;90;47m;[0;1;37;97;47mX8[0;1;30;90;47m@[0;34;40m...[0;36;5;40;100m [0;1;37;97;47mt[0;36;5;40;100m [0;34;40m..   [0m
 [0;34;40m:::;[0;36;5;40;100m [0;37;5;47;107mt%[0;37;5;40;100mX[0;1;30;90;40mSSXXX@@888888[0;30;5;40;100m888888[0;1;30;90;47m%[0;1;37;97;47m8[0;37;5;47;107m;.......:::::;%;;;;;;tttttt%[0;1;37;97;47mX%[0;1;30;90;47mX[0;30;5;40;100mX[0;34;40m.[0;1;30;90;47mS[0;37;5;47;107m%@[0;1;37;97;47m;:X[0;30;5;40;100mS[0;34;40m..[0;1;30;90;40mX[0;1;37;97;47mX[0;36;5;40;100m [0;34;40m.   [0m 
 [0;34;40m.::;[0;36;5;40;100m [0;37;5;47;107m8[0;1;37;97;47mS[0;1;30;90;47mX[0;1;30;90;40m%SSSXX@@@88888[0;35;5;40;100m;[0;31;5;40;100mX[0;37;5;40;100mX[0;30;5;40;100mS88[0;36;5;40;100m [0;37;5;47;107m@8t..:::::::;;[0;1;37;97;47mS[0;37;5;47;107m;;;;;ttttttt[0;1;37;97;47m8[0;37;5;47;107m%t[0;1;37;97;47m@:[0;1;30;90;40mS[0;30;5;40;100m@[0;37;5;47;107m%%@8[0;1;30;90;47m%t[0;34;40m...[0;1;37;97;47m@[0;30;5;40;100mS[0;34;40m.   [0m 
 [0;34;40m.:::;[0;36;5;40;100m.[0;1;37;97;47mt@[0;37;5;40;100mS[0;1;30;90;40m%SSSXXX@@@[0;31;5;40;100m8[0;1;30;90;41m8[0;1;30;90;47m8[0;37;5;47;107m:@X[0;1;37;97;47m@[0;30;5;40;100mX[0;1;30;90;40m88[0;30;5;40;100m@[0;36;5;40;100m;[0;1;30;90;47m;[0;1;37;97;47m8[0;37;5;47;107m888S::;;;;8;;;tttttttt[0;1;37;97;47m88[0;37;5;47;107mttt[0;36;5;40;100m [0;34;40m;:[0;1;30;90;40mX8[0;1;37;97;47mt[0;37;5;47;107mS[0;1;37;97;47mt:[0;34;40m;..[0;37;5;47;107m8[0;34;40m;    [0m 
  [0;34;40m::::[0;36;5;40;100m [0;1;30;90;47mX:[0;1;37;97;47m:[0;30;5;40;100m8[0;34;40m;[0;1;30;90;40m%SSSXXXX[0;31;40m8[0;1;30;90;47mX[0;37;5;47;107mSXX88[0;1;37;97;47m8[0;36;5;40;100m [0;1;30;90;40m88888[0;30;5;40;100m8[0;37;5;40;100m8[0;36;5;40;100m [0;37;5;40;100mS[0;37;5;47;107m8[0;1;37;97;47m8[0;37;5;47;107mX8@8[0;1;37;97;47m:%[0;37;5;47;107m;tttttttt[0;1;37;97;47m88[0;37;5;47;107m8tt%[0;1;37;97;47m8%[0;34;40m;..[0;36;5;40;100mt[0;37;5;47;107mS8[0;1;37;97;47m.[0;30;5;40;100mX[0;34;40m.[0;1;30;90;40m8[0;1;37;97;47mt[0;34;40m.    [0m 
  [0;34;40m.::::[0;1;30;90;47m@[0;1;37;97;47m:t[0;1;30;90;47m8[0;1;30;90;40mX[0;34;40m;;[0;1;30;90;40mSSSSXX[0;1;30;90;41mX[0;31;5;40;100mX[0;1;30;90;47mXS:[0;1;37;97;47mX[0;37;5;47;107m8t;[0;1;37;97;47mt[0;36;5;40;100m [0;1;30;90;40m8@@@XX@[0;1;30;90;47m:[0;37;5;47;107m;;;;t[0;30;5;40;100m@[0;36;5;40;100mt[0;37;5;47;107m%ttttttt[0;1;30;90;47m8[0;30;5;40;100mX[0;1;37;97;47m8[0;37;5;47;107mtt%%X[0;36;5;40;100m  [0;34;40m..[0;36;5;40;100m:[0;37;5;47;107mS@[0;1;37;97;47m [0;36;5;40;100m;[0;34;40m.[0;36;5;40;100m  [0;34;40m    [0m  
  [0;34;40m ::::[0;30;5;40;100mX[0;36;5;40;100m [0;1;30;90;47m [0;1;37;97;47m8[0;1;30;90;47mS[0;1;30;90;40m8[0;34;40m;;;[0;1;30;90;40m%SSSSSXXXX8[0;1;30;90;47mS[0;37;5;47;107m;8%S[0;1;37;97;47m:[0;1;30;90;47mX[0;37;5;40;100mX[0;36;5;40;100m    [0;37;5;40;100m8[0;37;5;47;107m8%;@[0;34;40m;;[0;36;5;40;100m [0;37;5;47;107mStttttt[0;1;30;90;40m@[0;34;40m:[0;36;5;40;100m [0;37;5;47;107mX%%%%[0;1;37;97;47m:[0;1;30;90;40mS[0;34;40m.:[0;1;37;97;47mt[0;37;5;47;107mS[0;1;37;97;47m@8[0;30;5;40;100mX[0;34;40m.[0;1;30;90;47m;[0;34;40m:    [0m  
   [0;34;40m.::::[0;36;5;40;100m;[0;37;5;47;107m@[0;1;37;97;47m.[0;1;30;90;47m.[0;36;5;40;100mt[0;34;40m;;;;;;[0;1;30;90;40m%SSSSSSSS[0;1;37;97;47mt[0;37;5;47;107m%[0;30;5;40;100m@[0;36;5;40;100m [0;1;30;90;47m%[0;1;37;97;47mS[0;37;5;47;107m%;;;;%Xttt[0;1;30;90;40mX[0;34;40m;;[0;1;30;90;40m8[0;1;30;90;47m;[0;37;5;47;107mStttt[0;1;30;90;47m8[0;34;40m::[0;1;37;97;47m.[0;37;5;47;107m%%%%[0;1;37;97;47m.[0;36;5;40;100m.[0;34;40m:[0;1;30;90;47m:[0;37;5;47;107mSS[0;1;37;97;47m8[0;37;5;47;107m8[0;34;40m;[0;36;5;40;100m .[0;34;40m    [0m   
    [0;34;40m.::::[0;30;5;40;100mX[0;1;37;97;47m8 [0;37;5;47;107m@[0;1;30;90;47mS[0;1;30;90;40mS[0;34;40m;;;;;;;;;[0;1;30;90;40m%%%S[0;36;5;40;100m:[0;37;5;40;100mt[0;31;5;40;100mS[0;1;30;90;40mS%%S[0;30;5;40;100m8[0;36;5;40;100m:  [0;37;5;40;100mSXSXt[0;34;40m;::::;[0;1;30;90;47m%[0;37;5;47;107m%tt@[0;37;5;40;100m8[0;34;40m.[0;36;5;40;100m [0;37;5;47;107mX%%8[0;37;5;40;100mX[0;1;30;90;40m@[0;34;40m.:[0;37;5;40;100m8[0;37;5;47;107mSX[0;1;30;90;47m;[0;34;40m:[0;1;30;90;47m8[0;34;40m    [0m    
    [0;34;40m .::::[0;1;30;90;47m%[0;1;37;97;47m..[0;1;30;90;47mt[0;36;5;40;100m [0;1;30;90;40mX[0;34;40m:;;;[0;1;30;90;40mS[0;36;5;40;100m%[0;30;5;40;100m8[0;34;40m;;;;;[0;31;40m%[0;30;41m8[0;31;40m;[0;34;40m;;;;;;;;;;;[0;30;41m8[0;31;40mX[0;34;40m:::::[0;36;5;40;100m [0;37;5;47;107m8tt%[0;1;37;97;47m.[0;1;30;90;41m8[0;31;40m8[0;36;5;40;100m%[0;37;5;47;107mS%%[0;1;37;97;47mX[0;1;30;90;47m@[0;34;40m...[0;1;30;90;40mX[0;37;5;47;107mX[0;1;37;97;47m@[0;36;5;40;100m%:[0;34;40m;    [0m    
     [0;34;40m...::;[0;1;30;90;40m8[0;1;30;90;47m .:[0;36;5;40;100m [0;1;30;90;40mS[0;34;40m:[0;1;30;90;40m8[0;37;5;40;100m@[0;1;30;90;47m8[0;37;5;47;107mXt8[0;1;37;97;47m8[0;1;30;90;47mS[0;1;30;90;40m8[0;34;40m;;;;;;;[0;31;40mS[0;30;41mX[0;35;5;40;100mt[0;1;30;90;40m8[0;34;40m::::::::[0;1;30;90;40m%[0;36;5;40;100m [0;1;37;97;47mX[0;37;5;47;107mttS[0;1;30;90;47m:[0;30;5;40;100mS[0;34;40m.[0;31;40m%t[0;36;5;40;100m [0;37;5;47;107m%%X[0;36;5;40;100m [0;30;5;40;100m8[0;34;40m..:[0;1;30;90;47m.[0;37;5;47;107m8[0;1;30;90;47m8[0;34;40m .    [0m     
      [0;34;40m....::[0;37;5;40;100m%[0;1;30;90;47m%[0;1;37;97;47m;X[0;1;30;90;47m;[0;1;30;90;40m%[0;36;5;40;100m.[0;1;30;90;47m:[0;37;5;47;107m%[0;1;30;90;47m@[0;36;5;40;100m: [0;1;30;90;47mt[0;37;5;47;107m8[0;1;30;90;47m.[0;36;5;40;100mt[0;34;40m::::::[0;31;40mX[0;35;5;40;100m [0;1;37;97;47m%[0;37;5;47;107m8[0;1;37;97;47m:[0;36;5;40;100m [0;30;5;40;100mX[0;1;30;90;40m@X[0;30;5;40;100mS[0;36;5;40;100m [0;1;30;90;47m:[0;37;5;47;107mXtX[0;1;37;97;47m.[0;36;5;40;100m [0;1;30;90;40mX[0;34;40m....[0;1;30;90;40mX[0;1;37;97;47mS[0;37;5;47;107mSS[0;1;37;97;47mX[0;36;5;40;100m;[0;34;40m..[0;36;5;40;100m;[0;1;37;97;47mX[0;37;5;47;107m@[0;1;30;90;47m:[0;34;40m;     [0m      
       [0;34;40m......:[0;37;5;40;100m8[0;1;37;97;47m@@[0;36;5;40;100m [0;37;5;40;100m8[0;37;5;47;107m%[0;1;30;90;47mS[0;34;40m:::;[0;37;5;47;107m8[0;1;37;97;47mX[0;36;5;40;100m [0;34;40m:::::[0;31;40mX[0;1;30;90;41m;[0;1;37;97;47m;[0;37;5;47;107m88[0;1;37;97;47mX8[0;37;5;47;107m%%t8[0;1;37;97;47m.[0;1;30;90;47mS[0;36;5;40;100m [0;30;5;40;100mX[0;34;40m:......:[0;1;30;90;47m;[0;37;5;47;107mSS[0;1;30;90;47mt[0;30;5;40;100mS[0;34;40m;[0;36;5;40;100m [0;1;37;97;47m;[0;37;5;47;107mX8[0;1;30;90;47m.[0;1;30;90;40m8[0;34;40m     [0m       
        [0;34;40m.......[0;36;5;40;100m [0;37;5;40;100m@[0;1;37;97;47m;:t[0;37;5;40;100m8[0;30;5;40;100m8[0;1;30;90;40mS[0;30;5;40;100m8[0;1;30;90;47mX[0;37;5;47;107m@[0;1;37;97;47mt[0;1;30;90;47m%[0;34;40m:::::[0;31;40m;t[0;1;30;90;47m.[0;37;5;47;107mt[0;1;37;97;47m@[0;1;30;90;47m@[0;37;5;40;100m8[0;1;30;90;47mX[0;1;37;97;47mt[0;37;5;47;107m@[0;1;30;90;47mX[0;34;40m..........[0;1;30;90;40mX[0;1;30;90;47m [0;37;5;47;107mSX[0;1;37;97;47m@[0;36;5;40;100m [0;34;40m..[0;37;5;40;100mX[0;37;5;47;107mX[0;1;37;97;47m8[0;1;30;90;47mt[0;1;30;90;40m@[0;34;40m     [0m        
         [0;34;40m........[0;30;5;40;100m8[0;1;30;90;47m;8[0;1;37;97;47m;SX8@@[0;36;5;40;100m [0;34;40m:::::::[0;30;41m@[0;1;30;90;41m%[0;36;5;40;100m:[0;34;40m:....[0;36;5;40;100m [0;37;5;47;107m%[0;37;5;40;100mS[0;34;40m.......;[0;37;5;40;100mS[0;37;5;47;107m@S[0;1;37;97;47m8[0;36;5;40;100mt.[0;34;40m...[0;1;30;90;47m;[0;1;37;97;47m;[0;36;5;40;100m [0;34;40m.     [0m         
          [0;34;40m ........[0;30;5;40;100m@[0;1;30;90;47m8[0;1;37;97;47mtt[0;1;30;90;47m8[0;36;5;40;100m;[0;1;30;90;40mS[0;34;40m........[0;31;40m:;[0;34;40m.......[0;1;30;90;41m@[0;30;41mt[0;34;40m.....[0;1;30;90;40m8[0;37;5;40;100mS[0;1;37;97;47m@[0;37;5;47;107mS@[0;1;37;97;47mX[0;1;30;90;47m8[0;34;40m...[0;30;5;40;100m8[0;1;30;90;47m%8[0;1;30;90;40m8[0;34;40m      [0m          
            [0;34;40m.........:[0;37;5;40;100mS[0;1;37;97;47m@8 [0;37;5;40;100m8[0;30;5;40;100m@[0;34;40m:..............[0;31;40m;[0;34;40m...[0;1;30;90;40m%[0;36;5;40;100mt[0;1;30;90;47m:[0;37;5;47;107m@S8[0;1;30;90;47m;[0;36;5;40;100m .[0;34;40m..[0;30;5;40;100m8[0;1;30;90;47mS8[0;30;5;40;100m8[0;34;40m      [0m            
             [0;34;40m..........[0;1;30;90;40mS8[0;37;5;40;100m8[0;1;37;97;47m8[0;37;5;47;107m8[0;1;37;97;47m@ [0;36;5;40;100m [0;30;5;40;100mX[0;1;30;90;40m8[0;34;40m:.........;[0;30;5;40;100mX[0;36;5;40;100m [0;1;30;90;47m.[0;1;37;97;47m8[0;37;5;47;107mSS[0;1;37;97;47m%X[0;1;30;90;47m:[0;1;30;90;40m8[0;34;40m.;[0;36;5;40;100m [0;1;30;90;47mX[0;36;5;40;100m [0;1;30;90;40mS[0;34;40m       [0m             
              [0;34;40m ...........[0;1;30;90;40m@[0;30;5;40;100m8[0;36;5;40;100m:[0;1;37;97;47m;8t8[0;37;5;47;107m88[0;1;37;97;47mtt;.;%t8[0;37;5;47;107mXXS8[0;1;37;97;47m8:[0;1;30;90;40m8[0;36;5;40;100mt[0;30;5;40;100m@[0;1;30;90;40mX[0;36;5;40;100m [0;1;30;90;47m8[0;37;5;40;100m8[0;30;5;40;100m@[0;34;40m.        [0m              
                [0;34;40m .............;.[0;30;5;40;100mX[0;37;5;40;100m8X[0;36;5;40;100m.[0;1;30;90;47mX[0;1;37;97;47mX[0;37;5;47;107m8[0;1;30;90;47m.X[0;1;37;97;47mX8%[0;1;30;90;47m8[0;30;5;40;100m8[0;37;5;40;100m%[0;36;5;40;100mt[0;34;40m..[0;30;5;40;100m8[0;36;5;40;100m  [0;1;30;90;40m8[0;34;40m          [0m                
                  [0;34;40m .................[0;1;30;90;40mS8S[0;34;40m.[0;1;30;90;40m88[0;34;40m;......             [0m                  
                    [0;34;40m ........................               [0m                    
                      [0;34;40m ................                   [0m                      
                        [0;34;40m                                [0m                        
                          [0;34;40m                            [0m                          
                             [0;34;40m                      [0m                             
                                [0;34;40m                [0m                                
                                   [0;34;40m          [0m                                   
                                      [0;34;40m    [0m                                      
