[0;34;40m ..................:::::::::::::[0;31;40m;[0;33;41m8[0;31;43m888888[0;1;30;90;44m%[0;1;30;90;43m8[0;31;43m%%%SSSSSSSSS[0;1;30;90;43mX[0;1;30;90;44m%t[0;1;30;90;43m@[0;31;43mSSSSSSSSXXXX8[0;1;30;90;44mSt[0;31;43m8XXXXX[0;33;41mX[0m
[0;34;40m.......:::::::::::::;;;;;[0;31;40m;[0;1;30;90;40m@88[0;34;40m;;[0;1;30;90;41m8[0;1;31;91;43m88888888[0;34;5;44;104m8[0;1;34;94;44m8[0;35;5;40;100mt[0;1;33;93;43m.........[0;1;31;91;43m8[0;35;5;40;100mt[0;1;34;94;44m8888[0;35;5;40;100m%[0;1;31;91;43m8888888888[0;35;5;40;100m%[0;1;34;94;44m@88X[0;35;5;40;100mS[0;1;31;91;43m8888[0;33;41m8[0m
[0;34;40m.....:::::::::::;;;;;;;[0;1;30;90;40mX8[0;1;30;90;43m%%[0;30;5;40;100mX[0;1;30;90;43m%[0;31;40m@[0;31;43m@[0;1;31;91;43m888888888[0;34;5;44;104m888[0;1;34;94;44m@[0;1;33;93;43m.:......[0;35;44m@[0;1;34;94;44m888888S[0;1;31;91;43m8[0;1;33;93;43m.[0;1;31;91;43m888888[0;35;44mS[0;1;34;94;44m88888@%[0;1;31;91;43m888[0;33;41m8[0m
[0;34;40m....:::::::::;;;;[0;1;30;90;40m8@S[0;34;40m;;[0;1;30;90;40m%%S[0;1;30;90;43mS%[0;30;5;40;100mX[0;1;30;90;43mS[0;1;31;91;43m8888888888[0;31;43m@[0;34;5;44;104m8888[0;1;33;93;43m.:::....[0;1;34;94;44m8[0;34;5;44;104m88[0;1;34;94;44m88888[0;1;31;91;43m8[0;1;33;93;43m..[0;1;31;91;43m88888[0;1;34;94;44m@888888@[0;1;31;91;43m888[0;33;41m8[0m
[0;34;40m..:::::::::;;;;[0;31;40mt[0;33;5;40;100m8[0;1;30;90;43m%SS[0;1;30;90;40mSSSS[0;30;5;40;100mX[0;1;30;90;43mSS[0;1;31;91;43m88888888888[0;1;30;90;41m8[0;1;30;90;40mS[0;34;5;44;104m8888[0;1;33;93;43m::::::..[0;1;34;94;44m8[0;34;5;44;104m8888[0;1;34;94;44m888[0;1;33;93;43m....[0;1;31;91;43m8888[0;1;34;94;44m@8888888[0;1;31;91;43m888[0;33;41m8[0m
[0;34;40m.::::::::;;;;[0;31;40mt[0;1;30;90;40m8[0;30;5;40;100mXX[0;1;30;90;43m%SX[0;1;30;90;40mX[0;1;30;90;43mX[0;30;5;40;100mX@[0;33;5;40;100m8[0;1;31;91;43m88888888888[0;1;30;90;43mX[0;1;30;90;40mXSS[0;34;5;44;104m8888[0;1;33;93;43m::::::::[0;1;34;94;44m8[0;34;5;44;104m88888[0;1;34;94;44m88[0;1;33;93;43m.....[0;1;31;91;43m888[0;1;34;94;44m88888888[0;1;31;91;43m888[0;33;41m8[0m
[0;34;40m.:::::::;;;;[0;30;5;40;100m@[0;1;33;93;43m@[0;33;5;43;103m%%X;;@8[0;1;30;90;43mXX@[0;1;31;91;43m8888888888[0;1;30;90;43m@[0;1;30;90;40m8XXXX[0;34;5;44;104m8888[0;33;5;40;100m [0;1;33;93;43m::::::[0;33;5;40;100m;[0;34;5;44;104m8888888[0;1;34;94;44m8[0;33;5;40;100m.[0;1;33;93;43m.....[0;1;31;91;43m8[0;33;5;40;100mt[0;1;34;94;44m88888888[0;35;5;40;100mt[0;1;31;91;43m88[0;31;43m8[0m
[0;34;40m.:::::;;;;;[0;1;30;90;40m%S[0;33;5;40;100m8[0;1;30;90;40m8[0;33;5;40;100m8[0;1;33;93;43m@[0;33;5;43;103m%:S[0;1;30;90;43m@@[0;1;31;91;43m8888888888[0;1;30;90;43m8[0;31;5;40;100m@[0;1;30;90;40m8@@@@@[0;34;5;44;104m88888[0;1;30;90;45m8[0;1;30;90;43m8[0;1;33;93;43m::[0;1;30;90;43m8[0;1;30;90;45m8[0;34;5;44;104m888888888[0;1;34;94;44m8[0;35;44m8[0;1;30;90;43m8[0;1;33;93;43m..[0;1;30;90;43m8[0;35;44m8[0;1;34;94;44m8888888888[0;35;44m@[0;1;30;90;43m8[0;31;43m8[0m
[0;34;40m.::::;;;;;[0;1;30;90;40m%SSX[0;1;30;90;43mX[0;33;5;43;103m8:::[0;1;30;90;43m@8[0;1;31;91;43m8888888888[0;33;5;40;100m8[0;1;30;90;40m8888888@[0;35;5;40;100m%%%%SSS[0;33;5;40;100m  [0;35;5;40;100mX@@@@888888888[0;33;5;40;100m::[0;35;5;40;100m88888888888888[0;31;5;40;100m8[0m
[0;34;40m.:::;;;;;[0;1;30;90;40mSSSX[0;1;30;90;43mX[0;33;5;43;103m:::t[0;1;33;93;43m;[0;1;31;91;43m8888888888[0;1;30;90;43m8[0;30;5;40;100m@888[0;1;30;90;40m888888[0;33;5;43;103m:::::;[0;33;5;40;100m [0;1;34;94;44m88[0;35;5;40;100m [0;1;33;93;43m::::::......[0;33;5;40;100m.[0;1;34;94;44m@@[0;35;5;40;100m:[0;1;31;91;43m8[0;1;33;93;43m.[0;1;31;91;43m8888888888[0;35;5;40;100m;[0;30;44mX[0m
[0;34;40m.::;;;;;[0;1;30;90;40mSS[0;1;30;90;43mXX[0;30;5;40;100m@[0;33;5;43;103m::;[0;1;33;93;43mS[0;1;31;91;43m888888[0;1;33;93;43m....[0;1;30;90;43m8[0;33;5;40;100m@[0;30;5;40;100m88888888[0;1;30;90;40m888[0;33;5;43;103m::::[0;1;30;90;43m8[0;1;30;90;45m8[0;34;5;44;104m8888[0;35;44m8[0;1;30;90;43m8[0;1;33;93;43m:::::...[0;1;30;90;43m8[0;35;44m8[0;1;34;94;44m8888[0;35;44mX[0;1;30;90;43m8[0;1;31;91;43m88888888[0;1;30;90;43m8[0;35;44m@[0;1;34;94;44m8[0;30;44m%[0m
[0;34;40m.::;;;;[0;1;30;90;40mSS[0;33;5;40;100m8[0;1;30;90;43mSX[0;33;5;43;103m@;[0;1;33;93;43mS[0;1;31;91;43m888888[0;1;33;93;43m....[0;37;43mS[0;33;5;40;100m@[0;30;5;40;100m@@@@@@@88888[0;1;30;90;40m8[0;33;5;43;103m::::[0;34;5;44;104m88888888[0;1;33;93;43m.:::::..[0;1;34;94;44m8[0;34;5;44;104m88[0;1;34;94;44m88888[0;1;31;91;43m88888888[0;1;34;94;44mX88[0;30;44m%[0m
[0;34;40m.:;;;;[0;1;30;90;40m%S[0;33;5;40;100m8[0;33;5;43;103mX[0;1;30;90;40m88[0;1;33;93;43mX[0;1;30;90;43m@[0;1;31;91;43m88888[0;1;33;93;43m.....[0;1;30;90;43m8[0;31;5;40;100mX[0;30;5;40;100mXXXXXXX@@@8888[0;33;5;43;103m..::[0;34;5;44;104m88888888[0;1;33;93;43m.:::::..[0;1;34;94;44m8[0;34;5;44;104m88[0;1;34;94;44m88888[0;1;31;91;43m8[0;1;33;93;43m.[0;1;31;91;43m888888[0;1;34;94;44mX88[0;30;44m%[0m
[0;34;40m.:;;;;[0;1;30;90;40mSS[0;1;33;93;43mX[0;33;5;40;100m8[0;1;30;90;40m@[0;1;30;90;43m@[0;1;31;91;43m888888[0;1;33;93;43m....;[0;37;5;43;103mXX[0;37;43mX[0;33;5;40;100mS[0;30;5;40;100mSSSSSSXXX@@88[0;33;5;43;103m...:[0;34;5;44;104m8@888888[0;1;33;93;43m.::::::.[0;1;34;94;44m8[0;34;5;44;104m888[0;1;34;94;44m8888[0;1;31;91;43m8[0;1;33;93;43m.[0;1;31;91;43m888888[0;1;34;94;44mX88[0;30;44m%[0m
[0;34;40m.;;;;[0;1;30;90;40m%SX[0;33;5;40;100m8[0;31;5;40;100m@[0;1;31;91;43m8888888[0;1;33;93;43m....[0;37;43mX[0;37;5;43;103mXXXX@[0;1;30;90;43m8[0;33;5;40;100m%[0;36;5;40;100mt%%[0;30;5;40;100mSSSXX@@8[0;33;5;43;103m...:[0;34;5;44;104m8@@88888[0;1;33;93;43m:::::::.[0;1;34;94;44m8[0;34;5;44;104m888[0;1;34;94;44m8888[0;1;31;91;43m8[0;1;33;93;43m.[0;1;31;91;43m888888[0;1;34;94;44mX88[0;30;44m%[0m
[0;34;40m.;;;;[0;1;30;90;40m%S8[0;31;43mX[0;1;31;91;43m88888888[0;1;33;93;43m..[0;1;30;90;43m88[0;37;5;43;103mXXXXX@8[0;33;47m8[0;33;5;40;100mt[0;36;5;40;100mttt%[0;30;5;40;100mSSXX@@[0;33;5;43;103m..[0;37;43m@[0;35;5;40;100m;[0;34;5;44;104m@@@88888[0;35;5;40;100mX[0;1;30;90;43m8[0;1;33;93;43m::::[0;1;31;91;43m8[0;35;5;40;100m8[0;34;5;44;104m8888[0;1;34;94;44m8888[0;35;5;40;100m8[0;1;30;90;43m@[0;1;33;93;43m.[0;1;31;91;43m8888[0;35;5;40;100m8[0;1;34;94;44m888[0;30;44m%[0m
[0;34;40m.;;;;[0;1;30;90;40mS[0;31;43m8[0;1;31;91;43m8888888888[0;1;30;90;43m8[0;31;5;40;100mS[0;30;5;40;100m@X[0;37;43mX[0;37;5;43;103mXXX@@[0;33;5;40;100mt;;[0;36;5;40;100m;;tt[0;30;5;40;100m%SSX@@[0;33;5;43;103m:[0;37;5;40;100m8[0;34;5;44;104m@@@@@8888888[0;35;5;40;100m;[0;1;33;93;43m..[0;35;5;40;100m;[0;1;34;94;44m8[0;34;5;44;104m88888[0;1;34;94;44m888888[0;35;5;40;100mX[0;1;31;91;43m88[0;35;5;40;100mS[0;1;34;94;44m88888[0;30;44m%[0m
[0;34;40m.;;[0;31;40m;[0;1;30;90;41m8[0;1;31;91;43m88888888888[0;33;5;40;100m8[0;30;5;40;100m8@@X[0;1;30;90;43m8[0;37;5;43;103mXX@@X8[0;33;5;40;100m;:[0;36;5;40;100m:;tt%[0;30;5;40;100mSSXX@[0;37;5;40;100m8[0;1;30;90;47m8888[0;37;5;40;100mSSS%[0;33;5;40;100m   ...[0;35;5;40;100m%S[0;33;5;40;100m::;;;;;;;;;;tt[0;35;5;40;100mX@[0;33;5;40;100mttt%%%[0;31;5;40;100m8[0m
[0;34;40m.;[0;31;40m@[0;31;43mX[0;1;31;91;43m8888888888[0;33;5;40;100m8[0;30;5;40;100m8888@XX[0;37;43m@[0;37;5;43;103m@[0;1;30;90;43m8[0;33;5;40;100mt[0;1;30;90;43m8[0;33;47m88[0;37;5;43;103m8[0;1;33;93;47m8[0;36;5;40;100m;tt[0;30;5;40;100m%SSX@@[0;34;5;44;104mX[0;35;5;40;100mt[0;33;47m8[0;33;5;43;103m.:::::::;[0;1;33;93;43m;[0;1;30;90;43m8[0;35;5;40;100m8[0;34;5;44;104m88[0;1;30;90;45m8[0;1;30;90;43m8[0;1;33;93;43m..........[0;1;30;90;43m8[0;35;5;40;100m8[0;1;34;94;44m88[0;35;44m8[0;1;30;90;43m8[0;1;31;91;43m8888[0;31;43m8[0m
[0;31;40m;[0;31;43m8[0;1;31;91;43m8888888888[0;1;30;90;43m8[0;30;5;40;100m8[0;1;30;90;40m88[0;30;5;40;100m888@@X[0;33;5;40;100mX[0;37;5;43;103mX[0;33;5;43;103m8[0;33;5;40;100m%[0;36;5;40;100mttt[0;33;5;40;100m%[0;37;5;43;103m@[0;36;5;40;100mtt[0;30;5;40;100m%SSXX@@[0;34;5;44;104mXX@[0;35;5;40;100m [0;33;5;43;103m::::::;;[0;35;5;40;100m;[0;34;5;44;104m888888[0;35;5;40;100mS[0;1;33;93;43m........[0;35;5;40;100mX[0;1;34;94;44m888888[0;35;5;40;100m@[0;1;31;91;43m888[0;31;43m8[0m
[0;33;41m8[0;1;31;91;43m888888888[0;1;30;90;43m@[0;31;5;40;100m@[0;1;30;90;40m8888[0;30;5;40;100m88S[0;1;30;90;43m8888[0;33;5;40;100mXS[0;30;5;40;100mSS%%%[0;37;5;43;103m@[0;33;5;40;100m%[0;30;5;40;100mSSSXX@@8[0;34;5;44;104mXX@@[0;33;5;43;103m::::::;[0;1;33;93;43m;[0;1;34;94;44m8[0;34;5;44;104m8888888[0;1;33;93;43m........[0;1;34;94;44m88888888[0;1;31;91;43m888[0;31;43m8[0m
[0;33;41m@[0;1;31;91;43m88888888[0;31;5;40;100m8[0;1;30;90;40m@@@8888[0;1;30;90;43m8[0;33;5;43;103m@[0;1;30;90;43m8[0;33;5;40;100m@[0;30;5;40;100m@@XXXXS[0;33;5;40;100mS[0;37;43m@@[0;33;5;40;100mS[0;30;5;40;100mXXX@@@88[0;34;5;44;104mX@@@[0;33;5;43;103m:::::;;[0;1;33;93;43m;[0;1;34;94;44m8[0;34;5;44;104m8888888[0;1;33;93;43m........[0;1;34;94;44m88888888[0;1;31;91;43m888[0;33;41m8[0m
[0;1;30;90;41m8[0;1;31;91;43m888888[0;31;43m8[0;1;30;90;40m@XXX@@888[0;30;5;40;100m@88888@@@@X[0;1;30;90;43m8[0;33;5;40;100mX[0;30;5;40;100mXX@@@@8888[0;34;5;44;104m@@@@[0;33;5;43;103m;::::;[0;1;33;93;43m;:[0;1;34;94;44m8[0;34;5;44;104m8888888[0;1;33;93;43m........[0;1;34;94;44m88888888[0;1;31;91;43m888[0;33;41m@[0m
[0;31;40m@[0;1;31;91;43m888[0;35;5;40;100m:;[0;34;5;40;100mS[0;30;44mX[0;1;30;90;44mSSXX[0;31;5;40;100mX[0;33;5;40;100m888888S[0;34;5;40;100m8888888@[0;33;5;40;100mt@@@888S[0;34;5;40;100m8888[0;34;5;44;104m@@@@[0;37;43mS[0;33;5;43;103m:::;[0;1;33;93;43m;:.[0;1;34;94;44m8[0;34;5;44;104m8888888[0;1;31;91;43m8[0;1;33;93;43m......[0;1;31;91;43m8[0;1;34;94;44m88888888[0;1;30;90;43m@[0;1;31;91;43m88[0;30;41m8[0m
 [0;1;33;93;43m.[0;35;5;40;100m.[0;1;34;94;44m8[0;34;5;44;104m888888888[0;35;5;40;100m [0;1;33;93;43m;[0;33;5;43;103m:::[0;37;5;40;100mX[0;34;5;44;104m8@@@@XXXX8[0;1;30;90;47m8[0;33;5;43;103m:..:[0;1;30;90;47m8[0;34;5;44;104m8@@@@@@@88[0;35;5;40;100m [0;1;33;93;43m:[0;33;5;43;103m;[0;1;33;93;43m;:[0;35;5;40;100m [0;1;34;94;44m8[0;34;5;44;104m88888888[0;1;34;94;44m8[0;35;5;40;100mt[0;1;31;91;43m8[0;1;33;93;43m..[0;1;31;91;43m8[0;35;5;40;100m:[0;1;34;94;44m@88888888@[0;35;5;40;100m%[0;1;31;91;43m8[0m 
 [0;1;30;90;44mS[0;34;5;44;104m888888888888[0;35;44m8[0;33;5;40;100m.[0;1;30;90;43m8[0;1;30;90;45m8[0;34;5;44;104m8@@@@@@@@@@@[0;1;30;90;45m8[0;1;30;90;47m8[0;33;47m8[0;1;30;90;45m8[0;34;5;44;104m@@@@@@888888[0;35;44m8[0;33;5;40;100m:[0;1;30;90;43m8[0;35;44m8[0;34;5;44;104m8888888888[0;1;34;94;44m88[0;35;44mX[0;1;30;90;43m88[0;35;44mX[0;1;34;94;44m88888888888@[0;1;30;90;44mt[0m 
 [0;33;41m8[0;1;33;93;43m..:::::::::;[0;37;43mS[0;35;5;40;100m%S[0;37;43mX[0;33;5;43;103m::::::::::::[0;37;43mX[0;35;5;40;100m;t[0;37;43m@[0;33;5;43;103m:::::::;;;[0;1;33;93;43m;;[0;1;31;91;43m8[0;35;5;40;100mS@[0;1;31;91;43m8[0;1;33;93;43m::::........[0;1;31;91;43m8[0;35;5;40;100m88[0;1;31;91;43m8888888888888[0;33;41m8[0m 
  [0;35;5;40;100m%[0;1;33;93;43m..::::::::[0;35;5;40;100m.[0;1;34;94;44m8[0;34;5;44;104m888[0;35;5;40;100m.[0;1;33;93;43m:[0;33;5;43;103m::::::::;[0;35;5;40;100m [0;34;5;44;104m8@@8[0;35;5;40;100m [0;1;33;93;43m;[0;33;5;43;103m::::::;;[0;1;33;93;43m:[0;35;5;40;100m.[0;1;34;94;44m8[0;34;5;44;104m88[0;1;34;94;44m8[0;35;5;40;100m;[0;1;33;93;43m.::......[0;1;31;91;43m8[0;35;5;40;100m;[0;1;34;94;44m8888[0;35;5;40;100mS[0;1;31;91;43m8888888888[0;35;5;40;100m%[0;34;40mt[0m 
  [0;1;30;90;44m:[0;1;34;94;44mX[0;1;33;93;43m..::::::[0;35;44m8[0;34;5;44;104m888888[0;35;44m8[0;33;5;43;103m;:::::::[0;34;45m8[0;34;5;44;104m888888[0;1;34;94;44m8[0;1;33;93;43m:[0;33;5;43;103m::;;;[0;1;33;93;43m;:[0;35;44m8[0;34;5;44;104m888888[0;1;34;94;44m@[0;1;33;93;43m........[0;35;44mX[0;1;34;94;44m888888S[0;1;31;91;43m88888888[0;35;44mX[0;1;34;94;44m.[0m  
  [0;34;40mS[0;1;34;94;44m8[0;1;33;93;43m...:::::[0;1;34;94;44m8[0;34;5;44;104m8888888[0;1;33;93;43m;[0;33;5;43;103m;;;::::[0;34;5;44;104m88888888[0;1;33;93;43m:[0;33;5;43;103m;;[0;1;33;93;43m;;:::[0;34;5;44;104m88888888[0;1;33;93;43m........[0;1;34;94;44m88888888[0;1;31;91;43m88888888[0;1;34;94;44mX[0;34;40mX[0m  
   [0;30;44m:[0;1;33;93;43m.....:::[0;1;34;94;44m8[0;34;5;44;104m8888888[0;1;33;93;43m::;;;[0;33;5;43;103m;;;[0;34;5;44;104m88888888[0;1;33;93;43m.:::::::[0;34;5;44;104m88888888[0;1;31;91;43m8[0;1;33;93;43m.......[0;1;34;94;44m88888888[0;1;31;91;43m88888888[0;1;30;90;44m;[0m   
    [0;1;31;91;43m8[0;1;33;93;43m......:[0;1;34;94;44m8[0;34;5;44;104m8888888[0;1;33;93;43m::::::::[0;34;5;44;104m88888888[0;1;33;93;43m.:::::::[0;34;5;44;104m88888888[0;1;31;91;43m8[0;1;33;93;43m......[0;1;31;91;43m8[0;1;34;94;44m88888888[0;1;31;91;43m88888888[0m    
    [0;30;41m8[0;1;33;93;43m......[0;33;5;40;100m;[0;1;34;94;44m8[0;34;5;44;104m8888888[0;33;5;40;100m [0;1;33;93;43m::::::[0;33;5;40;100m:[0;34;5;44;104m88888888[0;35;5;40;100m [0;1;33;93;43m::::::[0;33;5;40;100m:[0;34;5;44;104m88888888[0;35;5;40;100m.[0;1;33;93;43m......[0;33;5;40;100m;[0;1;34;94;44m88888888[0;33;5;40;100m;[0;1;31;91;43m888888[0;30;41m8[0m    
     [0;1;30;90;40m8[0;1;30;90;43m8[0;1;33;93;43m..[0;1;30;90;43m8[0;35;44m8[0;34;5;44;104m8888888888[0;35;44m8[0;1;30;90;43m8[0;1;33;93;43m::[0;1;30;90;43m8[0;1;30;90;45m8[0;34;5;44;104m8888888888[0;35;44m8[0;1;30;90;43m8[0;1;33;93;43m::[0;1;30;90;43m8[0;1;30;90;45m8[0;34;5;44;104m88888888[0;1;34;94;44m88[0;35;44m8[0;1;30;90;43m8[0;1;33;93;43m..[0;1;30;90;43m8[0;35;44m8[0;1;34;94;44m8888888888[0;35;44m@[0;1;30;90;43m8[0;1;31;91;43m88[0;1;30;90;43m8[0;1;30;90;40m8[0m     
      [0;30;44mS[0;33;5;40;100m.:[0;35;5;40;100m88888888888888[0;33;5;40;100m..[0;35;5;40;100m@@@@@@@8888888[0;33;5;40;100m.:[0;35;5;40;100m88888888888888[0;33;5;40;100m:;[0;35;5;40;100m88888888888888[0;33;5;40;100m;%[0;1;30;90;44mS[0m      
       [0;1;30;90;44m%[0;1;34;94;44m@[0;35;5;40;100m.[0;1;33;93;43m............[0;33;5;40;100m.[0;1;34;94;44m@8[0;35;5;40;100m:[0;1;33;93;43m............[0;35;5;40;100m [0;1;34;94;44m@8[0;35;5;40;100m:[0;1;33;93;43m...........[0;1;31;91;43m8[0;35;5;40;100m:[0;1;34;94;44m@@[0;35;5;40;100m;[0;1;31;91;43m888888888888[0;33;5;40;100m;[0;1;34;94;44mS[0;1;30;90;44m;[0m       
        [0;30;44m;[0;1;34;94;44m8[0;35;44mX[0;1;30;90;43m8[0;1;33;93;43m........[0;1;30;90;43m8[0;35;44m8[0;34;5;44;104m8888[0;35;44m@[0;1;30;90;43m8[0;1;33;93;43m........[0;1;30;90;43m8[0;35;44m8[0;34;5;44;104m8888[0;35;44m@[0;1;30;90;43m8[0;1;33;93;43m........[0;1;30;90;43m8[0;35;44m@[0;1;34;94;44m8888[0;35;44mX[0;1;30;90;43m8[0;1;31;91;43m88888888[0;1;30;90;43m8[0;35;44mX[0;1;34;94;44m@[0;30;44m:[0m        
         [0;30;44mS[0;1;34;94;44m88[0;1;31;91;43m8[0;1;33;93;43m.......[0;1;34;94;44m88[0;34;5;44;104m888888[0;1;33;93;43m........[0;1;34;94;44m88888888[0;1;33;93;43m........[0;1;34;94;44m@8888888[0;1;31;91;43m88888888[0;1;34;94;44mX@[0;30;44mS[0m         
          [0;34;40m8[0;1;34;94;44m@[0;1;31;91;43m8[0;1;33;93;43m.......[0;1;34;94;44m88888888[0;1;31;91;43m8[0;1;33;93;43m.......[0;1;34;94;44m@8888888[0;1;31;91;43m8[0;1;33;93;43m....[0;1;31;91;43m888[0;1;34;94;44m@8888888[0;1;31;91;43m88888888[0;1;34;94;44mS[0;34;40m8[0m          
            [0;31;43m%[0;1;33;93;43m......[0;1;31;91;43m8[0;1;34;94;44m88888888[0;1;31;91;43m8[0;1;33;93;43m.......[0;1;34;94;44m@8888888[0;1;31;91;43m8[0;1;33;93;43m.[0;1;31;91;43m888888[0;1;34;94;44m@8888888[0;1;31;91;43m8888888[0;31;43m%[0m            
             [0;31;43m8[0;1;31;91;43m888[0;1;33;93;43m..[0;1;31;91;43m8[0;1;34;94;44m88888888[0;1;31;91;43m8[0;1;33;93;43m.......[0;1;34;94;44m@8888888[0;1;31;91;43m88888888[0;1;34;94;44m@888888@[0;1;31;91;43m888888[0;31;43m8[0m             
              [0;31;40m@[0;31;43m%[0;1;31;91;43m888[0;35;5;40;100m8[0;1;34;94;44m88888888[0;35;5;40;100m8[0;1;30;90;43m@[0;1;33;93;43m...[0;1;31;91;43m88[0;35;5;40;100m8[0;1;34;94;44m88888888[0;35;5;40;100m8[0;1;30;90;43m@[0;1;31;91;43m88888[0;35;5;40;100m8[0;1;34;94;44m88888888[0;34;5;40;100m8[0;1;30;90;43m@[0;1;31;91;43m88[0;31;43m%[0;31;40m@[0m              
                [0;33;41m@[0;35;5;40;100mS[0;1;34;94;44m888888888888[0;35;5;40;100mX[0;1;31;91;43m88[0;35;5;40;100mS[0;1;34;94;44m888888888888[0;35;5;40;100m@[0;1;31;91;43m88[0;35;5;40;100mX[0;1;34;94;44m@8888888@@@@[0;35;5;40;100m@[0;33;41m@[0m                
                  [0;30;5;40;100m8[0;33;5;40;100mtttttttttttt[0;35;5;40;100mX@[0;33;5;40;100mttttttttttt%%%[0;35;5;40;100m@@[0;33;5;40;100m%%%%%%%%%SSS[0;30;5;40;100m8[0m                  
                    [0;31;43m8[0;1;31;91;43m88888888[0;1;30;90;43m8[0;35;5;40;100m8[0;1;34;94;44m88[0;35;44m8[0;1;30;90;43m8[0;1;31;91;43m8888888888[0;1;30;90;43m@[0;35;5;40;100m8[0;1;34;94;44m88[0;35;44m8[0;1;30;90;43m8[0;1;31;91;43m88888888[0;31;43m8[0m                    
                      [0;33;41m8[0;1;31;91;43m88888[0;35;5;40;100m@[0;1;34;94;44m888888[0;35;5;40;100m8[0;1;31;91;43m88888888[0;35;5;40;100m@[0;1;34;94;44m@88@@@[0;35;5;40;100m8[0;1;31;91;43m88888[0;31;43m8[0m                      
                        [0;33;41m8[0;1;31;91;43m888[0;1;34;94;44m@8888888[0;1;31;91;43m88888888[0;1;34;94;44m@@@@@@@@[0;1;31;91;43m888[0;33;41m8[0m                        
                          [0;31;40m8[0;31;43m@[0;1;34;94;44mX888@@@@[0;1;31;91;43m88888888[0;1;34;94;44m@@@@@@@@[0;31;43m@[0;30;41m8[0m                          
                             [0;30;44m@[0;1;34;94;44m:@@@@@[0;1;31;91;43m88888888[0;1;34;94;44m@@@@@:[0;30;44m@[0m                             
                                [0;30;44mX[0;1;34;94;44m;@@[0;1;30;90;43mX[0;1;31;91;43m8888888[0;1;34;94;44m@@t[0;30;44mS[0m                                
                                   [0;30;44m@[0;1;30;90;44m:[0;35;5;40;100mS[0;1;31;91;43m8888[0;35;5;40;100mt[0;1;30;90;44m;[0;30;44m@[0m                                   
                                      [0;31;40m%[0;33;41m88[0;31;40mS[0m                                      
