[0;36;5;40;100m:[0;1;30;90;47mSSSSSSSSS%%%%%%%%%%%%%%%%%%%%%%%%%%%%%%%%%%%%%%%SSSSSSSSSSSSSXXXXXXXX@@@@@@@@@[0;36;5;40;100m:[0m
[0;36;5;40;100m [0;1;37;97;47m@8888888888888888888888888888888888888888888888888888888@@@@@@@XXXXXXSSSSS%%%%[0;36;5;40;100m [0m
[0;36;5;40;100m [0;1;37;97;47m888888888888888888888888888888888888888888888888888888888@@@@@@@XXXXXXSSSSS%%%[0;36;5;40;100m [0m
[0;36;5;40;100m [0;1;37;97;47m888888888888X[0;1;30;90;47m:[0;1;37;97;47m%8888888888888[0;37;5;47;107m8[0;1;37;97;47m8888888888[0;1;30;90;47mXX[0;1;37;97;47m8[0;1;30;90;47m8[0;37;5;40;100m8[0;1;37;97;47m888888888888888@@@@@@XXXXXXSSSSS%%[0;36;5;40;100m [0m
[0;36;5;40;100m [0;1;37;97;47m8888888888888t[0;1;30;90;47m8[0;35;5;40;100mtX[0;1;30;90;45m8[0;1;30;90;47m%%:. [0;1;37;97;47m;%@8[0;37;5;47;107m8888888888[0;1;37;97;47m8@[0;35;5;40;100mX[0;1;30;90;45mS[0;35;5;40;100m:[0;1;30;90;45mtt[0;1;30;90;47mX[0;1;37;97;47m@88888888888888@@@@@@XXXXXXSSSS%%[0;36;5;40;100m [0m
[0;36;5;40;100m [0;1;37;97;47m8888888888888888X[0;1;30;90;47m:t%S[0;1;30;90;45m8SX8XX@888888888[0;35;5;40;100m:[0;1;30;90;45m8%%%%%%[0;35;5;40;100m8[0;1;30;90;45m8[0;1;30;90;47mS.[0;1;37;97;47m@888X888888[0;1;30;90;47mt[0;1;37;97;47m%@@@@@XXXXXSSSSS%[0;36;5;40;100m [0m
[0;36;5;40;100m [0;1;37;97;47m88888888888888[0;37;5;47;107m88888888[0;1;37;97;47m@t8X[0;1;30;90;47m .;.:%::[0;37;5;40;100m8[0;1;30;90;45mXX@888S[0;1;35;95;45mX[0;1;30;90;45m%[0;1;35;95;45mX[0;1;30;90;45m%t%ttX@[0;35;5;40;100mS[0;1;37;97;47m;888888;[0;35;5;40;100m8[0;1;30;90;47m:[0;1;37;97;47m@@@@@XXXXXSSSSS[0;36;5;40;100m [0m
[0;36;5;40;100m [0;1;37;97;47m888888888888[0;37;5;47;107m888888888888888888[0;1;37;97;47m@[0;1;30;90;47m :%[0;1;30;90;45m8@@[0;1;35;95;45mX[0;35;47m8[0;1;30;90;47mS[0;35;47m8[0;1;35;95;45mXXXX[0;30;5;40;100mX[0;1;30;90;45m%[0;1;35;95;45mS[0;1;30;90;45mt%%[0;1;30;90;47m@[0;1;37;97;47m888888888[0;35;5;40;100m;[0;1;30;90;45m%[0;1;37;97;47mS@@@@@XXXXXSSSS[0;36;5;40;100m [0m
[0;36;5;40;100m [0;1;37;97;47m8888888888[0;37;5;47;107m8888888888888888@@@[0;1;37;97;47m@[0;35;5;40;100m [0;1;30;90;45m88[0;1;35;95;45m@@@@@@@@XXX[0;1;30;90;45mSX[0;35;5;40;100m8[0;1;30;90;45m%[0;1;35;95;45mX[0;1;30;90;45m%tt8[0;35;5;40;100mX [0;1;37;97;47m%88888[0;35;5;40;100m;[0;1;30;90;45m:[0;1;30;90;47m:[0;1;37;97;47m@@@@@XXXXXSSSS[0;36;5;40;100m [0m
[0;36;5;40;100m [0;1;37;97;47m888888888[0;37;5;47;107m888888888888@@@@@@@@[0;35;5;40;100m [0;1;30;90;45m88[0;35;47m8[0;1;30;90;45m8[0;1;35;95;45m@@@@@@@@@[0;1;30;90;45mXS[0;1;35;95;45mX[0;1;30;90;45mSS[0;1;35;95;45mXS[0;35;5;40;100m8[0;1;30;90;45mt[0;35;5;40;100m [0;1;37;97;47m%888888S[0;1;30;90;45m%%[0;1;37;97;47mt@@@@@@XXXXXSSS[0;36;5;40;100m [0m
[0;36;5;40;100m [0;1;37;97;47m88888888[0;37;5;47;107m88888888888@@@@@XX[0;1;37;97;47mt;@%[0;1;30;90;47mSX[0;35;5;40;100m;[0;1;30;90;45m88[0;1;35;95;45m8[0;1;30;90;45m88[0;35;5;40;100mX[0;1;30;90;45m88@@X[0;1;35;95;45mXXX[0;1;30;90;45mX[0;1;35;95;45mXX[0;35;5;40;100m8[0;1;30;90;45mt8[0;1;30;90;47m [0;1;37;97;47m8[0;1;30;90;47m8;[0;1;37;97;47m888[0;35;5;40;100m [0;1;30;90;45m:[0;1;30;90;47m8[0;1;37;97;47m88@@@@@@XXXXSSS[0;36;5;40;100m [0m
[0;36;5;40;100m [0;1;37;97;47m8888888[0;37;5;47;107m8888888888@@@8[0;1;37;97;47mX@[0;37;5;47;107mXXX[0;1;37;97;47m%[0;1;30;90;45m88[0;1;30;90;47m% [0;1;37;97;47m@[0;1;30;90;47mt[0;1;30;90;45m888[0;1;37;97;47m:.[0;35;5;40;100mX[0;1;35;95;45mX@@@@@X[0;1;30;90;45mXS[0;1;35;95;45mX[0;1;30;90;45m%SX[0;1;30;90;47m;8.[0;1;37;97;47m%[0;1;30;90;45m%[0;1;30;90;47m:[0;1;37;97;47m8[0;1;30;90;47mS[0;1;30;90;45m:[0;35;5;40;100m8[0;1;37;97;47m@88@@@@@@XXXXXSS[0;36;5;40;100m [0m
[0;36;5;40;100m [0;1;37;97;47m888888[0;37;5;47;107m8888[0;1;37;97;47m8[0;1;30;90;47m;...::[0;35;47m8[0;1;30;90;45m888[0;37;45mXX[0;1;30;90;47m;[0;1;37;97;47m;[0;37;5;47;107mXXX@XXXX8[0;1;37;97;47mX[0;1;30;90;47m [0;35;47m8[0;1;30;90;45m8[0;1;35;95;45m888@@@@[0;1;30;90;45mXX[0;1;35;95;45mX[0;1;30;90;45mSX[0;1;35;95;45mX[0;1;30;90;45m8[0;1;37;97;47m888[0;1;30;90;47m.[0;1;30;90;45m;[0;35;5;40;100mt[0;1;30;90;47m.[0;1;30;90;45m;:[0;1;30;90;47mt[0;1;37;97;47m8888@@@@@XXXXXSS[0;36;5;40;100m [0m
[0;36;5;40;100m [0;1;37;97;47m888888[0;37;5;47;107m8[0;1;37;97;47m8[0;1;30;90;47m:%[0;35;5;40;100m8[0;1;30;90;45m@@8888[0;35;5;40;100m;[0;1;30;90;47mt;t[0;35;47m8[0;1;30;90;45m8[0;37;45mXX8[0;1;30;90;47m [0;37;5;47;107m8[0;1;37;97;47m8.[0;1;30;90;47m:%[0;1;30;90;45m88[0;37;45mX[0;1;35;95;45m8888888@@X[0;1;30;90;45m@[0;1;35;95;45m@[0;1;30;90;45mXSSXX[0;1;37;97;47m;88[0;35;5;40;100mS[0;1;35;95;45mS[0;35;5;40;100m %[0;1;35;95;45mS[0;1;30;90;45m8[0;1;37;97;47m88888@@@@@@XXXXSS[0;36;5;40;100m [0m
[0;36;5;40;100m [0;1;37;97;47m88888[0;37;5;47;107m8[0;1;37;97;47m@[0;1;30;90;47m8t[0;35;5;40;100mt[0;1;30;90;45m@@8[0;35;5;40;100m [0;1;30;90;45m8[0;1;30;90;47m:S[0;37;5;40;100m8[0;35;5;40;100m   [0;1;30;90;47mt[0;35;5;40;100m [0;37;45m@@@@[0;35;5;40;100mt[0;1;30;90;45m8[0;37;45m@@@@@XX[0;1;35;95;45m8888888@@X[0;1;30;90;45mXX[0;1;35;95;45mX[0;1;30;90;45mS[0;1;30;90;47m%%[0;35;5;40;100m [0;1;37;97;47m%[0;1;30;90;47m [0;1;30;90;45mt%[0;1;37;97;47mt[0;1;30;90;45m8[0;1;35;95;45mS[0;35;5;40;100m [0;1;37;97;47m888 [0;1;30;90;47mt%[0;1;37;97;47m:@@@@XXXXSS[0;36;5;40;100m [0m
[0;36;5;40;100m [0;1;37;97;47m88888[0;37;5;47;107m88[0;1;37;97;47m8[0;37;5;40;100mX[0;1;30;90;45m888[0;1;30;90;47mX[0;37;5;47;107m8@[0;1;30;90;47m [0;35;5;40;100mt[0;1;37;97;47mS[0;37;5;47;107mXXX[0;1;37;97;47m@[0;1;30;90;47m [0;37;45m8[0;35;47m8[0;1;35;95;47mS[0;35;5;40;100m%[0;37;45m88[0;1;30;90;45m88[0;37;45m@@@[0;1;35;95;45m888888888@[0;1;30;90;45m88@[0;35;5;40;100m8[0;1;35;95;45mX[0;35;5;40;100m [0;37;5;47;107m88[0;1;37;97;47m88[0;1;30;90;47m@[0;1;30;90;45mt[0;35;5;40;100m [0;1;37;97;47m8[0;1;30;90;45m8[0;1;35;95;45mS[0;37;5;40;100m8[0;1;37;97;47m8[0;1;30;90;47m.[0;1;30;90;45m8::.:[0;35;5;40;100m.[0;1;37;97;47m@@@XXXXXS[0;36;5;40;100m [0m
[0;36;5;40;100m [0;1;37;97;47m88888[0;37;5;47;107m88888888@@[0;1;30;90;47mSS[0;37;5;47;107mXXXXXX[0;1;37;97;47mS[0;37;45m88[0;35;5;40;100m;t[0;37;45m8[0;1;35;95;47mSSSS[0;37;45m@@@[0;1;30;90;45m88[0;1;35;95;45m88888@[0;35;5;40;100m8[0;1;35;95;45mX[0;1;30;90;45m8[0;1;37;97;47m:[0;1;30;90;45m8[0;37;5;40;100m8[0;37;5;47;107m88[0;1;37;97;47m88[0;1;30;90;47mX[0;1;30;90;45mt8[0;1;37;97;47m8[0;35;5;40;100m [0;1;35;95;45mS[0;35;5;40;100m.[0;1;37;97;47m%[0;1;30;90;45mSS[0;1;30;90;47m:[0;1;37;97;47m;[0;1;30;90;47mS[0;1;30;90;45m.;[0;1;37;97;47mX@@XXXXXS[0;36;5;40;100m [0m
[0;36;5;40;100m [0;1;37;97;47m88888[0;37;5;47;107m88888888@@[0;1;37;97;47m8[0;37;5;40;100m@[0;1;37;97;47m;[0;37;5;47;107mXXXXXS[0;1;37;97;47m8[0;1;30;90;47mS[0;35;5;40;100mt[0;35;47m8[0;1;35;95;47mSSSSS[0;37;45m@[0;1;35;95;45m8888[0;1;30;90;45m88[0;1;35;95;45m888@[0;35;5;40;100m.[0;1;30;90;45m@[0;35;5;40;100m.[0;37;5;47;107m8[0;1;37;97;47m8[0;1;30;90;47m%[0;37;5;47;107m88[0;1;37;97;47m88%[0;1;30;90;45m%;[0;35;5;40;100m [0;1;30;90;47m;[0;1;30;90;45m:t[0;35;5;40;100m [0;1;30;90;45m:[0;35;5;40;100m.[0;1;37;97;47m888[0;1;30;90;45m%[0;35;5;40;100mt[0;1;37;97;47m@@@XXXXXS[0;36;5;40;100m [0m
[0;36;5;40;100m [0;1;37;97;47m88888[0;37;5;47;107m88888888@@@X8XX[0;1;37;97;47m@;[0;1;30;90;47m [0;35;47m8[0;37;45m@[0;1;35;95;47mS[0;35;47m8[0;1;35;95;47mSSSSS[0;35;47m8[0;37;45m@[0;1;35;95;45m8888[0;37;45mX[0;1;30;90;45m888[0;1;35;95;45m@@[0;35;5;40;100m [0;1;30;90;47m@[0;37;5;40;100m8[0;37;5;47;107m88888[0;1;37;97;47m888[0;1;30;90;47mS[0;1;30;90;45mt;8[0;35;5;40;100m8[0;1;35;95;45mS[0;1;30;90;45m;[0;1;35;95;45mS[0;35;5;40;100m [0;1;37;97;47m88t[0;1;30;90;45m:[0;1;30;90;47mX[0;1;37;97;47m@@@XXXXXS[0;36;5;40;100m [0m
[0;36;5;40;100m [0;1;37;97;47m88888[0;37;5;47;107m888888888@@[0;1;37;97;47m8[0;1;30;90;47mt[0;37;45m8[0;1;30;90;45m8[0;37;45mX[0;1;35;95;45m8[0;37;45m@@@[0;35;47m8[0;1;35;95;47mSSS[0;35;47m888[0;37;45m@[0;1;35;95;45m888888888[0;1;30;90;45m888[0;1;30;90;47m [0;1;37;97;47m@[0;37;5;47;107m88888[0;1;37;97;47m8888[0;1;30;90;47m [0;1;30;90;45m8;::[0;1;35;95;45mSS[0;35;5;40;100m@[0;1;37;97;47m88[0;1;30;90;47m [0;1;30;90;45m;[0;1;30;90;47mS[0;1;37;97;47m@@@XXXXXS[0;36;5;40;100m [0m
[0;36;5;40;100m [0;1;37;97;47m88888[0;37;5;47;107m888888888@[0;1;37;97;47mS[0;1;30;90;45m888[0;37;45m8[0;35;47m8[0;1;30;90;47m.%X[0;35;5;40;100m.[0;1;30;90;45m88[0;37;45m@[0;1;30;90;45m88[0;1;35;95;45m888888888888@[0;1;30;90;45m8@8[0;1;37;97;47m8[0;37;5;47;107m8888[0;1;37;97;47m888 [0;1;30;90;47mX[0;1;30;90;45m8Xt:[0;1;35;95;45mSSS[0;1;30;90;45m:[0;1;30;90;47m8[0;1;37;97;47m8@.[0;37;5;40;100m8[0;1;37;97;47mS@@XXXXSS[0;36;5;40;100m [0m
[0;36;5;40;100m [0;1;37;97;47m888888[0;37;5;47;107m88888888[0;1;37;97;47m.[0;1;30;90;45m888[0;1;30;90;47m [0;37;5;47;107mXX8[0;1;30;90;47m t[0;37;5;40;100m8[0;1;30;90;47m@:  [0;1;37;97;47m%[0;1;30;90;47m;[0;1;30;90;45m88888[0;1;35;95;45m888888@@[0;1;30;90;45m@@[0;37;5;40;100m8[0;37;5;47;107m8888[0;1;37;97;47m8@[0;35;5;40;100m:[0;1;30;90;45mt@[0;1;30;90;47mS;;%[0;35;5;40;100m:[0;1;30;90;45m%::;[0;1;30;90;47mt[0;1;37;97;47m@@@@@@XXXXSS[0;36;5;40;100m [0m
[0;36;5;40;100m.[0;1;37;97;47m8888888[0;37;5;47;107m888888[0;1;30;90;47m%[0;1;30;90;45m888[0;1;30;90;47mt[0;37;5;47;107m@X[0;1;37;97;47m;[0;1;30;90;45m8[0;1;30;90;47m:[0;1;37;97;47m@[0;37;5;47;107mXXXXXXX[0;1;30;90;47m [0;35;5;40;100mS[0;37;45mX[0;1;35;95;45m8[0;1;30;90;45m88[0;1;35;95;45m8888@@@@[0;1;30;90;45mXX[0;1;30;90;47m@[0;37;5;47;107m88[0;1;37;97;47m88[0;35;5;40;100m [0;1;35;95;45mS[0;1;30;90;45m8[0;1;37;97;47m%88888@[0;1;30;90;47mt[0;1;30;90;45m8:;[0;1;30;90;47mt[0;1;37;97;47m@@@@XXXXXSS[0;36;5;40;100m [0m
[0;30;5;40;100m8[0;1;37;97;47m8888888[0;37;5;47;107m8888[0;1;37;97;47m%[0;37;5;40;100m8[0;1;30;90;45m@@8[0;1;30;90;47mX[0;37;5;47;107m@@@[0;35;5;40;100m%[0;1;30;90;47m.[0;37;5;47;107mXXXXXXXXXX[0;1;37;97;47m@[0;35;5;40;100m [0;1;30;90;45m8[0;1;35;95;45m@[0;1;30;90;45m88[0;1;35;95;45m8@@@@@@XX[0;1;30;90;45mS[0;35;5;40;100m [0;1;37;97;47m@88[0;35;5;40;100m8[0;1;35;95;45mS[0;35;5;40;100m [0;1;37;97;47m88888888@[0;35;5;40;100m.[0;1;30;90;45m.;[0;1;30;90;47m;[0;1;37;97;47m@@@XXXXXSS[0;30;5;40;100mX[0m
 [0;1;37;97;47m88888888[0;37;5;47;107m88[0;1;30;90;47m;[0;1;30;90;45mXX[0;1;35;95;45mX[0;1;30;90;45m@8[0;37;5;47;107m888[0;1;37;97;47m8[0;1;30;90;45m8[0;1;30;90;47m:[0;37;5;47;107m@@@XXXXXX@@@[0;1;37;97;47m;[0;37;5;40;100m8[0;1;30;90;45m8888[0;1;35;95;45m@@@@XXX[0;1;30;90;45mS[0;1;35;95;45mX[0;1;30;90;45m8[0;1;30;90;47m%[0;1;37;97;47m8[0;1;30;90;47m@[0;1;30;90;45m;X[0;1;37;97;47m;88888888@[0;35;5;40;100mS[0;1;30;90;45m.@[0;1;37;97;47mS@XXXXXSSS[0m 
 [0;1;30;90;47m;[0;1;37;97;47m88888888[0;1;30;90;47mS[0;1;30;90;45mSSXXX[0;1;30;90;47mS[0;37;5;47;107m8888[0;1;37;97;47m:[0;35;5;40;100m [0;37;5;40;100m8[0;1;37;97;47m.[0;37;5;47;107m8@@@@@@@@@@88[0;1;30;90;47m:[0;35;5;40;100m%[0;1;30;90;45m@@X[0;1;35;95;45mXXXX[0;1;30;90;45mS%%[0;1;35;95;45mS[0;1;30;90;45mt8[0;1;30;90;47m.%[0;1;30;90;45m@S[0;1;30;90;47mS[0;1;37;97;47m@888888@.[0;1;30;90;45m;.[0;1;30;90;47m8[0;1;37;97;47m@XXXXXSS[0;1;30;90;47m:[0m 
 [0;36;5;40;100m [0;1;37;97;47m8888888[0;1;30;90;47mS[0;35;5;40;100m [0;1;30;90;47m@[0;1;30;90;45mX[0;1;35;95;45mS[0;1;30;90;45m8[0;1;30;90;47mt[0;37;5;47;107m88888888[0;1;37;97;47mX8[0;37;5;47;107m8888888888[0;1;37;97;47m%[0;1;30;90;47m.;[0;1;30;90;45m8@XXSSS%%[0;1;35;95;45mXSSSS[0;1;30;90;45m;[0;1;30;90;47m@[0;1;37;97;47m8[0;1;30;90;47m;[0;35;5;40;100m S [0;1;30;90;47m;[0;1;37;97;47m@88@@@[0;1;30;90;45m8.[0;37;5;40;100m8[0;1;37;97;47mXXXXXSSS[0;36;5;40;100m [0m 
  [0;1;37;97;47m888888888[0;1;30;90;47m8%.[0;1;37;97;47m8[0;37;5;47;107m888888888888888888[0;1;37;97;47mS[0;1;30;90;47mt[0;1;30;90;45m8@[0;1;35;95;45m@@XX[0;1;30;90;45mSS[0;1;35;95;45mXXXXXSSSS[0;1;30;90;45m;;t[0;1;30;90;47m.[0;1;37;97;47m888@:S88@@@[0;1;30;90;45m8.[0;37;5;40;100m8[0;1;37;97;47mXXXXXSSS[0;1;30;90;40m@[0m 
  [0;1;30;90;47m@[0;1;37;97;47m888888888888[0;37;5;47;107m88888888888888888[0;1;30;90;47m%[0;1;30;90;45m@[0;1;35;95;45m@XXXXXXX[0;1;30;90;45m%%[0;1;35;95;45mXXSSSSSS[0;1;30;90;45m;;[0;1;35;95;45mS[0;1;30;90;45mX[0;1;37;97;47mt888888@@@[0;1;30;90;47m.[0;1;30;90;45m::[0;1;37;97;47m.XXXXSSS[0;1;30;90;47mX[0m  
  [0;1;30;90;40m8[0;1;37;97;47m888888888888888[0;37;5;47;107m8888888888888[0;1;30;90;47mX[0;1;30;90;45mS[0;1;35;95;45mXXXXXXXXXX[0;1;30;90;45mS[0;1;35;95;45mSSSSSSSSS[0;35;5;40;100m8[0;1;30;90;45m:[0;1;35;95;45mS[0;1;30;90;45m8[0;1;37;97;47m.8888@@@:[0;1;30;90;45m8.[0;35;5;40;100m.[0;1;37;97;47mXXXXSSSS[0;30;5;40;100m8[0m  
   [0;37;5;40;100m8[0;1;37;97;47m888888888888888888[0;1;30;90;47mX[0;37;5;47;107m8888888[0;1;30;90;47m%[0;1;30;90;45mSS[0;1;35;95;45mXXXXXS[0;1;30;90;45m%%X[0;1;30;90;47mX[0;37;5;40;100m8[0;1;30;90;45mt[0;1;35;95;45mSSSSSSSS[0;35;5;40;100m [0;1;30;90;47m.[0;1;30;90;45m8:;[0;35;5;40;100m [0;1;30;90;47mt[0;1;37;97;47m :[0;1;30;90;47m t[0;37;5;40;100m8[0;1;30;90;45mt.[0;35;5;40;100mS[0;1;37;97;47mSXXXSSSS[0;1;30;90;47m8[0m   
    [0;1;37;97;47mt88888888888888888[0;30;5;40;100mS[0;1;37;97;47m@8888@[0;37;5;40;100m8[0;1;30;90;45m%[0;1;30;90;47mX8[0;1;30;90;45m%[0;1;35;95;45mXXXS[0;1;30;90;45m%[0;1;35;95;45mS[0;1;30;90;45m@[0;1;37;97;47m:8t[0;1;30;90;45m;[0;1;35;95;45mSSSSSSSS[0;37;5;40;100m8[0;1;37;97;47m88[0;1;30;90;47m;[0;1;30;90;45m8:......%[0;37;5;40;100m8[0;1;37;97;47mXXXXXSSS:[0m    
    [0;30;5;40;100mX[0;1;37;97;47m@8888888888888888[0;1;30;90;47mt[0;35;5;40;100m%[0;1;30;90;47mX::S[0;1;30;90;45m8[0;35;5;40;100m.[0;1;37;97;47m:88[0;1;30;90;47m%[0;1;30;90;45m8t[0;1;35;95;45mSS[0;1;30;90;45m%[0;1;35;95;45mS[0;35;5;40;100m [0;1;37;97;47m888[0;35;5;40;100m8[0;1;35;95;45mSSSSSSS[0;1;30;90;45m:[0;35;5;40;100m:[0;1;37;97;47m8888t[0;1;30;90;47m%[0;37;5;40;100m8[0;35;5;40;100m [0;37;5;40;100m8[0;1;30;90;47mSt[0;1;37;97;47mSXXXXSSSS%[0;30;5;40;100mX[0m    
     [0;36;5;40;100m [0;1;37;97;47m888888888888888888.[0;1;30;90;47m;;:[0;1;37;97;47mX88888:[0;35;5;40;100m@[0;1;30;90;45m;[0;1;35;95;45mS[0;1;30;90;45m;t;[0;1;30;90;47m@[0;1;37;97;47m88t[0;1;30;90;45m8:[0;1;35;95;45mSSSS[0;1;30;90;45m::S[0;1;37;97;47m%8@@@@@@@@XXXXXSSSSS[0;36;5;40;100m [0m     
      [0;37;5;40;100mX[0;1;37;97;47m8888888888888888888888888[0;1;30;90;47m [0;35;5;40;100m.[0;1;30;90;45m;;;ttS[0;1;30;90;47mX[0;1;37;97;47m8888X[0;35;5;40;100m@[0;1;30;90;45m:::::::[0;35;5;40;100mX[0;1;37;97;47m%@@@@@@XXXXXXSSSSS[0;37;5;40;100m@[0m      
       [0;37;5;40;100m8[0;1;37;97;47m88888888888888888888S[0;1;30;90;47m;S[0;1;30;90;45m8::;S8[0;1;30;90;47mSt[0;1;37;97;47mS888888[0;1;30;90;47m@[0;1;30;90;45m:[0;35;5;40;100m [0;1;30;90;45m8:...:[0;35;5;40;100m8[0;37;5;40;100m8[0;1;37;97;47m.@@@XXXXXXSSSSS[0;1;30;90;47m8[0m       
        [0;37;5;40;100m@[0;1;37;97;47m88888888888888[0;1;30;90;47m%%S[0;1;30;90;45m8@:::S[0;35;5;40;100m:[0;1;30;90;47m%[0;1;37;97;47m:88888t%8888[0;1;30;90;47m:[0;1;30;90;45m:[0;1;30;90;47mX[0;1;37;97;47m8[0;1;30;90;47m [0;37;5;40;100m8[0;1;30;90;45m@...::@[0;1;37;97;47mSXXXXXSSSSSS[0;37;5;40;100m8[0m        
         [0;36;5;40;100m [0;1;37;97;47m@@88888888;[0;1;30;90;47m@[0;1;30;90;45m@;:[0;1;35;95;45mS[0;1;30;90;45m:[0;35;5;40;100m8[0;1;30;90;45m;[0;35;5;40;100m8[0;1;30;90;47m%[0;1;37;97;47mX88888888[0;1;30;90;47m8[0;37;5;40;100m@[0;1;37;97;47m8888[0;37;5;40;100m8[0;1;30;90;45m@[0;1;37;97;47mS@@@@[0;37;5;40;100m@[0;1;30;90;45m..::[0;35;5;40;100mS[0;1;37;97;47m%XXXXSSSSS%[0;36;5;40;100m [0m         
          [0;30;5;40;100mS[0;1;37;97;47m%@@@88S[0;1;30;90;47m8[0;35;5;40;100mS[0;1;30;90;45m;t;:;:[0;35;5;40;100m%[0;1;37;97;47mS[0;1;30;90;47m;[0;1;37;97;47m88888888888S[0;35;5;40;100m@[0;1;30;90;47m8:%[0;35;5;40;100mtX[0;1;37;97;47m.@@@@@[0;35;5;40;100m [0;1;30;90;45m..:[0;37;5;40;100m8[0;1;37;97;47mXXXXSSSSSS;[0;36;5;40;100m%[0m          
            [0;1;30;90;47m;[0;1;37;97;47m@@@@@S%[0;37;5;40;100m@[0;1;30;90;45mS..;[0;35;5;40;100mX[0;1;37;97;47mt88888888888@@@X[0;1;30;90;47mtS%[0;1;37;97;47m:@@@@@@X[0;35;5;40;100m8[0;1;30;90;45m.:[0;35;5;40;100m [0;1;37;97;47mXXXSSSSSS%[0;1;30;90;47m;[0m            
             [0;36;5;40;100m [0;1;37;97;47mX@@@@[0;1;30;90;47m:XS;[0;1;37;97;47m:@@@@@@@@@@@@@@@@@@@@@@@@@XXX[0;1;30;90;47m%[0;1;30;90;45m..%[0;1;37;97;47mtXSSSSSSS%[0;37;5;40;100m%[0m             
              [0;1;30;90;40m8[0;1;30;90;47m;[0;1;37;97;47m@@@@@@@@@@@@@@@@@@@@@@@@@@@@@XXXXXX:[0;1;30;90;45m@ .[0;35;5;40;100m [0;1;37;97;47mSSSSSSS%[0;1;30;90;47mt[0;1;30;90;40m8[0m              
                [0;36;5;40;100m:[0;1;37;97;47m;X@@@@@@@@@@@@@@@@@@@@XXXXXXXXX%[0;1;30;90;47mt@[0;1;30;90;45m%...[0;1;30;90;47mt[0;1;37;97;47mSSSS%%:[0;36;5;40;100m.[0m                
                  [0;36;5;40;100m [0;1;37;97;47mSXXXXXXXXXXXXXXXXXXXXXXXXXXt[0;35;5;40;100m%[0;1;30;90;45m:   S[0;35;5;40;100m [0;37;5;40;100m8[0;1;37;97;47m%SS%%t[0;37;5;40;100mS[0m                  
                    [0;37;5;40;100mX[0;1;37;97;47m%XXXXXXXXXXXXXXXXXXXXXXX[0;1;30;90;47m;[0;1;30;90;45m@... .[0;1;37;97;47m.SS%%%t[0;37;5;40;100mX[0m                    
                      [0;36;5;40;100m [0;1;37;97;47m;XXXXXXXXXXXXXXXSSSSS[0;1;30;90;47m8[0;35;5;40;100mS8[0;1;30;90;45m..8[0;35;5;40;100m [0;1;30;90;47mX[0;1;37;97;47m%%%%;[0;37;5;40;100m%[0m                      
                        [0;36;5;40;100m [0;1;30;90;47m [0;1;37;97;47mSSSSSSSSSSSSSSSSSSS%[0;1;30;90;47m8%[0;1;37;97;47m;%%%%%[0;1;30;90;47m.[0;36;5;40;100m [0m                        
                          [0;30;5;40;100m@[0;1;30;90;47m8[0;1;37;97;47m%SSSSSSSSSSSSS%%%%%%%%%%[0;1;30;90;47m8[0;30;5;40;100mS[0m                          
                             [0;36;5;40;100m [0;1;30;90;47m%[0;1;37;97;47m%%%%%%%%%%%%%%%%%%[0;1;30;90;47mt[0;36;5;40;100m [0m                             
                                [0;36;5;40;100m [0;1;30;90;47m;[0;1;37;97;47m%%%%%%%%%%%%[0;1;30;90;47m:[0;36;5;40;100m [0m                                
                                   [0;36;5;40;100m [0;1;30;90;47m@[0;1;37;97;47mt%%%%t[0;1;30;90;47mX[0;36;5;40;100m [0m                                   
                                      [0;30;5;40;100m@[0;36;5;40;100m  [0;30;5;40;100mX[0m                                      
