[0;1;30;90;43m.[0;1;33;93;43m%%%%%%%%%%%%%%SSSSSSSSSSSSSSSSSSSSSS%[0;1;30;90;43m;;;:[0;1;33;93;43m%S%%%%%%%%%%%%%%%%%%%ttttttt[0;1;30;90;43m          [0m
[0;1;30;90;43m.[0;33;5;43;103mtttttt;;;;;;;;;;;;;;;;;;;;;;t@[0;1;33;93;43mS[0;1;30;90;43mtS%[0;33;5;40;100m8[0;1;30;90;40m8[0;31;40m;[0;34;40m;;;:[0;31;40m;S[0;31;5;40;100mX[0;1;30;90;43mtt;[0;1;33;93;43m%8[0;33;5;43;103m%;tttttttttttt%%%%%%%SSSSSSSS[0;1;30;90;43m [0m
[0;1;30;90;43m.[0;33;5;43;103mtttt;;;;;;;;;;;;;;;;;X[0;1;33;93;43mX[0;1;30;90;43m%SS[0;33;5;40;100m8[0;1;30;90;40m8%[0;34;40m;;[0;1;30;90;40m%XSSSSSSS[0;34;40m;;;;;[0;1;30;90;40m%[0;34;40m:::[0;32;40m:[0;31;40m%[0;31;5;40;100mX[0;1;30;90;43m;;:[0;1;33;93;43m%[0;33;5;43;103m8%tttttt%%%%%%%SSSSSSS[0;1;30;90;43m [0m
[0;1;30;90;43m.[0;33;5;43;103mtt;;;;;;;;;;t@[0;1;33;93;43mS[0;1;30;90;43mt%S[0;33;5;40;100m8[0;1;30;90;40m8@%%SSSXSX@XSXSSXXXSSSSS[0;34;40m;;;;;;;:;::::.[0;31;40m;S[0;31;5;40;100mX[0;1;30;90;43m;;:[0;1;33;93;43m%@[0;33;5;43;103mS%%%%%%SSSSSS[0;1;30;90;43m [0m
[0;1;30;90;43m.[0;33;5;43;103mt;;;t@[0;1;33;93;43mS[0;1;30;90;43mtt%[0;33;5;40;100m8[0;1;30;90;40m8[0;31;40m;[0;34;40m;[0;1;30;90;40mSSSXX@@X@XX@8@@@@@@@8[0;33;5;40;100m8[0;1;30;90;43mXSS%SS[0;33;5;40;100m8[0;1;30;90;40m@SSS[0;34;40m;;;;;;::;:;;:::::.[0;31;40m.%8[0;1;30;90;43m:::.[0;1;33;93;43mX[0;33;5;43;103mXSSSS[0;1;30;90;43m [0m
[0;1;30;90;43m:;%[0;31;5;40;100mX[0;31;40mS:[0;34;40m::[0;1;30;90;40m%[0;34;40m;;[0;1;30;90;40m%SXSXSXXX@XX@@8@88@8888[0;1;30;90;43m@[0;33;5;43;103mt:;;;;;;;t[0;1;30;90;43mS[0;1;30;90;40mXSS%[0;34;40m;;;;;:;::::::::::::..:. [0;31;40m.t8[0;1;30;90;43m:..[0m
[0;31;40m;[0;34;40m:;;:;;;;;[0;1;30;90;40mXSXX@X@@@@8@@8@8@8888[0;30;5;40;100m8[0;1;30;90;40m8[0;33;5;40;100m8[0;33;5;43;103m::::::;;;;;;[0;1;30;90;43m@[0;1;30;90;40mSXS[0;34;40m;[0;1;30;90;40mS[0;34;40m;;;:;::::;:;[0;31;40m:[0;34;40m;::::..:......[0;31;40m.[0m
[0;31;40m;[0;34;40m:;;;;;[0;1;30;90;40mSSX[0;30;5;40;100m8[0;1;30;90;43mS[0;1;33;93;43mS[0;33;5;43;103mXt;tX[0;1;33;93;43mS[0;1;30;90;43m8[0;30;5;40;100m8[0;1;30;90;40m8888[0;30;5;40;100m8[0;1;30;90;40m8[0;30;5;40;100m88[0;1;30;90;40m88[0;30;5;40;100m8[0;1;30;90;40m8[0;33;5;40;100m8[0;33;5;43;103m:::::::::;;;[0;1;30;90;43m@[0;1;30;90;40mSXS%S[0;34;40m;;[0;1;30;90;40mS[0;34;40m;;;;[0;31;40mt[0;1;30;90;43mt:[0;1;33;93;43m8[0;33;5;43;103mS%%@[0;1;33;93;43m%[0;1;30;90;43m;[0;31;40mX[0;34;40m::::.....[0;31;40m.[0m
[0;31;40m:[0;34;40m::;;;;[0;1;30;90;40mXX[0;30;5;40;100mX[0;33;5;43;103mt;;;::::::S[0;30;5;40;100m888[0;1;30;90;40m8[0;30;5;40;100m8[0;1;30;90;40m8[0;30;5;40;100m8888@8[0;33;5;40;100m8[0;33;5;43;103m::::::::::;;[0;1;30;90;43m8[0;1;30;90;40mX@X%X[0;34;40m;;[0;1;30;90;40mS[0;34;40m;;[0;1;30;90;40m%[0;34;40m;[0;1;33;93;43m@[0;33;5;43;103m;ttttttttS[0;1;30;90;40m8[0;34;40m::......[0;31;40m.[0m
[0;31;40m:[0;34;40m:;[0;1;30;90;40mS[0;34;40m;;[0;1;30;90;40m%@S[0;33;5;40;100m8[0;33;5;43;103m;;;::::::::[0;30;5;40;100mX888@8@@8@@8[0;33;5;40;100m@[0;37;5;43;103m%[0;33;5;43;103m.::::::::::[0;1;30;90;43m8[0;1;30;90;40mX8XSX[0;34;40m;;[0;1;30;90;40mS[0;34;40m;;[0;1;30;90;40mS[0;34;40m;[0;33;5;43;103m%;;tttttttt[0;33;5;40;100m8[0;34;40m:;...:..[0;31;40m.[0m
[0;31;40m:[0;34;40m;;;;[0;1;30;90;40mSS8X[0;33;5;40;100m8[0;33;5;43;103m;;::::::::.[0;30;5;40;100mX@88X8XX@@X@[0;33;5;40;100m@[0;37;5;43;103mSS%%[0;33;5;43;103m.:::::::[0;1;30;90;43m8[0;1;30;90;40m@8XSX%SS[0;34;40m;;[0;1;30;90;40mS[0;34;40m;[0;33;5;43;103m%;;tttttttt[0;33;5;40;100m8[0;34;40m:;:..:...[0m
[0;31;40m:[0;34;40m;;[0;1;30;90;40m%[0;34;40m;[0;1;30;90;40m%S8X[0;33;5;40;100m8[0;33;5;43;103m;:::::::.[0;37;5;43;103m%%[0;30;5;40;100mSX@@S@SSXXS@[0;33;5;40;100mX[0;37;5;43;103mSSSS%%[0;33;5;43;103m::::::[0;1;30;90;43m8[0;1;30;90;40m@8@S@SSS[0;34;40m;;[0;1;30;90;40mS[0;34;40m;[0;33;5;43;103m%;;;ttttttt[0;33;5;40;100m8[0;34;40m:;.......[0m
[0;31;40m;t[0;1;30;90;40mS@XX@88[0;33;5;40;100m8[0;33;5;43;103m:::::::[0;37;5;43;103m%%SS[0;33;5;40;100mS%S[0;30;5;40;100mS[0;33;5;40;100mt[0;30;5;40;100mS[0;33;5;40;100m%tStt%S[0;37;5;43;103mXSSSSS%[0;33;5;43;103m.::::[0;1;30;90;43m8[0;1;30;90;40m8[0;30;5;40;100m8[0;1;30;90;40m8@8XX@XX@X[0;33;5;43;103m%;;;ttttttt[0;33;5;40;100m8[0;31;40m;t;;:;:::[0m
[0;37;5;40;100m8[0;37;5;47;107mttttttt;;;[0;1;37;97;47mt[0;34;5;44;104m8888@@@@@XX[0;37;5;47;107m:..........[0;1;30;90;47m8[0;34;5;44;104mXXX@@@@@88[0;1;30;90;47m8[0;37;5;47;107m;;;;;tttttt[0;34;5;44;104m8[0;1;34;94;44m8888888888[0;1;37;97;47m [0;37;5;47;107mSSSSXXXXX@[0;37;5;40;100m8[0m
[0;37;5;40;100m8[0;37;5;47;107mtttt;;;;;;[0;1;37;97;47mt[0;34;5;44;104m@@@@@XXXXXX[0;37;5;47;107m.          [0;1;30;90;47m8[0;34;5;44;104mXXXXXXX@@@[0;1;30;90;47m8[0;37;5;47;107m::;;;;;tttt[0;34;5;44;104m8888888[0;1;34;94;44m8888[0;1;37;97;47m [0;37;5;47;107m%SSSSSXXXX[0;37;5;40;100m8[0m
[0;37;5;40;100m8[0;37;5;47;107mtttt;;;;;;[0;1;37;97;47mt[0;34;5;44;104m@@@@XXXXXXX[0;37;5;47;107m.          [0;1;30;90;47m8[0;34;5;44;104mXXXXXXX@@@[0;1;30;90;47m8[0;37;5;47;107m::;;;;;;ttt[0;34;5;44;104m8888888[0;1;34;94;44m8888[0;1;37;97;47m [0;37;5;47;107m%SSSSSXXXX[0;37;5;40;100m8[0m
[0;37;5;40;100m8[0;37;5;47;107mtttt;;;;;;[0;1;37;97;47mt[0;34;5;44;104m@@@@XXXXXXX[0;37;5;47;107m.          [0;1;30;90;47m8[0;34;5;44;104mXXXXXXXX@@[0;1;30;90;47m8[0;37;5;47;107m::;;;;;;ttt[0;34;5;44;104m8888888[0;1;34;94;44m8888[0;1;37;97;47m [0;37;5;47;107m%SSSSSXXXX[0;37;5;40;100m8[0m
[0;37;5;40;100m8[0;37;5;47;107mtttt;;;;;;[0;1;37;97;47mt[0;34;5;44;104m@@@@XXXXXXX[0;37;5;47;107m.          [0;1;30;90;47m8[0;34;5;44;104mXXXXXXXX@@[0;1;30;90;47m8[0;37;5;47;107m::;;;;;;ttt[0;34;5;44;104m8888888[0;1;34;94;44m8888[0;1;37;97;47m [0;37;5;47;107m%SSSSSXXXX[0;37;5;40;100m8[0m
[0;37;5;40;100m8[0;37;5;47;107mtttt;;;;;;[0;1;37;97;47mt[0;34;5;44;104m@@@@XXXXXXX[0;37;5;47;107m.          [0;1;30;90;47m8[0;34;5;44;104mXXXXXXXX@@[0;1;30;90;47m8[0;37;5;47;107m::;;;;;;ttt[0;34;5;44;104m8888888[0;1;34;94;44m8888[0;1;37;97;47m [0;37;5;47;107m%SSSSSXXXX[0;37;5;40;100m8[0m
[0;37;5;40;100m8[0;37;5;47;107mtttt;;;;;;[0;1;37;97;47mt[0;34;5;44;104m@@@@XXXXXXX[0;37;5;47;107m.          [0;1;30;90;47m8[0;34;5;44;104mXXXXXXX@@@[0;1;30;90;47m8[0;37;5;47;107m::;;;;;;ttt[0;34;5;44;104m8888888[0;1;34;94;44m8888[0;1;37;97;47m [0;37;5;47;107m%SSSSSXXXX[0;37;5;40;100m8[0m
[0;37;5;40;100m8[0;37;5;47;107mtttt;;;;;;[0;1;37;97;47mt[0;34;5;44;104m@@@@@XXXXXX[0;37;5;47;107m.          [0;1;30;90;47m8[0;34;5;44;104mXXXXXXX@@@[0;1;30;90;47m8[0;37;5;47;107m:;;;;;;tttt[0;34;5;44;104m8888888[0;1;34;94;44m8888[0;1;37;97;47m [0;37;5;47;107m%SSSSSXXXX[0;37;5;40;100m8[0m
[0;37;5;40;100mX[0;37;5;47;107mttttt;;;;;[0;1;37;97;47mt[0;34;5;44;104m8@@@@@XXXXX[0;37;5;47;107m:          [0;1;30;90;47m8[0;34;5;44;104mXXXXXX@@@@[0;1;30;90;47m8[0;37;5;47;107m:;;;;;;tttt[0;34;5;44;104m888888[0;1;34;94;44m88888[0;1;37;97;47m [0;37;5;47;107mSSSSSSXXXX[0;37;5;40;100mX[0m
[0;36;5;40;100m [0;37;5;47;107mttttt;;;;;[0;1;37;97;47mt[0;34;5;44;104m88@@@@@XXXX[0;37;5;47;107m:          [0;1;30;90;47m8[0;34;5;44;104mXXXXX@@@@@[0;1;30;90;47m8[0;37;5;47;107m;;;;;;ttttt[0;34;5;44;104m888888[0;1;34;94;44m88888[0;1;37;97;47m [0;37;5;47;107mSSSSSXXXX@[0;36;5;40;100m [0m
[0;30;5;40;100m@[0;37;5;47;107mtttttt;;;;[0;1;37;97;47m;[0;34;5;44;104m888@@@@@@XX[0;37;5;47;107m:          [0;1;30;90;47m8[0;34;5;44;104mXXX@@@@@@8[0;1;30;90;47m8[0;37;5;47;107m;;;;;;ttttt[0;34;5;44;104m888888[0;1;34;94;44m88888[0;1;37;97;47m [0;37;5;47;107mSSSSSXXXX@[0;36;5;40;100m%[0m
 [0;37;5;47;107m%tttttt;;;[0;1;37;97;47m;[0;34;5;44;104m8888@@@@@@@[0;37;5;47;107m:..........[0;1;30;90;47m8[0;34;5;44;104m@@@@@@@@88[0;1;30;90;47m8[0;37;5;47;107m;;;;;tttttt[0;34;5;44;104m88888[0;1;34;94;44m888888[0;1;37;97;47m [0;37;5;47;107mSSSSSXXXX@[0m 
 [0;1;37;97;47m;[0;37;5;47;107mttttttt;;[0;1;37;97;47m;[0;34;5;44;104m888888@@@@@[0;37;5;47;107m;..........[0;1;30;90;47m8[0;34;5;44;104m@@@@@@8888[0;1;30;90;47m8[0;37;5;47;107m;;;;ttttttt[0;34;5;44;104m8888[0;1;34;94;44m8888888[0;1;37;97;47m [0;37;5;47;107mSSSSXXXX@[0;1;37;97;47mt[0m 
 [0;37;5;40;100mS[0;37;5;47;107mtttttttt;[0;1;37;97;47m;[0;34;5;44;104m88888888@@@[0;37;5;47;107m;::::::::::[0;1;30;90;47m8[0;34;5;44;104m@@@8888888[0;1;30;90;47m8[0;37;5;47;107m;;ttttttttt[0;34;5;44;104m8888[0;1;34;94;44m8888888[0;1;37;97;47m [0;37;5;47;107mSSSSXXXX@[0;37;5;40;100m@[0m 
  [0;37;5;47;107m%tttttttt[0;1;37;97;47m:[0;34;5;44;104m88888888888[0;37;5;47;107mt::::::::::[0;1;30;90;47m8[0;34;5;44;104m8888888888[0;1;30;90;47m8[0;37;5;47;107m;tttttttttt[0;34;5;44;104m888[0;1;34;94;44m88888888[0;1;37;97;47m [0;37;5;47;107mSSSXXXX@@[0;1;30;90;40m8[0m 
  [0;1;30;90;47m;[0;37;5;47;107mtttttttt[0;1;37;97;47m:[0;34;5;44;104m88888888888[0;37;5;47;107mt;;;;;;;;;;[0;1;30;90;47m8[0;34;5;44;104m8888888888[0;36;5;40;100m [0;37;5;47;107mttttttttttt[0;34;5;44;104m88[0;1;34;94;44m888888888[0;1;37;97;47m [0;37;5;47;107mSSXXXX@@[0;1;30;90;47m.[0m  
  [0;1;30;90;40m8[0;37;5;47;107m%ttttttt[0;1;37;97;47m:[0;34;5;44;104m88888888888[0;37;5;47;107mt;;;;;;;;;;[0;1;30;90;47m8[0;34;5;44;104m8888888888[0;36;5;40;100m.[0;37;5;47;107mttttttttttt[0;34;5;44;104m8[0;1;34;94;44m8888888888[0;1;37;97;47m [0;37;5;47;107mSXXXXX@@[0;30;5;40;100m@[0m  
   [0;1;30;90;47mX[0;37;5;47;107mttttttt[0;1;37;97;47m:[0;34;5;44;104m88888888888[0;37;5;47;107m%;;;;;;;;;;[0;1;30;90;47m8[0;34;5;44;104m8888888888[0;36;5;40;100m.[0;37;5;47;107mttttttttttt[0;34;5;44;104m8[0;1;34;94;44m8888888888[0;1;37;97;47m [0;37;5;47;107mXXXXX@@[0;1;30;90;47m%[0m   
    [0;37;5;47;107m8tttttt[0;1;37;97;47m:[0;34;5;44;104m88888888888[0;37;5;47;107m%;;;;;;;;;;[0;1;30;90;47m8[0;34;5;44;104m8888888888[0;36;5;44;104m@[0;37;5;47;107mttttttttt%%[0;34;5;44;104m8[0;1;34;94;44m8888888888[0;1;30;90;47m%[0;37;5;47;107mXXXX@@[0;1;37;97;47m8[0m    
    [0;36;5;40;100m%[0;37;5;47;107m%ttttt[0;1;37;97;47m.[0;34;5;44;104m88888888888[0;37;5;47;107m%tttttttttt[0;1;30;90;47m8[0;34;5;44;104m8888888888[0;36;5;44;104m@[0;37;5;47;107mttttttt%%%%[0;34;5;44;104m8[0;1;34;94;44m8888888888[0;1;30;90;47m%[0;37;5;47;107mXXX@@@[0;36;5;40;100mt[0m    
     [0;36;5;40;100m [0;37;5;47;107m%tttt[0;1;37;97;47m.[0;34;5;44;104m88888888888[0;37;5;47;107m%tttttttttt[0;1;30;90;47m8[0;34;5;44;104m8888888888[0;36;5;44;104m8[0;37;5;47;107mttttt%%%%%%[0;1;34;94;44m88888888888[0;1;30;90;47mS[0;37;5;47;107mXX@@@[0;36;5;40;100m [0m     
      [0;1;30;90;47m8[0;37;5;47;107m%%%t[0;1;37;97;47m.[0;34;5;44;104m88888888888[0;37;5;47;107m%tttttttttt[0;1;30;90;47m8[0;34;5;44;104m8888888888[0;36;5;44;104m8[0;37;5;47;107mttt%%%%%%%%[0;1;34;94;44m88888888888[0;1;30;90;47mS[0;37;5;47;107mX@@@[0;1;30;90;47m@[0m      
       [0;1;30;90;47mX[0;37;5;47;107m%%%[0;1;37;97;47m.[0;1;34;94;44m8[0;34;5;44;104m8888888888[0;37;5;47;107m%tttttttttt[0;1;30;90;47m8[0;34;5;44;104m8888888888[0;36;5;44;104m8[0;37;5;47;107m%%%%%%%%%%S[0;1;34;94;44m88888888888[0;1;30;90;47mS[0;37;5;47;107m@@@[0;1;30;90;47m%[0m       
        [0;1;30;90;47m8[0;37;5;47;107m%%[0;1;37;97;47m.[0;1;34;94;44m88888[0;34;5;44;104m888888[0;37;5;47;107mStttttttttt[0;1;30;90;47m8[0;34;5;44;104m8888888[0;1;34;94;44m888[0;36;5;44;104m8[0;37;5;47;107m%%%%%%%%SSS[0;1;34;94;44m88888888888[0;1;30;90;47mS[0;37;5;47;107m@@[0;1;30;90;47mX[0m        
         [0;37;5;40;100mX[0;37;5;47;107m%[0;1;37;97;47m [0;1;34;94;44m8888888888[0;34;5;44;104m8[0;37;5;47;107mStttttttttt[0;1;30;90;47m8[0;34;5;44;104m88[0;1;34;94;44m88888888[0;36;5;44;104m8[0;37;5;47;107m%%%%%%SSSSS[0;1;34;94;44m88888888888[0;1;30;90;47mS[0;37;5;47;107m@[0;37;5;40;100mX[0m         
          [0;36;5;40;100m;[0;1;37;97;47m [0;1;34;94;44m88888888888[0;37;5;47;107mS%%%%%%%%%%[0;37;5;40;100m.[0;1;34;94;44m8888888888[0;36;5;44;104m8[0;37;5;47;107m%%%SSSSSSSS[0;1;34;94;44m888888888@@[0;1;30;90;47m8[0;36;5;40;100m:[0m          
            [0;1;34;94;44m;8888888888[0;37;5;47;107mS%%%%%%%%%%[0;36;5;40;100m [0;1;34;94;44m8888888888[0;36;5;44;104m8[0;37;5;47;107mSSSSSSSSSSX[0;1;34;94;44m8888888@@@;[0m            
             [0;30;44m%[0;1;34;94;44m888888888[0;37;5;47;107mX%%%%%%%%%%[0;36;5;40;100m [0;1;34;94;44m8888888888[0;36;5;44;104m8[0;37;5;47;107mSSSSSSSXXXX[0;1;34;94;44m88888@@@@[0;30;44m%[0m             
              [0;34;40mS[0;1;34;94;44m;8888888[0;37;5;47;107mXSSSSSSSSSS[0;36;5;40;100m [0;1;34;94;44m8888888888[0;36;5;44;104m8[0;37;5;47;107mSSSSXXXXXXX[0;1;34;94;44m888@@@@;[0;34;40mS[0m              
                [0;30;44m8[0;1;34;94;44mS88888[0;37;5;47;107mXSSSSSSSSSS[0;36;5;40;100m [0;1;34;94;44m8888888888[0;36;5;44;104m8[0;37;5;47;107mXXXXXXXXX@@[0;1;34;94;44m8@@@@S[0;30;44m8[0m                
                  [0;30;44m%[0;1;34;94;44m@888[0;37;5;47;107m@SSSSSSSSSS[0;36;5;40;100m.[0;1;34;94;44m8888888888[0;36;5;40;100mt[0;37;5;47;107mXXXXXX@@@@@[0;1;34;94;44m8@@@[0;30;44mt[0m                  
                    [0;30;44mt[0;1;34;94;44m@8[0;37;5;47;107m@XXXXXXXXXX[0;36;5;40;100m.[0;1;34;94;44m8888888888[0;36;5;40;100mt[0;37;5;47;107mXXX@@@@@@@@[0;1;34;94;44m8X[0;30;44mt[0m                    
                      [0;30;44m%[0;1;37;97;47m8[0;37;5;47;107mXXXXXXXXXX[0;36;5;40;100m.[0;1;34;94;44m8888888888[0;36;5;40;100m%[0;37;5;47;107m@@@@@@@@@@[0;1;37;97;47m8[0;30;44mt[0m                      
                        [0;36;5;40;100m [0;1;37;97;47mS[0;37;5;47;107mXXXXXXXX[0;36;5;40;100m.[0;1;34;94;44m88888888@@[0;36;5;40;100m%[0;37;5;47;107m@@@@@@@@[0;1;37;97;47mS[0;36;5;40;100m [0m                        
                          [0;30;5;40;100mS[0;1;30;90;47m%[0;37;5;47;107m8@@@@@[0;36;5;40;100m:[0;1;34;94;44m@@@@@@@@@@[0;36;5;40;100m%[0;37;5;47;107m@@@@@8[0;1;30;90;47m;[0;36;5;40;100mt[0m                          
                             [0;36;5;40;100m [0;1;37;97;47m.[0;37;5;47;107m@@@[0;36;5;40;100m:[0;1;34;94;44m@@@@@@@@@@[0;36;5;40;100m%[0;37;5;47;107m@@@[0;1;37;97;47m:[0;36;5;40;100m [0m                             
                                [0;36;5;40;100m [0;1;37;97;47m;[0;36;5;40;100m:[0;1;34;94;44m@@@@@@@@@@[0;36;5;40;100m%[0;1;37;97;47mt[0;37;5;40;100mX[0m                                
                                   [0;30;44m@[0;1;34;94;44m X@@@@@.[0;30;44m@[0m                                   
                                      [0;34;40m@[0;30;44mS%[0;34;40m@[0m                                      
