[0;31;40m8[0;31;5;40;100m8[0;33;5;40;100m88[0;31;5;40;100mS[0;33;5;40;100m88888888888[0;31;5;40;100m8[0;33;5;40;100m888888[0;1;30;90;41m8[0;31;5;40;100m@[0;33;5;40;100m8888888[0;31;5;40;100m8S[0;33;5;40;100m88[0;31;5;40;100mS[0;33;5;40;100m88[0;31;5;40;100mS@[0;33;5;40;100m88[0;31;5;40;100mX8[0;1;30;90;41m8[0;31;5;40;100mS[0;1;30;90;41m8[0;30;41m8[0;1;30;90;41m8[0;33;5;40;100m888888[0;31;5;40;100m8[0;33;5;40;100m88888888888888888[0;31;5;40;100mS8[0;1;30;90;41m88[0;33;5;40;100m8[0;31;40m8[0m
[0;31;5;40;100m8[0;33;5;40;100m8[0;1;30;90;43m88[0;33;5;40;100m888[0;1;30;90;43m8[0;33;5;40;100m8[0;1;30;90;43m8888888[0;33;5;40;100m8[0;1;30;90;43m888888[0;33;5;40;100m8[0;1;30;90;43m8888888[0;33;5;40;100m888[0;1;30;90;43m88[0;33;5;40;100m8[0;1;30;90;43m888[0;33;5;40;100m8[0;1;30;90;43m88[0;33;5;40;100m88[0;31;5;40;100mX[0;33;5;40;100m88[0;31;5;40;100m@@[0;1;30;90;43m88888[0;33;5;40;100m8[0;1;30;90;43m88888888888888[0;33;5;40;100m8[0;1;30;90;43m8[0;31;5;40;100m8[0;33;5;40;100m8[0;1;30;90;43m8[0;33;5;40;100m8[0;31;5;40;100m@@[0;33;5;40;100m8[0;31;40m8[0m
[0;31;5;40;100m8[0;33;5;40;100m888[0;1;30;90;43m88888888888[0;33;5;40;100m@8[0;1;30;90;43m888888[0;33;5;40;100m8[0;1;30;90;43m88888[0;33;5;40;100m8[0;1;30;90;43m8[0;33;5;40;100m88[0;1;30;90;43m888[0;33;5;40;100m8[0;1;30;90;43m8[0;33;5;40;100m888[0;1;30;90;43m88[0;33;5;40;100m88[0;31;5;40;100mX[0;33;5;40;100m88[0;31;5;40;100m8@[0;1;30;90;43m8[0;33;5;40;100m8[0;1;30;90;43m888[0;33;5;40;100m8[0;1;30;90;43m888888888888888888[0;33;5;40;100m88[0;31;5;40;100m8[0;33;5;40;100m88[0;31;40m8[0m
[0;31;5;40;100m8[0;33;5;40;100m8[0;1;30;90;43m88[0;33;5;40;100m8[0;1;30;90;43m8[0;33;5;40;100m8[0;1;30;90;43m888888[0;33;5;40;100m8[0;1;30;90;43m8[0;33;5;40;100m88[0;1;30;90;43m888888[0;33;5;40;100m8[0;1;30;90;43m888888[0;33;5;40;100m88[0;1;30;90;43m8[0;33;5;40;100m88[0;1;30;90;43m8888[0;33;5;40;100m8[0;31;5;40;100m8[0;1;30;90;43m8[0;33;5;40;100m88[0;1;30;90;43m8[0;31;5;40;100m8[0;33;5;40;100m88[0;31;5;40;100m8@[0;1;30;90;43m88888[0;33;5;40;100m88[0;1;30;90;43m8888888888888[0;33;5;40;100m88[0;1;30;90;43m8[0;33;5;40;100m8[0;1;30;90;43m8[0;33;5;40;100m8[0;31;5;40;100m@8[0;33;5;40;100m8[0;31;40m8[0m
[0;31;5;40;100m8[0;33;5;40;100m8[0;1;30;90;43m88888888888[0;33;5;40;100m8[0;1;30;90;43m8[0;33;5;40;100m88[0;1;30;90;43m88888888888888[0;33;5;40;100m8[0;1;30;90;43m8[0;33;5;40;100m88[0;1;30;90;43m888[0;33;5;40;100m888[0;1;30;90;43m8[0;33;5;40;100m8[0;1;30;90;43m88[0;31;5;40;100m8[0;33;5;40;100m88[0;31;5;40;100m@@[0;1;30;90;43m88888[0;33;5;40;100m88[0;1;30;90;43m8888888888888[0;33;5;40;100m8[0;1;30;90;43m88[0;33;5;40;100m8[0;1;30;90;43m8[0;31;5;40;100mX[0;33;5;40;100m888[0;31;40m8[0m
[0;31;5;40;100m8X[0;33;5;40;100m8[0;1;30;90;43m888888888[0;33;5;40;100m88[0;1;30;90;43m88[0;33;5;40;100m8[0;1;30;90;43m888888[0;33;5;40;100m8[0;1;30;90;43m888888[0;33;5;40;100m8[0;31;5;40;100m@[0;33;5;40;100m888[0;1;30;90;43m888[0;31;5;40;100m8[0;1;30;90;43m8[0;33;5;40;100m8[0;1;30;90;43m8[0;33;5;40;100m8[0;1;30;90;43m8[0;33;5;40;100m8[0;31;5;40;100m8[0;33;5;40;100m88[0;31;5;40;100mX@[0;1;30;90;43m88888[0;33;5;40;100m88[0;1;30;90;43m8888888888888[0;33;5;40;100m8[0;1;30;90;43m88[0;33;5;40;100m88[0;31;5;40;100m8[0;33;5;40;100m888[0;31;40m8[0m
[0;31;40m8[0;31;5;40;100m@[0;1;30;90;43m888[0;33;5;40;100m8[0;1;30;90;43m888[0;33;5;40;100m8[0;1;30;90;43m88[0;33;5;40;100m88[0;1;30;90;43m88[0;33;5;40;100m8[0;1;30;90;43m888888[0;33;5;40;100m8[0;1;30;90;43m888888[0;33;5;40;100m88[0;1;30;90;43m888888[0;33;5;40;100m8[0;1;30;90;43m888[0;33;5;40;100m8[0;1;30;90;43m8[0;33;5;40;100m@[0;31;5;40;100m8[0;33;5;40;100m88[0;31;5;40;100m@@[0;1;30;90;43m88888[0;33;5;40;100m88[0;1;30;90;43m8888888888888[0;33;5;40;100m8[0;1;30;90;43m8[0;33;5;40;100m888[0;31;5;40;100m@@@[0;33;5;40;100m8[0;31;40m8[0m
[0;31;40m8[0;31;5;40;100m@[0;1;30;90;43m888[0;33;5;40;100m88[0;1;30;90;43m88[0;33;5;40;100m8[0;1;30;90;43m88[0;33;5;40;100m88[0;1;30;90;43m88[0;33;5;40;100m8[0;1;30;90;43m888888[0;33;5;40;100m8[0;1;30;90;43m888[0;33;5;40;100m8[0;1;30;90;43m88[0;33;5;40;100m88[0;1;30;90;43m8[0;33;5;40;100m88[0;1;30;90;43m8[0;33;5;40;100m888[0;1;30;90;43m88888[0;33;5;40;100m8888[0;31;5;40;100m@@[0;1;30;90;43m88888[0;33;5;40;100m88[0;1;30;90;43m888888888888[0;33;5;40;100m8[0;1;30;90;43m88[0;33;5;40;100m8[0;1;30;90;43m8[0;33;5;40;100m8[0;31;5;40;100m@@[0;33;5;40;100m88[0;31;40m8[0m
[0;31;40m8[0;31;5;40;100m8[0;1;30;90;43m888[0;33;5;40;100m8[0;1;30;90;43m888888[0;33;5;40;100m88[0;1;30;90;43m88[0;33;5;40;100m8[0;1;30;90;43m88888[0;33;5;40;100m@[0;31;5;40;100mX[0;1;30;90;43m88888[0;33;5;40;100m888[0;1;30;90;43m88888[0;33;5;40;100m88[0;1;30;90;43m8[0;33;5;40;100m8[0;1;30;90;43m8[0;33;5;40;100m8[0;1;30;90;43m8[0;31;5;40;100m8[0;33;5;40;100m888[0;31;5;40;100mX@[0;1;30;90;43m8[0;33;5;40;100m8[0;1;30;90;43m888[0;33;5;40;100m8888[0;1;30;90;43m888888888888[0;33;5;40;100m8[0;1;30;90;43m8[0;33;5;40;100m8[0;31;5;40;100m8@8[0;33;5;40;100m8[0;31;5;40;100mX[0;31;40m8[0m
[0;31;40m@[0;33;5;40;100m8888[0;1;30;90;43m88888888888[0;33;5;40;100m8[0;1;30;90;43m888888[0;33;5;40;100m8[0;1;30;90;43m8888888[0;33;5;40;100m8[0;1;30;90;43m8[0;33;5;40;100m8[0;1;30;90;43m8[0;33;5;40;100m8[0;1;30;90;43m8[0;33;5;40;100m8[0;31;5;40;100m8[0;1;30;90;43m8[0;33;5;40;100m8[0;1;30;90;43m888[0;33;5;40;100m8[0;31;5;40;100m@[0;33;5;40;100m8[0;31;5;40;100mX@@[0;1;30;90;43m8[0;33;5;40;100m8@[0;1;30;90;43m88[0;33;5;40;100m88[0;1;30;90;43m888888888888[0;33;5;40;100m8[0;1;30;90;43m88[0;33;5;40;100m88[0;31;5;40;100m@X8[0;1;30;90;43m8[0;31;5;40;100m@[0;31;40m8[0m
[0;31;40m@[0;33;5;40;100m88[0;1;30;90;43m8[0;33;5;40;100m88[0;1;30;90;43m8888888888[0;33;5;40;100m8[0;1;30;90;43m888888[0;33;5;40;100m8[0;1;30;90;43m88888[0;33;5;40;100m8[0;1;30;90;43m8[0;33;5;40;100m88888[0;1;30;90;43m8[0;33;5;40;100m888888[0;1;30;90;43m8[0;33;5;40;100m8[0;31;5;40;100m@[0;33;5;40;100m8[0;31;5;40;100m@@@[0;33;5;40;100m8[0;1;30;90;43m88[0;33;5;40;100m88[0;31;5;40;100mX[0;33;5;40;100m8[0;1;30;90;43m888888888888[0;33;5;40;100m8[0;1;30;90;43m888[0;33;5;40;100m88[0;31;5;40;100mX@[0;33;5;40;100m8[0;31;5;40;100m@[0;31;40m8[0m
[0;31;40m@[0;33;5;40;100m88@[0;1;30;90;43m8[0;33;5;40;100m8[0;1;30;90;43m88888[0;33;5;40;100m8[0;1;30;90;43m8888[0;33;5;40;100m88[0;1;30;90;43m8888[0;31;5;40;100m8[0;33;5;40;100m8[0;1;30;90;43m88888[0;33;5;40;100m8888[0;31;5;40;100m8@[0;1;30;90;43m88[0;33;5;40;100m8[0;31;5;40;100m@[0;33;5;40;100m8[0;31;5;40;100m8[0;33;5;40;100m88[0;1;30;90;43m8[0;33;5;40;100m8[0;31;5;40;100mX[0;33;5;40;100m8[0;31;5;40;100mX@X[0;33;5;40;100m8[0;1;30;90;43m888[0;33;5;40;100m888[0;1;30;90;43m8888888888888[0;33;5;40;100m8[0;1;30;90;43m8[0;33;5;40;100m8[0;1;30;90;43m8[0;31;5;40;100m@8@[0;33;5;40;100m8[0;31;5;40;100m8[0;31;40m8[0m
[0;31;40m@[0;31;5;40;100m8[0;33;5;40;100m8[0;1;30;90;43m88[0;33;5;40;100m8[0;1;30;90;43m8888[0;33;5;40;100m88[0;1;30;90;43m8888[0;33;5;40;100m8[0;1;30;90;43m88888[0;33;5;40;100m88[0;1;30;90;43m88888[0;33;5;40;100m8888[0;31;5;40;100m8X8[0;1;30;90;43m8[0;31;5;40;100m@@[0;33;5;40;100m88[0;1;30;90;43m8[0;33;5;40;100m8[0;1;30;90;43m8[0;33;5;40;100m8[0;31;5;40;100mX8@@@[0;33;5;40;100m8[0;1;30;90;43m888[0;33;5;40;100m888[0;1;30;90;43m88888888888[0;33;5;40;100m8[0;1;30;90;43m8[0;33;5;40;100m8[0;1;30;90;43m8[0;33;5;40;100m8[0;1;30;90;43m8[0;31;5;40;100m@@@8X[0;31;40m8[0m
[0;31;40m@[0;31;5;40;100m@[0;33;5;40;100m88[0;1;30;90;43m8[0;33;5;40;100m8[0;1;30;90;43m8888[0;33;5;40;100m88[0;1;30;90;43m8888[0;33;5;40;100m8[0;1;30;90;43m888[0;33;5;40;100m8[0;1;30;90;43m8[0;33;5;40;100m8[0;1;30;90;43m888888[0;33;5;40;100m8[0;31;5;40;100m@[0;1;30;90;43m8[0;33;5;40;100m8888[0;1;30;90;43m8[0;33;5;40;100m8[0;31;5;40;100m@[0;33;5;40;100m8[0;31;5;40;100m8[0;33;5;40;100m8[0;1;30;90;43m88[0;31;5;40;100m@8[0;33;5;40;100m8[0;31;5;40;100m8X@[0;33;5;40;100m8[0;1;30;90;43m88[0;33;5;40;100m8888[0;1;30;90;43m88888888888[0;33;5;40;100m8[0;1;30;90;43m8[0;33;5;40;100m8[0;1;30;90;43m8[0;33;5;40;100m8[0;1;30;90;43m8[0;31;5;40;100m@@8@@[0;31;40m8[0m
[0;31;40m@[0;33;5;40;100m8[0;1;30;90;43m8[0;33;5;40;100m8[0;1;30;90;43m8[0;33;5;40;100m8[0;1;30;90;43m8[0;33;5;40;100m8[0;1;30;90;43m8[0;31;5;40;100m8[0;1;30;90;43m8[0;31;5;40;100m@[0;33;5;40;100m8[0;1;30;90;43m888[0;33;5;40;100m8[0;1;30;90;43m888[0;33;5;40;100m8[0;1;30;90;43m88[0;33;5;40;100m8[0;1;30;90;43m888888[0;33;5;40;100m8888[0;1;30;90;43m8[0;33;5;40;100m8[0;1;30;90;43m88[0;33;5;40;100m8888[0;1;30;90;43m88[0;31;5;40;100m@X[0;33;5;40;100m8[0;31;5;40;100mX@@[0;33;5;40;100m88888[0;31;5;40;100m8[0;1;30;90;43m8[0;33;5;40;100m8[0;1;30;90;43m8888888888[0;33;5;40;100m88[0;1;30;90;43m88[0;33;5;40;100m8[0;1;30;90;43m8[0;31;5;40;100m8@88@[0;31;40m8[0m
[0;31;40m@[0;33;5;40;100m8[0;1;30;90;43m88[0;33;5;40;100m8[0;31;5;40;100m8[0;33;5;40;100m888[0;31;5;40;100m@[0;1;30;90;43m8[0;33;5;40;100m88[0;1;30;90;43m888[0;33;5;40;100m88[0;1;30;90;43m888888[0;33;5;40;100m88[0;1;30;90;43m888[0;33;5;40;100m8888[0;31;5;40;100m@[0;33;5;40;100m88[0;1;30;90;43m88[0;33;5;40;100m8888[0;1;30;90;43m88[0;31;5;40;100mX@[0;33;5;40;100m8[0;31;5;40;100m@@@[0;33;5;40;100m88888[0;31;5;40;100m8[0;1;30;90;43m888888888888[0;33;5;40;100m8[0;1;30;90;43m888[0;33;5;40;100m8[0;1;30;90;43m8[0;31;5;40;100m8@[0;33;5;40;100m8[0;31;5;40;100m8@[0;31;40m8[0m
[0;31;40m8[0;33;5;40;100m888@8[0;31;5;40;100mX[0;33;5;40;100m8[0;1;30;90;43m8[0;31;5;40;100mX[0;1;30;90;43m8888[0;33;5;40;100m8[0;1;30;90;43m8[0;33;5;40;100m8[0;1;30;90;43m888888[0;31;5;40;100m8[0;33;5;40;100m8[0;1;30;90;43m8888[0;33;5;40;100m888[0;31;5;40;100m8[0;33;5;40;100m888[0;1;30;90;43m8[0;33;5;40;100m8[0;31;5;40;100m@[0;33;5;40;100m8888[0;1;30;90;43m8[0;31;5;40;100m@@8@8@[0;33;5;40;100m888888[0;1;30;90;43m8888888888888[0;33;5;40;100m8[0;1;30;90;43m88[0;33;5;40;100m8[0;1;30;90;43m8[0;31;5;40;100m8@@@[0;33;5;40;100m8[0;31;5;40;100m8[0m
[0;31;40m@[0;1;30;90;43m8[0;31;5;40;100m@[0;33;5;40;100m888[0;31;5;40;100m8[0;33;5;40;100m8[0;1;30;90;43m8[0;31;5;40;100mX[0;1;30;90;43m8[0;33;5;40;100m8[0;1;30;90;43m8888[0;33;5;40;100m88[0;1;30;90;43m88888[0;33;5;40;100m88[0;1;30;90;43m88888[0;31;5;40;100m@[0;33;5;40;100m8888888[0;31;5;40;100mX[0;33;5;40;100m88888[0;31;5;40;100m@[0;33;5;40;100m88[0;31;5;40;100m@@@[0;1;30;90;43m88[0;33;5;40;100m88[0;31;5;40;100m@X[0;1;30;90;43m88888[0;33;5;40;100m@[0;1;30;90;43m8888888[0;33;5;40;100m8[0;1;30;90;43m88[0;33;5;40;100m8[0;1;30;90;43m8[0;33;5;40;100m88[0;31;5;40;100mX@[0;33;5;40;100m8[0;31;5;40;100m8[0m
[0;31;40m@[0;1;30;90;43m8[0;31;5;40;100mX[0;33;5;40;100m8[0;31;5;40;100m@[0;33;5;40;100m888[0;1;30;90;43m8[0;33;5;40;100m8[0;1;30;90;43m8888888[0;33;5;40;100m8[0;1;30;90;43m88888[0;33;5;40;100m8[0;1;30;90;43m88888[0;33;5;40;100m@[0;31;5;40;100m88[0;33;5;40;100m8[0;31;5;40;100m8@[0;33;5;40;100m888[0;31;5;40;100m@[0;1;30;90;43m8[0;33;5;40;100m88[0;1;30;90;43m8[0;33;5;40;100m8[0;31;5;40;100m@[0;33;5;40;100m8[0;31;5;40;100m8@@@[0;1;30;90;43m88[0;33;5;40;100m88@8[0;1;30;90;43m888888888888[0;33;5;40;100m88[0;1;30;90;43m88[0;33;5;40;100m8[0;1;30;90;43m8[0;33;5;40;100m8[0;31;5;40;100m8[0;33;5;40;100m8[0;31;5;40;100m8[0;33;5;40;100m8[0;31;5;40;100m8[0m
[0;31;40m8[0;1;30;90;43m8[0;31;5;40;100m8[0;1;30;90;43m8[0;33;5;40;100m8[0;1;30;90;43m8888888[0;33;5;40;100m8[0;1;30;90;43m888[0;33;5;40;100m88[0;1;30;90;43m88888[0;33;5;40;100m8[0;1;30;90;43m888888[0;33;5;40;100m8[0;31;5;40;100m8[0;1;30;90;43m8[0;31;5;40;100m@8[0;33;5;40;100m888[0;31;5;40;100m@[0;1;30;90;43m8[0;33;5;40;100m88[0;1;30;90;43m8[0;33;5;40;100m8[0;31;5;40;100m@[0;33;5;40;100m888[0;31;5;40;100mXX[0;33;5;40;100m88888[0;1;30;90;43m8888888888888[0;33;5;40;100m88[0;1;30;90;43m88[0;33;5;40;100m8[0;1;30;90;43m8[0;31;5;40;100m8@8@[0;33;5;40;100m8[0;31;5;40;100m8[0m
[0;31;40m8[0;1;30;90;43m8[0;33;5;40;100m8[0;1;30;90;43m8[0;33;5;40;100m88[0;1;30;90;43m8888[0;33;5;40;100m8[0;31;5;40;100m8[0;33;5;40;100m8[0;1;30;90;43m888[0;33;5;40;100m8[0;1;30;90;43m88888[0;33;5;40;100m88[0;1;30;90;43m8888888[0;33;5;40;100m88[0;31;5;40;100m@[0;33;5;40;100m8888[0;31;5;40;100m8[0;1;30;90;43m8[0;33;5;40;100m88[0;1;30;90;43m8[0;33;5;40;100m8[0;31;5;40;100m@[0;33;5;40;100m888[0;31;5;40;100m@@[0;33;5;40;100m8888[0;31;5;40;100mX[0;33;5;40;100m8[0;1;30;90;43m8888888888888888[0;33;5;40;100m8[0;1;30;90;43m8[0;33;5;40;100m88[0;31;5;40;100m@[0;33;5;40;100m8[0;1;30;90;43m8[0;31;5;40;100m8[0m
[0;31;40m@[0;1;30;90;43m8[0;33;5;40;100m8[0;1;30;90;43m88888[0;33;5;40;100m88888@[0;1;30;90;43m88[0;33;5;40;100m8[0;1;30;90;43m888888[0;31;5;40;100m@[0;1;30;90;43m8[0;33;5;40;100m8[0;1;30;90;43m8[0;33;5;40;100m8[0;1;30;90;43m888[0;33;5;40;100m88[0;31;5;40;100m@[0;33;5;40;100m8[0;1;30;90;43m88[0;33;5;40;100m88[0;1;30;90;43m88[0;33;5;40;100m8[0;1;30;90;43m8[0;33;5;40;100m8[0;31;5;40;100m@[0;33;5;40;100m88[0;31;5;40;100mX[0;33;5;40;100m8[0;31;5;40;100m@[0;33;5;40;100m8888[0;31;5;40;100m@[0;33;5;40;100m8[0;1;30;90;43m8888888888888888[0;33;5;40;100m8[0;1;30;90;43m8[0;33;5;40;100m8[0;31;5;40;100m8@@[0;1;30;90;43m8[0;31;5;40;100m@[0m
[0;31;40mS[0;33;5;40;100m88[0;1;30;90;43m8888[0;33;5;40;100m8[0;31;5;40;100m@[0;33;5;40;100m8[0;1;30;90;43m8[0;33;5;40;100m888[0;1;30;90;43m8[0;31;5;40;100m8@[0;33;5;40;100m8[0;1;30;90;43m88888[0;33;5;40;100m8[0;1;30;90;43m8888888[0;33;5;40;100m88[0;31;5;40;100m@8[0;33;5;40;100m8888[0;1;30;90;43m88[0;33;5;40;100m8[0;1;30;90;43m8[0;33;5;40;100m8[0;31;5;40;100m@[0;33;5;40;100m8[0;31;5;40;100m8@@@[0;33;5;40;100m8888[0;31;5;40;100mX[0;33;5;40;100m8[0;1;30;90;43m88888888[0;33;5;40;100m8[0;1;30;90;43m8888888[0;33;5;40;100m8[0;1;30;90;43m8[0;31;5;40;100m8XX8[0;1;30;90;43m8[0;30;5;40;100m8[0m
[0;31;40mt[0;1;30;90;43m8888[0;31;5;40;100mX@@X[0;33;5;40;100m8[0;1;30;90;43m8[0;33;5;40;100m8888[0;31;5;40;100m8@[0;33;5;40;100m8[0;1;30;90;43m88888[0;33;5;40;100m8[0;1;30;90;43m888888[0;33;5;40;100m88[0;1;30;90;43m8[0;31;5;40;100mX[0;33;5;40;100m88888[0;1;30;90;43m88[0;33;5;40;100m888[0;31;5;40;100m@[0;33;5;40;100m88[0;31;5;40;100m@@@[0;33;5;40;100m8888[0;31;5;40;100m@[0;33;5;40;100m8[0;1;30;90;43m8[0;33;5;40;100m8[0;1;30;90;43m888888888888[0;33;5;40;100m8[0;1;30;90;43m8[0;33;5;40;100m8[0;1;30;90;43m8[0;31;5;40;100m8@[0;33;5;40;100m88[0;1;30;90;43m8[0;31;40mX[0m
 [0;1;30;90;43m8[0;33;5;40;100m888[0;31;5;40;100m@@8[0;1;30;90;43m8888[0;33;5;40;100m88[0;1;30;90;43m8[0;33;5;40;100m888[0;1;30;90;43m88888888[0;33;5;40;100m8[0;1;30;90;43m8[0;33;5;40;100m8[0;1;30;90;43m88[0;33;5;40;100m@8[0;31;5;40;100m@[0;33;5;40;100m888[0;31;5;40;100mX[0;33;5;40;100m8[0;1;30;90;43m88[0;33;5;40;100m88[0;31;5;40;100m8X[0;33;5;40;100m88[0;31;5;40;100m@@@[0;33;5;40;100m8@88[0;31;5;40;100m@[0;33;5;40;100m88[0;1;30;90;43m88888888888[0;33;5;40;100m8[0;1;30;90;43m8[0;33;5;40;100m8[0;1;30;90;43m8[0;33;5;40;100m8[0;1;30;90;43m8[0;31;5;40;100mX@[0;33;5;40;100m88[0;1;30;90;43m8[0m 
 [0;31;5;40;100mS[0;33;5;40;100m888[0;31;5;40;100m8[0;33;5;40;100m8[0;1;30;90;43m88888[0;33;5;40;100m8[0;1;30;90;43m888[0;31;5;40;100m8[0;33;5;40;100m8[0;1;30;90;43m8888[0;33;5;40;100m88[0;1;30;90;43m88[0;33;5;40;100m88[0;1;30;90;43m8888[0;31;5;40;100m8@[0;33;5;40;100m8@888[0;1;30;90;43m88[0;33;5;40;100m8[0;1;30;90;43m8[0;31;5;40;100m@@[0;33;5;40;100m88[0;31;5;40;100m@@@[0;33;5;40;100m8888[0;31;5;40;100m@8[0;1;30;90;43m888888888888[0;33;5;40;100m8[0;1;30;90;43m8[0;33;5;40;100m8[0;1;30;90;43m8[0;33;5;40;100m8[0;1;30;90;43m8[0;33;5;40;100m8[0;31;5;40;100m@@[0;33;5;40;100m88[0m 
 [0;31;40m8[0;33;5;40;100m8888[0;1;30;90;43m88[0;33;5;40;100m8[0;1;30;90;43m88[0;33;5;40;100m88[0;1;30;90;43m888[0;31;5;40;100m8[0;33;5;40;100m8[0;1;30;90;43m88888[0;33;5;40;100m8[0;1;30;90;43m8[0;33;5;40;100m8888[0;1;30;90;43m8888[0;31;5;40;100m8[0;33;5;40;100m8[0;1;30;90;43m8[0;31;5;40;100m@@[0;1;30;90;43m8[0;33;5;40;100m8[0;1;30;90;43m8[0;33;5;40;100m8[0;1;30;90;43m8[0;31;5;40;100m@8[0;33;5;40;100m88[0;31;5;40;100m@@@8[0;33;5;40;100m88[0;31;5;40;100mX8@[0;33;5;40;100m8[0;1;30;90;43m8888888[0;33;5;40;100m8[0;1;30;90;43m8888888[0;33;5;40;100m8@[0;31;5;40;100mXX@X8[0m 
  [0;33;5;40;100m88888[0;1;30;90;43m88888888[0;33;5;40;100m8[0;31;5;40;100m@@[0;33;5;40;100m88[0;1;30;90;43m8[0;33;5;40;100m88[0;31;5;40;100mX[0;33;5;40;100m8[0;1;30;90;43m8[0;33;5;40;100m8888[0;1;30;90;43m8[0;33;5;40;100m88[0;31;5;40;100mX@[0;1;30;90;43m8[0;31;5;40;100mX@[0;1;30;90;43m8[0;33;5;40;100m8[0;1;30;90;43m8[0;33;5;40;100m8[0;1;30;90;43m8[0;31;5;40;100m@8[0;33;5;40;100m88[0;31;5;40;100m@X8[0;33;5;40;100m8[0;31;5;40;100m8@[0;33;5;40;100m8[0;31;5;40;100m8[0;33;5;40;100m8@[0;1;30;90;43m88[0;33;5;40;100m8[0;1;30;90;43m8[0;33;5;40;100m8[0;1;30;90;43m888888888[0;33;5;40;100m@8888[0;31;5;40;100m8[0;33;5;40;100m8[0;31;40mt[0m 
  [0;33;5;40;100m8888[0;1;30;90;43m888888888[0;31;5;40;100mX[0;33;5;40;100m88[0;31;5;40;100m8[0;33;5;40;100m8[0;1;30;90;43m8[0;33;5;40;100m8[0;31;5;40;100m@@[0;33;5;40;100m888888[0;1;30;90;43m88[0;33;5;40;100m8888[0;31;5;40;100mX@[0;1;30;90;43m8[0;33;5;40;100m8[0;1;30;90;43m8[0;33;5;40;100m88[0;31;5;40;100m8X[0;33;5;40;100m8[0;1;30;90;43m8[0;33;5;40;100m8[0;31;5;40;100mX[0;33;5;40;100m888[0;31;5;40;100mX[0;33;5;40;100m888@[0;1;30;90;43m8888[0;33;5;40;100m8[0;1;30;90;43m88888[0;33;5;40;100m8[0;1;30;90;43m888[0;33;5;40;100m88[0;1;30;90;43m8[0;33;5;40;100m888[0;31;5;40;100mX[0m  
  [0;31;40mt[0;33;5;40;100m8[0;1;30;90;43m88[0;33;5;40;100m88[0;1;30;90;43m888[0;33;5;40;100m8888[0;31;5;40;100m@[0;1;30;90;43m8[0;33;5;40;100m8[0;1;30;90;43m888[0;33;5;40;100m8[0;31;5;40;100m@@@[0;33;5;40;100m8[0;31;5;40;100m8[0;33;5;40;100m8[0;31;5;40;100m8X8[0;33;5;40;100m88888[0;31;5;40;100m@[0;33;5;40;100m8[0;1;30;90;43m8[0;33;5;40;100m8[0;1;30;90;43m8[0;33;5;40;100m88888[0;1;30;90;43m8[0;33;5;40;100m8[0;31;5;40;100m@8[0;33;5;40;100m8[0;31;5;40;100m8@[0;33;5;40;100m8888[0;1;30;90;43m88888888888888[0;33;5;40;100m8[0;1;30;90;43m8[0;33;5;40;100m8888[0;31;40m%[0m  
   [0;31;5;40;100m8[0;1;30;90;43m88888[0;33;5;40;100m88[0;31;5;40;100m@8[0;1;30;90;43m8[0;33;5;40;100m8[0;1;30;90;43m888[0;33;5;40;100m888[0;31;5;40;100m@@@[0;33;5;40;100m88[0;1;30;90;43m8[0;33;5;40;100m8[0;31;5;40;100m@[0;33;5;40;100m888@[0;31;5;40;100m@[0;33;5;40;100m8[0;31;5;40;100m88[0;33;5;40;100m8[0;1;30;90;43m8[0;33;5;40;100m8[0;1;30;90;43m8[0;33;5;40;100m88[0;31;5;40;100mX@[0;33;5;40;100m8[0;1;30;90;43m8[0;31;5;40;100m@@@8@88[0;33;5;40;100m888[0;1;30;90;43m88888888888888[0;33;5;40;100m8[0;1;30;90;43m8[0;33;5;40;100m888[0;31;5;40;100m8[0m   
    [0;33;5;40;100m88[0;1;30;90;43m8[0;33;5;40;100m8[0;1;30;90;43m8[0;33;5;40;100m8[0;31;5;40;100mX[0;33;5;40;100m88[0;1;30;90;43m8[0;33;5;40;100m8[0;1;30;90;43m888[0;33;5;40;100m8[0;1;30;90;43m88[0;33;5;40;100m8[0;31;5;40;100m@[0;33;5;40;100m8[0;1;30;90;43m888[0;33;5;40;100m88888888[0;31;5;40;100m8[0;33;5;40;100m88[0;1;30;90;43m8[0;33;5;40;100m8[0;1;30;90;43m8[0;33;5;40;100m8[0;1;30;90;43m8[0;31;5;40;100m8[0;33;5;40;100m8888[0;31;5;40;100m@@[0;33;5;40;100m88[0;31;5;40;100m88X@[0;33;5;40;100m8[0;1;30;90;43m88888888888[0;33;5;40;100m8[0;1;30;90;43m88[0;33;5;40;100m8[0;1;30;90;43m8[0;33;5;40;100m888[0m    
    [0;31;40mS[0;31;5;40;100mX8[0;33;5;40;100m8[0;31;5;40;100m@8[0;33;5;40;100m8888[0;1;30;90;43m88[0;33;5;40;100m88[0;1;30;90;43m888888888888[0;33;5;40;100m88[0;31;5;40;100m8[0;1;30;90;43m8[0;33;5;40;100m88[0;31;5;40;100m@[0;33;5;40;100m8[0;1;30;90;43m8[0;33;5;40;100m888[0;1;30;90;43m8[0;31;5;40;100m8[0;33;5;40;100m8[0;31;5;40;100m@[0;1;30;90;43m8[0;33;5;40;100m8[0;31;5;40;100mX@[0;33;5;40;100m888[0;31;5;40;100mX8@[0;33;5;40;100m8[0;1;30;90;43m88888888888888[0;33;5;40;100m8[0;1;30;90;43m8[0;33;5;40;100m88[0;31;40m%[0m    
     [0;31;40m8[0;33;5;40;100m88888[0;1;30;90;43m8[0;33;5;40;100m88@888[0;1;30;90;43m8888[0;33;5;40;100m8[0;1;30;90;43m88[0;33;5;40;100m8[0;1;30;90;43m888[0;33;5;40;100m88[0;31;5;40;100m8[0;1;30;90;43m8[0;33;5;40;100m88[0;31;5;40;100m8@[0;1;30;90;43m88[0;33;5;40;100m888[0;1;30;90;43m8[0;31;5;40;100m8@8[0;1;30;90;43m8[0;31;5;40;100m8[0;33;5;40;100m8888[0;31;5;40;100m@@[0;33;5;40;100m8[0;31;5;40;100m@[0;33;5;40;100m8[0;1;30;90;43m88888888888888[0;31;5;40;100m8[0;1;30;90;43m8[0;33;5;40;100m8[0;31;40m8[0m     
      [0;31;5;40;100m@[0;33;5;40;100m8[0;1;30;90;43m8[0;33;5;40;100m88[0;1;30;90;43m8[0;33;5;40;100m8[0;31;5;40;100mX8[0;33;5;40;100m8[0;31;5;40;100m@[0;33;5;40;100m8[0;1;30;90;43m888[0;33;5;40;100m88[0;1;30;90;43m888888[0;33;5;40;100m8[0;31;5;40;100m@[0;33;5;40;100m8[0;1;30;90;43m8[0;31;5;40;100m@[0;33;5;40;100m8[0;31;5;40;100m@[0;33;5;40;100m8[0;1;30;90;43m88[0;33;5;40;100m888[0;1;30;90;43m8[0;31;5;40;100m@[0;33;5;40;100m8888[0;31;5;40;100m@@@XX@[0;33;5;40;100m8[0;31;5;40;100m@[0;33;5;40;100m8[0;1;30;90;43m88888888888888[0;33;5;40;100m8[0;1;30;90;43m8[0;31;5;40;100mS[0m      
       [0;1;30;90;41m8[0;33;5;40;100m8[0;1;30;90;43m8[0;33;5;40;100m88[0;31;5;40;100m@@@@8[0;1;30;90;43m8888[0;33;5;40;100m888[0;1;30;90;43m88[0;33;5;40;100m8[0;31;5;40;100m@[0;1;30;90;43m8[0;33;5;40;100m88[0;1;30;90;43m8[0;33;5;40;100m8[0;31;5;40;100m@@X[0;33;5;40;100m8[0;1;30;90;43m8[0;33;5;40;100m8[0;1;30;90;43m8[0;33;5;40;100m88[0;1;30;90;43m8[0;31;5;40;100m8[0;33;5;40;100m8[0;31;5;40;100m@[0;1;30;90;43m8[0;33;5;40;100m88[0;31;5;40;100mX@@X@[0;33;5;40;100m8[0;31;5;40;100m@[0;33;5;40;100m8[0;1;30;90;43m88888888888888[0;33;5;40;100m8[0;31;5;40;100m8[0m       
        [0;31;5;40;100mX[0;33;5;40;100m888[0;31;5;40;100m@@@[0;33;5;40;100m8[0;1;30;90;43m8888[0;33;5;40;100m8888[0;1;30;90;43m88[0;33;5;40;100m88[0;1;30;90;43m8[0;31;5;40;100m@[0;33;5;40;100m8[0;1;30;90;43m8[0;31;5;40;100m@[0;33;5;40;100m8[0;31;5;40;100mX@[0;1;30;90;43m88[0;33;5;40;100m8[0;1;30;90;43m8[0;33;5;40;100m888[0;31;5;40;100m88[0;33;5;40;100m8[0;1;30;90;43m8[0;31;5;40;100m@8[0;33;5;40;100m8[0;31;5;40;100m@[0;33;5;40;100m8[0;31;5;40;100m@@[0;33;5;40;100m8[0;31;5;40;100m@[0;33;5;40;100m8[0;1;30;90;43m8888888888[0;33;5;40;100m88[0;1;30;90;43m88[0;31;5;40;100mS[0m        
         [0;31;5;40;100m8[0;33;5;40;100m88[0;31;5;40;100mXX8[0;1;30;90;43m8[0;33;5;40;100m@[0;1;30;90;43m88[0;33;5;40;100m888[0;1;30;90;43m88[0;33;5;40;100m8[0;1;30;90;43m8[0;33;5;40;100m888[0;31;5;40;100m@[0;33;5;40;100m8[0;31;5;40;100mXX[0;33;5;40;100m8[0;31;5;40;100m@[0;33;5;40;100m8[0;1;30;90;43m8888[0;33;5;40;100m88888[0;1;30;90;43m8[0;33;5;40;100m8[0;31;5;40;100m@[0;33;5;40;100m88[0;31;5;40;100m8X@8[0;33;5;40;100m8[0;31;5;40;100m8[0;1;30;90;43m8[0;33;5;40;100m8[0;1;30;90;43m8888888888[0;33;5;40;100m8[0;1;30;90;43m8[0;31;5;40;100m@[0m         
          [0;31;40mX[0;31;5;40;100m8@8[0;1;30;90;43m88[0;33;5;40;100m8[0;1;30;90;43m8888[0;33;5;40;100m8[0;1;30;90;43m888888[0;33;5;40;100m8[0;31;5;40;100m@[0;33;5;40;100m8[0;31;5;40;100m@[0;33;5;40;100m8[0;31;5;40;100mX@[0;33;5;40;100m8[0;1;30;90;43m8888[0;33;5;40;100m88[0;1;30;90;43m8[0;33;5;40;100m8[0;31;5;40;100m@[0;33;5;40;100m88[0;31;5;40;100m8[0;33;5;40;100m888[0;31;5;40;100m88[0;33;5;40;100m8888[0;1;30;90;43m8[0;33;5;40;100m8[0;1;30;90;43m888888888[0;33;5;40;100m8[0;31;40m@[0m          
            [0;1;30;90;41m8[0;33;5;40;100m8[0;1;30;90;43m88[0;33;5;40;100m8[0;1;30;90;43m88[0;33;5;40;100m8[0;1;30;90;43m88[0;33;5;40;100m@[0;1;30;90;43m8[0;33;5;40;100m8[0;1;30;90;43m8[0;33;5;40;100m8[0;1;30;90;43m8[0;33;5;40;100m888[0;31;5;40;100m@[0;33;5;40;100m8[0;31;5;40;100m@@[0;1;30;90;43m8[0;33;5;40;100m8[0;1;30;90;43m88[0;33;5;40;100m888[0;1;30;90;43m8[0;33;5;40;100m88[0;1;30;90;43m8[0;33;5;40;100m8[0;31;5;40;100m@X@[0;1;30;90;43m8[0;33;5;40;100m8[0;31;5;40;100m@8[0;33;5;40;100m888[0;1;30;90;43m8[0;33;5;40;100m8[0;1;30;90;43m88888888[0;33;5;40;100m8[0m            
             [0;31;5;40;100m8[0;1;30;90;43m88888[0;33;5;40;100m888[0;1;30;90;43m8[0;33;5;40;100m8[0;1;30;90;43m88[0;33;5;40;100m8[0;1;30;90;43m8[0;33;5;40;100m88[0;31;5;40;100m@@@@8[0;1;30;90;43m8888[0;33;5;40;100m888[0;1;30;90;43m8[0;33;5;40;100m888888[0;31;5;40;100m@[0;33;5;40;100m8[0;31;5;40;100m@@[0;33;5;40;100m8[0;1;30;90;43m8[0;33;5;40;100m88[0;1;30;90;43m888888888[0;31;5;40;100mX[0m             
              [0;31;40m%[0;33;5;40;100m8[0;1;30;90;43m888[0;33;5;40;100m88[0;1;30;90;43m88[0;33;5;40;100m8[0;1;30;90;43m8888[0;33;5;40;100m88888[0;31;5;40;100m@[0;1;30;90;43m88[0;33;5;40;100m@[0;1;30;90;43m88[0;33;5;40;100m88[0;1;30;90;43m88[0;33;5;40;100m8888[0;31;5;40;100m8@[0;33;5;40;100m8[0;1;30;90;43m8[0;31;5;40;100m8X[0;33;5;40;100m8[0;31;5;40;100m@[0;33;5;40;100m88[0;1;30;90;43m88[0;33;5;40;100m8[0;1;30;90;43m8888[0;33;5;40;100m8[0;31;40m%[0m              
                [0;31;40m8[0;33;5;40;100m@[0;1;30;90;43m8[0;33;5;40;100m888@8[0;1;30;90;43m88[0;33;5;40;100m8[0;1;30;90;43m8[0;31;5;40;100m@[0;33;5;40;100m88[0;1;30;90;43m8[0;33;5;40;100m88[0;1;30;90;43m88888[0;33;5;40;100m88[0;1;30;90;43m88[0;31;5;40;100mX[0;33;5;40;100m88[0;1;30;90;43m8[0;31;5;40;100m8[0;33;5;40;100m88[0;1;30;90;43m8[0;31;5;40;100m8@[0;33;5;40;100m8888[0;1;30;90;43m88[0;33;5;40;100m8[0;1;30;90;43m88[0;33;5;40;100m8[0;30;5;40;100m8[0m                
                  [0;31;5;40;100m@[0;33;5;40;100m88888[0;1;30;90;43m8888[0;31;5;40;100m@[0;1;30;90;43m88[0;33;5;40;100m8[0;31;5;40;100mX[0;33;5;40;100m8[0;1;30;90;43m88888[0;33;5;40;100m8[0;31;5;40;100m8[0;1;30;90;43m8[0;33;5;40;100m8[0;31;5;40;100m8[0;33;5;40;100m88[0;1;30;90;43m8[0;31;5;40;100m@[0;33;5;40;100m8[0;31;5;40;100m@[0;1;30;90;43m8[0;33;5;40;100m8[0;31;5;40;100m@[0;33;5;40;100m88[0;31;5;40;100m8[0;1;30;90;43m8[0;33;5;40;100m@[0;1;30;90;43m888[0;31;5;40;100mX[0m                  
                    [0;31;5;40;100m8[0;1;30;90;43m8[0;33;5;40;100m8@[0;1;30;90;43m888[0;33;5;40;100m8[0;31;5;40;100m@[0;1;30;90;43m8[0;33;5;40;100m8[0;31;5;40;100m@[0;33;5;40;100m8[0;1;30;90;43m88[0;33;5;40;100m88[0;1;30;90;43m88[0;33;5;40;100m8[0;31;5;40;100m@[0;1;30;90;43m8[0;33;5;40;100m8[0;31;5;40;100mX[0;33;5;40;100m88[0;1;30;90;43m8[0;31;5;40;100m@@8[0;1;30;90;43m8[0;33;5;40;100m88[0;1;30;90;43m8[0;33;5;40;100m88[0;1;30;90;43m8[0;33;5;40;100m88[0;31;5;40;100mX[0m                    
                      [0;31;40m8[0;33;5;40;100m@[0;1;30;90;43m888[0;33;5;40;100m8[0;31;5;40;100m8[0;1;30;90;43m8[0;31;5;40;100m8@[0;33;5;40;100m88[0;1;30;90;43m8[0;33;5;40;100m88[0;1;30;90;43m88[0;33;5;40;100m8[0;31;5;40;100m@[0;1;30;90;43m8[0;33;5;40;100m8[0;31;5;40;100m@[0;33;5;40;100m8888[0;31;5;40;100m@@[0;1;30;90;43m8[0;31;5;40;100m@X[0;33;5;40;100m8[0;1;30;90;43m8[0;31;5;40;100mX[0;33;5;40;100m8[0;31;5;40;100m8[0m                      
                        [0;31;40m8[0;33;5;40;100m88[0;31;5;40;100m8[0;33;5;40;100m8[0;1;30;90;43m8[0;31;5;40;100m8X@[0;33;5;40;100m8[0;1;30;90;43m8888[0;33;5;40;100m88[0;31;5;40;100m8[0;1;30;90;43m8[0;33;5;40;100m8888[0;1;30;90;43m8[0;33;5;40;100m8[0;31;5;40;100m@@[0;1;30;90;43m8[0;31;5;40;100m@@8[0;33;5;40;100m8[0;31;40m8[0m                        
                          [0;31;40m%[0;1;30;90;41m8[0;31;5;40;100m@[0;33;5;40;100m8[0;31;5;40;100m@8@[0;33;5;40;100m88[0;1;30;90;43m888[0;33;5;40;100m88[0;31;5;40;100mX[0;1;30;90;43m8[0;33;5;40;100m88[0;31;5;40;100m@[0;1;30;90;43m88[0;33;5;40;100m8[0;31;5;40;100m@X[0;1;30;90;43m8[0;33;5;40;100m8[0;1;30;90;41m8[0;31;40m%[0m                          
                             [0;31;40m8[0;1;30;90;41m8[0;33;5;40;100m8[0;31;5;40;100m@@[0;33;5;40;100m8[0;1;30;90;43m88[0;33;5;40;100m8[0;31;5;40;100m@88[0;1;30;90;43m8[0;33;5;40;100m8[0;31;5;40;100m8[0;33;5;40;100m888[0;31;5;40;100mX@@8[0m                             
                                [0;31;40m@[0;1;30;90;41m8[0;33;5;40;100m8[0;1;30;90;43m88[0;33;5;40;100m8[0;31;5;40;100m@8@[0;1;30;90;43m8[0;33;5;40;100m8888[0;31;5;40;100mX[0;31;40m@[0m                                
                                   [0;31;5;40;100m8[0;33;5;40;100m88[0;31;5;40;100m@[0;33;5;40;100m88[0;1;30;90;43m8[0;31;5;40;100m@X8[0m                                   
                                      [0;31;40mt[0;31;5;40;100m8[0;30;41m8[0;31;40mX[0m                                      
