[0;36;5;40;100m [0;1;30;90;47m....      [0;1;37;97;47m                                     [0;1;30;90;47m      .........:::::::::;;;;;;;[0;36;5;40;100m [0m
[0;37;5;40;100m@[0;37;5;47;107m%%%%%%ttttttttttttttttttttttttttttttttttttttttttttt%%%%%%%%SSSSSSSXXXX@@@@@@@@[0;37;5;40;100m8[0m
[0;37;5;40;100m@[0;37;5;47;107m%%%%ttttttttttttttttttttttttttttttttttttttttttttttttt%%%%%%%SSSSSSSXXXX@@@@@@@[0;37;5;40;100m8[0m
[0;37;5;40;100m@[0;37;5;47;107m%%ttt%%%%%%%%%%%%%%%%%%%%%%%%%%%%%%%%%%%%%%%%%%%%%%%%SSSSSSSXXXXXX@@@@@@@@@@@@[0;37;5;40;100m8[0m
[0;37;5;40;100m@[0;37;5;47;107m%tttt[0;1;37;97;47m%[0;1;30;90;43mXXXX@@@@@888888888888888888888888888@@@@@XXXX[0;31;43m8888888888888888888[0;33;41m88[0;1;30;90;47m.[0;37;5;47;107m@@@@@[0;37;5;40;100m8[0m
[0;37;5;40;100m@[0;37;5;47;107mttttt[0;1;37;97;47m%[0;1;30;90;43mX8[0;1;37;97;47mSSSSSXXXXXXXXXXX@@@@@@@@@XXXXXXXXXXSSSSSSSSSSSSS%%%%%%%tttttt;[0;1;30;90;43m8[0;33;41m8[0;1;30;90;47m.[0;37;5;47;107mX@@@@[0;37;5;40;100m8[0m
[0;37;5;40;100m8[0;37;5;47;107mttttt[0;1;37;97;47mS[0;1;30;90;43mX8[0;37;5;47;107mtt[0;1;37;97;47mt:::::::;;;;;;;;;;;;;;;;;;;;::::::::........        [0;1;30;90;47m.....[0;1;37;97;47m [0;37;5;47;107mSS[0;33;5;40;100mX[0;31;43m8[0;1;30;90;47m [0;37;5;47;107mXX@@@[0;37;5;40;100m8[0m
[0;37;5;40;100m8[0;37;5;47;107mttttt[0;1;37;97;47mS[0;1;30;90;43m@8[0;37;5;47;107mtt[0;33;5;40;100mt[0;1;30;90;43m8888888[0;33;5;40;100m%%%ttttttttttttttt%%%[0;1;30;90;43m888888888888888888888888888[0;31;43m8[0;1;30;90;43m8[0;37;5;47;107mSS[0;33;5;40;100mX[0;31;43m8[0;1;37;97;47m [0;37;5;47;107mXX@@@[0;37;5;40;100m8[0m
[0;37;5;40;100m8[0;37;5;47;107mttttt[0;1;37;97;47mS[0;1;30;90;43m@8[0;37;5;47;107mt;[0;33;5;40;100m;[0;1;30;90;43m8[0;1;37;97;47mt[0;37;5;47;107m;;;;:::::::::::::::::::::::;;;;;;;;tttttttttttt%%%%%[0;1;37;97;47mt[0;31;43m8[0;1;30;90;43m8[0;37;5;47;107mSS[0;33;5;40;100mX[0;31;43m8[0;1;37;97;47m [0;37;5;47;107mXXX@@[0;37;5;40;100m8[0m
[0;37;5;40;100m8[0;37;5;47;107mttttt[0;1;37;97;47mS[0;1;30;90;43m88[0;37;5;47;107m;;[0;33;5;40;100m;[0;1;30;90;43m8[0;1;37;97;47mt[0;37;5;47;107m;;:::::::.............:::::::;;;;;;;tttttttttttt%%%%[0;1;37;97;47mt[0;31;43m8[0;1;30;90;43m8[0;37;5;47;107mSS[0;33;5;40;100mX[0;31;43m8[0;1;37;97;47m [0;37;5;47;107mXXX@@[0;37;5;40;100m8[0m
[0;37;5;40;100m8[0;37;5;47;107mttttt[0;1;37;97;47mS[0;1;30;90;43m88[0;37;5;47;107m;;[0;33;5;40;100m;[0;1;30;90;43m8[0;1;37;97;47mt[0;37;5;47;107m;:::::...................%::::;;;;;;;ttttttttttt%%%%[0;1;37;97;47mt[0;31;43m8[0;1;30;90;43m8[0;37;5;47;107mSS[0;33;5;40;100mX[0;31;43m8[0;1;37;97;47m [0;37;5;47;107mXXXX@[0;37;5;40;100m8[0m
[0;37;5;40;100m8[0;37;5;47;107mttttt[0;1;37;97;47mS[0;1;30;90;43m88[0;37;5;47;107m;;[0;33;5;40;100m:[0;1;30;90;43m8[0;1;37;97;47m%[0;37;5;47;107m::::.....            ....[0;37;5;40;100m8[0;37;5;47;107m@::::;;;;;;;ttttttttttt%%%[0;1;37;97;47mt[0;31;43m8[0;1;30;90;43m8[0;37;5;47;107mSS[0;33;5;40;100mX[0;31;43m8[0;1;37;97;47m [0;37;5;47;107mXXXX@[0;37;5;40;100m8[0m
[0;37;5;40;100m8[0;37;5;47;107mttttt[0;1;37;97;47mS[0;1;30;90;43m88[0;37;5;47;107m;;[0;33;5;40;100m:[0;1;30;90;43m8[0;1;37;97;47m%[0;37;5;47;107m:::....         ;8     .[0;1;37;97;47m8[0;1;30;90;43m8[0;1;30;90;47mS[0;37;5;47;107m.::::;;@[0;1;37;97;47mS[0;37;5;47;107m;;ttttttttttt%%%[0;1;37;97;47mt[0;31;43m8[0;1;30;90;43m8[0;37;5;47;107mSS[0;33;5;40;100mX[0;31;43m8[0;1;37;97;47m [0;37;5;47;107mSXXX@[0;37;5;40;100m8[0m
[0;37;5;40;100m8[0;37;5;47;107mttttt[0;1;37;97;47mS[0;1;30;90;43m88[0;37;5;47;107m;;[0;33;5;40;100m:[0;1;30;90;43m8[0;1;37;97;47m%[0;37;5;47;107m::....          [0;1;37;97;47m .[0;37;5;47;107m      [0;1;30;90;47m:[0;1;30;90;43m88[0;37;5;47;107m%.::::;[0;1;37;97;47mt[0;37;5;40;100m8[0;37;5;47;107m;;;ttttttttttt%%[0;1;37;97;47mt[0;31;43m8[0;1;30;90;43m8[0;37;5;47;107m%S[0;33;5;40;100mX[0;31;43m8[0;1;37;97;47m [0;37;5;47;107mSXXXX[0;37;5;40;100m8[0m
[0;37;5;40;100m8[0;37;5;47;107mtttt;[0;1;37;97;47mX[0;1;30;90;43m88[0;37;5;47;107m;;[0;33;5;40;100m:[0;1;30;90;43m8[0;1;37;97;47m%[0;37;5;47;107m:....          ;[0;33;5;40;100m.[0;1;30;90;47m8[0;37;5;47;107m.     [0;1;37;97;47m8@@[0;37;5;47;107m%.:::::[0;1;30;90;47m8[0;1;30;90;43m8[0;37;5;47;107mS;;ttttttttttt%%[0;1;37;97;47m%[0;31;43m8[0;1;30;90;43m8[0;37;5;47;107m%S[0;33;5;40;100mX[0;31;43m8[0;1;37;97;47m [0;37;5;47;107mSXXXX[0;37;5;40;100m8[0m
[0;37;5;40;100m8[0;37;5;47;107mtttt;[0;1;37;97;47mX[0;1;30;90;43m88[0;37;5;47;107m;;[0;33;5;40;100m.[0;1;30;90;43m8[0;1;37;97;47m%[0;37;5;47;107m:...           [0;1;37;97;47m8[0;1;30;90;47m8X[0;37;5;47;107m8    S[0;1;30;90;47mX[0;1;30;90;43m88[0;1;30;90;47m.[0;37;5;47;107m:.:::[0;1;37;97;47m8[0;1;30;90;43m88[0;1;37;97;47m8[0;37;5;47;107m;;;tt%ttttttt%%[0;1;37;97;47m%[0;31;43m8[0;1;30;90;43m8[0;37;5;47;107m%S[0;33;5;40;100mX[0;31;43m8[0;1;37;97;47m [0;37;5;47;107mSXXXX[0;37;5;40;100m8[0m
[0;37;5;40;100m8[0;37;5;47;107mtttt;[0;1;37;97;47mX[0;1;30;90;43m88[0;37;5;47;107m;;[0;33;5;40;100m.[0;1;30;90;43m8[0;1;37;97;47mS[0;37;5;47;107m:...      ;    .8[0;1;37;97;47mS[0;37;5;47;107m@   .[0;1;30;90;47m8[0;1;30;90;43m8888[0;1;37;97;47m [0;37;5;47;107m.::t[0;1;37;97;47mt 8[0;37;5;47;107m%;;;tt[0;1;30;90;47mX[0;37;5;47;107mStttttt%%[0;1;37;97;47m%[0;31;43m8[0;1;30;90;43m8[0;37;5;47;107m%S[0;33;5;40;100mX[0;31;43m8[0;1;37;97;47m [0;37;5;47;107mSXXXX[0;37;5;40;100m8[0m
[0;37;5;40;100m8[0;37;5;47;107mtttt;[0;1;37;97;47mX[0;1;30;90;43m88[0;37;5;47;107m;;[0;33;5;40;100m.[0;1;30;90;43m8[0;1;37;97;47mS[0;37;5;47;107m:...     @[0;1;37;97;47m%[0;37;5;47;107m    [0;1;37;97;47mt[0;33;5;40;100m .:[0;1;37;97;47m:[0;37;5;47;107m  @[0;1;30;90;43m88888[0;33;5;40;100m [0;37;5;47;107m.:X[0;33;5;40;100m;[0;1;30;90;43m888[0;1;37;97;47m8[0;37;5;47;107m;;;t8[0;1;30;90;43m8[0;1;37;97;47mX[0;37;5;47;107mtttttt%%[0;1;37;97;47m%[0;31;43m8[0;1;30;90;43m8[0;37;5;47;107m%S[0;33;5;40;100mX[0;31;43m8[0;1;37;97;47m [0;37;5;47;107mSXXXX[0;37;5;40;100m8[0m
[0;37;5;40;100m8[0;37;5;47;107mtttt;[0;1;37;97;47mX[0;1;30;90;43m88[0;37;5;47;107m;;[0;33;5;40;100m.[0;1;30;90;43m8[0;1;37;97;47mS[0;37;5;47;107m:...     [0;1;37;97;47m [0;1;30;90;47mS[0;37;5;47;107m   .[0;1;30;90;47m8[0;33;5;40;100m..::[0;37;5;47;107m8 %[0;1;30;90;43m88888[0;1;30;90;47m8[0;37;5;47;107m.:[0;33;5;40;100m [0;1;30;90;43m8888[0;1;30;90;47m%[0;37;5;47;107m;;;X[0;33;5;40;100mt[0;1;30;90;43m@[0;1;37;97;47m%[0;37;5;47;107mtttttt%%[0;1;37;97;47m%[0;31;43m8[0;1;30;90;43m8[0;37;5;47;107m%S[0;33;5;40;100mX[0;31;43m8[0;1;37;97;47m [0;37;5;47;107mSXXXX[0;37;5;40;100m8[0m
[0;37;5;40;100m8[0;37;5;47;107mtttt;[0;1;37;97;47mX[0;1;30;90;43m88[0;37;5;47;107m;;[0;33;5;40;100m.[0;1;30;90;43m8[0;1;37;97;47m%[0;37;5;47;107m:...     [0;1;30;90;47m8[0;33;5;40;100m;[0;37;5;47;107m@  .[0;33;5;40;100m.:::;[0;1;37;97;47m:[0;37;5;47;107m  [0;1;37;97;47m [0;1;30;90;43m8888[0;37;5;47;107m8.8[0;1;30;90;43m88888[0;1;30;90;47m;[0;37;5;47;107m;;;@[0;1;37;97;47m8:[0;37;5;47;107m8tttttt%%[0;1;37;97;47m%[0;31;43m8[0;1;30;90;43m8[0;37;5;47;107m%S[0;33;5;40;100mX[0;31;43m8[0;1;37;97;47m [0;37;5;47;107mSXXXX[0;37;5;40;100m8[0m
[0;37;5;40;100m8[0;37;5;47;107mtttt;[0;1;37;97;47mX[0;1;30;90;43m88[0;37;5;47;107m;;[0;33;5;40;100m.[0;1;30;90;43m8[0;1;37;97;47m%[0;37;5;47;107m::...    [0;1;30;90;47m;[0;1;37;97;47m.X[0;37;5;47;107m   [0;1;30;90;47m:[0;33;5;40;100m;;[0;1;30;90;43m88[0;1;37;97;47m%[0;37;5;47;107m   [0;1;37;97;47m8[0;1;30;90;47m.[0;1;37;97;47m.[0;37;5;47;107mX.:8[0;1;30;90;43m88888[0;37;5;47;107m8;8[0;1;30;90;47m8[0;1;30;90;43m88[0;1;37;97;47mt[0;37;5;47;107mttttttt%%[0;1;37;97;47mt[0;31;43m8[0;1;30;90;43m8[0;37;5;47;107m%S[0;33;5;40;100mX[0;31;43m8[0;1;37;97;47m [0;37;5;47;107mSXXXX[0;37;5;40;100m8[0m
[0;37;5;40;100mX[0;37;5;47;107mttttt[0;1;37;97;47m@[0;1;30;90;43m88[0;37;5;47;107m;;[0;37;5;40;100m8[0;1;30;90;43m8[0;1;37;97;47m;[0;37;5;47;107m::....   8[0;1;30;90;47mtS[0;1;37;97;47m;[0;37;5;47;107m: ;[0;1;30;90;47mX[0;1;30;90;43m88[0;1;30;90;47m8[0;37;5;47;107m; :S@@Xt:::[0;1;30;90;47m8[0;1;30;90;43m888[0;1;37;97;47mS[0;37;5;47;107m;[0;1;37;97;47m8[0;1;30;90;43m88@@8[0;37;5;47;107mttttttt%%[0;1;37;97;47m;[0;31;43m8[0;1;30;90;43m8[0;37;5;47;107mSS[0;1;30;90;43m8[0;31;43m8[0;1;37;97;47m:[0;37;5;47;107mSXXXX[0;37;5;40;100mX[0m
[0;36;5;40;100m [0;37;5;47;107mttttt8[0;1;30;90;43m88[0;37;5;47;107m%;[0;1;30;90;47m@[0;1;30;90;43m8[0;1;30;90;47m.[0;37;5;47;107m:::.....;[0;1;30;90;43m8888[0;1;30;90;47m8[0;37;5;47;107m:  @8;[0;1;37;97;47mt[0;1;30;90;47m8[0;1;30;90;43m8888888[0;1;30;90;47m@[0;1;37;97;47mX[0;37;5;47;107m;[0;1;37;97;47m8X[0;37;5;47;107m%;;[0;33;5;40;100mt[0;1;30;90;43m88@@8[0;37;5;47;107mtttttt%%%[0;1;30;90;47m:[0;31;43m8[0;33;5;40;100m;[0;37;5;47;107mSS[0;1;30;90;43mX[0;31;43m8[0;1;37;97;47mS[0;37;5;47;107mXXXX@[0;36;5;40;100m [0m
[0;30;5;40;100m@[0;37;5;47;107mtttttt[0;1;30;90;43m88[0;1;37;97;47m8[0;37;5;47;107m;[0;1;30;90;47m.[0;1;30;90;43m8[0;1;30;90;47m8[0;37;5;47;107m:::::...8[0;1;30;90;43m88888[0;1;37;97;47m;[0;37;5;47;107m   ;[0;1;30;90;47m8[0;1;30;90;43m88888888888[0;1;30;90;47m;[0;37;5;47;107m;;;;8[0;1;30;90;43m88@@@[0;1;30;90;47mX[0;37;5;47;107mtttttt%%%[0;1;30;90;47m8[0;31;43m8[0;1;30;90;47m@[0;37;5;47;107mS[0;1;37;97;47m8[0;31;43m88[0;37;5;47;107m8XXXX@[0;36;5;40;100m%[0m
 [0;37;5;47;107m%ttttt[0;33;5;40;100m.[0;1;30;90;43m8[0;1;37;97;47m [0;37;5;47;107m;[0;1;37;97;47m@[0;1;30;90;43m88[0;37;5;47;107m;::::::.;[0;1;30;90;43m88888[0;1;30;90;47m;[0;37;5;47;107m...[0;1;30;90;47mS[0;1;30;90;43m8888888888888[0;1;37;97;47m [0;37;5;47;107m;;;S[0;1;30;90;43m8@@@[0;33;5;40;100m:[0;37;5;47;107mSttttt%%%%[0;1;30;90;43m8[0;31;43m8[0;1;37;97;47m:[0;37;5;47;107mS[0;1;30;90;47m.[0;31;43m8[0;33;5;40;100m@[0;37;5;47;107mSXXXX@[0m 
 [0;1;37;97;47m;[0;37;5;47;107mttttt[0;1;30;90;47m:[0;1;30;90;43m8[0;37;5;40;100m8[0;37;5;47;107m;t[0;1;30;90;43m88[0;1;37;97;47mS[0;37;5;47;107m;;::::::[0;1;37;97;47m@[0;1;30;90;43m8888[0;1;37;97;47m@[0;37;5;47;107m..[0;1;37;97;47m;[0;1;30;90;43m888888888888888[0;1;30;90;47mS[0;37;5;47;107m@;t[0;1;37;97;47mS[0;1;30;90;47m88[0;1;37;97;47m:[0;37;5;47;107mttttttt%%%[0;1;37;97;47m%[0;31;43m8[0;1;30;90;43m@[0;37;5;47;107m@S[0;33;5;40;100m:[0;31;43m8[0;1;30;90;47m@[0;37;5;47;107mXXXX@[0;1;37;97;47mt[0m 
 [0;37;5;40;100mS[0;37;5;47;107mttttt8[0;1;30;90;43m88[0;37;5;47;107m8;[0;1;30;90;47m;[0;1;30;90;43m8[0;1;30;90;47m8[0;37;5;47;107m;;;;:::::X[0;1;37;97;47m [0;1;30;90;47m:[0;1;37;97;47m8[0;37;5;47;107m:;[0;1;37;97;47m [0;1;30;90;43m888888888888888888[0;33;5;40;100m;[0;1;30;90;47m%[0;1;37;97;47m%[0;37;5;47;107mStttttttt%%%%[0;33;5;40;100m.[0;31;43m8[0;1;30;90;47m8[0;37;5;47;107mS[0;1;37;97;47m8[0;31;43m88[0;1;37;97;47mS[0;37;5;47;107mXXXX@[0;37;5;40;100m@[0m 
  [0;37;5;47;107m%ttttt[0;1;30;90;47m8[0;1;30;90;43m@[0;1;30;90;47mX[0;37;5;47;107mtX[0;1;30;90;43m88[0;1;37;97;47mX[0;37;5;47;107m;;;;;;:::::X[0;1;30;90;47m.[0;1;30;90;43m8888888888888888888@@@@8[0;1;30;90;47m8[0;37;5;47;107m8ttttt%%%%[0;1;37;97;47mS[0;31;43m8[0;1;30;90;43mS[0;1;37;97;47m8[0;37;5;47;107mS[0;1;30;90;47m@[0;31;43m8[0;33;5;40;100m%[0;37;5;47;107mXXXX@@[0;1;30;90;40m8[0m 
  [0;1;30;90;47m;[0;37;5;47;107mttttt[0;1;37;97;47m8[0;1;30;90;43m@8[0;1;37;97;47m8[0;37;5;47;107mt[0;1;30;90;47m:[0;1;30;90;43m8[0;33;5;40;100m%[0;37;5;47;107m%;;;;;;;;8[0;1;30;90;47m8[0;1;30;90;43m88888888888888888888@@@@XXX8[0;37;5;47;107mXttt%%%%S[0;33;5;40;100mS[0;31;43m8[0;1;30;90;47m@[0;37;5;47;107mS[0;1;37;97;47m8[0;1;30;90;43mX[0;31;43m8[0;1;37;97;47m;[0;37;5;47;107mXXX@@[0;1;30;90;47m.[0m  
  [0;1;30;90;40m8[0;37;5;47;107m%ttttt[0;1;30;90;47m8[0;1;30;90;43m@[0;33;5;40;100m.[0;37;5;47;107mt%[0;33;5;40;100m;[0;1;30;90;43m8[0;1;30;90;47mX[0;37;5;47;107m;;;;;;;[0;1;37;97;47m8[0;1;30;90;43m88888888888888888888@@@@XXXX[0;31;43m88[0;1;37;97;47m%[0;37;5;47;107mtt%%%%%[0;1;30;90;47mS[0;31;43m8[0;1;30;90;43m8[0;37;5;47;107m@S[0;33;5;40;100m.[0;31;43m8[0;33;5;40;100m [0;37;5;47;107mXXXX@@[0;30;5;40;100m@[0m  
   [0;1;30;90;47mX[0;37;5;47;107mtttttX[0;1;30;90;43m8X[0;1;30;90;47m:[0;37;5;47;107mt8[0;1;30;90;43m88[0;1;37;97;47m.[0;37;5;47;107mt;;;;;[0;1;37;97;47mX[0;1;30;90;43m88888888888888888@@@@@XXXXX[0;31;43m88[0;1;30;90;43mX[0;37;5;47;107m8t%%%%%[0;1;37;97;47m:[0;31;43m8[0;1;30;90;43m@[0;1;37;97;47m@[0;37;5;47;107mS[0;1;30;90;47m:[0;31;43m8[0;1;30;90;43m8[0;37;5;47;107m8XXX@@[0;1;30;90;47m%[0m   
    [0;37;5;47;107m8ttttt[0;1;37;97;47m@[0;1;30;90;43m8@[0;1;37;97;47mS[0;37;5;47;107mt[0;1;37;97;47mX[0;1;30;90;43m88[0;1;37;97;47m%[0;37;5;47;107mttttt;[0;1;30;90;47m:[0;1;30;90;43m8888888888[0;33;5;40;100m:[0;1;30;90;47mX.[0;1;37;97;47m. [0;1;30;90;47mt8[0;1;30;90;43m8@XXXXX[0;31;43m888[0;1;30;90;43m@[0;1;37;97;47m:[0;37;5;47;107m%%%%%%[0;1;37;97;47m%[0;1;30;90;43mX[0;31;43m8[0;1;37;97;47mt[0;37;5;47;107mS[0;1;37;97;47mS[0;1;30;90;43mX[0;31;43m8[0;1;37;97;47mt[0;37;5;47;107mXXX@@[0;1;37;97;47m8[0m    
    [0;36;5;40;100m%[0;37;5;47;107m%ttttt[0;1;37;97;47m;[0;1;30;90;43mX8[0;1;37;97;47m8[0;37;5;47;107mt[0;1;37;97;47m%[0;1;30;90;43m88[0;1;37;97;47mt[0;37;5;47;107mtttttt@[0;1;37;97;47m [0;1;30;90;47m@[0;33;5;40;100m :.[0;1;30;90;47m8:[0;1;37;97;47mX[0;37;5;47;107m%tttttttt[0;1;37;97;47m8[0;1;30;90;47m;[0;33;5;40;100m;[0;1;30;90;43m8[0;31;43m88[0;1;30;90;43m8[0;33;5;40;100m:[0;1;30;90;47m;[0;37;5;47;107m@%%%%%%[0;1;37;97;47mt[0;1;30;90;43m@[0;31;43m8[0;1;37;97;47m.[0;37;5;47;107mS[0;1;37;97;47m@[0;1;30;90;43m8[0;31;43m8[0;1;30;90;47m;[0;37;5;47;107mXXX@@@[0;36;5;40;100mt[0m    
     [0;36;5;40;100m [0;37;5;47;107m%ttttt[0;1;30;90;47m.[0;1;30;90;43mX8[0;1;37;97;47m8[0;37;5;47;107mt[0;1;37;97;47mS[0;1;30;90;43m8@[0;1;30;90;47m:[0;37;5;47;107mttttttttttttttttttttttttttt%%t%%%%%%%%[0;1;30;90;47m:[0;31;43m8[0;1;30;90;43mX[0;1;37;97;47m:[0;37;5;47;107mS[0;1;37;97;47mX[0;1;30;90;43m8[0;31;43m8[0;1;30;90;47mS[0;37;5;47;107mXXX@@@[0;36;5;40;100m [0m     
      [0;1;30;90;47m8[0;37;5;47;107m%%%ttt[0;1;30;90;47m.[0;31;43m8[0;1;30;90;43m@[0;1;37;97;47m%[0;37;5;47;107mt[0;1;37;97;47m8[0;1;30;90;43m8X[0;1;30;90;47m8[0;37;5;47;107mStttttttttttttttttttttttttt%%%%%%%%X[0;1;30;90;47m8[0;31;43m8[0;1;30;90;43m8[0;1;37;97;47m%[0;37;5;47;107mS[0;1;37;97;47m%[0;1;30;90;43m@[0;31;43m8[0;1;30;90;47mS[0;37;5;47;107mXXX@@@[0;1;30;90;47m@[0m      
       [0;1;30;90;47mX[0;37;5;47;107m%%%%tt[0;1;37;97;47m:[0;1;30;90;43m@X[0;1;30;90;47m:[0;37;5;47;107mt@[0;33;5;40;100m [0;31;43m8[0;1;30;90;43m8[0;1;37;97;47m@[0;37;5;47;107mtttttttttttttttttttttt%%%%%%%%%%[0;1;37;97;47m@[0;33;5;40;100mS[0;31;43m8[0;33;5;40;100m;[0;37;5;47;107m8S[0;1;30;90;47m.[0;31;43m88[0;1;30;90;47m:[0;37;5;47;107mXXX@@@[0;1;30;90;47m%[0m       
        [0;1;30;90;47m8[0;37;5;47;107m%%%%%%[0;1;37;97;47m8[0;1;30;90;43m8[0;31;43m8[0;1;30;90;47m8[0;37;5;47;107mXt[0;1;37;97;47m [0;1;30;90;43m8X[0;1;30;90;47mX[0;37;5;47;107mXttttttttttttttttt%%%%%%%%%%%@[0;1;30;90;47mX[0;31;43m8[0;1;30;90;43mX[0;1;30;90;47m;[0;37;5;47;107mX8[0;1;30;90;47m8[0;31;43m8[0;1;30;90;43m8[0;1;37;97;47m%[0;37;5;47;107mXX@@@@[0;1;30;90;47mX[0m        
         [0;37;5;40;100mX[0;37;5;47;107m%%%%%%X[0;1;30;90;47m8[0;31;43m8[0;1;30;90;43m8[0;1;37;97;47m%[0;37;5;47;107mt8[0;33;5;40;100m.[0;31;43m8[0;1;30;90;43m8[0;1;37;97;47m [0;37;5;47;107m%tttttttttt%%%%%%%%%%%%%%S[0;1;37;97;47m.[0;1;30;90;43m8[0;31;43m8[0;33;5;40;100mt[0;1;37;97;47m8[0;37;5;47;107mS[0;1;37;97;47mt[0;1;30;90;43m8[0;31;43m8[0;33;5;40;100m:[0;37;5;47;107m8XX@@@@[0;37;5;40;100mX[0m         
          [0;36;5;40;100m;[0;37;5;47;107m8%%%%%%[0;1;37;97;47m.[0;1;30;90;43m8[0;31;43m8[0;1;30;90;47m8[0;37;5;47;107m8%[0;1;37;97;47m;[0;1;30;90;43m8[0;31;43m8[0;33;5;40;100mS[0;1;37;97;47mt[0;37;5;47;107m%%%%%%%%%%%%%%%%%%%%SS[0;1;37;97;47mt[0;33;5;40;100m%[0;31;43m8[0;1;30;90;43m8[0;1;37;97;47m.[0;37;5;47;107mX8[0;1;30;90;47m8[0;31;43m8[0;1;30;90;43mX[0;1;30;90;47m;[0;37;5;47;107mXX@@@@[0;1;37;97;47m8[0;36;5;40;100m:[0m          
            [0;1;37;97;47m:[0;37;5;47;107mS%%%%%8[0;1;30;90;47m8[0;31;43m8[0;1;30;90;43m@[0;1;30;90;47mt[0;37;5;47;107mX%[0;1;37;97;47m.[0;1;30;90;43m8[0;31;43m8[0;33;5;40;100mS[0;1;37;97;47m.[0;37;5;47;107mS%%%%%%%%%%%%%SSSS[0;1;37;97;47m.[0;33;5;40;100mS[0;31;43m8[0;1;30;90;43m8[0;1;30;90;47m:[0;37;5;47;107mX@[0;1;30;90;47m;[0;1;30;90;43m@[0;31;43m8[0;37;5;40;100m8[0;1;37;97;47m8[0;37;5;47;107mX@@@@@[0;1;37;97;47m;[0m            
             [0;37;5;40;100m@[0;37;5;47;107mXSSS%%%[0;1;37;97;47m@[0;33;5;40;100mt[0;31;43m8[0;1;30;90;43m8[0;1;30;90;47m.[0;37;5;47;107mSS[0;1;37;97;47m [0;1;30;90;43m8[0;31;43m8[0;1;30;90;43m8[0;1;30;90;47m;[0;37;5;47;107m@%%%%%%SSSSSS@[0;1;30;90;47m:[0;1;30;90;43m8[0;31;43m8[0;1;30;90;43m8[0;1;30;90;47m;[0;37;5;47;107m@X[0;1;30;90;47m.[0;1;30;90;43m8[0;33;41m8[0;33;5;40;100mS[0;1;37;97;47mt[0;37;5;47;107mX@@@@@8[0;37;5;40;100m8[0m             
              [0;30;5;40;100m8[0;1;37;97;47m;[0;37;5;47;107mSSSSSSS[0;1;37;97;47m;[0;33;5;40;100mS[0;31;43m8[0;1;30;90;43m8[0;1;30;90;47m:[0;37;5;47;107mXS[0;1;37;97;47m;[0;33;5;40;100m:[0;31;43m8[0;1;30;90;43mX[0;1;30;90;47m8[0;1;37;97;47m%[0;37;5;47;107mSSSSSSSS[0;1;37;97;47m%[0;1;30;90;47m8[0;1;30;90;43m@[0;31;43m8[0;33;5;40;100mt[0;1;37;97;47m.[0;37;5;47;107mX@[0;1;30;90;47m:[0;1;30;90;43m8[0;33;41m8[0;33;5;40;100m@[0;1;30;90;47m [0;37;5;47;107m@@@@@@@[0;1;37;97;47m:[0;30;5;40;100m8[0m              
                [0;36;5;40;100m [0;1;37;97;47m8[0;37;5;47;107mSSSSSSS[0;1;37;97;47m;[0;33;5;40;100m;[0;31;43m8[0;1;30;90;43m8[0;1;30;90;47mX[0;1;37;97;47m8[0;37;5;47;107mS[0;1;37;97;47m8[0;1;30;90;47mX[0;1;30;90;43m8[0;31;43m8[0;1;30;90;43m8[0;1;30;90;47m@[0;1;37;97;47mS[0;37;5;47;107mSS[0;1;37;97;47mX[0;1;30;90;47mX[0;1;30;90;43m8[0;31;43m8[0;1;30;90;43m8[0;1;30;90;47m@[0;1;37;97;47mX[0;37;5;47;107mX[0;1;37;97;47m8[0;1;30;90;47mX[0;1;30;90;43m8[0;33;41m8[0;33;5;40;100mS[0;1;37;97;47m.[0;37;5;47;107m@@@@@@@[0;1;37;97;47m8[0;36;5;40;100m [0m                
                  [0;37;5;40;100m8[0;37;5;47;107m@SSSSSSS[0;1;37;97;47mS[0;37;5;40;100m8[0;31;43m88[0;33;5;40;100m:[0;1;37;97;47m:[0;37;5;47;107mXX[0;1;37;97;47m;[0;1;30;90;47m8[0;1;30;90;43m@[0;31;43m8[0;1;30;90;43m88[0;31;43m8[0;1;30;90;43mX[0;37;5;40;100m8[0;1;37;97;47m:[0;37;5;47;107mXX[0;1;37;97;47m;[0;33;5;40;100m.[0;31;43m8[0;33;41m8[0;33;5;40;100m:[0;1;37;97;47m;[0;37;5;47;107m@@@@@@@8[0;37;5;40;100m8[0m                  
                    [0;1;30;90;47m8[0;37;5;47;107m8XXXXXXX[0;1;37;97;47m8[0;1;30;90;47mS[0;1;30;90;43m8[0;31;43m8[0;1;30;90;43m8[0;1;30;90;47m@[0;1;37;97;47mS[0;37;5;47;107mX@[0;1;37;97;47m:[0;1;30;90;47m8[0;37;5;40;100m8[0;1;37;97;47m.[0;37;5;47;107m8X[0;1;37;97;47mS[0;1;30;90;47m@[0;1;30;90;43m8[0;33;41m8[0;1;30;90;43m8[0;1;30;90;47mX[0;1;37;97;47m@[0;37;5;47;107m@@@@@@@8[0;1;30;90;47m8[0m                    
                      [0;37;5;40;100m@[0;1;37;97;47m8[0;37;5;47;107mXXXXXXXX[0;1;37;97;47mt[0;1;30;90;47m8[0;1;30;90;43m@[0;33;41m8[0;1;30;90;43m8[0;1;30;90;47m8[0;1;37;97;47mt[0;37;5;47;107m@@[0;1;37;97;47mt[0;1;30;90;47m@[0;33;5;40;100m8[0;33;41m8[0;1;30;90;43mX[0;37;5;40;100m8[0;1;37;97;47m:[0;37;5;47;107m@@@@@@@@[0;1;37;97;47m8[0;37;5;40;100m8[0m                      
                        [0;36;5;40;100m [0;1;37;97;47mS[0;37;5;47;107mXXXXXXXX@[0;1;37;97;47m:[0;37;5;40;100m8[0;1;30;90;43m@[0;33;41m8[0;1;30;90;43m@@[0;33;41m8[0;1;30;90;43mX[0;33;5;40;100m [0;1;37;97;47m.[0;37;5;47;107m8@@@@@@@@[0;1;37;97;47mS[0;36;5;40;100m [0m                        
                          [0;30;5;40;100mS[0;1;30;90;47m%[0;37;5;47;107m8@@@@@@@@@[0;1;37;97;47m;[0;1;30;90;47m@8[0;1;37;97;47m:[0;37;5;47;107m8@@@@@@@@8[0;1;30;90;47m;[0;36;5;40;100mt[0m                          
                             [0;36;5;40;100m [0;1;37;97;47m.[0;37;5;47;107m@@@@@@@@@@@@@@@@@@[0;1;37;97;47m:[0;36;5;40;100m [0m                             
                                [0;36;5;40;100m [0;1;37;97;47m;[0;37;5;47;107m@@@@@@@@@@@@[0;1;37;97;47mt[0;37;5;40;100mX[0m                                
                                   [0;36;5;40;100m [0;1;30;90;47m;[0;37;5;47;107m8@@@@8[0;1;30;90;47m.[0;36;5;40;100m [0m                                   
                                      [0;30;5;40;100mS[0;37;5;40;100m@@[0;36;5;40;100m%[0m                                      
