[0;36;5;40;100m [0;1;30;90;47m.... S[0;1;30;90;44mXS[0;1;30;90;47mX [0;1;37;97;47m           [0;1;30;90;47mS[0;1;30;90;44m@X[0;1;30;90;47mX[0;1;37;97;47m            [0;1;30;90;47mS[0;1;30;90;44mXS[0;1;30;90;47m@[0;1;37;97;47m      [0;1;30;90;47m      X[0;1;30;90;44mS%[0;1;30;90;47m8.....:::::::@[0;1;30;90;44mSt[0;1;30;90;47m8;;;;;[0;36;5;40;100m [0m
[0;37;5;40;100m@[0;37;5;47;107m%%%X[0;1;30;90;47m8[0;34;5;44;104m8888[0;1;30;90;47m8[0;37;5;47;107mXtttttttt%[0;1;30;90;47m@[0;34;5;44;104m8888[0;1;30;90;47m8[0;37;5;47;107mStttttttt%[0;1;30;90;47m8[0;34;5;44;104m8888[0;1;30;90;47m8[0;37;5;47;107mSttttttttS[0;1;30;90;47m8[0;34;5;44;104m8[0;1;34;94;44m888[0;1;30;90;47m8[0;37;5;47;107mXSSSSSSSX8[0;1;30;90;47m8[0;1;34;94;44m8888[0;1;30;90;47m8[0;37;5;47;107m8@@@[0;37;5;40;100m8[0m
[0;37;5;40;100m@[0;37;5;47;107m%%%[0;34;5;44;104m88888888[0;37;5;47;107m%ttttttt[0;34;5;44;104m88888888[0;37;5;47;107mtttttttt[0;34;5;44;104m@8888888[0;37;5;47;107mtttttttt[0;34;5;44;104m8[0;1;34;94;44m888888[0;34;5;44;104m8[0;37;5;47;107m%SSSSSSS[0;1;34;94;44m888888@8[0;37;5;47;107m8@@[0;37;5;40;100m8[0m
[0;37;5;40;100m@[0;37;5;47;107m%%%[0;34;5;44;104m88888888[0;37;5;47;107mSttttttt[0;34;5;44;104m888888[0;35;5;40;100mt[0;33;5;40;100m:[0;37;5;47;107m%;;;;;;;[0;34;5;44;104m88888888[0;37;5;47;107m%ttttttt[0;35;5;40;100m;;[0;1;34;94;44m888888[0;37;5;47;107mS%%SSSSS[0;1;34;94;44m8888888@[0;1;37;97;47m8[0;37;5;47;107m@@[0;37;5;40;100m8[0m
[0;37;5;40;100m@[0;37;5;47;107m%tt[0;34;5;44;104m88888888[0;37;5;47;107mSt8%tt;t[0;34;5;44;104m88888[0;35;5;40;100mt[0;33;5;43;103mt[0;33;5;40;100m%[0;37;5;47;107m%;;;;;;;[0;34;5;44;104m88888888[0;37;5;47;107mtttttttt[0;33;5;40;100mt[0;33;5;43;103mt[0;35;5;40;100m%[0;1;34;94;44m8[0;34;5;44;104m8[0;1;34;94;44m888[0;37;5;47;107m%%%%X[0;1;37;97;47m@[0;37;5;47;107mSS[0;1;34;94;44m88888888[0;37;5;47;107m8@@[0;37;5;40;100m8[0m
[0;37;5;40;100m@[0;37;5;47;107mttt[0;34;5;44;104m88888888[0;37;5;47;107mSS[0;1;30;90;43m8[0;1;30;90;47m [0;37;5;47;107m;;;t[0;34;5;44;104m8888[0;33;5;40;100m [0;33;5;43;103mt;[0;34;5;40;100mX[0;37;5;47;107mt;;;;;;;[0;34;5;44;104m88888888[0;37;5;47;107mtttttttt[0;1;30;90;44m8[0;33;5;43;103m%%[0;33;5;40;100mt[0;1;34;94;44m8[0;34;5;44;104m8[0;1;34;94;44m88[0;37;5;47;107m%%%%[0;1;30;90;47m.[0;1;30;90;43mS[0;37;5;47;107m8S[0;1;34;94;44m88888888[0;37;5;47;107m8@@[0;37;5;40;100m8[0m
[0;37;5;40;100m8[0;37;5;47;107mtt[0;1;37;97;47m [0;34;5;44;104m88888888[0;1;37;97;47m [0;1;30;90;47mt[0;33;5;43;103m;[0;1;30;90;47m:[0;37;5;47;107m;;;[0;1;37;97;47m [0;34;5;44;104m88[0;1;30;90;44m8[0;1;30;90;43m8[0;33;5;43;103m::[0;33;5;40;100mS[0;34;5;44;104m8[0;1;37;97;47m [0;37;5;47;107m;:::;;[0;1;37;97;47m [0;34;5;44;104m88888888[0;1;37;97;47m [0;37;5;47;107mtttttt[0;1;37;97;47m [0;34;5;44;104m8[0;33;5;40;100mX[0;33;5;43;103m;;[0;1;30;90;43mX[0;1;30;90;44mX[0;34;5;44;104m8[0;1;34;94;44m8[0;1;37;97;47m [0;37;5;47;107m%%%[0;1;30;90;47mt[0;33;5;43;103mt[0;1;30;90;43m8[0;1;37;97;47m [0;1;34;94;44m88888888[0;1;30;90;47m8[0;37;5;47;107m@@[0;37;5;40;100m8[0m
[0;37;5;40;100m8[0;1;37;97;47mX[0;36;5;44;104m8[0;34;5;44;104m888888888[0;1;30;90;44mX[0;33;5;43;103mS;[0;1;30;90;47m:[0;37;5;47;107m;8[0;36;5;44;104m@[0;34;5;44;104m88[0;35;5;40;100m [0;33;5;43;103mS::[0;1;30;90;43m8[0;1;34;94;44m8[0;34;5;44;104m@@[0;36;5;44;104mX[0;1;37;97;47m@[0;37;5;47;107m::8[0;36;5;44;104mX[0;34;5;44;104m@888888888[0;36;5;44;104m@[0;1;37;97;47m%[0;37;5;47;107mtt[0;1;37;97;47mS[0;36;5;44;104m8[0;34;5;44;104m88[0;1;34;94;44m8[0;33;5;40;100m8[0;33;5;43;103m;;S[0;33;5;40;100m;[0;1;34;94;44m@8[0;34;5;44;104m8[0;1;37;97;47m;[0;37;5;47;107m%[0;1;30;90;47m;[0;33;5;43;103mtS[0;1;30;90;44mS[0;1;34;94;44m8888888888[0;1;37;97;47m.[0;37;5;40;100m8[0m
[0;36;5;40;100mt.....  [0;37;5;40;100m [0;1;30;90;47m888[0;33;5;40;100m [0;33;5;43;103m;t[0;1;30;90;47m8[0;1;37;97;47m [0;1;30;90;47m88[0;35;5;40;100mt[0;1;30;90;43m8[0;33;5;43;103m::;[0;1;30;90;47mS888888[0;1;37;97;47m .[0;1;30;90;47m88888888888888[0;1;37;97;47m  [0;1;30;90;47m8[0;36;5;40;100m   ..[0;33;5;40;100m [0;33;5;43;103m%;;[0;1;30;90;43mS[0;1;30;90;44m8[0;36;5;40;100m::[0;1;37;97;47m [0;1;30;90;47m8[0;33;5;43;103mSt[0;33;5;40;100mX[0;36;5;40;100m;;;;;;;tttt%[0m
[0;1;30;90;44m%[0;1;30;90;47m@[0;37;5;47;107m%ttt8[0;37;43m8[0;37;5;47;107m@;;;[0;37;43m8[0;33;5;43;103m:;[0;34;5;40;100mX[0;34;5;44;104m@[0;1;37;97;47m ;[0;33;5;43;103mS::%[0;1;37;97;47m;[0;37;5;47;107m:....:[0;1;37;97;47m [0;34;5;44;104mXX[0;1;37;97;47m [0;37;5;47;107m:.:::::::;;;[0;1;37;97;47m [0;34;5;44;104m88[0;1;37;97;47m [0;37;5;47;107mtttttt[0;1;30;90;47m [0;33;5;43;103m@;;X[0;1;30;90;47m:[0;1;37;97;47m [0;34;5;44;104m8[0;1;30;90;44m@[0;33;5;43;103mtt[0;1;30;90;43m8[0;37;5;47;107mSSS8[0;1;30;90;43m8[0;1;37;97;47mS[0;37;5;47;107mXXX@[0;1;30;90;47m@[0;1;30;90;44m%[0m
[0;30;44m%[0;34;5;44;104m88[0;1;37;97;47m;[0;37;5;47;107mtt[0;1;30;90;47m.[0;33;5;43;103m;[0;1;30;90;47m:[0;37;5;47;107m;;;[0;33;47m8[0;33;5;43;103m::[0;1;33;93;43m8[0;35;5;40;100mS.[0;33;5;43;103mt:.%[0;1;37;97;47mt[0;37;5;47;107m.....8[0;37;5;44;104m8[0;34;5;44;104mXXXX[0;36;5;44;104mX[0;1;37;97;47mX[0;37;5;47;107m...:::::[0;1;37;97;47mS[0;36;5;44;104m@[0;34;5;44;104m8888@[0;1;37;97;47m:[0;37;5;47;107mttttt[0;1;37;97;47m:[0;33;5;43;103m@;;%[0;35;5;40;100mt[0;1;30;90;44m@[0;1;33;93;43m%[0;33;5;43;103mtt[0;1;30;90;43m8[0;37;5;47;107mSSS[0;1;30;90;47m;[0;33;5;43;103mS[0;1;30;90;47m%[0;37;5;47;107mXX[0;1;37;97;47m:[0;1;34;94;44m88[0;30;44m%[0m
[0;30;44m%[0;34;5;44;104m888[0;37;5;47;107mtt[0;1;37;97;47m:[0;33;5;43;103m%[0;1;33;93;43m8[0;1;37;97;47m@[0;37;5;47;107m;;[0;34;5;40;100m@[0;33;5;43;103mt::::.[0;37;5;43;103m%%[0;1;30;90;47m [0;37;5;47;107m.     [0;34;5;44;104mXXXXXXXX[0;37;5;47;107mt...::::[0;34;5;44;104m@8888888[0;37;5;47;107mSttttt[0;1;30;90;47m:[0;33;5;43;103m%;;;ttt%[0;1;30;90;44m8[0;37;5;47;107mXS[0;1;37;97;47mS[0;1;33;93;43mS[0;33;5;43;103m%[0;1;30;90;47m;[0;37;5;47;107mXX[0;1;34;94;44m888[0;30;44m%[0m
[0;30;44m%[0;34;5;44;104m888[0;37;5;47;107mtt%[0;1;30;90;43m8[0;33;5;43;103m;[0;1;33;93;43m8[0;1;37;97;47m%[0;37;5;47;107m;[0;34;5;44;104m8[0;33;5;40;100m;[0;33;5;43;103m:::[0;37;5;43;103m%%S[0;33;47m8[0;37;5;47;107m:      [0;34;5;44;104mSXXXXXXX[0;37;5;47;107m;.....::[0;34;5;44;104m@8888888[0;37;5;47;107mStttttt[0;1;30;90;43m8[0;33;5;43;103m;;;ttt[0;1;30;90;43m8[0;1;34;94;44m8[0;37;5;47;107mX[0;1;37;97;47m:[0;1;33;93;43mS[0;33;5;43;103mt[0;1;30;90;43mS[0;37;5;47;107m8SX[0;1;34;94;44m888[0;30;44m%[0m
[0;30;44m%[0;34;5;44;104m888[0;37;5;47;107mtt;[0;1;37;97;47m@[0;1;33;93;43m8[0;33;5;43;103m:%[0;33;47m8[0;1;34;94;44m8[0;34;5;44;104m8[0;33;5;40;100m:[0;33;5;43;103m:[0;37;5;43;103m%%S[0;33;5;43;103m%[0;1;37;97;47m8[0;37;5;47;107m       [0;36;5;44;104mX[0;34;5;44;104mXXXXXXX[0;37;5;47;107m;  ....:[0;34;5;44;104m@@888888[0;37;5;47;107mStttttt[0;1;37;97;47m%[0;33;5;43;103m8;;;t[0;1;30;90;43m8[0;1;34;94;44mXX[0;33;47m8[0;33;5;43;103mXt[0;1;33;93;43m@[0;1;37;97;47m;[0;37;5;47;107mSSX[0;1;34;94;44m888[0;30;44m%[0m
[0;30;44m%[0;34;5;44;104m888[0;37;5;47;107mt;;;[0;1;37;97;47mX[0;1;33;93;43m8[0;33;5;43;103m::X[0;33;5;40;100m [0;35;5;40;100m:[0;1;33;93;43m8[0;37;5;43;103m%SS[0;1;30;90;43m8[0;37;5;47;107m.       [0;36;5;44;104mXXXX[0;34;5;44;104mSXXX[0;37;5;47;107m;   ...:[0;34;5;44;104m@@@88888[0;37;5;47;107mSttttttt[0;1;30;90;43m8[0;33;5;43;103m;;;[0;1;33;93;43mX[0;34;5;40;100m@[0;33;5;40;100m:[0;1;33;93;43mX[0;33;5;43;103mtt[0;1;33;93;43mX[0;1;37;97;47m:[0;37;5;47;107mSSSX[0;1;34;94;44m888[0;30;44m%[0m
[0;30;44m%[0;34;5;44;104m888[0;36;5;40;100m [0;37;5;47;107m8;;;8[0;33;47m8[0;33;5;43;103m;:::[0;37;5;43;103m%SSS[0;35;5;40;100m [0;1;30;90;47m8[0;37;5;47;107m@    S[0;1;30;90;47m8[0;36;5;44;104mXXXXXX[0;34;5;44;104mXX[0;1;30;90;47m8[0;37;5;47;107m@  ..@[0;1;30;90;47m8[0;34;5;44;104m@@@88888[0;36;5;40;100m [0;37;5;47;107m8tttt8[0;36;5;40;100m.[0;34;5;40;100mX[0;33;5;43;103m;;;tttt%[0;1;30;90;43m8[0;1;37;97;47mX[0;37;5;47;107mSSS[0;1;37;97;47mX[0;36;5;40;100m:[0;1;34;94;44m888[0;30;44m%[0m
[0;30;44m%[0;34;5;44;104m88888[0;1;30;90;47m8[0;37;5;47;107mS%[0;1;30;90;47m8[0;34;5;44;104m8[0;35;5;40;100mS[0;1;30;90;43m8[0;33;5;43;103m;:[0;37;5;43;103m%SSS[0;35;5;40;100m.[0;34;5;44;104mXX[0;1;37;97;47m [0;37;5;47;107m;:[0;1;37;97;47m [0;36;5;44;104mXXXXXXXX[0;34;5;44;104mSXXX[0;1;37;97;47m [0;37;5;47;107m;:[0;1;37;97;47m [0;34;5;44;104mX@@@@8888888[0;1;30;90;47m8[0;37;5;47;107mXS[0;1;30;90;47m8[0;34;5;44;104m88[0;1;30;90;44mX[0;33;5;43;103m;;;tt%[0;1;30;90;43mX[0;34;5;40;100m8[0;1;34;94;44m8[0;1;30;90;47m8[0;37;5;47;107m8@[0;1;30;90;47m8[0;1;34;94;44m88888[0;30;44m%[0m
[0;36;5;40;100m.[0;1;37;97;47m      [0;1;30;90;47m88[0;1;37;97;47m  ..t[0;33;47m@[0;37;5;43;103m%SSS[0;1;30;90;47mS[0;1;37;97;47mttt  %%%%S%%%%%tttt[0;1;30;90;47m88[0;1;37;97;47m;:::...       [0;1;30;90;47m88[0;1;37;97;47m   [0;37;5;40;100mX[0;33;5;43;103m;;;t[0;37;43m8[0;1;30;90;47m.[0;1;37;97;47m    [0;1;30;90;47m88[0;1;37;97;47m   [0;1;30;90;47m%%%[0;36;5;40;100m.[0m
[0;37;5;40;100m8[0;37;5;47;107mtttt8[0;37;5;40;100m [0;34;5;44;104m88[0;37;5;40;100mt[0;1;37;97;47m8[0;37;5;47;107m:::[0;1;37;97;47mt[0;33;5;43;103m:[0;37;5;43;103mSSS[0;1;30;90;47m [0;37;5;47;107m @[0;1;30;90;47m8[0;34;5;44;104mX[0;36;5;44;104mX[0;1;30;90;47m8[0;37;5;47;107m8          @[0;1;30;90;47m8[0;34;5;44;104mXX[0;1;30;90;47m8[0;37;5;47;107m8.::::;;;;;8[0;36;5;44;104m@[0;34;5;44;104m88[0;36;5;44;104m8[0;1;37;97;47mX[0;37;5;47;107mt[0;1;30;90;47m%[0;33;5;43;103m;;;t[0;1;30;90;47m:[0;37;5;47;107m%%%[0;1;37;97;47mS[0;35;5;40;100m.[0;1;34;94;44m88[0;34;5;44;104m8[0;1;37;97;47m%[0;37;5;47;107mXXXX[0;37;5;40;100m8[0m
[0;37;5;40;100m8[0;37;5;47;107mttt[0;1;30;90;47m8[0;34;5;44;104m8888[0;33;5;40;100m%[0;1;30;90;43m8[0;1;30;90;47m8[0;37;5;47;107m;:X[0;1;33;93;43m8[0;37;5;43;103m%SS[0;33;47m8[0;1;37;97;47m [0;34;5;44;104mXXXXS[0;36;5;44;104mX[0;1;30;90;47mX[0;37;5;47;107m.       [0;1;37;97;47m [0;34;5;44;104mXXXXXX[0;1;30;90;47m8[0;37;5;47;107m::::;;;;[0;1;30;90;47m8[0;34;5;44;104m888888[0;1;30;90;47m8[0;1;30;90;43m8[0;33;5;43;103m;;;[0;1;33;93;43mS[0;1;37;97;47m8[0;37;5;47;107m%%[0;1;30;90;47m8[0;1;30;90;43m8@[0;1;34;94;44m8888[0;1;30;90;47m8[0;37;5;47;107m@XX[0;37;5;40;100m8[0m
[0;37;5;40;100m8[0;37;5;47;107mttt[0;34;5;44;104m88888[0;35;5;40;100m;[0;33;5;43;103m:@[0;33;47mX[0;1;37;97;47mX[0;37;5;47;107m8[0;37;43mX[0;37;5;43;103m%SS[0;33;5;43;103m%[0;1;30;90;44m8[0;34;5;44;104mXXXXXSS[0;37;5;47;107m.       [0;36;5;44;104mX[0;34;5;44;104mXXXXX@@[0;37;5;47;107m;::;;;;;[0;34;5;44;104m8888888[0;1;34;94;44m%[0;33;5;43;103m8;;;[0;1;30;90;43mt[0;1;37;97;47m@t[0;33;47m8[0;1;33;93;43mX[0;33;5;43;103mt[0;35;5;40;100mS[0;1;34;94;44m88888[0;37;5;47;107m8XX[0;37;5;40;100m8[0m
[0;37;5;40;100mX[0;37;5;47;107mttt[0;34;5;44;104m88888[0;1;34;94;44m8[0;1;30;90;43m8[0;33;5;43;103m;::t:.[0;37;5;43;103m%SS[0;33;5;40;100m [0;34;5;44;104mXXXXXXX[0;37;5;47;107m.       [0;36;5;44;104mX[0;34;5;44;104mXXXX@@@[0;37;5;47;107m;::;;;;;[0;34;5;44;104m8888888[0;35;5;40;100m;[0;33;5;43;103m;;;;tSttt[0;1;30;90;43m8[0;1;34;94;44mX88888[0;37;5;47;107m8XX[0;37;5;40;100mX[0m
[0;36;5;40;100m [0;37;5;47;107mttt[0;34;5;44;104m8888888[0;35;5;40;100m%[0;37;43m@[0;33;5;43;103m%:::.[0;37;5;43;103m%S[0;33;5;43;103m%[0;1;30;90;44m8[0;34;5;44;104mXXXXXX[0;37;5;47;107m:       [0;34;5;44;104mXXXX@@@@[0;37;5;47;107m;:;;;;;;[0;34;5;44;104m888888[0;1;34;94;44m%[0;1;33;93;43m@[0;33;5;43;103m;;;tttS[0;1;33;93;43mX[0;34;5;40;100mX[0;1;34;94;44m8888888[0;37;5;47;107m8X@[0;36;5;40;100m [0m
[0;30;5;40;100m@[0;37;5;47;107mtt8[0;34;5;44;104m88888888[0;37;5;47;107m88[0;1;37;97;47mS%[0;33;47m8[0;33;5;43;103m;:[0;37;5;43;103m%%[0;37;43m@[0;34;5;44;104m8XXXXX[0;37;5;47;107mS     .%[0;34;5;44;104mXX@@@@@@[0;37;5;47;107m@;;;;;;@[0;34;5;44;104m88888[0;1;34;94;44m8[0;1;30;90;43m8[0;33;5;43;103m;;;t[0;37;43mS[0;33;47mX[0;1;37;97;47m;X[0;37;5;47;107m8[0;1;34;94;44m88888888[0;1;37;97;47mS[0;37;5;47;107mX@[0;36;5;40;100m%[0m
 [0;37;5;47;107mS[0;1;30;90;47mX[0;34;5;44;104m8888888888[0;1;37;97;47m [0;37;5;47;107mt:;[0;33;47m8[0;33;5;43;103m:::[0;37;5;43;103m%[0;33;5;40;100m [0;34;5;44;104m@XXXXX[0;1;37;97;47m [0;37;5;47;107m:..:[0;1;37;97;47m [0;34;5;44;104mX@@@@@@@8@[0;1;30;90;47mX[0;37;5;47;107m%;;t[0;1;37;97;47m [0;34;5;44;104m888888[0;33;5;40;100m;[0;33;5;43;103m;;;;[0;1;30;90;43m8[0;37;5;47;107mX%S[0;1;30;90;47mX[0;34;5;44;104m8[0;1;34;94;44m888888888[0;1;30;90;47m8[0;37;5;47;107m8[0m 
 [0;1;30;90;44m8[0;34;5;44;104m888888888888@[0;1;37;97;47m:%[0;35;5;40;100mt[0;37;43mS[0;33;5;43;103m::::[0;33;5;40;100m [0;34;5;44;104m8@@@@@[0;36;5;44;104mX[0;1;37;97;47mtS[0;36;5;44;104mX[0;34;5;44;104m@@@@@@@88888@[0;1;37;97;47m.;[0;34;5;44;104m@88888[0;1;34;94;44m8[0;33;5;40;100m;[0;33;5;43;103mt;;;[0;1;33;93;43mS[0;1;30;90;44m8[0;1;37;97;47m .[0;34;5;44;104m8[0;1;34;94;44m888888888888%[0m 
 [0;37;5;40;100mS[0;37;5;47;107mttttttttttt;8[0;1;30;90;47m88[0;37;5;47;107m8[0;1;37;97;47m@[0;33;5;43;103m@::::[0;33;47m8[0;37;5;47;107m8::::X[0;1;30;90;47m88[0;37;5;47;107m8::::;;;;;;;;8[0;1;30;90;47m8[0;36;5;40;100m [0;37;5;47;107m8tttt[0;1;37;97;47m8[0;1;30;90;43m8[0;33;5;43;103m;;;;[0;1;33;93;43m@[0;1;37;97;47m;[0;37;5;47;107m8[0;36;5;40;100m.[0;36;5;44;104m8[0;1;37;97;47m@[0;37;5;47;107mSSSSSXXXXX@@[0;37;5;40;100m@[0m 
  [0;1;30;90;47m8[0;37;5;47;107mStttttttt%[0;1;30;90;47m@[0;34;5;44;104m8888[0;1;30;90;47m8[0;1;37;97;47m%[0;1;33;93;43m8[0;33;5;43;103m::::@[0;1;37;97;47mt[0;37;5;47;107m;t[0;1;30;90;47mX[0;34;5;44;104m@@@@[0;1;30;90;47m@[0;37;5;47;107mt:;;;;;;;%[0;1;30;90;47m@[0;34;5;44;104m8888[0;1;30;90;47m8[0;37;5;47;107mSt[0;1;37;97;47m:[0;1;33;93;43m@[0;33;5;43;103m;;;;[0;1;33;93;43mX[0;1;37;97;47m:[0;1;30;90;47m8[0;34;5;44;104m8[0;1;34;94;44m888[0;1;30;90;47m8[0;37;5;47;107m@SSSSXXXX8[0;1;30;90;47m8[0;34;40m%[0m 
  [0;1;30;90;44m:[0;34;5;44;104m8[0;37;5;47;107mtttttttt[0;34;5;44;104m@888888@[0;37;5;47;107m8[0;37;43m@[0;33;5;43;103m::::;[0;33;47m8[0;35;5;40;100mt[0;34;5;44;104m888888@[0;37;5;47;107m%;;;;;;;[0;34;5;44;104m8888888[0;1;30;90;44m8[0;37;43m8[0;33;5;43;103m%;;;;[0;1;33;93;43mS[0;1;37;97;47mX[0;34;5;44;104m8[0;1;34;94;44m888888[0;34;5;44;104m8[0;37;5;47;107mXSSXXXX@[0;1;34;94;44m8.[0m  
  [0;34;40mS[0;1;34;94;44m8[0;37;5;47;107m%ttttttt[0;34;5;44;104m88888888[0;1;37;97;47m@[0;37;43mX[0;33;5;43;103m;;::::S[0;33;5;40;100m.[0;1;30;90;44m8[0;34;5;44;104m88888[0;37;5;47;107mS;;;;;;t[0;34;5;44;104m88888[0;1;34;94;44m%[0;33;5;40;100m;[0;33;5;43;103m@;;;;;;[0;1;33;93;43mX[0;1;37;97;47m%[0;1;34;94;44m88888888[0;37;5;47;107m@SXXXXX@[0;1;34;94;44m8[0;34;40mX[0m  
   [0;30;44m:[0;37;5;47;107m%ttttttt[0;34;5;44;104m8888888[0;1;30;90;44m@[0;1;33;93;43m@[0;33;5;43;103m;;;;;;;;;%[0;1;30;90;43m8[0;34;5;40;100mX[0;1;34;94;44m8[0;34;5;44;104m88[0;37;5;47;107mS;;;tttt[0;34;5;44;104m88[0;1;34;94;44m8[0;1;30;90;44m8[0;1;30;90;43m8[0;33;5;43;103mS;;;;;t;tt[0;1;33;93;43m@[0;1;30;90;44mt[0;1;34;94;44m8888888[0;37;5;47;107m@XXXXX@@[0;1;30;90;44m;[0m   
    [0;1;37;97;47m8[0;37;5;47;107mttttttt[0;34;5;44;104m888888[0;1;34;94;44m8[0;1;30;90;43m@[0;33;5;43;103m;;;@[0;1;37;97;47m:;[0;1;33;93;43m@[0;33;5;43;103m;;;;;;[0;1;33;93;43mX[0;33;5;40;100m [0;1;30;90;44m@[0;37;5;47;107m@[0;1;37;97;47m@8[0;37;5;47;107mtt[0;1;37;97;47m8X[0;37;5;47;107m%[0;1;30;90;44mX[0;33;5;40;100m [0;1;33;93;43m%[0;33;5;43;103m;;;;;;[0;1;33;93;43mX[0;1;30;90;47m  [0;1;33;93;43m@[0;33;5;43;103mttt[0;1;30;90;43mt[0;1;34;94;44mX888888[0;37;5;47;107m@XXXX@@[0;1;37;97;47m8[0m    
    [0;36;5;40;100m%[0;37;5;47;107m%ttttt[0;1;37;97;47m [0;34;5;44;104m888888[0;35;5;40;100m%[0;33;5;43;103m;;;%[0;1;30;90;47m [0;37;5;47;107mtt%[0;37;5;40;100m@[0;1;30;90;43m8[0;33;5;43;103m;;;;;;t[0;1;33;93;43mSS%[0;1;30;90;43m8[0;33;47m8[0;33;5;43;103mSt[0;1;33;93;43m%%[0;33;5;43;103m;;;;;;[0;1;30;90;43mX[0;35;5;40;100m [0;37;5;47;107mX%%[0;1;30;90;47m [0;33;5;43;103m@ttt[0;35;5;40;100mt[0;1;34;94;44m888888[0;1;30;90;47mX[0;37;5;47;107mXXX@@@[0;36;5;40;100mt[0m    
     [0;34;5;40;100m8[0;1;37;97;47m;[0;37;5;47;107mtt[0;1;37;97;47m%[0;34;5;44;104m888888[0;1;34;94;44m8[0;34;5;40;100m@[0;33;5;43;103m@;;S[0;37;5;40;100m8[0;37;5;47;107mtt[0;1;37;97;47mX[0;35;5;40;100m.[0;1;30;90;43m8[0;33;5;43;103m@;;;;;;;;;;[0;1;33;93;43m8[0;1;30;90;43m;[0;33;5;43;103m;;;t[0;1;30;90;43m:[0;33;5;43;103m;;;;;@[0;1;30;90;43m8[0;35;5;40;100m;[0;1;37;97;47mt[0;37;5;47;107m%%[0;1;30;90;47m8[0;33;5;43;103m@tt@[0;34;5;40;100mS[0;1;34;94;44m@888888[0;1;37;97;47m.[0;37;5;47;107m@@[0;1;37;97;47m:[0;34;5;40;100m8[0m     
      [0;1;30;90;44mS[0;1;37;97;47m  [0;36;5;40;100m.:::::.[0;33;5;40;100mS[0;33;5;43;103mX;%[0;1;33;93;43mX[0;37;5;40;100mS[0;36;5;40;100m.[0;1;37;97;47m  [0;34;5;40;100mX[0;1;33;93;43m@[0;33;5;43;103m;;;;t[0;1;33;93;43m@@[0;33;5;43;103mX;;;;;t;;;;[0;1;33;93;43mS[0;1;30;90;43m%[0;1;33;93;43mX[0;33;5;43;103m%tttt[0;1;33;93;43m8[0;34;5;40;100m@[0;1;37;97;47m  [0;36;5;40;100m:[0;35;5;40;100m [0;1;30;90;43m@[0;33;5;43;103mSt@[0;1;30;90;43m8[0;36;5;40;100m;;;tttt[0;1;30;90;47m@X[0;1;30;90;44mS[0m      
       [0;1;30;90;44m%[0;34;5;44;104m8[0;1;30;90;47mX[0;37;5;47;107m%%ttttt[0;1;37;97;47m8%X[0;37;5;47;107m%t[0;1;37;97;47m [0;34;5;44;104m88[0;1;30;90;43m8[0;33;5;43;103m;;;;[0;1;33;93;43mX[0;1;37;97;47mt[0;37;5;47;107m%t[0;1;30;90;43m8[0;1;33;93;43mXX@[0;33;5;43;103m;;;;;;;[0;1;30;90;43m8[0;37;5;47;107m%%[0;1;37;97;47mt[0;1;33;93;43mX[0;33;5;43;103mtttt[0;1;30;90;43m8[0;34;5;44;104m8[0;1;34;94;44m8[0;1;30;90;47m8[0;37;5;47;107mXS[0;1;37;97;47mS;X[0;37;5;47;107mXXXXXX@[0;1;30;90;47m@[0;1;34;94;44m8[0;1;30;90;44m;[0m       
        [0;30;44m;[0;1;34;94;44m8[0;34;5;44;104m8[0;1;37;97;47m [0;37;5;47;107m%%%%tttt[0;1;37;97;47mt[0;34;5;44;104m8888[0;1;30;90;43m%[0;33;5;43;103m;;;;[0;1;30;90;47m%[0;37;5;47;107mtt[0;1;37;97;47m%[0;1;33;93;43m@[0;33;5;43;103m%S%[0;1;30;90;43m::[0;33;5;43;103mt;;SS[0;1;33;93;43m@[0;1;37;97;47m;[0;37;5;47;107m%%[0;1;30;90;47mt[0;33;5;43;103mtttt[0;1;30;90;43mt[0;1;34;94;44m888[0;34;5;44;104m8[0;1;37;97;47m.[0;37;5;47;107mSSXXXXX@[0;1;37;97;47m [0;1;34;94;44m8@[0;30;44m:[0m        
         [0;30;44mS[0;1;34;94;44m88[0;37;5;47;107mX%%%%%%%[0;34;5;44;104m8[0;1;34;94;44m8[0;34;5;44;104m888[0;33;5;40;100m8[0;33;5;43;103m;;;;[0;1;30;90;47m%[0;37;5;47;107mtt[0;1;37;97;47m:[0;33;5;43;103m@;[0;1;30;90;43m:[0;1;33;93;43mX[0;1;30;90;43m:[0;1;33;93;43m%SSX[0;1;30;90;43m:[0;33;5;43;103mt@[0;1;30;90;47m [0;37;5;47;107m%%[0;1;30;90;47mt[0;33;5;43;103mtttt[0;33;5;40;100m8[0;1;34;94;44m88888[0;37;5;47;107mXXXXXX@@[0;1;34;94;44m8@[0;30;44mS[0m         
          [0;34;40m8[0;1;34;94;44m@[0;37;5;47;107m@%%%%%%%[0;1;34;94;44m88888[0;1;30;90;44m%[0;33;5;43;103m@ttt[0;1;30;90;43m@[0;37;5;47;107mX%%[0;1;37;97;47m@[0;33;47m8[0;33;5;43;103m@tt[0;1;30;90;43mt[0;1;33;93;43m%[0;33;5;43;103mttX[0;33;47m8[0;1;37;97;47mX[0;37;5;47;107m%%S[0;1;30;90;43m8[0;33;5;43;103mtttX[0;1;30;90;44m%[0;1;34;94;44m88888[0;37;5;47;107mXXXX@@@@[0;1;34;94;44mX[0;34;40m8[0m          
            [0;1;37;97;47m.[0;37;5;47;107mS%%%%%S[0;1;34;94;44m888888[0;34;5;40;100mX[0;33;5;43;103m%ttt[0;1;30;90;47m%[0;37;5;47;107m%%%%[0;1;34;94;44m%[0;34;5;40;100m8[0;1;30;90;44m@[0;1;34;94;44m@8[0;1;30;90;44mX[0;34;5;40;100m8[0;1;34;94;44mt[0;37;5;47;107mSSSS[0;1;30;90;47mt[0;33;5;43;103mSt%%[0;35;5;40;100mS[0;1;34;94;44m888888[0;37;5;47;107m@X@@@@@[0;1;37;97;47m;[0m            
             [0;37;5;40;100m@[0;37;5;47;107mXSSS%S[0;1;34;94;44m8888888[0;33;5;40;100mt[0;33;5;43;103m%ttX[0;1;30;90;47m.[0;37;5;47;107m%%%[0;34;5;44;104m8[0;1;34;94;44m8888888[0;37;5;47;107mXSS[0;1;30;90;47m [0;1;33;93;43m@[0;33;5;43;103m%%%[0;33;5;40;100mX[0;1;34;94;44m8888888[0;37;5;47;107m@@@@@8[0;37;5;40;100m8[0m             
              [0;30;5;40;100m8[0;1;37;97;47m;[0;37;5;47;107mSS[0;1;37;97;47m@[0;36;5;40;100m;[0;1;34;94;44m88888888[0;35;5;40;100mt[0;33;5;43;103m%tt@[0;1;30;90;47m.[0;1;37;97;47m@[0;36;5;40;100m:[0;1;34;94;44m88888888[0;36;5;40;100m;[0;1;37;97;47mS[0;1;30;90;47m [0;1;33;93;43m@[0;33;5;43;103m%%S[0;33;5;40;100mX[0;1;34;94;44m@8888888[0;34;5;44;104m8[0;1;37;97;47mt[0;37;5;47;107m@@[0;1;37;97;47m:[0;30;5;40;100m8[0m              
                [0;36;5;40;100m [0;1;30;90;47m8[0;1;34;94;44m88888888888[0;34;5;40;100m@[0;33;5;43;103m8ttX[0;34;5;40;100mX[0;1;34;94;44m8888888888[0;34;5;40;100m8[0;33;5;43;103m8%%[0;1;33;93;43m8[0;34;5;40;100mX[0;1;34;94;44m@888888@@@@[0;37;5;40;100m;[0;36;5;40;100m [0m                
                  [0;34;5;40;100m8[0;1;30;90;47mS[0;1;37;97;47m          [0;1;30;90;47mt[0;1;30;90;43m%[0;33;5;43;103m%%[0;1;33;93;43m@[0;37;5;40;100m%[0;1;37;97;47m        [0;37;5;40;100m%[0;1;33;93;43m@[0;33;5;43;103m%%[0;1;30;90;43m;[0;1;30;90;47m%%%%SSSSSSSX[0;34;5;40;100m8[0m                  
                    [0;1;30;90;47m8[0;37;5;47;107m8XXXXXXX[0;1;37;97;47m%[0;36;5;44;104m8[0;1;34;94;44mX[0;33;5;40;100m8[0;33;5;43;103m%%[0;37;5;40;100m8[0;37;5;47;107mXXXXXXXX[0;1;30;90;47mS[0;33;5;43;103m%%[0;1;30;90;43m8[0;1;34;94;44mS8[0;1;37;97;47m;[0;37;5;47;107m@@@@@@@8[0;1;30;90;47m8[0m                    
                      [0;37;5;40;100m@[0;1;37;97;47m8[0;37;5;47;107mXXXX[0;1;30;90;47m8[0;1;34;94;44m888S[0;1;30;90;43m.[0;33;5;43;103m%[0;35;5;40;100m.[0;37;5;47;107m@XXXXXXX[0;35;5;40;100m [0;33;5;43;103mS[0;1;33;93;43m%[0;1;34;94;44mt@@@[0;36;5;40;100m [0;37;5;47;107m8@@@[0;1;37;97;47m8[0;37;5;40;100m8[0m                      
                        [0;36;5;40;100m [0;1;37;97;47mS[0;37;5;47;107mXX[0;1;34;94;44m88888[0;33;5;40;100m88[0;1;34;94;44mX[0;37;5;47;107m8@@@@@@@[0;1;34;94;44mX[0;33;5;40;100m@[0;1;30;90;43mX[0;1;34;94;44m@@@@@[0;37;5;47;107m8@[0;1;37;97;47mS[0;36;5;40;100m [0m                        
                          [0;30;5;40;100mS[0;1;30;90;47m%[0;1;34;94;44m@888@X@@[0;37;5;47;107m8@@@@@@@[0;1;34;94;44m@@X@@@@@[0;1;30;90;47m%[0;36;5;40;100mt[0m                          
                             [0;30;44m@[0;1;34;94;44m:@@@@@[0;1;37;97;47m8[0;37;5;47;107m@@@@@@@[0;1;34;94;44m@@@@@:[0;30;44m@[0m                             
                                [0;30;44mX[0;1;34;94;44m;@@[0;1;37;97;47mt[0;37;5;47;107m@@@@@@[0;1;37;97;47m@[0;1;34;94;44m@@t[0;30;44mS[0m                                
                                   [0;30;44m@[0;1;30;90;44m:[0;1;30;90;47m8[0;37;5;47;107m8@@8[0;1;30;90;47m8[0;1;30;90;44m;[0;30;44m@[0m                                   
                                      [0;1;30;90;40m@[0;37;5;40;100m@@[0;30;5;40;100m8[0m                                      
