[0;30;44m8[0;1;34;94;44m........:::::::::::::::::::::::::::::::::::::::::................ [0;1;30;90;44m.      [0;30;44m     8[0m
[0;30;44m%[0;1;34;94;44m888888[0;34;5;44;104m888888888888888888888888888888888888888888888[0;1;34;94;44m888888888888888888888@@@@@@[0;30;44m%[0m
[0;30;44m%[0;1;34;94;44m8888[0;34;5;44;104m888888888888888888888888888888888888888888888888[0;1;34;94;44m888888888888888888888@@@@@[0;30;44m%[0m
[0;30;44m%[0;1;34;94;44m888[0;34;5;44;104m888888888888888888888888888888888888888888888888888[0;1;34;94;44m88888888888888888888@@@@[0;30;44m%[0m
[0;30;44m%[0;1;34;94;44m8[0;34;5;44;104m8888888888888888[0;1;34;94;44m8X%[0;1;30;90;44mXX[0;1;34;94;44m%X8[0;34;5;44;104m888888888888888888888888888888[0;1;34;94;44m8Xt;:;tX888888888888@@@[0;30;44m%[0m
[0;30;44m%[0;34;5;44;104m8888888888888[0;1;34;94;44m@[0;1;30;90;44m8[0;35;5;40;100m.[0;33;5;40;100m:@[0;37;43m8[0;33;47m88[0;33;5;40;100m%[0;33;47m88[0;33;5;40;100m%t[0;35;5;40;100m [0;34;5;40;100mS[0;1;34;94;44mX[0;34;5;44;104m8888888888888888888888[0;1;34;94;44m8[0;1;30;90;44m%[0;34;5;40;100mX[0;33;5;40;100m:8[0;1;30;90;43m88[0;37;43m8[0;33;5;40;100m8[0;37;43m@[0;1;30;90;43m88[0;33;5;40;100m8;[0;34;5;40;100mX[0;1;30;90;44mt[0;1;34;94;44m@88888888@@[0;30;44m%[0m
[0;30;44m%[0;34;5;44;104m88888888888[0;1;30;90;44m@[0;33;5;40;100m [0;1;30;90;43m8[0;33;47m888[0;33;5;40;100mX[0;33;47m888[0;33;5;40;100m%[0;33;47m88[0;33;5;40;100mS[0;33;47m8888[0;33;5;40;100m [0;34;5;40;100mX[0;1;34;94;44m8[0;34;5;44;104m88888888888888888[0;1;34;94;44mS[0;35;5;40;100mS[0;33;5;40;100m%[0;37;43m888[0;1;30;90;43m88[0;37;43m88[0;33;5;40;100m8[0;37;43m8@[0;1;30;90;43m88[0;37;43m@@[0;1;30;90;43m8[0;33;5;40;100m@[0;34;5;40;100mX[0;1;34;94;44mt888888@@[0;30;44m%[0m
[0;30;44m%[0;34;5;44;104m888888888[0;1;30;90;44mX[0;33;5;40;100m:[0;33;47m888888[0;33;5;40;100m%.[0;35;5;40;100m  : [0;33;5;40;100m %[0;33;47m888888[0;33;5;40;100m.[0;34;5;40;100mX[0;34;5;44;104m8@888888888888[0;1;34;94;44m@[0;35;5;40;100mt[0;1;30;90;43m8[0;37;43m88888[0;1;30;90;43m8[0;33;5;40;100m@.[0;35;5;40;100m:[0;34;5;40;100m8[0;35;5;40;100m:[0;33;5;40;100m.8[0;1;30;90;43m8[0;37;43m@@@[0;1;30;90;43m888[0;35;5;40;100mS[0;1;34;94;44m%88888@[0;30;44m%[0m
[0;30;44m%[0;34;5;44;104m8888888[0;1;34;94;44m8[0;34;5;40;100mS[0;37;43m8[0;33;47m8888[0;33;5;40;100m:[0;35;5;40;100m;[0;1;30;90;44m8[0;34;5;44;104m88@@@@@@[0;1;34;94;44m@[0;35;5;40;100m;[0;33;5;40;100m [0;33;47m88888[0;35;5;40;100m [0;1;34;94;44m8[0;34;5;44;104m@@@88888888[0;1;30;90;44m@[0;33;5;40;100mt[0;33;47m888[0;37;43m8[0;1;30;90;43m8[0;35;5;40;100m.[0;1;30;90;44mX[0;1;34;94;44mX[0;34;5;44;104m8888[0;1;34;94;44m888X[0;1;30;90;44mS[0;35;5;40;100m;[0;1;30;90;43m8[0;37;43m@[0;1;30;90;43m888[0;33;5;40;100m@[0;1;30;90;44mt[0;1;34;94;44m8888@[0;30;44m%[0m
[0;30;44m%[0;34;5;44;104m888888[0;1;34;94;44m8[0;35;5;40;100m;[0;33;47m8888[0;33;5;40;100m:[0;34;5;40;100m@[0;34;5;44;104m88@@@@@@@@@@@@[0;34;5;40;100mX[0;33;5;40;100m [0;33;47m8888[0;33;5;40;100m [0;1;34;94;44m8[0;34;5;44;104m@@@@88888[0;1;30;90;44m8[0;1;30;90;43m8[0;33;47m888[0;37;43m8[0;35;5;40;100m:[0;1;34;94;44mS[0;34;5;44;104m88888888[0;1;34;94;44m88888%[0;35;5;40;100m%[0;1;30;90;43m88888[0;1;30;90;44m%[0;1;34;94;44m8888[0;30;44m%[0m
[0;30;44m%[0;34;5;44;104m888888[0;34;5;40;100mX[0;33;47m8888[0;33;5;40;100m.[0;1;34;94;44m@[0;34;5;44;104m88@@@@@@@XXXXXXX8[0;35;5;40;100m [0;33;47m8@@8[0;33;5;40;100m [0;34;5;44;104m8@@@@@88[0;1;34;94;44m%[0;1;30;90;43m8[0;33;47m888[0;1;30;90;43m8[0;1;30;90;44m8[0;34;5;44;104m8888888888[0;1;34;94;44m8888888[0;1;30;90;44mS[0;1;30;90;43m88888[0;1;30;90;44m:[0;1;34;94;44m888[0;30;44m%[0m
[0;30;44m%[0;34;5;44;104m88888[0;1;34;94;44m%[0;1;30;90;43m8[0;33;47m888[0;33;5;40;100m;[0;1;34;94;44m8[0;34;5;44;104m8@@@@@@XXXXXXXXXXXX[0;35;5;40;100m [0;33;47m@@@8[0;34;5;40;100mS[0;34;5;44;104m@@@@@@8[0;33;5;40;100m:[0;33;47m888[0;37;43m8[0;1;30;90;44m8[0;34;5;44;104m888888888888[0;1;34;94;44m8888888[0;1;30;90;44mt[0;1;30;90;43m8888[0;33;5;40;100m@[0;1;34;94;44m@88[0;30;44m%[0m
[0;30;44m%[0;34;5;44;104m88888[0;34;5;40;100mX[0;33;47m8888[0;1;30;90;44m8[0;34;5;44;104m8@@@@@@XXXXXXX@@88[0;1;34;94;44m88[0;35;5;40;100m%[0;1;30;90;47mt[0;33;47m888[0;33;5;40;100m [0;35;5;40;100m.[0;34;5;44;104mX@@@@[0;1;30;90;44m8[0;33;47m8888[0;33;5;40;100m.[0;34;5;44;104m8888888888888[0;1;34;94;44m888@XS%;[0;33;5;40;100m8[0;1;30;90;43m8888[0;33;5;40;100m;[0;1;34;94;44m.8[0;30;44m%[0m
[0;30;44m%[0;34;5;44;104m8[0;1;34;94;44m@[0;1;30;90;44m8[0;34;5;40;100m@X[0;33;5;40;100m%[0;1;30;90;43m888[0;33;5;40;100m%[0;35;5;40;100m   [0;37;5;40;100mSSX888[0;1;30;90;47m@XS%t[0;33;47m8@@@@@X[0;33;5;40;100m [0;1;33;93;47mX[0;33;47mX@@@[0;33;5;40;100m [0;34;5;44;104mXX[0;1;30;90;44m8[0;35;5;40;100mtt:[0;1;30;90;43m8888[0;33;5;40;100m:[0;35;5;40;100m.   [0;33;5;40;100m  .:;t%S[0;1;30;90;43m888888888888888[0;30;44m;[0;1;34;94;44m8[0;30;44m%[0m
[0;30;44m%[0;34;5;44;104m8[0;1;34;94;44mt[0;33;5;40;100m;;;[0;1;30;90;43m88888[0;37;43m8[0;33;47m888888@@@@X[0;1;33;93;47mXXXXXXXXX[0;37;5;40;100m8[0;1;30;90;47m;tttt[0;33;5;40;100m:[0;34;5;44;104mXX[0;35;5;40;100m.[0;37;5;40;100m8[0;33;5;40;100m .[0;1;30;90;43m888888[0;37;43m8888[0;33;47m8[0;37;43m88888888888@@@[0;1;30;90;43m8[0;33;5;40;100m8[0;1;30;90;43m88888[0;30;44m;[0;1;34;94;44m8[0;30;44m%[0m
[0;30;44m%[0;34;5;44;104m88888[0;35;5;40;100m:[0;33;47m888[0;1;30;90;43m8[0;1;30;90;44m@[0;1;34;94;44m888@@[0;1;30;90;44m88[0;34;5;40;100mS[0;35;5;40;100m%;:.  [0;37;5;40;100mt%SX@@[0;35;5;40;100m [0;33;47mXX@@@[0;33;5;40;100m [0;34;5;44;104mXXX@@[0;1;30;90;44m8[0;33;47m8888[0;35;5;40;100mS[0;1;34;94;44m8@XS%tt[0;1;30;90;44mSXX@888[0;34;5;40;100m88@X[0;35;5;40;100mS%%[0;33;5;40;100m8[0;1;30;90;43m88888[0;30;44m;[0;1;34;94;44m8[0;30;44m%[0m
[0;30;44m%[0;34;5;44;104m88888[0;1;30;90;44m@[0;33;47m8888[0;35;5;40;100m.[0;34;5;44;104m8@@@XXXXXXXS[0;36;5;44;104mXXXXXXXX[0;35;5;40;100m [0;33;47m@@@@[0;35;5;40;100m.[0;1;34;94;44m8[0;34;5;44;104mXXXX@[0;1;34;94;44m8[0;33;5;40;100m:[0;33;47m888[0;33;5;40;100m;[0;1;34;94;44mX[0;34;5;44;104m8888888888888[0;1;34;94;44m888888S[0;33;5;40;100m8[0;1;30;90;43m888[0;33;5;40;100m8[0;1;34;94;44m:X8[0;30;44m%[0m
[0;30;44m%[0;34;5;44;104m888888[0;33;5;40;100m;[0;33;47m8888[0;34;5;40;100mS[0;34;5;44;104m@@@XXXXXXXS[0;36;5;44;104mXXXXXXX[0;35;5;40;100m:[0;1;30;90;47m.[0;1;33;93;47mXXX[0;1;30;90;47mt[0;1;30;90;44m8[0;34;5;44;104mXXXXX@@[0;34;5;40;100mX[0;33;47m8888[0;33;5;40;100m:[0;1;34;94;44m8[0;34;5;44;104m888888888888[0;1;34;94;44m88888X[0;33;5;40;100m%[0;1;30;90;43m8888[0;1;30;90;44mX[0;1;34;94;44m888[0;30;44m%[0m
[0;30;44m%[0;34;5;44;104m888888[0;1;34;94;44m%[0;33;5;40;100m;[0;33;47m8888[0;35;5;40;100m.[0;34;5;44;104m8@XXXXXXXX[0;36;5;44;104mXXXXX@[0;35;5;40;100m [0;1;30;90;47m.[0;1;33;93;47mXXX[0;33;47m@[0;35;5;40;100m;[0;34;5;44;104mXXXXXX@@8[0;35;5;40;100m.[0;33;47m8888[0;33;5;40;100m:[0;1;30;90;44m@[0;34;5;44;104m88888888888[0;1;34;94;44m8888;[0;33;5;40;100m%[0;37;43m@[0;1;30;90;43m888[0;34;5;40;100mS[0;1;34;94;44m@888[0;30;44m%[0m
[0;30;44m%[0;34;5;44;104m8888888[0;1;30;90;44m@[0;33;5;40;100m:[0;33;47m8888[0;33;5;40;100m [0;35;5;40;100m:[0;1;34;94;44m8[0;34;5;44;104mXXXXXXXXS[0;36;5;44;104mX8[0;35;5;40;100m [0;1;30;90;47mX[0;1;33;93;47mXXXX[0;1;30;90;47m:[0;35;5;40;100m;[0;34;5;44;104mXXXXXX@@@@8[0;35;5;40;100m:[0;33;47m8888[0;37;43m8[0;35;5;40;100m.[0;1;30;90;44mX[0;34;5;44;104m888888888[0;1;34;94;44m88[0;1;30;90;44mt[0;35;5;40;100m;[0;1;30;90;43m8[0;37;43m@@[0;1;30;90;43m88[0;34;5;40;100mS[0;1;34;94;44m@8888[0;30;44m%[0m
[0;30;44m%[0;34;5;44;104m88888888[0;1;34;94;44m@[0;35;5;40;100m [0;33;47m888888[0;37;5;40;100m8[0;35;5;40;100m %[0;34;5;40;100mS[0;1;30;90;44m88[0;34;5;40;100m%[0;35;5;40;100m; [0;37;5;40;100m8[0;1;30;90;47m:[0;1;33;93;47mXXXX[0;33;47mX[0;37;5;40;100m8[0;34;5;40;100mS[0;34;5;44;104mXXXXXXX@@@@88[0;34;5;40;100m@[0;1;30;90;43m8[0;33;47m8888[0;37;43m8[0;33;5;40;100m%[0;35;5;40;100m.[0;1;30;90;44m8X[0;1;34;94;44m;t;[0;1;30;90;44mS@[0;35;5;40;100m;[0;33;5;40;100mX[0;1;30;90;43m8[0;37;43m@@@@[0;1;30;90;43m8[0;1;30;90;44m8[0;1;34;94;44m888888[0;30;44m%[0m
[0;30;44mS[0;34;5;44;104m8888888888[0;1;30;90;44m8[0;33;5;40;100m [0;33;47m88888[0;33;5;40;100m.[0;33;47m8@@[0;37;5;40;100m8[0;33;47m@@[0;33;5;40;100m [0;1;33;93;47mXXXX[0;33;47mX[0;1;30;90;47m@[0;35;5;40;100m:[0;34;5;44;104m@XXXXXXX@@@@@888[0;1;34;94;44m@[0;35;5;40;100mt[0;1;30;90;43m8[0;33;47m8888[0;37;43m8[0;33;5;40;100m8[0;37;43m88[0;33;5;40;100m8[0;37;43m88[0;33;5;40;100m8[0;1;30;90;43m8[0;37;43m8@@@[0;1;30;90;43m8[0;34;5;40;100mS[0;1;34;94;44m%8888888[0;30;44mS[0m
[0;30;44m8[0;34;5;44;104m888888888888[0;1;34;94;44mX[0;35;5;40;100m:[0;33;5;40;100m [0;33;47m88[0;33;5;40;100m;[0;33;47m8@8[0;33;5;40;100m [0;33;47m@@[0;37;5;40;100m8[0;33;47m@@[0;1;30;90;47m@[0;37;5;40;100m%[0;34;5;40;100mS[0;34;5;44;104mXXXXXXXXX@@@@@888888[0;1;34;94;44m8[0;1;30;90;44m8[0;35;5;40;100m [0;33;5;40;100m%[0;37;43m8[0;33;5;40;100m@[0;1;30;90;43m8[0;37;43m88[0;33;5;40;100m8[0;37;43m88[0;1;30;90;43m8[0;33;5;40;100m8[0;1;30;90;43m88[0;35;5;40;100m.[0;1;30;90;44m@[0;1;34;94;44mX888888888[0;30;44m8[0m
[0;34;40mX[0;34;5;44;104m88888888888888@8[0;1;30;90;44m8[0;34;5;40;100mS[0;35;5;40;100m    [0;37;5;40;100mS[0;35;5;40;100m .[0;1;30;90;44m8[0;1;34;94;44m8[0;34;5;44;104mXXXXXXXXX@[0;1;34;94;44m8@[0;1;30;90;44m88[0;1;34;94;44mS@[0;34;5;44;104m8888888888[0;1;34;94;44m8%[0;1;30;90;44mS[0;34;5;40;100mX[0;35;5;40;100mt:[0;34;5;40;100m@[0;35;5;40;100m:%[0;34;5;40;100m@[0;1;30;90;44m%[0;1;34;94;44mt8888888888888[0;34;40m@[0m
 [0;1;34;94;44m8[0;34;5;44;104m88888888888888@@@@@@@@XXXXXXXXX8[0;34;5;40;100mS[0;35;5;40;100m [0;37;5;40;100m8[0;33;5;40;100mt[0;33;47m888[0;33;5;40;100mt[0;33;47m88[0;1;30;90;43m8[0;33;5;40;100mt[0;35;5;40;100m %[0;1;30;90;44mX[0;34;5;44;104m8888888888888[0;1;34;94;44m88888888888888888[0m 
 [0;1;34;94;44m;[0;34;5;44;104m8888888888888888@@@@@@@@@@@@@[0;1;30;90;44m8[0;35;5;40;100m [0;33;47m8888[0;33;5;40;100m;[0;33;47m888[0;33;5;40;100m%[0;33;47m88[0;33;5;40;100mS[0;33;47m8888[0;33;5;40;100m;[0;35;5;40;100mS[0;1;34;94;44mX[0;34;5;44;104m888888888[0;1;34;94;44m88888888888888888t[0m 
 [0;30;44mS[0;34;5;44;104m888888888888888888@@@@@@@@@[0;1;34;94;44mX[0;33;5;40;100m [0;33;47m888888[0;37;43m8[0;33;5;40;100m; [0;35;5;40;100m t [0;33;5;40;100m S[0;37;43m8[0;33;47m88888[0;1;30;90;43m8[0;34;5;40;100m@[0;1;34;94;44m8[0;34;5;44;104m8888888[0;1;34;94;44m88888888888888888[0;30;44m%[0m 
  [0;1;34;94;44m8[0;34;5;44;104m888888888888888888888@@@@[0;34;5;40;100mX[0;33;47m88888[0;33;5;40;100m.[0;35;5;40;100m [0;1;30;90;44m8[0;1;34;94;44m8[0;34;5;44;104m8888888[0;1;34;94;44mX[0;1;30;90;44m8[0;33;5;40;100m [0;1;30;90;43m8[0;33;47m8[0;37;43m888[0;33;5;40;100mt[0;1;34;94;44m%[0;34;5;44;104m88888[0;1;34;94;44m88888888888888888@[0;34;40m%[0m 
  [0;1;30;90;44m:[0;34;5;44;104m888888888888888888888888[0;34;5;40;100mX[0;33;47m8888[0;37;43m8[0;35;5;40;100mt[0;1;34;94;44m8[0;34;5;44;104m8888888888888[0;1;34;94;44mt[0;33;5;40;100m:[0;37;43m8888[0;33;5;40;100mS[0;1;34;94;44mt[0;34;5;44;104m888[0;1;34;94;44m888888888888888888.[0m  
  [0;34;40mS[0;1;34;94;44m8[0;34;5;44;104m8888888888888888888888[0;1;30;90;44m8[0;37;43m8[0;33;47m888[0;33;5;40;100m;[0;1;30;90;44m8[0;34;5;44;104m8888888888888888[0;1;34;94;44m8[0;34;5;40;100m8[0;1;30;90;43m8[0;37;43m888[0;33;5;40;100mX[0;1;34;94;44mS[0;34;5;44;104m8[0;1;34;94;44m888888888888888888@[0;34;40mX[0m  
   [0;30;44m:[0;34;5;44;104m888888888888888888888[0;1;34;94;44m8[0;33;5;40;100m%[0;33;47m888[0;1;30;90;43m8[0;1;30;90;44mX[0;34;5;44;104m8888888888888888888[0;34;5;40;100m8[0;37;43m8888[0;34;5;40;100mX[0;1;34;94;44m8888888888888888888[0;30;44m.[0m   
    [0;1;34;94;44mX[0;34;5;44;104m88888888888888888888[0;1;30;90;44mX[0;33;47m8888[0;34;5;40;100m@[0;34;5;44;104m888888888888888[0;1;34;94;44m88@XS[0;1;30;90;44m;[0;33;5;40;100m8[0;1;30;90;43m888[0;33;5;40;100m8[0;35;5;40;100m%[0;1;34;94;44mS8888888888888888S[0m    
    [0;34;40m8[0;1;34;94;44m8[0;34;5;44;104m8888888888888888[0;1;30;90;44m@8[0;34;5;40;100m8[0;35;5;40;100m;[0;1;30;90;43m8888[0;35;5;40;100m::..  [0;33;5;40;100m  .:;t%S[0;1;30;90;43m8888888[0;33;5;40;100m8[0;1;30;90;43m8[0;37;43m8888[0;1;30;90;43m8[0;1;34;94;44m%888888888888888@[0;34;40m8[0m    
     [0;30;44m@[0;1;34;94;44m88[0;34;5;44;104m8888888888888[0;1;34;94;44m8[0;33;5;40;100mt;;S[0;1;30;90;43m88888888[0;37;43m88888888888888888[0;1;30;90;43m888888[0;33;5;40;100m8[0;1;34;94;44m%88888888888888@[0;30;44mX[0m     
      [0;30;44mt[0;1;34;94;44m888[0;34;5;44;104m888888888888888[0;1;30;90;44m8[0;37;43m8888[0;1;30;90;44mS[0;1;34;94;44m@@XS%t;[0;1;30;90;44m%SX@@88[0;34;5;40;100m8@XX[0;35;5;40;100mS%[0;34;5;40;100m@[0;1;30;90;43m888888[0;1;34;94;44m%8888888888888@[0;30;44m;[0m      
       [0;30;44m:[0;1;34;94;44m88888[0;34;5;44;104m888888888888[0;1;34;94;44mt[0;1;30;90;43m8[0;37;43m888[0;33;5;40;100m%[0;1;34;94;44m8[0;34;5;44;104m88888888888888[0;1;34;94;44m88888[0;1;30;90;44m;[0;1;30;90;43m8888[0;31;5;40;100mS[0;1;34;94;44mt888888888888@@[0;30;44m.[0m       
        [0;30;44m;[0;1;34;94;44m88888888[0;34;5;44;104m888888888[0;34;5;40;100mX[0;37;43m8888[0;34;5;40;100mS[0;1;34;94;44m8[0;34;5;44;104m888888888[0;1;34;94;44m88888888%[0;33;5;40;100mX[0;37;43m@@@[0;1;30;90;43m8[0;1;30;90;44mt[0;1;34;94;44m888888888888@@[0;30;44m:[0m        
         [0;30;44mS[0;1;34;94;44m888888888888[0;34;5;44;104m8888[0;1;34;94;44m@[0;33;5;40;100mS[0;37;43m8888[0;33;5;40;100m;[0;1;34;94;44mS[0;34;5;44;104m888[0;1;34;94;44m888888888888[0;1;30;90;44m%[0;33;5;40;100mX[0;37;43m@@@[0;1;30;90;43m8[0;34;5;40;100m8[0;1;34;94;44m888888888888@@[0;30;44mS[0m         
          [0;34;40m8[0;1;34;94;44m@888888888888888S[0;33;5;40;100m%[0;37;43m8888[0;1;30;90;43m8[0;34;5;40;100mX[0;1;34;94;44mt88888888888[0;1;30;90;44m%[0;33;5;40;100m:[0;1;30;90;43m8[0;37;43m@@[0;1;30;90;43m88[0;34;5;40;100m8[0;1;34;94;44m88888888888@@X[0;34;40m8[0m          
            [0;1;34;94;44m;888888888888888@[0;34;5;40;100m@[0;1;30;90;43m8[0;37;43m8888[0;1;30;90;43m8[0;33;5;40;100m%[0;35;5;40;100m%[0;1;30;90;44mX%[0;1;34;94;44m;;[0;1;30;90;44mtX8[0;35;5;40;100m:[0;33;5;40;100mX[0;1;30;90;43m8[0;37;43m@[0;1;30;90;43m888[0;33;5;40;100mX[0;1;30;90;44m%[0;1;34;94;44m8888888888@@@;[0m            
             [0;30;44m%[0;1;34;94;44m8888888888888888t[0;35;5;40;100mt[0;1;30;90;43m8[0;37;43m@@@@[0;1;30;90;43m88[0;37;43m@@[0;33;5;40;100m8[0;37;43m@@[0;33;5;40;100m8[0;1;30;90;43m88888[0;33;5;40;100m@[0;34;5;40;100m8[0;1;34;94;44mX888888888@@@@[0;30;44m%[0m             
              [0;34;40mS[0;1;34;94;44m;8888888888888888%[0;34;5;40;100m8[0;33;5;40;100m;[0;1;30;90;43m88[0;33;5;40;100m8[0;1;30;90;43m8[0;37;43m@[0;1;30;90;43m8[0;33;5;40;100m8[0;1;30;90;43m88888[0;33;5;40;100m@[0;35;5;40;100m;[0;1;30;90;44m%[0;1;34;94;44m@888888888@@@@;[0;34;40mS[0m              
                [0;30;44m8[0;1;34;94;44mS88888888888888888@:[0;1;30;90;44mS[0;34;5;40;100m@[0;35;5;40;100m%;[0;34;5;40;100m8[0;35;5;40;100mtS[0;34;5;40;100m8[0;1;30;90;44m;[0;1;34;94;44m;88888888888@@@@S[0;30;44m8[0m                
                  [0;30;44m%[0;1;34;94;44m@88888888888888888888888888888888888@@@@@@[0;30;44mt[0m                  
                    [0;30;44mt[0;1;34;94;44m@888888888888888888888888888888@@@@@@X[0;30;44mt[0m                    
                      [0;30;44m%[0;1;34;94;44mX888888888888888888888888@@@@@@@@X[0;30;44m%[0m                      
                        [0;30;44m@[0;1;34;94;44m%88888888888888888@@@@@@@@@@@%[0;30;44m@[0m                        
                          [0;34;40m@[0;30;44m.[0;1;34;94;44m@888@@@@@@@@@@@@@@@@@@@@[0;30;44m [0;34;40m8[0m                          
                             [0;30;44m@[0;1;34;94;44m:@@@@@@@@@@@@@@@@@@:[0;30;44m@[0m                             
                                [0;30;44mX[0;1;34;94;44m;@@@@@@@@@@@@t[0;30;44mS[0m                                
                                   [0;30;44m@[0;1;34;94;44m X@@@@@.[0;30;44m@[0m                                   
                                      [0;34;40m@[0;30;44mS%[0;34;40m@[0m                                      
