[0;36;5;40;100m [0;1;30;90;47m....      [0;1;37;97;47m  [0;1;30;90;47m8[0;1;34;94;44m;;;;;;;;;;;;;;;;;;;;;;;;;;;;;;;;;;;;;;;;;;;;;:::::::[0;1;30;90;47m8:::::;;;;;;;[0;36;5;40;100m [0m
[0;37;5;40;100m@[0;37;5;47;107m%%%%%%ttttttt[0;37;5;40;100m [0;34;5;44;104m888888888888888888888888[0;36;5;40;100mt[0;1;30;90;47m%[0;1;34;94;44m8[0;34;5;44;104m8888888888[0;1;34;94;44m8888888888888[0;36;5;44;104m8[0;37;5;47;107mXXXXX@@@@@@@@[0;37;5;40;100m8[0m
[0;37;5;40;100m@[0;37;5;47;107m%%%%ttttttttt8[0;34;5;44;104m88888888888888888888888[0;36;5;40;100m:[0;37;5;47;107m%t8[0;1;34;94;44m8[0;34;5;44;104m8888888888[0;1;34;94;44m888888888888[0;37;5;47;107m8SSXXXX@@@@@@@[0;37;5;40;100m8[0m
[0;37;5;40;100m@[0;37;5;47;107m%%tttttttttttt[0;1;37;97;47m [0;34;5;44;104m888888888888888888888[0;1;34;94;44m8[0;37;5;47;107mXt[0;1;37;97;47m8[0;37;5;47;107mt[0;1;37;97;47m [0;34;5;44;104m888888888888[0;1;34;94;44m888888888[0;1;30;90;47mS[0;37;5;47;107mSSSSXXXX@@@@@@[0;37;5;40;100m8[0m
[0;37;5;40;100m@[0;37;5;47;107m%tttttttttttttt[0;1;30;90;47m8[0;34;5;44;104m88888888888888888888[0;1;37;97;47m%[0;37;5;47;107m;;[0;1;37;97;47m8;[0;37;5;47;107mt[0;36;5;40;100m%[0;34;5;44;104m8888888888888[0;1;34;94;44m888888[0;36;5;44;104m8[0;37;5;47;107mSSSSSSXXXX@@@@@[0;37;5;40;100m8[0m
[0;37;5;40;100m@[0;37;5;47;107mtttttttttttttt;X[0;34;5;44;104m8888888888888888888[0;37;5;40;100m:[0;37;5;47;107m;;;[0;1;37;97;47m88[0;37;5;47;107m8[0;1;30;90;47m@[0;34;5;44;104m88888888888888[0;1;34;94;44m8888[0;34;5;44;104m8[0;37;5;47;107m8%SSSSSSXXXX@@@@[0;37;5;40;100m8[0m
[0;37;5;40;100m8[0;37;5;47;107mtttttttttttt;;;;[0;1;37;97;47m [0;34;5;44;104m888888888888888888[0;1;37;97;47m [0;37;5;47;107m;;;[0;1;37;97;47m8[0;37;5;47;107m88[0;1;37;97;47m [0;34;5;44;104m888888888888888[0;1;34;94;44m888[0;1;30;90;47mX[0;37;5;47;107m%%%SSSSSXXXXX@@@[0;37;5;40;100m8[0m
[0;37;5;40;100m8[0;37;5;47;107mtttttttttt;;;;;;;[0;1;30;90;47m8[0;34;5;44;104m8888@@@@@@@@@@@@@[0;1;37;97;47m;[0;37;5;47;107m:;;888[0;1;30;90;47mt[0;34;5;44;104m8888888888888888[0;1;34;94;44m8[0;36;5;44;104m8[0;37;5;47;107m%%%%%SSSSSXXXX@@@[0;37;5;40;100m8[0m
[0;37;5;40;100m8[0;37;5;47;107mttttttttt;;;;;;;;X[0;34;5;44;104m@@@@@@@@@@@@@@@@@[0;1;30;90;47m%[0;37;5;47;107m:::888[0;1;30;90;47mt[0;34;5;44;104m88888888888888888[0;37;5;47;107m8%%%%%SSSSSSXXXX@@[0;37;5;40;100m8[0m
[0;37;5;40;100m8[0;37;5;47;107mtttttttt;;;;;;;:::[0;1;37;97;47m [0;34;5;44;104m@@@@@@@@XXX@@@@@[0;1;30;90;47m8[0;37;5;47;107m:::888[0;1;37;97;47m [0;34;5;44;104m8888888888888888[0;1;30;90;47mS[0;37;5;47;107mt%%%%%%SSSSSXXXX@@[0;37;5;40;100m8[0m
[0;37;5;40;100m8[0;37;5;47;107mttttttt;;;;;;;:::::[0;1;30;90;47m8[0;34;5;44;104m@@XXXXXXXXXXXXX8[0;37;5;47;107mt.:888[0;1;37;97;47m [0;34;5;44;104m888888888888888[0;36;5;44;104m8[0;37;5;47;107mtt%%%%%%SSSSSSXXXX@[0;37;5;40;100m8[0m
[0;37;5;40;100m8[0;37;5;47;107mtttttt;;;;;;:::::..%[0;34;5;44;104mXXXXXXXXXXXXXXXX[0;1;37;97;47m [0;37;5;47;107m..88X[0;1;37;97;47m [0;34;5;44;104m888888888888888[0;37;5;47;107m8ttt%%%%%%SSSSSXXXX@[0;37;5;40;100m8[0m
[0;37;5;40;100m8[0;37;5;47;107mttttt;;;;;;;::::....[0;1;37;97;47mt[0;34;5;44;104mXXXXXXXXXXXXXXX[0;36;5;40;100m;[0;37;5;47;107m:.@8X[0;1;37;97;47m:[0;34;5;44;104m@8888888888888[0;1;30;90;47mS[0;37;5;47;107mtttt%%%%%%SSSSSSXXX@[0;37;5;40;100m8[0m
[0;37;5;40;100m8[0;37;5;47;107mttttt;;;;;;::::....  [0;1;30;90;47m8[0;34;5;44;104mXXXXXXXXXXXXXXX[0;1;37;97;47m.[0;37;5;47;107m.@8X[0;1;37;97;47mt[0;34;5;44;104m@@88888888888[0;36;5;44;104m8[0;37;5;47;107mtttttt%%%%%%SSSSSXXXX[0;37;5;40;100m8[0m
[0;37;5;40;100m8[0;37;5;47;107mtttt;;;;;;::::....   %[0;36;5;44;104mX[0;34;5;44;104mXXS[0;36;5;44;104mXXXXX[0;34;5;44;104mSXXXXX[0;36;5;40;100m:[0;37;5;47;107m.@@@[0;1;37;97;47mS[0;34;5;44;104m@@@8888888888[0;37;5;47;107m8tttttt%%%%%%SSSSSXXXX[0;37;5;40;100m8[0m
[0;37;5;40;100m8[0;37;5;47;107mtttt;;;;;;::::...     [0;1;37;97;47m;[0;34;5;44;104mS[0;36;5;44;104mXXXXXXXXX[0;34;5;44;104mXXXXX[0;37;5;47;107m@@X@[0;1;37;97;47m@[0;34;5;44;104m@@@888888888[0;1;30;90;47m@[0;37;5;47;107mttttttt%%%%%%SSSSSXXXX[0;37;5;40;100m8[0m
[0;37;5;40;100m8[0;37;5;47;107mtttt;;;;;;::::...      [0;1;30;90;47m8[0;36;5;44;104mXXXXXXXXX[0;34;5;44;104mSXXXX[0;37;5;47;107m8@X@8[0;34;5;44;104m@@@88888888[0;36;5;44;104m@[0;37;5;47;107mtttttttt%%%%%%SSSSSXXXX[0;37;5;40;100m8[0m
[0;37;5;40;100m8[0;37;5;47;107mtttt;;;;;;::::...      %[0;36;5;44;104mSXXXXXXXXX[0;34;5;44;104mXXX[0;36;5;40;100m:[0;37;5;47;107m.XX@8[0;34;5;44;104m@@@88888888[0;37;5;47;107m8tttttttt%%%%%%SSSSSXXXX[0;37;5;40;100m8[0m
[0;37;5;40;100m8[0;37;5;47;107mtttt;;;;;;::::...       [0;1;37;97;47mt[0;36;5;44;104mXXXXXXXX[0;34;5;44;104mSXXX[0;1;37;97;47mt[0;37;5;47;107m @X@X[0;34;5;44;104m@@@8888888[0;1;37;97;47m [0;37;5;47;107mttttttttt%%%%%%SSSSSXXXX[0;37;5;40;100m8[0m
[0;37;5;40;100m8[0;37;5;47;107mtttt;;;;;;::::...        [0;1;30;90;47m8[0;36;5;44;104mXXXXXX[0;34;5;44;104mSXXX[0;1;30;90;47m8[0;37;5;47;107m  @%8%[0;34;5;44;104m8@@888888[0;36;5;44;104m@[0;37;5;47;107mtttttttttt%%%%%%SSSSSXXXX[0;37;5;40;100m8[0m
[0;37;5;40;100m8[0;37;5;47;107mtttt;;;;;;:::::...       t[0;36;5;44;104mX[0;34;5;44;104mSSSSXXXXX[0;1;37;97;47m8[0;37;5;47;107m%%%SS@[0;1;34;94;44m8[0;34;5;44;104m@8888888[0;37;5;47;107m8tttttttttt%%%%%%SSSSSXXXX[0;37;5;40;100m8[0m
[0;37;5;40;100mX[0;37;5;47;107mttttt;;;;;;::::....       [0;1;37;97;47m;[0;34;5;44;104mXXXXXXXXX[0;37;5;47;107mX ...::[0;1;34;94;44m8[0;34;5;44;104m@888888[0;1;30;90;47mX[0;37;5;47;107mttttttttttt%%%%%SSSSSSXXXX[0;37;5;40;100mX[0m
[0;36;5;40;100m [0;37;5;47;107mttttt;;;;;;;::::.....      [0;1;30;90;47m8[0;34;5;44;104mXX@[0;1;30;90;47m8[0;36;5;44;104m8[0;34;5;44;104mXX@[0;37;5;47;107m%...:::[0;1;34;94;44m8[0;34;5;44;104m888888[0;36;5;44;104m@[0;37;5;47;107mttttttttttt%%%%%%SSSSSXXXX@[0;36;5;40;100m [0m
[0;30;5;40;100m@[0;37;5;47;107mtttttt;;;;;;;:::::.....    S[0;34;5;44;104mXX[0;1;37;97;47m;[0;37;5;47;107m ;[0;1;30;90;47m%[0;1;37;97;47m :[0;37;5;47;107mS%SSSSS[0;1;30;90;47m%@@@8[0;34;5;44;104m88[0;37;5;47;107m8ttttttttttt%%%%%%SSSSSXXXX@[0;36;5;40;100m%[0m
 [0;37;5;47;107m%tttttt;;;;;;;::::::........[0;1;37;97;47m [0;34;5;44;104mX[0;36;5;40;100m [0;1;37;97;47m [0;1;30;90;47mX[0;1;37;97;47m  X[0;37;5;47;107mSSSXXXX[0;1;37;97;47m::::[0;1;30;90;47mS[0;34;5;44;104m8[0;1;30;90;47mX[0;37;5;47;107mttttttttttt%%%%%%SSSSSSXXXX@[0m 
 [0;1;37;97;47m;[0;37;5;47;107mttttttt;;;;;;;;:::::::......[0;1;30;90;47m8[0;34;5;44;104m@@@@@8[0;1;30;90;47m@[0;37;5;47;107m8[0;1;37;97;47m@SX8[0;1;30;90;47m8[0;34;5;44;104m88888[0;36;5;44;104m@[0;37;5;47;107mtttttttttttt%%%%%%SSSSSXXXX@[0;1;37;97;47mt[0m 
 [0;37;5;40;100mS[0;37;5;47;107mtttttttt;;;;;;;;;:::::::::::X[0;34;5;44;104m@@@@@@8[0;1;37;97;47m%S[0;37;5;47;107m;[0;1;37;97;47m@S[0;1;30;90;47m8[0;34;5;44;104m88888[0;37;5;47;107m8ttttttttttt%%%%%%SSSSSSXXXX@[0;37;5;40;100m@[0m 
  [0;37;5;47;107m%ttttttttt;;;;;;;;;;:::::::::[0;1;37;97;47m [0;34;5;44;104m@@888[0;36;5;40;100m [0;1;37;97;47mX@tXX[0;1;30;90;47m8[0;34;5;44;104m8888[0;1;30;90;47mX[0;37;5;47;107mttttttttttt%%%%%%SSSSSSXXXX@@[0;1;30;90;40m8[0m 
  [0;1;30;90;47m;[0;37;5;47;107mttttttttttt;;;;;;;;;;;;;;;;;;[0;1;30;90;47m8[0;34;5;44;104m8888[0;36;5;40;100m.[0;1;37;97;47mS%[0;37;5;47;107m8[0;1;37;97;47mSS[0;1;30;90;47m8[0;34;5;44;104m888[0;36;5;44;104m8[0;37;5;47;107mttttttttttt%%%%%%%SSSSSXXXX@@[0;1;30;90;47m.[0m  
  [0;1;30;90;40m8[0;37;5;47;107m%tttttttttttt;;;;;;;;;;;;;;;;8[0;34;5;44;104m8888[0;1;34;94;44m8[0;1;37;97;47mtt[0;37;5;47;107m8[0;1;37;97;47m%X[0;1;30;90;47m8[0;34;5;44;104m888[0;1;37;97;47m@[0;37;5;47;107mtttttttttt%%%%%%%SSSSSXXXXX@@[0;30;5;40;100m@[0m  
   [0;1;30;90;47mX[0;37;5;47;107mttttttttttttttt;;;;;;;;;;;;;;[0;1;37;97;47m [0;34;5;44;104m888[0;1;34;94;44m8[0;1;37;97;47m%8[0;37;5;47;107m8[0;1;37;97;47m8[0;37;5;47;107m@[0;1;30;90;47m8[0;34;5;44;104m88[0;1;30;90;47m8[0;37;5;47;107mtttttttttt%%%%%%SSSSSSXXXXX@@[0;1;30;90;47m%[0m   
    [0;37;5;47;107m8ttttttttttttttttttt;;;;;;;;;t[0;36;5;44;104m@[0;37;5;40;100m:[0;37;5;47;107m8Stt[0;1;37;97;47m8[0;37;5;47;107mtt[0;1;30;90;47m8[0;34;5;44;104m88[0;37;5;47;107m%tttttttt%%%%%%%SSSSSSSXXXX@@[0;1;37;97;47m8[0m    
    [0;36;5;40;100m%[0;37;5;47;107m%tttttttttttttttttttttttttttt8[0;34;5;44;104m8[0;34;5;40;100m%[0;1;30;90;47mS[0;1;37;97;47m@@[0;37;5;47;107m88[0;1;37;97;47mS[0;1;30;90;44m8[0;34;5;44;104m8[0;1;37;97;47m@[0;37;5;47;107mttttttt%%%%%%%%SSSSSSXXXXX@@@[0;36;5;40;100mt[0m    
     [0;36;5;40;100m [0;37;5;47;107m%tttttttttttttttttttttttttttt[0;1;37;97;47m [0;34;5;44;104m88888888[0;1;30;90;47m@[0;37;5;47;107mtttttt%%%%%%%%%SSSSSSXXXXX@@@[0;36;5;40;100m [0m     
      [0;1;30;90;47m8[0;37;5;47;107m%%%tttttttttttttttttttttttttt[0;36;5;44;104m8[0;34;5;44;104m8888888[0;37;5;47;107m%tttt%%%%%%%%%SSSSSSSXXXXX@@@[0;1;30;90;47m@[0m      
       [0;1;30;90;47mX[0;37;5;47;107m%%%%tttttttttttttttttttttttt8[0;34;5;44;104m888888[0;1;37;97;47mX[0;37;5;47;107mtt%%%%%%%%%%SSSSSSSXXXXXX@@@[0;1;30;90;47m%[0m       
        [0;1;30;90;47m8[0;37;5;47;107m%%%%%%%ttttttttttttttttttttt[0;1;30;90;47mS[0;34;5;44;104m8888[0;1;30;90;47m8[0;37;5;47;107m%%%%%%%%%%%SSSSSSSSXXXXX@@@@[0;1;30;90;47mX[0m        
         [0;37;5;40;100mX[0;37;5;47;107m%%%%%%%%%%%tttttttttttttttt%[0;34;5;44;104m8[0;1;34;94;44m88[0;34;5;44;104m8[0;37;5;47;107mS%%%%%%%%%SSSSSSSSXXXXXX@@@@[0;37;5;40;100mX[0m         
          [0;36;5;40;100m;[0;37;5;47;107m8%%%%%%%%%%%%%%%%%%%%%%%%%%[0;1;37;97;47m@[0;34;5;44;104m8[0;1;34;94;44m8[0;1;37;97;47mt[0;37;5;47;107m%%%%%%%SSSSSSSSSXXXXXX@@@@[0;1;37;97;47m8[0;36;5;40;100m:[0m          
            [0;1;37;97;47m:[0;37;5;47;107mS%%%%%%%%%%%%%%%%%%%%%%%%%[0;1;30;90;47m88[0;37;5;47;107m%%%%SSSSSSSSSSSXXXXXX@@@@@[0;1;37;97;47m;[0m            
             [0;37;5;40;100m@[0;37;5;47;107mXSSS%%%%%%%%%%%%%%%%%%%%%SSSSSSSSSSSSSSXXXXXXX@@@@@8[0;37;5;40;100m8[0m             
              [0;30;5;40;100m8[0;1;37;97;47m;[0;37;5;47;107mSSSSSSSSSSSSSSSSSSSSSSSSSSSSSSSSSSXXXXXXXX@@@@@@[0;1;37;97;47m:[0;30;5;40;100m8[0m              
                [0;36;5;40;100m [0;1;37;97;47m8[0;37;5;47;107mSSSSSSSSSSSSSSSSSSSSSSSSSSSSXXXXXXXXX@@@@@@@[0;1;37;97;47m8[0;36;5;40;100m [0m                
                  [0;37;5;40;100m8[0;37;5;47;107m@SSSSSSSSSSSSSSSSSSSSSXXXXXXXXXXX@@@@@@@@8[0;37;5;40;100m8[0m                  
                    [0;1;30;90;47m8[0;37;5;47;107m8XXXXXXXXXXXXXXXXXXXXXXXXXXX@@@@@@@@@8[0;1;30;90;47m8[0m                    
                      [0;37;5;40;100m@[0;1;37;97;47m8[0;37;5;47;107mXXXXXXXXXXXXXXXXXXXX@@@@@@@@@@@@[0;1;37;97;47m8[0;37;5;40;100m8[0m                      
                        [0;36;5;40;100m [0;1;37;97;47mS[0;37;5;47;107mXXXXXXXXXXX@@@@@@@@@@@@@@@@@[0;1;37;97;47mS[0;36;5;40;100m [0m                        
                          [0;30;5;40;100mS[0;1;30;90;47m%[0;37;5;47;107m8@@@@@@@@@@@@@@@@@@@@@@8[0;1;30;90;47m;[0;36;5;40;100mt[0m                          
                             [0;36;5;40;100m [0;1;37;97;47m.[0;37;5;47;107m@@@@@@@@@@@@@@@@@@[0;1;37;97;47m:[0;36;5;40;100m [0m                             
                                [0;36;5;40;100m [0;1;37;97;47m;[0;37;5;47;107m@@@@@@@@@@@@[0;1;37;97;47mt[0;37;5;40;100mX[0m                                
                                   [0;36;5;40;100m [0;1;30;90;47m;[0;37;5;47;107m8@@@@8[0;1;30;90;47m.[0;36;5;40;100m [0m                                   
                                      [0;30;5;40;100mS[0;37;5;40;100m@@[0;36;5;40;100m%[0m                                      
