[0;32;40m@[0;30;42mSSSSSSSSSSSS%%%%%%%%%%%%%%%%%%%%%%%%%%%%%%%%SSSSSSSSSSSSSSSSSSSSSXXXXXXXXXXXXX[0;32;40mX[0m
[0;30;42m8[0;1;30;90;42m:::::::::::;;;;;;;ttttttttttttttttttttt;;;;;;;::::::::::::::.........[0;30;42m.....::::[0;32;40m8[0m
[0;30;42m8[0;1;30;90;42m:::::::::;;;;;ttttttt%%%%%%%%%%%%%%%ttttttt;;;;;::::::::::::::........[0;30;42m.....:::[0;32;40m8[0m
[0;30;42m8[0;1;30;90;42m:::::::;;;;;ttttt%%%%%%%%SSSSSSS%%%%%%%%ttttt;;;;;:::::::::::::........[0;30;42m.....::[0;32;40m8[0m
[0;30;42m8[0;1;30;90;42m:::::;;;;ttttt%%%%%SSSSSSSSSSSSSSSSSSS%%%%%tttt;;;;;::::::::::::........[0;30;42m.....:[0;32;40m8[0m
[0;36;5;40;100m [0;1;30;90;47m%[0;36;5;40;100m [0;1;30;90;42m;;;;;;tX[0;1;30;90;47m8[0;1;37;97;47m ;;[0;1;30;90;47mt[0;36;5;40;100m [0;1;30;90;42mSSSSSXX8[0;1;30;90;47m8[0;1;37;97;47m %t[0;1;30;90;47mt[0;36;5;40;100m [0;1;30;90;42m@XXXXXS8[0;1;30;90;47m8[0;1;37;97;47m t;[0;1;30;90;47mS[0;36;5;40;100m:[0;1;30;90;42m%tttt;;@[0;1;30;90;47m8[0;1;37;97;47m ;.[0;1;30;90;47m@[0;32;5;40;100mS[0;1;30;90;42m:::::::X[0;1;30;90;47m8[0;1;37;97;47m . [0;1;30;90;47m8[0;32;5;40;100m@[0;1;30;90;42m.[0;30;42m....:[0;32;40m8[0m
[0;37;5;40;100m8[0;37;5;47;107mtt8[0;1;30;90;47m8[0;36;5;40;100m;[0;1;30;90;42m8[0;32;5;40;100mX[0;36;5;40;100m [0;1;30;90;47m%[0;37;5;47;107mXtt;;;;8[0;1;30;90;47m8[0;36;5;40;100m %t[0;37;5;40;100mt[0;1;37;97;47m [0;37;5;47;107m%;:::::8[0;1;30;90;47m@[0;36;5;40;100m t;[0;37;5;40;100mt[0;1;37;97;47m [0;37;5;47;107m%;;;;;;[0;1;37;97;47m@[0;1;30;90;47m8[0;36;5;40;100m;[0;32;5;40;100mXS[0;36;5;40;100m [0;1;37;97;47m [0;37;5;47;107m%tttttt[0;1;37;97;47m%[0;1;30;90;47m8[0;36;5;40;100m%[0;1;30;90;42m8[0;32;5;40;100m@[0;36;5;40;100m [0;1;37;97;47m [0;37;5;47;107mXSSSSXX[0;1;37;97;47m:[0;37;5;40;100m;[0;32;5;40;100m@[0;1;30;90;42m88[0;36;5;40;100m ;[0m
[0;37;5;40;100m8[0;37;5;47;107mtttttttttt;;;;;;;;;;:::::::::::::::::;;;;;;;;;ttttttttttttt%%%%%%%SSSSSXXXX@@@[0;37;5;40;100m8[0m
[0;37;5;40;100m8[0;37;5;47;107mttttttttt;;;;;;;;:::::::::::::::::::::::;;;;;;;;tttttttttttt%%%%%%SSSSSSXXXX@@[0;37;5;40;100m8[0m
[0;37;5;40;100m8[0;37;5;47;107mtttttttt;;;;;;;:::::::.............:::::::;;;;;;;tttttttttttt%%%%%%SSSSSXXXX@@[0;37;5;40;100m8[0m
[0;37;5;40;100m8[0;37;5;47;107mttttttt;;;;;;;:::::...................:::::;;;;;;;ttttttttttt%%%%%%SSSSSSXXXX@[0;37;5;40;100m8[0m
[0;37;5;40;100m@[0;37;5;47;107mtttttt;;;;;;;;:::.....            .....:::::;;;;;;;ttttttttttt%%%%%SSSSSSXXXX@[0;37;5;40;100m8[0m
[0;1;30;90;43m:[0;33;5;43;103m;[0;37;5;43;103mt[0;37;5;47;107mttt;;;;;[0;37;5;43;103m;;[0;33;5;43;103m:[0;37;5;43;103m;::[0;37;5;47;107m:...    [0;37;5;43;103m.....[0;1;37;97;47m8[0;37;5;47;107m      ..[0;37;5;43;103m.::::;[0;37;5;47;107m;;;;;;t[0;1;37;97;47m8[0;37;5;43;103mt[0;33;5;43;103m:;;;[0;37;5;43;103mt[0;37;5;47;107mtttt%%%[0;1;37;97;47m8[0;37;5;43;103mS[0;33;5;43;103mtttt[0;37;5;43;103mX[0;37;5;47;107mXSXXX@[0;37;5;40;100m8[0m
[0;1;30;90;43m:[0;33;5;43;103m;;:[0;37;5;43;103mtt[0;1;33;93;47mSS[0;37;5;43;103mt;[0;33;5;43;103m:::.[0;37;5;43;103m::::..[0;37;5;47;107m. [0;37;5;43;103m...........[0;37;5;47;107m   [0;37;5;43;103m.....::::[0;33;5;43;103m.[0;37;5;43;103m;;[0;1;37;97;47m8[0;1;33;93;47mX[0;37;5;43;103mt[0;33;5;43;103m::::;;;;;[0;37;5;43;103m%%[0;1;33;93;47mX[0;37;5;43;103m%%[0;33;5;43;103m;;;tttttt[0;37;5;43;103mSX[0;1;33;93;47m@[0;37;5;43;103m@X[0;1;30;90;43m:[0m
[0;1;30;90;43m:[0;33;5;43;103m;;:::::::::.[0;37;5;43;103m::::.........................:::;[0;33;5;43;103m::::::::::;;;;;;;;;;;;tttttttt%%%[0;1;30;90;43m.[0m
[0;1;30;90;43m:[0;33;5;43;103m;;:::::::::.[0;37;5;43;103m::::.........................::::[0;33;5;43;103m.:::::::::;;;;;;;;;;;;;ttttttt%%%[0;1;30;90;43m.[0m
[0;1;30;90;43m:[0;33;5;43;103m;;:::::::::[0;37;5;43;103m;:::..........................::::[0;33;5;43;103m.:::::::::;;;;;;;;;;;;;ttttttt%%%[0;1;30;90;43m.[0m
[0;1;30;90;43m:[0;33;5;43;103m;;:::::::::[0;37;5;43;103m;:::..........................::::[0;33;5;43;103m.:::::::::;;;;;;;;;;;;;ttttttt%%%[0;1;30;90;43m.[0m
[0;1;30;90;43m;[0;1;33;93;43m@[0;33;5;43;103mt::::::::tX[0;1;33;93;43m%S[0;33;5;43;103mS[0;37;5;43;103mt........S8[0;1;33;93;47m88[0;37;5;43;103m8;........X[0;33;5;43;103mS[0;1;33;93;43mSX[0;33;5;43;103mS[0;37;5;43;103mt:[0;33;5;43;103m.::::::%[0;1;33;93;43mS;t[0;33;5;43;103m@;;;;;;;;;X[0;1;33;93;43mt[0;1;30;90;43m:[0;1;33;93;43m;@[0;33;5;43;103mtttt%%%[0;1;30;90;43m.[0m
[0;30;42m8[0;1;30;90;42mt%[0;1;30;90;43m%[0;33;5;43;103mX;::;@[0;1;30;90;43m@[0;1;30;90;42m@88888[0;1;30;90;43m8[0;37;5;43;103mS...;@[0;1;30;90;43m8[0;33;5;40;100m%[0;36;5;40;100m%%tt[0;33;5;40;100mt[0;37;43m@[0;37;5;43;103m@...;[0;33;5;43;103mS[0;1;30;90;43m8[0;1;30;90;42m88888[0;33;42m8[0;1;30;90;43m8[0;33;5;43;103m%:::t[0;1;33;93;43mX[0;32;43m8[0;1;30;90;42m%%ttt[0;33;42m%[0;1;30;90;43m;[0;33;5;43;103mS;;;%[0;1;33;93;43mt[0;33;42m8[0;1;30;90;42m::::.[0;33;42mt[0;1;30;90;43m:[0;33;5;43;103mXt%%X[0;1;30;90;43m.[0m
[0;30;42m8[0;1;30;90;42mttt%S[0;33;42mXX[0;1;30;90;42mXXX@@8888888[0;1;30;90;43m88[0;32;5;40;100mXXSSSS%%%SS[0;33;5;40;100mS[0;1;30;90;43m8[0;33;5;40;100mX[0;1;30;90;42m8888888888@@[0;33;42m8X[0;1;30;90;42mSSS%%ttt;;;[0;33;42m;St[0;1;30;90;42m:::::::....[0;33;42m:%;[0;30;42m.8[0m
[0;32;40m8[0;1;30;90;42mttt%%%SSXX@@888888888888[0;32;5;40;100mXXXSSSXXX[0;1;30;90;42m88888888888@@@XXSS%%%tt;;;;:::::::::........[0;30;42m.[0;32;40m8[0m
[0;32;40m@[0;1;30;90;42m;ttt%%SSSXX@@8888888888888888888888888888888@@XXSS%%%ttt;;;::::::::::........[0;30;42m.[0;32;40m@[0m
[0;32;40m%[0;1;30;90;42m;ttt%%%SSSXX@@8888888888888888888888888888@@@XXSSS%%ttt;;;;::::::::::.......[0;30;42m..[0;32;40mS[0m
 [0;1;30;90;42m;;ttt%%%SSSXX@@@8888888888888888888888888@@@XXSSS%%%ttt;;;::::::::::........[0;30;42m..[0m 
 [0;1;30;90;47m88[0;1;30;90;42mSttt%%%8[0;1;30;90;47m8[0;1;37;97;47m;@X.[0;1;30;90;47m8[0;1;30;90;42m8@88888[0;36;5;40;100mt[0;1;30;90;47mS[0;1;37;97;47m%[0;37;5;47;107m88[0;1;37;97;47m:[0;1;30;90;47m8[0;1;30;90;42m8888888[0;36;5;40;100mt[0;1;30;90;47mS[0;1;37;97;47m%8X [0;37;5;40;100mt[0;1;30;90;42m@SSS%%%8[0;1;30;90;47m8[0;1;37;97;47m;X% [0;36;5;40;100m [0;1;30;90;42m;::::::8[0;1;30;90;47m8[0;1;37;97;47m.%;[0;1;30;90;47mS[0;36;5;40;100m;[0;1;30;90;42m:..[0;30;42m..t[0m 
 [0;37;5;40;100mS[0;37;5;47;107mtX[0;1;30;90;47mS[0;36;5;40;100m t;[0;1;30;90;47m8[0;1;37;97;47m [0;37;5;47;107mt;;;;;;S[0;1;37;97;47m [0;1;30;90;47m8[0;36;5;40;100m  [0;1;30;90;47m8[0;1;37;97;47m;[0;37;5;47;107m:::::::S[0;1;37;97;47m [0;1;30;90;47m8[0;36;5;40;100m  [0;1;30;90;47m8[0;1;37;97;47mt[0;37;5;47;107m;:;;;;;@[0;1;30;90;47mS[0;36;5;40;100m ;:[0;1;30;90;47m8[0;1;37;97;47m:[0;37;5;47;107mttttttt8[0;1;30;90;47m8[0;36;5;40;100m.[0;32;5;40;100mS[0;36;5;40;100mt[0;1;30;90;47m8[0;1;37;97;47m:[0;37;5;47;107mSSSSSSS[0;1;37;97;47mX[0;1;30;90;47m8[0;36;5;40;100mt[0;32;5;40;100m@S8[0m 
  [0;37;5;47;107m%ttttttttt;;;;;;;;;;:::::::::::::::;;;;;;;;;;ttttttttttttt%%%%%%SSSSSSXXXX@@[0;1;30;90;40m8[0m 
  [0;1;30;90;47m;[0;37;5;47;107mttttttttttt;;;;;;;;;;;;;;;;;;;;;;;;;;;;;;;tttttttttttttt%%%%%%%SSSSSXXXX@@[0;1;30;90;47m.[0m  
  [0;1;30;90;40m8[0;37;5;47;107m%tttttttttttt;;;;;;;;;;;;;;;;;;;;;;;;;;;ttttttttttttttt%%%%%%%SSSSSXXXXX@@[0;30;5;40;100m@[0m  
   [0;1;30;90;47mX[0;37;5;47;107mttttttttttttttt;;;;;;;;;;;;;;;;;;;;;ttttttttttttttttt%%%%%%SSSSSSXXXXX@@[0;1;30;90;47m%[0m   
    [0;37;5;47;107m8ttttttttttttttttttt;;tttt;;;;;ttttttttttttttttttt%%%%%%%%SSSSSSXXXXX@@[0;1;37;97;47m8[0m    
    [0;36;5;40;100m%[0;37;5;47;107m%tttt[0;1;37;97;47m8[0;37;5;43;103mt[0;33;5;43;103m;;;;[0;37;5;43;103mt[0;37;5;47;107mttttttt[0;1;37;97;47m8[0;37;5;43;103mt[0;33;5;43;103m::::[0;37;5;43;103mt[0;37;5;47;107mttttttt[0;1;37;97;47m8[0;37;5;43;103mt[0;33;5;43;103m;;;;[0;37;5;43;103mt[0;37;5;47;107mttttttt[0;1;37;97;47m8[0;37;5;43;103m%[0;33;5;43;103m;;;;[0;37;5;43;103mS[0;37;5;47;107mS%SSSSX[0;1;33;93;47mX[0;33;5;43;103mt%%%%[0;37;5;43;103m@[0;1;37;97;47m8[0;37;5;47;107m@[0;36;5;40;100mt[0m    
     [0;33;5;40;100mX[0;37;5;43;103m%%%[0;33;5;43;103m;;;;;;;;;;[0;37;5;43;103mtttt[0;33;5;43;103m;;;;;;;;;[0;37;5;43;103mttttt[0;33;5;43;103m;;;;;;;;;;[0;37;5;43;103m%%%%[0;33;5;43;103m;;;;;;;ttt[0;37;5;43;103mSSXX[0;33;5;43;103mtt%%%%%%%[0;1;30;90;43mS[0m     
      [0;1;30;90;43m.[0;33;5;43;103m;;;;;;;;;;;;;;;;;;;;;;;;;;;;;;;;;;;;;;;;;;;;;;;;;tttttttttt%%%%%%%[0;1;30;90;43m [0m      
       [0;1;30;90;43m.[0;33;5;43;103m;;;;;;;;;;;;;;;;;;;;;;;;;;;;;;;;;;;;;;;;;;;;;;tttttttttt%%%%%%%%[0;1;30;90;43m [0m       
        [0;1;30;90;43m.[0;33;5;43;103m;;;;;;;;;;;;;;;;;;;;;;;;;;;;;;;;;;;;;;;;;;;ttttttttttt%%%%%%%%[0;1;30;90;43m [0m        
         [0;1;30;90;43m.[0;33;5;43;103mt;;;;;;;;;;;;;;;;;;;;;;;;;;;;;;;;;;;;;;tttttttttttt%%%%%%%%S[0;1;30;90;43m.[0m         
          [0;1;30;90;43m.[0;33;5;43;103m8[0;1;33;93;43m;[0;1;30;90;43m::[0;1;33;93;43m%[0;33;5;43;103mS;;;;;;;;X[0;1;33;93;43m;[0;1;30;90;43m::[0;1;33;93;43mS[0;33;5;43;103m%;;;;;;;;X[0;1;33;93;43m;[0;1;30;90;43m::[0;1;33;93;43mS[0;33;5;43;103m%;ttttttt@[0;1;30;90;43m.:.[0;1;33;93;43m%[0;33;5;43;103mS%%%%%%%%[0;1;33;93;43m@[0;1;30;90;43m .[0m          
            [0;30;42m%[0;1;30;90;42m::::[0;32;43mX[0;1;33;93;43m@[0;33;5;43;103m%;;S[0;1;33;93;43mt[0;33;42m@[0;1;30;90;42m::::::[0;32;43mX[0;1;33;93;43m@[0;33;5;43;103mt;;S[0;1;33;93;43m;[0;33;42m@[0;1;30;90;42m:::::[0;33;42m;[0;32;43mS[0;1;33;93;43m@[0;33;5;43;103m%ttX[0;1;33;93;43m:[0;33;42mX[0;1;30;90;42m.....[0;33;42m:[0;32;43m%[0;1;33;93;43m@[0;33;5;43;103mS%%@[0;1;30;90;43m.[0;33;42mS[0;30;42m%[0m            
             [0;30;42m8[0;1;30;90;42m.:::::[0;33;42m;:[0;1;30;90;42m::::::::::::[0;33;42m;[0;1;30;90;42m::::::::....:[0;33;42m;[0;1;30;90;42m:.........[0;30;42m...[0;33;42m:[0;1;30;90;42m.[0;30;42m.:8[0m             
              [0;32;40mt[0;30;42m%[0;1;30;90;42m.....::::::::::::::::...................[0;30;42m.......:%[0;32;40mt[0m              
                [0;32;40m@[0;30;42m:[0;1;30;90;42m...................................[0;30;42m........:;[0;32;40m@[0m                
                  [0;30;42m8[0;1;30;90;42m...............................[0;30;42m........:::8[0m                  
                    [0;30;42m8:[0;1;30;90;42m........................[0;30;42m.........::::8[0m                    
                      [0;32;40m8[0;30;42m:[0;1;30;90;42m8[0;1;30;90;47m8[0;1;37;97;47m.S% [0;37;5;40;100m;[0;1;30;90;42mt......8[0;1;30;90;47m8[0;1;37;97;47m:S%[0;1;30;90;47m;[0;36;5;40;100m [0;1;30;90;42m;[0;30;42m......[0;1;30;90;42m8[0;1;30;90;47m8[0;1;37;97;47m.%.[0;32;5;40;100mX[0m                      
                        [0;36;5;40;100m [0;1;37;97;47mS[0;37;5;47;107mXXXXX8[0;1;30;90;47mX[0;36;5;40;100m t;[0;37;5;40;100m%[0;1;37;97;47m [0;37;5;47;107m@@@@@@@[0;1;37;97;47m8[0;1;30;90;47m8[0;36;5;40;100m %;[0;37;5;40;100m%[0;1;37;97;47m.[0;37;5;47;107m@@[0;1;37;97;47mS[0;36;5;40;100m [0m                        
                          [0;30;5;40;100mS[0;1;30;90;47m%[0;37;5;47;107m8@@@@@@@@@@@@@@@@@@@@@@8[0;1;30;90;47m;[0;36;5;40;100mt[0m                          
                             [0;36;5;40;100m [0;1;37;97;47m.[0;37;5;47;107m@@@@@@@@@@@@@@@@@@[0;1;37;97;47m:[0;36;5;40;100m [0m                             
                                [0;36;5;40;100m [0;1;37;97;47m;[0;37;5;47;107m@@@@@@@@@@@@[0;1;37;97;47mt[0;37;5;40;100mX[0m                                
                                   [0;36;5;40;100m [0;1;30;90;47m;[0;37;5;47;107m8@@@@8[0;1;30;90;47m.[0;36;5;40;100m [0m                                   
                                      [0;30;5;40;100mS[0;37;5;40;100m@@[0;36;5;40;100m%[0m                                      
