[0;34;40m;[0;1;30;90;47m8...      [0;1;37;97;47m         [0;34;40m::::::::::::::::::[0;1;30;90;40m8[0;1;30;90;47m%[0;30;42m%%%%%SSSSSSSSSSSSSSSSSSSSSXXXXXXXXXXXXX[0;32;40mX[0m
[0;34;40m.:[0;37;5;40;100m@[0;37;5;47;107mX%%%ttttttttttttt[0;34;40m;;;;;;;;;;;;;;;;[0;1;30;90;40mS[0;37;5;40;100m8[0;37;5;47;107mSt[0;1;30;90;42m;;;;;;;::::::::::::::.........[0;30;42m.....::::[0;32;40m8[0m
[0;34;40m...[0;1;30;90;40m8[0;1;30;90;47m.[0;37;5;47;107mttttttttttttttt[0;34;40m;;;;;;;;;;;;;;;[0;36;5;40;100m [0;1;37;97;47m8[0;37;5;47;107mttt[0;1;30;90;42mtttt;;;;;::::::::::::::........[0;30;42m.....:::[0;32;40m8[0m
[0;34;40m....:[0;36;5;40;100m;[0;1;37;97;47mX[0;37;5;47;107mttttttttttttt[0;34;40m;;[0;1;30;90;40m%%SSSSSSSSS[0;30;5;40;100m@[0;1;37;97;47m:[0;37;5;47;107m;tttt[0;1;30;90;42m%ttttt;;;;;::::::::;::::........[0;30;42m.....::[0;32;40m8[0m
[0;34;40m..:::::[0;37;5;40;100mS[0;37;5;47;107m@ttttttttt;;[0;1;30;90;40mSSSSSSSSXXX8[0;1;30;90;47m@[0;37;5;47;107m%;;;;;;[0;1;30;90;42m%%%%tttt;;;;;::::::[0;32;5;40;100mS[0;1;30;90;42m8::::........[0;30;42m.....:[0;32;40m8[0m
[0;34;40m.:::::::[0;1;30;90;40m8[0;1;30;90;47m;[0;37;5;47;107mttttt;;;;;[0;1;30;90;40mSXXXXXXXXX[0;36;5;40;100m [0;37;5;47;107m8;;;;;;;;[0;1;30;90;42mSS%%%%tttt;;;;:::::[0;1;30;90;47m8[0;37;5;40;100mt[0;1;30;90;42m:::::........[0;30;42m....:[0;32;40m8[0m
[0;34;40m.:::::::;;[0;36;5;40;100mt[0;1;37;97;47mS[0;37;5;47;107mt;;;;;;;[0;1;30;90;40mXX@@@@@@[0;36;5;40;100m;[0;1;37;97;47m%[0;37;5;47;107m:::;;;;;;;[0;1;30;90;42mXSSS%%%%tttt;;t[0;37;5;40;100mt[0;1;37;97;47m  [0;1;30;90;42m;[0;1;30;90;47m;[0;1;37;97;47m [0;1;30;90;42m::::::........[0;30;42m....8[0m
[0;34;40m.:::::;;;;;[0;1;30;90;40mS[0;37;5;40;100m%[0;37;5;47;107m@;;;;;;[0;1;30;90;40m@@@888[0;30;5;40;100m8[0;1;30;90;47m;[0;37;5;47;107m;:::::::::;;[0;1;30;90;42mXXXSSS%%%%ttt;[0;36;5;40;100m [0;1;37;97;47m888[0;1;30;90;47m888[0;1;30;90;42mt;:::::.......[0;30;42m....8[0m
[0;34;40m.::::;;;;;[0;1;30;90;40m%SS8[0;1;30;90;47mt[0;37;5;47;107m;;;::[0;1;30;90;40m88888[0;37;5;40;100m@[0;37;5;47;107mS:::::::::::::[0;1;30;90;42m@@XXXSSS%%%ttt[0;37;5;40;100mt[0;1;37;97;47m8888[0;1;30;90;47m:;8[0;37;5;40;100mX[0;1;30;90;42mS::::........[0;30;42m...8[0m
[0;34;40m.:::;;;;;[0;1;30;90;40mSSSXXX[0;36;5;40;100m;[0;1;37;97;47m%[0;37;5;47;107m:::[0;1;30;90;40m888[0;36;5;40;100m [0;1;37;97;47m8[0;37;5;47;107m...........::::[0;1;30;90;42m8@@@XXSSS%%%tt8[0;1;37;97;47mS88[0;37;5;40;100mt[0;1;30;90;47mX8[0;1;30;90;42m::::::::........[0;30;42m..8[0m
[0;34;40m.::;;;;;[0;1;30;90;40mSSSXX@@@8[0;37;5;40;100mS[0;37;5;47;107m@:[0;1;30;90;40m8[0;30;5;40;100mS[0;1;37;97;47m [0;37;5;47;107m................:[0;1;30;90;42m88@@@XXSSS%%%tt[0;36;5;40;100m%[0;1;37;97;47mt;[0;1;30;90;42m;[0;1;30;90;47m@8[0;1;30;90;42m::::::::........[0;30;42m..8[0m
[0;1;30;90;40mS[0;30;5;40;100m8888@@@XXXSS%[0;36;5;40;100mttt;.[0;1;37;97;47m;[0;37;5;40;100mS[0;1;37;97;47m8[0;37;5;47;107m@@@@XXXXXX@@@@@@88[0;1;30;90;42m8888@@XXSSS%%%ttS[0;32;5;40;100mS[0;1;30;90;42m;[0;1;30;90;47mX8[0;1;30;90;42m:::::::::.......[0;30;42m..8[0m
[0;37;5;40;100m8[0;37;5;47;107mttttt;;;;;;;::::.[0;1;37;97;47mX[0;36;5;40;100m [0;37;5;47;107m@[0;37;5;40;100mS[0;30;5;40;100m@@@XXXXXXXX@@@8888[0;1;30;90;42m88888@@XXSSS%%ttt;;[0;1;30;90;47mX8[0;1;30;90;42m:::::::::........[0;30;42m.8[0m
[0;37;5;40;100m8[0;37;5;47;107mttttt;;;;;;::::X[0;37;5;40;100mX[0;30;5;40;100m88[0;37;5;47;107m  [0;1;37;97;47mS[0;36;5;40;100m [0;30;5;40;100mXXSSSSSSSXXX@@88[0;1;30;90;42m888888@@XXSS%%%tt;;[0;1;30;90;47mX8[0;1;30;90;42m::::::::::.......[0;30;42m.8[0m
[0;37;5;40;100m8[0;37;5;47;107mtttt;;;;;;:::;[0;1;30;90;47m%[0;30;5;40;100m@888[0;37;5;47;107m   :[0;1;30;90;47m;[0;36;5;40;100mt[0;30;5;40;100m%[0;36;5;40;100m%%t%%[0;30;5;40;100mSSSXX@@8[0;1;30;90;42m888888@@XXSSS%%ttt;[0;1;30;90;47mX8[0;1;30;90;42m::::::::::.......[0;30;42m.8[0m
[0;37;5;40;100m8[0;37;5;47;107mtttt;;;;;;::[0;1;37;97;47mt[0;36;5;40;100m;[0;1;30;90;40m8[0;30;5;40;100m888@[0;37;5;47;107m     S[0;1;30;90;47m8[0;36;5;40;100mtttttt%[0;30;5;40;100mSSXX@@[0;1;30;90;42m8888888@@XXSS%%ttt;[0;1;30;90;47mX8[0;1;30;90;42m::::::::::.......[0;30;42m.8[0m
[0;37;5;40;100m8[0;37;5;47;107mtttt;;;;;;8[0;36;5;40;100m [0;1;30;90;40m88[0;30;5;40;100m8888@[0;37;5;47;107m       [0;1;37;97;47m8[0;36;5;40;100m ;;;tt[0;30;5;40;100m%SSX@@[0;1;30;90;42m8888888@@XXSS%%ttt;[0;1;30;90;47mX8[0;1;30;90;42m::::::::::........[0;30;42m8[0m
[0;37;5;40;100m8[0;37;5;47;107mtttt;;;;%[0;1;30;90;47m8[0;1;30;90;40m8888[0;30;5;40;100m888@@[0;37;5;47;107m        .[0;1;37;97;47m.[0;36;5;40;100m ;tt%[0;30;5;40;100mSSXX@[0;1;30;90;42m8888888@@XXSS%%%tt;[0;1;30;90;47mX8[0;1;30;90;42m::::::::::........[0;30;42m8[0m
[0;37;5;40;100m8[0;37;5;47;107mtttt;;;[0;1;30;90;47m [0;30;5;40;100m@[0;1;30;90;40m@@888[0;30;5;40;100m8888@[0;37;5;47;107m          t[0;1;30;90;47mX[0;36;5;40;100m;t[0;30;5;40;100m%SSX@@[0;1;30;90;42m8888888@@XXSS%%ttt;[0;1;30;90;47mX8[0;1;30;90;42m::::::::::........[0;30;42m8[0m
[0;37;5;40;100m8[0;37;5;47;107mtttt;[0;1;37;97;47m@[0;36;5;40;100m.[0;1;30;90;40mXX@@8888[0;30;5;40;100m888@[0;37;5;47;107m            8[0;36;5;40;100m [0;30;5;40;100mSSXX@@[0;1;30;90;42m888888@@XXXSS%%tttX[0;1;30;90;47m%%[0;1;30;90;42m%:::::::::.......[0;30;42m.8[0m
[0;37;5;40;100m8[0;37;5;47;107mtttX[0;37;5;40;100mX[0;1;30;90;40mXSXX@@8888[0;30;5;40;100m8888[0;37;5;47;107m             .[0;1;37;97;47m:[0;36;5;40;100m;[0;30;5;40;100mX@@8[0;1;30;90;42m888888@@XXSSS%%ttt;t;::::::::::.......[0;30;42m.8[0m
[0;37;5;40;100mX[0;37;5;47;107mtt[0;1;30;90;47mt[0;1;30;90;40m8[0;34;40m;[0;1;30;90;40mSSSXX@@8888[0;30;5;40;100m888[0;37;5;47;107m               ;[0;1;30;90;47mX[0;30;5;40;100m@88[0;1;30;90;42m88888@@@XXSS%%%tt;;;;:::::::::........[0;30;42m.[0;32;40m8[0m
[0;36;5;40;100m [0;1;37;97;47m%[0;30;5;40;100mS[0;34;40m;;;[0;1;30;90;40m%SSXXX@@8888[0;30;5;40;100m88[0;37;5;47;107m..               8[0;36;5;40;100m [0;30;5;40;100m8[0;1;30;90;42m88888@@XXSS%%%ttt;;;::::::::::........[0;30;42m.[0;32;40m@[0m
[0;32;40mt8888888[0;30;42m888[0;1;30;90;42m@@@[0;32;5;40;100m888888[0;1;37;97;47m;;;;;ttttttttt;;;;:[0;37;5;40;100m%[0;36;5;40;100m [0;1;30;90;47m888888[0;37;5;40;100mttt;;;;:[0;36;5;40;100m     [0;30;42mSSSSSSSSXXXXXXXXXX@[0;32;40mt[0m
 [0;1;30;90;42m;;ttt%%%SSSXX@@@88888888888888888888888[0;30;5;40;100m8[0;1;30;90;47mS[0;37;5;47;107mt:;;;;;;;ttttttttt[0;34;40m::.............. .[0;36;5;40;100m [0m 
 [0;30;42mt[0;1;30;90;42m;;ttt%%%SSSXXX@@@888888888888888888888[0;1;30;90;40m@@[0;30;5;40;100mS[0;1;37;97;47m:[0;37;5;47;107m;;;;;;tttttttttt[0;34;40m:...............[0;30;5;40;100mS[0;1;37;97;47mtt[0m 
 [0;32;40m8[0;1;30;90;42m;;;ttt%%%SSSXXXX@@@88888888888888888@@[0;1;30;90;40m@@XX[0;36;5;40;100m [0;37;5;47;107m8;;tttttttttttt[0;34;40m..............[0;1;30;90;40m@[0;1;30;90;47mt[0;37;5;47;107mX@[0;37;5;40;100m@[0m 
  [0;1;30;90;42m:;;;tttt%%%SSSXXXX@@[0;1;30;90;47m8[0;1;30;90;42m@@@8888888@@@@@XX[0;1;30;90;40mXXXSSX[0;37;5;40;100m8[0;37;5;47;107mStttttttttttt[0;34;40m............:[0;37;5;40;100mX[0;37;5;47;107m8X@@[0;1;30;90;40m8[0m 
  [0;30;42mX[0;1;30;90;42m:;;;tttt%%%%SSSS@8@[0;1;37;97;47m%[0;36;5;40;100mt[0;1;30;90;42mX@@@@@@@@@XXXXXX[0;1;30;90;40mSSSS%[0;34;40m;;[0;30;5;40;100m8[0;1;30;90;47m [0;37;5;47;107mtttttttttt%[0;34;40m...........[0;36;5;40;100mt[0;1;37;97;47mS[0;37;5;47;107mXX@@[0;1;30;90;47m.[0m  
  [0;32;40mt[0;1;30;90;42m::;;;;tttt%%%%[0;32;5;40;100m@[0;1;37;97;47m 8[0;1;30;90;47mX[0;1;30;90;42m8[0;1;37;97;47mX[0;37;5;40;100mt[0;1;30;90;42mXXXXXXXXXXXXSSSS[0;1;30;90;40mSS%[0;34;40m;;;;;;[0;36;5;40;100m.[0;1;37;97;47m@[0;37;5;47;107mttttttt%%[0;34;40m.........[0;1;30;90;40m8[0;1;30;90;47m;[0;37;5;47;107mXXXX@@[0;30;5;40;100m@[0m  
   [0;30;42m@[0;1;30;90;42m::;;;;;ttttt%[0;1;30;90;47m;[0;1;37;97;47m888[0;1;30;90;47m8:[0;37;5;40;100mt[0;1;30;90;42m8@SSSSSSSSSSSS%%[0;34;40m;;;;;;;:::;[0;37;5;40;100m%[0;37;5;47;107m@tttt%%%[0;34;40m.......;[0;37;5;40;100m8[0;37;5;47;107m@XXXX@@[0;1;30;90;47m%[0m   
    [0;1;30;90;42m::::;;;;;tttt[0;1;30;90;47mt[0;1;37;97;47m888X[0;1;30;90;47m.t8[0;36;5;40;100m.[0;1;30;90;42mX%%%%%%%%%%%%%[0;34;40m;;;;;:::::::[0;1;30;90;40mX[0;1;30;90;47mt[0;37;5;47;107m%%%%%%[0;34;40m......[0;36;5;40;100m.[0;1;37;97;47m@[0;37;5;47;107mSXXXX@@[0;1;37;97;47m8[0m    
    [0;32;40mS[0;1;30;90;42m:::::;;;;;;t[0;36;5;40;100m;[0;1;37;97;47m@8.[0;32;5;40;100mX[0;1;37;97;47m:[0;36;5;40;100m;[0;1;30;90;42m%%%%%%%%%%%ttttt[0;34;40m;;:::::::::::.[0;30;5;40;100m%[0;1;37;97;47m%[0;37;5;47;107m%%%%[0;34;40m....[0;30;5;40;100m8[0;1;37;97;47m [0;37;5;47;107mSXXXXX@@@[0;36;5;40;100mt[0m    
     [0;32;40m8[0;1;30;90;42m:::::::;;;;;[0;36;5;40;100m [0;1;37;97;47mS[0;1;30;90;47m8[0;1;30;90;42mX[0;1;37;97;47m:[0;36;5;40;100m;[0;1;30;90;42mttttttttttttttt;[0;34;40m:::::::::::....:[0;36;5;40;100m [0;37;5;47;107m8%%[0;34;40m..;[0;1;30;90;47m8[0;37;5;47;107mXSXXXXX@@@[0;36;5;40;100m [0m     
      [0;30;42m8[0;1;30;90;42m:::::::::;;;%@S[0;1;37;97;47m:[0;36;5;40;100m;[0;1;30;90;42m;;;;;;;;;;;;;;;;[0;34;40m:::::::::........;[0;1;30;90;47m@[0;37;5;47;107mS[0;34;40m.[0;36;5;40;100m [0;1;37;97;47m8[0;37;5;47;107mSSXXXXX@@@[0;1;30;90;47m@[0m      
       [0;30;42m@[0;1;30;90;42m::::::::::::;S[0;1;37;97;47m:[0;36;5;40;100mt[0;1;30;90;42m;;;;;;;;;;;;;;::[0;37;5;40;100m8888888888888888888@8XXXXXXXSSSS[0;36;5;40;100m [0m       
        [0;30;42m8[0;1;30;90;42m::::::::::::%[0;1;37;97;47m.[0;36;5;40;100mt[0;1;30;90;42m::::::::::::::::[0;37;5;47;107mttt%%%%%%%%%%%SSS[0;1;37;97;47m8[0;36;5;40;100m [0;34;40m.[0;37;5;47;107mS[0;1;30;90;47mt[0;1;30;90;40m@[0;34;40m..       [0m        
         [0;32;40m8[0;1;30;90;42m:::::::::::%[0;1;37;97;47m.[0;36;5;40;100mt[0;1;30;90;42m::::::::::::::::[0;37;5;47;107m%%%%%%%%%%%%SSSS[0;1;30;90;47m@[0;34;40m;..[0;37;5;47;107mXX8[0;37;5;40;100mS[0;34;40m.      [0m         
          [0;32;40mS[0;1;30;90;42m::::::::::%[0;1;37;97;47m.[0;36;5;40;100m%[0;1;30;90;42m::::::::::::::::[0;37;5;47;107m%%%%%%%%%SSSSS[0;1;37;97;47m [0;30;5;40;100m8[0;34;40m....[0;37;5;47;107mXXXX[0;1;37;97;47mt[0;36;5;40;100mt[0;34;40m    [0m          
            [0;30;42m%[0;1;30;90;42m::::::::%[0;1;37;97;47m.[0;36;5;40;100m%[0;1;30;90;42m::::::::::::::::[0;37;5;47;107m%%%%%SSSSSSS[0;1;37;97;47m@[0;36;5;40;100m.[0;34;40m......[0;37;5;47;107mXX@@@@[0;1;30;90;47m;[0;1;30;90;40mX[0m            
             [0;30;42m8[0;1;30;90;42m.::::::%[0;1;37;97;47m [0;36;5;40;100m%[0;1;30;90;42m::::::::::::::::[0;37;5;47;107mSSSSSSSSSS@[0;37;5;40;100m8[0;34;40m:.....  [0;37;5;47;107m@@@@@8[0;37;5;40;100m8[0m             
              [0;32;40mt[0;30;42m%[0;1;30;90;42m.....%[0;1;37;97;47m [0;36;5;40;100mt[0;1;30;90;42m:::::::::::::...[0;37;5;47;107mSSSSSSSSS[0;1;30;90;47m;[0;1;30;90;40m8[0;34;40m.....    [0;37;5;47;107m@@@@[0;1;37;97;47m:[0;30;5;40;100m8[0m              
                [0;32;40m@[0;30;42m:[0;1;30;90;42m...[0;32;5;40;100m8[0;1;30;90;47m8[0;36;5;40;100m [0;1;30;90;42m................[0;37;5;47;107mSSSSSSX[0;1;37;97;47mS[0;36;5;40;100mt[0;34;40m....       [0;37;5;47;107m@@[0;1;37;97;47m8[0;36;5;40;100m [0m                
                  [0;30;42m8[0;1;30;90;42m.....................[0;37;5;47;107mSXXXX8[0;37;5;40;100mX[0;34;40m..           [0;37;5;47;107m8[0;37;5;40;100m8[0m                  
                    [0;30;42m8:[0;1;30;90;42m..................[0;37;5;47;107mXXXX[0;1;30;90;47mS[0;1;30;90;40mX[0;34;40m              [0m                    
                      [0;32;40m8[0;30;42m:[0;1;30;90;42m................[0;37;5;47;107mXX[0;1;37;97;47m;[0;30;5;40;100mX[0;34;40m              [0m                      
                        [0;32;40m8[0;30;42mt..............[0;1;37;97;47m8[0;36;5;40;100m [0;34;40m.             [0m                        
                          [0;32;40m%[0;30;42m@:...........[0;34;40m;             [0m                          
                             [0;32;40m8[0;30;42mS:.:::::::[0;34;40m           [0m                             
                                [0;32;40m8[0;30;42m%::::::[0;34;40m        [0m                                
                                   [0;32;40m@[0;30;42mX:::[0;34;40m     [0m                                   
                                      [0;32;40m%8[0;34;40m  [0m                                      
