[0;32;40m@[0;30;42mSSSSSSSSSSSS%%%%%%%%%%%%%%%%%%%%%%%%%%%%%%%%SSSSSSSSSSSSSSSSSSSSSXXXXXXXXXXXXX[0;32;40mX[0m
[0;30;42m8[0;1;30;90;42m:::::::::::;;;;;;;ttttttttttttttttttttt;;;;;;;::::::::::::::.........[0;30;42m.....::::[0;32;40m8[0m
[0;30;42m8[0;1;30;90;42m:::::::::;;;;;ttttttt%%%%%%%%%%%%%%%ttttttt;;;;;::::::::::::::........[0;30;42m.....:::[0;32;40m8[0m
[0;30;42m8[0;1;30;90;42m:::::::;;;;;ttttt%%%%%%%%SSSSSSS%%%%%%%%ttttt;;;;;:::::::::::::........[0;30;42m.....::[0;32;40m8[0m
[0;30;42m8[0;1;30;90;42m:::::;;;;ttttt%%%%%SSSSSSSSSSSSSSSSSSS%%%%%tttt;;;;;::::::::::::........[0;30;42m.....:[0;32;40m8[0m
[0;30;42m8[0;1;30;90;42m:::;;;;;tttt%%%[0;32;5;40;100mX[0;36;5;40;100m ; [0;1;30;90;47m8@[0;1;37;97;47m .[0;37;5;40;100mS[0;32;5;40;100mX[0;1;30;90;42mXXXXXXXXXXXSSSSS%%%%tttt;;;;8[0;36;5;40;100m [0;1;30;90;47m::88[0;36;5;40;100m;[0;32;5;40;100mX[0;36;5;40;100m:[0;1;30;90;42m8::........[0;30;42m....:[0;32;40m8[0m
[0;30;42m8[0;1;30;90;42m::;;;;tttt%[0;32;5;40;100m8[0;36;5;40;100m. [0;1;30;90;47m8[0;37;5;47;107mt[0;1;37;97;47m:..[0;37;5;47;107mt;[0;1;37;97;47m@[0;1;30;90;47m@[0;36;5;40;100m;[0;1;30;90;42m8@@@@@@@@@@XXXXXSSS%%%%tttt;;t[0;32;5;40;100m@[0;1;30;90;47m8[0;1;37;97;47mt[0;37;5;47;107m%S[0;1;30;90;47m.:.[0;37;5;47;107mX[0;37;5;40;100m8[0;36;5;40;100m t[0;1;30;90;42m8;......[0;30;42m....8[0m
[0;30;42m8[0;1;30;90;42m:;;;;ttt%%[0;37;5;40;100mS8[0;1;30;90;47m88[0;1;37;97;47m8[0;37;5;47;107m;;;;[0;1;37;97;47m8[0;36;5;40;100m.[0;1;30;90;42m@@88888888888@@@@XXXXSSS%%%%ttt;;;;:[0;32;5;40;100m@[0;1;37;97;47mS[0;37;5;47;107m%%%%[0;1;37;97;47m8[0;37;5;40;100m@@X[0;36;5;40;100m [0;30;42m:[0;1;30;90;42m.....[0;30;42m....8[0m
[0;30;42m8[0;1;30;90;42m;;;;ttt%%%SSS[0;32;5;40;100m8[0;37;5;47;107m;;;:[0;1;37;97;47m8[0;1;30;90;47m:[0;32;5;40;100mX[0;1;30;90;42m8888888888888888@@@@XXXSSS%%%ttt;;;;S[0;1;30;90;47mX[0;1;37;97;47m%[0;37;5;47;107m%%%%[0;1;30;90;42m@::........[0;30;42m...8[0m
[0;30;42m8[0;1;30;90;42m;;;ttt%%%SSXXX[0;1;37;97;47mS[0;37;5;47;107m:::::S[0;37;5;40;100mt[0;1;30;90;42m888888888888888888@@@XXSSS%%%ttt;;[0;36;5;40;100mt[0;37;5;47;107m8ttt%%[0;1;37;97;47mt[0;1;30;90;42m::::........[0;30;42m..8[0m
[0;30;42m8[0;1;30;90;42m;;ttt%%%SSXXX@[0;36;5;40;100m [0;37;5;47;107m::::...[0;1;37;97;47m;[0;36;5;40;100m.[0;1;30;90;42m88888888888888888@@@XXSSS%%%tt[0;32;5;40;100m8[0;1;30;90;47mt[0;37;5;47;107mttttt%%[0;36;5;40;100m [0;1;30;90;42m::::........[0;30;42m..8[0m
[0;30;42m8[0;1;30;90;42m;ttt%%%SSXXX@@8[0;37;5;47;107m8:..... [0;1;37;97;47mt[0;36;5;40;100m [0;1;30;90;42m888888888888888888@@XXSSS%%%[0;32;5;40;100m@[0;1;30;90;47m:[0;37;5;47;107mttttttt8[0;1;30;90;42m;:::::.......[0;30;42m..8[0m
[0;30;42m8[0;1;30;90;42m;ttt%%SSXXX@@88[0;1;37;97;47mX[0;37;5;47;107m....   .[0;1;37;97;47mt[0;1;30;90;47m8[0;32;5;40;100mSXXXXX[0;1;30;90;42m888888888888@@XXSSSS[0;36;5;40;100m.[0;1;30;90;47m:[0;37;5;47;107m%ttttttt[0;1;37;97;47mX[0;1;30;90;42m::::::........[0;30;42m.8[0m
[0;30;42m8[0;1;30;90;42mttt%%%SSXX@@888[0;1;37;97;47m@[0;37;5;47;107m...   .@8[0;1;37;97;47m;[0;36;5;40;100m.[0;1;30;90;47m%[0;37;5;47;107m;8[0;1;37;97;47mS.[0;1;30;90;47m%[0;1;37;97;47m..[0;1;30;90;47m8[0;32;5;40;100mX[0;1;30;90;42m88888[0;37;5;40;100m%[0;1;30;90;47m::8t[0;1;37;97;47m:@[0;37;5;47;107mS[0;1;30;90;47m@[0;32;5;40;100m8[0;1;30;90;47mt[0;1;37;97;47mX@[0;37;5;47;107mStttttt[0;1;37;97;47m@[0;30;42m%[0;1;30;90;42m::::::.......[0;30;42m.8[0m
[0;30;42m8[0;1;30;90;42mttt%%SSXXX@@88[0;37;5;40;100mt[0;1;37;97;47m.[0;1;30;90;47m.[0;37;5;47;107m@St [0;1;37;97;47m8[0;37;5;47;107m;[0;1;37;97;47mt8;:[0;37;5;47;107mt[0;1;30;90;47m@[0;36;5;40;100m%%[0;32;5;40;100mSS[0;36;5;40;100m%[0;1;30;90;47mt[0;1;37;97;47m%%[0;1;30;90;47m8[0;1;30;90;42m88[0;37;5;40;100mt[0;1;37;97;47m:%[0;1;30;90;47mX[0;1;30;90;42m8@@XX[0;36;5;40;100m [0;37;5;47;107m%[0;1;30;90;47mt%[0;1;37;97;47m%[0;1;30;90;47mt[0;37;5;47;107mX[0;1;37;97;47m;[0;37;5;47;107mt@88[0;1;30;90;47mXS[0;36;5;40;100m.[0;1;30;90;42m::::::.......[0;30;42m.8[0m
[0;30;42m8[0;1;30;90;42mtt%%%SSXX@@888[0;1;37;97;47m88[0;37;5;47;107m.[0;1;37;97;47m%%8[0;37;5;47;107mX[0;1;37;97;47mS[0;37;5;47;107m@[0;1;37;97;47m@@[0;37;5;47;107m ;[0;1;30;90;47m;X[0;1;37;97;47mS[0;37;5;47;107mSX[0;1;30;90;47m%[0;36;5;40;100mt[0;32;5;40;100mSX[0;36;5;40;100m;t[0;1;30;90;42m88[0;32;5;40;100mS[0;36;5;40;100m%[0;1;30;90;42m888[0;1;30;90;47m8[0;1;37;97;47m8[0;37;5;47;107m8[0;1;37;97;47m.[0;1;30;90;47m88[0;37;5;47;107m8;[0;1;37;97;47mt;X.8t[0;1;30;90;47m:.[0;37;5;47;107mt[0;1;37;97;47mtS[0;1;30;90;42mt:::::.......[0;30;42m.8[0m
[0;30;42m8[0;1;30;90;42mtt%%%SSXX@@8[0;32;5;40;100mS[0;1;37;97;47mX[0;37;5;47;107m...:X SX  t8X S[0;1;30;90;47m%[0;36;5;40;100m .[0;1;30;90;47m8[0;1;37;97;47m:[0;1;30;90;47m8[0;32;5;40;100mSX[0;1;30;90;42m888888[0;37;5;40;100mS[0;1;37;97;47m [0;36;5;40;100m [0;1;30;90;42m8[0;32;5;40;100m8[0;1;30;90;47m8[0;1;37;97;47m8[0;37;5;47;107m;8[0;1;37;97;47mX[0;37;5;47;107m@tt8[0;1;37;97;47m@[0;37;5;47;107mt[0;1;37;97;47m8[0;37;5;47;107mXtt%[0;1;37;97;47mt[0;1;30;90;42m8::::........[0;30;42m8[0m
[0;30;42m8[0;1;30;90;42mtt%%%SSXX@@[0;37;5;40;100m%[0;37;5;47;107m%:...         :[0;1;37;97;47m [0;36;5;40;100m.;;t%%[0;1;30;90;47m;[0;37;5;47;107mX[0;36;5;40;100m [0;1;30;90;42m8888[0;36;5;40;100mt[0;1;37;97;47m8[0;1;30;90;47m%[0;1;30;90;42m88@@XX[0;1;30;90;47m8[0;37;5;47;107mS;tttttttttt%%X[0;36;5;40;100m [0;1;30;90;42m:::........[0;30;42m8[0m
[0;30;42m8[0;1;30;90;42mtt%%%SSXX[0;32;5;40;100mX[0;1;37;97;47m.[0;37;5;47;107m:::...     S t[0;1;37;97;47m [0;36;5;40;100m ;;;tt%[0;32;5;40;100mS[0;36;5;40;100m.[0;1;37;97;47m@S[0;32;5;40;100m@[0;1;30;90;42m888[0;1;37;97;47m.@[0;36;5;40;100m%[0;1;30;90;42m88@@XXS8[0;1;30;90;47m8[0;37;5;47;107m@t[0;1;37;97;47m8[0;37;5;47;107mttttttt%%%%[0;1;37;97;47m [0;1;30;90;42m8:........[0;30;42m8[0m
[0;30;42m8[0;1;30;90;42mtt%%%SS[0;32;5;40;100m@[0;1;30;90;47m:[0;37;5;47;107mt::::...     t[0;1;37;97;47m:[0;36;5;40;100m;%%ttt%%[0;32;5;40;100mSSS[0;36;5;40;100m [0;1;37;97;47m [0;36;5;40;100m:[0;1;30;90;42m88[0;32;5;40;100mS[0;1;37;97;47m [0;36;5;40;100m:[0;1;30;90;42m88@@XXXSS%@[0;1;30;90;47m%[0;37;5;47;107m8ttttttt%%%%%S[0;1;30;90;47m%[0;1;30;90;42m8......[0;30;42m.8[0m
[0;30;42m8[0;1;30;90;42mttt%%8[0;1;30;90;47mS[0;37;5;47;107m%;;:::::...   %[0;1;30;90;47m8[0;32;5;40;100mSSSS%%%SSSXX[0;1;30;90;42m8888888888@@XXSSS%%t[0;36;5;40;100m [0;37;5;47;107m8tttttt%%%%%%SX[0;1;30;90;47m@[0;1;30;90;42mS....[0;30;42m.8[0m
[0;32;40m8[0;1;30;90;42mttX%[0;36;5;40;100m;[0;37;5;47;107m8;;;;;::::....;[0;1;30;90;47mt[0;32;5;40;100m%[0;1;30;90;42m88[0;32;5;40;100mXXXSSSXXX[0;1;30;90;42m88888888888@@@XXSS%%%tt%[0;1;30;90;47m8[0;37;5;47;107m@tttt%%%%%SSSS[0;1;37;97;47m8[0;36;5;40;100m%[0;1;30;90;42m.t[0;30;42mt.[0;32;40m8[0m
[0;32;40m@[0;1;30;90;42m;t[0;1;30;90;47m8[0;32;5;40;100m8[0;37;5;47;107mX;;;;;;;::::.t[0;1;30;90;47m%[0;32;5;40;100mS[0;1;30;90;42m888888888888888888888888@@XXSS%%%ttt;;S[0;1;30;90;47m8[0;37;5;47;107m8t%%%%%%SSSSS8[0;30;42m8[0;1;30;90;47m8[0;30;42mS.[0;32;40m@[0m
[0;32;40m%[0;1;30;90;42m;t8[0;36;5;40;100m:[0;1;30;90;47mt[0;37;5;47;107mt;;;;;;@t:X[0;1;30;90;47mX[0;32;5;40;100m@[0;1;30;90;42m888888888888888888888888@@@XXSSS%%ttt;;;;:%[0;37;5;40;100mX[0;1;37;97;47m8[0;37;5;47;107m%%[0;1;37;97;47m8[0;37;5;47;107m%%SSSSS[0;1;30;90;47m%[0;32;5;40;100m%[0;1;30;90;42m@[0;30;42m..[0;32;40mS[0m
 [0;1;30;90;42m;;ttt[0;1;30;90;47m;[0;37;5;47;107mt;;;;;[0;1;30;90;47m%[0;1;37;97;47m8;[0;32;5;40;100m@[0;1;30;90;42m8888888888888888888888888@@@XXSSS%%%ttt;;;::::S[0;1;30;90;47m:[0;1;37;97;47m%[0;1;30;90;47m8[0;37;5;47;107mSSSSSS[0;1;30;90;47m:[0;30;42m;[0;1;30;90;42m..[0;30;42m..[0m 
 [0;30;42mt[0;1;30;90;42m;;tt8[0;37;5;47;107mtt;;%[0;1;30;90;47m:[0;32;5;40;100m8[0;1;30;90;42m8X@@@888888888888888888888@@@XXXSSS%%%ttt;;;:::::::SX[0;1;30;90;47m8[0;37;5;47;107m8SSSS[0;1;30;90;42m8..[0;30;42m..t[0m 
 [0;32;40m8[0;1;30;90;42m;;;tt[0;37;5;47;107m8tt[0;1;37;97;47mS%t[0;1;30;90;42mSXXXX@@@88888888888888888@@@XXXSSS%%%tttt;;;::::::::::[0;1;30;90;47m:[0;1;37;97;47mt;[0;37;5;47;107mSS@[0;30;42mS[0;1;30;90;42m..[0;30;42m..8[0m 
  [0;1;30;90;42m:;;;@[0;37;5;47;107m%t[0;37;5;40;100mS[0;1;30;90;47m8[0;37;5;47;107mS8[0;1;30;90;42mSSSXXXX@@@@@@8888888@@@@@XXXXSSSS%%%tttt;;;::::::::::[0;30;42m;[0;1;37;97;47mS[0;37;5;47;107m8[0;1;30;90;47m8[0;36;5;40;100m [0;37;5;47;107mXX[0;1;30;90;42m8.[0;30;42m...[0;32;40m;[0m 
  [0;30;42mX[0;1;30;90;42m:;;[0;1;30;90;47m8[0;37;5;47;107m%[0;1;30;90;47mS[0;1;30;90;42mt[0;32;5;40;100m8[0;1;30;90;47m8[0;37;5;47;107m%[0;1;30;90;47mX[0;1;30;90;42m%SSSSXXXXXX@@@@@@@@@XXXXXXSSSS%%%%ttt;;;;:::::::::::[0;37;5;40;100mX[0;37;5;47;107mX[0;37;5;40;100m8[0;1;30;90;42m8.[0;37;5;40;100m@[0;37;5;47;107mX[0;1;30;90;47m8[0;30;42m:..S[0m  
  [0;32;40mt[0;1;30;90;42m::t[0;37;5;40;100m8[0;37;5;47;107mt[0;36;5;40;100m;[0;1;30;90;42mttS[0;37;5;40;100mX[0;37;5;47;107m8[0;1;30;90;47m;[0;1;30;90;42mX%SSSSSSXXXXXXXXXXXXXSSSSS%%%%%tttt;;;;::::::::::;[0;1;30;90;47m@[0;1;37;97;47m8[0;37;5;40;100mS[0;1;30;90;42mt..[0;32;5;40;100m8[0;37;5;47;107mX[0;37;5;40;100m8[0;1;30;90;42mt[0;30;42m..[0;32;40m%[0m  
   [0;30;42m@[0;1;30;90;42m::[0;36;5;40;100m%[0;37;5;47;107m%[0;36;5;40;100m [0;1;30;90;42m;;ttS[0;37;5;40;100mX[0;1;37;97;47mt[0;36;5;40;100m:[0;1;30;90;42m%%%%SSSSSSSSSSSSSSSSS%%%%%ttttt;;;;:::::::::::[0;32;5;40;100m@[0;1;37;97;47m.[0;37;5;40;100mS[0;1;30;90;42mt....[0;32;5;40;100mX[0;37;5;47;107mX[0;36;5;40;100m;[0;30;42m..@[0m   
    [0;1;30;90;42m:::[0;1;30;90;47mS[0;1;37;97;47m [0;1;30;90;42m;;;;ttX[0;1;30;90;47mt%[0;1;30;90;42mS%%%%%%%%%%%%%%%%%%%%%tttttt;;;;;::::::::::;[0;1;30;90;47m8t[0;1;30;90;42mS.....[0;30;42m.[0;1;30;90;47mX%[0;30;42m:.;[0m    
    [0;32;40mS[0;1;30;90;42m::S[0;37;5;47;107m8[0;32;5;40;100mS[0;1;30;90;42m;;;;;;t[0;1;30;90;47mS[0;1;37;97;47m%[0;36;5;40;100mt[0;1;30;90;42mtttt%%%%%%%%%%%tttttttt;;;;;;:::::::::::[0;32;5;40;100m@[0;1;37;97;47m:[0;1;30;90;47mt[0;1;30;90;42m:......8[0;1;37;97;47m8[0;1;30;90;42mX[0;30;42m.:[0;32;40mS[0m    
     [0;32;40m8[0;1;30;90;42m::[0;37;5;40;100mt[0;1;37;97;47mS[0;1;30;90;42m;::;;;;;[0;32;5;40;100m@[0;1;37;97;47mX[0;37;5;40;100mX[0;1;30;90;42mtttttttttttttttttt;;;;;;;:::::::::::::[0;36;5;40;100m [0;1;37;97;47mS[0;32;5;40;100m@[0;1;30;90;42m:......[0;30;42m;[0;1;37;97;47m:[0;37;5;40;100mS[0;30;42m..[0;32;40m8[0m     
      [0;30;42m8[0;1;30;90;42m:;[0;1;37;97;47m@[0;37;5;40;100m@[0;1;30;90;42m:::::;;;;;;;;;;;;;;;;;;;;;;;;;;;:::::::::::::::::[0;30;42m;[0;1;30;90;42m.......[0;30;42m.[0;36;5;40;100m [0;1;37;97;47m@[0;30;42m%.8[0m      
       [0;30;42m@[0;1;30;90;42m:8[0;1;37;97;47m [0;36;5;40;100m [0;1;30;90;42m8:::::::;;;;;;;;;;;;;;;;;;::::::::::::::::::::........[0;30;42m:[0;1;30;90;42mX[0;36;5;40;100mt[0;1;30;90;47m:[0;1;30;90;42m8[0;30;42m.@[0m       
        [0;30;42m8[0;1;30;90;42m:;[0;36;5;40;100m;t[0;1;30;90;42m:::::::::::::::::::::::::::::::::::::::::::..........[0;30;42m:[0;32;5;40;100m@[0;36;5;40;100mt[0;30;42m;.8[0m        
         [0;32;40m8[0;1;30;90;42m:::::::::::::::::::::::::::::::::::::::::::...........[0;30;42m.....:[0;32;40m8[0m         
          [0;32;40mS[0;1;30;90;42m::::::::::::::::::::::::::::::::::::::::............[0;30;42m.....:[0;32;40mX[0m          
            [0;30;42m%[0;1;30;90;42m:::::::::::::::::::::::::::::::::::.............[0;30;42m......%[0m            
             [0;30;42m8[0;1;30;90;42m.::::::::::::::::::::::::::::................[0;30;42m......:8[0m             
              [0;32;40mt[0;30;42m%[0;1;30;90;42m.....::::::::::::::::...................[0;30;42m.......:%[0;32;40mt[0m              
                [0;32;40m@[0;30;42m:[0;1;30;90;42m...................................[0;30;42m........:;[0;32;40m@[0m                
                  [0;30;42m8[0;1;30;90;42m...............................[0;30;42m........:::8[0m                  
                    [0;30;42m8:[0;1;30;90;42m........................[0;30;42m.........::::8[0m                    
                      [0;32;40m8[0;30;42m:[0;1;30;90;42m................[0;30;42m............::::;8[0m                      
                        [0;32;40m8[0;30;42mt......................::::::t[0;32;40m8[0m                        
                          [0;32;40m%[0;30;42m@:..............:::::::::X[0;32;40mS[0m                          
                             [0;32;40m8[0;30;42mS:.::::::::::::::::S[0;32;40m8[0m                             
                                [0;32;40m8[0;30;42m%::::::::::::%[0;32;40m8[0m                                
                                   [0;32;40m@[0;30;42mX::::::X[0;32;40m8[0m                                   
                                      [0;32;40m%88S[0m                                      
