[0;34;40m ...............[0;31;40mX[0;1;30;90;41m:[0;1;31;91;41m:::::::::::::::[0;30;41m@[0;31;40m:[0;34;40m:::::.........[0;31;40m:[0;30;41mS[0;1;31;91;41m...............[0;30;41m:[0;31;40mt[0;34;40m            [0m
[0;34;40m.......:::::::[0;31;40m%[0;1;30;90;41m;[0;31;5;41;101m888888888888888[0;1;31;91;41mS[0;30;41m8[0;34;40m;;;;;;:::::::::[0;30;41m8[0;1;31;91;41mS[0;31;5;41;101m88[0;1;31;91;41m8888888888888[0;30;41m;[0;31;40m;[0;34;40m...          [0m
[0;34;40m.....:::::::[0;31;40m:[0;30;41mS[0;1;31;91;41m8[0;31;5;41;101m88888888888888[0;1;31;91;41m8[0;1;30;90;41m%[0;31;40mt[0;34;40m;;;;;;;;;;;:::[0;31;40mS[0;1;30;90;41m;[0;31;5;41;101m88888[0;1;31;91;41m8888888888;[0;31;40mS[0;34;40m......         [0m
[0;34;40m....:::::::[0;31;40m8[0;1;31;91;41m%[0;31;5;41;101m888888888888888[0;1;30;90;41mS[0;31;40mX[0;1;30;90;40mSSSSS%%[0;34;40m;;;;;;;[0;31;40mt[0;1;30;90;41mt[0;1;31;91;41m8[0;31;5;41;101m88888888[0;1;31;91;41m888888X[0;30;41m8[0;31;40m.[0;34;40m........      [0;31;40mS8[0m
[0;34;40m..:::::::[0;31;40mS[0;1;30;90;41mt[0;31;5;41;101m888888888888888[0;1;31;91;41mS[0;30;41m8[0;1;30;90;40mXXXSSSSSSSSS%[0;34;40m;[0;31;40m;[0;30;41m@[0;1;31;91;41m@[0;31;5;41;101m888888888888[0;1;31;91;41m888[0;30;41mt[0;31;40m;[0;34;40m...........   [0;31;40m;[0;30;41m;[0;1;31;91;41m@[0;30;41m%[0m
[0;34;40m.::::::[0;31;40m;[0;30;41m%[0;1;31;91;41m8[0;31;5;41;101m88888888888888[0;1;31;91;41m8[0;1;30;90;41mX[0;1;30;90;40mXXXXXXXXXXXXSSS[0;31;40m@[0;1;31;91;41mt[0;31;5;41;101m888888888888888[0;1;31;91;41m:[0;31;40m%[0;34;40m............. [0;31;40m.[0;30;41m@[0;1;31;91;41mS@@[0;30;41m%[0m
[0;34;40m.:::::[0;31;40m8[0;1;31;91;41mS[0;31;5;41;101m888888888888888[0;1;30;90;41m@[0;1;30;90;40m@@@@@@@@@@@@XXXX[0;1;30;90;41mX[0;31;5;41;101m888888888888888[0;1;31;91;41mX[0;30;41m8[0;31;40m:[0;34;40m..............[0;31;40m@[0;1;31;91;41mt88@@[0;30;41m%[0m
[0;34;40m.:::[0;31;40mX[0;1;30;90;41m;[0;31;5;41;101m888888888888888[0;1;31;91;41mS[0;31;5;40;100m8[0;1;30;90;40m888888888888@@@[0;1;30;90;41m@[0;1;31;91;41m8[0;31;5;41;101m88888888888888[0;1;31;91;41m8[0;30;41m%[0;31;40m;[0;34;40m:::...........[0;31;40mt[0;1;30;90;41m.[0;1;31;91;41m88888@[0;30;41m%[0m
[0;34;40m.:[0;31;40m;[0;1;30;90;41m;[0;1;31;91;41m8[0;31;5;41;101m8888888888[0;1;31;91;41m@[0;31;43m8[0;1;30;90;43m@@@@[0;33;5;40;100m8[0;1;30;90;40m88888888888888[0;31;5;40;100m8[0;1;31;91;41mX[0;31;5;41;101m@88888888888888[0;1;30;90;41mt[0;31;40m%[0;34;40m::::::........[0;31;40m:[0;30;41mS[0;1;31;91;41m@888888@[0;30;41m%[0m
[0;34;40m.[0;30;41m8[0;1;31;91;41mX[0;31;5;41;101m8888888[0;1;31;91;41m@[0;33;41m8[0;31;43mS[0;1;30;90;43mX[0;1;33;93;43mt@[0;33;5;43;103mX[0;1;37;97;47m8[0;33;5;40;100m:[0;1;30;90;43m8[0;33;5;43;103m::@[0;1;30;90;43m8[0;30;5;40;100m88888888888[0;1;30;90;41m8[0;31;5;41;101m@@@@@8888888888[0;1;31;91;41mX[0;30;41m8[0;34;40m;;::::::.......[0;31;40m8[0;1;31;91;41m%888888888[0;30;41m%[0m
[0;30;41mX[0;31;5;41;101m8888888[0;33;41mS[0;1;30;90;43m%[0;1;33;93;43m8[0;33;5;43;103m@@@@X[0;1;30;90;43m@[0;33;5;43;103m;%:.[0;37;5;43;103m%%S[0;1;33;93;43m@[0;30;5;40;100mS8888888[0;31;5;40;100m8[0;31;5;41;101m8X@@@@@@@888888[0;1;31;91;41m8[0;1;30;90;41mS[0;31;40mt[0;34;40m;;;:::::::....[0;31;40m%[0;1;30;90;41m:[0;1;31;91;41m88888888888[0;30;41m%[0m
[0;30;41m%[0;31;5;41;101m88888888[0;1;31;91;41m8[0;33;41m8[0;31;43mX[0;1;30;90;43mX[0;1;33;93;43m:X[0;33;5;43;103m@[0;1;33;93;43mX[0;33;5;43;103m:.[0;37;5;43;103m%%SSSS[0;1;33;93;43m@[0;30;5;40;100m@@@@@[0;31;5;40;100m@[0;1;31;91;41m8[0;31;5;41;101mXXXXX@@@@@@8888[0;1;30;90;41mS[0;31;40mS[0;1;30;90;40mS%[0;34;40m;;;;:::::::.[0;31;40m;[0;30;41mt[0;1;31;91;41m8888888888888[0;30;41m%[0m
[0;30;41m%[0;31;5;41;101m888888888888[0;1;30;90;41m@[0;1;30;90;40m88[0;30;5;40;100m8[0;1;30;90;43m8[0;1;33;93;43mX[0;37;5;43;103mSSSSSXX[0;33;5;40;100mX[0;30;5;40;100mXX[0;31;5;40;100mXX[0;31;5;41;101mXXXXXXXXX@@@@@8[0;1;31;91;41mX[0;1;30;90;41m@[0;1;30;90;40mXXSS%[0;34;40m;;;;:::::[0;31;40m:[0;30;41m8[0;1;31;91;41mX88888888888888[0;30;41m%[0m
[0;30;41m%[0;31;5;41;101m8888888888[0;1;30;90;41m@[0;1;30;90;40m88888[0;30;5;40;100m88[0;33;5;40;100m8[0;1;30;90;43m8[0;37;5;43;103mSXXXX[0;33;5;40;100mX[0;31;5;40;100mSS[0;31;5;41;101m@XXXXXXXXXXX@@@[0;1;31;91;41m8[0;1;30;90;41m8[0;1;30;90;40m@@XXSSS[0;34;40m;;;;::::[0;31;40mX[0;1;31;91;41m;[0;31;5;41;101m8[0;1;31;91;41m88888888888888[0;1;30;90;41m.[0;31;40mt[0m
[0;30;41m%[0;31;5;41;101m88888888[0;1;31;91;41mX[0;1;30;90;41m@[0;1;30;90;40m@8888[0;30;5;40;100m8888@[0;33;5;40;100m@[0;37;5;43;103mXXXX[0;1;30;90;43m8[0;35;5;41;101m8XXXX[0;31;5;41;101mSXXXXXXXXX@[0;1;30;90;41m8[0;1;30;90;40m88@@XXXSS%[0;34;40m;;;;:[0;31;40mt[0;1;30;90;41m;[0;1;31;91;41m8[0;31;5;41;101m88[0;1;31;91;41m888888888888%[0;31;40m8[0;34;40m  [0m
[0;30;41m%[0;31;5;41;101m888888[0;1;31;91;41m8[0;1;30;90;41mX[0;1;30;90;40m@@@8888[0;30;5;40;100m888@@X[0;37;5;43;103mXXXX[0;37;43m@[0;35;5;41;101mXXXXXXX[0;31;5;41;101mXXXXXXX[0;1;30;90;41m8[0;31;5;40;100m8[0;1;30;90;40m8888@@XXSS%[0;34;40m;;;[0;31;40m;[0;30;41mX[0;1;31;91;41m@[0;31;5;41;101m8888[0;1;31;91;41m8888888888@[0;30;41mS[0;31;40m:[0;34;40m.  [0m
[0;30;41m%[0;31;5;41;101m88888[0;1;30;90;41mS[0;31;40mX[0;1;30;90;40mXX@@888[0;30;5;40;100m8888@X[0;33;5;40;100mS[0;37;5;43;103mXXXX[0;1;30;90;43m8[0;35;5;41;101mXXXXXXX[0;31;5;41;101mSXXXX8[0;31;5;40;100m8[0;30;5;40;100m88[0;1;30;90;40m8888@@XXSS%[0;34;40m;;[0;31;40m8[0;1;31;91;41m%[0;31;5;41;101m888888[0;1;31;91;41m888888888[0;1;30;90;41m.[0;31;40mt[0;34;40m...  [0m
[0;30;41m%[0;31;5;41;101m888[0;1;31;91;41m%[0;31;40m8[0;1;30;90;40mSSXX@@888[0;30;5;40;100m888@@X[0;1;30;90;43m8[0;37;5;43;103mXXXX[0;1;30;90;43m8[0;35;5;41;101mXXXXXXXX[0;31;5;41;101mXXX[0;31;5;40;100m@[0;30;5;40;100m@8888[0;1;30;90;40m888@@XXSS%[0;31;40mS[0;1;30;90;41m%[0;31;5;41;101m88888888[0;1;31;91;41m8888888%[0;31;40m@[0;34;40m.....  [0m
[0;30;41m%[0;31;5;41;101m8[0;1;31;91;41m8[0;1;30;90;41m%[0;31;40mt[0;1;30;90;40mSSSXX@@888[0;30;5;40;100m8888[0;31;5;40;100m@[0;1;30;90;41m8[0;37;5;43;103m@XXX@[0;33;5;40;100mt[0;35;5;41;101mXXXXXXX[0;31;5;41;101mSX[0;1;30;90;41m8[0;31;5;40;100mX[0;30;5;40;100m@@888[0;1;30;90;40m8888@@XXSS[0;1;30;90;41mS[0;1;31;91;41m8[0;31;5;41;101m888888888[0;1;31;91;41m88888@[0;30;41mX[0;31;40m:[0;34;40m......  [0m
[0;30;41m%[0;1;30;90;41mt[0;31;40m%[0;34;40m;;[0;1;30;90;40m%SSXX@@8888[0;30;5;40;100m88[0;1;30;90;41m8[0;31;5;41;101mX[0;1;30;90;43m8[0;37;5;43;103mXXXX@[0;35;5;41;101m8XXXXXX[0;31;5;41;101mS[0;1;31;91;41m8[0;31;5;40;100mS[0;30;5;40;100mXX@@888[0;1;30;90;40m8888@@XX[0;30;41m8[0;1;31;91;41mS[0;31;5;41;101m88888888888[0;1;31;91;41m8888[0;1;30;90;41m:[0;31;40m;[0;34;40m........  [0m
[0;31;40m:[0;34;40m;;;;[0;1;30;90;40m%SSXX@@8888[0;31;5;40;100m8[0;31;5;41;101m8XX[0;1;30;90;43m8[0;37;5;43;103mXXXXX[0;33;41m8[0;31;5;41;101mSSSSSX[0;31;5;40;100mS[0;30;5;40;100mSXX@@888[0;1;30;90;40m8888@@XX[0;1;30;90;41mS[0;31;5;41;101m8888888888888[0;1;31;91;41m88t[0;31;40m@[0;34;40m.........   [0m
[0;34;40m.:;;;;[0;1;30;90;40mSSSXX@@8[0;31;5;40;100m8[0;1;31;91;41mX[0;31;5;41;101m@@XX[0;37;43mS[0;37;5;43;103mSSXXX[0;37;43mX[0;31;5;41;101m@XXX[0;31;5;40;100mXX[0;30;5;40;100mXX@@@8888[0;1;30;90;40m8888@@[0;1;30;90;41mX[0;31;5;41;101m88888888888888[0;1;31;91;41m8@[0;30;41m@[0;31;40m:[0;34;40m..........   [0m
[0;34;40m.:;;;;[0;1;30;90;40m%SSXXX@[0;1;30;90;41m@[0;31;5;41;101m@@@@@X[0;37;43mS[0;37;5;43;103mSSSSXX[0;33;5;43;103mX[0;1;30;90;43m8[0;1;30;90;41m8[0;31;5;40;100mX[0;30;5;40;100mX@@@@8888[0;1;30;90;40m88888@[0;1;30;90;41m@[0;1;31;91;41m@[0;31;5;41;101m88888888888888[0;1;31;91;41m8[0;30;41m;[0;31;40m;[0;34;40m............   [0m
[0;34;40m ::;;;;[0;1;30;90;40m%SSX[0;1;30;90;41mX[0;1;31;91;41m8[0;31;5;41;101m88@@@@@[0;1;30;90;43m8[0;37;5;43;103mSSSSSSSSS[0;1;33;93;43m8[0;1;30;90;43m888888[0;37;43mS[0;1;30;90;43m888[0;33;5;40;100m8[0;1;30;90;40m88@[0;1;30;90;41m@[0;31;5;41;101m888888888888888[0;1;31;91;41mt[0;31;40mX[0;34;40m..............[0;31;40m.[0;30;41m8[0;31;40mX[0m
 [0;34;40m:::;;;;[0;1;30;90;40m%[0;30;41m8[0;1;31;91;41mS[0;31;5;41;101m88888@@@@[0;1;30;90;43m8[0;37;5;43;103m%%%SSSSSSSS[0;1;33;93;43m@[0;37;5;43;103mSS%%[0;33;5;43;103m.::::;[0;1;33;93;43mX[0;1;30;90;43m@[0;1;31;91;41m@[0;31;5;41;101m8888888888888[0;1;31;91;41mX[0;30;41m8[0;31;40m:[0;34;40m..............[0;31;40mS[0;1;31;91;41m:8[0m 
 [0;34;40m.::;;;[0;31;40mX[0;1;30;90;41m%[0;31;5;41;101m888888888@@[0;33;41m8[0;33;5;43;103m:::.[0;37;5;43;103m%%%%[0;33;5;43;103m;@X:[0;37;5;43;103m%[0;33;5;43;103m.[0;1;33;93;43m8XX8[0;33;5;43;103mX@@@@t;[0;1;33;93;43mX[0;1;30;90;43mS[0;33;41m@[0;1;31;91;41m8[0;31;5;41;101m8888888[0;1;31;91;41m8[0;30;41mt[0;31;40m;[0;34;40m:.............[0;31;40mt[0;30;41m:[0;1;31;91;41m88t[0m 
 [0;34;40m.:::[0;31;40m;[0;1;30;90;41mt[0;1;31;91;41m8[0;31;5;41;101m8888888888888[0;1;33;93;43m%[0;33;5;43;103m:::::::XX::::::;S@@@@@[0;1;33;93;43mS@[0;33;5;43;103m888[0;1;33;93;43mS[0;1;30;90;43mt[0;1;33;93;43m:[0;1;30;90;43mtt[0;31;43m;:[0;1;30;90;43m:[0;1;33;93;43mt[0;1;30;90;40m8[0;34;40m:............[0;31;40m.[0;30;41mX[0;1;31;91;41m@888[0;30;41m%[0m 
  [0;34;40m::[0;30;41m8[0;1;31;91;41mX[0;31;5;41;101m888888888888888[0;1;30;90;41m@[0;33;5;43;103mt:::::::S8S:tX@@@@@@@@8[0;1;33;93;43m@[0;33;5;43;103m8888[0;1;33;93;43m@[0;33;5;43;103m%;;;;[0;1;33;93;43mS[0;31;40m8[0;34;40m::...........[0;31;40m@[0;1;31;91;41mt8888@[0;31;40m%[0m 
  [0;31;40mt[0;1;31;91;41m:[0;31;5;41;101m888888888888888[0;1;31;91;41m%[0;31;40m8[0;1;30;90;40mX[0;33;5;40;100m8[0;33;5;43;103m;::::::::t8@@X;:;;;;;;S88[0;1;33;93;43m8888[0;33;5;43;103m%S[0;1;30;90;43m:[0;31;5;40;100mX[0;32;40m:[0;34;40m::..........[0;31;40mt[0;1;30;90;41m.[0;1;31;91;41m888888.[0m  
  [0;31;40mS[0;1;31;91;41m8[0;31;5;41;101m8888888888888[0;1;31;91;41m8[0;1;30;90;41mS[0;1;30;90;40mSSSX[0;33;5;40;100m8[0;33;5;43;103m%::::::::::;t@@@@@@@8888888[0;1;33;93;43m88[0;33;5;43;103mX[0;1;30;90;43m:[0;31;40mX[0;34;40m:..........[0;31;40m:[0;30;41mS[0;1;31;91;41m@888888@[0;31;40mX[0m  
   [0;30;41m:[0;31;5;41;101m888888888888[0;1;30;90;41m%[0;31;40m%[0;34;40m;[0;1;30;90;40m%SSSS8[0;1;30;90;43mS[0;33;5;43;103m;;;;;;;;;;;;;;;;;;;;;;;;;;;;;;[0;1;33;93;43mX[0;1;30;90;43m:;[0;31;5;40;100mX[0;31;40m888[0;1;30;90;43m:::[0;30;41m8[0;1;31;91;41m%88888888[0;30;41m.[0m   
    [0;1;31;91;41mX[0;31;5;41;101m888888888[0;1;30;90;41mt[0;31;40mX[0;34;40m;;;;;;;;[0;1;30;90;40m%%[0;30;5;40;100mX[0;1;30;90;43m%[0;33;5;43;103m;;;;;;;;;;;;;;;;;%;;;;;;;;;tttttttt[0;1;33;93;43m%[0;33;41m8[0;1;30;90;41m.[0;1;31;91;41m888888888S[0m    
    [0;31;40m8[0;1;31;91;41m8[0;31;5;41;101m888888[0;1;31;91;41mX[0;30;41m8[0;31;40m:[0;34;40m::;;;;;;;;;;;[0;1;30;90;40m8[0;1;30;90;43m%[0;1;33;93;43mX[0;33;5;43;103mt;;;;;;;;X;;;;[0;1;33;93;43m%[0;33;5;43;103m;;;;;;;ttttttt[0;1;33;93;43mS[0;1;30;90;43m:[0;31;40m@[0;30;41m%[0;1;31;91;41m8888888888@[0;31;40m8[0m    
     [0;30;41m@[0;1;31;91;41m88[0;31;5;41;101m88[0;1;31;91;41m8[0;30;41mt[0;31;40m;[0;34;40m::::::::;;;;;;[0;31;40mS[0;1;30;90;41mt[0;31;5;41;101m88[0;1;31;91;41mX[0;31;43m8[0;1;30;90;43mt[0;1;33;93;43m%[0;33;5;43;103mX;;;;[0;1;33;93;43m%[0;33;5;43;103m%;;;[0;1;33;93;43mt[0;33;5;43;103m;;;;;ttt@[0;1;33;93;43mS[0;1;30;90;43m.:[0;31;5;40;100mS[0;31;40m;.[0;30;41m8[0;1;31;91;41mS8888888888@[0;30;41mX[0m     
      [0;30;41mt[0;1;31;91;41m88[0;1;30;90;41m:[0;31;40m%[0;34;40m::::::::::::::[0;31;40m;[0;30;41m%[0;1;31;91;41m8[0;31;5;41;101m888888[0;1;31;91;41m8[0;31;43m%[0;1;33;93;43m88[0;1;30;90;43m;[0;31;43mS;X[0;1;33;93;43m@[0;33;5;43;103m;;[0;1;30;90;43m:;;;[0;31;5;40;100mS[0;1;30;90;40m8[0;31;40mX%:[0;34;40m.....[0;31;40mS[0;1;31;91;41m:88888888888@[0;30;41m;[0m      
       [0;30;41m%[0;31;40m8[0;34;40m....:::::::::::[0;30;41m8[0;1;31;91;41mS[0;31;5;41;101m888888888[0;1;31;91;41m;[0;33;5;43;103mt;[0;31;43m8[0;31;5;41;101m8[0;1;31;91;41m8[0;1;30;90;41m;[0;31;40mt[0;1;30;90;43m;[0;33;5;43;103mtt[0;31;40m;[0;34;40m..........[0;31;40m;[0;30;41m;[0;1;31;91;41m88888888888@@[0;30;41m.[0m       
        [0;34;40m........::::::[0;31;40mS[0;1;31;91;41m:[0;31;5;41;101m888[0;1;31;91;41mX[0;31;43m8[0;1;31;91;41mXX8[0;31;5;41;101m88[0;1;31;91;41mS[0;1;30;90;43m:[0;33;5;43;103m;[0;1;30;90;43m:[0;1;31;91;41m@;[0;31;40mX[0;34;40m:..[0;1;33;93;43mS[0;33;5;43;103mt[0;31;40mS[0;34;40m........[0;31;40m.[0;30;41m8[0;1;31;91;41mX88888888888@@[0;30;41m:[0m        
         [0;34;40m...........[0;31;40m:[0;30;41mt[0;1;31;91;41m8[0;31;5;41;101m888[0;1;31;91;41mX[0;31;43m@[0;33;5;43;103mt;t8[0;1;33;93;43m%[0;1;30;90;43m:[0;1;33;93;43m@[0;33;5;43;103mt[0;31;43mS[0;1;31;91;41mS[0;30;41m8[0;31;40m.[0;34;40m...[0;31;40mt[0;33;5;43;103mX[0;1;33;93;43mX[0;31;40m.[0;34;40m.......[0;31;40mX[0;1;31;91;41mt888888888888@@[0;30;41mS[0m         
          [0;34;40m .......[0;31;40m.[0;30;41m8[0;1;31;91;41mX88888@[0;33;41mX[0;1;33;93;43mS[0;33;5;43;103mtttX[0;1;33;93;43mS[0;31;43m%[0;33;41mS[0;30;41m;[0;31;40mS[0;1;33;93;43m@8%[0;1;30;90;43m...[0;1;33;93;43m8[0;31;40m@[0;34;40m......[0;31;40m;[0;30;41m:[0;1;31;91;41m888888888888@@X[0;31;40m8[0m          
            [0;34;40m.....[0;31;40mX[0;1;31;91;41m;888888888[0;33;41mS[0;1;31;91;41mXSS@8[0;1;30;90;41m:[0;31;40m%[0;34;40m.[0;1;30;90;43m:.[0;33;5;43;103mtt[0;1;33;93;43m@[0;1;30;90;43m.:[0;31;40mt[0;34;40m.....[0;31;40m.[0;30;41mX[0;1;31;91;41m@88888888888@@@;[0m            
             [0;34;40m..[0;31;40m;[0;30;41m;[0;1;31;91;41m888888888888888S[0;31;40m8[0;34;40m....[0;31;40m@8;[0;34;40m........[0;31;40m8[0;1;31;91;41m%88888888888@@@@[0;30;41m%[0m             
              [0;31;40m.[0;1;30;90;41m.[0;1;31;91;41m888888888888888[0;30;41m%[0;31;40m:[0;34;40m..............[0;31;40mt[0;1;30;90;41m.[0;1;31;91;41m88888888888@@@@:[0;31;40mS[0m              
                [0;30;41m8[0;1;31;91;41mS88888888888[0;1;30;90;41m:[0;31;40mt[0;34;40m..............[0;31;40m:[0;30;41mS[0;1;31;91;41m@8888888888@@@@%[0;30;41m8[0m                
                  [0;30;41m%[0;1;31;91;41m@8888888%[0;31;40m@[0;34;40m...............[0;31;40m8[0;1;31;91;41m%888888888@@@@@@[0;30;41m%[0m                  
                    [0;30;41mt[0;1;31;91;41m@888@[0;30;41mX[0;31;40m.[0;34;40m..............[0;31;40m%[0;1;30;90;41m.[0;1;31;91;41m88888888@@@@@@X[0;30;41mt[0m                    
                      [0;30;41m%[0;1;31;91;41mX[0;30;41m;[0;31;40m;[0;34;40m............. [0;31;40m:[0;30;41m%[0;1;31;91;41m@88888@@@@@@@@X[0;30;41m%[0m                      
                        [0;34;40m              [0;31;40m [0;30;41m8[0;1;31;91;41mS88@@@@@@@@@@@%[0;30;41m@[0m                        
                          [0;34;40m           [0;31;40m%[0;1;31;91;41m.@@@@@@@@@@@@@[0;30;41m [0;31;40m8[0m                          
                             [0;34;40m      [0;31;40m:[0;30;41mt[0;1;31;91;41m@@@@@@@@@@@@:[0;30;41m@[0m                             
                                [0;34;40m [0;31;40m [0;30;41m8[0;1;31;91;41mS@@@@@@@@@@t[0;30;41mS[0m                                
                                   [0;30;41m@[0;1;31;91;41m X@@@@@.[0;30;41m@[0m                                   
                                      [0;31;40m@[0;30;41mS%[0;31;40m@[0m                                      
