[0;1;30;90;43m.[0;1;33;93;43mSXXXXXXXXXXXXXXXXXXXXXXXXXXXXXXXXXXXXXXXXXXXXXXXXXXXXXXXSSSSSSSSSSSSS%%%[0;1;30;90;43m       [0m
[0;1;30;90;43m.[0;33;5;43;103m;;;;;;;;;;;;;;;;;;;;;;;;;;;:::;;;;;;;;;;;;;;;;;;;;;;;;;;;ttttttttt%%%%%%%%SSSS[0;1;30;90;43m [0m
[0;1;30;90;43m.[0;33;5;43;103m;;;;;;;;;;;;;;;;;;;;:::::::::::::::::;;;;;;;;;;;;;;;;;;;;;;tttttttt%%%%%%%%SSS[0;1;30;90;43m [0m
[0;1;30;90;43m:[0;33;5;43;103m;;;;;;;;;;;;;;;;:::::::::::::::::[0;1;33;93;47m8S[0;1;37;97;47mt[0;1;33;93;47m@[0;33;5;43;103m;:::;;;;;;;;;;;;;;;;;;;ttttttttt%%%%%%%SS[0;1;30;90;43m [0m
[0;1;30;90;43m:[0;33;5;43;103m;;;;;;;;;;;;;:::::::::::::::::::[0;37;5;43;103mX[0;1;37;97;47m;tX8X[0;33;5;43;103m%:::::;;;;;;;;;;;;;;;;;tttttttt%%%%%%%%S[0;1;30;90;43m [0m
[0;1;30;90;43m:[0;33;5;43;103m;;;;;;;;;;;::::::::::::::::::;[0;1;37;97;47m@%%X[0;37;5;47;107m8888[0;1;37;97;47m@[0;1;33;93;47m8[0;33;5;43;103m;:::::;;;;;;;;;;;;;;;;tttttttt%%%%%%%%[0;1;30;90;43m [0m
[0;1;30;90;43m:[0;33;5;43;103m;;;;;;;;;::::::::::::::::::::[0;1;33;93;47m8[0;1;37;97;47mtX[0;37;5;47;107m88888888[0;1;37;97;47mX[0;37;5;43;103m8[0;33;5;43;103m::::::;;;;;;;;;;;;;;;tttttttt%%%%%%%[0;1;30;90;43m.[0m
[0;1;30;90;43m:[0;33;5;43;103m;;;;;;;:::::::::::::::...[0;37;5;43;103m;;;;[0;1;33;93;47mS[0;1;37;97;47m%@[0;37;5;47;107m888888888[0;1;37;97;47m8@[0;37;5;43;103m8[0;33;5;43;103m:::::;;;;%S[0;37;5;43;103mX[0;33;5;43;103mX%;;;;;;tttttttt%%%%%%[0;1;30;90;43m.[0m
[0;1;30;90;43m:[0;33;5;43;103m;;;;;;:::::::::::::.[0;37;5;43;103m;:::::::[0;1;33;93;47m@[0;1;37;97;47m8[0;37;5;47;107m@[0;1;37;97;47m8;@[0;37;5;47;107m888888888[0;1;37;97;47m8X[0;1;33;93;47mX[0;37;5;43;103m8[0;33;5;43;103m%%[0;37;5;43;103m@[0;1;33;93;47m8[0;1;37;97;47mXS@888@%[0;37;5;43;103mX[0;33;5;43;103m;;;;;ttttttt%%%%%%[0;1;30;90;43m.[0m
[0;1;30;90;43m:[0;33;5;43;103m;;;;;::::::::::::.[0;37;5;43;103m::::::::;[0;1;37;97;47m8[0;37;5;47;107m8@@@[0;1;37;97;47mXt:[0;37;5;47;107m888888888888[0;1;37;97;47m888888888888X[0;33;5;43;103m@;;;;;ttttttt%%%%%[0;1;30;90;43m.[0m
[0;1;30;90;43m:[0;33;5;43;103m;;;;:::::::::::.[0;37;5;43;103m::::::...S[0;1;37;97;47m8[0;37;5;47;107mXXXXX[0;1;37;97;47mX@.8:[0;37;5;47;107m888888888888[0;1;37;97;47m8888S[0;1;33;93;47mS[0;1;37;97;47m%SSSS[0;1;30;90;47m [0;33;5;43;103m;;;;;ttttttt%%%%%[0;1;30;90;43m.[0m
[0;1;30;90;43m:[0;33;5;43;103m;;;;::::::::::.[0;37;5;43;103m:::::...:[0;1;37;97;47m8[0;37;5;47;107m@[0;1;37;97;47m@[0;37;5;47;107mXXXXX[0;1;37;97;47m@[0;1;33;93;47mX[0;1;30;90;47m [0;37;5;43;103m;[0;1;30;90;47m [0;1;33;93;47mX[0;1;37;97;47m;X8[0;37;5;47;107m8888888[0;1;37;97;47m88t%[0;33;47m8[0;33;5;43;103m%[0;33;47mS[0;1;37;97;47mX88@X;[0;33;5;43;103mS;;;;;ttttttt%%%%[0;1;30;90;43m.[0m
[0;1;30;90;43m:[0;33;5;43;103m;;;::::::::::[0;37;5;43;103m;::::.....[0;1;33;93;47m@[0;1;37;97;47m8[0;37;5;47;107m8[0;1;37;97;47m8[0;37;5;47;107m@XXX[0;1;37;97;47m8[0;1;33;93;47mS[0;37;5;43;103mX[0;1;33;93;47mS[0;37;5;43;103m;[0;1;30;90;47m [0;37;5;43;103mS[0;1;33;93;47m88X[0;1;30;90;47m [0;1;37;97;47m8.X;;[0;1;33;93;47mS[0;1;30;90;47m.[0;33;5;43;103m%[0;33;47m@[0;37;5;43;103mX[0;1;33;93;47mS[0;1;37;97;47mS;S;%@X%[0;1;30;90;47m [0;33;5;43;103m;;;;;ttttttt%%%%[0;1;30;90;43m.[0m
[0;1;30;90;43m:[0;33;5;43;103m;;::::::::::.[0;37;5;43;103m::::.....[0;1;33;93;47m@[0;37;5;47;107m@XX[0;1;37;97;47mS[0;37;5;47;107m@XX[0;1;37;97;47m8[0;37;5;43;103m;[0;1;33;93;47m8[0;37;5;43;103mX[0;1;37;97;47mS[0;37;5;43;103m:[0;1;37;97;47m%[0;37;5;43;103mS[0;1;33;93;47m88[0;37;5;43;103m@[0;1;30;90;47m [0;37;5;43;103m:[0;1;30;90;47m [0;37;5;43;103mX[0;1;33;93;47m@X[0;37;5;43;103mX[0;33;47mX[0;33;5;43;103m:[0;33;47mX[0;37;5;43;103mX[0;1;37;97;47m.SX@%8888[0;33;47mS[0;33;5;43;103m;;;;;ttttttt%%%%[0;1;30;90;43m.[0m
[0;1;30;90;43m:[0;33;5;43;103m;;:::::::::.[0;37;5;43;103m::::.....%[0;37;5;47;107m8XX88SS[0;1;37;97;47m8[0;37;5;43;103mt.[0;1;33;93;47m@[0;37;5;43;103mX[0;1;37;97;47mS[0;37;5;43;103m:[0;1;37;97;47m%[0;37;5;43;103m%[0;1;33;93;47m@8[0;37;5;43;103m@[0;1;30;90;47m [0;37;5;43;103m:[0;1;30;90;47m [0;37;5;43;103mX[0;1;33;93;47m@@[0;37;5;43;103mX[0;33;47mX[0;33;5;43;103m:[0;1;30;90;47m. [0;1;37;97;47m.S8;88888[0;37;5;43;103m8[0;33;5;43;103m;;;;;tttttttt%%%[0;1;30;90;43m.[0m
[0;1;30;90;43m:[0;33;5;43;103m;;:::::::::.[0;37;5;43;103m::::.....[0;1;37;97;47m8[0;37;5;47;107mXX@8SS8[0;37;5;43;103mt..[0;1;33;93;47m@[0;37;5;43;103mX[0;1;37;97;47mS[0;37;5;43;103m:[0;1;37;97;47m%[0;37;5;43;103m%[0;1;33;93;47m@8[0;37;5;43;103m@[0;1;30;90;47m [0;37;5;43;103m:[0;1;30;90;47m [0;37;5;43;103mX[0;1;33;93;47m@@[0;37;5;43;103mX[0;33;47mX[0;33;5;43;103m;[0;1;30;90;47m:[0;1;37;97;47mS:8t88888t[0;33;5;43;103m;;;;;;;ttttttt%%%[0;1;30;90;43m.[0m
[0;1;30;90;43m:[0;33;5;43;103m;;:::::::::[0;37;5;43;103m;:::.....[0;1;33;93;47m@[0;37;5;47;107mXXX[0;1;37;97;47m8[0;37;5;47;107mSS@[0;37;5;43;103mS...[0;1;33;93;47m@[0;37;5;43;103mX[0;1;37;97;47mS[0;37;5;43;103m:[0;1;37;97;47m%[0;37;5;43;103m%[0;1;33;93;47m@8[0;37;5;43;103m@[0;1;30;90;47m [0;37;5;43;103m:[0;1;30;90;47m [0;37;5;43;103mX[0;1;33;93;47m@@[0;37;5;43;103mX[0;1;30;90;47m [0;1;37;97;47mS[0;1;30;90;47m.[0;1;37;97;47mt8S@8888X[0;33;5;43;103mX;;;;;;;ttttttt%%%[0;1;30;90;43m.[0m
[0;1;30;90;43m:[0;33;5;43;103m;;:::::::::[0;37;5;43;103m;:::....:[0;1;37;97;47m8[0;37;5;47;107mXX[0;1;37;97;47m8[0;37;5;47;107mXSS[0;1;37;97;47m8[0;37;5;43;103m....[0;1;33;93;47m@[0;37;5;43;103mX[0;1;37;97;47mS[0;37;5;43;103m:[0;1;37;97;47m%[0;37;5;43;103m%[0;1;33;93;47m@8[0;37;5;43;103m@[0;1;30;90;47m [0;37;5;43;103m:[0;1;30;90;47m [0;37;5;43;103mX[0;1;33;93;47m@@[0;37;5;43;103m@[0;1;30;90;47m.[0;37;5;47;107m8[0;1;30;90;47m:[0;1;37;97;47m88%88888[0;33;47m%[0;33;5;43;103m;;;;;;;;ttttttt%%%[0;1;30;90;43m.[0m
[0;1;30;90;43m:[0;33;5;43;103m;;:::::::::.[0;37;5;43;103m:::....[0;1;33;93;47m@[0;37;5;47;107mXXX[0;1;37;97;47m8[0;37;5;47;107mSS[0;1;37;97;47m8[0;37;5;43;103m:....[0;1;33;93;47m@[0;37;5;43;103mX[0;1;37;97;47mS[0;37;5;43;103m:[0;1;37;97;47m%[0;37;5;43;103m%[0;1;33;93;47m@8[0;37;5;43;103m@[0;1;30;90;47m [0;37;5;43;103m:[0;1;30;90;47m [0;37;5;43;103mX[0;1;33;93;47m@@[0;1;37;97;47mt[0;1;30;90;47m.[0;1;37;97;47mX@[0;37;5;47;107m8[0;1;37;97;47mt88888S[0;33;5;43;103m%;;;;;;;;ttttttt%%%[0;1;30;90;43m.[0m
[0;1;30;90;43m:[0;33;5;43;103m;;:::::::::.[0;37;5;43;103m::::...[0;1;37;97;47m8[0;37;5;47;107mXX[0;1;37;97;47m8[0;37;5;47;107mXSX[0;1;33;93;47m@[0;37;5;43;103m.....[0;1;33;93;47m@[0;37;5;43;103mX[0;1;37;97;47mS[0;37;5;43;103m:[0;1;37;97;47m%[0;37;5;43;103m%[0;1;33;93;47m@8[0;37;5;43;103m@[0;1;30;90;47m [0;37;5;43;103m:[0;1;30;90;47m [0;37;5;43;103mX[0;1;33;93;47mX[0;1;30;90;47m [0;1;37;97;47m@[0;1;30;90;47m [0;1;37;97;47mX[0;37;5;47;107m8[0;1;37;97;47m%888888[0;1;33;93;47mX[0;33;5;43;103m;;;;;;;;;ttttttt%%%[0;1;30;90;43m.[0m
[0;1;30;90;43m:[0;33;5;43;103m;;::::::::::[0;37;5;43;103m;:::..X[0;37;5;47;107m@XX[0;1;37;97;47m8[0;37;5;47;107mXX[0;1;37;97;47m8[0;37;5;43;103m:.....[0;1;33;93;47m8[0;37;5;43;103mX[0;1;37;97;47mS[0;37;5;43;103m:[0;1;37;97;47m%[0;37;5;43;103m%[0;1;33;93;47m@8[0;37;5;43;103m@[0;1;30;90;47m [0;37;5;43;103m:[0;1;30;90;47m [0;37;5;43;103mX[0;1;37;97;47m.;SS[0;37;5;47;107m8[0;1;37;97;47m8S88888%[0;33;5;43;103mt;;;;;;;;tttttttt%%%[0;1;30;90;43m.[0m
[0;1;30;90;43m:[0;33;5;43;103m;;;:::::::::.[0;37;5;43;103m::::.[0;1;33;93;47m@[0;37;5;47;107mXXX[0;1;37;97;47m8[0;37;5;47;107mXX[0;1;37;97;47m8[0;37;5;43;103m......[0;1;33;93;47m8[0;37;5;43;103mX[0;1;37;97;47mS[0;37;5;43;103m:[0;1;37;97;47m%[0;37;5;43;103mS[0;1;33;93;47m88[0;37;5;43;103m8[0;1;30;90;47m [0;37;5;43;103m:[0;1;30;90;47m [0;33;47m%[0;1;37;97;47mt;;[0;37;5;47;107m88[0;1;37;97;47mt888888[0;1;33;93;47m@[0;33;5;43;103m;;;;;;;;;ttttttt%%%%[0;1;30;90;43m.[0m
[0;1;30;90;43m:[0;33;5;43;103m;;;::::::::::.[0;37;5;43;103m::::[0;1;37;97;47m8[0;37;5;47;107mXXX[0;1;37;97;47m8[0;37;5;47;107mXX[0;1;37;97;47m8[0;37;5;43;103m......[0;1;33;93;47m8[0;37;5;43;103mX[0;1;33;93;47mS[0;37;5;43;103m;[0;1;30;90;47m [0;37;5;43;103mS[0;1;33;93;47m88[0;37;5;43;103m8[0;1;30;90;47m [0;37;5;43;103m;[0;1;30;90;47m.[0;1;37;97;47m@;%8[0;37;5;47;107m8[0;1;37;97;47m%888888%[0;33;5;43;103m;;;;;;;;;;ttttttt%%%%[0;1;30;90;43m.[0m
[0;32;40m8[0;33;5;43;103m;;;;::::::::::.[0;37;5;43;103m:::[0;1;37;97;47m8[0;37;5;47;107m@@8[0;1;37;97;47m8[0;37;5;47;107mXX[0;1;33;93;47m@[0;37;5;43;103m......[0;1;33;93;47m8[0;37;5;43;103m@[0;33;47m%[0;37;5;43;103m;[0;1;30;90;47m [0;37;5;43;103mS[0;1;33;93;47m88[0;37;5;43;103m8[0;1;30;90;47m [0;1;37;97;47m@ X[0;1;30;90;47m.[0;1;37;97;47m8[0;37;5;47;107m8[0;1;37;97;47m@S888888[0;37;5;43;103m@[0;33;5;43;103m;;;;;;;;;tttttttt%%%%[0;33;5;40;100m8[0m
 [0;33;5;43;103m;;;;::::::::::::[0;37;5;43;103m;:[0;1;37;97;47m8[0;37;5;47;107m@@8[0;1;37;97;47m8[0;37;5;47;107m@@[0;1;33;93;47m@[0;37;5;43;103m......[0;1;33;93;47m8[0;37;5;43;103m@[0;33;47mS[0;37;5;43;103mt[0;1;30;90;47m [0;37;5;43;103mX[0;1;33;93;47m@8[0;37;5;43;103m8[0;1;30;90;47m [0;37;5;47;107m8[0;1;30;90;47m [0;1;37;97;47mXX[0;37;5;47;107m88[0;1;37;97;47mt888888%[0;33;5;43;103m;;;;;;;;;;ttttttt%%%%%[0m 
 [0;1;33;93;43m8[0;33;5;43;103m;;;;::::::::::::.[0;1;33;93;47mX[0;37;5;47;107m888[0;1;37;97;47mX[0;37;5;47;107m@@[0;1;33;93;47mX[0;37;5;43;103m::::::[0;1;33;93;47m8[0;37;5;43;103m8[0;33;47mS[0;37;5;43;103mt[0;1;30;90;47m [0;37;5;43;103mX[0;1;33;93;47m@8[0;1;30;90;47m .[0;37;5;47;107m8[0;1;30;90;47m:[0;1;37;97;47mS[0;37;5;47;107m88[0;1;37;97;47m%888888X[0;33;5;43;103mX;;;;;;;;;tttttttt%%%%[0;1;33;93;43m8[0m 
 [0;1;30;90;43m:[0;33;5;43;103m;;;;;;:::::::::::[0;1;33;93;47m8[0;37;5;47;107m888[0;1;37;97;47mS[0;37;5;47;107m88[0;1;37;97;47m@[0;37;5;43;103m::::::[0;1;33;93;47m8[0;37;5;43;103m8[0;33;47mX[0;37;5;43;103mt[0;33;47mS[0;37;5;43;103mX[0;1;33;93;47mX[0;33;47mX[0;1;37;97;47mS[0;1;30;90;47m [0;1;37;97;47m8:[0;37;5;47;107m88[0;1;37;97;47m@S888888[0;33;47mX[0;33;5;43;103m;;;;;;;;;;ttttttt%%%%%[0;1;30;90;43m.[0m 
  [0;33;5;43;103m;;;;;;;::::::::::[0;37;5;43;103m@[0;1;37;97;47m8[0;37;5;47;107m88[0;1;37;97;47mS[0;37;5;47;107m88[0;1;37;97;47mX[0;37;5;43;103mt[0;33;5;43;103m.....[0;1;33;93;47m8[0;37;5;43;103m8[0;33;47mX[0;37;5;43;103m%[0;33;47mX[0;37;5;43;103mX[0;1;30;90;47m [0;1;37;97;47m;S[0;1;30;90;47m.[0;1;37;97;47mt888t888888%[0;33;5;43;103m%;;;;;;;;;tttttttt%%%%%[0;32;40mS[0m 
  [0;1;30;90;43m.[0;33;5;43;103m;;;;;;;:::::::::;[0;1;37;97;47m%[0;37;5;47;107m88[0;1;37;97;47m%[0;37;5;47;107m888[0;37;5;43;103m8[0;33;5;43;103m:::::[0;1;33;93;47m8[0;37;5;43;103m@[0;33;47mX[0;33;5;43;103m;[0;33;47mX[0;1;33;93;47mX[0;1;37;97;47m;tS:888%8888888[0;1;33;93;47mX[0;33;5;43;103m;;;;;;;;;tttttttt%%%%%[0;1;33;93;43mS[0m  
  [0;32;40mX[0;33;5;43;103m;;;;;;;;;::::::::[0;1;33;93;47mS[0;37;5;47;107m88[0;1;37;97;47mX@[0;37;5;47;107m88[0;1;37;97;47mS[0;33;5;43;103m:::::[0;37;5;43;103m8@[0;33;47m@[0;33;5;43;103m;[0;1;30;90;47m:[0;1;37;97;47mS:;.@88@%888888t[0;33;5;43;103mt;;;;;;;;tttttttt%%%%%%[0;32;40m8[0m  
   [0;1;30;90;43m.[0;33;5;43;103m;;;;;;;;;;;:::::[0;37;5;43;103mX[0;1;37;97;47m8[0;37;5;47;107m88[0;1;37;97;47mt[0;37;5;47;107m88[0;1;37;97;47m8[0;37;5;43;103m8[0;33;5;43;103m::::[0;37;5;43;103m8@[0;33;47m@[0;1;33;93;47mX[0;1;30;90;47m:[0;1;37;97;47mX:t%888;888888@[0;37;5;43;103m8[0;33;5;43;103m;;;;;;;;tttttttt%%%%%%[0;1;30;90;43m [0m   
    [0;33;5;43;103mX;;;;;;;;;;;;;:::[0;1;37;97;47m%88XX88%[0;33;5;43;103m;:::[0;37;5;43;103m8X[0;1;30;90;47m [0;1;37;97;47m@[0;1;30;90;47m:[0;1;37;97;47mX t888t8888888t[0;33;5;43;103m;;;;;;;;tttttttt%%%%%%@[0m    
    [0;33;5;40;100m8[0;33;5;43;103m;;;;;;;;;;;;;;;;[0;37;5;43;103mX[0;1;37;97;47m@88;888[0;1;33;93;47m@[0;33;5;43;103m:::[0;37;5;43;103m8[0;1;30;90;47m ;[0;1;37;97;47m@[0;1;30;90;47m:[0;1;37;97;47mX[0;1;30;90;47m.[0;1;37;97;47m888@%888888X[0;33;5;43;103mX;;;;;;ttttttttt%%%%%%S[0;1;30;90;43m.[0m    
     [0;1;30;90;43m.[0;33;5;43;103m;;;;;;;;;;;;;;;;[0;1;33;93;47mS[0;1;37;97;47m88.S88X[0;37;5;43;103m@[0;33;5;43;103m;;[0;33;47m8[0;1;37;97;47mt[0;1;30;90;47m:[0;1;37;97;47m@[0;1;30;90;47m:[0;1;37;97;47mt8888;8888888[0;33;47mS[0;33;5;43;103m;;;;;;ttttttttt%%%%%%%[0;1;30;90;43m.[0m     
      [0;1;30;90;43m.[0;33;5;43;103m;;;;;;;;;;;;;;;t[0;1;37;97;47m:%XS888X[0;37;5;43;103mX8[0;1;37;97;47m.t[0;1;30;90;47m:[0;1;37;97;47m@[0;1;30;90;47m;[0;1;37;97;47m@888t@888888%[0;33;5;43;103mS;;;;tttttttttt%%%%%%%[0;1;30;90;43m [0m      
       [0;1;30;90;43m.[0;33;5;43;103m;;;;;;;;;;;;;;;[0;1;37;97;47mt@;88888X;;t[0;1;30;90;47m:[0;1;37;97;47m%S888X%8888888[0;1;33;93;47mS[0;33;5;43;103m;;;tttttttttt%%%%%%%%[0;1;30;90;43m [0m       
        [0;1;30;90;43m.[0;33;5;43;103m;;;;;;;;;;;;;;;S[0;1;37;97;47m%888888@[0;1;30;90;47m.[0;1;37;97;47mt[0;1;30;90;47m.[0;1;37;97;47m;8888;8888888;[0;33;5;43;103mt;ttttttttttt%%%%%%%%[0;1;30;90;43m [0m        
         [0;1;30;90;43m.[0;33;5;43;103mt;;;;;;;;;;;;;;t[0;33;47mS[0;1;37;97;47m888888@;[0;1;30;90;47m.[0;1;37;97;47m8888:@88888@X[0;37;5;43;103m@[0;33;5;43;103mttttttttttt%%%%%%%%S[0;1;30;90;43m.[0m         
          [0;1;30;90;43m.[0;33;5;43;103mSt;;;;;;;;;;;;;;[0;1;33;93;47m@[0;1;37;97;47mX88888;[0;1;30;90;47m [0;1;37;97;47mt@8tS888@@@@[0;1;30;90;47m [0;33;5;43;103mtttttttttt%%%%%%%%%X[0;1;30;90;43m.[0m          
            [0;1;33;93;43m8[0;33;5;43;103mtttt;;;;;;;;;;;[0;37;5;43;103m@[0;1;37;97;47mX888t[0;1;30;90;47m.[0;1;37;97;47m@@tt;@@@@@@@%[0;33;5;43;103m@tttttttt%%%%%%%%%%[0;1;33;93;43m8[0m            
             [0;1;30;90;43m.[0;33;5;43;103mtttttttttttt;;;[0;33;47m8[0;1;37;97;47m@@S[0;1;30;90;47m [0;1;37;97;47mS@@@@[0;1;30;90;47m [0;1;33;93;47mXS[0;1;37;97;47mSS%tt[0;1;33;93;47mX[0;33;5;43;103mttttttt%%%%%%%%%%S[0;1;30;90;43m [0m             
              [0;32;40m@[0;1;33;93;43m8[0;33;5;43;103mttttttttttttt%[0;1;37;97;47m:X.;@@@@;[0;33;5;43;103m%tttttttttttt%%%%%%%%%%%%[0;1;33;93;43m@[0;32;40m@[0m              
                [0;1;30;90;43m.[0;33;5;43;103m@ttttttttt[0;37;5;43;103m8[0;1;33;93;47m@@[0;1;37;97;47m;..@@@S[0;33;47m@[0;33;5;43;103m%ttttttttt%%%%%%%%%%%%%S@[0;1;30;90;43m [0m                
                  [0;1;30;90;43m.[0;33;5;43;103m%tttttt@[0;1;37;97;47mtXX .XXS;[0;33;5;43;103m@ttttttt%%%%%%%%%%%%%%%SS[0;1;30;90;43m [0m                  
                    [0;1;30;90;43m [0;33;5;43;103mStttttS[0;37;5;43;103m8[0;1;30;90;47m [0;1;37;97;47m..%[0;1;33;93;47mX[0;33;5;43;103m@tt%%%%%%%%%%%%%%%%%%%SSX[0;1;30;90;43m [0m                    
                      [0;1;30;90;43m.[0;33;5;43;103mX%%%%%SX%%%%%%%%%%%%%%%%%%%%%%SSSX[0;1;30;90;43m [0m                      
                        [0;1;30;90;43m.[0;33;5;43;103m8%%%%%%%%%%%%%%%%%%%%%%%SSSSS8[0;1;30;90;43m [0m                        
                          [0;32;40m8[0;1;30;90;43m [0;33;5;43;103mS%%%%%%%%%%%%%%%%SSSSSSS[0;1;30;90;43m  [0m                          
                             [0;1;30;90;43m.[0;1;33;93;43m@[0;33;5;43;103mS%%%%%SSSSSSSSSSSS[0;1;33;93;43m@[0;1;30;90;43m [0m                             
                                [0;1;30;90;43m [0;1;33;93;43m8[0;33;5;43;103mSSSSSSSSSSSS[0;1;33;93;43m8[0;1;30;90;43m [0m                                
                                   [0;1;30;90;43m  [0;33;5;43;103mXSSSSS[0;1;33;93;43mS[0;1;30;90;43m [0m                                   
                                      [0;32;40m8[0;1;30;90;43m   [0m                                      
