[0;36;5;40;100m [0;1;30;90;47m....      [0;1;37;97;47m                                     [0;1;30;90;47m      .........:::::::::;;;;;;;[0;36;5;40;100m [0m
[0;37;5;40;100m@[0;37;5;47;107m%%%%%%ttttttttttttttttttttttttttttttttttttttttttttt%%%%%%%%SSSSSSSXXXX@@@@@@@@[0;37;5;40;100m8[0m
[0;37;5;40;100m@[0;37;5;47;107m%%%%ttttttttttttttttttttttttttttttttttttttttttttttttt%%%%%%%SSSSSSSXXXX@@@@@@@[0;37;5;40;100m8[0m
[0;37;5;40;100m@[0;37;5;47;107m%%ttttttttttttttttttt;;;;;;;;;;;;;;ttttttttttttttttttt%%%%%%%%SSSSSSXXXX@@@@@@[0;37;5;40;100m8[0m
[0;37;5;40;100m@[0;37;5;47;107m%tttttttttttttttt;;;;;;;;;;;;;;;;;X[0;1;33;93;47mX[0;37;5;43;103m8[0;1;33;93;47m8[0;37;5;47;107m8;tttttttttttttttt%%%%%%%SSSSSSXXXX@@@@@[0;37;5;40;100m8[0m
[0;37;5;40;100m@[0;37;5;47;107mtttttttttttttt;;;;;;8[0;1;37;97;47m@X@8[0;37;5;47;107mS;;;;;;;;[0;1;30;90;47m [0;1;33;93;43mS[0;1;37;97;47mt[0;33;47m8[0;1;37;97;47m8[0;37;5;47;107m;;;ttttttttttttttt%%%%%%%SSSSSSXXXX@@@@[0;37;5;40;100m8[0m
[0;37;5;40;100m8[0;37;5;47;107mtttttttttttt;;;;;;@[0;33;47m8[0;33;5;43;103mt:::S[0;1;33;93;43m@[0;33;47m@[0;37;5;47;107m:::::t[0;1;37;97;47m;[0;1;30;90;47m;[0;37;43m8[0;33;47m8[0;1;33;93;47m@@888X[0;1;37;97;47mX[0;37;5;47;107m%ttttttttttttt%%%%%%%SSSSSXXXXX@@@[0;37;5;40;100m8[0m
[0;37;5;40;100m8[0;37;5;47;107mtttttttttt;;;;;;;;[0;1;37;97;47m;[0;33;5;43;103m:tS[0;1;33;93;43m@[0;33;5;43;103m@[0;1;30;90;43m@[0;37;43m@[0;37;5;47;107mt:::t[0;1;37;97;47m;[0;1;30;90;47m [0;37;5;47;107m@::%8[0;1;37;97;47m888[0;1;33;93;47mS[0;33;5;43;103mX;[0;37;43m@[0;37;5;47;107mSttttttttttttt%%%%%%%SSSSSXXXX@@@[0;37;5;40;100m8[0m
[0;37;5;40;100m8[0;37;5;47;107mttttttttt;;;;;;;;:@[0;33;5;43;103m@[0;1;33;93;43m8X@[0;33;5;43;103m@X[0;1;33;93;43m@[0;37;5;47;107m8:%[0;1;37;97;47m:[0;1;30;90;47m [0;37;5;47;107mS::::::::;;[0;1;37;97;47m@[0;33;5;43;103m%;[0;1;37;97;47mt[0;37;5;47;107m;;tttttttttttt%%%%%%SSSSSSXXXX@@[0;37;5;40;100m8[0m
[0;37;5;40;100m8[0;37;5;47;107mtttttttt;;;;;S[0;1;37;97;47m88[0;37;5;47;107m%:8[0;37;43m8[0;33;5;43;103mt[0;1;33;93;43mS[0;33;5;43;103m@[0;1;33;93;43mX8[0;37;43m@[0;37;5;47;107mS[0;1;37;97;47m:;[0;37;5;47;107m%.....:::::::%[0;1;33;93;43m@[0;37;43mX[0;1;37;97;47mXS8[0;37;5;47;107m@tttttttttttt%%%%%%SSSSSXXXX@@[0;37;5;40;100m8[0m
[0;37;5;40;100m8[0;37;5;47;107mttttttt;;;;[0;1;37;97;47mt[0;33;5;43;103mX%::%[0;37;5;43;103m8[0;1;33;93;47mS[0;1;37;97;47mS[0;37;43mX[0;33;5;43;103m8X[0;1;33;93;43mX@[0;37;43m8[0;1;30;90;43m8[0;1;33;93;47m8X[0;1;37;97;47mtt[0;1;30;90;47m .;t[0;33;47m@88[0;1;30;90;47mS%%[0;33;5;40;100m.[0;37;43mS[0;1;30;90;43mX@[0;33;5;40;100m;[0;33;47m8[0;1;37;97;47mX@[0;37;5;47;107m%ttttttttttt%%%%%%SSSSSSXXXX@[0;37;5;40;100m8[0m
[0;37;5;40;100m8[0;37;5;47;107mtttttt;;;;;[0;1;37;97;47mt[0;33;5;43;103mt::::.[0;37;5;43;103m%%SSSSS[0;37;43mX[0;1;30;90;43m8[0;33;5;43;103mXS[0;37;5;43;103mXSSSSSSS%[0;33;5;43;103m.::;[0;1;33;93;43m@[0;1;30;90;43m@X[0;1;30;90;47m;[0;37;5;47;107m;;;;;ttttttttttt%%%%%%SSSSSXXXX@[0;37;5;40;100m8[0m
[0;37;5;40;100m8[0;37;5;47;107mttttt;;;;;;;[0;1;37;97;47m8[0;33;47mS[0;37;43mX[0;33;5;43;103mXS[0;1;30;90;43m8[0;33;5;43;103mSSSSS[0;37;5;43;103mX[0;33;5;43;103mX[0;37;5;43;103mXX[0;37;43mX[0;33;5;43;103m@[0;37;5;43;103mXXXX[0;1;33;93;47m8X@8@X[0;1;37;97;47m888[0;33;47mX[0;1;30;90;43m@8[0;37;5;47;107m8;;;;;ttttttttttt%%%%%%SSSSSSXXX@[0;37;5;40;100m8[0m
[0;37;5;40;100m8[0;37;5;47;107mttttt;;;;;;::::8[0;1;30;90;47m [0;33;5;43;103m;[0;37;5;43;103mSSSXXXXXXX[0;33;47m8[0;1;30;90;47mt[0;1;37;97;47mt[0;37;5;47;107mS.     ....t[0;33;5;43;103m8[0;37;43m@[0;37;5;47;107mt;;;;;;ttttttttttt%%%%%%SSSSSXXXX[0;37;5;40;100m8[0m
[0;37;5;40;100m8[0;37;5;47;107mtttt;;;;;;::::..[0;1;37;97;47m8[0;33;5;43;103mXXSS[0;37;5;43;103mX@@X@@[0;1;33;93;47m8[0;37;5;47;107mX [0;1;37;97;47m8[0;1;30;90;47m [0;37;5;47;107m%      ...[0;1;37;97;47m8[0;33;5;43;103mt:[0;1;37;97;47mS[0;37;5;47;107m:;;;;;ttttttttttt%%%%%%SSSSSXXXX[0;37;5;40;100m8[0m
[0;37;5;40;100m8[0;37;5;47;107mtttt;;;;;;::::...[0;1;33;93;47m8[0;37;5;43;103mSXXXX@@@[0;1;33;93;47m8[0;37;5;47;107mt   .[0;1;37;97;47mSt[0;37;5;47;107m; ;X@@[0;1;37;97;47m8@[0;33;5;43;103m%:[0;33;47m8[0;37;5;47;107m%:;;;;;;tttttttttt%%%%%%SSSSSXXXX[0;37;5;40;100m8[0m
[0;37;5;40;100m8[0;37;5;47;107mtttt;;;;;;::::...[0;1;33;93;47mX[0;37;5;43;103mXXXXX@@@[0;1;33;93;47m8[0;37;5;47;107m      ;[0;1;30;90;47m [0;33;47m8[0;1;33;93;47m@[0;1;37;97;47m88[0;1;33;93;47mS@@[0;1;37;97;47m@8[0;37;5;47;107m;::;;;;;;tttttt[0;1;37;97;47m8X[0;1;33;93;47mS@X[0;1;37;97;47mS@[0;37;5;47;107mS%%SSSSSXXXX[0;37;5;40;100m8[0m
[0;37;5;40;100m8[0;37;5;47;107mtttt;;;;;;::::...[0;1;37;97;47m8[0;1;33;93;43m@[0;37;5;43;103mXXX@@@@8[0;1;37;97;47m88[0;37;5;47;107m8;   [0;1;37;97;47mS[0;37;5;43;103m@[0;1;37;97;47m8[0;1;33;93;47m@[0;37;5;47;107m8 ...:8[0;1;37;97;47m8@@@8[0;37;5;47;107mX;;tttS[0;1;37;97;47m%[0;1;33;93;43m8[0;33;5;43;103mt;;;ttt[0;1;33;93;43m@[0;1;30;90;47m [0;37;5;47;107mXSSSSSXXXX[0;37;5;40;100m8[0m
[0;37;5;40;100m8[0;37;5;47;107mtttt;;;;;;::::... [0;1;37;97;47m@[0;37;5;43;103mX[0;33;5;43;103m8[0;37;5;43;103mXX@@@@@@@8[0;1;37;97;47mX8[0;37;5;47;107m@8[0;33;47mS[0;1;33;93;47m8[0;33;47m@[0;1;37;97;47m8[0;37;5;47;107m@8[0;1;37;97;47m8S[0;37;5;43;103m@[0;33;5;43;103m::::::S@[0;1;33;93;47mS[0;1;37;97;47m@@[0;1;33;93;47m@[0;33;5;43;103m@;;;;;;ttttt[0;1;33;93;43m@[0;1;37;97;47mS[0;37;5;47;107mSSSSXXXX[0;37;5;40;100m8[0m
[0;37;5;40;100m8[0;37;5;47;107mtttt;;;;;;::::...  [0;1;37;97;47mt[0;33;5;43;103m8[0;37;5;43;103mXXX@@@@@@@@@XXXXXSSS%[0;33;5;43;103m:::::::;;;;;;[0;1;33;93;43mX[0;33;5;43;103m@@8[0;1;33;93;47mX[0;1;37;97;47mX@X[0;33;47m8[0;33;5;43;103m%tt%[0;1;30;90;43mX[0;1;33;93;43mX[0;33;47m8[0;1;37;97;47mt[0;37;5;47;107mXSXXXX[0;37;5;40;100m8[0m
[0;37;5;40;100m8[0;37;5;47;107mtttt;;;;;;:::::... [0;1;37;97;47m8[0;37;5;43;103mXXXXXX@@@@@XXXXXXSSSS[0;33;5;43;103m.:::::::;;;;;;@[0;1;37;97;47mX[0;37;5;47;107mtttttt%[0;37;43m@[0;1;33;93;43m@[0;1;37;97;47m;[0;1;33;93;43m@[0;33;5;43;103m@[0;33;47mX[0;1;30;90;47m [0;1;37;97;47m8[0;37;5;47;107mSSXXXX[0;37;5;40;100m8[0m
[0;37;5;40;100mX[0;37;5;47;107mttttt;;;;;;::::....[0;1;37;97;47m%[0;37;5;43;103mSXXXXXXXXXXXXXXXSSSS%[0;33;5;43;103m:::%t::;;;;;;;;[0;1;33;93;43m@[0;37;5;47;107m@ttttt%[0;1;37;97;47m@[0;1;30;90;47m;[0;37;5;47;107mS@[0;1;37;97;47mt[0;1;33;93;47m@[0;33;47m88[0;37;43m8[0;33;47m8[0;1;37;97;47mX[0;37;5;47;107mXXX[0;37;5;40;100mX[0m
[0;36;5;40;100m [0;37;5;47;107mttttt;;;;;;;;[0;1;37;97;47mS[0;37;5;43;103m8@8[0;1;33;93;47m@@[0;37;43m@[0;37;5;43;103mSSSXXXXXXXXXXSSSSS%[0;33;5;43;103m.:::::X[0;1;33;93;43m8[0;33;5;43;103m:;;;;;;;;;[0;1;30;90;47m [0;37;5;47;107mtttt%%%%%%SSSSS8[0;1;30;90;47m.[0;37;5;47;107mXX@[0;36;5;40;100m [0m
[0;30;5;40;100m@[0;37;5;47;107mtttttt;;;;;t[0;33;47m@[0;33;5;43;103m::;::.[0;1;33;93;43m@[0;37;5;43;103mSSSSSSSSSSSSSSSSS%[0;33;5;43;103m.:::::::t[0;1;33;93;43mS[0;33;5;43;103m;;;;;;;;;[0;1;33;93;43mX[0;1;37;97;47mX[0;37;5;47;107mStt%%%%%%SSSSSXXXX@[0;36;5;40;100m%[0m
 [0;37;5;47;107m%tttttt;;;8[0;33;47m8[0;33;5;43;103m:%[0;1;33;93;47mS[0;1;37;97;47m88[0;1;33;93;47mX[0;37;5;43;103m@[0;1;33;93;43mX[0;33;5;43;103m%%SS@[0;1;33;93;43mX[0;33;5;43;103m;[0;37;5;43;103mSSS[0;33;5;43;103m;[0;37;5;43;103mSSS%%[0;33;5;43;103m.::::::::%@@[0;1;33;93;43m%[0;33;5;43;103m@;;;;;;;;;[0;1;33;93;43m8[0;1;33;93;47m888[0;1;37;97;47mt[0;37;5;47;107m%%%SSSSSSXXXX@[0m 
 [0;1;37;97;47m;[0;37;5;47;107mttttttt8[0;1;33;93;47m@[0;33;5;43;103mS;:[0;33;47m8[0;37;5;47;107m;[0;1;37;97;47m8[0;1;33;93;47m8[0;37;5;43;103m@@[0;33;5;43;103m8S;:...[0;1;33;93;43mX[0;37;5;43;103m%%[0;33;5;43;103mS@...::::::;X[0;1;33;93;47m8[0;1;33;93;43mS[0;33;5;43;103m@%;;;t[0;1;33;93;43m@@[0;33;5;43;103m@@8[0;1;33;93;43m@@[0;33;5;43;103mXt;;@[0;1;33;93;43mt%[0;37;5;47;107m8%%SSSSSXXXX@[0;1;37;97;47mt[0m 
 [0;37;5;40;100mS[0;37;5;47;107mtttttt%[0;1;33;93;43mX[0;33;5;43;103m;;;[0;1;33;93;43mX[0;33;47m8[0;37;5;47;107m@[0;33;5;43;103m@::%:::::::S:[0;37;43mX[0;1;33;93;47m@[0;37;5;43;103m88@[0;33;5;43;103mXX[0;37;5;43;103m@8[0;1;33;93;47m8S[0;1;37;97;47m@8[0;37;5;47;107mt;%[0;1;37;97;47m8@@@XX[0;1;33;93;47mS8[0;1;33;93;43m8[0;33;5;43;103mt;[0;1;33;93;43m%[0;37;43mX[0;37;5;47;107m@[0;1;37;97;47m@S[0;33;47m@[0;1;33;93;43m8[0;33;5;43;103mt[0;1;33;93;43mX[0;33;47m8[0;37;5;47;107mSSSSSSSXXXX@[0;37;5;40;100m@[0m 
  [0;37;5;47;107m%ttttt[0;1;37;97;47m@[0;33;5;43;103mS;[0;33;47m8X8[0;37;5;47;107m%[0;33;47m8[0;33;5;43;103m;S[0;1;37;97;47mS[0;37;5;47;107m8[0;1;37;97;47m8@[0;1;33;93;47mSXX[0;1;37;97;47m@@[0;1;33;93;47mSX[0;37;5;47;107m8:::::::;;;;;;;;;;ttttttt[0;1;37;97;47m@[0;33;47m8[0;33;5;43;103m%t[0;33;47m8[0;1;37;97;47mX[0;37;5;47;107mS%@[0;33;47mX[0;33;5;43;103mSt[0;1;33;93;43mX[0;1;37;97;47mtS[0;37;5;47;107mXSSXXXX@@[0;1;30;90;40m8[0m 
  [0;1;30;90;47m;[0;37;5;47;107mttttt[0;33;47m8[0;33;5;43;103m%[0;1;33;93;43m@[0;37;43m@[0;37;5;47;107m8S[0;33;47m8[0;33;5;43;103m;;[0;37;43mX[0;37;5;47;107m;;;;;;;;;;;;;;;;;;;;;;;;;;;ttttttttttt[0;1;30;90;47m [0;33;5;43;103m%;t[0;1;33;93;43m@[0;33;47m8[0;37;5;47;107m8%[0;1;30;90;47m:[0;33;5;43;103mttt[0;1;33;93;43mS[0;33;5;40;100m [0;37;5;47;107mSXXXX@@[0;1;30;90;47m.[0m  
  [0;1;30;90;40m8[0;37;5;47;107m%tttt[0;37;43m8[0;33;5;43;103mX;[0;37;43mX[0;1;37;97;47mX[0;1;33;93;43m@[0;33;5;43;103m;;;[0;1;33;93;43mS[0;1;37;97;47mt[0;37;5;47;107m;;;;;;;;;;;;;;;;;;;;;;;;tttttttttttttt[0;33;47m8[0;33;5;43;103mtt%[0;1;30;90;43m@[0;1;37;97;47m;[0;37;5;47;107m%8[0;1;33;93;43mS[0;33;5;43;103mtt%[0;1;30;90;43m8[0;37;5;47;107m8XXXX@@[0;30;5;40;100m@[0m  
   [0;1;30;90;47mX[0;37;5;47;107mtttt[0;33;47m8[0;1;33;93;47m8[0;1;37;97;47m%[0;37;5;47;107m%[0;1;30;90;47m [0;33;5;43;103m;;@@[0;33;47m8[0;37;5;47;107mS;;;;;;;;;;;;;;;;;;;;;ttttttttttttttttt[0;1;37;97;47m;[0;33;5;43;103m%t8[0;1;33;93;43m8[0;33;47m8[0;37;5;47;107mSS[0;1;30;90;47m;[0;33;5;43;103mtS[0;1;30;90;47m;[0;1;30;90;43m@[0;1;37;97;47m@[0;37;5;47;107mXXX@@[0;1;30;90;47m%[0m   
    [0;37;5;47;107m8ttttttt[0;1;37;97;47m:[0;33;5;43;103m;%[0;1;30;90;47m.[0;37;5;47;107m88tttttt;;;;;;;;;;;tttttttttttttttttttt%%%[0;1;30;90;43mX[0;33;5;43;103mt[0;1;30;90;43m8[0;1;30;90;47m.[0;37;5;47;107m8SS[0;1;30;90;47m.[0;1;33;93;43mXX[0;1;30;90;43mX[0;1;37;97;47mt[0;37;5;47;107mXXX@@[0;1;37;97;47m8[0m    
    [0;36;5;40;100m%[0;37;5;47;107m%tttttt[0;1;30;90;47m [0;33;5;43;103m@[0;1;33;93;43mX[0;33;5;43;103m%[0;1;30;90;47m [0;37;5;47;107mtttttttttttttttttttttttttttttttttttt%%%%%[0;1;30;90;43mS[0;1;33;93;43mX[0;33;5;43;103mX[0;1;33;93;43mX[0;37;5;47;107m8SS[0;1;30;90;47m.[0;33;5;43;103m%%S[0;1;30;90;47m:[0;37;5;47;107mXX@@@[0;36;5;40;100mt[0m    
     [0;36;5;40;100m [0;37;5;47;107m%ttttt[0;1;37;97;47m;[0;33;5;43;103m%t[0;37;43m@[0;37;5;47;107m@tttttttttttttttttttttttttttttttttt%%%%%%%[0;1;33;93;43mS[0;33;5;43;103mS[0;1;33;93;43m@[0;1;37;97;47m;[0;37;5;47;107mSSS[0;1;37;97;47m;[0;1;33;93;43m@[0;33;47m8[0;1;37;97;47m%[0;37;5;47;107mXX@@@[0;36;5;40;100m [0m     
      [0;1;30;90;47m8[0;37;5;47;107m%%%ttS[0;33;47m@[0;1;37;97;47m%[0;37;5;47;107m%ttttttttttttttttttttttttttttttttt%%%%%%%%%[0;1;37;97;47mX8[0;37;5;47;107mSSSSSXXXXX@@@[0;1;30;90;47m@[0m      
       [0;1;30;90;47mX[0;37;5;47;107m%%%%tttttttttttttttttttttttttttttttttt%%%%%%%%%%SSSSSSSXXXXXX@@@[0;1;30;90;47m%[0m       
        [0;1;30;90;47m8[0;37;5;47;107m%%%%%%%ttttttttttttttttttttttttttt%%%%%%%%%%%SSSSSSSSXXXXX@@@@[0;1;30;90;47mX[0m        
         [0;37;5;40;100mX[0;37;5;47;107m%%%%%%%%%%%ttttttttttttttttt%%%%%%%%%%%%%%SSSSSSSSXXXXXX@@@@[0;37;5;40;100mX[0m         
          [0;36;5;40;100m;[0;37;5;47;107m8%%%%%%%%%%%%%%%%%%%%%%%%%%%%%%%%%%%%%SSSSSSSSSXXXXXX@@@@[0;1;37;97;47m8[0;36;5;40;100m:[0m          
            [0;1;37;97;47m:[0;37;5;47;107mS%%%%%%%%%%%%%%%%%%%%%%%%%%%%%%%SSSSSSSSSSSXXXXXX@@@@@[0;1;37;97;47m;[0m            
             [0;37;5;40;100m@[0;37;5;47;107mXSSS%%%%%%%%%%%%%%%%%%%%%%SSSSSSSSSSSSSXXXXXXX@@@@@8[0;37;5;40;100m8[0m             
              [0;30;5;40;100m8[0;1;37;97;47m;[0;37;5;47;107mSSSSSSSSSSSSSSSSSSSSSSSSSSSSSSSSSSXXXXXXXX@@@@@@[0;1;37;97;47m:[0;30;5;40;100m8[0m              
                [0;36;5;40;100m [0;1;37;97;47m8[0;37;5;47;107mSSSSSSSSSSSSSSSSSSSSSSSSSSSSXXXXXXXXX@@@@@@@[0;1;37;97;47m8[0;36;5;40;100m [0m                
                  [0;37;5;40;100m8[0;37;5;47;107m@SSSSSSSSSSSSSSSSSSSSSXXXXXXXXXXX@@@@@@@@8[0;37;5;40;100m8[0m                  
                    [0;1;30;90;47m8[0;37;5;47;107m8XXXXXXXXXXXXXXXXXXXXXXXXXXX@@@@@@@@@8[0;1;30;90;47m8[0m                    
                      [0;37;5;40;100m@[0;1;37;97;47m8[0;37;5;47;107mXXXXXXXXXXXXXXXXXXXX@@@@@@@@@@@@[0;1;37;97;47m8[0;37;5;40;100m8[0m                      
                        [0;36;5;40;100m [0;1;37;97;47mS[0;37;5;47;107mXXXXXXXXXXX@@@@@@@@@@@@@@@@@[0;1;37;97;47mS[0;36;5;40;100m [0m                        
                          [0;30;5;40;100mS[0;1;30;90;47m%[0;37;5;47;107m8@@@@@@@@@@@@@@@@@@@@@@8[0;1;30;90;47m;[0;36;5;40;100mt[0m                          
                             [0;36;5;40;100m [0;1;37;97;47m.[0;37;5;47;107m@@@@@@@@@@@@@@@@@@[0;1;37;97;47m:[0;36;5;40;100m [0m                             
                                [0;36;5;40;100m [0;1;37;97;47m;[0;37;5;47;107m@@@@@@@@@@@@[0;1;37;97;47mt[0;37;5;40;100mX[0m                                
                                   [0;36;5;40;100m [0;1;30;90;47m;[0;37;5;47;107m8@@@@8[0;1;30;90;47m.[0;36;5;40;100m [0m                                   
                                      [0;30;5;40;100mS[0;37;5;40;100m@@[0;36;5;40;100m%[0m                                      
