[0;36;5;40;100m [0;1;30;90;47m....      [0;1;37;97;47m                                     [0;1;30;90;47m      .........:::::::::;;;;;;;[0;36;5;40;100m [0m
[0;37;5;40;100m@[0;37;5;47;107m%%%%%%ttttttttttttttttttttttttttttttttttttttttttttt%%%%%%%%SSSSSSSXXXX@@@@@@@@[0;37;5;40;100m8[0m
[0;37;5;40;100m@[0;37;5;47;107m%%%%ttttttttttttttttttttttt@8ttttttttttttttttttttt[0;1;37;97;47m8[0;37;5;47;107mtt%%%%%%%SSSSSSSXXXX@@@@@@@[0;37;5;40;100m8[0m
[0;37;5;40;100m@[0;37;5;47;107m%%ttttttttttttttttttttttt8[0;37;5;40;100m8[0;30;5;40;100mS[0;1;30;90;47mS[0;37;5;47;107mtttttttttttttttttttt8[0;1;30;90;40m8[0;36;5;40;100m [0;1;37;97;47m%[0;37;5;47;107mt%%%%%%%%SSSSSSXXXX@@@@@@[0;37;5;40;100m8[0m
[0;37;5;40;100m@[0;37;5;47;107m%ttttttttttttttttttttt;X[0;1;30;90;47m8[0;36;5;40;100m%tt[0;37;5;40;100mS[0;37;5;47;107m;;;;;;tttttttttttttt[0;1;30;90;47mS[0;30;5;40;100mXX@[0;36;5;40;100m [0;1;37;97;47m8[0;37;5;47;107mt%%%%%%%SSSSSSXXXX@@@@@[0;37;5;40;100m8[0m
[0;37;5;40;100m@[0;37;5;47;107mtttttttttttttttttt;;;;[0;1;37;97;47mS[0;36;5;40;100m:;;;;;[0;37;5;47;107m;;;;;;;;;ttttttttttt[0;36;5;40;100m:[0;30;5;40;100mXXXX@[0;1;30;90;47m;[0;37;5;47;107mt%%%%%%%SSSSSSXXXX@@@@[0;37;5;40;100m8[0m
[0;37;5;40;100m8[0;37;5;47;107mttttttttttttttt;;;;;;[0;1;37;97;47m.[0;36;5;40;100mt;::::t[0;1;37;97;47m%[0;37;5;47;107m;;;;;;;;[0;1;30;90;47mS[0;37;5;40;100m8[0;37;5;47;107m;ttttttt[0;1;37;97;47m;[0;30;5;40;100m@SXXXX8[0;1;30;90;47m8[0;37;5;47;107mt%%%%%%%SSSSSXXXXX@@@[0;37;5;40;100m8[0m
[0;37;5;40;100m8[0;37;5;47;107mttttttttttttt;;;;;;;[0;1;37;97;47m:[0;36;5;40;100mt::::::: [0;37;5;47;107m;;;;;;;[0;1;37;97;47m [0;36;5;40;100mtt[0;1;30;90;47mX[0;37;5;47;107m;;ttttS[0;36;5;40;100m:[0;30;5;40;100mSSSXXXX@[0;1;30;90;47m8[0;37;5;47;107mt%%%%%%%SSSSSXXXX@@@[0;37;5;40;100m8[0m
[0;37;5;40;100m8[0;37;5;47;107mttttttttttt;;;;;;;;[0;1;37;97;47m8[0;36;5;40;100m;:.......:[0;1;30;90;47m:[0;37;5;47;107m::::;[0;1;37;97;47m8[0;30;5;40;100mXSS@[0;1;37;97;47m:[0;37;5;47;107m;;;tt[0;37;5;40;100mS[0;30;5;40;100mSSSSSXXXX8[0;1;37;97;47m:[0;37;5;47;107mt%%%%%%SSSSSSXXXX@@[0;37;5;40;100m8[0m
[0;37;5;40;100m8[0;37;5;47;107mtttttttttt;;;;;;;;;[0;36;5;40;100m ...       .[0;1;30;90;47m:[0;37;5;47;107m::::8[0;36;5;40;100mt::;[0;1;37;97;47m:[0;37;5;47;107m;;;8[0;36;5;40;100m %t[0;30;5;40;100m%SSSSXXXX[0;36;5;40;100m%[0;37;5;47;107m%t%%%%%%SSSSSXXXX@@[0;37;5;40;100m8[0m
[0;37;5;40;100m8[0;37;5;47;107mttttttttt;;;;;;;;:[0;1;37;97;47mt[0;36;5;40;100m:             [0;1;37;97;47m.[0;37;5;47;107mX:[0;1;37;97;47m%[0;36;5;40;100mt;t%[0;1;30;90;47m:[0;37;5;47;107mt[0;1;37;97;47m%[0;1;30;90;47m8[0;36;5;40;100mttttt%[0;30;5;40;100mSSSSXXX@[0;1;30;90;47m;[0;37;5;47;107mt%%%%%%SSSSSSXXXX@[0;37;5;40;100m8[0m
[0;37;5;40;100m8[0;37;5;47;107mtttttttt;;;;;;;:::[0;1;30;90;47m8[0;36;5;40;100m               . :  ..[0;30;5;40;100m%[0;36;5;40;100m;;:;;tttt[0;30;5;40;100m%SSSSXXX[0;36;5;40;100m [0;37;5;47;107mtt%%%%%%SSSSSXXXX@[0;37;5;40;100m8[0m
[0;37;5;40;100m8[0;37;5;47;107mttttttt;;;;;;;::::[0;36;5;40;100m                  ;   .%::::;;ttt%[0;30;5;40;100m%SSSXXX@[0;37;5;47;107mtt%%%%%%SSSSSSXXX@[0;37;5;40;100m8[0m
[0;37;5;40;100m8[0;37;5;47;107mttttttt;;;;;;:::::[0;36;5;40;100m                  :    t.:::;;;ttt[0;30;5;40;100m%SSSSXX[0;1;30;90;40m8[0;37;5;47;107mttt%%%%%%SSSSSXXXX[0;37;5;40;100m8[0m
[0;37;5;40;100m8[0;37;5;47;107mtttttt;;;;;;;::::.[0;36;5;40;100m                  :    t..:::;;ttt%[0;30;5;40;100m%SSSXX8[0;37;5;47;107mttt%%%%%%SSSSSXXXX[0;37;5;40;100m8[0m
[0;37;5;40;100m8[0;37;5;47;107mtttttt;;;;;;:::::.[0;37;5;40;100mX[0;36;5;40;100m                 :    t..:::;;ttt%[0;30;5;40;100m%SSSXX[0;36;5;40;100m.[0;37;5;47;107mttt%%%%%%SSSSSXXXX[0;37;5;40;100m8[0m
[0;37;5;40;100m8[0;37;5;47;107mtttttt;;;;;;::::..[0;1;30;90;47mt[0;36;5;40;100m       [0;37;5;40;100m%SSS[0;36;5;40;100m      .    t ..::;;;ttt[0;30;5;40;100m%SSSSX[0;1;30;90;47m8[0;37;5;47;107mttt%%%%%%SSSSSXXXX[0;37;5;40;100m8[0m
[0;37;5;40;100m8[0;37;5;47;107mtttttt;;;;;;::::..8[0;36;5;40;100m       [0;37;5;40;100mSSSS%[0;36;5;40;100m     .    t ::::;;;ttt[0;30;5;40;100m%SSSS8[0;1;37;97;47m8[0;37;5;47;107mttt%%%%%%SSSSSXXXX[0;37;5;40;100m8[0m
[0;37;5;40;100m8[0;37;5;47;107mtttttt;;;;;;::::...[0;37;5;40;100m8[0;36;5;40;100m       [0;37;5;40;100m%%%[0;36;5;40;100m   [0;1;30;90;47m:[0;37;5;47;107m8.[0;37;5;40;100mX[0;36;5;40;100m ..:[0;37;5;40;100m%[0;37;5;47;107m:%[0;1;37;97;47m:[0;36;5;40;100m ;;;;ttt[0;30;5;40;100m%SSSS[0;36;5;40;100m [0;37;5;47;107mtttt%%%%%%SSSSSXXXX[0;37;5;40;100m8[0m
[0;37;5;40;100m8[0;37;5;47;107mtttttt;;;;;;:::::..@[0;36;5;40;100m           [0;1;30;90;47m8[0;37;5;47;107m%...[0;1;30;90;47mX[0;36;5;40;100m    [0;1;30;90;47mt[0;37;5;47;107m::;;[0;1;30;90;47m;[0;36;5;40;100mt;ttt%[0;30;5;40;100m%SSS@[0;1;37;97;47m8[0;37;5;47;107mtttt%%%%%%SSSSSXXXX[0;37;5;40;100m8[0m
[0;37;5;40;100m8[0;37;5;47;107mttttttt;;;;;;::::...[0;1;30;90;47m.[0;36;5;40;100m         [0;1;30;90;47m8[0;37;5;47;107m:....[0;1;30;90;47m@[0;36;5;40;100m    [0;1;30;90;47m%[0;37;5;47;107m::;;;[0;1;30;90;47m;[0;36;5;40;100mtttt%[0;30;5;40;100mSSSX[0;1;30;90;47mX[0;37;5;47;107mttttt%%%%%%SSSSSXXXX[0;37;5;40;100m8[0m
[0;37;5;40;100mX[0;37;5;47;107mttttttt;;;;;;:::::...[0;37;5;40;100m8[0;36;5;40;100m        [0;37;5;47;107mt.....[0;37;5;40;100m8[0;36;5;40;100m    [0;1;30;90;47mS[0;37;5;47;107m:;;;;;[0;36;5;40;100m ttt[0;30;5;40;100m%SSS[0;36;5;40;100m [0;37;5;47;107mtttttt%%%%%SSSSSSXXXX[0;37;5;40;100mX[0m
[0;36;5;40;100m [0;37;5;47;107mtttttttt;;;;;;::::::.;[0;37;5;40;100mS[0;36;5;40;100m      [0;1;37;97;47m:[0;37;5;47;107m......[0;37;5;40;100m@[0;36;5;40;100m   .[0;1;30;90;47m@[0;37;5;47;107m;;;;;;[0;1;37;97;47m%[0;30;5;40;100mX[0;36;5;40;100mt%[0;30;5;40;100mSSS[0;36;5;40;100m.[0;37;5;47;107mXttttt%%%%%%SSSSSXXXX@[0;36;5;40;100m [0m
[0;30;5;40;100m@[0;37;5;47;107mtttttttt;;;;;;;;::::::t[0;37;5;40;100mS[0;36;5;40;100m     [0;37;5;47;107m:.....:[0;37;5;40;100mS[0;36;5;40;100m ...[0;1;30;90;47m8[0;37;5;47;107m;;;;;;t[0;36;5;40;100m:%[0;30;5;40;100m%SS[0;36;5;40;100m.[0;37;5;47;107m@tttttt%%%%%%SSSSSXXXX@[0;36;5;40;100m%[0m
 [0;37;5;47;107m%tttttttt;;;;;;;;::::::t[0;37;5;40;100m8[0;36;5;40;100m.  [0;1;30;90;47mX[0;37;5;47;107m..:::::[0;36;5;40;100m ..::[0;1;30;90;47m8[0;37;5;47;107m;;;;;tt[0;1;30;90;47m8[0;30;5;40;100mSSS[0;36;5;40;100m [0;37;5;47;107mStttttt%%%%%%SSSSSSXXXX@[0m 
 [0;1;37;97;47m;[0;37;5;47;107mtttttttttt;;;;;;;;::::::[0;1;30;90;47m [0;36;5;40;100m.:[0;1;37;97;47m8[0;37;5;47;107m:::::::[0;36;5;40;100m ::::[0;37;5;40;100m8[0;37;5;47;107m;;;;ttt[0;1;37;97;47m8[0;30;5;40;100m@X[0;1;30;90;47mX[0;37;5;47;107mtttttttt%%%%%%SSSSSXXXX@[0;1;37;97;47mt[0m 
 [0;37;5;40;100mS[0;37;5;47;107mttttttttttt;;;;;;;;;;;:::[0;1;37;97;47m8[0;37;5;40;100m8[0;37;5;47;107m::::::;;[0;36;5;40;100m.::;;[0;37;5;40;100m8[0;37;5;47;107m;;;ttttt[0;37;5;40;100mS[0;1;37;97;47m%[0;37;5;47;107mtttttttt%%%%%%SSSSSSXXXX@[0;37;5;40;100m@[0m 
  [0;37;5;47;107m%tttttttttttt;;;;;;;;;;;;;;;;;;;;;;[0;36;5;40;100m;;;;;[0;37;5;40;100m@[0;37;5;47;107m;tttttttttttttttt%%%%%%SSSSSSXXXX@@[0;1;30;90;40m8[0m 
  [0;1;30;90;47m;[0;37;5;47;107mtttttttttttttt;;;;;;;;;;;;;;;;;;;;[0;30;5;40;100mS[0;36;5;40;100m;ttt[0;37;5;40;100mX[0;37;5;47;107mtttttttttttttttt%%%%%%%SSSSSXXXX@@[0;1;30;90;47m.[0m  
  [0;1;30;90;40m8[0;37;5;47;107m%tttttttttttttttt;;;;;;;;;;;;;;;;t[0;30;5;40;100m@[0;36;5;40;100mtttt[0;37;5;40;100m%[0;37;5;47;107mttttttttttttttt%%%%%%%SSSSSXXXXX@@[0;30;5;40;100m@[0m  
   [0;1;30;90;47mX[0;37;5;47;107mttttttttttttttttttttt;;;;;;;;tttS[0;30;5;40;100m8[0;36;5;40;100mt%%[0;30;5;40;100m%[0;36;5;40;100m [0;37;5;47;107mtttttttttttttt%%%%%%SSSSSSXXXXX@@[0;1;30;90;47m%[0m   
    [0;37;5;47;107m8ttttttttttttttttttttttttttttttt@[0;30;5;40;100m8%SSS[0;36;5;40;100m [0;37;5;47;107mtttttttttttt%%%%%%%SSSSSSSXXXX@@[0;1;37;97;47m8[0m    
    [0;36;5;40;100m%[0;37;5;47;107m%tttttttttttttttttttttttttttttt[0;1;37;97;47m8[0;30;5;40;100m8SSSS[0;36;5;40;100m [0;37;5;47;107mtttttttttt%%%%%%%%SSSSSSXXXXX@@@[0;36;5;40;100mt[0m    
     [0;36;5;40;100m [0;37;5;47;107m%ttttttttttttttttttttttttttttt[0;1;37;97;47m@[0;30;5;40;100m8SSXX[0;36;5;40;100m [0;37;5;47;107mtttttttt%%%%%%%%%SSSSSSXXXXX@@@[0;36;5;40;100m [0m     
      [0;1;30;90;47m8[0;37;5;47;107m%%%tttttttttttttttttttttttttt[0;1;37;97;47m%[0;30;5;40;100m8XXXX[0;36;5;40;100m [0;37;5;47;107mtttttt%%%%%%%%%SSSSSSSXXXXX@@@[0;1;30;90;47m@[0m      
       [0;1;30;90;47mX[0;37;5;47;107m%%%%tttttttttttttttttttttttt[0;1;37;97;47m;[0;30;5;40;100m8XXXX[0;36;5;40;100m.[0;37;5;47;107mttt%%%%%%%%%%SSSSSSSXXXXXX@@@[0;1;30;90;47m%[0m       
        [0;1;30;90;47m8[0;37;5;47;107m%%%%%%%tttttttttttttttttttt[0;1;37;97;47m [0;30;5;40;100m@XXXX[0;36;5;40;100m:[0;37;5;47;107m%%%%%%%%%%%SSSSSSSSXXXXX@@@@[0;1;30;90;47mX[0m        
         [0;37;5;40;100mX[0;37;5;47;107m%%%%%%%%%%%ttttttttttttttt[0;1;30;90;47m:[0;30;5;40;100m@XXXX[0;36;5;40;100m;[0;37;5;47;107m%%%%%%%%%SSSSSSSSXXXXXX@@@@[0;37;5;40;100mX[0m         
          [0;36;5;40;100m;[0;37;5;47;107m8%%%%%%%%%%%%%%%%%%%%%%%%[0;37;5;40;100mX[0;30;5;40;100m888888[0;37;5;47;107m8%%%%%SSSSSSSSSXXXXXX@@@@[0;1;37;97;47m8[0;36;5;40;100m:[0m          
            [0;1;37;97;47m:[0;37;5;47;107mS%%%%%%%%%%%%%%%%%%%%%%[0;1;30;90;40m8[0;30;5;40;100m@@@@@@[0;1;30;90;47m%[0;37;5;47;107m%SSSSSSSSSSSXXXXXX@@@@@[0;1;37;97;47m;[0m            
             [0;37;5;40;100m@[0;37;5;47;107mXSSS%%%%%%%%%%%%%%%%%S[0;1;30;90;40m8[0;30;5;40;100m@@@@@@[0;1;30;90;47mS[0;37;5;47;107mSSSSSSSSSXXXXXXX@@@@@8[0;37;5;40;100m8[0m             
              [0;30;5;40;100m8[0;1;37;97;47m;[0;37;5;47;107mSSSSSSSSSSSSSSSSSSSX[0;1;30;90;40m8[0;30;5;40;100m@@@@@8[0;1;30;90;47mS[0;37;5;47;107mSSSSSSXXXXXXXX@@@@@@[0;1;37;97;47m:[0;30;5;40;100m8[0m              
                [0;36;5;40;100m [0;1;37;97;47m8[0;37;5;47;107mSSSSSSSSSSSSSSSSSX[0;1;30;90;40m@[0;30;5;40;100m@88888[0;1;30;90;47mS[0;37;5;47;107mSSXXXXXXXXX@@@@@@@[0;1;37;97;47m8[0;36;5;40;100m [0m                
                  [0;37;5;40;100m8[0;37;5;47;107m@SSSSSSSSSSSSSSS@[0;1;30;90;40m@[0;30;5;40;100m888888[0;1;30;90;47m%[0;37;5;47;107mXXXXXXXX@@@@@@@@8[0;37;5;40;100m8[0m                  
                    [0;1;30;90;47m8[0;37;5;47;107m8XXXXXXXXXXXXX8[0;1;30;90;40m@[0;30;5;40;100m888888[0;1;30;90;47m%[0;37;5;47;107mXXXXX@@@@@@@@@8[0;1;30;90;47m8[0m                    
                      [0;37;5;40;100m@[0;1;37;97;47m8[0;37;5;47;107mXXXXXXXXXXX8[0;1;30;90;40m@[0;30;5;40;100m888888[0;1;30;90;47m%[0;37;5;47;107m@@@@@@@@@@@@[0;1;37;97;47m8[0;37;5;40;100m8[0m                      
                        [0;36;5;40;100m [0;1;37;97;47mS[0;37;5;47;107mXXXXXXXXX8[0;1;30;90;40m@[0;30;5;40;100m888888[0;1;30;90;47m%[0;37;5;47;107m@@@@@@@@@@[0;1;37;97;47mS[0;36;5;40;100m [0m                        
                          [0;30;5;40;100mS[0;1;30;90;47m%[0;37;5;47;107m8@@@@@@@[0;30;5;40;100m@88888[0;1;30;90;40m8[0;1;37;97;47m;[0;37;5;47;107m@@@@@@@8[0;1;30;90;47m;[0;36;5;40;100mt[0m                          
                             [0;36;5;40;100m [0;1;37;97;47m.[0;37;5;47;107m@@@@@[0;1;37;97;47m8[0;1;30;90;47m:;;t;[0;1;37;97;47mS[0;37;5;47;107m@@@@@@[0;1;37;97;47m:[0;36;5;40;100m [0m                             
                                [0;36;5;40;100m [0;1;37;97;47m;[0;37;5;47;107m@@@@@@@@@@@@[0;1;37;97;47mt[0;37;5;40;100mX[0m                                
                                   [0;36;5;40;100m [0;1;30;90;47m;[0;37;5;47;107m8@@@@8[0;1;30;90;47m.[0;36;5;40;100m [0m                                   
                                      [0;30;5;40;100mS[0;37;5;40;100m@@[0;36;5;40;100m%[0m                                      
