[0;30;41m8[0;1;31;91;41m........:::::::::::::::::::::::::::::::::::::::::................ [0;1;30;90;41m.      [0;30;41m     8[0m
[0;30;41m%[0;1;31;91;41m888888[0;31;5;41;101m888888888888888888888888888888888888888888888[0;1;31;91;41m888888888888888888888@@@@@@[0;30;41m%[0m
[0;30;41m%[0;1;31;91;41m8888[0;31;5;41;101m88888888[0;33;41m8[0;31;43m8[0;31;5;41;101m8888[0;31;43m8[0;1;30;90;43m%[0;31;5;41;101m8888[0;33;41m8[0;1;30;90;43m%[0;31;5;41;101m8888[0;31;43m8[0;1;30;90;43m%[0;1;31;91;41m8[0;31;5;41;101m888[0;33;41m8[0;1;30;90;43m%[0;31;5;41;101m8[0;33;41mX[0;1;30;90;43mt[0;1;31;91;41m@[0;31;5;41;101m888[0;33;41mS[0;1;30;90;43m;[0;1;31;91;41m@[0;31;5;41;101m888[0;33;41m%[0;1;30;90;43m;[0;1;31;91;41m8888[0;33;41m%[0;33;42m8[0;1;31;91;41mX888[0;33;41mS[0;33;42m8[0;1;31;91;41mS8888888@@@@@[0;30;41m%[0m
[0;30;41m%[0;1;31;91;41m888[0;31;5;41;101m888888888[0;1;30;90;43mt[0;1;30;90;42mt[0;1;31;91;41mX[0;31;5;41;101m888[0;1;30;90;43m%[0;1;30;90;42m%[0;33;41mX[0;31;5;41;101m888[0;1;30;90;43mS[0;1;30;90;42mS[0;33;41mX[0;31;5;41;101m888[0;1;30;90;43mS[0;1;30;90;42mS[0;33;41m@[0;31;5;41;101m888[0;1;30;90;43mS[0;1;30;90;42m%[0;33;41mX[0;1;30;90;43m%[0;1;30;90;42m%[0;1;31;91;41m@[0;31;5;41;101m888[0;1;30;90;43mt[0;1;30;90;42mt[0;1;31;91;41mX[0;31;5;41;101m888[0;1;30;90;43m;[0;1;30;90;42m;[0;1;31;91;41mS888[0;1;30;90;43m;[0;1;30;90;42m;[0;1;31;91;41mS888[0;1;30;90;43m:[0;1;30;90;42m;[0;1;31;91;41mt88888888@@@@[0;30;41m%[0m
[0;30;41m%[0;1;31;91;41m8[0;31;5;41;101m88[0;1;31;91;41m@[0;1;30;90;43m;;[0;1;31;91;41m8[0;31;5;41;101m888[0;1;31;91;41m@[0;1;30;90;43m%[0;1;30;90;42mt[0;1;30;90;43m%[0;31;5;41;101m88[0;1;31;91;41m@[0;1;30;90;43mS[0;1;30;90;42m%[0;1;30;90;43mS[0;31;5;41;101m88[0;1;31;91;41m@[0;1;30;90;43mX[0;1;30;90;42mS[0;1;30;90;43mX[0;31;5;41;101m88[0;1;31;91;41m@[0;1;30;90;43mX[0;1;30;90;42mS[0;1;30;90;43mX[0;31;5;41;101m88[0;1;31;91;41m8[0;1;30;90;43mS[0;1;30;90;42mS[0;1;30;90;43mS[0;31;5;41;101m8[0;1;31;91;41m8[0;1;30;90;42m%%[0;31;43m8[0;31;5;41;101m88[0;1;31;91;41m8[0;1;30;90;42mtt[0;31;43m8[0;31;5;41;101m88[0;1;31;91;41m8[0;33;42mS[0;1;30;90;42m;[0;31;43m8[0;1;31;91;41m88@[0;33;42m%[0;1;30;90;42m:[0;31;43m8[0;1;31;91;41m88X[0;33;42mt[0;1;30;90;42m:[0;33;41m8[0;1;31;91;41m8888[0;33;41mX[0;33;42m8[0;33;41mX[0;1;31;91;41m8@@@[0;30;41m%[0m
[0;30;41m%[0;31;5;41;101m8888[0;1;31;91;41m@[0;1;30;90;42m;[0;1;30;90;43mt[0;31;5;41;101m88[0;33;41mX[0;1;30;90;42m%t%[0;31;5;41;101m88[0;33;41mX[0;1;30;90;42mSSS[0;31;5;41;101m88[0;33;41m8[0;1;30;90;42mXXX[0;31;5;41;101m88[0;33;41m@[0;1;30;90;42m@XX[0;1;31;91;41m8[0;31;5;41;101m8[0;1;31;91;41m@[0;1;30;90;42mXXS[0;1;31;91;41mX[0;31;5;41;101m88[0;1;30;90;43mS[0;1;30;90;42m%%[0;1;30;90;43mS[0;31;5;41;101m88[0;31;43m8[0;1;30;90;42mtt[0;1;30;90;43mt[0;31;5;41;101m88[0;1;30;90;43m;[0;1;30;90;42m::[0;33;42m@[0;1;31;91;41m88[0;31;43m8[0;1;30;90;42m::[0;33;42m@[0;1;31;91;41m88[0;33;41m8[0;1;30;90;42m..[0;33;42m8[0;1;31;91;41m88X[0;1;30;90;42m.[0;1;30;90;43m.[0;1;31;91;41m888@@[0;30;41m%[0m
[0;30;41m%[0;31;5;41;101m8888[0;33;41m8[0;1;30;90;42m;[0;1;30;90;43mt[0;31;5;41;101m88[0;33;42m8[0;1;30;90;42m%%S[0;31;5;41;101m88[0;1;30;90;43mX[0;1;30;90;42mSXX[0;31;5;41;101m88[0;1;30;90;43m@[0;1;30;90;42m@@@[0;1;31;91;41m8[0;31;5;41;101m8[0;1;30;90;43m@[0;1;30;90;42m@@@[0;1;31;91;41m@[0;31;5;41;101m8[0;1;30;90;43m@[0;1;30;90;42m@XX[0;33;41m@[0;31;5;41;101m88[0;1;30;90;43mX[0;1;30;90;42mSS%[0;1;31;91;41m@[0;31;5;41;101m8[0;1;30;90;43m%[0;1;30;90;42mttt[0;1;31;91;41mS[0;31;5;41;101m8[0;1;30;90;43mt[0;1;30;90;42m;;:[0;33;41mX[0;31;5;41;101m8[0;31;43m8[0;1;30;90;42m:::[0;33;41mX[0;1;31;91;41m8[0;31;43m8[0;1;30;90;42m:..[0;33;41mS[0;1;31;91;41m8%[0;1;30;90;42m.X[0;1;31;91;41m@88@@[0;30;41m%[0m
[0;30;41m%[0;31;5;41;101m888[0;1;31;91;41m8[0;1;30;90;42mttt[0;1;31;91;41m8[0;31;5;41;101m8[0;33;42m8[0;1;30;90;42m%SS[0;1;30;90;43mS[0;31;5;41;101m8[0;1;30;90;43mX[0;1;30;90;42mXX@[0;1;30;90;43m@[0;31;5;41;101m8[0;1;30;90;43m@[0;1;30;90;42m@88[0;1;30;90;43m8[0;31;5;41;101m@[0;1;30;90;43m8[0;1;30;90;42m888[0;1;30;90;43m8[0;31;5;41;101m8[0;1;30;90;43m8[0;1;30;90;42m@@@[0;1;30;90;43m@[0;31;5;41;101m88[0;1;30;90;42mXXSS[0;1;31;91;41m@@[0;1;30;90;42m%%%t[0;33;41mS[0;1;31;91;41m@[0;1;30;90;42mt;;;[0;33;41mX[0;1;31;91;41m@[0;1;30;90;42m;:::[0;33;41mX[0;1;31;91;41mX[0;1;30;90;42mS::.[0;33;41mS[0;1;31;91;41m8[0;33;41m8[0;1;30;90;42m..[0;33;41m8[0;1;31;91;41m888@[0;30;41m%[0m
[0;30;41m%[0;31;5;41;101m888[0;33;41m@[0;1;30;90;42mttt[0;33;42m8[0;33;41mX8[0;1;30;90;42mSSSX[0;1;30;90;43mX[0;33;41m8[0;1;30;90;42m@@@8[0;1;30;90;43m8[0;33;41m8[0;1;30;90;42m8888[0;1;30;90;43m8[0;33;41m8[0;1;30;90;42m8888[0;1;30;90;43m8[0;33;41m8[0;1;30;90;42m8888[0;31;5;41;101m8[0;31;43m8[0;1;30;90;42m@XX[0;1;30;90;43mX[0;33;41m8[0;1;30;90;42mSS%%[0;32;43m8[0;33;41mX[0;1;30;90;42mtt;;[0;33;42m8[0;33;41mS[0;33;42mS[0;1;30;90;42m:::[0;33;42m8[0;33;41m%[0;33;42m%[0;1;30;90;42m:::[0;33;42m@[0;1;31;91;41mX[0;1;30;90;43m:[0;1;30;90;42m:..[0;33;42m@[0;1;31;91;41m888@[0;30;41m%[0m
[0;30;41m%[0;31;5;41;101m888[0;1;31;91;41m8[0;1;30;90;43m%[0;1;30;90;42mt%%S[0;33;42m8[0;1;30;90;42mXXXX@[0;1;30;90;43m@[0;1;30;90;42m@8888[0;33;5;40;100m8[0;1;30;90;42m88888[0;33;5;40;100m8[0;32;5;40;100m8[0;1;30;90;42m8888[0;33;5;40;100m8[0;1;30;90;42m8888[0;1;30;90;43m8[0;33;5;40;100m8[0;1;30;90;42m@@@@XSSS%[0;33;42m8[0;1;30;90;42m%ttt;[0;33;42mX[0;1;30;90;42m;::::[0;33;42mS[0;1;30;90;42m;::::t;...S[0;33;41mt[0;1;31;91;41m8888[0;30;41m%[0m
[0;30;41m%[0;31;5;41;101m88888[0;33;41m@[0;33;42m8[0;1;30;90;42m%SSXX@@@88888888888888888888888888@@@XXSSS%%%ttt;;;:::::t[0;33;42m@[0;1;30;90;42mS::..S[0;33;41m8[0;1;31;91;41m@88888[0;30;41m%[0m
[0;30;41m%[0;31;5;41;101m8888888[0;1;31;91;41m@[0;33;41m8[0;1;30;90;43mXX[0;33;41m8[0;1;30;90;43m@[0;33;5;40;100m8[0;1;30;90;42m8888[0;1;33;93;43m@[0;37;5;43;103m%SSSSSSSXXXSSSSSSS%[0;33;5;43;103m:::::;;;;;;;;;ttttttt[0;1;33;93;43mX[0;1;30;90;42m::::[0;33;42mS[0;33;41m@[0;1;31;91;41m%[0;33;41mSS[0;1;31;91;41mS888@S888[0;30;41m%[0m
[0;30;41m%[0;31;5;41;101m8[0;33;41mX[0;33;42m@[0;1;30;90;42m%[0;33;42m8[0;1;30;90;43mS[0;33;41m8@8[0;1;30;90;43mX@[0;1;30;90;42m@@88888[0;1;33;93;43m8[0;37;5;43;103mSSSSXXXXXXXXXXXSSS[0;33;5;43;103mX[0;1;30;90;43m8[0;33;5;43;103m8.:::::::;;;;;;;;;;;[0;1;33;93;43mX[0;1;30;90;42m::::::t[0;1;30;90;43m:[0;31;43m8[0;33;41m88[0;31;43m8[0;33;42m@[0;1;30;90;42mt[0;33;42mS[0;32;43m8[0;1;31;91;41mX8[0;30;41m%[0m
[0;30;41m%[0;31;5;41;101m8[0;1;31;91;41m888[0;1;30;90;43m%[0;1;30;90;42mSSSXX@@888888[0;1;33;93;43m8[0;37;5;43;103mSSXXXXXXXXXXXX[0;1;30;90;43m888[0;37;5;43;103mX[0;32;5;40;100m@[0;1;30;90;42m88[0;33;5;43;103m8[0;1;30;90;43m88[0;33;5;43;103m@:::::;;;;;;;;;;[0;1;33;93;43mX[0;1;30;90;42m::::::::::.:[0;1;30;90;43m:[0;1;31;91;41mX88@8[0;30;41m%[0m
[0;30;41m%[0;31;5;41;101m88888[0;1;31;91;41m8[0;1;30;90;43mX[0;1;30;90;42mXX@@[0;33;5;40;100m8[0;1;30;90;43m8[0;33;5;40;100m8[0;1;30;90;42m8888[0;1;33;93;43m8[0;37;5;43;103mSXXXXXXXXXXXX[0;33;5;43;103m8[0;32;5;40;100mSXX[0;1;30;90;43m8[0;1;30;90;42m888[0;1;30;90;43m8[0;1;30;90;42m888[0;33;5;43;103m:::::;;;;;;;;;;[0;1;33;93;43mX[0;1;30;90;42m::::[0;1;30;90;43m;[0;33;41m8[0;32;43m8[0;33;42mSX8[0;1;30;90;43m:[0;1;31;91;41mS888888[0;30;41m%[0m
[0;30;41m%[0;31;5;41;101m88[0;33;41m88[0;1;31;91;41m8[0;31;5;41;101m888888[0;1;30;90;43m8[0;32;5;40;100m8[0;1;30;90;42m88888[0;33;5;43;103m8[0;37;5;43;103mXXXXXXXXXXXXX[0;37;43m@[0;32;5;40;100mSSX[0;33;5;40;100mX[0;1;30;90;42m888[0;32;5;40;100m8[0;1;30;90;42m888[0;33;5;43;103mS::::;;;;;;;;;;[0;1;33;93;43mX[0;1;30;90;42m:::::[0;33;42mS[0;33;41m8[0;1;31;91;41mS8888%[0;33;41m@[0;31;43m8[0;33;41mX[0;1;31;91;41m88[0;30;41m%[0m
[0;30;41m%[0;31;5;41;101m8[0;1;30;90;43m%%S[0;1;30;90;42mSS[0;1;30;90;43mXX@[0;33;5;40;100m8[0;1;30;90;42m88888888[0;33;5;43;103m8[0;37;5;43;103mXXXXXXXXXXX@@[0;37;43m@[0;32;5;40;100m%SX[0;33;5;40;100mX[0;1;30;90;42m888[0;32;5;40;100m8[0;1;30;90;42m888[0;33;5;43;103mX:::::;;;;;;;;;[0;1;33;93;43mX[0;1;30;90;42m::::::::t[0;33;42mSX[0;1;30;90;42m%.[0;33;42m8[0;33;41m88[0;1;31;91;41m%8[0;30;41m%[0m
[0;30;41m%[0;31;5;41;101m8888[0;33;41mX[0;1;30;90;43mX[0;1;30;90;42mSXX@@8888888[0;33;5;43;103m8[0;37;5;43;103mXXXXXXXXXX[0;1;33;93;47mX[0;33;5;40;100m;t[0;1;30;90;43m8[0;36;5;40;100m%[0;32;5;40;100mSSX[0;1;30;90;42m8888888[0;33;5;43;103m8:::::;;;;;;;;;[0;1;33;93;43mX[0;1;30;90;42m:::::;::::.[0;33;42mS[0;33;41mS[0;1;31;91;41m88888[0;30;41m%[0m
[0;30;41m%[0;31;5;41;101m888888[0;33;41m@[0;1;30;90;43mX@@888[0;33;5;40;100m8[0;1;30;90;42m8888[0;33;5;43;103m8[0;37;5;43;103mXXXXXXXXXX[0;1;30;90;43m8[0;36;5;40;100mtt[0;33;5;40;100m%[0;32;5;40;100mSSXX[0;1;30;90;42m8888888[0;33;5;43;103m@::S;:;;;;;;;;;[0;1;33;93;43mX[0;1;30;90;42m::::[0;33;42m@[0;31;43m8[0;33;41mS88@%[0;1;31;91;41m8888888[0;30;41m%[0m
[0;30;41m%[0;31;5;41;101m8[0;33;41m8[0;33;42m8[0;1;30;90;43mS%[0;33;41m@[0;1;31;91;41m8[0;31;5;41;101m8[0;1;31;91;41m8[0;33;41m8[0;1;30;90;43m@[0;32;5;40;100m8[0;1;30;90;42m888888[0;33;5;43;103m8[0;37;5;43;103mXXXXXXXXXX[0;1;30;90;43m8[0;36;5;40;100m%%[0;33;5;40;100m%[0;32;5;40;100mSSXX[0;1;30;90;42m8888888[0;1;33;93;43m@[0;1;30;90;43m@[0;1;30;90;42m@X[0;33;5;43;103m@;;;;;;;;;;[0;1;33;93;43mX[0;1;30;90;42m:::::::[0;1;30;90;43m:[0;33;41m8S%X[0;31;43m8[0;33;42mX[0;1;30;90;42mt[0;33;42mS[0;33;41mS[0;1;31;91;41m8[0;30;41m%[0m
[0;30;41m%[0;1;31;91;41m8[0;33;41m8X[0;31;43m8[0;1;30;90;42mSSSSXX@@888888[0;1;33;93;43m8[0;37;5;43;103mSXXXXXXXXX[0;37;43m@[0;32;5;40;100mSSSXX[0;1;30;90;42m8[0;32;5;40;100m@[0;1;30;90;42m88888888@@@[0;33;5;43;103m:;;;;;;;;;;[0;1;33;93;43mX[0;1;30;90;42m::::::::::..%[0;33;41m8[0;1;31;91;41m@8@8[0;30;41m%[0m
[0;30;41mS[0;31;5;41;101m8888[0;1;31;91;41m8[0;1;30;90;43mS[0;1;30;90;42mSSXX@@[0;33;5;40;100m8[0;1;30;90;42m88888[0;1;33;93;43m@[0;37;5;43;103mSSSXXXXXXX[0;37;43m@[0;32;5;40;100mXXXX@[0;1;30;90;42m888888888@@@X[0;33;5;43;103m8;;;;;;;;;;[0;1;33;93;43mS[0;1;30;90;42m::::[0;33;42mX[0;1;30;90;43m:[0;32;43m8[0;33;42m%[0;1;30;90;42m:;[0;33;42mS[0;31;43m8[0;1;31;91;41mX88888[0;30;41mS[0m
[0;30;41m8[0;31;5;41;101m8[0;1;31;91;41m8[0;33;41mX[0;1;31;91;41m8[0;31;5;41;101m888[0;1;31;91;41m8[0;33;41mX@[0;1;31;91;41m@[0;31;43m8[0;33;5;40;100m8[0;1;30;90;42m88888[0;1;30;90;43m8[0;37;5;43;103mSSSSSXXXXX[0;1;30;90;43m8[0;32;5;40;100m@@[0;1;30;90;42m888888888888@@XX[0;1;30;90;43mS[0;33;5;43;103m;;;;;;;;;;[0;1;30;90;43m:[0;1;30;90;42m:::::t[0;31;43m8[0;1;31;91;41mS88888%[0;33;41m@@[0;1;31;91;41m@8[0;30;41m8[0m
[0;31;40mX[0;1;31;91;41mX[0;33;42m8@[0;1;30;90;42m%[0;33;42m8[0;1;30;90;43mS%[0;31;43m8[0;1;30;90;43mXX[0;1;30;90;42mXX@8[0;33;5;40;100m8[0;1;30;90;42m888[0;1;30;90;43m8[0;37;5;43;103m%SSSSSSSSS[0;1;30;90;43m8[0;1;30;90;42m888888888888@@@XXS[0;1;30;90;43mS[0;33;5;43;103m;;;;;;;;;;[0;32;43m@[0;1;30;90;42m:::[0;1;30;90;43m;[0;33;42mX[0;1;30;90;42m:::S[0;33;42m@88[0;1;30;90;42mS.[0;33;42m8[0;33;41m88[0;1;31;91;41m8[0;31;40m@[0m
 [0;1;31;91;41m8[0;31;5;41;101m88[0;1;31;91;41mX[0;1;30;90;43m%[0;1;30;90;42m%%%SSSX[0;1;30;90;43m@[0;33;41m8[0;1;30;90;42m@@888[0;33;5;43;103mt[0;37;5;43;103m%%%SSSSSS[0;1;30;90;43m8[0;1;30;90;42m88888888888@@@XXSS[0;1;30;90;43mS[0;33;5;43;103m;;;;;;;;;S[0;33;42m;[0;1;30;90;42m::::[0;33;41m%8[0;33;42mS[0;1;30;90;42m:...:[0;33;42m8[0;33;41mt[0;1;31;91;41m8888[0m 
 [0;1;31;91;41m;[0;31;5;41;101m8888[0;1;31;91;41m@[0;31;43m8[0;1;30;90;43mSSS[0;33;41m8[0;1;31;91;41m88[0;33;5;40;100m8[0;1;30;90;42mX@@@8[0;1;30;90;43m8[0;33;5;43;103m:::.[0;37;5;43;103m%%%%%[0;1;30;90;43m8[0;1;30;90;42m888888888@@@XXXSSS[0;1;30;90;43m%[0;33;5;43;103m;;;;;;;;;[0;1;30;90;43m:[0;1;30;90;42m:::::%[0;33;41mS[0;1;31;91;41m8S[0;33;41mXXS[0;1;31;91;41mX88888t[0m 
 [0;30;41mS[0;31;5;41;101m888888888[0;1;31;91;41m8[0;1;30;90;43mS[0;1;30;90;42mXXXXX@@8[0;33;5;43;103mS::::::::S[0;1;30;90;42m8888888@@@XXXSSS%%[0;1;30;90;43m%[0;33;5;43;103m;;;;;;;;S[0;33;42mt[0;1;30;90;42m:t[0;33;42m%[0;1;30;90;42m::::[0;33;42m8[0;33;41mX[0;1;31;91;41mX88888888[0;30;41m%[0m 
  [0;1;31;91;41m8[0;31;5;41;101m88[0;1;31;91;41m8[0;1;30;90;43mtt%[0;33;42m8[0;1;30;90;42m%%%SSS[0;1;30;90;43mX[0;31;43m8[0;1;30;90;42mXX@[0;1;30;90;43m@[0;33;5;43;103m:::::::::[0;1;30;90;43m8[0;1;30;90;42m8@@@@@XXXXSSSS%%%[0;1;30;90;43mt[0;33;5;43;103m;;;;;;;;[0;32;43mS[0;1;30;90;42m:::[0;33;41m88[0;1;30;90;42m%::.....t[0;33;42m8[0;1;31;91;41m@88@[0;31;40m%[0m 
  [0;1;30;90;41m:[0;31;5;41;101m88[0;31;43m8[0;1;30;90;43mt[0;33;41m@8[0;1;30;90;43m%%[0;1;30;90;42m%%[0;1;30;90;43mSS[0;33;41m@[0;1;31;91;41m8[0;1;30;90;42mXSXXX[0;1;30;90;43mX[0;33;5;43;103m::::::::@[0;1;30;90;42m@@XXXXXXSSSS%%%%[0;1;30;90;43mt[0;33;5;43;103m;;;;;;;;[0;1;30;90;43m:[0;1;30;90;42m:::::[0;33;41mX[0;1;31;91;41m8[0;33;41m%8[0;1;30;90;43m::[0;33;41mXt[0;1;31;91;41m@8[0;33;41m@t[0;1;31;91;41m88.[0m  
  [0;31;40mS[0;1;31;91;41m8[0;31;5;41;101m88888888888[0;33;41m8[0;1;30;90;42mSSSSSSX[0;1;33;93;43m%[0;33;5;43;103m::::::::[0;1;30;90;43mS[0;1;30;90;42mXXXSSSSS%%%%%%[0;1;33;93;43mX[0;33;5;43;103m;;;;;;;;[0;1;33;93;43mS[0;1;30;90;42m:::::::[0;1;30;90;43m:[0;33;41m%[0;1;31;91;41m8888888888@[0;31;40mX[0m  
   [0;30;41m:[0;31;5;41;101m8888[0;1;31;91;41m8[0;33;41m8[0;1;30;90;43mttt%[0;1;30;90;42m%t%%%[0;1;30;90;43mSS[0;1;30;90;42mSSS[0;1;30;90;43mS[0;33;5;43;103m;;;;;;;;[0;1;30;90;43mS[0;1;30;90;42mSSSS%%%%%ttt[0;1;33;93;43mX[0;33;5;43;103m;;;;;;;;[0;1;30;90;43m:[0;1;30;90;42m:::[0;31;43m8[0;33;41m@[0;1;30;90;42m;:::.:S[0;33;42mSX8[0;1;31;91;41mt8888[0;30;41m.[0m   
    [0;1;31;91;41mX[0;31;5;41;101m888[0;1;30;90;43m;;[0;31;43m8[0;1;30;90;43mt[0;33;42m@[0;1;30;90;42mtttt[0;1;30;90;43m%[0;33;41m8[0;1;31;91;41m@[0;1;30;90;42m%%%%%[0;1;30;90;43m%[0;33;5;43;103m%;;;;;;[0;1;33;93;43mS[0;1;30;90;42m%%%%%%ttttt[0;1;30;90;43mt[0;33;5;43;103m;;;;;;;t[0;32;43m%[0;1;30;90;42m:::::[0;33;41m8[0;1;31;91;41m@[0;33;41m@[0;1;30;90;43m:[0;33;42m8S8[0;33;41m8S%88[0;1;31;91;41m888S[0m    
    [0;31;40m8[0;1;31;91;41m8[0;31;5;41;101m88[0;1;31;91;41m8[0;31;5;41;101m88888[0;1;31;91;41m88[0;31;5;41;101m88[0;33;41m@[0;33;42m@[0;1;30;90;42mtttt%%[0;33;42m8[0;33;5;43;103m8;;;;;[0;1;33;93;43m@[0;1;30;90;42m%tttttttt;;[0;1;30;90;43m;[0;33;5;43;103m;;;;;;8[0;33;42m@[0;1;30;90;42m:::::::[0;1;30;90;43m:[0;1;31;91;41m%88888888888@[0;31;40m8[0m    
     [0;30;41m@[0;1;31;91;41m88[0;31;5;41;101m888[0;1;31;91;41m8[0;33;41m%SX8[0;1;30;90;43mt[0;33;42m@[0;1;30;90;42m;;tt[0;33;42m8[0;1;30;90;43mt[0;1;30;90;42mtttt[0;1;30;90;43mt[0;33;5;43;103mS;;;[0;1;30;90;43mt[0;1;30;90;42mttttt;;;;;;[0;32;43m8[0;33;5;43;103m;;;;%[0;1;30;90;43m:[0;33;42m:[0;1;30;90;42m:::[0;33;42m@[0;33;41m8[0;1;30;90;42mt::..[0;33;42mS[0;32;43m8[0;1;30;90;43m::[0;31;43m8[0;33;41mS[0;1;31;91;41m8888@[0;30;41mX[0m     
      [0;30;41mt[0;1;31;91;41m888[0;31;5;41;101m8[0;33;42mX8[0;1;30;90;43m;[0;33;42mS[0;1;30;90;42m;;;;;[0;33;42m8[0;33;41m8[0;1;31;91;41m@[0;1;30;90;42mt;;;;;[0;33;42m%[0;1;30;90;43m;[0;33;5;43;103mt;;S[0;1;33;93;43m8[0;1;30;90;43m;;;;:::[0;1;33;93;43mX8[0;33;5;43;103m%;;t[0;1;30;90;43m:[0;33;42mt[0;1;30;90;42m::::::[0;31;43m8[0;1;31;91;41mX[0;33;41m8[0;33;42m8[0;1;30;90;42mS;X[0;33;42m8[0;1;30;90;43m:[0;33;41m@@[0;33;42mS[0;1;31;91;41m@88@[0;30;41m;[0m      
       [0;30;41m:[0;1;31;91;41m888[0;33;41mX[0;1;31;91;41m8[0;31;5;41;101m88[0;1;31;91;41m8[0;33;41mSXS[0;1;31;91;41m8[0;31;5;41;101m8[0;33;41mS[0;33;42mS[0;1;30;90;42m;;;[0;1;30;90;43m;[0;33;42mX[0;1;30;90;42m;;;[0;33;42mS[0;1;30;90;43m:[0;33;5;43;103m%;;;;;;;;;;;;%[0;1;30;90;43m:[0;33;42mS[0;1;30;90;42m::::[0;31;43m8[0;1;30;90;42m%:::[0;1;30;90;43m:[0;1;31;91;41mX88888888X@@@[0;30;41m.[0m       
        [0;30;41m;[0;1;31;91;41m888888XSS[0;33;41mS8[0;32;43m8[0;1;30;90;42m::::[0;1;30;90;43m;[0;33;41m%[0;1;30;90;42m::::::[0;33;42mt[0;1;30;90;43m:[0;33;5;43;103m8;;;;;;;t8[0;1;30;90;43m:[0;33;42mt[0;1;30;90;42m::::::[0;1;30;90;43m:[0;33;41m%[0;1;30;90;42mS...;[0;33;42m8[0;31;43m8[0;33;41m888%[0;1;31;91;41m888@@[0;30;41m:[0m        
         [0;30;41mS[0;1;31;91;41m888@[0;33;42mXSS[0;1;30;90;42m::::::[0;33;42m@[0;33;41m@[0;31;5;41;101m8[0;33;41m8[0;1;30;90;42m::::;::::[0;33;42m8[0;1;30;90;43m:[0;33;5;43;103mSttS[0;1;33;93;43mt[0;33;42m8[0;1;30;90;42m::::;::::[0;33;42m%[0;1;31;91;41m8@[0;33;41m8[0;33;42m8[0;1;30;90;42mt..%[0;33;42mX[0;1;30;90;43m.[0;31;43m8[0;1;30;90;42mX[0;33;41m%[0;1;31;91;41m8@@[0;30;41mS[0m         
          [0;31;40m8[0;1;31;91;41m@8X[0;33;41mS[0;1;31;91;41m888%[0;33;41mX@%[0;1;31;91;41m888[0;33;41m@[0;1;30;90;42m::::[0;1;30;90;43m;[0;31;43m8[0;1;30;90;42m::::::[0;33;42m:[0;32;43m88[0;33;42m:[0;1;30;90;42m::::::t[0;33;41m%[0;1;30;90;42mS...[0;33;42m8[0;1;31;91;41m%888@88888@S@X[0;31;40m8[0m          
            [0;1;31;91;41m;88888888@[0;33;41mX8[0;33;42m@[0;1;30;90;42m::::[0;31;43m8[0;1;31;91;41m8[0;33;42m8[0;1;30;90;42m::::::::::::::::.[0;33;41mS[0;1;31;91;41mX[0;1;30;90;43m:[0;1;30;90;42m:..:[0;33;42m8[0;31;43m8[0;33;41mX[0;1;31;91;41mS8888@@@;[0m            
             [0;30;41m%[0;1;31;91;41m888888[0;33;42m8[0;1;30;90;42mS[0;33;42m88X8[0;1;30;90;43m:[0;33;41m8[0;1;31;91;41m@8[0;33;41m@[0;1;30;90;42m::::[0;1;30;90;43m:[0;33;42m%[0;1;30;90;42m::::::.[0;33;42m@X[0;1;30;90;42m...[0;33;42mS[0;1;31;91;41mS8S[0;33;41m@[0;31;43m8[0;1;30;90;43m..[0;31;43m8[0;1;30;90;43m.[0;30;42m.[0;33;41m%[0;1;31;91;41m8@@@@[0;30;41m%[0m             
              [0;31;40mS[0;1;31;91;41m;8888[0;1;30;90;43m:[0;1;31;91;41mS888888[0;33;41m%[0;1;30;90;43m:[0;1;30;90;42m::::[0;33;41m8X[0;1;30;90;42m:.......:[0;1;31;91;41m%[0;33;42m@[0;1;30;90;42m...t[0;33;41m8[0;1;31;91;41m%888888[0;33;41mX[0;1;31;91;41mX@@@;[0;31;40mS[0m              
                [0;30;41m8[0;1;31;91;41mS888888X[0;33;41m8[0;33;42m8[0;1;30;90;42m%...t[0;33;42m8[0;33;41m%[0;1;31;91;41m8[0;1;30;90;43m:[0;1;30;90;42m.[0;31;43m8[0;1;30;90;43m:[0;1;30;90;42m...[0;31;43m8[0;33;42mS[0;1;30;90;42m.[0;33;41mX[0;1;31;91;41m8[0;33;41m@[0;33;42m@[0;1;30;90;42m:...;[0;33;42m@[0;33;41m@[0;1;31;91;41m88@@@@S[0;30;41m8[0m                
                  [0;30;41m%[0;1;31;91;41m@8888[0;1;30;90;43m:[0;33;42m8[0;33;41mS%%[0;1;31;91;41m%S88@[0;1;30;90;43m:[0;1;30;90;42m..:[0;33;41mX[0;33;42mS[0;1;30;90;42m.[0;1;30;90;43m:[0;33;41m8[0;1;30;90;42m..;[0;33;41mX[0;1;31;91;41m88@@@XX[0;33;41mX[0;33;42mS[0;1;31;91;41m@@@@@[0;30;41mt[0m                  
                    [0;30;41mt[0;1;31;91;41m@88@@888@[0;33;41m%@[0;1;30;90;43m:[0;1;30;90;42mt...[0;33;42m@[0;1;31;91;41mt[0;32;43m8[0;1;30;90;42m.[0;33;41mX8[0;1;30;90;42m;..[0;30;42m.[0;33;42m%[0;1;30;90;43m.[0;33;41m@t[0;1;31;91;41m@@@@@@@X[0;30;41mt[0m                    
                      [0;30;41m%[0;1;31;91;41mX8888%[0;1;30;90;42m%[0;33;42m@[0;1;30;90;43m.[0;32;43m8[0;1;30;90;43m.[0;31;43m8[0;33;41m@t[0;1;31;91;41m8t[0;1;30;90;42m:[0;30;42m.[0;33;42m8[0;1;31;91;41m8X[0;33;41mX[0;31;43m8[0;1;30;90;43m..[0;31;43m88[0;30;42m;[0;33;41m8[0;1;31;91;41m@@@@X[0;30;41m%[0m                      
                        [0;30;41m@[0;1;31;91;41m%88@[0;33;41m@[0;1;31;91;41m88888888[0;33;41m8[0;30;42m...[0;1;31;91;41mX@@@@@@@tt@@%[0;30;41m@[0m                        
                          [0;31;40m@[0;30;41m.[0;1;31;91;41m@888@@@@@@[0;33;41m%[0;1;30;90;42mS[0;30;42m.[0;33;42m@[0;1;31;91;41mX@@@@@@@@@[0;30;41m [0;31;40m8[0m                          
                             [0;30;41m@[0;1;31;91;41m:@@@@@@@@X[0;33;41mt[0;1;31;91;41m@@@@@@@@:[0;30;41m@[0m                             
                                [0;30;41mX[0;1;31;91;41m;@@@@@@@@@@@@t[0;30;41mS[0m                                
                                   [0;30;41m@[0;1;31;91;41m X@@@@@.[0;30;41m@[0m                                   
                                      [0;31;40m@[0;30;41mS%[0;31;40m@[0m                                      
