[0;33;5;40;100mt[0;1;30;90;43m8...........[0;33;47m8[0;1;37;97;47m           [0;1;30;90;47m.[0;1;30;90;43m@:::::::::::[0;1;30;90;47m:[0;1;37;97;47m         [0;1;30;90;47m  :[0;1;30;90;43m%..........:[0;1;30;90;47mt::::::::;;;;;;;[0;36;5;40;100m [0m
[0;37;5;40;100m@[0;37;5;47;107mS[0;1;33;93;47mS[0;33;5;43;103mtttt;;;;;;;[0;37;5;43;103m@[0;37;5;47;107mSttttttttttt[0;1;33;93;47mX[0;33;5;43;103m;;;;;;;;;;;[0;37;5;43;103m8[0;37;5;47;107m%tttttttttt%[0;1;33;93;47m8[0;33;5;43;103mttttttttttt[0;37;5;43;103m8[0;37;5;47;107mXSXXXX@@@@@@@@[0;37;5;40;100m8[0m
[0;37;5;40;100m@[0;37;5;47;107m%%S[0;37;5;43;103m8[0;33;5;43;103m;;;;;;;;;;;[0;1;33;93;47m8[0;37;5;47;107mttttttttttt%[0;37;5;43;103m8[0;33;5;43;103m;;;;;;;;;;;[0;1;33;93;47mX[0;37;5;47;107mtttttttttttS[0;37;5;43;103mX[0;33;5;43;103mtttttttttt%[0;1;33;93;47mS[0;37;5;47;107mXXXXX@@@@@@@[0;37;5;40;100m8[0m
[0;37;5;40;100m@[0;37;5;47;107m%%ttX[0;37;5;43;103mS[0;33;5;43;103m;;;;;;;;;;;[0;1;37;97;47m8[0;37;5;47;107mttt;;;;;;;;S[0;37;5;43;103mS[0;33;5;43;103m;;;;;;;;;;;[0;1;37;97;47m8[0;37;5;47;107mtttttttttt%[0;1;37;97;47m8[0;33;5;43;103mtttttttttt%%[0;1;37;97;47m8[0;37;5;47;107mXXXX@@@@@@[0;37;5;40;100m8[0m
[0;37;5;40;100m@[0;37;5;47;107m%ttttt[0;1;37;97;47m8[0;33;5;43;103m;;;;;;;;;;;[0;37;5;43;103m@[0;37;5;47;107m%;;;;;;;;;;;[0;1;37;97;47m8[0;33;5;43;103m;;;;;;;;;;;[0;37;5;43;103m8[0;37;5;47;107m%tttttttttt%[0;1;33;93;47m@[0;33;5;43;103mttttttttt%%[0;37;5;43;103m8[0;37;5;47;107m@XXX@@@@@[0;37;5;40;100m8[0m
[0;37;5;40;100m@[0;37;5;47;107mttttttt%[0;37;5;43;103m8[0;33;5;43;103m;;;;;;;;;;;[0;37;5;43;103m8[0;37;5;47;107mt;;;;;;;;;;t[0;37;5;43;103m8[0;33;5;43;103m::;;;;;;;;;[0;1;33;93;47m@[0;37;5;47;107mtttttttttttS[0;37;5;43;103m@[0;33;5;43;103mtttttttt%%%[0;1;33;93;47m@[0;37;5;47;107mXXX@@@@[0;37;5;40;100m8[0m
[0;37;5;40;100m8[0;37;5;47;107mtttttttttS[0;37;5;43;103m@[0;33;5;43;103m;;;;;;;::::[0;1;37;97;47m8[0;37;5;47;107m;;:::::::;;%[0;37;5;43;103m@[0;33;5;43;103m:::;;;;;;;;[0;1;37;97;47m8[0;37;5;47;107mtttttttttt%[0;1;37;97;47m8[0;33;5;43;103mtttttttt%%%%[0;1;37;97;47m8[0;37;5;47;107mXX@@@[0;37;5;40;100m8[0m
[0;37;5;40;100m8[0;37;5;47;107mttttttttttt[0;1;37;97;47m8[0;33;5;43;103m;;;::::::::[0;37;5;43;103m8[0;37;5;47;107mt::::::::::;[0;1;37;97;47m8[0;33;5;43;103m:::::;;;;;;[0;37;5;43;103m@[0;37;5;47;107mSttttttttt%%[0;1;33;93;47mX[0;33;5;43;103mttttttt%%%%[0;37;5;43;103m@[0;1;37;97;47m8[0;37;5;47;107m@@@[0;37;5;40;100m8[0m
[0;37;5;40;100m8[0;37;5;47;107mttttttttt;;;t[0;1;33;93;47mX[0;33;5;43;103m:::::::::::[0;37;5;43;103m@[0;37;5;47;107m;::::::::::;[0;37;5;43;103m@[0;33;5;43;103m::::;;;;;;;[0;37;5;43;103m8[0;37;5;47;107m%tttttttt%%S[0;37;5;43;103m8[0;33;5;43;103mttttt%%%%%%[0;1;33;93;47m8[0;37;5;47;107m@@[0;37;5;40;100m8[0m
[0;37;5;40;100m8[0;37;5;47;107mtttttttt;;;;;;t[0;37;5;43;103m8[0;33;5;43;103m::::::..[0;37;5;43;103m%%S[0;1;37;97;47m8[0;37;5;47;107m.......::::t[0;37;5;43;103m8[0;33;5;43;103m::::;;;;;;;[0;1;37;97;47m8[0;37;5;47;107mtttttttt%%%[0;1;37;97;47m8[0;33;5;43;103mttttt%%%%%%S[0;1;37;97;47m8[0;37;5;40;100m8[0m
[0;37;5;40;100m8[0;37;5;47;107mttttttt;;;;;;;::%[0;37;5;43;103m@[0;33;5;43;103m:.[0;37;5;43;103m%%SSSSSS@[0;37;5;47;107m;........:::%[0;37;5;43;103mS[0;33;5;43;103m:::;;;;;;;[0;37;5;43;103mX[0;37;5;47;107mStttttt%%%%S[0;1;37;97;47m8[0;33;5;43;103mttt%%%%%%%S[0;1;30;90;43m;[0m
[0;37;5;40;100m8[0;37;5;47;107mtttttt;;;;;;::::::[0;1;37;97;47m8[0;37;5;43;103mSSSSSSSSXXXX[0;37;5;47;107m:  .....:::;[0;1;33;93;47mX[0;33;5;43;103m:::;;;;;;;;[0;37;5;43;103m8[0;37;5;47;107m%ttttt%%%%%S[0;37;5;43;103m8[0;33;5;43;103mtt%%%%%%S[0;1;30;90;43m.[0m
[0;37;5;40;100m8[0;37;5;47;107mttttt;;;;;;;::::...:[0;37;5;43;103mSSSXXXXXXXXX[0;37;5;47;107mt.  .....:::t[0;37;5;43;103m8[0;33;5;43;103m::;;;;;;;;;[0;1;37;97;47m8[0;37;5;47;107mtttt%%%%%%S[0;1;37;97;47m8[0;33;5;43;103mt%%%%%%S[0;1;30;90;43m.[0m
[0;37;5;40;100m8[0;37;5;47;107mttttt;;;;;;::::....  ;[0;37;5;43;103mXXXXXXXXXXX@[0;37;5;47;107m;   ....::::S[0;37;5;43;103mS[0;33;5;43;103m:;;;;;;;;;;[0;1;37;97;47m8[0;37;5;47;107mttt%%%%%%SS[0;1;37;97;47m8[0;33;5;43;103m%%%%%%[0;1;30;90;43m.[0m
[0;37;5;40;100m8[0;37;5;47;107mtttt;;;;;;::::....    .t[0;37;5;43;103m@@@@@@@@XXXX[0;37;5;47;107m:  ...:::::;[0;1;33;93;47mS[0;33;5;43;103m;;;;;;;;;;;[0;37;5;43;103m8[0;37;5;47;107m%t%%%%%%SSSX[0;37;5;43;103m8[0;33;5;43;103m%%%%[0;1;30;90;43m.[0m
[0;37;5;40;100m8[0;37;5;47;107mtttt;;;;;;::::...       .[0;1;37;97;47m8[0;37;5;43;103m@@@@@@@XXXX[0;1;37;97;47m8[0;37;5;47;107m.....::::;;t[0;37;5;43;103m8[0;33;5;43;103m;;;;;;;;;;;[0;1;33;93;47mX[0;37;5;47;107m%%%%%%SSSSS[0;1;37;97;47m8[0;37;5;43;103mX[0;33;5;43;103m%%[0;1;30;90;43m.[0m
[0;37;5;40;100m8[0;37;5;47;107mtttt;;;;;;::::...         :[0;37;5;43;103mX@@@@@@XXXX@[0;37;5;47;107mt...::::;;;;S[0;37;5;43;103mS[0;33;5;43;103m;;;;;;;;;;t[0;1;37;97;47m8[0;37;5;47;107m%%%%SSSSSXX[0;1;37;97;47m8[0;33;5;43;103m%[0;1;30;90;43m.[0m
[0;37;5;40;100m8[0;37;5;47;107mtttt;;;;;;::::...           ;[0;37;5;43;103mX@@@@XXXXSS@[0;37;5;47;107m;.::::;;;;;t[0;1;37;97;47m8[0;33;5;43;103m;;;;;;;;;tt[0;37;5;43;103mX[0;37;5;47;107mX%%SSSSSXXX@[0;33;5;40;100m%[0m
[0;37;5;40;100m8[0;37;5;47;107mtttt;;;;;;::::...            .[0;1;37;97;47m8[0;37;5;43;103m@@@XXXXSSSS[0;1;33;93;47mX[0;37;5;47;107m::::;;;;;;t%[0;37;5;43;103m8[0;33;5;43;103m;;;;;;;tttt[0;1;33;93;47m8[0;37;5;47;107mSSSSSSXXXX[0;37;5;40;100m8[0m
[0;37;5;40;100m8[0;37;5;47;107mtttt;;;;;;::::...              :[0;37;5;43;103mSXXXXXSSS%[0;33;5;43;103m.[0;37;5;43;103mS[0;1;37;97;47m8[0;37;5;47;107m;:;;;;;;tttS[0;37;5;43;103mS[0;33;5;43;103m;;;;;tttttt[0;1;37;97;47m8[0;37;5;47;107mSSSSXXXX[0;37;5;40;100m8[0m
[0;37;5;40;100m8[0;37;5;47;107mtttt;;;;;;:::::...               ;[0;37;5;43;103m@XXSSSS[0;33;5;43;103m.:::[0;37;5;43;103m@[0;37;5;47;107m%;;;;;tttttt[0;1;37;97;47m8[0;33;5;43;103m;;;;tttttttt[0;1;37;97;47m8[0;37;5;47;107mSSXXXX[0;37;5;40;100m8[0m
[0;37;5;40;100mX[0;37;5;47;107mttttt;;;;;;::::....               .[0;1;37;97;47m8[0;37;5;43;103mXSSS%[0;33;5;43;103m::::::[0;37;5;43;103m8[0;37;5;47;107mt;;;ttttttt%[0;37;5;43;103m8[0;33;5;43;103m;;tttttttt%[0;1;33;93;47m8[0;37;5;47;107mXXXXX[0;37;5;40;100mX[0m
[0;36;5;40;100m [0;37;5;47;107mttttt;;;;;;;::::.....               :[0;37;5;43;103mX%[0;33;5;43;103m.::::::::;[0;1;37;97;47m8[0;37;5;47;107mtttttttttttS[0;37;5;43;103mX[0;33;5;43;103mtttttttt%%%[0;1;33;93;47mS[0;37;5;47;107mXX@[0;36;5;40;100m [0m
[0;30;5;40;100m@[0;37;5;47;107mtttttt;;;;;;;:::::.....          .....t[0;37;5;43;103m@[0;33;5;43;103m:::::::;;;;[0;1;37;97;47m8[0;37;5;47;107mtttttttttt%[0;1;37;97;47m8[0;33;5;43;103mttttttt%%%%%[0;1;37;97;47m8[0;37;5;47;107m@[0;36;5;40;100m%[0m
 [0;37;5;47;107m%tttttt;;;;;;;::::::.................:::[0;1;37;97;47m8[0;33;5;43;103m:::::;;;;;;[0;37;5;43;103m8[0;37;5;47;107m%ttttttt%%%S[0;1;33;93;47m8[0;33;5;43;103mtttt%%%%%%%[0;37;5;43;103m8[0m 
 [0;1;37;97;47m;[0;37;5;47;107mttttttt;;;;;;;;:::::::...........:::::::t[0;37;5;43;103m8[0;33;5;43;103m::;;;;;;;;;[0;1;33;93;47m@[0;37;5;47;107m%ttttt%%%%%X[0;37;5;43;103m@[0;33;5;43;103mtt%%%%%%S[0;1;33;93;43mS[0m 
 [0;37;5;40;100mS[0;37;5;47;107mtttttttt;;;;;;;;;:::::::::::::::::::::;;;;S[0;37;5;43;103mX[0;33;5;43;103m;;;;;;;;;;;[0;1;37;97;47m8[0;37;5;47;107mttt%%%%%%SS[0;1;37;97;47m8[0;33;5;43;103m%%%%%%%S[0;1;30;90;43m.[0m 
  [0;37;5;47;107m%ttttttttt;;;;;;;;;;:::::::::::::::;;;;;;;;t[0;1;37;97;47m8[0;33;5;43;103m;;;;;;;;;;;[0;37;5;43;103m@[0;37;5;47;107mS%%%%%%SSSSX[0;1;33;93;47m@[0;33;5;43;103m%%%%SS[0;31;40mS[0m 
  [0;1;30;90;47m;[0;37;5;47;107mttttttttttt;;;;;;;;;;;;;;;;;;;;;;;;;;;;;;;tt%[0;37;5;43;103m8[0;33;5;43;103m;;;;;;;;;;t[0;1;33;93;47m8[0;37;5;47;107mS%%%%SSSSSX@[0;37;5;43;103m@[0;33;5;43;103m%SS[0;1;30;90;43m [0m  
  [0;1;30;90;40m8[0;37;5;47;107m%tttttttttttt;;;;;;;;;;;;;;;;;;;;;;;;;;;ttttttS[0;37;5;43;103mS[0;33;5;43;103m;;;;;;;tttt[0;1;37;97;47m8[0;37;5;47;107mS%SSSSSXXXX[0;1;37;97;47m8[0;33;5;43;103mSS[0;31;40m8[0m  
   [0;1;30;90;47mX[0;37;5;47;107mttttttttttttttt;;;;;;;;;;;;;;;;;;;;;ttttttttttt[0;1;37;97;47m8[0;33;5;43;103m;;;;;tttttt[0;37;5;43;103mS[0;1;37;97;47m8[0;37;5;47;107mSSSSXXXXX@@[0;1;30;90;43m8[0m   
    [0;37;5;47;107m8ttttttttttttttttttt;;;;;;;;;;;ttttttttttttttttt%[0;37;5;43;103m8[0;33;5;43;103m;tttttttttt[0;37;5;43;103m8[0;37;5;47;107mXSSXXXX@@[0;1;37;97;47m8[0m    
    [0;36;5;40;100m%[0;37;5;47;107m%ttttttttttttttttttttttttttttttttttttttttttttttt%X[0;37;5;43;103mX[0;33;5;43;103mttttttttt%%[0;1;33;93;47mS[0;37;5;47;107mXXXX@@@[0;36;5;40;100mt[0m    
     [0;36;5;40;100m [0;37;5;47;107m%tttttttttttttttttttttttttttttttttttttttttttt%%%%%[0;1;37;97;47m8[0;33;5;43;103mtttttt%%%%%%[0;1;37;97;47m8[0;37;5;47;107mX@@@[0;36;5;40;100m [0m     
      [0;1;30;90;47m8[0;37;5;47;107m%%%ttttttttttttttttttttttttttttttttttttttt%%%%%%%%S[0;1;33;93;47m8[0;33;5;43;103mttt%%%%%%%%[0;37;5;43;103m8[0;1;37;97;47m8[0;37;5;47;107m@[0;1;30;90;47m@[0m      
       [0;1;30;90;47mX[0;37;5;47;107m%%%%tttttttttttttttttttttttttttttttttt%%%%%%%%%%SSS@[0;37;5;43;103mX[0;33;5;43;103m%%%%%%%%SSS[0;33;5;40;100m [0m       
        [0;1;30;90;47m8[0;37;5;47;107m%%%%%%%ttttttttttttttttttttttttttt%%%%%%%%%%%SSSSSSS[0;1;37;97;47m8[0;33;5;43;103m%%%%%SSSS[0;1;30;90;43m [0m        
         [0;37;5;40;100mX[0;37;5;47;107m%%%%%%%%%%%ttttttttttttttttt%%%%%%%%%%%%%%SSSSSSSSXXX[0;1;33;93;47m@[0;33;5;43;103m%%SSSS[0;1;30;90;43m.[0m         
          [0;36;5;40;100m;[0;37;5;47;107m8%%%%%%%%%%%%%%%%%%%%%%%%%%%%%%%%%%%%%SSSSSSSSSXXXXXX[0;1;37;97;47m8[0;37;5;43;103m@[0;33;5;43;103mSS@[0;33;41m8[0m          
            [0;1;37;97;47m:[0;37;5;47;107mS%%%%%%%%%%%%%%%%%%%%%%%%%%%%%%%SSSSSSSSSSSXXXXXX@@@@[0;1;37;97;47m8[0;1;33;93;43m%[0m            
             [0;37;5;40;100m@[0;37;5;47;107mXSSS%%%%%%%%%%%%%%%%%%%%%%SSSSSSSSSSSSSXXXXXXX@@@@@8[0;37;5;40;100m8[0m             
              [0;30;5;40;100m8[0;1;37;97;47m;[0;37;5;47;107mSSSSSSSSSSSSSSSSSSSSSSSSSSSSSSSSSSXXXXXXXX@@@@@@[0;1;37;97;47m:[0;30;5;40;100m8[0m              
                [0;36;5;40;100m [0;1;37;97;47m8[0;37;5;47;107mSSSSSSSSSSSSSSSSSSSSSSSSSSSSXXXXXXXXX@@@@@@@[0;1;37;97;47m8[0;36;5;40;100m [0m                
                  [0;37;5;40;100m8[0;37;5;47;107m@SSSSSSSSSSSSSSSSSSSSSXXXXXXXXXXX@@@@@@@@8[0;37;5;40;100m8[0m                  
                    [0;1;30;90;47m8[0;37;5;47;107m8XXXXXXXXXXXXXXXXXXXXXXXXXXX@@@@@@@@@8[0;1;30;90;47m8[0m                    
                      [0;37;5;40;100m@[0;1;37;97;47m8[0;37;5;47;107mXXXXXXXXXXXXXXXXXXXX@@@@@@@@@@@@[0;1;37;97;47m8[0;37;5;40;100m8[0m                      
                        [0;36;5;40;100m [0;1;37;97;47mS[0;37;5;47;107mXXXXXXXXXXX@@@@@@@@@@@@@@@@@[0;1;37;97;47mS[0;36;5;40;100m [0m                        
                          [0;30;5;40;100mS[0;1;30;90;47m%[0;37;5;47;107m8@@@@@@@@@@@@@@@@@@@@@@8[0;1;30;90;47m;[0;36;5;40;100mt[0m                          
                             [0;36;5;40;100m [0;1;37;97;47m.[0;37;5;47;107m@@@@@@@@@@@@@@@@@@[0;1;37;97;47m:[0;36;5;40;100m [0m                             
                                [0;36;5;40;100m [0;1;37;97;47m;[0;37;5;47;107m@@@@@@@@@@@@[0;1;37;97;47mt[0;37;5;40;100mX[0m                                
                                   [0;36;5;40;100m [0;1;30;90;47m;[0;37;5;47;107m8@@@@8[0;1;30;90;47m.[0;36;5;40;100m [0m                                   
                                      [0;30;5;40;100mS[0;37;5;40;100m@@[0;36;5;40;100m%[0m                                      
