[0;1;30;90;43m................:::::::::::::::::::::::::::....................                [0;31;43m8[0m
[0;1;30;90;43m.[0;33;5;43;103mtttttt;;;;;;;;;;;;;;;;;;;;;;;;;;;;;;;;;;;;;;;;;;;;;tttttttttttt%%%%%%%SSSSSSSS[0;1;30;90;43m [0m
[0;1;30;90;43m.[0;33;5;43;103mtttt;;;;;;;;;;;;;;;;;S[0;1;30;90;43m@[0;33;5;40;100m8@8[0;1;30;90;43m@[0;33;5;43;103m@;;;;;;;;;;;;;;;;;;;;;;;;t[0;1;33;93;43mS[0;1;30;90;43mSXS[0;1;33;93;43mS[0;33;5;43;103mtttttt%%%%%%%SSSSSSS[0;1;30;90;43m [0m
[0;1;30;90;43m:[0;33;5;43;103mtt;;;;;;;;;;;;;;;;%[0;1;33;93;43mX[0;33;5;40;100m8%[0;36;5;40;100m%t[0;30;5;40;100mS[0;33;5;40;100m@[0;1;30;90;43m8[0;1;33;93;43m@[0;33;5;43;103m;;;;;;;;;;;;;;;;;;;;;;;S[0;33;5;40;100m8[0;1;30;90;43m%[0;33;5;43;103m@S8[0;1;30;90;43mS[0;33;5;40;100m8[0;1;33;93;43mX[0;33;5;43;103mttttt%%%%%%%SSSSSS[0;1;30;90;43m [0m
[0;1;30;90;43m:[0;33;5;43;103mt;;;;;;;;;;;;;;;%[0;33;5;40;100m8[0;30;5;40;100mSS%[0;36;5;40;100mttt[0;30;5;40;100mS[0;36;5;40;100mtt[0;33;5;40;100mtX[0;1;30;90;43m8[0;33;5;43;103mt;;;;;;;;;;;;;;;;;;;;[0;1;33;93;43m8[0;1;30;90;43m8[0;33;5;43;103mt;;tt[0;1;33;93;43mS[0;30;5;40;100mX[0;33;5;43;103mSttttt%%%%%%%SSSSS[0;1;30;90;43m [0m
[0;1;30;90;43m:[0;33;5;43;103m;;;;;;;;;;;;;;;;;tX@SX@@[0;1;30;90;43m8[0;33;5;40;100mt[0;36;5;40;100m;tt;[0;33;5;40;100m%[0;1;30;90;43m8[0;1;33;93;43m@[0;33;5;43;103mtX[0;1;33;93;43mX[0;1;30;90;43m88[0;33;5;40;100m8XXXXXX@[0;1;30;90;43m8X[0;33;5;43;103mS;;;X[0;1;30;90;43m%[0;1;33;93;43mX[0;33;5;43;103m;;t@[0;30;5;40;100m8[0;33;5;43;103m@tttttt%%%%%%%SSSS[0;1;30;90;43m [0m
[0;1;30;90;43m:[0;33;5;43;103m;;;;;;;;;;;;;;;;;;;;;;;::[0;1;30;90;43m8[0;36;5;40;100m::;;;::[0;33;5;40;100m;[0;36;5;40;100m;;;;;ttttt%[0;30;5;40;100m%SSS[0;1;30;90;43m8[0;1;33;93;43m%[0;33;5;43;103m%;;;;;X[0;33;5;40;100m8[0;1;30;90;43mX[0;33;5;43;103mtttttttt%%%%%%%SSS[0;1;30;90;43m.[0m
[0;1;30;90;43m:[0;33;5;43;103m;;;;;;;;;;;;;;;;;;;::::::[0;33;5;40;100m@[0;36;5;40;100m;;::::;:::;;;;t[0;30;5;40;100mSS[0;36;5;40;100mtt[0;30;5;40;100mS[0;36;5;40;100m%[0;30;5;40;100m%SSX[0;33;5;40;100m88[0;1;30;90;43m888[0;33;5;40;100m88[0;1;30;90;43m%[0;33;5;43;103mtttttttttt%%%%%%SSS[0;1;30;90;43m.[0m
[0;1;30;90;43m:[0;33;5;43;103m;;;;;;;;;;;;;;;;::::;t%%%[0;1;30;90;43m8[0;36;5;40;100m....::.:;:;:;[0;33;5;40;100m@[0;1;33;93;43m@[0;33;5;43;103mS[0;1;30;90;43m8[0;33;5;40;100mX[0;36;5;40;100m%[0;30;5;40;100mSS[0;36;5;40;100m%[0;30;5;40;100m%SS[0;33;5;40;100m8[0;1;33;93;43mX[0;33;5;43;103mX@Xt[0;1;30;90;43mS[0;30;5;40;100m8[0;31;5;40;100mS[0;1;30;90;43m@[0;1;33;93;43mS[0;33;5;43;103mttttttt%%%%%%%SS[0;1;30;90;43m.[0m
[0;1;30;90;43m:[0;33;5;43;103m;;;;;;;;;;;;;;t[0;1;30;90;43m8[0;33;5;40;100mXXSt;[0;36;5;40;100m..  .:   . ..:.:[0;33;5;40;100mt[0;1;30;90;43m8[0;33;5;43;103m;::;t[0;1;30;90;43m8[0;33;5;40;100m@[0;30;5;40;100mSXS%SSXS[0;33;5;40;100m8[0;1;30;90;43m8[0;33;5;40;100m8[0;1;30;90;43m@%%[0;1;33;93;43m@[0;1;30;90;43mS[0;33;5;40;100m888[0;1;33;93;43m%[0;33;5;43;103mtttt%%%%%%SS[0;1;30;90;43m.[0m
[0;1;30;90;43m:[0;33;5;43;103m;;;;;;;;;;;;[0;1;33;93;43m@[0;33;5;40;100m8@[0;1;33;93;43m@[0;33;5;43;103m%[0;1;30;90;43m8888[0;33;5;40;100m%t.[0;36;5;40;100m     .    :[0;33;5;40;100m:[0;1;30;90;43m8[0;33;5;43;103m%::::::;;%[0;1;30;90;43m@8[0;33;5;40;100m8S[0;30;5;40;100mSSSX[0;33;5;40;100m8[0;1;30;90;43m@8[0;33;5;40;100m888[0;1;33;93;43m%[0;33;5;43;103mt8[0;1;33;93;43mS[0;33;5;43;103m@tttt%%%%%%%S[0;1;30;90;43m.[0m
[0;1;30;90;43m:[0;33;5;43;103m;;;;;;;;;;;;;;:8[0;33;5;40;100m%[0;1;30;90;43m8[0;1;33;93;43m8[0;33;5;43;103m@@[0;1;33;93;43m8[0;37;43mX@[0;1;30;90;43m88888[0;33;5;40;100mt::;[0;1;30;90;43m8[0;37;43mX[0;33;5;43;103mt[0;37;5;43;103m%[0;33;5;43;103m::::::::;;;;;%[0;1;33;93;43m@XSSX8[0;33;5;43;103m%;;S[0;1;30;90;43m@@[0;1;33;93;43m@[0;33;5;43;103m%tttttt%%%%%%S[0;1;30;90;43m.[0m
[0;1;30;90;43m:[0;33;5;43;103m;;;;;;;;;;;::t[0;1;30;90;43m8[0;33;5;40;100m%[0;33;5;43;103mS:[0;37;5;43;103m%%SSSSSXXXXXXSSSSSS%%[0;33;5;43;103m:::::::;;;;;;;;;;;;;;;;[0;1;30;90;43m%[0;30;5;40;100mSX[0;33;5;43;103mXttttt%%%%%%S[0;1;30;90;43m.[0m
[0;1;30;90;43m:[0;33;5;43;103m;;;;;;;;;;:::S[0;1;33;93;43m@[0;33;5;43;103mt:[0;37;5;43;103m%SSSSSXXXXXXXXXXXSSSS%%[0;33;5;43;103m::::::;;;;;;;;;;;;;;;;;t@tttttt%%%%%%%[0;1;30;90;43m.[0m
[0;1;30;90;43m:[0;33;5;43;103m;;;;;;;;;;::::::[0;37;5;43;103m%SSSSXXXXXXXXXXXXXXXSSS%%[0;33;5;43;103m::::::;;;;;;;;;;;;;;;;ttttttttt%%%%%%[0;1;30;90;43m.[0m
[0;1;30;90;43m:[0;33;5;43;103m;;;;;;;;;:::::::[0;37;5;43;103m%SSSXXX8[0;33;47m88[0;37;5;43;103m@XXXXXXXXXXSSS%[0;33;5;43;103m::::::;;;;;;;;t;;;;;;;ttttttttt%%%%%%[0;1;30;90;43m.[0m
[0;1;30;90;43m:[0;33;5;43;103m;;;;;;;;;::::::[0;37;5;43;103m%SSSS@[0;1;30;90;43m8[0;33;5;40;100m [0;36;5;40;100m [0;33;5;40;100m  [0;33;47m8[0;37;5;43;103m8XXXXXXXXXSSS%[0;33;5;43;103m::::::;;;;;[0;1;30;90;43mX88@@8S[0;33;5;43;103m;;;;ttttttttt%%%%%%[0;1;30;90;43m.[0m
[0;1;30;90;43m:[0;33;5;43;103m;;;;;;;;;::::::[0;37;5;43;103m%S[0;33;5;43;103mX[0;1;30;90;43m8[0;33;5;40;100m: [0;36;5;40;100m     [0;37;5;40;100m@[0;33;47m8[0;1;33;93;47m8[0;37;5;43;103mXXXXXXXXSSS%[0;33;5;43;103m::::::;;;;[0;1;33;93;43m8[0;1;30;90;43m8[0;33;5;43;103m;;;;%[0;1;30;90;43m8@[0;33;5;43;103m;;;ttttttttt%%%%%%[0;1;30;90;43m.[0m
[0;1;30;90;43m:[0;33;5;43;103m;;;;;;;;;::::::[0;37;5;43;103m%[0;33;5;43;103m;[0;1;30;90;43m88[0;33;5;40;100m;[0;1;30;90;43m8[0;33;5;40;100m:.. [0;36;5;40;100m   [0;37;5;40;100m%[0;33;5;40;100m [0;33;47m8[0;37;5;43;103m@XXXXXS[0;33;5;43;103mX8[0;1;33;93;43m88[0;37;43mXS[0;1;33;93;43mX@[0;33;5;43;103mS;;;;t[0;1;30;90;43m8X[0;1;33;93;43m@[0;33;5;43;103m;;;S[0;30;5;40;100m@[0;33;5;43;103m@;;ttttttttt%%%%%%[0;1;30;90;43m.[0m
[0;1;30;90;43m:[0;33;5;43;103m;;;;;;;;;;::::::[0;37;5;43;103m%SSSXXXX@[0;33;5;40;100m [0;36;5;40;100m     [0;33;5;40;100m  [0;37;43m8[0;1;30;90;43m8[0;33;5;40;100m. [0;36;5;40;100m     ..:::[0;33;5;40;100m%[0;1;30;90;43m8[0;33;5;43;103mX;;;;;;;;[0;1;30;90;43m%[0;33;5;40;100m8[0;33;5;43;103m%;;ttttttttt%%%%%%[0;1;30;90;43m.[0m
[0;1;30;90;43m:[0;33;5;43;103m;;;;;;;;;;::::::[0;37;5;43;103m%%SSSXXXX[0;1;30;90;43m8[0;36;5;40;100m                ..:::;t[0;30;5;40;100mS[0;33;5;40;100m@[0;1;30;90;43m8[0;1;33;93;43mS[0;33;5;43;103m@SX[0;1;33;93;43mX[0;1;30;90;43m@[0;33;5;40;100m8[0;1;33;93;43m8[0;33;5;43;103m;;;ttttttttt%%%%%%[0;1;30;90;43m.[0m
[0;1;30;90;43m:[0;33;5;43;103m;;;;;;;;;;;::::::[0;37;5;43;103m%%SSSSXX[0;1;30;90;43m8[0;36;5;40;100m             [0;33;5;40;100m.%[0;1;30;90;43m8[0;36;5;40;100m:;;t;;tt[0;33;5;40;100mS[0;1;30;90;43m88888@SX%[0;33;5;43;103mS;;tttttttt%%%%%%%[0;1;30;90;43m.[0m
[0;1;30;90;43m:[0;33;5;43;103m;;;;;;;;;;;::::;[0;1;33;93;43mX[0;1;30;90;43m88888888[0;33;5;40;100m:[0;36;5;40;100m          . [0;33;5;40;100mt[0;1;33;93;43m@[0;33;5;43;103m::X[0;1;30;90;43m8[0;33;5;40;100m%[0;36;5;40;100mt[0;30;5;40;100mS[0;36;5;40;100mtttt[0;31;5;40;100m%[0;33;5;40;100m8[0;1;30;90;43m@[0;1;33;93;43m@[0;33;5;43;103m8[0;1;30;90;43m%[0;33;5;40;100m88[0;1;30;90;43mX@8S[0;1;33;93;43m%%[0;33;5;43;103m%ttttt%%%%%%S[0;1;30;90;43m.[0m
[0;31;40m8[0;33;5;43;103m;;;;;;;;;;;;;@[0;1;30;90;43m8[0;33;5;40;100mX[0;1;30;90;43m8[0;1;33;93;43m@[0;37;43mSX[0;1;30;90;43m8[0;33;5;40;100m%;.[0;36;5;40;100m          . [0;33;5;40;100m:[0;1;30;90;43m8[0;33;5;43;103mt:::::;[0;1;33;93;43m@[0;1;30;90;43m8[0;33;5;40;100mX[0;30;5;40;100mX%[0;36;5;40;100m%[0;30;5;40;100m%SXX[0;33;5;40;100m8[0;1;30;90;43mX[0;1;33;93;43mS[0;1;30;90;43m@[0;33;5;40;100m8[0;1;30;90;43m%[0;33;5;43;103m%[0;1;30;90;43m%8[0;33;5;40;100m8[0;1;30;90;43mt[0;33;5;43;103mttttt%%%%%%S[0;30;41m8[0m
 [0;33;5;43;103mt;;;;;;;;;;;[0;1;33;93;43m@[0;1;30;90;43m8[0;1;33;93;43m@[0;33;5;43;103m;[0;1;30;90;43m8[0;33;5;40;100mSSS%t;.[0;36;5;40;100m   .... ..[0;33;5;40;100m;[0;1;30;90;43m8[0;33;5;43;103mX::::::;;;;;X[0;1;33;93;43mS[0;1;30;90;43m8[0;33;5;40;100m8@@888[0;1;30;90;43mXSS@[0;33;5;40;100m8[0;33;5;43;103m@ttttttt%%%%%%%S[0m 
 [0;1;33;93;43mS[0;33;5;43;103m;;;;;;;;;;;;;t[0;1;30;90;43m88[0;33;5;43;103m;::::::t%%;t8[0;37;43mXX[0;1;33;93;43m@[0;33;5;43;103mX::::::::;;;;;;;;;;;;;;;;;;;[0;1;33;93;43m@[0;33;5;40;100m8[0;1;30;90;43m8%[0;33;5;43;103mttttt%%%%%%S[0;1;33;93;43mS[0m 
 [0;1;30;90;43m:[0;33;5;43;103m;;;;;;;;;;;;8[0;33;5;40;100m@[0;1;30;90;43m8[0;33;5;43;103m;:::::::::::::::::::::::;;;;;;;;;;;;;;;;;;;;ttS[0;1;30;90;43m%@[0;33;5;43;103mXttt%%%%%%%S[0;1;30;90;43m.[0m 
  [0;33;5;43;103mt;;;;;;;;;;;;;;;;;;:::::::::::::::::;;;;;;;;;;;;;;;;;;;;;;ttttttttt%%%%%%%SS[0;31;40mS[0m 
  [0;1;30;90;43m.[0;33;5;43;103m;;;;;;;;;;;;;;;;;;;;;;;:::::::;;;;;;;;;;;;;;;;;;;;;;;;;;tttttttttt%%%%%%SS[0;1;30;90;43m [0m  
  [0;31;40mX[0;33;5;43;103mt;;;;;;;;;;;;;;;;;;t[0;1;30;90;43m8[0;33;5;40;100m8X@[0;1;30;90;43m8[0;33;5;43;103mS;;;;;;;;;;;;;;;;;;;;;;;;;[0;1;33;93;43m@[0;1;30;90;43mSS%[0;1;33;93;43m@[0;33;5;43;103mttttttttt%%%%%%%SS[0;31;40m8[0m  
   [0;1;30;90;43m.[0;33;5;43;103m;;;;;;;;;;;;;;;t[0;1;33;93;43m@[0;1;30;90;43m8[0;33;5;40;100mt[0;36;5;40;100mtt[0;30;5;40;100mS[0;33;5;40;100mX[0;1;30;90;43m8[0;1;33;93;43m@[0;33;5;43;103m;;;;;;;;;;;;;;;;;;;;;;;%[0;33;5;40;100m8[0;1;30;90;43mS[0;1;33;93;43m8[0;33;5;43;103mX[0;1;33;93;43m@[0;1;30;90;43mS[0;33;5;40;100m8[0;1;33;93;43m@[0;33;5;43;103mtttttt%%%%%%%SS[0;1;30;90;43m [0m   
    [0;33;5;43;103mX;;;;;;;;;;;;%[0;1;30;90;43m8[0;31;5;40;100mS[0;30;5;40;100mSSS[0;36;5;40;100m%%[0;30;5;40;100mX[0;36;5;40;100mtt[0;33;5;40;100m%8[0;1;30;90;43mX[0;33;5;43;103mt;;;;;;;;;;;;;;;;;;;;[0;1;33;93;43m@[0;1;30;90;43m8[0;33;5;43;103mttttt[0;1;33;93;43m%[0;30;5;40;100mS[0;33;5;43;103m%tttt%%%%%%%SS@[0m    
    [0;30;41m8[0;33;5;43;103mt;;;;;;;;;;;;S[0;1;33;93;43m@X8@XX[0;1;30;90;43m@[0;30;5;40;100mSSXSS[0;33;5;40;100m@[0;1;30;90;43mX[0;1;33;93;43m@[0;33;5;43;103mt%[0;1;33;93;43m@[0;1;30;90;43mX88[0;33;5;40;100m8888888[0;1;30;90;43m@%[0;33;5;43;103m%;;;[0;1;33;93;43m@[0;1;30;90;43mt[0;1;33;93;43mX[0;33;5;43;103mtttX[0;30;5;40;100m8[0;1;33;93;43m8[0;33;5;43;103mttt%%%%%%%SSS[0;30;41m8[0m    
     [0;1;30;90;43m.[0;33;5;43;103mt;;;;;;;;;;;;;;;;;;;[0;1;30;90;43m@[0;30;5;40;100mSSXSSSS[0;31;5;40;100mS[0;30;5;40;100mSSSSSXXXXXXXXXX[0;1;30;90;43mX[0;1;33;93;43mS[0;33;5;43;103m%tttttX[0;33;5;40;100m8[0;1;30;90;43mX[0;33;5;43;103mtt%%%%%%%%SSS[0;1;30;90;43m.[0m     
      [0;1;30;90;43m.[0;33;5;43;103mttt;;;;;;;;;;;;;;;;[0;1;30;90;43m8[0;30;5;40;100m@XXXSSXXXXXXXX@@@XX@XXX@@[0;33;5;40;100m88[0;1;30;90;43m@XX[0;33;5;40;100m88[0;1;30;90;43m%[0;33;5;43;103m%t%%%%%%%%SSS[0;1;30;90;43m [0m      
       [0;1;30;90;43m.[0;33;5;43;103mtttt;;;;;;;;;;;tt%[0;1;30;90;43mX[0;30;5;40;100mXXXX@@X@@X@X@[0;33;5;40;100m8[0;1;30;90;43m%[0;1;33;93;43m@[0;1;30;90;43m8[0;30;5;40;100mX@8@X@@@[0;33;5;40;100m8[0;1;33;93;43m%XXX[0;33;5;43;103mX[0;1;30;90;43mt[0;30;5;40;100m8[0;33;5;40;100m8[0;1;30;90;43mS[0;1;33;93;43mX[0;33;5;43;103m%%%%%%SSS[0;1;30;90;43m [0m       
        [0;1;30;90;43m.[0;33;5;43;103mttttttt[0;1;30;90;43m%[0;33;5;40;100m8888[0;30;5;40;100m@@@@@@8XXX@X@@8X8@[0;1;30;90;43mS[0;33;5;43;103mt;;t%[0;1;30;90;43m%[0;33;5;40;100m8[0;30;5;40;100m888@@@8[0;31;5;40;100mS[0;1;30;90;43m8X[0;33;5;40;100m8[0;1;30;90;43mXt;[0;1;33;93;43mS[0;1;30;90;43m%[0;33;5;40;100m888[0;1;33;93;43m%[0;33;5;43;103mSSSS[0;1;30;90;43m [0m        
         [0;1;30;90;43m.[0;33;5;43;103mttt[0;1;33;93;43mX[0;1;30;90;43m@[0;33;5;40;100m8[0;1;30;90;43m%[0;33;5;43;103mS[0;1;30;90;43mt%SX[0;33;5;40;100m88[0;30;5;40;100m@@@XXX8@X8X88[0;1;30;90;43m@[0;33;5;43;103m8tttttttt@[0;1;30;90;43m%X[0;33;5;40;100m8[0;30;5;40;100m@@@@8X[0;1;30;90;43m%X[0;30;5;40;100m8@[0;33;5;40;100m8[0;1;33;93;43mS[0;33;5;43;103mS[0;1;33;93;43mS[0;1;30;90;43m;[0;1;33;93;43mX[0;33;5;43;103mSSS[0;1;30;90;43m.[0m         
          [0;33;41m8[0;33;5;43;103mXt%@t[0;1;33;93;43m@[0;33;5;40;100m8[0;1;30;90;43mS%[0;1;33;93;43m%%[0;1;30;90;43m%SX@8@XX[0;33;5;40;100m8[0;31;5;40;100mS[0;30;5;40;100mX[0;33;5;40;100m88[0;1;30;90;43mS[0;33;5;43;103m@tttttttttttttt@[0;1;30;90;43m;tttt[0;1;33;93;43m%@[0;33;5;43;103mS%[0;1;33;93;43m@[0;1;30;90;43mX%[0;1;33;93;43m@[0;33;5;43;103mSSS@[0;31;43m8[0m          
            [0;1;33;93;43m%[0;33;5;43;103mtS[0;1;30;90;43mt[0;33;5;40;100m8[0;1;33;93;43m@[0;33;5;43;103mttttttttttttttttttttttttttttttttt%%%%%%%%%%%S[0;1;30;90;43mt[0;30;5;40;100m8@[0;33;5;43;103m@[0;1;33;93;43m%[0m            
             [0;1;30;90;43m.[0;1;33;93;43m@[0;1;30;90;43mt[0;33;5;43;103mXttttttttttttttttttttttttttttttt%%%%%%%%%%%%SSSSX[0;1;33;93;43mS[0;1;30;90;43m [0m             
              [0;31;40m@[0;1;33;93;43mS[0;33;5;43;103mtttttttttttttttttttttttttttt%%%%%%%%%%%%%%SSSSSS[0;1;33;93;43m%[0;31;40m@[0m              
                [0;1;30;90;43m.[0;33;5;43;103m@%%%ttttttttttttttttt%%%%%%%%%%%%%%%%%SSSSSSS[0;1;33;93;43m8[0;1;30;90;43m [0m                
                  [0;1;30;90;43m.[0;33;5;43;103mS%%%%%%%%%%%%%%%%%%%%%%%%%%%%%%%%SSSSSSSSX[0;1;30;90;43m [0m                  
                    [0;1;30;90;43m.[0;33;5;43;103mS%%%%%%%%%%%%%%%%%%%%%%%%%%%SSSSSSSSSX[0;1;30;90;43m [0m                    
                      [0;1;30;90;43m.[0;33;5;43;103m@%%%%%%%%%%%%%%%%%%%%SSSSSSSSSSSS@[0;1;30;90;43m [0m                      
                        [0;1;30;90;43m.[0;1;33;93;43mX[0;33;5;43;103m%%%%%%%%%%%SSSSSSSSSSSSSSSSS[0;1;33;93;43mX[0;1;30;90;43m [0m                        
                          [0;31;40m8[0;1;30;90;43m [0;33;5;43;103mSSSSSSSSSSSSSSSSSSSSSSSX[0;1;30;90;43m [0;30;41m8[0m                          
                             [0;1;30;90;43m.[0;1;33;93;43mt[0;33;5;43;103mSSSSSSSSSSSSSSSSSS[0;1;33;93;43m%[0;1;30;90;43m [0m                             
                                [0;1;30;90;43m [0;1;33;93;43m%[0;33;5;43;103mSSSSSSSSSSSS[0;1;33;93;43mS[0;1;30;90;43m [0m                                
                                   [0;1;30;90;43m  [0;33;5;43;103mXSSSSX[0;1;30;90;43m  [0m                                   
                                      [0;31;40m8[0;1;30;90;43m  [0;30;41m8[0m                                      
