[0;30;44m8[0;1;34;94;44m........::::[0;36;5;40;100m [0;1;30;90;47m [0;1;37;97;47m    [0;1;30;90;47m8[0;1;30;90;41mt[0;1;31;91;41m:::::::::::::::::::::::::::::.........[0;1;30;90;41m;[0;37;5;40;100mX[0;1;30;90;47m..:::[0;36;5;40;100m [0;1;30;90;44m.      [0;30;44m     8[0m
[0;30;44m%[0;1;34;94;44m888888[0;34;5;44;104m8888888[0;36;5;44;104m8[0;1;37;97;47mS[0;37;5;47;107mtttt8[0;1;30;90;47m8[0;31;5;41;101m888888888888888888888888888888[0;1;31;91;41m888888[0;35;5;41;101m8[0;1;37;97;47m@[0;37;5;47;107mSSSS[0;1;37;97;47m%[0;34;5;44;104m8[0;1;34;94;44m8888888@@@@@@[0;30;44m%[0m
[0;30;44m%[0;1;34;94;44m8888[0;34;5;44;104m88888888888[0;1;30;90;47m8[0;37;5;47;107m@tttt[0;1;37;97;47m;[0;31;5;41;101m888888888888888888888888888888[0;1;31;91;41m888[0;31;5;41;101m8[0;1;37;97;47m [0;37;5;47;107m%%%S@[0;1;30;90;47m8[0;1;34;94;44m8888888888@@@@@[0;30;44m%[0m
[0;30;44m%[0;1;34;94;44m888[0;34;5;44;104m88888888888888[0;1;37;97;47m [0;37;5;47;107mttt;%[0;1;30;90;47m@[0;31;5;41;101m888888888888888888888888888888[0;1;30;90;47m8[0;37;5;47;107mX%%%%[0;1;37;97;47m [0;34;5;44;104m8[0;1;34;94;44m888888888888@@@@[0;30;44m%[0m
[0;30;44m%[0;1;34;94;44m8[0;34;5;44;104m88888888888888888[0;36;5;44;104m8[0;1;37;97;47m%[0;37;5;47;107m;;;;@[0;1;30;90;47m8[0;31;5;41;101m88888888888888888888888888[0;1;30;90;47m8[0;37;5;47;107m8tt%%[0;1;37;97;47mt[0;34;5;44;104m8[0;1;34;94;44m888888888888888@@@[0;30;44m%[0m
[0;30;44m%[0;34;5;44;104m88888888888888888888[0;1;30;90;47m8[0;37;5;47;107m@;;;;[0;1;37;97;47mX[0;35;5;41;101m@[0;31;5;41;101m88888888888888888888888[0;1;37;97;47m:[0;37;5;47;107mtttt@[0;1;30;90;47m8[0;1;34;94;44m888888888888888888@@[0;30;44m%[0m
[0;30;44m%[0;34;5;44;104m888888888888888888888@[0;1;37;97;47m [0;37;5;47;107m;;::;[0;1;37;97;47m [0;31;5;41;101m@8888888888888888888[0;1;30;90;47m@[0;37;5;47;107m%tttt[0;1;37;97;47m [0;34;5;44;104m88[0;1;34;94;44m888888888888888888@@[0;30;44m%[0m
[0;1;30;90;44m@[0;34;5;44;104m8888888888888888888888@[0;36;5;44;104m@[0;1;37;97;47mt[0;37;5;47;107m::::%[0;1;30;90;47m8[0;31;5;41;101m@@@@888888888888[0;1;30;90;47m8[0;37;5;47;107m@tttt[0;1;37;97;47m:[0;34;5;44;104m88888[0;1;34;94;44m888888888888888888@[0;1;30;90;44mS[0m
[0;37;5;40;100m8[0;1;37;97;47mt[0;34;5;44;104m888888888888888888@@@@@@[0;1;30;90;47m8[0;37;5;47;107m@::::8[0;37;5;41;101m8[0;31;5;41;101m@@@@@8888888[0;35;5;41;101m8[0;1;37;97;47mS[0;37;5;47;107m;ttt8[0;1;30;90;47m8[0;34;5;44;104m8888888[0;1;34;94;44m88888888888888888[0;1;37;97;47m [0;37;5;40;100m8[0m
[0;37;5;40;100m8[0;37;5;47;107mt%[0;1;30;90;47mX[0;34;5;44;104m8888888888888@@@@@@@@@@X[0;1;37;97;47m [0;37;5;47;107m;...:[0;1;37;97;47m [0;31;5;41;101mX@@@@@888@[0;1;37;97;47m [0;37;5;47;107mt;;;t[0;1;30;90;47mX[0;34;5;44;104m8888888888[0;1;34;94;44m88888888888888[0;1;30;90;47m8[0;37;5;47;107m8@[0;37;5;40;100m8[0m
[0;37;5;40;100m8[0;37;5;47;107mttt8[0;1;30;90;47m8[0;34;5;44;104m8888888888@@@@@@@XXXXXX[0;36;5;44;104mX[0;1;37;97;47mt[0;37;5;47;107m....;[0;1;37;97;47m [0;31;5;41;101m@@@@@@[0;1;30;90;47m8[0;37;5;47;107mS;;;;[0;1;37;97;47m.[0;34;5;44;104m888888888888[0;1;34;94;44m888888888888[0;37;5;40;100m.[0;1;37;97;47m8[0;37;5;47;107mXX@[0;37;5;40;100m8[0m
[0;31;5;40;100mS[0;37;5;47;107m8tttt[0;1;37;97;47mX[0;36;5;44;104m@[0;34;5;44;104m888888@@@@@@XXXXXXXXXXX[0;1;30;90;47m8[0;37;5;47;107m@  ..@[0;1;30;90;47m8[0;31;5;41;101m@@[0;37;5;41;101m8[0;37;5;47;107m8::;;8[0;1;30;90;47m8[0;34;5;44;104m88888888888888[0;1;34;94;44m888888888[0;34;5;44;104m8[0;1;37;97;47m:[0;37;5;47;107mXXXX[0;1;37;97;47m8[0;31;5;40;100mS[0m
[0;30;41m%[0;31;5;41;101m8[0;1;30;90;47m8[0;37;5;47;107m%tt;t[0;1;37;97;47m [0;34;5;44;104m8888@@@@@@XXXXXXXXXXXXXX[0;1;37;97;47m [0;37;5;47;107m;  ..[0;1;37;97;47m;.[0;37;5;47;107m::::t[0;1;30;90;47mX[0;34;5;44;104m8888888888888888[0;1;34;94;44m88888888[0;1;30;90;47m8[0;37;5;47;107mXSSX@[0;1;30;90;47m8[0;1;31;91;41m8[0;30;41m%[0m
[0;30;41m%[0;31;5;41;101m888[0;1;37;97;47m.[0;37;5;47;107mt;;;S[0;1;30;90;47m8[0;34;5;44;104m88@@@@@XXXXXXXXXXXXXXXX[0;36;5;44;104mX[0;1;37;97;47m:[0;37;5;47;107m.  ....:[0;1;37;97;47m.[0;34;5;44;104m@888888888888888888[0;1;34;94;44m88888[0;1;30;90;47m8[0;37;5;47;107m8SSSS[0;1;37;97;47m [0;1;31;91;41m888[0;30;41m%[0m
[0;30;41m%[0;31;5;41;101m8888[0;35;5;40;100m.[0;37;5;47;107m8;;;;8[0;1;30;90;47m8[0;34;5;44;104m@@@@XXXXXXXXXS[0;36;5;44;104mXXXXX[0;34;5;44;104mSXXX[0;1;30;90;47m8[0;37;5;47;107m8  ..8[0;1;30;90;47m8[0;34;5;44;104m@@@88888888888888888[0;1;34;94;44m888[0;34;5;44;104m8[0;1;37;97;47m%[0;37;5;47;107m%SSS[0;1;37;97;47m@[0;35;5;40;100m;[0;1;31;91;41m8888[0;30;41m%[0m
[0;30;41m%[0;31;5;41;101m888888[0;1;30;90;47m8[0;37;5;47;107m%;;::[0;1;37;97;47m.[0;34;5;44;104mX@XXXXXXXXS[0;36;5;44;104mXXXXXXXXX[0;34;5;44;104mXXXX[0;1;30;90;47m@[0;37;5;47;107mt;[0;1;37;97;47m [0;34;5;44;104mX@@@@88888888888888888[0;1;34;94;44m8[0;34;5;44;104m8[0;1;30;90;47mS[0;37;5;47;107m%%%SX[0;1;30;90;47m8[0;1;31;91;41m888888[0;30;41m%[0m
[0;30;41m%[0;31;5;41;101m8888888@[0;1;37;97;47m [0;37;5;47;107m;:::t[0;1;37;97;47m [0;34;5;44;104mXXXXXXXS[0;36;5;44;104mXXXXXXXXXX[0;34;5;44;104mSXXXX[0;36;5;44;104mXX[0;34;5;44;104mXX@@@@88888888888888888[0;1;30;90;47m8[0;37;5;47;107mX%%%S[0;1;37;97;47m [0;31;5;41;101m8[0;1;31;91;41m8888888[0;30;41m%[0m
[0;30;41m%[0;31;5;41;101m888888888[0;35;5;41;101m@[0;37;5;47;107m8:::.X[0;1;30;90;47m8[0;34;5;44;104mXXXXXS[0;36;5;44;104mXXXXXXXXXXX[0;34;5;44;104mXXXXXXXX@@@@888888888888888[0;36;5;44;104m8[0;1;37;97;47m@[0;37;5;47;107m%%%%[0;1;37;97;47mX[0;35;5;41;101m8[0;1;31;91;41m888888888[0;30;41m%[0m
[0;30;41m%[0;31;5;41;101m8888888888@[0;1;30;90;47m8[0;37;5;47;107m%:...[0;1;37;97;47mS[0;36;5;44;104mS[0;34;5;44;104mXXXX[0;36;5;44;104mXXXXXXXXXX[0;34;5;44;104mSXXXXXXXX@@@@88888888888888[0;1;37;97;47m [0;37;5;47;107mtt%%X[0;1;30;90;47m8[0;1;31;91;41m88888888888[0;30;41m%[0m
[0;30;41m%[0;31;5;41;101m88888888888@@[0;1;37;97;47m [0;37;5;47;107m:.. :[0;1;37;97;47m [0;36;5;44;104mX[0;34;5;44;104mXXXS[0;36;5;44;104mXXXXXXX[0;34;5;44;104mSXXXXXXXX@@@@@888888888888[0;1;30;90;47m8[0;37;5;47;107mSttt%[0;1;37;97;47m [0;31;5;41;101m8[0;1;31;91;41m888888888888[0;30;41m%[0m
[0;30;41m%[0;31;5;41;101m88888888888@@@[0;35;5;41;101mX[0;37;5;47;107m8..  %[0;1;30;90;47m8[0;34;5;44;104mXXXSSSSSSXXXXXXXXXX@@@@88888888888[0;36;5;40;100m.[0;37;5;47;107m8tttt[0;1;37;97;47mS[0;31;5;41;101m8[0;1;31;91;41m88888888888888[0;30;41m%[0m
[0;30;41mS[0;31;5;41;101m888888888888@@@@[0;1;30;90;47m8[0;37;5;47;107m%.   8[0;1;34;94;47m8[0;34;5;44;104mXXXXXXXXXXXXXXXX@@@@@8888888888[0;1;37;97;47m.[0;37;5;47;107mtttt@[0;1;30;90;47m8[0;31;5;41;101m8[0;1;31;91;41m888888888888888[0;30;41mS[0m
[0;30;41m8[0;31;5;41;101m8888888888888@@@@X[0;1;37;97;47m [0;37;5;47;107m:.  .[0;1;37;97;47m.[0;36;5;44;104mX[0;34;5;44;104mXXXXXXXXXXXXX@@@@@888888888[0;1;30;90;47mS[0;37;5;47;107m%ttt%[0;1;30;90;47mS[0;31;5;41;101m88[0;1;31;91;41m8888888888888888[0;30;41m8[0m
[0;31;40mX[0;31;5;41;101m88888888888888@@@@@[0;35;5;41;101mX[0;1;37;97;47mS[0;37;5;47;107m..  ;[0;1;30;90;47m8[0;34;5;44;104mXXXXXXXXXX@@@@@@88888888[0;1;30;90;47m8[0;37;5;47;107m8tttt[0;1;37;97;47mt[0;31;5;41;101m8888[0;1;31;91;41m8888888888888888[0;31;40m@[0m
 [0;1;31;91;41m8[0;31;5;41;101m88888888888888@@@@@@[0;1;30;90;47m8[0;37;5;47;107mX....8[0;1;34;94;47m8[0;34;5;44;104mXXXXX@@@@@@@@8888888@[0;1;37;97;47mt[0;37;5;47;107mtttt8[0;1;30;90;47m8[0;31;5;41;101m8888[0;1;31;91;41m88888888888888888[0m 
 [0;1;31;91;41m;[0;31;5;41;101m8888888888888888@@@@@@[0;1;37;97;47m [0;37;5;47;107m;....[0;1;37;97;47m.[0;34;5;44;104mX@@@@@@@@@88888888[0;1;37;97;47m [0;37;5;47;107mtttt%[0;1;30;90;47m8[0;31;5;41;101m88888[0;1;31;91;41m88888888888888888t[0m 
 [0;30;41mS[0;31;5;41;101m888888888888888888@@@@@X[0;1;37;97;47m;[0;37;5;47;107m::::[0;1;30;90;47m8[0;34;5;44;104m@@@@@@8888888888@[0;37;5;47;107mtttt[0;1;37;97;47m;[0;31;5;41;101m8888888[0;1;31;91;41m88888888888888888[0;30;41m%[0m 
  [0;1;31;91;41m8[0;31;5;41;101m888888888888888888888@@[0;35;5;41;101m@[0;37;5;47;107m::::[0;1;30;90;47m8[0;34;5;44;104m@@88888888888888@[0;37;5;47;107mtttt[0;35;5;41;101m8[0;31;5;41;101m888888[0;1;31;91;41m88888888888888888@[0;31;40m%[0m 
  [0;1;30;90;41m:[0;31;5;41;101m88888888888888888888888[0;35;5;41;101m@[0;37;5;47;107m;;;;[0;1;30;90;47m8[0;34;5;44;104m88888888888888888[0;37;5;47;107mtttt[0;35;5;41;101m8[0;31;5;41;101m88888[0;1;31;91;41m888888888888888888.[0m  
  [0;31;40mS[0;1;31;91;41m8[0;31;5;41;101m8888888888888888888888@[0;37;5;47;107m;;;;[0;36;5;44;104m@[0;34;5;44;104m88888888888888888[0;37;5;47;107mtttt[0;31;5;41;101m88888[0;1;31;91;41m888888888888888888@[0;31;40mX[0m  
   [0;30;41m:[0;31;5;41;101m8888888888888888888888@[0;37;5;47;107m;;;;[0;36;5;44;104m@[0;34;5;44;104m88888888888888888[0;37;5;47;107mtttt[0;31;5;41;101m888[0;1;31;91;41m88888888888888888888[0;30;41m.[0m   
    [0;1;31;91;41mX[0;31;5;41;101m888888888888888888888@[0;37;5;47;107m;;;;[0;36;5;44;104m@[0;34;5;44;104m88888888888888888[0;37;5;47;107mtttt[0;31;5;41;101m88[0;1;31;91;41m88888888888888888888S[0m    
    [0;31;40m8[0;1;31;91;41m8[0;31;5;41;101m888888888888888888888[0;37;5;47;107mtttt[0;36;5;44;104m@[0;34;5;44;104m88888888888888888[0;37;5;47;107mtttt[0;31;5;41;101m8[0;1;31;91;41m88888888888888888888@[0;31;40m8[0m    
     [0;30;41m@[0;1;31;91;41m88[0;31;5;41;101m8888888888888888888[0;37;5;47;107mtttt[0;36;5;44;104m8[0;34;5;44;104m88888888888888888[0;37;5;47;107mtt%%[0;31;5;41;101m8[0;1;31;91;41m8888888888888888888@[0;30;41mX[0m     
      [0;30;41mt[0;1;31;91;41m888[0;31;5;41;101m88888888888888888[0;37;5;47;107mtttt[0;36;5;44;104m8[0;34;5;44;104m88888888888888888[0;37;5;47;107m%%%%[0;31;5;41;101m8[0;1;31;91;41m888888888888888888@[0;30;41m;[0m      
       [0;30;41m:[0;1;31;91;41m88888[0;31;5;41;101m88888888888888[0;37;5;47;107mtttt[0;36;5;44;104m8[0;34;5;44;104m88888888888888[0;1;34;94;44m88[0;34;5;44;104m8[0;37;5;47;107m%%%%[0;31;5;41;101m8[0;1;31;91;41m8888888888888888@@[0;30;41m.[0m       
        [0;30;41m;[0;1;31;91;41m88888888[0;31;5;41;101m8888888888[0;37;5;47;107mtttt[0;36;5;44;104m8[0;34;5;44;104m8888888888[0;1;34;94;44m888888[0;34;5;44;104m8[0;37;5;47;107m%%%%[0;31;5;41;101m8[0;1;31;91;41m888888888888888@@[0;30;41m:[0m        
         [0;30;41mS[0;1;31;91;41m888888888888[0;31;5;41;101m88888[0;37;5;47;107mtttt[0;36;5;44;104m8[0;34;5;44;104m88888[0;1;34;94;44m88888888888[0;34;5;44;104m8[0;37;5;47;107m%%%S[0;31;5;41;101m8[0;1;31;91;41m88888888888888@@[0;30;41mS[0m         
          [0;31;40m8[0;1;31;91;41m@88888888888888[0;31;5;41;101m8[0;37;5;47;107m%%%%[0;36;5;44;104m8[0;1;34;94;44m8888888888888888[0;34;5;44;104m8[0;37;5;47;107mSSSS[0;31;5;41;101m8[0;1;31;91;41m888888888888@@X[0;31;40m8[0m          
            [0;1;31;91;41m;8888888888888[0;31;5;41;101m8[0;37;5;47;107m%%%%[0;36;5;44;104m8[0;1;34;94;44m8888888888888888[0;34;5;44;104m8[0;37;5;47;107mSSSS[0;31;5;41;101m8[0;1;31;91;41m8888888888@@@;[0m            
             [0;30;41m%[0;1;31;91;41m888888888888[0;31;5;41;101m8[0;37;5;47;107m%%%%[0;36;5;44;104m8[0;1;34;94;44m8888888888888888[0;34;5;44;104m8[0;37;5;47;107mSSSS[0;31;5;41;101m8[0;1;31;91;41m88888888@@@@[0;30;41m%[0m             
              [0;31;40mS[0;1;31;91;41m;8888888888[0;31;5;41;101m8[0;37;5;47;107mSSSS[0;36;5;44;104m8[0;1;34;94;44m8888888888888888[0;34;5;44;104m8[0;37;5;47;107mSXXX[0;31;5;41;101m8[0;1;31;91;41m888888@@@@;[0;31;40mS[0m              
                [0;30;41m8[0;1;31;91;41mS88888888[0;31;5;41;101m8[0;37;5;47;107mSSSS[0;36;5;44;104m8[0;1;34;94;44m88888888888888888[0;37;5;47;107mXXXX[0;1;31;91;41m88888@@@@S[0;30;41m8[0m                
                  [0;30;41m%[0;1;31;91;41m@888888[0;31;5;41;101m8[0;37;5;47;107mSSSS[0;34;5;44;104m8[0;1;34;94;44m88888888888888888[0;37;5;47;107mXXX@[0;1;31;91;41m88@@@@@@[0;30;41mt[0m                  
                    [0;30;41mt[0;1;31;91;41m@88888[0;37;5;47;107mXXXX[0;34;5;44;104m8[0;1;34;94;44m88888888888888888[0;37;5;47;107m@@@@[0;1;31;91;41m8@@@@X[0;30;41mt[0m                    
                      [0;30;41m%[0;1;31;91;41mX888[0;37;5;47;107mXXXX[0;34;5;44;104m8[0;1;34;94;44m88888888888888888[0;37;5;47;107m@@@@[0;1;31;91;41m8@@X[0;30;41m%[0m                      
                        [0;30;41m@[0;1;31;91;41m%8[0;37;5;47;107mXXXX[0;34;5;44;104m8[0;1;34;94;44m88888888888@@@@@8[0;37;5;47;107m@@@@[0;1;31;91;41m8%[0;30;41m@[0m                        
                          [0;31;40m8[0;1;30;90;47m%[0;37;5;47;107m8@@[0;1;34;94;44m8@@@@@@@@@@@@@@@@8[0;37;5;47;107m@@8[0;1;30;90;47m;[0;31;40m8[0m                          
                             [0;36;5;40;100m [0;1;37;97;47m.[0;1;34;94;44m8@@@@@@@@@@@@@@@@8[0;1;37;97;47m:[0;36;5;40;100m [0m                             
                                [0;30;44mX[0;1;34;94;44m;@@@@@@@@@@@@t[0;30;44mS[0m                                
                                   [0;30;44m@[0;1;34;94;44m X@@@@@.[0;30;44m@[0m                                   
                                      [0;34;40m@[0;30;44mS%[0;34;40m@[0m                                      
