[0;36;5;40;100m [0;1;30;90;47m....      [0;1;37;97;47m                                     [0;1;30;90;47m      .........:::::::::;;;;;;;[0;36;5;40;100m [0m
[0;37;5;40;100m@[0;37;5;47;107m%%%%%%ttttttttttttttttttttttttttttttttttttttttttttt%%%%%%%%SSSSSSSXXXX@@@@@@@@[0;37;5;40;100m8[0m
[0;37;5;40;100m@[0;37;5;47;107m%%%%tttttttttttttttttttttttttttttttttttt%[0;1;37;97;47m%[0;1;30;90;47m8[0;1;37;97;47m.[0;37;5;47;107mttttttttt%%%%%%%SSSSSSSXXXX@@@@@@@[0;37;5;40;100m8[0m
[0;37;5;40;100m@[0;37;5;47;107m%%ttttttttttttttttttt;;;;;;;;;;[0;1;37;97;47m8 [0;1;30;90;47m88888[0;35;5;40;100m.[0;1;31;91;41m888[0;35;5;40;100m [0;37;5;47;107mStttttttttt%%%%%%%%SSSSSSXXXX@@@@@@[0;37;5;40;100m8[0m
[0;37;5;40;100m@[0;37;5;47;107m%tttttttttttttttt;;;;;;;;;;;;[0;1;37;97;47m8[0;37;5;40;100mt[0;31;5;41;101m8[0;1;31;91;41m8@888[0;31;5;41;101m88888[0;1;31;91;41m8[0;35;5;40;100m:[0;1;37;97;47mt[0;37;5;47;107mttttttttttt%%%%%%%SSSSSSXXXX@@@@@[0;37;5;40;100m8[0m
[0;37;5;40;100m@[0;37;5;47;107mtttttttttttttt;;;;;;;;;;;;t[0;1;30;90;47mX[0;1;31;91;41m8[0;31;5;41;101m8[0;1;31;91;41m88[0;1;30;90;41m8[0;35;5;40;100m;[0;1;30;90;47m%8[0;31;5;41;101m8888[0;1;31;91;41m%S[0;31;5;41;101m888[0;35;5;40;100m:[0;1;30;90;47m8[0;1;37;97;47m%[0;37;5;47;107mttttttttt%%%%%%%SSSSSSXXXX@@@@[0;37;5;40;100m8[0m
[0;37;5;40;100m8[0;37;5;47;107mtttttttttttt;;;;;;;;;;;;;:[0;1;30;90;47m@[0;31;5;41;101m8[0;37;5;40;100m:[0;1;30;90;47m8[0;35;5;40;100m;[0;31;5;41;101m88[0;1;31;91;41m8888[0;31;5;41;101m8888888[0;1;31;91;41m%[0;1;30;90;47m8X[0;37;5;47;107m%tttttttttt%%%%%%%SSSSSXXXXX@@@[0;37;5;40;100m8[0m
[0;37;5;40;100m8[0;37;5;47;107mtttttttttt;;;;;;;;;;::::[0;1;37;97;47mS[0;37;5;47;107m%%[0;1;37;97;47m [0;37;5;47;107m::8[0;1;30;90;47mt[0;37;5;40;100m;[0;35;5;40;100m...[0;1;31;91;41mX88[0;31;5;41;101m888[0;1;31;91;41m@X[0;31;5;41;101m8[0;35;5;40;100m:[0;37;5;47;107mttttttttttttt%%%%%%%SSSSSXXXX@@@[0;37;5;40;100m8[0m
[0;37;5;40;100m8[0;37;5;47;107mttttttttt;;;;;;;;:::::::8[0;35;5;40;100m.[0;1;30;90;47mS[0;1;37;97;47m [0;1;30;90;47m8[0;35;5;40;100m [0;1;30;90;47m88[0;1;37;97;47mt;[0;1;30;90;47m%8[0;35;5;40;100m%[0;31;5;41;101m8[0;1;31;91;41m@[0;31;5;41;101m8888888[0;1;30;90;47m8[0;1;37;97;47m:[0;37;5;47;107m@ttttttttttt%%%%%%SSSSSSXXXX@@[0;37;5;40;100m8[0m
[0;37;5;40;100m8[0;37;5;47;107mtttttttt;;;;;;;@[0;1;37;97;47m%[0;37;5;47;107m:::::...%[0;1;37;97;47mt;[0;37;5;47;107m8:;[0;1;37;97;47m [0;1;30;90;47mSS[0;1;37;97;47m  [0;1;30;90;47m8[0;31;5;41;101m@@@[0;1;31;91;41m@[0;31;5;41;101m8888[0;35;5;40;100m:[0;1;30;90;47m8t[0;37;5;47;107mttttttttttttt[0;1;37;97;47m;8[0;37;5;47;107m%%%%SSSSSXXXX@@[0;37;5;40;100m8[0m
[0;37;5;40;100m8[0;37;5;47;107mttttttt;;;;;;;:8[0;1;30;90;41m8[0;37;5;40;100m%[0;37;5;47;107m@.................[0;1;30;90;47m8[0;1;31;91;41m8[0;31;5;41;101m8@@@[0;1;31;91;41m8X[0;31;5;41;101m8[0;35;5;40;100m;[0;37;5;47;107mt;;;ttttttttt8[0;35;5;40;100m [0;1;31;91;41mt[0;1;37;97;47m;[0;37;5;47;107m%%%%SSSSSSXXXX@[0;37;5;40;100m8[0m
[0;37;5;40;100m8[0;37;5;47;107mtttttt;;;;;;::::[0;35;5;40;100m%[0;31;5;41;101m@[0;1;31;91;41m8[0;1;30;90;47m%[0;37;5;47;107m;.            X[0;1;30;90;47m8[0;31;5;41;101m@[0;1;31;91;41m8[0;31;5;41;101m@@8@@888[0;35;5;40;100m [0;37;5;47;107mS;;;tttttt%[0;1;30;90;47m8[0;1;31;91;41m%[0;31;5;41;101m8[0;1;30;90;41mS[0;37;5;47;107mX%%%%%SSSSSXXXX@[0;37;5;40;100m8[0m
[0;37;5;40;100m8[0;37;5;47;107mtttttX[0;1;30;90;47m8[0;1;37;97;47m.[0;37;5;47;107m@;;;::::[0;1;37;97;47m%[0;1;31;91;41m8[0;35;5;40;100mt[0;1;30;90;47m:[0;1;37;97;47mS[0;37;5;47;107m           .[0;1;37;97;47m [0;35;5;40;100m [0;31;5;41;101m@X8X@[0;1;31;91;41mX8[0;31;5;41;101m@88[0;1;31;91;41m@[0;35;5;40;100m. [0;37;5;47;107m8;;tttttt[0;1;37;97;47m;[0;1;30;90;47mX[0;1;30;90;41m8[0;1;31;91;41mX[0;1;30;90;47m;[0;37;5;47;107m%%%%%%S8[0;1;30;90;47m.[0;37;5;40;100mX[0;1;37;97;47m8[0;37;5;47;107mSXXX@[0;37;5;40;100m8[0m
[0;37;5;40;100m8[0;37;5;47;107mttttt;[0;1;30;90;47m8[0;31;5;41;101m8[0;1;31;91;41m@[0;31;5;40;100mX[0;1;30;90;47m8;[0;1;37;97;47m8[0;37;5;47;107m::..[0;1;37;97;47mX[0;35;5;40;100m;[0;1;31;91;41m8[0;1;30;90;47m8[0;37;5;47;107m8          :[0;1;30;90;47m%[0;31;5;41;101m@X[0;1;31;91;41m8[0;31;5;41;101m8XX8@8[0;1;30;90;41m8[0;31;5;41;101m@8[0;1;37;97;47m [0;37;5;47;107m;;;;;tttt[0;1;37;97;47mX[0;37;5;40;100mS[0;1;31;91;41mS[0;1;30;90;41m@[0;1;37;97;47m [0;37;5;47;107mtt%%[0;1;37;97;47mX[0;1;30;90;47mS[0;35;5;40;100m [0;1;30;90;41m8[0;1;31;91;41mS8[0;35;5;40;100m [0;37;5;47;107mSSXXXX[0;37;5;40;100m8[0m
[0;37;5;40;100m8[0;37;5;47;107mtttt;;%[0;31;5;40;100mX[0;31;5;41;101m88[0;1;31;91;41m@[0;1;30;90;47m8[0;1;37;97;47mX[0;37;5;47;107mt....:[0;1;37;97;47m [0;35;5;40;100m:[0;31;5;41;101m8[0;35;5;40;100m [0;1;37;97;47m [0;37;5;47;107m@     .[0;1;37;97;47m [0;35;5;41;101m8[0;31;5;41;101mXXXXXXXX@@8@8[0;1;31;91;41m8[0;1;37;97;47mS[0;37;5;47;107m;;;;t[0;1;37;97;47m8[0;1;30;90;47m8[0;31;5;40;100mX[0;1;31;91;41m@[0;1;30;90;41m8[0;1;30;90;47m8[0;37;5;47;107mSttt%S[0;1;37;97;47m;[0;1;30;90;47m8[0;1;31;91;41mt88[0;1;30;90;41mS[0;37;5;47;107m8SSXXXX[0;37;5;40;100m8[0m
[0;37;5;40;100m8[0;37;5;47;107mtttt;;;[0;1;37;97;47mt[0;1;31;91;41mS[0;37;5;40;100mS[0;1;30;90;41m8[0;1;31;91;41m8[0;1;30;90;47m8[0;37;5;47;107m%...   .[0;1;37;97;47mS[0;1;30;90;47m8[0;35;5;41;101m88[0;37;5;40;100m;[0;1;37;97;47m.[0;37;5;47;107m:   .8[0;1;30;90;47mS[0;31;5;41;101mX88XXX8[0;1;31;91;41m@[0;31;5;41;101m@@@[0;35;5;40;100m;[0;1;37;97;47m  [0;37;5;47;107mt;t[0;1;30;90;47mt[0;31;5;40;100mS[0;1;31;91;41m8X[0;35;5;40;100m.[0;1;37;97;47m [0;37;5;47;107m%ttttt%X[0;1;30;90;47m8[0;1;31;91;41mS%[0;35;5;40;100m [0;1;31;91;41mt[0;1;30;90;47mt[0;37;5;47;107mSSSXXXX[0;37;5;40;100m8[0m
[0;37;5;40;100m8[0;37;5;47;107mtttt;;;;[0;1;30;90;47mX[0;37;5;47;107m;X[0;1;30;90;47m8[0;1;31;91;41m8[0;31;5;40;100mS[0;1;37;97;47m [0;37;5;47;107m:.      %[0;1;30;90;47m;[0;35;5;40;100m:[0;35;5;41;101mX[0;1;30;90;47m8[0;37;5;47;107m;  S[0;1;30;90;47mS[0;35;5;41;101m@[0;31;5;41;101mX[0;35;5;40;100m;[0;31;5;41;101m8XX[0;35;5;40;100m:[0;31;5;41;101mX@8[0;35;5;40;100mt[0;31;5;41;101m@8[0;1;37;97;47m:[0;37;5;47;107m;;%[0;35;5;40;100m:[0;31;5;41;101m8[0;1;31;91;41mX[0;1;30;90;47m8[0;37;5;47;107m8tttttttt[0;1;30;90;47mt[0;1;30;90;41m@[0;1;31;91;41mX[0;35;5;40;100m [0;1;37;97;47m8[0;37;5;47;107mS[0;37;5;40;100m@[0;37;5;47;107mSSSSXXXX[0;37;5;40;100m8[0m
[0;37;5;40;100m8[0;37;5;47;107mtttt;;;;;;::[0;1;37;97;47m@[0;35;5;40;100m.[0;31;5;41;101m8[0;35;5;40;100m [0;37;5;47;107m8        [0;1;37;97;47mX[0;35;5;41;101m8X[0;1;37;97;47m.[0;37;5;47;107m [0;1;37;97;47m8[0;1;30;90;47mXS[0;1;37;97;47m X[0;37;5;47;107mt[0;31;5;41;101m8@[0;1;37;97;47m [0;37;5;47;107m.[0;1;30;90;47mS[0;31;5;41;101m8[0;35;5;40;100m [0;37;5;47;107m;[0;1;37;97;47m [0;1;30;90;47m8[0;35;5;40;100mt[0;1;37;97;47m%[0;37;5;47;107m;[0;1;30;90;47mt[0;31;5;41;101m8[0;1;31;91;41m8[0;1;30;90;47m;[0;37;5;47;107mtttttttt[0;1;37;97;47m@[0;35;5;40;100m%[0;1;31;91;41m@[0;1;30;90;41m8[0;1;37;97;47m:[0;37;5;47;107m%%%SSSSSXXXX[0;37;5;40;100m8[0m
[0;37;5;40;100m8[0;37;5;47;107m%[0;1;30;90;47m8[0;35;5;40;100m; [0;1;30;90;47m8[0;1;37;97;47m [0;37;5;47;107mX;;;::::[0;1;37;97;47m [0;31;5;40;100m%[0;1;31;91;41m8[0;1;30;90;47m@[0;37;5;47;107m;      ;[0;35;5;40;100mt[0;35;5;41;101mX[0;1;30;90;47mS[0;37;5;47;107m      8[0;1;37;97;47m [0;37;5;47;107mX  .%[0;1;37;97;47m [0;37;5;47;107m8:::;;[0;1;30;90;47m8[0;31;5;41;101m8[0;1;31;91;41mS[0;1;37;97;47m8[0;37;5;47;107mttttttX[0;1;30;90;47m8[0;1;31;91;41mS%[0;1;30;90;47mX[0;37;5;47;107mS%%%%SS8[0;1;30;90;47m;[0;37;5;40;100mS[0;35;5;40;100m:[0;31;5;40;100mS[0;35;5;40;100m [0;37;5;47;107m8[0;37;5;40;100m8[0m
[0;37;5;40;100m8[0;37;5;47;107mtt[0;1;30;90;47m:[0;1;30;90;41m8[0;31;5;41;101m8[0;1;31;91;41m@[0;1;30;90;41m@[0;37;5;40;100m%[0;37;5;47;107m8;::::.t[0;1;30;90;47m@[0;1;31;91;41m8[0;35;5;40;100mt[0;1;37;97;47m.[0;37;5;47;107m.    [0;1;37;97;47mt[0;35;5;41;101m@X[0;1;37;97;47m [0;37;5;47;107m          ....::::;;[0;1;30;90;47mt[0;31;5;41;101m88[0;1;30;90;47mS[0;37;5;47;107mttttt[0;1;30;90;47mt[0;1;30;90;41m@[0;1;31;91;41mX[0;37;5;40;100mt[0;37;5;47;107m8%%%%%%[0;1;37;97;47m8[0;35;5;40;100m [0;1;30;90;41m;[0;1;31;91;41m%8[0;1;30;90;41mS[0;1;30;90;47m@[0;37;5;47;107m@X[0;37;5;40;100m8[0m
[0;37;5;40;100m8[0;37;5;47;107mtttS[0;1;30;90;47m8[0;35;5;40;100m.[0;1;37;97;47mt[0;1;30;90;41m8[0;1;31;91;41mX[0;1;30;90;47m:[0;37;5;47;107m:::::..8[0;37;5;40;100m;[0;31;5;41;101m8[0;35;5;40;100m [0;37;5;47;107m8  8[0;35;5;40;100m:[0;31;5;41;101mS[0;35;5;40;100m [0;37;5;47;107m;          ...::::;;;t[0;35;5;40;100m%[0;31;5;41;101m8[0;1;31;91;41mS[0;1;37;97;47m%[0;37;5;47;107mtt[0;1;37;97;47m@[0;35;5;40;100m%[0;1;31;91;41m8[0;31;5;40;100mX[0;1;37;97;47m%[0;37;5;47;107mtt%%%%%[0;1;30;90;47mt[0;1;31;91;41mtt[0;1;30;90;47m;[0;35;5;40;100m:[0;37;5;40;100mt[0;37;5;47;107m8XXX[0;37;5;40;100m8[0m
[0;37;5;40;100mX[0;37;5;47;107mttttt8;8[0;31;5;40;100mS[0;1;31;91;41m8[0;1;30;90;47m8[0;37;5;47;107m;:::....[0;1;37;97;47m;[0;35;5;40;100m;[0;31;5;41;101m8[0;1;30;90;47m88[0;31;5;41;101m8X[0;35;5;40;100m;[0;37;5;47;107mX          ...:::::;;;;8[0;1;30;90;41m8[0;31;5;41;101m8[0;1;31;91;41mX[0;35;5;40;100m [0;37;5;40;100mt[0;1;31;91;41mX[0;1;30;90;41m@[0;1;30;90;47mt[0;37;5;47;107mtttt%%%%[0;1;30;90;47m8[0;1;31;91;41mX[0;1;30;90;41m@[0;1;37;97;47mS[0;37;5;47;107mS[0;1;37;97;47m8[0;37;5;47;107mSXXXX[0;37;5;40;100mX[0m
[0;36;5;40;100m [0;37;5;47;107mttttt;;;8[0;31;5;40;100mX[0;31;5;41;101m8[0;37;5;40;100mS[0;37;5;47;107mt:::....t[0;31;5;40;100mS[0;31;5;41;101mXXXX[0;1;30;90;47mS[0;37;5;47;107m         ....:::::;;;;;;[0;1;30;90;47m@[0;31;5;41;101m8888[0;1;30;90;41mt[0;37;5;47;107m8tttt%%%S[0;37;5;40;100mt[0;1;31;91;41m@[0;1;30;90;41m8[0;1;37;97;47m8[0;37;5;47;107mSSSXXXX@[0;36;5;40;100m [0m
[0;30;5;40;100m@[0;37;5;47;107mtttttt;;;8[0;1;30;90;41m8[0;31;5;41;101m8[0;35;5;40;100m.[0;37;5;47;107m8::::t[0;1;37;97;47m;[0;35;5;40;100m [0;31;5;41;101m@XXXX[0;31;5;40;100mX[0;37;5;40;100mt[0;1;37;97;47m:[0;37;5;47;107m.   ......:::::;;;;t[0;1;37;97;47m [0;35;5;40;100m:[0;1;30;90;41mX[0;31;5;41;101m88888[0;1;30;90;41m8[0;1;30;90;47m:[0;37;5;47;107mXtt%%[0;1;37;97;47m@[0;35;5;40;100mt[0;1;31;91;41m8[0;1;30;90;41mS[0;1;37;97;47mX[0;37;5;47;107mSSSSXXXX@[0;36;5;40;100m%[0m
 [0;37;5;47;107m%tttttt;;;8[0;35;5;40;100m%[0;31;5;41;101m8[0;1;31;91;41m8[0;35;5;40;100m% [0;37;5;40;100m:[0;35;5;40;100m;[0;1;31;91;41m@[0;31;5;41;101m@8[0;35;5;40;100mt[0;1;30;90;47m88[0;1;30;90;41m888[0;1;31;91;41m@[0;31;5;41;101m@[0;1;30;90;47mS[0;37;5;47;107m.......::::::;;;;;[0;1;30;90;47m@[0;1;31;91;41m8S[0;1;30;90;41m%t[0;1;31;91;41mt[0;35;5;40;100m. [0;1;30;90;41m8[0;1;31;91;41m@8S[0;1;30;90;41m8[0;35;5;40;100mtt[0;1;30;90;41m8[0;1;31;91;41mX8[0;1;30;90;41m8[0;1;37;97;47mS[0;37;5;47;107mSSSSSXXXX@[0m 
 [0;1;37;97;47m;[0;37;5;47;107mttttttt;;;t[0;1;37;97;47m [0;1;30;90;47m8[0;35;5;40;100m:%%:[0;1;30;90;47m8t[0;1;37;97;47m8[0;37;5;47;107m::.[0;37;5;40;100m@[0;1;30;90;41m8[0;31;5;41;101m@[0;1;31;91;41m8[0;1;30;90;41m88[0;1;30;90;47mt[0;37;5;47;107m:..:::::::;;;;;;[0;1;30;90;47mt[0;1;30;90;41m%%[0;1;31;91;41mX[0;31;5;41;101m8[0;1;30;90;41mt[0;35;5;40;100m [0;37;5;47;107mttt[0;1;37;97;47m@[0;1;30;90;47m@[0;35;5;40;100m [0;1;30;90;41m888[0;31;5;40;100mX[0;35;5;40;100m [0;1;30;90;47m%[0;37;5;47;107mXSSSSSXXXX@[0;1;37;97;47mt[0m 
 [0;37;5;40;100mS[0;37;5;47;107mtttttttt;;;;;;;;;:::::::[0;1;37;97;47mX[0;1;30;90;47m;[0;35;5;40;100m [0;1;30;90;41m8[0;31;5;41;101m@[0;1;31;91;41m8[0;37;5;40;100mt[0;37;5;47;107mX::::::;;;;;;X[0;35;5;40;100m [0;1;31;91;41mS[0;31;5;41;101m8[0;1;30;90;41m%[0;35;5;40;100mt[0;1;30;90;47mX[0;1;37;97;47m:[0;37;5;47;107mttttttt%%%%%%SSSSSSXXXX@[0;37;5;40;100m@[0m 
  [0;37;5;47;107m%ttttttttt;;;;;;;;;;:::::::8[0;1;30;90;47m8[0;1;30;90;41m8[0;31;5;41;101m@[0;1;30;90;41m8[0;1;30;90;47mt[0;37;5;47;107m;:;;;;;;;t[0;1;30;90;47m%[0;1;30;90;41m8[0;31;5;41;101m8[0;1;31;91;41mt[0;35;5;40;100m [0;1;37;97;47m@[0;37;5;47;107mttttttttt%%%%%%SSSSSSXXXX@@[0;1;30;90;40m8[0m 
  [0;1;30;90;47m;[0;37;5;47;107mttttttttttt;;;;;;;;;;;;;;;;;[0;1;37;97;47m8[0;35;5;40;100m:[0;31;5;41;101m88[0;31;5;40;100mS[0;1;37;97;47mt[0;37;5;47;107m;;;;;;[0;1;37;97;47m%[0;31;5;40;100mS[0;31;5;41;101m88[0;31;5;40;100mX[0;1;37;97;47m%[0;37;5;47;107mtttttttttt%%%%%%%SSSSSXXXX@@[0;1;30;90;47m.[0m  
  [0;1;30;90;40m8[0;37;5;47;107m%tttttttttttt;;;;;;;;;;;;;;;;;[0;1;30;90;47m;[0;1;30;90;41m8[0;31;5;41;101m8[0;1;31;91;41m8[0;37;5;40;100m;[0;37;5;47;107m8;;@[0;37;5;40;100m%[0;1;31;91;41m@[0;31;5;41;101m8[0;1;31;91;41m%[0;1;30;90;47mX[0;37;5;47;107m%tttttttttt%%%%%%%SSSSSXXXXX@@[0;30;5;40;100m@[0m  
   [0;1;30;90;47mX[0;37;5;47;107mttttttttttttttt;;;;;;;;;;;;;;;X[0;1;30;90;47m8[0;1;31;91;41mX[0;31;5;41;101m8[0;1;31;91;41mX[0;1;30;90;47m8@[0;1;31;91;41mS[0;31;5;41;101m8[0;1;31;91;41m@[0;1;30;90;47m8[0;37;5;47;107m@ttttttttttt%%%%%%SSSSSSXXXXX@@[0;1;30;90;47m%[0m   
    [0;37;5;47;107m8ttttttttttttttttttt;;;;;;;;;;;t[0;1;37;97;47m8[0;35;5;40;100m:[0;1;31;91;41mt;[0;31;5;41;101m8[0;1;31;91;41m8[0;31;5;40;100m%[0;1;37;97;47mX[0;37;5;47;107mttttttttttt%%%%%%%SSSSSSSXXXX@@[0;1;37;97;47m8[0m    
    [0;36;5;40;100m%[0;37;5;47;107m%tttttttttttttttttttttttttttttt8[0;35;5;40;100m [0;1;31;91;41m8[0;31;5;41;101m8[0;1;31;91;41mt;[0;35;5;40;100m:[0;1;37;97;47m8[0;37;5;47;107mttttttttt%%%%%%%%SSSSSSXXXXX@@@[0;36;5;40;100mt[0m    
     [0;36;5;40;100m [0;37;5;47;107m%tttttttttttttttttttttttttttS[0;1;30;90;47m8[0;1;31;91;41mS[0;31;5;41;101m8[0;1;31;91;41mX[0;1;30;90;47m88[0;1;31;91;41mS[0;31;5;41;101m8[0;1;31;91;41mS[0;1;30;90;47m8[0;37;5;47;107mXttttt%%%%%%%%%SSSSSSXXXXX@@@[0;36;5;40;100m [0m     
      [0;1;30;90;47m8[0;37;5;47;107m%%%ttttttttttttttttttttttt[0;1;37;97;47m [0;1;30;90;41m8[0;31;5;41;101m8[0;1;31;91;41m8[0;35;5;40;100mt[0;1;37;97;47m8[0;37;5;47;107mtt[0;1;37;97;47m8[0;35;5;40;100m.[0;1;31;91;41m8[0;31;5;41;101m8[0;1;30;90;41mX[0;1;30;90;47mt[0;37;5;47;107mtt%%%%%%%%%SSSSSSSXXXXX@@@[0;1;30;90;47m@[0m      
       [0;1;30;90;47mS[0;37;5;47;107m%%%%ttttttttttttttttttt[0;1;37;97;47m8[0;35;5;40;100m:[0;1;31;91;41m8[0;31;5;41;101m8[0;1;30;90;41m8[0;1;30;90;47m;[0;37;5;47;107mtttttt[0;1;37;97;47m [0;1;30;90;41m8[0;1;31;91;41m88[0;31;5;40;100m%[0;1;37;97;47mS[0;37;5;47;107m%%%%%%%SSSSSSSXXXXXX@@@[0;1;30;90;47m%[0m       
        [0;1;30;90;47m8[0;37;5;47;107m%%%%%%%ttttttttttttt@[0;37;5;40;100mX[0;1;31;91;41mS[0;31;5;41;101m8[0;1;31;91;41mS[0;1;30;90;47m8[0;37;5;47;107mSttttttt%S[0;1;30;90;47m8[0;1;31;91;41m%8S[0;37;5;40;100m%[0;37;5;47;107m8%%%SSSSSSSSXXXXX@@@@[0;1;30;90;47mX[0m        
         [0;37;5;40;100mX[0;37;5;47;107m%%%%%%%%%%%ttttttt[0;1;30;90;47mt[0;1;30;90;41mX[0;31;5;41;101m8[0;1;31;91;41m8[0;35;5;40;100m:[0;1;37;97;47m8[0;37;5;47;107mtttt%%%%%%%%8[0;35;5;40;100m [0;1;31;91;41mX8t[0;1;30;90;47m@[0;37;5;47;107mSSSSSSSSXXXXXX@@@@[0;37;5;40;100mX[0m         
          [0;36;5;40;100m;[0;37;5;47;107m8%%%%%%%%%%%%%%[0;1;37;97;47mS[0;31;5;40;100m%[0;1;31;91;41m88[0;1;30;90;41m8[0;1;37;97;47m [0;37;5;47;107m%%%%%%%%%%%%%%%%[0;1;37;97;47m.[0;1;30;90;41m8[0;1;31;91;41m88[0;1;30;90;41m8[0;1;37;97;47m;[0;37;5;47;107mSSSSXXXXXX@@@@[0;1;37;97;47m8[0;36;5;40;100m:[0m          
            [0;1;37;97;47m:[0;37;5;47;107mS%%%%%%%%%%8[0;37;5;40;100m;[0;1;31;91;41mS8%[0;1;30;90;47m@[0;37;5;47;107mS%%%%%%%%%%%%%%SSSSX[0;1;30;90;47m@[0;1;30;90;41mS[0;1;31;91;41m8S[0;35;5;40;100m [0;1;37;97;47m8[0;37;5;47;107mXXXXXX@@@@@[0;1;37;97;47m;[0m            
             [0;37;5;40;100m@[0;37;5;47;107mXSSS%%%%S[0;1;30;90;47mX[0;1;31;91;41mt8X[0;35;5;40;100m [0;1;37;97;47m8[0;37;5;47;107m%%%%%%%%%%%SSSSSSSSSSS8[0;35;5;40;100m [0;1;31;91;41mS8t[0;1;30;90;47m8[0;37;5;47;107m@XX@@@@@8[0;37;5;40;100m8[0m             
              [0;30;5;40;100m8[0;1;37;97;47m;[0;37;5;47;107mSSSSS[0;1;37;97;47m;[0;1;30;90;41m8[0;1;31;91;41m88[0;1;30;90;41m8[0;1;37;97;47m.[0;37;5;47;107mSSSSSSSSSSSSSSSSSSSSSSSXXX[0;1;37;97;47m:[0;1;30;90;41m8[0;1;31;91;41m@@[0;1;30;90;41m8[0;1;30;90;47m.[0;37;5;47;107m@@@@@[0;1;37;97;47m:[0;30;5;40;100m8[0m              
                [0;36;5;40;100m [0;1;37;97;47m8[0;37;5;47;107mSS[0;1;37;97;47m8[0;31;5;40;100m@[0;1;31;91;41m8[0;1;30;90;41mS[0;1;30;90;47mX[0;37;5;47;107mSSSSSSSSSSSSSSSSSSSSSXXXXXXXX@[0;1;30;90;47mX[0;1;30;90;41mS[0;1;31;91;41m@[0;1;30;90;41m8[0;1;37;97;47mX[0;37;5;47;107m@@[0;1;37;97;47m8[0;36;5;40;100m [0m                
                  [0;37;5;40;100m8[0;37;5;47;107m@SX[0;1;30;90;47mt[0;37;5;47;107m8SSSSSSSSSSSSSSSSSXXXXXXXXXXX@@@@[0;1;37;97;47m8[0;1;30;90;47mS[0;37;5;47;107m8@8[0;37;5;40;100m8[0m                  
                    [0;1;30;90;47m8[0;37;5;47;107m8XXXXXXXXXXXXXXXXXXXXXXXXXXX@@@@@@@@@8[0;1;30;90;47m8[0m                    
                      [0;37;5;40;100m@[0;1;37;97;47m8[0;37;5;47;107mXXXXXXXXXXXXXXXXXXXX@@@@@@@@@@@@[0;1;37;97;47m8[0;37;5;40;100m8[0m                      
                        [0;36;5;40;100m [0;1;37;97;47mS[0;37;5;47;107mXXXXXXXXXXX@@@@@@@@@@@@@@@@@[0;1;37;97;47mS[0;36;5;40;100m [0m                        
                          [0;30;5;40;100mS[0;1;30;90;47m%[0;37;5;47;107m8@@@@@@@@@@@@@@@@@@@@@@8[0;1;30;90;47m;[0;36;5;40;100mt[0m                          
                             [0;36;5;40;100m [0;1;37;97;47m.[0;37;5;47;107m@@@@@@@@@@@@@@@@@@[0;1;37;97;47m:[0;36;5;40;100m [0m                             
                                [0;37;5;40;100m%[0;1;37;97;47m;[0;37;5;47;107m@@@@@@@@@@@@[0;1;37;97;47mt[0;37;5;40;100mX[0m                                
                                   [0;36;5;40;100m [0;1;30;90;47m;[0;37;5;47;107m8@@@@8[0;1;30;90;47m.[0;36;5;40;100m [0m                                   
                                      [0;30;5;40;100mS[0;37;5;40;100m@8[0;36;5;40;100mt[0m                                      
