[0;36;5;40;100m [0;1;30;90;47m....      [0;1;37;97;47m                                     [0;1;30;90;47m      .........:::::::::;;;;;;;[0;36;5;40;100m [0m
[0;37;5;40;100m@[0;37;5;47;107m%%%%%%ttttttttttttttttttttttttttttttttttttttttttttt%%%%%%%%SSSSSSSXXXX@@@@@@@@[0;37;5;40;100m8[0m
[0;37;5;40;100m@[0;37;5;47;107m%%%%ttttttttttttttttttttttttttttttttttttttttttttttttt%%%%%%%SSSSSSSXXXX@@@@@@@[0;37;5;40;100m8[0m
[0;37;5;40;100m@[0;37;5;47;107m%%ttttttttttttttttttt;;;;;;;;;;;;;;ttttttttttttttttttt%%%%%%%%SSSSSSXXXX@@@@@@[0;37;5;40;100m8[0m
[0;37;5;40;100m@[0;37;5;47;107m%tttttttttt[0;1;37;97;47m8[0;37;5;47;107mtXttt;;;;;;;%;;;;;;;;;;;;;;;tttttttt8%Xttttt%%%%%X%SSSSSSXXXX@@@@@[0;37;5;40;100m8[0m
[0;37;5;40;100m@[0;37;5;47;107mtttttttt[0;1;37;97;47m8[0;1;30;90;47m@S;[0;37;5;40;100m@[0;1;30;90;47m;[0;1;37;97;47m [0;37;5;47;107mS;;;;;;;8[0;1;37;97;47m [0;37;5;47;107m8[0;1;30;90;47m:[0;37;5;47;107mX[0;1;37;97;47mt[0;37;5;47;107m;;;;;;;;;;;;;tttX[0;37;5;40;100m8[0;1;30;90;47m:S8[0;37;5;40;100m8[0;1;37;97;47m.[0;37;5;47;107m@tttt%%%@[0;1;30;90;47mS[0;37;5;47;107m8[0;1;30;90;47m@[0;37;5;47;107m@[0;1;30;90;47m:[0;37;5;47;107mSSSSXXXX@@@@[0;37;5;40;100m8[0m
[0;37;5;40;100m8[0;37;5;47;107mtttttttt[0;36;5;40;100m:[0;30;5;40;100m%[0;36;5;40;100m;t .[0;1;30;90;47m8;[0;37;5;47;107mS;;;;;[0;1;37;97;47mt[0;36;5;40;100m%[0;37;5;40;100mS[0;30;5;40;100mX[0;37;5;40;100m@8[0;1;30;90;47m:[0;37;5;47;107m8::;;;;;;;;;;;;;[0;37;5;40;100m@[0;30;5;40;100mSX[0;36;5;40;100m...[0;37;5;40;100m@[0;1;30;90;47mX[0;37;5;47;107m@tttt%[0;1;37;97;47mS[0;30;5;40;100m@[0;36;5;40;100m [0;1;30;90;40m@[0;36;5;40;100m  [0;1;30;90;47m8[0;1;37;97;47m%[0;37;5;47;107mSSSXXXXX@@@[0;37;5;40;100m8[0m
[0;37;5;40;100m8[0;37;5;47;107mtttttttX[0;34;40m;;[0;1;30;90;40m%SS8[0;36;5;40;100m [0;37;5;40;100mX8[0;37;5;47;107m@;;;[0;1;30;90;47m8[0;1;30;90;40m8888[0;36;5;40;100m [0;37;5;40;100m@[0;1;30;90;47m.[0;37;5;47;107m8:::::::;;;;;;;;[0;30;5;40;100m8[0;34;40m;;;;[0;1;30;90;40mX[0;30;5;40;100mS[0;36;5;40;100m [0;37;5;40;100mS[0;1;37;97;47m@[0;37;5;47;107mttt[0;1;30;90;47m8[0;34;40m:..:[0;30;5;40;100m@[0;36;5;40;100m [0;1;30;90;47m@[0;1;37;97;47m%[0;37;5;47;107mSSSSXXXX@@@[0;37;5;40;100m8[0m
[0;37;5;40;100m8[0;37;5;47;107mttttttt[0;1;37;97;47m@[0;34;40m;[0;1;30;90;40m%SSSXX@8[0;36;5;40;100m [0;37;5;47;107m:[0;1;37;97;47m8[0;36;5;40;100m [0;1;30;90;40m88888[0;30;5;40;100mS[0;37;5;40;100mX[0;1;37;97;47m.[0;37;5;47;107m@::::::::::;;;;;[0;1;30;90;40mXS%[0;34;40m;;;;;;[0;30;5;40;100m@[0;37;5;47;107m@8[0;36;5;40;100m [0;34;40m::...[0;1;30;90;40mX[0;36;5;40;100m.[0;1;30;90;47mS[0;1;37;97;47mS[0;37;5;47;107mSSSSSXXXX@@[0;37;5;40;100m8[0m
[0;37;5;40;100m8[0;37;5;47;107mttttttt[0;1;37;97;47m@[0;1;30;90;40mSSSXXX@@@[0;30;5;40;100mS[0;37;5;47;107m8[0;1;30;90;47mS[0;1;30;90;40m8888[0;30;5;40;100m888[0;36;5;40;100mt[0;1;30;90;47m@[0;37;5;47;107m......:::::::;;X[0;30;5;40;100m8[0;1;30;90;40mSS%[0;34;40m;;;;;[0;1;30;90;40mX[0;1;37;97;47m;[0;1;30;90;47m:[0;34;40m:::....[0;1;30;90;40mX[0;36;5;40;100m [0;37;5;47;107mXSSSSSXXXX@@[0;37;5;40;100m8[0m
[0;37;5;40;100m8[0;37;5;47;107mttttttt[0;1;30;90;47m8[0;1;30;90;40mSSXX@@@888[0;36;5;40;100m  [0;30;5;40;100m8888888S[0;37;5;47;107m8.........:::::;[0;1;30;90;47m:[0;1;30;90;40m8XSS%[0;34;40m;;;;:[0;30;5;40;100m8[0;36;5;40;100m [0;34;40m::::...:[0;1;30;90;47m.[0;37;5;47;107m%SSSSSSXXXX@[0;37;5;40;100m8[0m
[0;37;5;40;100m8[0;37;5;47;107mtttttt;;[0;1;30;90;47mS[0;1;30;90;40m@X@@@8888[0;30;5;40;100m888888@@@[0;1;30;90;47m8[0;37;5;47;107m      .....:::::;[0;1;37;97;47m:[0;1;30;90;40m8XSS%[0;34;40m;;;;:::::::..[0;30;5;40;100mS[0;37;5;47;107m%%%SSSSSXXXX@[0;37;5;40;100m8[0m
[0;37;5;40;100m8[0;37;5;47;107mttttt;;;;8[0;1;30;90;47m8[0;30;5;40;100m@[0;1;30;90;40m@8888[0;30;5;40;100m8888@@@XXX[0;1;37;97;47m%[0;37;5;47;107m        .....::::;@[0;1;30;90;47mX[0;30;5;40;100m@[0;1;30;90;40mSS%[0;34;40m;;;;::::::..[0;1;30;90;47m8[0;37;5;47;107m%%%SSSSSSXXX@[0;37;5;40;100m8[0m
[0;37;5;40;100m8[0;37;5;47;107mttttt;;;;;;t[0;36;5;40;100m [0;1;30;90;40m888[0;30;5;40;100m8888@@XXXS[0;37;5;40;100m8[0;37;5;47;107m.          ....::::;;t[0;37;5;40;100m8[0;1;30;90;40mSS[0;34;40m;;;;::::::.[0;36;5;40;100m;[0;37;5;47;107m@%%%%SSSSSXXXX[0;37;5;40;100m8[0m
[0;37;5;40;100m8[0;37;5;47;107mtttt;;;;;;::%[0;30;5;40;100m8[0;1;30;90;40m8[0;30;5;40;100m8888@@[0;36;5;40;100m%.:[0;37;5;40;100mX[0;1;37;97;47mt[0;37;5;47;107m             ...:::::;;;[0;30;5;40;100m%[0;1;30;90;40mS%[0;34;40m;;;;:;[0;1;30;90;40m@X[0;30;5;40;100mS[0;1;30;90;47mS[0;37;5;47;107m%%%%%%SSSSSXXXX[0;37;5;40;100m8[0m
[0;37;5;40;100m8[0;37;5;47;107mtttt;;;;;;[0;1;37;97;47m8[0;1;30;90;47m8[0;36;5;40;100mt[0;1;30;90;40m88[0;30;5;40;100m888@@X[0;36;5;40;100m [0;1;30;90;47m8[0;1;37;97;47m:[0;37;5;47;107m8.     :;.     ....::::8[0;1;30;90;47m8[0;36;5;40;100mt[0;1;30;90;40mSS%[0;34;40m;;;;:[0;30;5;40;100m8[0;36;5;40;100m [0;1;30;90;47m@[0;1;37;97;47m%[0;37;5;47;107m%%%%%%X8XSSSXXXX[0;37;5;40;100m8[0m
[0;37;5;40;100m8[0;37;5;47;107mtttt;;;;;X[0;30;5;40;100m@[0;1;30;90;40m888[0;30;5;40;100m8888@XXSS[0;36;5;40;100m%t:   .;tt[0;1;30;90;47mX[0;37;5;47;107m      ...:::t[0;30;5;40;100mS[0;1;30;90;40mXXSS%[0;34;40m;;;;:::::;[0;1;30;90;40m@@S[0;34;40m;:..[0;30;5;40;100mS[0;37;5;47;107mSSSXXXX[0;37;5;40;100m8[0m
[0;37;5;40;100m8[0;37;5;47;107mtttt;;;;;8[0;36;5;40;100mt[0;1;37;97;47m.[0;37;5;47;107mX[0;1;37;97;47mX[0;30;5;40;100m88S@@X[0;36;5;40;100m [0;37;5;40;100mXX[0;36;5;40;100m;t;;::.[0;37;5;40;100mX[0;1;30;90;47mt[0;1;37;97;47m8[0;37;5;47;107m       ...:::%[0;30;5;40;100mX[0;1;30;90;47m:[0;37;5;47;107m8[0;1;37;97;47m8[0;1;30;90;40m8%@[0;34;40m;;;[0;1;30;90;40m8[0;36;5;40;100m;:[0;1;30;90;40mX[0;34;40m::...:[0;30;5;40;100m@[0;36;5;40;100m [0;1;30;90;47m [0;37;5;47;107mXSSSXXXX[0;37;5;40;100m8[0m
[0;37;5;40;100m8[0;37;5;47;107mtttt;;;;;;:::[0;37;5;40;100m@[0;30;5;40;100m88[0;37;5;47;107mS[0;30;5;40;100m@X[0;1;37;97;47m:[0;37;5;47;107m.  %[0;1;30;90;47m:8t[0;1;37;97;47m;[0;37;5;47;107m8.          ...::::;;;[0;1;30;90;47mS[0;1;30;90;40mS%[0;1;37;97;47m@[0;1;30;90;40m8[0;34;40m;[0;37;5;40;100m8[0;37;5;47;107m%ttX[0;1;30;90;47mX[0;36;5;40;100m [0;37;5;40;100mS[0;1;30;90;47mX[0;1;37;97;47m;[0;37;5;47;107mX%%SSSSSXXXX[0;37;5;40;100m8[0m
[0;37;5;40;100m8[0;37;5;47;107mtttt;;;;%t[0;1;37;97;47mS[0;37;5;47;107m8[0;1;37;97;47m;[0;1;30;90;40m8[0;31;5;40;100mX[0;1;30;90;47mt8[0;36;5;40;100m:[0;1;30;90;47m:[0;37;5;47;107m                    ....::;%[0;1;37;97;47mSX@[0;1;30;90;40m@@[0;37;5;40;100m8[0;1;30;90;47m8[0;1;30;90;40m8[0;37;5;40;100mX[0;37;5;47;107m%tttttt%%%%%%SSSSSXXXX[0;37;5;40;100m8[0m
[0;37;5;40;100m8[0;37;5;47;107mtttt;;;;8[0;31;5;40;100m8[0;1;30;90;41m@8888[0;31;5;40;100m8[0;1;37;97;47mt[0;37;5;47;107m.                     ...:::X[0;35;5;40;100mt[0;1;30;90;41m@XXSS[0;30;41m8[0;1;30;90;47m%[0;37;5;47;107mttttttttt%%%%%%SSSSSXXXX[0;37;5;40;100m8[0m
[0;37;5;40;100mX[0;37;5;47;107mttttt;;;X[0;1;31;91;41m@@@[0;1;30;90;41m8[0;1;31;91;41m8[0;31;5;41;101m@[0;1;31;91;41m@[0;1;37;97;47m8[0;37;5;47;107m..                   ...::::t[0;35;5;40;100m:[0;1;31;91;41m@@[0;1;30;90;41mS[0;1;31;91;41mS[0;31;5;41;101m8[0;1;31;91;41mX[0;1;37;97;47m.[0;37;5;47;107mttttttttt%%%%%SSSSSSXXXX[0;37;5;40;100mX[0m
[0;36;5;40;100m [0;37;5;47;107mttttt;;;;8[0;35;5;41;101m@[0;31;5;41;101m88@@[0;1;37;97;47m:[0;37;5;47;107m.....               ....:::::;8[0;35;5;41;101m@[0;31;5;41;101m8888[0;1;37;97;47m [0;37;5;47;107mttttttttt%%%%%%SSSSSXXXX@[0;36;5;40;100m [0m
[0;30;5;40;100m@[0;37;5;47;107mtttttt;;;;;[0;1;37;97;47m.[0;1;30;90;47m8[0;1;37;97;47m [0;37;5;47;107mt:::.....          ......:::::;;;;[0;1;37;97;47m;[0;1;30;90;47m88[0;37;5;47;107m@tttttttttt%%%%%%SSSSSXXXX@[0;36;5;40;100m%[0m
 [0;37;5;47;107m%tttttt;;;;;;;::::::.................::::::;;;;;;;ttttttttttt%%%%%%SSSSSSXXXX@[0m 
 [0;1;37;97;47m;[0;37;5;47;107mttttttt;;;;;;;;:::::::....S%[0;1;37;97;47m@8X[0;37;5;47;107m8.:::::::;[0;1;37;97;47m8[0;37;5;47;107m;t8;S;tttttttttttt%%%%%%SSSSSXXXX@[0;1;37;97;47mt[0m 
 [0;37;5;40;100mS[0;37;5;47;107mtttttttt;;;;;;;;;::::::::;[0;36;5;40;100m [0;1;30;90;47m%8[0;37;5;40;100m8[0;1;30;90;47m8X[0;1;37;97;47m%[0;37;5;47;107mX::::;;X[0;37;5;40;100m@[0;1;37;97;47m%[0;37;5;40;100mX[0;1;37;97;47m [0;1;30;90;47mX[0;37;5;47;107m8%ttttttttttt%%%%%%SSSSSSXXXX@[0;37;5;40;100m@[0m 
  [0;37;5;47;107m%ttttttttt;;;;;;;;;;:::::[0;1;37;97;47m:[0;1;30;90;40m88[0;36;5;40;100m;[0;30;5;40;100m@X[0;36;5;40;100m [0;37;5;40;100m8[0;1;30;90;47m;[0;37;5;47;107mS;;;;[0;1;37;97;47m;[0;30;5;40;100m8[0;1;30;90;40m8S[0;30;5;40;100m8[0;36;5;40;100m [0;1;30;90;47mX[0;1;37;97;47m;[0;37;5;47;107mStttttttttt%%%%%%SSSSSSXXXX@@[0;1;30;90;40m8[0m 
  [0;1;30;90;47m;[0;37;5;47;107mttttttttttt;;;;;;;;;;;;;[0;1;30;90;47m8[0;1;30;90;40m@@@@@[0;30;5;40;100m8X[0;36;5;40;100m  [0;37;5;47;107m@;t[0;1;30;90;47mS[0;1;30;90;40mXSS%@[0;36;5;40;100m [0;1;30;90;47m8[0;1;37;97;47m.[0;37;5;47;107m%ttttttttt%%%%%%%SSSSSXXXX@@[0;1;30;90;47m.[0m  
  [0;1;30;90;40m8[0;37;5;47;107m%tttttttttttt;;;;;;;;;;;[0;37;5;40;100m8[0;1;30;90;40mXXXXXXXXX[0;1;30;90;47mt[0;37;5;47;107m;[0;36;5;40;100m:[0;1;30;90;40mSS%[0;34;40m;;[0;1;30;90;40mS[0;30;5;40;100m8[0;36;5;40;100m.[0;1;30;90;47m;[0;37;5;47;107mttttttttt%%%%%%%SSSSSXXXXX@@[0;30;5;40;100m@[0m  
   [0;1;30;90;47mX[0;37;5;47;107mttttttttttttttt;;;;;;;[0;1;37;97;47m8[0;36;5;40;100m [0;1;30;90;40mSSSSSSSSS[0;30;5;40;100m%[0;37;5;47;107mX[0;1;30;90;40mX[0;34;40m;;;;;;;[0;1;30;90;40m8[0;1;37;97;47m@[0;37;5;47;107mtttttttt%%%%%%SSSSSSXXXXX@@[0;1;30;90;47m%[0m   
    [0;37;5;47;107m8ttttttttttttttttttt;;t[0;37;5;40;100m8[0;1;30;90;40mSSSS%%%[0;34;40m;;;[0;1;30;90;40m8[0;34;40m;;;;;;::[0;1;30;90;47m@[0;37;5;47;107mttttttt%%%%%%%SSSSSSSXXXX@@[0;1;37;97;47m8[0m    
    [0;36;5;40;100m%[0;37;5;47;107m%tttttttttttttttttttttt[0;1;30;90;47m:[0;30;5;40;100m8[0;34;40m;;;;;;;;;;;;:::::[0;1;37;97;47m8[0;37;5;47;107mttttt%%%%%%%%SSSSSSXXXXX@@@[0;36;5;40;100mt[0m    
     [0;36;5;40;100m [0;37;5;47;107m%ttttttttttttttttttttttt[0;1;37;97;47m:[0;36;5;40;100m:[0;34;40m;;;;;;::::::::[0;36;5;40;100m;[0;37;5;47;107mtttt%%%%%%%%%SSSSSSXXXXX@@@[0;36;5;40;100m [0m     
      [0;1;30;90;47m8[0;37;5;47;107m%%%tttttttttttttttttttttt[0;36;5;40;100m:[0;34;40m::::::::::::[0;36;5;40;100m [0;37;5;47;107mXtt%%%%%%%%%SSSSSSSXXXXX@@@[0;1;30;90;47m@[0m      
       [0;1;30;90;47mX[0;37;5;47;107m%%%%ttttttttttttttttttt8[0;36;5;40;100m [0;34;40m:::::::[0;1;30;90;40mS[0;36;5;40;100m [0;37;5;40;100m8[0;1;30;90;47m8[0;1;37;97;47m@[0;37;5;47;107mt%%%%%%%%%%SSSSSSSXXXXXX@@@[0;1;30;90;47m%[0m       
        [0;1;30;90;47m8[0;37;5;47;107m%%%%%%%ttttttttttttt[0;1;37;97;47m8[0;30;5;40;100m8[0;34;40m:::::::::::;[0;36;5;40;100m;[0;37;5;40;100m8[0;1;30;90;47m;.;%X888[0;37;5;47;107m8SSSSSSSSXXXXX@@@@[0;1;30;90;47mX[0m        
         [0;37;5;40;100mX[0;37;5;47;107m%%%%%%%%%%%tttttttt[0;36;5;40;100m [0;34;40m:[0;30;5;40;100m@[0;36;5;40;100m.[0;1;30;90;40m@[0;34;40m:::..............:[0;36;5;40;100m.[0;1;37;97;47m8[0;37;5;47;107mSSSSSSXXXXXX@@@@[0;37;5;40;100mX[0m         
          [0;36;5;40;100m;[0;37;5;47;107m8%%%%%%%%%%%%%%%%%[0;1;30;90;47m:[0;1;37;97;47m%[0;37;5;47;107m%%[0;36;5;40;100m [0;34;40m.[0;1;30;90;40m8[0;36;5;40;100m [0;34;40m.:[0;36;5;40;100m [0;1;30;90;47mt.S[0;30;5;40;100m8[0;34;40m...[0;1;30;90;40m@[0;36;5;40;100m.[0;37;5;40;100m8[0;1;37;97;47m.[0;37;5;47;107m8SSSSSSXXXXXX@@@@[0;1;37;97;47m8[0;36;5;40;100m:[0m          
            [0;1;37;97;47m:[0;37;5;47;107mS%%%%%%%%%%%%%%%%%%[0;1;30;90;47m;[0;34;40m.:[0;37;5;40;100m8[0;36;5;40;100m [0;34;40m.[0;36;5;40;100m [0;37;5;47;107m%%%%S[0;1;37;97;47m%t[0;37;5;47;107m8SSSSSSSSSXXXXXX@@@@@[0;1;37;97;47m;[0m            
             [0;37;5;40;100m@[0;37;5;47;107mXSSS%%%%%%%%%%[0;1;37;97;47m.[0;1;30;90;47m8[0;35;5;40;100m;[0;1;30;90;47m8[0;1;30;90;40m@[0;31;40m8[0;31;5;40;100mS[0;37;5;40;100m@[0;36;5;40;100m [0;1;30;90;47m;[0;37;5;47;107mS%SSSSSSSSSSSSSXXXXXXX@@@@@8[0;37;5;40;100m8[0m             
              [0;30;5;40;100m8[0;1;37;97;47m;[0;37;5;47;107mSSSSSSSSSSSS[0;37;5;40;100mS[0;30;41mX8[0;31;40m8[0;1;31;91;41m:%[0;1;30;90;41m:8[0;37;5;47;107mSSSSSSSSSSSSSSXXXXXXXX@@@@@@[0;1;37;97;47m:[0;30;5;40;100m8[0m              
                [0;36;5;40;100m [0;1;37;97;47m8[0;37;5;47;107mSSSSSSSSSS[0;1;37;97;47mS[0;1;31;91;41m888X@8[0;1;30;90;47m8[0;37;5;47;107mSSSSSSSSSSXXXXXXXXX@@@@@@@[0;1;37;97;47m8[0;36;5;40;100m [0m                
                  [0;37;5;40;100m8[0;37;5;47;107m@SSSSSSSSS[0;1;37;97;47mX[0;35;5;40;100m.[0;1;31;91;41m888[0;1;37;97;47m [0;37;5;47;107mSSSSSSXXXXXXXXXXX@@@@@@@@8[0;37;5;40;100m8[0m                  
                    [0;1;30;90;47m8[0;37;5;47;107m8XXXXXXXXX[0;1;37;97;47m8:[0;37;5;47;107mXXXXXXXXXXXXXXXX@@@@@@@@@8[0;1;30;90;47m8[0m                    
                      [0;37;5;40;100m@[0;1;37;97;47m8[0;37;5;47;107mXXXXXXXXXXXXXXXXXXXX@@@@@@@@@@@@[0;1;37;97;47m8[0;37;5;40;100m8[0m                      
                        [0;36;5;40;100m [0;1;37;97;47mS[0;37;5;47;107mXXXXXXXXXXX@@@@@@@@@@@@@@@@@[0;1;37;97;47mS[0;36;5;40;100m [0m                        
                          [0;30;5;40;100mS[0;1;30;90;47m%[0;37;5;47;107m8@@@@@@@@@@@@@@@@@@@@@@8[0;1;30;90;47m;[0;36;5;40;100mt[0m                          
                             [0;36;5;40;100m [0;1;37;97;47m.[0;37;5;47;107m@@@@@@@@@@@@@@@@@@[0;1;37;97;47m:[0;36;5;40;100m [0m                             
                                [0;36;5;40;100m [0;1;37;97;47m;[0;37;5;47;107m@@@@@@@@@@@@[0;1;37;97;47mt[0;37;5;40;100mX[0m                                
                                   [0;36;5;40;100m [0;1;30;90;47m;[0;37;5;47;107m8@@@@8[0;1;30;90;47m.[0;36;5;40;100m [0m                                   
                                      [0;30;5;40;100mS[0;37;5;40;100m@@[0;36;5;40;100m%[0m                                      
