[0;34;40m ..................:::::::::::::::::::::[0;1;30;90;43m:::....................                [0;31;43m8[0m
[0;34;40m.......:::::::::::::;;;;;;;;;;;;;;;;;;;:[0;33;5;43;103m;;;;;;;;;;;;tttttttttttt%%%%%%%SSSSSSSS[0;1;30;90;43m [0m
[0;34;40m.....:::::::::::;;;;;;;;;;;;;;;;;;;;;;;;[0;33;5;43;103m;;;;;;;;;;;;;;ttttttttttt%%%%%%%SSSSSSS[0;1;30;90;43m [0m
[0;34;40m....:::::[0;1;30;90;40m8[0;36;5;40;100m [0;1;30;90;47m8%.[0;1;37;97;47m:tSX@88@@X%; [0;1;30;90;47m;@[0;36;5;40;100m [0;30;5;40;100m8[0;1;30;90;40mSSSS%%[0;34;40m;;;[0;33;5;43;103m;;;;;;;;;;;;;;;tttt[0;1;30;90;43m@8[0;33;5;43;103m%tttt%%%%%%%SSSSSS[0;1;30;90;43m [0m
[0;34;40m..:::::::[0;1;30;90;47m@[0;1;37;97;47m8SSSSXXXXXXXXXXXXXX8[0;1;30;90;47m;[0;1;30;90;40mSSSSSSSSS[0;33;5;43;103m;;;;;;;;;;;;;;;;;t[0;1;30;90;43m@[0;30;5;40;100m@@[0;1;30;90;43m8[0;33;5;43;103mttttt%%%%%%%SSSSS[0;1;30;90;43m [0m
[0;34;40m.::::::::[0;1;30;90;47m@[0;37;5;47;107mSSSSS%%%%%%%%%%%%%%%[0;1;30;90;47m;[0;1;30;90;40mXXXXXXXSS[0;33;5;43;103m;;;;;;;;;;;;;%[0;1;30;90;43m:tXX[0;1;30;90;40m8[0;30;5;40;100m@@[0;1;30;90;40m8[0;33;5;40;100m8[0;1;30;90;43mS;.[0;33;5;43;103mXt%%%%%%%SSSS[0;1;30;90;43m [0m
[0;34;40m.:::::::;[0;36;5;40;100m%[0;37;5;47;107mSSS%%%%%%%%%%%%tttt%[0;36;5;40;100m [0;1;30;90;40m@@@@@XXXX[0;33;5;43;103m;;;;;;;;;;;[0;1;33;93;43m@[0;1;30;90;43mt[0;1;30;90;40mX[0;30;5;40;100m8[0;1;30;90;40m8[0;34;40m:::[0;1;30;90;40m%S[0;34;40m:.:[0;1;30;90;40m8[0;30;5;40;100m8[0;32;40mt[0;1;30;90;43m:[0;1;33;93;43m%[0;33;5;43;103m%%%%%%%SSS[0;1;30;90;43m.[0m
[0;34;40m.:::::;;;;[0;36;5;40;100m [0;1;37;97;47mS8@@[0;37;5;47;107m8[0;1;37;97;47m8[0;37;5;47;107m8[0;1;37;97;47m8[0;37;5;47;107m888888[0;1;37;97;47m88[0;37;5;47;107m8[0;1;37;97;47m8[0;37;5;40;100m@[0;1;30;90;40m88888@@@@@[0;33;5;43;103m:::;;;;;;S[0;1;30;90;43m%[0;1;30;90;40m8[0;30;5;40;100mXX[0;1;30;90;40mX[0;34;40m::::;;....;[0;30;5;40;100m88[0;1;30;90;40mX[0;33;5;40;100m8[0;33;5;43;103m@%%%%%SSS[0;1;30;90;43m.[0m
[0;34;40m.::::;;;;;[0;1;30;90;40m%[0;36;5;40;100m.[0;1;37;97;47m.X@[0;37;5;47;107m%[0;1;37;97;47m@[0;37;5;47;107m%[0;1;37;97;47m8[0;37;5;47;107mtt[0;1;37;97;47m8[0;37;5;47;107mt[0;1;37;97;47m8[0;37;5;47;107m%8[0;1;37;97;47m8t[0;36;5;40;100m [0;1;30;90;40m8888888888@[0;33;5;43;103m::::;;;;t[0;31;5;40;100mS[0;30;5;40;100m8[0;1;30;90;40m@[0;34;40m;;[0;36;5;40;100mt[0;30;5;40;100m@[0;34;40m:[0;32;40m:;;;;:[0;34;40m.[0;30;5;40;100m8[0;32;5;40;100m%[0;34;40m.:;[0;1;30;90;40m@8[0;33;5;43;103mX%%%%%SS[0;1;30;90;43m.[0m
[0;34;40m.:::;;;;;[0;1;30;90;40mSSSX[0;36;5;40;100m [0;1;30;90;47mt[0;1;37;97;47m;88[0;37;5;47;107m8SX8[0;1;37;97;47m8[0;37;5;47;107m8[0;1;37;97;47m%[0;1;30;90;47m.[0;37;5;40;100mS[0;30;5;40;100m8888888[0;1;30;90;40m888888[0;33;5;43;103m::::@[0;1;30;90;43m888[0;33;5;40;100m8[0;1;30;90;40m8[0;34;40m;;;;[0;1;30;90;40mS@X[0;32;40m;[0;34;40m;[0;1;30;90;40m@@[0;34;40m;[0;32;40m;t[0;1;30;90;40mX[0;32;40m;[0;34;40m....[0;1;30;90;40mS[0;33;5;40;100m8[0;1;30;90;43m8@S[0;1;33;93;43mS[0;33;5;43;103m%SS[0;1;30;90;43m.[0m
[0;34;40m.::;;;;;[0;1;30;90;40mSSSXX@@8[0;30;5;40;100mX[0;1;30;90;47m: [0;1;37;97;47m;:..[0;36;5;40;100mt[0;30;5;40;100m@888888888888[0;1;30;90;40m888[0;33;5;43;103m::::%[0;33;5;40;100mX;[0;36;5;40;100m;t[0;30;5;40;100m8[0;1;30;90;40m@%[0;34;40m;;[0;1;30;90;40m8[0;32;40m;[0;34;40m::[0;32;40m:[0;1;30;90;40m88[0;32;40m:[0;34;40m..[0;32;40m:[0;1;30;90;40mX[0;34;40m...:[0;1;30;90;40mS[0;30;5;40;100m888[0;33;5;40;100m8[0;33;5;43;103m@%%S[0;1;30;90;43m.[0m
[0;34;40m.::;;;;[0;1;30;90;40mSSSXX@@@88[0;36;5;40;100m [0;1;37;97;47m@[0;37;5;47;107m8@8[0;37;5;40;100mS[0;30;5;40;100m88@@@@@@@@@88888[0;1;30;90;40m8[0;33;5;43;103m::::::8[0;33;5;40;100mX[0;1;30;90;40m8SS@X@[0;30;5;40;100m8[0;1;30;90;40m8[0;32;40m;[0;32;5;40;100mS[0;1;30;90;47m8[0;1;37;97;47m..[0;1;30;90;47m8[0;33;5;40;100mt[0;34;40m:[0;1;30;90;40m@@S[0;34;40m;;:.[0;32;40m;[0;30;5;40;100m@[0;1;33;93;43m%[0;33;5;43;103m%%%%S[0;1;30;90;43m.[0m
[0;34;40m.:;;;;[0;1;30;90;40m%SSXXX@@8888[0;1;30;90;47m.[0;37;5;47;107m@@[0;1;37;97;47mt[0;30;5;40;100m@@@XXXXXXXX@@@8888[0;37;5;43;103m%[0;33;5;43;103m.::::%[0;30;5;40;100mX[0;1;30;90;40m8XSS%[0;30;5;40;100m8[0;34;40m;[0;1;30;90;40mS8[0;1;30;90;47m8[0;37;5;47;107m@XX@[0;1;30;90;47m8[0;30;5;40;100m8[0;32;40m;[0;34;40m:[0;1;30;90;40m@[0;34;40m....:[0;1;30;90;40m@[0;1;33;93;43m@[0;33;5;43;103m%%%%S[0;1;30;90;43m.[0m
[0;34;40m.:;;;;[0;1;30;90;40mSSSXX@@8888[0;30;5;40;100m8[0;1;30;90;47m8[0;37;5;47;107m@@[0;1;30;90;47m%[0;30;5;40;100m@XXXSSSSSSSXXX@@88[0;37;5;43;103mS%[0;33;5;43;103m.:::X[0;30;5;40;100m8[0;36;5;40;100m%[0;1;30;90;40mXSSX8[0;34;40m;;[0;1;30;90;40mS[0;37;5;40;100m8[0;1;37;97;47m%[0;37;5;47;107m@X[0;1;37;97;47mX[0;37;5;40;100m@[0;32;40m;[0;34;40m.:[0;1;30;90;40mS[0;32;40m;[0;34;40m...[0;1;30;90;40m8S[0;1;33;93;43m%[0;33;5;43;103m%%%%%[0;1;30;90;43m.[0m
[0;34;40m.;;;;[0;1;30;90;40m%SSXX@@8888[0;30;5;40;100m88[0;1;37;97;47m;[0;37;5;47;107mXX[0;1;37;97;47mt[0;30;5;40;100mXXSS%[0;36;5;40;100m%%t%%[0;30;5;40;100mSSSXX@@8[0;37;5;43;103mSS%[0;33;5;43;103m::::[0;30;5;40;100m@[0;36;5;40;100mt[0;30;5;40;100mS[0;1;30;90;40mX[0;36;5;40;100m:[0;32;5;40;100mS[0;1;30;90;40m8X[0;34;40m;;[0;1;30;90;40m8[0;33;5;40;100mt  t[0;30;5;40;100m8[0;34;40m:.[0;32;40m;[0;34;40m;[0;30;5;40;100m8[0;36;5;40;100mt[0;32;40m.[0;1;30;90;40m8[0;30;5;40;100m8[0;31;40mt[0;33;5;43;103mS%%%%%[0;1;30;90;43m.[0m
[0;34;40m.;;;;[0;1;30;90;40m%SSXX@@8888[0;30;5;40;100m88[0;1;37;97;47m.88;[0;30;5;40;100m%SS[0;36;5;40;100m%ttttttt%[0;30;5;40;100mSSXX@@[0;37;5;43;103mSS%[0;33;5;43;103m.:::[0;1;30;90;43m@[0;1;30;90;40m@[0;36;5;40;100m [0;1;30;90;40m@SS%X888[0;34;40m::::[0;1;30;90;40mS8X[0;32;40m;[0;34;40m...:[0;36;5;40;100m%[0;32;40m:[0;1;30;90;43m.[0;33;5;43;103m%%%%%%[0;1;30;90;43m.[0m
[0;34;40m.;;;;[0;1;30;90;40mSSSXX@@888[0;30;5;40;100m8[0;36;5;40;100m.[0;1;30;90;47m:[0;37;5;47;107mt[0;1;37;97;47m8[0;37;5;47;107m8;[0;1;30;90;47m.[0;36;5;40;100m %tt;;;;;tt[0;30;5;40;100m%SSX@@[0;37;5;43;103mSSS%[0;33;5;43;103m::::[0;1;30;90;43m@[0;30;5;40;100mS[0;1;30;90;40m8SS%SXS@SSS[0;32;40m;[0;1;30;90;40mX[0;32;40m;[0;34;40m;:...;[0;30;5;40;100m8[0;1;30;90;43m:[0;33;5;43;103m%%%%%%%[0;1;30;90;43m.[0m
[0;34;40m.;;;;[0;1;30;90;40mSSSXX@@[0;30;5;40;100mX[0;1;30;90;47m@[0;1;37;97;47m:8[0;37;5;47;107m8%8t:8t88[0;1;37;97;47m%[0;1;30;90;47m;[0;36;5;40;100m :::;tt%[0;30;5;40;100mSSXX@[0;37;5;43;103mSSS%[0;33;5;43;103m:::::[0;1;30;90;43mX[0;33;5;40;100m@[0;1;30;90;40m8S@8[0;34;40m;;;:[0;30;5;40;100m@X[0;34;40m:::.[0;1;30;90;40mS[0;34;40m;:[0;32;40m;[0;1;30;90;40m8[0;1;30;90;43m:[0;33;5;43;103m%t%%%%%%[0;1;30;90;43m.[0m
[0;34;40m.;;;;[0;1;30;90;40mSSSXX@@[0;1;30;90;47m8[0;37;5;47;107mX8@;%8::X%:X8%[0;1;30;90;47m [0;36;5;40;100m;;;;tt[0;30;5;40;100m%SSX@@[0;37;5;43;103mSSS%[0;33;5;43;103m::::::[0;1;33;93;43mX[0;30;5;40;100m%SX[0;1;30;90;40mS[0;34;40m;;;:[0;1;30;90;40mSS[0;34;40m:::.[0;32;40m:[0;1;30;90;40m8[0;30;5;40;100m88[0;1;30;90;43m%[0;33;5;43;103mttt%%%%%%[0;1;30;90;43m.[0m
[0;34;40m.;;;;[0;1;30;90;40m%SSXX@@[0;30;5;40;100mS[0;37;5;40;100mS[0;1;30;90;47m.[0;37;5;47;107m8@[0;1;37;97;47mt[0;37;5;47;107mt::;[0;1;37;97;47mX[0;37;5;47;107m@@[0;1;37;97;47m;[0;1;30;90;47m8[0;36;5;40;100m ttttt[0;30;5;40;100m%SSXX@@[0;37;5;43;103mSS%[0;33;5;43;103m.::::::[0;1;30;90;43m8[0;36;5;40;100mtt[0;33;5;40;100mS[0;1;30;90;43m@[0;1;30;90;40m888[0;30;5;40;100m8@@8[0;1;30;90;40m8@@[0;1;30;90;43m%[0;33;5;40;100m8[0;30;5;40;100m@@[0;1;30;90;43m8[0;33;5;43;103mttt%%%%%%[0;1;30;90;43m.[0m
[0;34;40m.;;;;[0;1;30;90;40m%SSXX@@888[0;30;5;40;100m8%[0;36;5;40;100m [0;1;30;90;47m8ttX[0;36;5;40;100m :t[0;30;5;40;100mSS%%%%SSSSXX@@8[0;37;5;43;103mSS%[0;33;5;43;103m:::::::[0;1;30;90;43m88[0;33;5;43;103m8;;%[0;1;33;93;43m%[0;1;30;90;43mttt;;::[0;33;5;43;103mStt[0;1;33;93;43m8[0;1;30;90;43mSX[0;33;5;43;103mttt%%%%%%[0;1;30;90;43m.[0m
[0;34;40m.:;;;;[0;1;30;90;40mSSSXX@@8888[0;30;5;40;100m8888@@XXXXSSSSSXXX@@@88[0;37;5;43;103mS%[0;33;5;43;103m:::::::;;;;;;;;;;;;;;;tttttttt%%%%%%%[0;1;30;90;43m.[0m
[0;34;40m.:;;;;[0;1;30;90;40m%SSXXX@@8888[0;30;5;40;100m88888@@@@XXXXX@@@@8888[0;37;5;43;103m%[0;33;5;43;103m::::::::;;;;;;;;;;;;;;ttttttttt%%%%%%S[0;1;30;90;43m.[0m
[0;31;40m;[0;1;30;90;43mttt%%SSSXX@@@88888888888888888888888888888@@XXSSS%%ttt;;;:::::::..........    [0;31;40m@[0m
 [0;33;5;43;103mt;;;;;;;;;;:::::::::[0;37;5;43;103m%%%SSSSSSSSSSS%%[0;33;5;43;103m.::[0;1;30;90;40m88@@@XXSSS%[0;34;40m;;;;:::::::..............   [0m 
 [0;1;33;93;43mS[0;33;5;43;103m;;;;;;;;;;;::::::::::S[0;33;5;40;100m:[0;37;43m@[0;37;5;43;103m%%%%%%%%[0;33;5;43;103m.:::::[0;1;30;90;40m@@@XXXSSSSSSSS%[0;34;40m;;;:::...............   [0m 
 [0;1;30;90;43m:[0;33;5;43;103m;;;;;;;;;;;;;:::::::;[0;33;5;40;100m;[0;36;5;40;100m.[0;33;5;40;100m.[0;1;33;93;43m@[0;33;5;43;103m:::::::::::::[0;1;30;90;40m@@XX[0;30;5;40;100mS[0;37;5;40;100mX[0;1;30;90;47mt[0;1;37;97;47m:@[0;37;5;47;107m88@XSSX@8[0;1;37;97;47m8@.[0;1;30;90;47m%[0;36;5;40;100m [0;30;5;40;100m8[0;34;40m...........    [0m 
  [0;33;5;43;103mt;;;;;;;;;;;;;;;[0;1;33;93;43m%[0;1;30;90;43m@[0;33;5;40;100m@[0;30;5;40;100m@88[0;36;5;40;100m;[0;30;5;40;100m@8@[0;33;5;40;100mX8[0;1;30;90;43m@[0;33;5;43;103mS::::::::[0;1;30;90;40mXXXS[0;1;30;90;47m8[0;37;5;47;107m%88[0;1;37;97;47m@SSSSSSSSSSX88[0;37;5;47;107mX[0;1;30;90;47m8[0;34;40m...........    [0m 
  [0;1;30;90;43m.[0;33;5;43;103m;;;;;;;;;;;;;[0;1;30;90;43mS[0;30;5;40;100m8X[0;36;5;40;100m;[0;1;30;90;40m8XXX[0;30;5;40;100m8[0;1;30;90;40m@@@8[0;36;5;40;100mtt[0;30;5;40;100m8[0;1;30;90;43m@[0;33;5;43;103mS:::::;[0;1;30;90;40mSSSS[0;36;5;40;100m [0;37;5;47;107mSSSSSSSSSSSSSSXXXX[0;36;5;40;100m [0;34;40m..........    [0m  
  [0;31;40mX[0;33;5;43;103mt;;;;;;;;;;t[0;33;5;40;100m8[0;30;5;40;100m8@[0;1;30;90;40m8[0;30;5;40;100m8[0;1;30;90;40m8SXX8XXX@[0;30;5;40;100mX[0;1;30;90;40m8[0;30;5;40;100m@XS[0;1;33;93;43m@[0;33;5;43;103m;;;;;[0;1;30;90;40mSS%[0;34;40m;[0;1;30;90;40mX[0;1;37;97;47m:8[0;37;5;47;107m88SSSSSSSSSX8[0;1;37;97;47m8@:[0;34;40m;.........     [0m  
   [0;1;30;90;43m.[0;33;5;43;103m;;;;;;t[0;1;33;93;43m8S[0;1;30;90;43m@@[0;30;5;40;100m8[0;34;40m;;;[0;1;30;90;40m@[0;36;5;40;100mt[0;1;30;90;40m8@8[0;30;5;40;100m8[0;1;30;90;40m88X[0;30;5;40;100mS@[0;1;30;90;40mSSS@[0;33;5;40;100m8[0;1;30;90;43m88[0;1;33;93;43m@[0;33;5;43;103mS;[0;34;40m;;;;;[0;1;30;90;40mX[0;1;30;90;47m@[0;1;37;97;47mS8:;8t88;@;.X%[0;1;30;90;47mS[0;1;30;90;40mX[0;34;40m.........     [0m   
    [0;33;5;43;103mX;;;;;S[0;33;5;40;100m8[0;30;5;40;100mSS@[0;1;30;90;40mX[0;34;40m;;;[0;1;30;90;40mXS[0;34;40m;;;[0;30;5;40;100m@[0;1;30;90;40m%%SS8SS%S[0;30;5;40;100m8[0;36;5;40;100mt%[0;33;5;40;100m%[0;1;33;93;43mS[0;33;5;43;103m;[0;34;40m;;;;;::[0;30;5;40;100mX[0;1;30;90;47mS[0;1;37;97;47m;8%@[0;37;5;47;107m@8[0;1;37;97;47m@%8:[0;1;30;90;47m@[0;30;5;40;100m@[0;34;40m...........    [0m    
    [0;30;41m8[0;33;5;43;103mt;;;;;;[0;1;30;90;43mS[0;30;5;40;100mS[0;1;30;90;40mX[0;34;40m;[0;1;30;90;40mSS[0;34;40m;[0;30;5;40;100m8[0;1;30;90;40m@[0;32;40m;[0;33;5;40;100m%[0;1;30;90;47m8.t[0;33;5;40;100m [0;1;30;90;40m@88@XXSS[0;30;5;40;100m8[0;1;30;90;43m8[0;33;5;43;103mS;;[0;34;40m;;:::::::[0;1;30;90;40m%[0;30;5;40;100m8[0;37;5;40;100m@[0;1;30;90;47m%;;S[0;37;5;40;100m8[0;30;5;40;100m8[0;1;30;90;40m%[0;34;40m...........      [0m    
     [0;1;30;90;43m.[0;33;5;43;103mt;;;;;X[0;1;30;90;40m8[0;34;40m::::[0;1;30;90;40m@[0;34;40m;[0;32;40mt[0;1;30;90;40m8[0;1;30;90;47mS[0;37;5;47;107m@X@[0;1;37;97;47m;[0;33;5;40;100m [0;1;30;90;40mS[0;34;40m;[0;1;30;90;40m8[0;34;40m;;;;[0;30;5;40;100m8[0;1;30;90;43mt[0;33;5;43;103m;;;[0;34;40m:::::::::::[0;30;5;40;100m8[0;1;30;90;47m.[0;1;37;97;47m@@.[0;30;5;40;100mX[0;34;40m............      [0m     
      [0;1;30;90;43m.[0;33;5;43;103mttt;;[0;1;33;93;43m8[0;1;30;90;40mS[0;30;5;40;100m8[0;34;40m::[0;1;30;90;40mS@[0;32;40m;[0;34;40m:[0;32;40m;[0;37;5;40;100mS[0;1;37;97;47mt[0;37;5;47;107m8[0;1;37;97;47m@[0;1;30;90;47mS[0;30;5;40;100m8[0;34;40m::[0;1;30;90;40m@@[0;32;40m;[0;34;40m:[0;1;30;90;40mX[0;30;5;40;100m@[0;1;30;90;43mt[0;33;5;43;103m;;;[0;34;40m:::::::::...[0;37;5;40;100mS[0;1;37;97;47m@@[0;37;5;40;100m8[0;34;40m............      [0m      
       [0;1;30;90;43m.[0;33;5;43;103mttttt[0;31;40m@[0;30;5;40;100m@[0;1;30;90;40m8S[0;30;5;40;100mX[0;32;40m;[0;1;30;90;40m%[0;34;40m:[0;32;40m:[0;30;5;40;100m8@[0;33;5;40;100m%[0;30;5;40;100mS[0;1;30;90;40m@@[0;34;40m:[0;1;30;90;40mS[0;34;40m;[0;1;30;90;40m8[0;30;5;40;100m8[0;1;30;90;40mS[0;36;5;40;100mt[0;32;40m:[0;1;33;93;43m%[0;33;5;43;103m;;;[0;34;40m::::::......[0;30;5;40;100m@[0;1;37;97;47mXX[0;30;5;40;100mS[0;34;40m...........      [0m       
        [0;1;30;90;43m.[0;33;5;43;103mtttt[0;1;33;93;43m%[0;32;40m;[0;30;5;40;100mX[0;34;40m::::[0;1;30;90;40mX8[0;32;40m;[0;34;40m::::[0;1;30;90;40m8@[0;32;40m:[0;34;40m:::[0;1;30;90;40m@8[0;1;30;90;43m;[0;33;5;43;103m;;;;[0;34;40m::..........[0;37;5;40;100m@[0;1;37;97;47m::[0;37;5;40;100m@[0;34;40m.........       [0m        
         [0;1;30;90;43m.[0;33;5;43;103mtttt[0;1;30;90;43m:[0;1;30;90;40m8[0;32;40m;[0;34;40m..;;.[0;32;40m:;[0;1;30;90;40m8[0;32;40m;;[0;34;40m::[0;1;30;90;40mS[0;34;40m:::[0;1;30;90;40m8[0;1;30;90;43mt[0;33;5;43;103m%;;tt[0;34;40m...........[0;1;30;90;40m%[0;1;30;90;47m%[0;1;37;97;47m;%[0;1;30;90;47m;[0;1;30;90;40mX[0;34;40m.......       [0m         
          [0;33;41m8[0;33;5;43;103mXttt@[0;33;5;40;100m8[0;1;30;90;40m@8[0;34;40m;....[0;36;5;40;100m;[0;32;40m;[0;34;40m...:[0;1;30;90;40m8@8[0;1;33;93;43m%[0;33;5;43;103mtttttt[0;34;40m........[0;1;30;90;40m8[0;36;5;40;100m:[0;37;5;40;100m8[0;1;30;90;47m [0;37;5;47;107m8[0;1;37;97;47mtS[0;37;5;47;107m8[0;1;30;90;47m.[0;37;5;40;100m8[0;36;5;40;100m:[0;1;30;90;40m8[0;34;40m..        [0m          
            [0;1;33;93;43m%[0;33;5;43;103mttt[0;33;5;40;100m8[0;30;5;40;100m@@[0;1;30;90;40m8SSX8[0;30;5;40;100m88[0;1;30;90;40m@%S8[0;30;5;40;100m8@@[0;1;30;90;43m%[0;33;5;43;103mtttttt[0;34;40m.......[0;1;30;90;47mX[0;37;5;47;107m8[0;1;37;97;47mSX[0;37;5;47;107m@[0;1;37;97;47m:[0;37;5;47;107m@@[0;1;37;97;47m;[0;37;5;47;107m8[0;1;37;97;47mSt[0;37;5;47;107m8[0;1;30;90;47m;[0;34;40m       [0m            
             [0;1;30;90;43m.[0;33;5;43;103m%S[0;33;5;40;100m8[0;1;30;90;43mX[0;1;33;93;43m@[0;33;5;43;103mt[0;1;33;93;43mS[0;1;30;90;43m;t[0;31;5;40;100mX[0;31;40m88[0;33;5;40;100m8[0;1;30;90;43mt.[0;33;5;43;103m%X[0;1;30;90;43mS8S[0;33;5;43;103mtttttt[0;34;40m.......[0;36;5;40;100m.[0;37;5;40;100m@[0;1;37;97;47mSX 8[0;37;5;47;107m888[0;1;30;90;47m [0;1;37;97;47m%%[0;37;5;40;100mX[0;36;5;40;100m [0;34;40m      [0m             
              [0;31;40m@[0;1;33;93;43mS[0;33;5;43;103mtttttttttttttttttttttttt[0;34;40m.........[0;1;30;90;40mX[0;30;5;40;100mSS[0;36;5;40;100m [0;1;30;90;47m88[0;37;5;40;100mS[0;30;5;40;100mSX[0;1;30;90;40mX[0;34;40m       [0m              
                [0;1;30;90;43m.[0;33;5;43;103m@%%%ttttttttttttttttt%%[0;34;40m.............           [0m                
                  [0;1;30;90;43m.[0;33;5;43;103mS%%%%%%%%%%%%%%%%%%%%[0;34;40m.........             [0m                  
                    [0;1;30;90;43m.[0;33;5;43;103mS%%%%%%%%%%%%%%%%%%[0;34;40m.....               [0m                    
                      [0;1;30;90;43m.[0;33;5;43;103m@%%%%%%%%%%%%%%%%[0;34;40m                  [0m                      
                        [0;1;30;90;43m.[0;1;33;93;43mX[0;33;5;43;103m%%%%%%%%%%%SSS[0;34;40m                [0m                        
                          [0;31;40m8[0;1;30;90;43m [0;33;5;43;103mSSSSSSSSSSSS[0;34;40m              [0m                          
                             [0;1;30;90;43m.[0;1;33;93;43mt[0;33;5;43;103mSSSSSSSSS[0;34;40m           [0m                             
                                [0;1;30;90;43m [0;1;33;93;43m%[0;33;5;43;103mSSSSSS[0;34;40m        [0m                                
                                   [0;1;30;90;43m  [0;33;5;43;103mXSS[0;34;40m     [0m                                   
                                      [0;31;40m8[0;1;30;90;43m [0;34;40m  [0m                                      
