[0;31;40m@[0;1;30;90;41m888888888888888888888888888888888888888888888888888888888888888888888888888888[0;31;40mX[0m
[0;30;41m8[0;31;43m888888888888[0;1;30;90;43mXXXXXXX@@@@@@@@@@@@@@@@@@@XXXXXXX[0;31;43m8888888888888888888888[0;33;41m88888888888[0;31;40m8[0m
[0;30;41m8[0;31;43m888888888[0;1;30;90;43mSXXXXX@@@@@@@@88888888888@@@@@@@XXXXXX[0;31;43m888888888888888888888[0;33;41m8888888888[0;31;40m8[0m
[0;30;41m8[0;31;43m8888888[0;1;30;90;43mSXXXX@@@@@@888888888888888888888@@@@@XXXXX[0;31;43m88888888888888888888[0;33;41m888888888[0;31;40m8[0m
[0;30;41m8[0;31;43m888888[0;1;30;90;43mXXXX@@@@@888888888888888888888888888@@@@@XXXX[0;31;43m8888888888888888888[0;33;41m88888888[0;31;40m8[0m
[0;30;41m8[0;31;43m8888[0;1;30;90;43mXXXX@@@@88888888888888888888888888888888@@@@XXXXS[0;31;43m888888888888888888[0;33;41m8888888[0;31;40m8[0m
[0;30;41m8[0;31;43m888[0;1;30;90;43mXXXX@@@888888888888888888888888888888888888@@@@XXXX[0;31;43m888888888888888888[0;33;41m888888[0;30;41m8[0m
[0;30;41m8[0;31;43m88[0;1;30;90;43mXXX@@@@888888888888888888888888888888888888888@@@XXXX[0;31;43m88888888888888888[0;33;41m888888[0;30;41m8[0m
[0;30;41m8[0;31;43m8[0;1;30;90;43mXXX@@@888888888888888888888888888888888888888888@@@XXXX[0;31;43m88888888888888888[0;33;41m88888[0;30;41m8[0m
[0;30;41m8[0;1;30;90;43mXXX@@@88888888888888888888888888888888888888888888@@@XXXX[0;31;43m88888888888888888[0;33;41m8888[0;30;41m8[0m
[0;30;41m8[0;1;30;90;43mXX@@@8888888888888888888888888888888888888888888888@@@XXXX[0;31;43m8888888888888888[0;33;41m8888[0;30;41m8[0m
[0;30;41m8[0;1;30;90;43mXX@@@88888888888888888[0;33;5;40;100m%t[0;1;30;90;43m8888[0;33;5;40;100mt[0;1;30;90;43m88888888888888888888888@@@XXX[0;31;43m88888888888888888[0;33;41m888[0;30;41m8[0m
[0;30;41m8[0;1;30;90;43mX@@@88888888888888888[0;33;5;40;100m%[0;30;5;40;100mX@[0;33;5;40;100mt[0;1;30;90;43m88[0;33;5;40;100m;;ttt%tt%%[0;1;30;90;43m8888888888888888@@@XXX[0;31;43m8888888888888888[0;33;41m888[0;30;41m8[0m
[0;30;41m8[0;1;30;90;43mX@@8888888888888888[0;33;5;40;100m%S[0;30;5;40;100m@XX[0;33;5;40;100m:;;[0;30;5;40;100mS[0;36;5;40;100mt[0;33;5;40;100m;[0;30;5;40;100mS[0;36;5;40;100mt[0;30;5;40;100m%SSS[0;33;5;40;100m%%tSS[0;1;30;90;43m888888888888@@@XXX[0;31;43m8888888888888888[0;33;41m888[0;30;41m8[0m
[0;30;41m8[0;1;30;90;43m@@@888888888888888[0;33;5;40;100m%[0;30;5;40;100mS@XS[0;36;5;40;100m;%[0;30;5;40;100m%[0;36;5;40;100m%%:t;[0;30;5;40;100m%[0;36;5;40;100mt%[0;30;5;40;100mXSSXX@[0;31;5;40;100mS[0;33;5;40;100mXS@@[0;1;30;90;43m888888888@@XXX[0;31;43m8888888888888888[0;33;41m888[0;30;41m8[0m
[0;30;41m8[0;1;30;90;43m@@@88888[0;33;5;40;100m8[0;1;30;90;43m88[0;37;5;40;100m@[0;33;5;40;100m@[0;1;30;90;43m888[0;33;5;40;100mSS%[0;30;5;40;100mSS[0;36;5;40;100mtt[0;30;5;40;100mS[0;36;5;40;100m%ttt[0;37;5;40;100mSXS[0;36;5;40;100m .[0;30;5;40;100mS[0;36;5;40;100mt[0;30;5;40;100mSSS@X@888[0;31;5;40;100mXSS[0;33;5;40;100m88[0;1;30;90;43m88888@@@XXX[0;31;43m8888888888888888[0;33;41m88[0;30;41m8[0m
[0;30;41m8[0;1;30;90;43m@@@88[0;31;5;40;100m@[0;33;5;40;100m8[0;37;5;40;100mX[0;33;5;40;100m8S[0;1;37;97;47mS[0;33;5;40;100m;S[0;30;5;40;100m8[0;31;5;40;100mX[0;30;5;40;100m@@XXXX[0;36;5;40;100mt[0;30;5;40;100mS[0;36;5;40;100m%tt; [0;37;5;47;107m:   .%[0;1;37;97;47m8.[0;36;5;40;100m [0;30;5;40;100mS%88@[0;1;30;90;40m8[0;30;5;40;100m88[0;1;30;90;40m8888[0;30;5;40;100m8@[0;33;5;40;100m88[0;1;30;90;43m8@@@XXX[0;31;43m8888888888888888[0;33;41m88[0;30;41m8[0m
[0;30;41m8[0;1;30;90;43m@@@8[0;1;30;90;40m8X8XX[0;1;37;97;47m:[0;1;30;90;47mS[0;1;30;90;40m88[0;30;5;40;100m8@[0;33;5;40;100m:.[0;36;5;40;100m [0;30;5;40;100m@XXS[0;36;5;40;100mtt;:[0;37;5;40;100m8[0;37;5;47;107m%        X[0;36;5;40;100m.[0;30;5;40;100m@XX@@8[0;1;30;90;40m8[0;30;5;40;100m8[0;1;30;90;40m@88X@X8[0;31;5;40;100m8@[0;1;30;90;43m8@@XX[0;31;43m8888888888888888[0;33;41m88[0;30;41m8[0m
[0;30;41m8[0;1;30;90;43m@@@[0;31;5;40;100m@[0;1;30;90;40m@888[0;30;5;40;100m%[0;37;5;47;107m;[0;36;5;40;100m.[0;30;5;40;100m@X[0;1;30;90;40m8[0;30;5;40;100m8[0;33;5;40;100m% [0;36;5;40;100m [0;30;5;40;100mXXXSS[0;36;5;40;100mtt [0;1;37;97;47mX[0;37;5;47;107m          [0;1;30;90;47mt[0;30;5;40;100m@888[0;1;30;90;40m8[0;30;5;40;100m88[0;1;30;90;40m88888@@XSSSX[0;31;5;40;100mX[0;1;30;90;43mXX[0;31;43m8888888888888888[0;33;41m88[0;30;41m8[0m
[0;30;41m8[0;1;30;90;43m@@@[0;33;5;40;100m8[0;30;5;40;100m888@[0;1;30;90;47m8[0;37;5;47;107m;[0;36;5;40;100m :[0;37;5;47;107mS[0;30;5;40;100m8[0;1;30;90;40m8[0;30;5;40;100m888@@XXSS%[0;36;5;40;100mt[0;37;5;40;100m%[0;37;5;47;107m.       [0;1;37;97;47mX[0;36;5;40;100m [0;30;5;40;100mS@888[0;1;30;90;40m8888@@XXSSXSSS[0;36;5;40;100m  [0;30;5;40;100mX[0;31;5;40;100mX[0;31;43m8888888[0;33;5;40;100m8[0;31;40m88[0;1;30;90;41m8[0;31;43m88888[0;33;41m88[0;30;41m8[0m
[0;30;41m8[0;1;30;90;43mX@@@88[0;1;30;90;47mX[0;37;5;47;107m8[0;1;30;90;47m.[0;37;5;47;107m;[0;1;30;90;47mX[0;1;37;97;47m:[0;1;30;90;47mX[0;33;5;40;100m.[0;30;5;40;100m88888@@XXSSS%[0;1;37;97;47mX[0;37;5;47;107m     .8[0;36;5;40;100m [0;30;5;40;100m@@888[0;1;30;90;40m8888@@XXSSS[0;34;40m;;;[0;1;30;90;40mS[0;1;30;90;47m.[0;37;5;47;107mtt[0;1;37;97;47m8[0;1;30;90;47m.X[0;33;5;40;100m%[0;31;43m888[0;33;5;40;100m%[0;35;5;40;100m [0;31;40mX[0;1;30;90;41m8[0;31;40m:X[0;31;43m888[0;33;41m888[0;30;41m8[0m
[0;31;40m8[0;1;30;90;43mX@@@[0;1;30;90;41mXS88[0;1;37;97;47mS[0;37;5;47;107m;[0;35;5;40;100mt[0;1;31;91;41m8[0;31;5;40;100mS[0;33;5;40;100m;[0;31;5;40;100m8[0;30;5;40;100m88888@@XXXXS[0;1;30;90;47m8[0;37;5;47;107m    X[0;36;5;40;100m [0;30;5;40;100m@@@8888[0;1;30;90;40m888[0;36;5;40;100m;. [0;1;30;90;40mXXSS%[0;34;40m;;;[0;30;5;40;100mX[0;37;5;47;107m%tttttt[0;1;37;97;47mS[0;33;5;40;100m [0;31;43m8[0;1;30;90;40m8[0;34;40m:[0;33;5;40;100m8[0;33;41m8[0;31;40m;t[0;31;43m888[0;33;41m888[0;31;40m8[0m
[0;31;40m@[0;1;30;90;43mX@@@88[0;30;5;40;100m8[0;31;40m8[0;30;5;40;100mS@[0;1;30;90;40m8[0;30;5;40;100m8[0;35;5;40;100m [0;1;30;90;41m88[0;1;30;90;40m88[0;30;5;40;100m88888@@@@%[0;1;30;90;47m;[0;1;37;97;47m.[0;37;5;47;107m%[0;1;37;97;47m8[0;1;30;90;47mX[0;30;5;40;100m@@@8888[0;1;30;90;40m888[0;30;5;40;100m8[0;37;5;40;100mS[0;37;5;47;107mXS[0;1;37;97;47m%%[0;30;5;40;100m@[0;1;30;90;40mSS[0;34;40m;;;;[0;36;5;40;100m [0;1;30;90;47mS[0;37;5;47;107m@tttt%[0;1;37;97;47m;[0;1;30;90;47mX[0;1;30;90;40m8[0;31;40mt[0;34;40m.[0;31;40m@;;[0;1;30;90;41m8[0;31;43m888[0;33;41m888[0;31;40m@[0m
[0;31;40m%[0;1;30;90;43mXX@@[0;33;5;40;100m8[0;30;5;40;100m8[0;1;30;90;40m@[0;30;5;40;100m8[0;1;30;90;40mX[0;30;5;40;100m8[0;33;5;40;100m888[0;1;30;90;40m88[0;33;5;40;100m@[0;31;5;40;100m@[0;1;30;90;40m8[0;30;5;40;100m888888@X@@[0;36;5;40;100m; [0;30;5;40;100mSX888888[0;1;30;90;40m888[0;36;5;40;100m;[0;1;37;97;47m@[0;37;5;47;107m:;;;[0;1;37;97;47m [0;1;30;90;47m:[0;30;5;40;100m8[0;1;30;90;40mX[0;34;40m;;;;:[0;30;5;40;100mS[0;37;5;40;100m8[0;37;5;47;107mtttS[0;1;30;90;47m:[0;31;40mt[0;31;5;40;100m8[0;1;30;90;41m8[0;31;40m8::[0;1;30;90;41m8[0;31;43m88888[0;33;41m888[0;31;40mS[0m
 [0;1;30;90;43mXXX@@@88[0;33;5;40;100m88[0;1;30;90;43m888[0;33;5;40;100m88[0;1;30;90;43m88[0;33;5;40;100mX@X[0;30;5;40;100m@888888888888888[0;1;30;90;40m888[0;30;5;40;100m8[0;1;37;97;47m@[0;37;5;47;107m::;;;;;@[0;1;37;97;47m8[0;1;30;90;40mS[0;34;40m;;;:::[0;36;5;40;100m. [0;1;37;97;47m%[0;1;30;90;47m8[0;36;5;40;100m [0;34;40m..[0;1;30;90;40m8[0;31;43m88[0;31;5;40;100m8[0;34;40m.[0;31;40mS[0;1;30;90;41m8[0;31;43m888[0;33;41m8888[0m 
 [0;1;30;90;41m8[0;1;30;90;43mXXX@@@88888888888888[0;33;5;40;100mX[0;1;30;90;47m :[0;37;5;47;107m8[0;1;30;90;47mt.%[0;36;5;40;100m;[0;30;5;40;100m88[0;1;30;90;40m8888888[0;37;5;40;100mS[0;1;30;90;47m [0;37;5;47;107m:;;;;;;;%[0;36;5;40;100m [0;34;40m;;;:::::;[0;1;30;90;40mX[0;34;40m.:..[0;31;40mt[0;31;43m88[0;31;5;40;100m8[0;34;40m.[0;37;5;40;100m@[0;1;37;97;47m8[0;33;5;40;100mS[0;31;43m8[0;33;41m8888[0;1;30;90;41m8[0m 
 [0;31;40m8[0;1;30;90;43mXXXX@@@88888888888888[0;37;5;40;100m8[0;37;5;47;107mX::[0;1;37;97;47m@[0;36;5;40;100m [0;1;30;90;40m888888888[0;36;5;40;100m [0;37;5;47;107m:;;;;;;;;t@[0;30;5;40;100mS[0;34;40m;;:::::::.....:[0;31;43m88[0;31;40m8[0;34;40m.[0;36;5;40;100m%[0;37;5;47;107mS[0;1;37;97;47m%[0;33;41m88888[0;30;41m8[0m 
  [0;31;43m8[0;1;30;90;43mXXXX@@@88888888888888[0;33;5;40;100mS[0;1;37;97;47m.[0;37;5;40;100m@[0;30;5;40;100m8[0;1;30;90;40m888888@@@@@[0;1;30;90;47mS[0;37;5;47;107m;;;;;;;ttt[0;36;5;40;100m [0;34;40m;;;;;[0;31;40m:[0;34;40m:::....[0;1;30;90;40m88[0;33;5;40;100m8[0;31;43m8[0;31;40m;[0;34;40m..[0;1;37;97;47mX[0;37;5;47;107mX[0;33;5;40;100m8[0;33;41m8888[0;31;40m;[0m 
  [0;1;30;90;41m8[0;31;43m8[0;1;30;90;43mXXXX@@@@88888888888888[0;30;5;40;100m8[0;1;30;90;40m8@[0;30;5;40;100m8[0;1;30;90;40m8@@@@XXXX8[0;37;5;47;107mS[0;1;37;97;47m@:[0;1;30;90;47mtS[0;37;5;47;107m8t[0;1;37;97;47m8[0;1;30;90;47m:[0;36;5;40;100m [0;1;30;90;40mS[0;34;40m;;:[0;37;5;40;100m@[0;30;5;40;100m@[0;31;5;40;100mS[0;31;40m@;[0;34;40m:...;[0;1;37;97;47m%S[0;33;5;40;100mt[0;31;43m8[0;31;40mS[0;34;40m.:[0;36;5;40;100m [0;1;30;90;47mX[0;31;43m8[0;33;41m888[0;1;30;90;41m8[0m  
  [0;31;40mt[0;31;43m888[0;1;30;90;43mXXXX@@@@88888888888[0;33;5;40;100m8[0;1;30;90;40m@X@[0;37;5;40;100m8[0;37;5;47;107mt[0;1;37;97;47m%[0;1;30;90;40m8X8@[0;30;5;40;100m8[0;31;5;40;100m@S[0;33;5;40;100m8[0;1;30;90;43m888[0;33;5;40;100m;[0;1;30;90;47mS[0;37;5;40;100m8[0;31;5;40;100mS[0;32;40m;[0;34;40m;:::[0;1;30;90;40mS[0;1;30;90;47m:[0;37;5;47;107mt[0;1;30;90;47mt[0;1;30;90;43mX[0;31;43m88[0;1;30;90;43mX[0;31;5;40;100m8[0;30;41m8[0;1;30;90;47mS[0;1;37;97;47mX[0;37;5;47;107m%S[0;1;30;90;47mt[0;1;30;90;41m8[0;33;41m8[0;31;40m@:[0;34;40m.[0;31;40m;[0;33;41m8888[0;31;40m%[0m  
   [0;1;30;90;41m8[0;31;43m888[0;1;30;90;43mXXXXX@@@@888888888[0;33;5;40;100m8[0;1;30;90;40mSSS[0;30;5;40;100m%[0;37;5;47;107m%%%[0;1;37;97;47m.[0;1;30;90;47m%[0;33;5;40;100m8[0;1;30;90;43m888888@@@@@@[0;33;5;40;100m8[0;31;5;40;100mX8[0;31;40mt[0;1;30;90;40m8[0;1;30;90;47m;[0;37;5;47;107mtt[0;1;30;90;47m8[0;31;43m88888[0;33;5;40;100mt[0;1;30;90;47mt[0;37;5;47;107mSX[0;34;40m;[0;31;40m:[0;1;30;90;41m@[0;31;43m8[0;33;41m8[0;30;41m8[0;34;40m:[0;33;41m888[0;1;30;90;41m8[0m   
    [0;33;41m8[0;31;43m8888[0;1;30;90;43mXXXXX@@@@@@88888[0;31;5;40;100m@[0;1;30;90;40m%SS8[0;1;37;97;47m8[0;37;5;47;107m;t8[0;1;37;97;47m [0;31;5;40;100mX[0;1;30;90;43m888@@@@@@XXXXX[0;31;43m8[0;31;5;40;100m@[0;34;40m:[0;36;5;40;100m [0;37;5;47;107m%[0;1;37;97;47mt[0;33;5;40;100m;[0;31;5;40;100m8[0;31;43m8888[0;31;5;40;100m8[0;34;40m.[0;30;5;40;100mX[0;36;5;40;100m [0;34;40m;[0;31;5;40;100m8[0;1;30;90;41m8[0;31;43m8[0;33;41m88[0;1;30;90;40mX[0;33;41m888[0m    
    [0;31;40mS[0;31;43m888888[0;1;30;90;43mXXXXXX@@@@@@@@[0;1;30;90;40m8[0;34;40m;;;[0;30;5;40;100m8[0;36;5;40;100m [0;37;5;40;100mX[0;36;5;40;100m [0;1;30;90;40mS8[0;33;5;40;100m8[0;1;30;90;43m@@@@@@XXXXXX[0;31;43m88[0;1;30;90;43mX[0;31;40mS[0;34;40m:[0;1;30;90;40mS%[0;31;40m;[0;1;30;90;40m@[0;31;5;40;100m@[0;31;43m8888[0;31;40m%[0;34;40m...[0;31;40m%8[0;31;43m8[0;33;41m888[0;1;30;90;41m8[0;33;41m88[0;31;40mS[0m    
     [0;31;40m8[0;31;43m88888888[0;1;30;90;43mXXXXXXXX@@[0;30;5;40;100m8[0;1;30;90;40mSS%[0;31;5;40;100m8[0;33;5;40;100m8[0;1;30;90;40mS[0;34;40m;;;[0;31;5;40;100mX[0;1;30;90;43m@@XXXXXXXX[0;31;43m888[0;1;30;90;43mS[0;31;5;40;100m8[0;31;40m;[0;34;40m..[0;31;40m;S[0;31;5;40;100m@[0;33;5;40;100m8[0;31;43m8888[0;31;40m8[0;34;40m...[0;31;40m;[0;1;30;90;41m8[0;33;41m8888888[0;31;40m8[0m     
      [0;30;41m8[0;31;43m8888888888[0;1;30;90;43mXXXXX[0;31;5;40;100m@[0;31;40m%[0;34;40m:::;[0;33;5;40;100m8[0;31;5;40;100mX[0;1;30;90;40mS[0;34;40m;;[0;30;5;40;100m8[0;1;30;90;43m@XXXXXXS[0;31;43m8888[0;1;30;90;43mX[0;31;5;40;100m8[0;31;40m%[0;34;40m;;;[0;1;30;90;40m8[0;31;5;40;100m@[0;31;43m88888[0;33;41m8[0;1;30;90;40m8[0;34;40m....[0;31;5;40;100m@[0;1;30;90;41m8[0;33;41m888888[0;30;41m8[0m      
       [0;1;30;90;41m8[0;31;43m8888888888888[0;1;30;90;43mX[0;31;5;40;100mX[0;1;30;90;40m8[0;34;40m::[0;31;40mS[0;31;5;40;100mX8[0;34;40m:::;[0;31;5;40;100mX[0;1;30;90;43mXX[0;31;43m888888888[0;31;5;40;100m8[0;1;30;90;40m8[0;31;40m;[0;34;40m...[0;1;30;90;40m8[0;31;43m88888[0;1;30;90;41m@[0;30;41m8[0;31;40m:[0;34;40m.::[0;31;40mX[0;1;30;90;41m8[0;33;41m8888888[0;1;30;90;41m8[0m       
        [0;30;41m8[0;31;43m8888888888888[0;31;5;40;100m8[0;1;30;90;41m8[0;31;5;40;100m@[0;33;5;40;100m8[0;1;30;90;43mX[0;31;5;40;100m8[0;1;30;90;40m8[0;34;40m::[0;31;40m:[0;30;5;40;100m8[0;1;30;90;43mS[0;31;43m88888888888[0;1;30;90;43mX[0;1;30;90;40m8[0;31;40mSS8[0;31;5;40;100m@[0;31;43m88888[0;31;5;40;100m8[0;1;30;90;41m8[0;31;40mt[0;34;40m...[0;31;40m%[0;33;41m88888888[0;30;41m8[0m        
         [0;31;40m8[0;31;43m88888888888888888[0;1;30;90;43mX[0;1;30;90;40m8[0;31;40m@[0;1;30;90;41m8[0;33;5;40;100m8[0;31;43m8888888888888888888888888[0;31;5;40;100m8[0;31;40mSX8[0;1;30;90;41m8[0;33;41m88888888[0;31;40m8[0m         
          [0;31;40mS[0;33;41m8[0;31;43m888888888888888888888888888888888888888888888888[0;33;41m888888888[0;31;40mX[0m          
            [0;1;30;90;41m8[0;31;43m888888888888888888888888888888888888888888888[0;33;41m888888888[0;1;30;90;41m8[0m            
             [0;30;41m8[0;31;43m88888888888888888888888888888888888888888[0;33;41m88888888888[0;30;41m8[0m             
              [0;31;40mt[0;1;30;90;41m8[0;31;43m8888888888888888888888888888888888888[0;33;41m88888888888[0;1;30;90;41m8[0;31;40mt[0m              
                [0;31;40m@[0;33;41m8[0;31;43m8888888888888888888888888888888[0;33;41m88888888888888[0;31;40m@[0m                
                  [0;30;41m8[0;33;41m8[0;31;43m8888888888888888888888888[0;33;41m8888888888888888[0;30;41m8[0m                  
                    [0;30;41m8[0;33;41m8[0;31;43m88888888888888888[0;33;41m88888888888888888888[0;30;41m8[0m                    
                      [0;31;40m8[0;33;41m8888888888888888888888888888888888[0;30;41m8[0m                      
                        [0;31;40m8[0;33;41m88888888888888888888888888888@[0;31;40m8[0m                        
                          [0;31;40m%[0;1;30;90;41m8[0;33;41m888888888888888888888888[0;1;30;90;41m8[0;31;40mS[0m                          
                             [0;31;40m8[0;1;30;90;41m8[0;33;41m888888888888888888[0;1;30;90;41m8[0;31;40m8[0m                             
                                [0;31;40m8[0;1;30;90;41m8[0;33;41m888888888888[0;1;30;90;41m8[0;31;40m8[0m                                
                                   [0;31;40m@[0;1;30;90;41m8[0;33;41m888888[0;1;30;90;41m8[0;31;40m8[0m                                   
                                      [0;31;40m%88S[0m                                      
