[0;30;44m8[0;1;34;94;44m........:::::::::::::::::::::::::::::::::::::::::................ [0;35;44m@[0;1;30;90;41m.  %[0;31;5;40;100m8[0;35;5;40;100mt[0;31;5;40;100m%[0;1;30;90;41m8;[0;30;41m  8[0m
[0;30;44m%[0;1;34;94;44m888888[0;34;5;44;104m888888888888888888888888888888888888888888888[0;1;34;94;44m8888888888888S[0;31;45m8[0;1;31;91;41m88X[0;1;30;90;47m8[0;1;37;97;47m:SSS%[0;1;30;90;47m.[0;35;5;40;100m [0;1;31;91;41mX[0;30;41m%[0m
[0;30;44m%[0;1;34;94;44m8888[0;34;5;44;104m888888888888888888888888888888888888888888888888[0;1;34;94;44m88888888888[0;1;30;90;45m:[0;1;31;91;41m@88@[0;1;30;90;47mt[0;1;37;97;47mXSSSSS%%[0;37;5;40;100m%[0;30;41m%[0m
[0;30;44m%[0;1;34;94;44m888[0;34;5;44;104m88888888888888[0;1;34;94;44m8@X@8[0;34;5;44;104m88888888888888888888888888888888[0;1;34;94;44m8888888[0;35;44m8[0;35;41m%[0;1;31;91;41m8888[0;31;5;40;100m@[0;1;37;97;47m%XXSSSSS%[0;1;30;90;47m:[0;30;41mX[0m
[0;30;44m%[0;1;34;94;44m8[0;34;5;44;104m888888888888[0;1;34;94;44m8[0;1;30;90;44m8[0;36;5;40;100m:[0;37;5;40;100mS8[0;1;30;90;47m@XX8[0;37;5;40;100m8[0;36;5;40;100m [0;34;5;40;100mS[0;1;34;94;44m8[0;34;5;44;104m888888888888888888888888888888[0;1;34;94;44m888S[0;35;41m8[0;1;31;91;41m888888S[0;1;37;97;47m.XXXSSSS%[0;1;30;90;47m8[0;30;41mS[0m
[0;30;44m%[0;34;5;44;104m88888888888[0;1;34;94;44m@[0;1;30;90;44m8[0;36;5;40;100m [0;37;5;40;100m@[0;1;30;90;47mX%%%%%tttt8[0;1;30;90;44m8[0;34;5;44;104m888888888888888888888888888888[0;1;34;94;44m8[0;1;30;90;45m;[0;1;31;91;41m888888888[0;31;5;40;100m%[0;1;37;97;47m XXSSS%[0;1;30;90;47mX[0;1;31;91;41mS[0;30;41m%[0m
[0;30;44m%[0;34;5;44;104m8888888888[0;1;30;90;44mS[0;36;5;40;100mt[0;37;5;40;100mX8[0;1;30;90;47m%%%%ttttttttS[0;1;30;90;44m8[0;34;5;44;104m8888888888888888888888888888[0;34;45m8[0;1;31;91;41mX88[0;1;30;90;41m8[0;1;30;90;47m8X%@[0;37;5;40;100m;[0;1;31;91;41mX88@[0;35;5;40;100mt[0;1;30;90;47m888[0;37;5;40;100m%[0;1;30;90;41m8[0;1;31;91;41m@@[0;30;41m%[0m
[0;30;44m%[0;34;5;44;104m888888888[0;1;34;94;44mX[0;1;30;90;40m8[0;37;5;40;100mS[0;1;30;90;47mX%8[0;37;5;40;100mS[0;36;5;40;100m t t  [0;1;30;90;47m@;;;;[0;36;5;40;100m [0;34;5;44;104m@@@@@@@8888888888888888888[0;35;44mX[0;35;41m8[0;31;5;41;101m88[0;1;31;91;41m8[0;1;30;90;47mX[0;1;37;97;47m@88@@@%[0;37;5;40;100mt[0;1;31;91;41m88888888@[0;31;45m8[0;30;44mX[0m
[0;30;44m%[0;34;5;44;104m888888888[0;1;30;90;44m8[0;36;5;40;100m [0;1;30;90;40m8[0;36;5;40;100m.[0;30;5;40;100m%8[0;36;5;40;100m [0;1;30;90;40m88[0;1;30;90;47m8[0;30;5;40;100m8[0;1;30;90;40m88[0;36;5;40;100mt[0;1;30;90;47m8;;:[0;37;5;40;100mX[0;34;5;44;104m@@@@@@@@@@88888888888888[0;1;34;94;44m8[0;1;30;90;45mt[0;31;5;41;101m8888[0;1;30;90;47m8[0;1;37;97;47m88888@@@S[0;31;5;40;100m%[0;1;31;91;41m888888[0;35;41mS[0;35;44mX[0;1;34;94;44m@[0;30;44m%[0m
[0;30;44m%[0;34;5;44;104m888888888[0;1;30;90;44m8[0;36;5;40;100m [0;1;30;90;40m@[0;36;5;40;100m :[0;1;30;90;40m@[0;37;5;40;100mS[0;36;5;40;100m%[0;1;30;90;40m8[0;36;5;40;100m  [0;1;30;90;40m888[0;1;30;90;47m@:::[0;36;5;40;100m [0;34;5;44;104mXX@@@@@@@@@@88888888888[0;1;30;90;45mt[0;1;31;91;41m@[0;31;5;41;101m88888[0;1;30;90;47mt[0;1;37;97;47m88888@@@@[0;35;5;40;100m [0;1;31;91;41m8888S[0;34;45m8[0;1;34;94;44m@88[0;30;44m%[0m
[0;30;44m%[0;34;5;44;104m888888888[0;1;34;94;44m8[0;34;5;40;100mX[0;36;5;40;100m;[0;30;5;40;100m8[0;37;5;40;100m@[0;1;30;90;40m8[0;30;5;40;100mX[0;37;5;40;100m8[0;30;5;40;100m88[0;37;5;40;100m8[0;36;5;40;100m.[0;30;5;40;100m88[0;1;30;90;47mS..8[0;34;5;44;104m8XXXXXXX@@@@@@@8888888[0;35;44m8[0;35;41m8[0;31;5;41;101m8888888[0;35;5;40;100m:[0;1;37;97;47mS88888@@ [0;1;31;91;41mX888[0;1;30;90;45m:[0;1;34;94;44mX8888[0;30;44m%[0m
[0;30;44m%[0;34;5;44;104m8888888888[0;1;34;94;44m@[0;34;5;40;100mS[0;30;5;40;100m@[0;36;5;40;100m;[0;37;5;40;100mX[0;30;5;40;100m8[0;36;5;40;100m;[0;37;5;40;100mS[0;30;5;40;100m8@[0;37;5;40;100m8[0;30;5;40;100mX[0;36;5;40;100m [0;1;30;90;47m. S[0;1;30;90;44m8[0;34;5;44;104mXXXXXXXXXX@@@@@@8888[0;1;34;94;44m8[0;1;30;90;45mS[0;31;5;41;101m888[0;1;31;91;41m8@@8[0;31;5;41;101m888[0;31;5;40;100mS[0;1;30;90;47m;[0;1;37;97;47mX888%[0;1;30;90;47m8[0;1;31;91;41mX88[0;35;41m@[0;35;44mS[0;1;34;94;44m888888[0;30;44m%[0m
[0;30;44m%[0;34;5;44;104m88888888888[0;1;34;94;44m8[0;34;5;40;100m8[0;1;30;90;40m8[0;30;5;40;100mS[0;36;5;40;100m [0;30;5;40;100m@S[0;36;5;40;100m.%. [0;1;30;90;47m% .[0;36;5;40;100m;[0;34;5;44;104mXXXXXXXXXXXXX@@@@@88[0;1;30;90;45mX[0;1;31;91;41m8[0;31;5;41;101m88[0;35;5;40;100m [0;1;37;97;47m X@@%[0;1;30;90;47m%[0;31;5;40;100m%[0;31;5;41;101m88[0;1;31;91;41m8@[0;1;30;90;41m8[0;35;5;40;100m%[0;1;30;90;41m8[0;1;31;91;41m@88S[0;34;45m8[0;1;34;94;44m88888888[0;30;44m%[0m
[0;30;44m%[0;34;5;44;104m888888888888@[0;1;30;90;44m8[0;37;5;40;100mS[0;1;30;90;47m88S@X:  [0;1;37;97;47m [0;1;30;90;47m8[0;34;5;44;104m@XXXXXXXXXXXXXX@@@@[0;1;30;90;45m8[0;35;41m8[0;31;5;41;101m888[0;1;30;90;47mX[0;1;37;97;47m8888888X[0;35;5;40;100m [0;31;5;41;101m8888[0;1;31;91;41m8888[0;1;30;90;45m:[0;1;34;94;44m8888888888[0;30;44m%[0m
[0;30;44m%[0;34;5;44;104m88888888888@@[0;1;30;90;44m8[0;36;5;40;100m [0;1;30;90;47m:...  [0;1;37;97;47m   [0;1;30;90;47mt[0;36;5;40;100mt[0;36;5;44;104mXXXXX[0;34;5;44;104mSXXXXXXXXX@[0;1;34;94;44m8[0;1;30;90;45m8[0;31;5;41;101m@@88[0;35;5;40;100m;[0;1;37;97;47m@[0;37;5;47;107m8[0;1;37;97;47m8888888.[0;1;31;91;41m8[0;31;5;41;101m888[0;1;31;91;41m88[0;35;41m8[0;1;34;94;44mS88888888888[0;30;44m%[0m
[0;30;44m%[0;34;5;44;104m88888888888@8[0;34;5;40;100mX[0;37;5;40;100mX[0;1;30;90;47m:..  [0;1;37;97;47m   [0;1;30;90;47m;%X8[0;37;5;40;100m;[0;36;5;40;100m;;;t[0;36;5;44;104mX[0;34;5;44;104mXXXXXXX@[0;1;30;90;45m8[0;31;5;41;101m8@@@88[0;35;5;40;100mt[0;1;37;97;47mX[0;37;5;47;107m88[0;1;37;97;47m888888[0;1;30;90;47m.[0;1;31;91;41m8[0;31;5;41;101m888[0;35;41mS[0;34;45m8[0;1;34;94;44m8888888888888[0;30;44m%[0m
[0;30;44m%[0;34;5;44;104m888888888[0;1;34;94;44m8X[0;36;5;40;100m:[0;1;30;90;47mX;%:..  [0;1;37;97;47m [0;1;30;90;47mtS:[0;1;37;97;47m..[0;1;30;90;47m%[0;37;5;40;100m8X[0;1;30;90;47m8;[0;36;5;40;100m [0;36;5;44;104m8[0;34;5;44;104mSXXXXX[0;1;30;90;45m8[0;31;45m8[0;31;5;41;101mX@@@@888[0;1;30;90;47m8[0;1;37;97;47mX[0;37;5;47;107m8[0;1;37;97;47m88888;[0;31;5;40;100mS[0;31;5;41;101m88[0;1;31;91;41m8[0;1;30;90;45m;[0;1;34;94;44m888888888888888[0;30;44m%[0m
[0;30;44m%[0;34;5;44;104m8888888[0;1;34;94;44m8[0;36;5;40;100m [0;1;30;90;47mStX8::..;X;[0;1;37;97;47m  ..[0;1;30;90;47m:[0;37;5;40;100m@[0;1;30;90;47m@:88:[0;36;5;40;100m [0;36;5;44;104mXX[0;34;5;44;104mXXX[0;1;30;90;45m88[0;31;5;41;101mXX8[0;1;30;90;47m8888[0;35;5;40;100m.[0;31;5;41;101m888[0;1;30;90;41m8[0;1;30;90;47m8[0;1;37;97;47m.tt[0;1;30;90;47m:[0;37;5;40;100m%[0;1;31;91;41m8[0;31;5;41;101m88[0;31;45m8[0;1;34;94;44mX[0;34;5;44;104m8[0;1;34;94;44m888888888888888[0;30;44m%[0m
[0;30;44m%[0;34;5;44;104m8888888[0;1;30;90;44mX[0;1;30;90;47mSt;;@S%@X%  [0;1;37;97;47m  .[0;1;30;90;47m;[0;36;5;40;100m [0;1;30;90;47m8S%X8[0;37;5;40;100m@[0;36;5;40;100mt[0;36;5;44;104mX[0;34;5;44;104mSX[0;35;5;44;104m@[0;1;30;90;45m8[0;31;5;41;101mXXX[0;1;30;90;47m8[0;1;37;97;47m@[0;37;5;47;107m@8888[0;1;37;97;47mt[0;35;5;40;100m [0;31;5;41;101m888888888[0;35;41m@[0;35;44m8[0;34;5;44;104m888[0;1;34;94;44m888888888888888[0;30;44m%[0m
[0;30;44m%[0;34;5;44;104m88888888[0;34;5;40;100m@[0;1;30;90;47m8t8[0;37;5;40;100m8S[0;1;30;90;47m::..  [0;1;37;97;47m  [0;1;30;90;47m;[0;36;5;40;100m:[0;34;5;44;104m@[0;36;5;44;104m@@@@@XX[0;34;5;44;104mSX[0;1;30;90;45m8[0;1;31;91;45m8[0;31;5;41;101mXXX[0;1;30;90;47m8[0;37;5;47;107m8@@88888[0;1;37;97;47mX[0;35;5;40;100m;[0;31;5;41;101m888888[0;1;31;91;41m8[0;1;30;90;45mt[0;34;5;44;104m88888[0;1;34;94;44m888888888888888[0;30;44m%[0m
[0;30;44m%[0;34;5;44;104m88888888[0;1;34;94;44m@[0;37;5;40;100m8[0;1;30;90;47mt[0;37;5;40;100m@88[0;1;30;90;47m:::;.  %[0;36;5;40;100mt[0;34;5;44;104mXXSSSSSSX[0;1;30;90;45m88[0;31;5;41;101mXXXXX[0;1;37;97;47m:[0;37;5;47;107m@@@888888[0;1;30;90;47m8[0;31;5;41;101m88888[0;1;30;90;45mt[0;1;34;94;44m8[0;34;5;44;104m888888[0;1;34;94;44m888888888888888[0;30;44m%[0m
[0;30;44mS[0;34;5;44;104m888888888[0;36;5;40;100m [0;1;30;90;47mtt%;;t[0;37;5;40;100mS[0;1;30;90;44m8[0;34;5;40;100mS[0;36;5;40;100m.;[0;34;5;44;104m8XXXXXXXX[0;35;5;44;104m8[0;1;30;90;45m8[0;31;5;41;101mXXXXXXX[0;1;30;90;47m8[0;37;5;47;107m8@888888[0;1;37;97;47mX[0;35;5;40;100mt[0;31;5;41;101m888[0;35;41m8[0;35;44m8[0;34;5;44;104m8888888[0;1;34;94;44m8888888888888888[0;30;44mS[0m
[0;30;44m8[0;34;5;44;104m888888888[0;1;34;94;44m8[0;36;5;40;100m;[0;37;5;40;100mX8S[0;36;5;40;100m [0;1;30;90;44m8[0;34;5;44;104m@@XXXXXXXXXXX[0;1;30;90;45m8[0;35;5;41;101m8[0;31;5;41;101mXXXXXXXX@[0;1;30;90;47m8[0;1;37;97;47mX[0;37;5;47;107m8888[0;1;37;97;47m8:[0;35;5;40;100m:[0;31;5;41;101m88[0;1;31;91;41m8[0;1;30;90;45m%[0;34;5;44;104m888888888[0;1;34;94;44m8888888888888888[0;30;44m8[0m
[0;34;40mX[0;34;5;44;104m88888888888888@@@@@@XXXXXXX[0;1;30;90;45m88[0;31;5;41;101mXX[0;35;5;40;100m [0;1;30;90;47m%[0;1;37;97;47mS8@;[0;1;30;90;47m8[0;31;5;41;101m8@@8[0;35;5;40;100m [0;1;30;90;47m888[0;35;5;40;100mt[0;31;5;41;101m888[0;1;30;90;45m%[0;1;34;94;44m8[0;34;5;44;104m8888888888[0;1;34;94;44m8888888888888888[0;34;40m@[0m
 [0;1;34;94;44m8[0;34;5;44;104m88888888888888@@@@@@@@XX8[0;1;30;90;45m8[0;31;5;41;101mXXX[0;1;30;90;47m8[0;37;5;47;107m8@@@@@@[0;1;37;97;47mX[0;35;5;40;100m [0;31;5;41;101m@@888888[0;31;45m8[0;35;44m8[0;1;34;94;44m8[0;1;30;90;44m@[0;34;5;40;100mS[0;36;5;40;100m:   :[0;34;5;40;100mS[0;1;30;90;44m8[0;1;34;94;44mS88888888888888888[0m 
 [0;1;34;94;44m;[0;34;5;44;104m8888888888888888@@@@@@8[0;1;30;90;45m8[0;31;5;41;101m8@@@[0;35;5;40;100m:[0;1;37;97;47m@[0;37;5;47;107m@@@@8888[0;1;37;97;47m;[0;31;5;41;101m888888[0;1;31;91;41m@[0;1;30;90;45mS[0;1;34;94;44m@[0;36;5;40;100m%[0;37;5;40;100mS[0;1;30;90;47mXSSXXXXXX[0;37;5;40;100m8[0;34;5;40;100mX[0;1;34;94;44m@88888888888888t[0m 
 [0;30;44mS[0;34;5;44;104m888888888888888888@@@[0;1;30;90;45m8[0;35;41m8[0;31;5;41;101m@@@@@[0;35;5;40;100m:[0;1;37;97;47m8[0;37;5;47;107m88888888[0;1;37;97;47mt[0;1;31;91;41m8[0;31;5;41;101m8888[0;1;30;90;45mS[0;35;44m%[0;34;5;40;100m8[0;37;5;40;100mSS8[0;1;30;90;47mSSXXXXXXX@@[0;36;5;40;100m [0;1;34;94;44mS8888888888888[0;30;44m%[0m 
  [0;1;34;94;44m8[0;34;5;44;104m888888888888888888[0;1;34;94;44m8[0;1;30;90;45m@[0;31;5;41;101m8@@@@@@8[0;1;30;90;47mX[0;37;5;47;107m8888888[0;1;37;97;47m8[0;37;5;40;100m%[0;31;5;41;101m888[0;31;45m@[0;35;44m@[0;1;34;94;44m8[0;1;30;90;40m@[0;37;5;40;100mS8[0;1;30;90;47mSS@[0;37;5;40;100mX[0;36;5;40;100m   [0;37;5;40;100m@@[0;1;30;90;47mX@@@@[0;34;5;40;100m8[0;1;34;94;44m888888888888@[0;34;40m%[0m 
  [0;1;30;90;44m:[0;34;5;44;104m88888888888888888[0;1;30;90;45mX[0;31;5;41;101m888[0;1;31;91;41m8[0;35;5;40;100m: ;[0;31;5;41;101m8888[0;37;5;40;100m;[0;1;37;97;47m.@88X[0;1;30;90;47m;[0;35;5;40;100m;[0;31;5;41;101m88[0;1;31;91;41m@[0;34;45m8[0;34;5;44;104m88[0;1;30;90;44m8[0;30;5;40;100mS[0;36;5;40;100mt  [0;30;5;40;100mXS[0;34;40m;[0;1;30;90;40mS[0;37;5;40;100m@[0;34;40m::[0;1;30;90;40mS[0;36;5;40;100m;[0;1;30;90;47m8@@@[0;36;5;40;100m;[0;1;34;94;44m888888888888.[0m  
  [0;34;40mS[0;1;34;94;44m8[0;34;5;44;104m88888888888888[0;34;45m8[0;35;41m@[0;31;5;41;101m88[0;35;5;40;100m:[0;1;37;97;47m @[0;37;5;47;107m888[0;1;37;97;47mX[0;1;30;90;47m%[0;1;30;90;41m8[0;31;5;41;101m888[0;1;31;91;41m8888[0;31;5;41;101m88[0;1;31;91;41m8[0;1;30;90;45mS[0;1;34;94;44m8[0;34;5;44;104m888[0;34;5;40;100m8[0;36;5;40;100m;[0;34;40m;[0;36;5;40;100m [0;30;5;40;100m@[0;34;40m:[0;37;5;40;100mS[0;34;40m;:[0;36;5;40;100m [0;30;5;40;100m@[0;34;40m..[0;1;30;90;40m%[0;36;5;40;100m [0;1;30;90;47m@@@[0;34;5;40;100mX[0;1;34;94;44m88888888888@[0;34;40mX[0m  
   [0;30;44m:[0;34;5;44;104m888888888888[0;35;44mX[0;31;45m8[0;31;5;41;101m888[0;35;5;40;100m.[0;1;37;97;47mX[0;37;5;47;107m8888888[0;1;37;97;47m%[0;1;30;90;41m8[0;31;5;41;101m8888888[0;1;30;90;45m%[0;1;34;94;44m@[0;34;5;44;104m88888[0;1;34;94;44mt[0;36;5;40;100m;[0;1;30;90;40m8[0;36;5;40;100m% [0;34;40m:[0;36;5;40;100m;;[0;34;40m:[0;1;30;90;40m@[0;37;5;40;100mS[0;34;40m;..[0;37;5;40;100m8[0;1;30;90;47m@@[0;37;5;40;100mX[0;1;34;94;44mt88888888888[0;30;44m.[0m   
    [0;1;34;94;44mX[0;34;5;44;104m888888888[0;1;34;94;44m8[0;1;30;90;45m%[0;1;31;91;41m8[0;31;5;41;101m8888[0;1;30;90;47mS[0;1;37;97;47m888888888[0;1;30;90;47m8[0;31;5;41;101m88888[0;35;41m@[0;35;44m8[0;34;5;44;104m88888888[0;1;30;90;44mS[0;30;5;40;100m%[0;34;40m;[0;36;5;40;100m [0;30;5;40;100m@[0;34;40m:[0;36;5;40;100m [0;30;5;40;100m8[0;34;40m.[0;30;5;40;100m8[0;36;5;40;100m [0;34;40m.[0;1;30;90;40m@[0;1;30;90;47m@@8[0;1;30;90;44mS[0;1;34;94;44m88888888888S[0m    
    [0;34;40m8[0;1;34;94;44m8[0;34;5;44;104m8888888[0;34;45m8[0;1;31;91;41m@[0;31;5;41;101m888888[0;1;30;90;47m8[0;1;37;97;47m888888888[0;35;5;40;100m [0;31;5;41;101m888[0;1;31;91;41m8[0;1;30;90;45m%[0;34;5;44;104m88888888888[0;1;30;90;44m;[0;1;30;90;40m8[0;34;40m:[0;36;5;40;100m.[0;30;5;40;100mS[0;34;40m:[0;36;5;40;100mt[0;1;30;90;40m8[0;34;40m.[0;30;5;40;100m8[0;1;30;90;40m8[0;37;5;40;100mX[0;1;30;90;47m@@[0;34;5;40;100m8[0;1;34;94;44m88888888888@[0;34;40m8[0m    
     [0;30;44m@[0;1;34;94;44m88[0;34;5;44;104m888[0;35;44mX[0;35;41m8[0;31;5;41;101m88888888[0;1;31;91;41m8[0;1;30;90;47m@[0;1;37;97;47m@88888S[0;1;30;90;47m8[0;31;5;41;101m888[0;1;30;90;45mt[0;1;34;94;44m8[0;34;5;44;104m8888888888888[0;1;34;94;44m@[0;30;44m@[0;30;5;40;100mX[0;36;5;40;100m [0;30;5;40;100m%[0;36;5;40;100m;%  [0;37;5;40;100m8[0;1;30;90;47m@@[0;36;5;40;100m [0;1;34;94;44mX8888888888@[0;30;44mX[0m     
      [0;30;44mt[0;1;34;94;44m88@[0;1;30;90;45m;[0;1;31;91;41m8[0;31;5;41;101m8[0;1;31;91;41m8[0;35;5;40;100m:[0;1;30;90;47m8SS8[0;31;5;40;100m%[0;1;31;91;41m8[0;31;5;41;101m88[0;1;30;90;41m8[0;1;30;90;47m8%;S[0;37;5;40;100mt[0;1;31;91;41m@[0;31;5;41;101m88[0;35;41m@[0;35;44m@[0;34;5;44;104m888888888888888[0;1;34;94;44m8[0;1;30;90;44m:[0;36;5;40;100m [0;1;30;90;47m@@@@@@@@8[0;36;5;40;100m [0;1;34;94;44m8888888888@[0;30;44m;[0m      
       [0;30;44m:[0;34;45m@[0;1;31;91;41m@88[0;31;5;40;100mS[0;1;37;97;47m.88888@[0;1;30;90;47m;[0;1;31;91;41m@[0;31;5;41;101m88888888[0;1;31;91;41m8[0;1;30;90;45m;[0;34;5;44;104m88888888888888[0;1;34;94;44m8888[0;1;30;90;44m:[0;36;5;40;100m [0;1;30;90;47m@@@@@@@88[0;37;5;40;100mS[0;34;5;40;100m@[0;1;30;90;44mS[0;1;34;94;44mS8@X88@@[0;30;44m.[0m       
        [0;30;41m;[0;1;31;91;41m88@[0;1;37;97;47m:88888888[0;1;30;90;47m;[0;1;31;91;41m8[0;31;5;41;101m88888[0;1;31;91;41m8[0;1;30;90;45m;[0;1;34;94;44m8[0;34;5;44;104m88888888888[0;1;34;94;44m888888[0;1;30;90;44mS[0;36;5;40;100m;[0;37;5;40;100mSX[0;1;30;90;47m@@@@@88[0;36;5;40;100m  [0;37;5;40;100m8[0;1;30;90;47m8[0;37;5;40;100m8[0;36;5;40;100m;[0;1;30;90;40m8[0;30;5;40;100mX[0;36;5;40;100m;[0;34;40m8[0;1;34;94;44m@@[0;30;44m:[0m        
         [0;30;41mS[0;1;31;91;41m8[0;1;30;90;41m8[0;1;37;97;47mS88888888:[0;1;31;91;41m@[0;31;5;41;101m8888[0;35;41m8[0;35;44mX[0;34;5;44;104m88888888[0;1;34;94;44m88888888[0;1;30;90;44m8[0;36;5;40;100m.  [0;1;30;90;47m8@@@@88[0;37;5;40;100m8[0;1;30;90;47m8[0;37;5;40;100mX[0;1;30;90;47m888[0;36;5;40;100m [0;30;5;40;100mS[0;36;5;40;100m ;:[0;37;5;40;100mX[0;1;30;90;40mX[0;1;34;94;44m@[0;30;44mS[0m         
          [0;31;40m8[0;1;31;91;41mX[0;1;30;90;47m%[0;1;37;97;47m@@88888@[0;1;30;90;47m8[0;1;31;91;41m888X[0;34;45m8[0;1;34;94;44m88888888888888888[0;1;30;90;44m;[0;1;30;90;47m8@@@[0;37;5;40;100mS[0;1;30;90;47m@[0;37;5;40;100m8SS%S[0;1;30;90;47m88888[0;30;5;40;100mS[0;36;5;40;100m [0;37;5;40;100mXX[0;36;5;40;100m . [0;1;30;90;44m:[0;34;40m8[0m          
            [0;1;30;90;41m%[0;1;30;90;47m8[0;1;37;97;47m;@@@@.[0;35;5;40;100m [0;1;31;91;41m888[0;1;30;90;45m:[0;1;34;94;44m8888888888888888888%[0;36;5;40;100m.[0;37;5;40;100m8[0;1;30;90;47m@[0;37;5;40;100m8[0;36;5;40;100m  [0;1;30;90;47m888888888[0;30;5;40;100m8[0;1;30;90;44mtSSSS%[0;30;44m [0m            
             [0;30;41m%[0;1;31;91;41m@[0;1;30;90;41m8[0;35;5;40;100mtt[0;1;30;90;41m8[0;1;31;91;41m888[0;35;41m8[0;1;34;94;44mS888888888888888888888t[0;37;5;40;100mX[0;1;30;90;47m8[0;36;5;40;100m [0;37;5;40;100m@[0;36;5;40;100m.[0;1;30;90;47m8888888[0;37;5;40;100m8[0;34;5;40;100m8[0;1;34;94;44mS8@@@@[0;30;44m%[0m             
              [0;31;40mS[0;1;31;91;41m;8888S[0;34;45m8[0;1;34;94;44m88888888888888888888888@[0;36;5;40;100m [0;1;30;90;47m8[0;37;5;40;100m@[0;36;5;40;100m [0;1;30;90;47m888[0;37;5;40;100mX[0;34;5;40;100m8[0;36;5;40;100m% ;[0;1;30;90;44m%[0;1;34;94;44m@@@@@;[0;34;40mS[0m              
                [0;30;41m8[0;1;31;91;41mS@[0;1;30;90;45m:[0;1;34;94;44m88888888888888888888888888[0;1;30;90;44m%[0;36;5;40;100m [0;1;30;90;47m88[0;37;5;40;100m8[0;36;5;40;100m [0;34;5;40;100m8[0;1;34;94;44m%8888@@@@S[0;30;44m8[0m                
                  [0;30;44m@[0;1;34;94;44m@888888888888888888888888888X:[0;1;30;90;44m;[0;1;34;94;44mt@888@@@@@@[0;30;44mt[0m                  
                    [0;30;44mt[0;1;34;94;44m@888888888888888888888888888888@@@@@@X[0;30;44mt[0m                    
                      [0;30;44m%[0;1;34;94;44mX888888888888888888888888@@@@@@@@X[0;30;44m%[0m                      
                        [0;30;44m@[0;1;34;94;44m%88888888888888888@@@@@@@@@@@%[0;30;44m@[0m                        
                          [0;34;40m@[0;30;44m.[0;1;34;94;44m@888@@@@@@@@@@@@@@@@@@@@[0;30;44m [0;34;40m8[0m                          
                             [0;30;44m@[0;1;34;94;44m:@@@@@@@@@@@@@@@@@@:[0;30;44m@[0m                             
                                [0;30;44mX[0;1;34;94;44m;@@@@@@@@@@@@t[0;30;44mS[0m                                
                                   [0;30;44m@[0;1;34;94;44m X@@@@@.[0;30;44m@[0m                                   
                                      [0;34;40m@[0;30;44mS%[0;34;40m@[0m                                      
