                                [0;34;40mX[0;30;5;40;100mS[0;1;30;90;45m:;;;S[0;35;5;40;100mS[0;33;42m@[0;1;30;90;42m%[0;30;42mS8[0;1;30;90;45m::[0;35;5;40;100m8[0;34;40m@[0m                                
                          [0;31;40mX[0;1;30;90;45m;;;t[0;1;35;95;45mSSSS[0;1;30;90;45m@[0;33;47m8[0;33;5;43;103m%;;;;[0;1;33;93;43m8[0;32;43mS[0;1;30;90;43m88[0;1;30;90;45m%[0;1;35;95;45mSS[0;1;30;90;45m::::[0;34;40mX[0m                          
                      [0;31;40m8[0;32;43m8[0;1;30;90;43mt[0;32;43mt[0;1;30;90;43m8[0;1;35;95;45mXXXXSSS[0;1;30;90;47m8[0;33;5;43;103mt;;;;;;;[0;1;33;93;43mt[0;1;32;92;43m8[0;32;43m%[0;1;30;90;43m8[0;1;35;95;45mSSSSSS[0;1;30;90;45m:[0;35;5;40;100m.[0;1;33;93;43m@[0;1;30;90;43m.[0;1;30;90;41m8[0m                      
                   [0;31;5;40;100mS[0;1;30;90;43m;[0;33;5;43;103mS;[0;1;33;93;43mt[0;1;30;90;43m%S[0;35;5;40;100m.[0;1;35;95;45mXXXXXX[0;1;30;90;45m8[0;33;5;43;103m;;;;;;;;;[0;1;33;93;43mt[0;1;30;90;43mt[0;32;43m%[0;35;5;40;100m;[0;1;35;95;45mSSSSSS[0;1;30;90;45m8[0;33;5;43;103mttttS[0;1;30;90;43m.[0;1;30;90;41m8[0m                   
                 [0;1;30;90;43m;[0;33;5;43;103m@;;;;[0;1;30;90;47m8[0;1;30;90;43mX[0;37;5;40;100m%[0;1;35;95;45mXXXXXXX[0;1;30;90;47m8[0;33;5;43;103m;;;;;;;;;[0;37;5;40;100mX[0;1;30;90;43m%[0;35;5;40;100m [0;1;35;95;45mSSSSSSS[0;1;30;90;47m8[0;33;5;43;103m;;;tttt@[0;1;30;90;43m;[0m                 
               [0;1;30;90;43m;[0;33;5;43;103m%;;;;[0;1;33;93;47m8[0;37;45m@[0;1;35;95;45mX[0;35;5;40;100m:[0;1;30;90;45m8[0;1;35;95;45mXXXXXXX[0;33;47m8[0;33;5;43;103m::;;;;;[0;33;47m8[0;1;30;90;45m8[0;1;35;95;45mX[0;35;5;40;100m;[0;1;30;90;45m@[0;1;35;95;45mSSSSSSS[0;33;47m8[0;33;5;43;103m;;;;ttt[0;37;43mX[0;1;30;90;45m8.:[0m               
             [0;1;30;90;45mt8[0;37;45m@[0;1;30;90;47m8[0;33;47m8[0;1;30;90;47m8[0;35;47m8[0;1;30;90;45m8[0;1;35;95;45mXX@@@@@@@@@@@[0;37;45mS8[0;1;30;90;47m8[0;33;47m8[0;1;30;90;47m8[0;35;47m8[0;1;30;90;45m8[0;1;35;95;45mXXXXXSSSSSSSS[0;1;30;90;45mX8[0;1;30;90;47m8[0;33;47m8[0;1;30;90;47m8[0;1;30;90;45m8%:....:[0m             
           [0;30;5;40;100mS[0;1;30;90;45m%[0;1;35;95;45mXXXXXX@@@@@@@@@@@@@@@@@@@@XXXXXXXXXSSSSSSSSSSSS[0;1;30;90;45m:::......[0m           
          [0;1;30;90;45mt[0;1;35;95;45mXXXXXX@@@@@@@@@@@@@@@@@@@@@@@@@XXXXXXXSSSSSSSSSSS[0;1;30;90;45m::::.....:[0m          
        [0;1;30;90;40m8[0;1;30;90;45m%[0;1;35;95;45mXXXXX@@@@@@@@8888888888888@@@@@@@@XXXXXXXSSSSSSSSSS[0;1;30;90;45m:::.......[0;34;40m8[0m        
       [0;1;30;90;45m;[0;1;35;95;45mX[0;1;30;90;45m8[0;35;5;40;100mtS%[0;1;30;90;45m8[0;1;35;95;45m@@@@@@888888888[0;1;30;90;45m8[0;35;5;40;100m ..[0;37;45m@[0;1;35;95;45m88888@@@@@@XXXX[0;1;30;90;45m8[0;35;5;40;100m%[0;1;30;90;45m8[0;35;5;40;100mX[0;1;30;90;45m@[0;1;35;95;45mSSSSSSSS[0;1;30;90;45m:::....@[0;35;5;40;100mX[0;1;30;90;45m8[0;1;30;90;40m8[0m       
      [0;35;5;40;100m8[0;1;30;90;47m8[0;33;47m8[0;33;5;43;103mS@[0;1;33;93;43mX[0;1;30;90;43mX[0;1;30;90;42m8[0;35;5;40;100m;[0;1;30;90;45m8[0;1;35;95;45m@@88888888[0;35;47m8[0;1;30;90;47m@[0;1;33;93;47m8[0;37;5;43;103m8X[0;33;5;43;103m@[0;1;30;90;43m8[0;33;5;40;100mX[0;1;30;90;47m8[0;35;47m8[0;1;35;95;45m8888@@@@@@[0;37;45mX[0;1;30;90;47m8[0;33;47m8[0;33;5;43;103mS@[0;1;33;93;43mS[0;1;30;90;43m%[0;1;30;90;42mS[0;35;5;40;100mS[0;1;30;90;45m8[0;1;35;95;45mSSSSSS[0;1;30;90;45m:::.8[0;1;30;90;47m8[0;37;43mX[0;33;5;43;103mX[0;1;33;93;43m8%[0;32;43mX[0;30;42m@[0m      
     [0;1;30;90;43m;[0;33;5;43;103m;;;;:::@[0;1;33;93;43m:[0;1;30;90;43m8[0;1;30;90;47m8[0;1;35;95;45m8888888[0;35;47m8[0;1;33;93;47m8[0;37;5;43;103mttttttt[0;33;5;43;103mS[0;37;43mXS[0;1;30;90;47m8[0;1;35;95;45m88888@@[0;37;45mX[0;1;33;93;47m8[0;33;5;43;103m:::;;;;[0;1;33;93;43m@[0;1;30;90;43mt[0;32;43m;[0;35;5;40;100m [0;1;35;95;45mSSSSSS[0;1;30;90;45m:S[0;37;43m@[0;33;5;43;103mtttttt%[0;1;33;93;43mS[0;33;42m8[0m     
    [0;1;30;90;43m;[0;33;5;43;103m;;;;::::[0;1;33;93;43mt:[0;1;30;90;43m8[0;1;30;90;47mS[0;1;35;95;45m888888[0;37;45m@[0;37;5;43;103m8tttttttt[0;33;5;43;103mX[0;37;43mXX[0;1;30;90;47mt[0;1;35;95;45m888888@[0;37;5;43;103mX[0;33;5;43;103m:::::;;;[0;1;33;93;43m;[0;1;30;90;43mt[0;32;43m%[0;33;5;40;100mt[0;1;35;95;45mSSSSSS[0;1;30;90;45mt[0;33;5;43;103mSttttttt%[0;1;30;90;43m.[0;32;43m;[0;30;42m@[0m    
   [0;31;40m@[0;33;5;43;103mt;;;;::::[0;37;43mX[0;1;30;90;43m88[0;1;35;95;45m@888888[0;1;30;90;47mS[0;37;5;43;103mttttttttt[0;1;33;93;47m@[0;37;43mX[0;33;47m8[0;37;45m@[0;1;35;95;45m888888[0;1;30;90;47m8[0;33;5;43;103m::::::;;;[0;1;33;93;43mX[0;1;30;90;43m%8[0;1;30;90;45m%[0;1;35;95;45mSSSSSS[0;1;30;90;45m8[0;33;5;43;103mttttttttt[0;1;30;90;43mS[0;32;43m%[0;1;30;90;43m8[0;31;40mX[0m   
   [0;1;30;90;43m8[0;33;5;43;103m;;;;::::[0;33;47m@[0;1;35;95;45m@[0;33;5;40;100m.[0;37;45m8[0;1;35;95;45m8888888[0;1;33;93;47mX[0;37;5;43;103mttttttt%[0;1;30;90;47mt[0;35;47m8[0;1;30;90;47mt[0;35;47m8[0;1;35;95;45m8888888[0;33;47m8[0;37;5;43;103m%[0;33;5;43;103m:::::;;[0;33;47m8[0;1;35;95;45mS[0;33;5;40;100m%[0;1;30;90;45m8[0;1;35;95;45mSSSSSSS[0;37;43m@[0;33;5;43;103mttttttt%[0;37;43m8[0;1;30;90;45m:[0;1;30;90;43m8[0;1;30;90;45m@ [0m   
  [0;1;30;90;45m;8[0;33;47m88[0;33;5;43;103mt;t[0;37;5;43;103m@[0;1;30;90;47m8[0;37;45mX[0;1;35;95;45m@@@88888888[0;35;47m8[0;1;30;90;47mt[0;1;33;93;47mX[0;37;5;43;103m8S@[0;1;33;93;47m@[0;1;30;90;47mt[0;35;47m8[0;1;35;95;47mS[0;35;47m88[0;37;45m@[0;1;35;95;45m8888888[0;37;45m8[0;33;47m@[0;1;33;93;47m8[0;37;5;43;103mX[0;33;5;43;103m;;[0;37;5;43;103m@[0;1;30;90;47m8[0;1;30;90;45m8[0;1;35;95;45mXXSSSSSSSSS[0;1;30;90;45m8[0;33;47m8[0;37;43m@[0;33;5;43;103m%%%[0;1;33;93;43mS[0;33;47m8[0;1;30;90;45mX.... .[0m  
  [0;1;30;90;45mt[0;1;35;95;45mSXXXXXX@@@@8888888888[0;35;47m8[0;1;35;95;47mSSSSSSSSS[0;37;45m@[0;1;35;95;45m888888888@@@@@XXXXXSSSSSSSSSS[0;1;30;90;45m:::.........  [0m  
 [0;35;5;40;100m8[0;1;35;95;45mSSXXXXXX@@@@8888888888[0;35;47m8[0;1;35;95;47mSSSSSSSSS[0;37;45m@[0;1;35;95;45m888888888@@@@@XXXXXSSSSSSSSSS[0;1;30;90;45m:::.........  .[0m 
 [0;1;30;90;45m:[0;1;35;95;45mSSXXXXXX@@@@@8888888888[0;35;47m8[0;1;35;95;47mSSSSSSS[0;37;45m@[0;1;35;95;45m8888888888@@@@@XXXXXSSSSSSSSSS[0;1;30;90;45m:::.........  .[0m 
 [0;1;30;90;45m;[0;1;35;95;45mSSSXXXXX@@@@@8888[0;37;45m@X[0;1;35;95;45m88888[0;37;45m@[0;35;47m8888[0;37;45m@[0;1;35;95;45m8888888[0;37;45m@[0;1;35;95;45m8888@@@@XXXXXXSSSSS[0;1;30;90;45mS;[0;1;35;95;45mSSS[0;1;30;90;45m:::.........   [0;34;40m;[0m
[0;32;40mX[0;32;43mX[0;1;30;90;42mS[0;32;5;40;100mX[0;1;30;90;45mS[0;1;35;95;45mSXXXXX@@@@@8[0;37;45mX[0;35;47m8[0;1;30;90;47m@[0;1;30;90;43m88[0;33;5;40;100mX[0;36;5;40;100m [0;37;45m@[0;1;35;95;45m888888888888[0;37;45m@[0;35;47m@[0;1;30;90;47m@[0;1;30;90;43m88[0;1;30;90;42m8[0;36;5;40;100m:[0;37;45mS[0;1;35;95;45m@@@XXXXXXSSS[0;1;30;90;45mX8[0;33;5;40;100m.[0;32;43mt@[0;1;30;90;42mt[0;32;5;40;100m@[0;1;30;90;45m;:.........  t8[0;31;40m8[0m
[0;1;30;90;43m:[0;33;5;43;103m;S[0;1;30;90;43mtXX[0;1;30;90;45m8[0;1;35;95;45mXXXXX@@@[0;35;47m8[0;1;33;93;47m8[0;37;5;43;103m%%%%tS[0;37;43mX@@[0;35;47m8[0;1;35;95;45m88888888[0;35;47m8[0;1;33;93;47m8[0;37;5;43;103m%%%%%[0;33;5;43;103mt[0;1;30;90;43m888[0;1;30;90;45m8[0;1;35;95;45mXXXXXXSS[0;1;30;90;45m8[0;33;5;43;103mX;;;;;S[0;1;30;90;43m:%%[0;1;30;90;45m8........8[0;1;33;93;43m%[0;33;5;43;103m%S[0;1;30;90;43m.[0m
[0;1;30;90;43m:[0;33;5;43;103m;;[0;1;33;93;43m;[0;1;30;90;43mt[0;32;43mt[0;1;30;90;43m8[0;1;35;95;45mXXXXX@@[0;33;47m@[0;33;5;43;103m::[0;37;5;43;103m%%%%%%[0;1;33;93;43mX;[0;1;30;90;43m8[0;33;47m8[0;1;35;95;45m8888888[0;33;47mX[0;37;5;43;103m%%%%%%%[0;33;5;43;103m:[0;1;33;93;43m%[0;1;30;90;43m@@8[0;1;35;95;45mXXXXXXS[0;33;47m8[0;33;5;43;103m;;;;;;;;[0;1;33;93;43m:[0;32;43m:S[0;1;30;90;43m8[0;1;30;90;45m.......[0;1;30;90;43m8[0;33;5;43;103m%%%S[0;1;30;90;43m.[0m
[0;1;30;90;43m:[0;33;5;43;103m;;[0;1;33;93;43m%[0;1;30;90;43mtX[0;1;30;90;45m8[0;1;35;95;45mXXXXXX[0;35;47m8[0;33;5;43;103m:::::[0;37;5;43;103m%%%%[0;33;5;43;103mX[0;37;43mS[0;1;30;90;43m8[0;35;47m8[0;1;35;95;45m888888[0;35;47m8[0;37;5;43;103m%%%%%%[0;33;5;43;103m:::[0;1;33;93;43mX[0;1;30;90;43mX8[0;1;30;90;45m8[0;1;35;95;45mXXXXXS[0;1;30;90;45m8[0;33;5;43;103m;;;;;;;;t[0;1;33;93;43mt[0;32;43m;[0;1;30;90;43m%[0;1;30;90;45m8......8[0;33;5;43;103m%%%%S[0;1;30;90;43m.[0m
[0;1;30;90;43m:[0;33;5;43;103m;%[0;1;30;90;45m8[0;1;30;90;43mS[0;35;5;40;100m;[0;1;35;95;45mSSXXXXX[0;33;47m8[0;33;5;43;103m:::::::[0;37;5;43;103m%X[0;35;47m8[0;1;30;90;43m8[0;1;30;90;47m8[0;1;35;95;45m8888888[0;33;47mX[0;37;5;43;103m%%%%[0;33;5;43;103m::::[0;37;5;43;103mS[0;35;47m8[0;1;30;90;43m8[0;35;5;40;100m [0;1;35;95;45mXXXXXSS[0;33;47m8[0;33;5;43;103m;;;;;;;;%[0;1;30;90;45m8[0;1;30;90;43mt[0;35;5;40;100m%[0;1;30;90;45m.......[0;1;30;90;43m8[0;33;5;43;103m%%%SS[0;1;30;90;43m.[0m
[0;31;40m8[0;33;47m8[0;1;30;90;45m%[0;1;35;95;45mS[0;1;30;90;45m8%[0;1;35;95;45mSSSXXXX[0;1;30;90;47m8[0;33;5;43;103mt;::::[0;37;5;43;103mX[0;1;30;90;47m8[0;1;35;95;45m@@[0;37;45m@S[0;1;35;95;45m@88888@[0;1;30;90;47m8[0;37;5;43;103mX%[0;33;5;43;103m::::[0;37;5;43;103mX[0;33;47m@[0;1;35;95;45mXX[0;1;30;90;45m8@[0;1;35;95;45mXXXXSSS[0;1;30;90;47m8[0;33;5;43;103mtt;;;;%[0;33;47m8[0;1;30;90;45mt:8;.......[0;35;5;40;100m [0;33;5;43;103mSS%SS[0;31;43m8[0m
 [0;1;30;90;45m:[0;1;35;95;45mSSSSSSSSXXXXXX[0;37;45m8[0;35;47m88[0;37;45mX[0;1;35;95;45m@@@@@@@@@@@@@@@X[0;35;47m888[0;37;45mX[0;1;35;95;45mXXXXXXXXSSSSSSS[0;1;30;90;45m%888@:::..........  ;888[0;31;40m;[0m
 [0;1;30;90;45m:[0;1;35;95;45mSSSSSSSSSSXXXXXXXXXX@@@@@@@@@@@@@@@XXXXXXXXXXSSSSSSSSSSSS[0;1;30;90;45m:::..........      .[0m 
 [0;35;5;40;100m8[0;1;35;95;45mSSSSSSSSSSSSXXXXXXXXXXXXXXXXXXXXXXXXXXXXXXXSSSSSSSSSSSSS[0;1;30;90;45m:::..........       .[0m 
  [0;1;30;90;45m:[0;1;35;95;45mSSSSSSSSSSSSSXXXXXXXXXXXXXXXXXXXXXXXXXXXSSSSSSSSSSSSS[0;1;30;90;45m::::...........       [0m  
  [0;1;30;90;45m::[0;1;35;95;45mSSSSS[0;1;30;90;45m8[0;36;5;40;100m:[0;35;5;40;100m:.[0;1;30;90;45m8[0;1;35;95;45mSSSSSXXXXXXXXXX[0;1;30;90;45m8[0;36;5;40;100m.[0;35;5;40;100m. [0;1;30;90;45m8[0;1;35;95;45mXXXXXSSSSSSSSSS[0;1;30;90;45m8[0;36;5;40;100m;[0;35;5;40;100m::[0;1;30;90;45m8[0;1;35;95;45mS[0;1;30;90;45m::::..........@[0;32;5;40;100m%[0;35;5;40;100m%t[0;1;30;90;45m8   .[0m  
   [0;1;30;90;45m.:;8[0;37;43m@[0;33;5;43;103m%tt@[0;1;30;90;43m;[0;33;42m8[0;33;5;40;100m:.[0;1;30;90;45mt[0;1;35;95;45mSSSSSSSSS[0;35;47m8[0;33;47m8[0;33;5;43;103mt;t@[0;1;30;90;43m%[0;33;42m8[0;33;5;40;100m. [0;1;30;90;45m%[0;1;35;95;45mSSSSSSSS[0;1;30;90;45mt[0;37;45m8[0;37;43m@[0;33;5;43;103m%t%@[0;1;30;90;43m:[0;33;42m8[0;33;5;40;100m;:[0;1;30;90;45m::.......:8[0;37;43mX[0;33;5;43;103mX%S8[0;1;30;90;43m.[0;33;42mX[0;33;5;40;100m%t[0;1;30;90;45m [0m   
   [0;34;40mS[0;1;30;90;45m8[0;33;5;43;103mS;;;;;;;[0;1;33;93;43mS[0;1;32;92;43m8[0;32;43mt[0;33;5;40;100m:[0;1;35;95;45mSSSSSSS[0;1;30;90;45m8[0;33;5;43;103m%;;;;;;;[0;1;33;93;43mS[0;1;30;90;43mt[0;32;43mt[0;33;5;40;100m:[0;1;35;95;45mSSSSSSS[0;1;30;90;45m8[0;33;5;43;103m%;;;;;;t[0;1;33;93;43m%[0;32;43m:%[0;33;5;40;100mt[0;1;30;90;45m.......8[0;33;5;43;103mX%%%%%%S[0;1;33;93;43mt[0;32;43mtX[0;32;40mX[0m   
    [0;1;30;90;43m:[0;33;5;43;103mttt;;;;;[0;1;33;93;43m:[0;1;32;92;43m8[0;32;43mS[0;33;5;40;100m [0;1;35;95;45mSSSSSS[0;1;30;90;45m@[0;33;5;43;103mt;;;;;;;;[0;1;33;93;43m;[0;1;30;90;43mt[0;32;43m%[0;33;5;40;100m [0;1;35;95;45mSSSSSS[0;1;30;90;45mX[0;33;5;43;103mt;;;;;ttt[0;1;33;93;43m:[0;32;43m:S[0;33;5;40;100m.[0;1;30;90;45m......%[0;33;5;43;103mS%%%%%SSS[0;1;30;90;43m [0;32;43mt[0;30;42m@[0m    
     [0;1;30;90;43m.[0;33;5;43;103mttttt;;[0;1;30;90;43m8[0;32;43m%[0;33;5;40;100m;[0;1;35;95;45mSSSSSSS[0;1;30;90;47m8[0;33;5;43;103m;;;;;;;;;[0;1;30;90;43m8[0;32;43mt[0;33;5;40;100m;[0;1;35;95;45mSSSSSSS[0;1;30;90;47m8[0;33;5;43;103m;;;;ttttt[0;1;30;90;43m8[0;32;43m%[0;33;5;40;100mt[0;1;30;90;45m.......[0;35;5;40;100m.[0;33;5;43;103m%%%%%SSSS[0;1;30;90;43m8[0;33;42m8[0m     
      [0;1;30;90;43m.[0;33;5;43;103mtttt%[0;1;30;90;45m8:[0;33;5;40;100m [0;1;30;90;45mX[0;1;35;95;45mSSSSSSS[0;37;43m@[0;33;5;43;103m;;;;;;;%[0;1;30;90;45m8[0;1;35;95;45mS[0;33;5;40;100m [0;1;30;90;45mX[0;1;35;95;45mSSSSSSS[0;37;43m@[0;33;5;43;103m;ttttttS[0;1;30;90;45m8.[0;33;5;40;100m.[0;1;30;90;45mS.......[0;37;43mX[0;33;5;43;103m%%%%SSSX[0;1;30;90;45m8 [0m      
       [0;1;30;90;43m:[0;37;43mX8[0;1;30;90;45m8::::::::[0;1;35;95;45mSSSS[0;1;30;90;45mt8[0;1;30;90;47m8[0;37;43m@[0;33;5;43;103mX[0;1;33;93;43m%[0;33;47m8[0;1;30;90;45m8;[0;1;35;95;45mSSSSSSS[0;1;30;90;45m::::t8[0;1;30;90;47m8[0;37;43m@[0;1;33;93;43mS%[0;37;43m8[0;1;30;90;45m8:.......... :8[0;33;5;40;100m [0;37;43mX[0;1;33;93;43m%[0;37;43mS[0;1;30;90;43m8[0;1;30;90;45m8  [0m       
        [0;34;40m8[0;1;30;90;45m......:::::::::::::::::::::::::::::................           [0;34;40m8[0m        
          [0;1;30;90;45m:.........:::::::::::::::::::...................            [0m          
           [0;35;5;40;100m8[0;1;30;90;45m............................................             [0m           
             [0;1;30;90;45m......X@%S:...............X@%S:..........     SSt%.   [0m             
               [0;1;30;90;45m.:8[0;37;43m8X[0;1;30;90;43m.:[0;33;42mX[0;1;30;90;42mS[0;1;30;90;45mS%..........:8[0;37;43m8X[0;1;30;90;43m.[0;32;43m;[0;33;42mX[0;1;30;90;42m%[0;1;30;90;45m%%.....     .8[0;1;30;90;43m88 [0;32;43mt[0;33;42mS[0;1;30;90;42mt[0;1;30;90;45m:[0m               
                 [0;1;30;90;43m.[0;33;5;43;103m@%%%%[0;1;30;90;43m.:[0;32;43mt[0;1;30;90;45m8.......:[0;37;5;40;100m;[0;33;5;43;103mS%%%%%%[0;1;30;90;43m.[0;32;43m;%[0;1;30;90;45m8       .[0;33;5;40;100m [0;33;5;43;103mXSSSS8[0;1;30;90;43m [0m                 
                   [0;31;43m8[0;1;30;90;43m [0;33;5;43;103mX%[0;1;30;90;43m.[0;32;43m;X[0;1;30;90;43m8[0;1;30;90;45m.......[0;1;33;93;43m%[0;33;5;43;103m%%%%%%%%[0;1;30;90;43m.[0;32;43m;X[0;1;30;90;43m8[0;1;30;90;45m      .[0;1;33;93;43mt[0;33;5;43;103mSSS@[0;1;30;90;43m [0;31;43m8[0m                   
                      [0;31;40m8[0;32;43m8@[0;1;30;90;43mX[0;1;30;90;45mt......8[0;33;5;43;103m%%%%%%%%%[0;1;33;93;43mt[0;32;43m%[0;1;30;90;43mX[0;1;30;90;45mt      8[0;33;5;43;103mS[0;1;33;93;43m@[0;1;30;90;43m [0;30;41m8[0m                      
                          [0;34;40m@[0;1;30;90;45m..    [0;1;30;90;43m8[0;33;5;43;103m%%%%%%%%[0;1;33;93;43m%[0;1;30;90;45mS[0;1;30;90;43mS[0;1;30;90;45m8     ..[0;31;40m8[0m                          
                                [0;34;40m@[0;31;5;40;100m@[0;1;30;90;43m.     ;[0;31;5;40;100mS[0;1;30;90;45m..t:[0;34;40m8@[0m                                
