[0;30;41m8[0;1;31;91;41m........:::::::::::::::::[0;33;41m@[0;1;30;90;43m::[0;1;30;90;40m8[0;31;40m8[0;1;30;90;43m::::::::[0;31;40m8@[0;1;30;90;43m::......[0;31;40m8@[0;1;30;90;43m........[0;31;40m8X[0;1;30;90;43m..      [0;31;40m@X[0;1;30;90;43m        [0;31;40mX[0m
[0;30;41m%[0;1;31;91;41m888888[0;31;5;41;101m8888888888888888888[0;33;5;41;101m@[0;33;5;43;103mt[0;1;30;90;43m%[0;34;40m;;[0;33;5;40;100m8[0;33;5;43;103m%;;;;t[0;1;30;90;43mt[0;34;40m::[0;33;5;40;100m8[0;33;5;43;103m%;;;;t[0;1;30;90;43m;[0;34;40m::[0;33;5;40;100m8[0;33;5;43;103m%tttt%[0;1;30;90;43m:[0;34;40m..[0;31;5;40;100mS[0;33;5;43;103mSt%%%S[0;1;30;90;43m.[0;34;40m. [0;1;30;90;41m8[0;33;5;43;103mXSSSSX[0;31;43m8[0;34;40m [0m
[0;30;41m%[0;1;31;91;41m8888[0;31;5;41;101m8888888888[0;1;37;97;47m       [0;1;30;90;47m8[0;31;5;41;101m8888[0;33;5;40;100m8[0;34;40m;;;;[0;31;5;40;100mX[0;33;5;43;103mS;;%[0;33;5;40;100m8[0;34;40m;;;;[0;30;5;40;100mX[0;33;5;43;103mS;;%[0;31;5;40;100mS[0;34;40m::::[0;31;40m8[0;33;5;43;103mXttS[0;31;5;40;100mX[0;34;40m....[0;31;40m8[0;33;5;43;103m@t%X[0;31;40m8[0;34;40m... [0;31;40m@[0;33;5;43;103m8SS@[0;31;40m8[0;34;40m  [0m
[0;30;41m%[0;1;31;91;41m888[0;31;5;41;101m8888888888[0;35;5;40;100m [0;37;5;47;107mttttttt[0;1;37;97;47m [0;31;5;41;101m888[0;1;30;90;41mS[0;1;30;90;40mSSSSSS8[0;33;5;43;103m@X[0;30;5;40;100mX[0;34;40m;;;;;;[0;1;30;90;40m8[0;33;5;43;103m8@[0;1;30;90;40m8[0;34;40m::::::[0;31;40mX[0;1;33;93;43m8[0;33;5;43;103m@[0;31;40m@[0;34;40m......[0;31;40mS[0;1;33;93;43m@8[0;31;40m@[0;34;40m..... [0;31;40m%[0;1;33;93;43mXX[0;31;40mX[0;34;40m   [0m
[0;30;41m%[0;1;31;91;41m8[0;31;5;41;101m888888888888[0;35;5;40;100m.[0;37;5;47;107mttt;;;;[0;1;37;97;47m [0;31;5;41;101m888[0;1;30;90;41mS[0;1;30;90;40mSXXXSSS[0;33;5;40;100m8[0;1;30;90;43mX[0;1;30;90;40mSSSS%[0;34;40m;;;[0;1;30;90;43m%%[0;34;40m;;::::::[0;1;30;90;43m;;[0;34;40m:.......[0;1;30;90;43m::[0;34;40m....... [0;33;41m8[0;31;43m8[0;34;40m    [0m
[0;30;41m%[0;31;5;41;101m88888888888888[0;37;5;47;107m8;;;;;;[0;1;30;90;47m8[0;31;5;41;101m888[0;33;41m%[0;1;30;90;40mXXXXXX[0;1;30;90;43m@[0;33;5;43;103mt;[0;1;30;90;43mX[0;1;30;90;40mXSSSSS[0;1;30;90;43mS[0;33;5;43;103mtt[0;1;30;90;43m%[0;34;40m;;;:::[0;1;30;90;43m;[0;33;5;43;103mtt[0;1;30;90;43m;[0;34;40m:.....[0;1;30;90;43m:[0;33;5;43;103m%%[0;1;30;90;43m:[0;34;40m......[0;31;43m8[0;33;5;43;103mSS[0;1;30;90;43m.[0;34;40m   [0m
[0;30;41m%[0;31;5;41;101m888888888888888[0;1;37;97;47m;[0;37;5;47;107m;;;@[0;1;30;90;47m8[0;31;5;41;101m8888[0;33;5;41;101mX[0;1;30;90;43m@[0;1;30;90;40m@@@@[0;1;30;90;43m@[0;33;5;43;103m;:::[0;1;30;90;43mX[0;1;30;90;40mXXXS[0;1;30;90;43mS[0;33;5;43;103m;;;;[0;1;30;90;43m%[0;31;40m;[0;34;40m;;[0;32;40m:[0;1;30;90;43mt[0;33;5;43;103mt;;;[0;1;30;90;43m:[0;31;40m:[0;34;40m...[0;1;30;90;43m:[0;33;5;43;103mtttt[0;1;30;90;43m:[0;31;40m.[0;34;40m...[0;1;30;90;43m.[0;33;5;43;103mS%%S[0;1;30;90;43m.[0;31;40m [0;34;40m [0m
[0;30;41m%[0;31;5;41;101m888[0;1;37;97;47m@[0;37;5;47;107m8888888[0;31;5;41;101m88888[0;35;5;41;101m@[0;1;30;90;47m88[0;31;5;41;101m888@@@[0;33;5;41;101mX[0;33;5;43;103m:[0;1;30;90;43m8[0;1;30;90;40m88[0;1;30;90;43m8[0;33;5;43;103m::::::[0;1;30;90;43mX[0;1;30;90;40m@@[0;1;30;90;43mX[0;33;5;43;103m:;;;;;[0;1;30;90;43mt[0;31;40mt;[0;1;30;90;43mt[0;33;5;43;103m;;;;;;[0;1;30;90;43m:[0;31;40m::[0;1;30;90;43m:[0;33;5;43;103mtttttt[0;1;30;90;43m.[0;31;40m:.[0;1;30;90;43m.[0;33;5;43;103m%%%%SS[0;1;30;90;43m [0;31;40m.[0m
[0;30;41m%[0;31;5;41;101m888[0;37;5;47;107mSttttt;;[0;31;5;41;101m88888888@@@@@@[0;33;5;41;101mX[0;33;5;43;103m::[0;1;33;93;43mS[0;1;30;90;43m8[0;33;5;43;103m::::::::[0;1;33;93;43mS[0;1;30;90;43m@[0;33;5;43;103m:::;;;;;[0;1;30;90;43m%t[0;33;5;43;103m;;;;;;;;[0;1;30;90;43m::[0;33;5;43;103mtttttttt[0;1;30;90;43m..[0;33;5;43;103m%%%%%%SS[0;1;30;90;43m.[0m
[0;30;41m%[0;31;5;41;101m888[0;37;5;47;107m8tttt;;%[0;31;5;41;101m88888@@@@@@@@@[0;1;31;91;43m8[0;37;5;43;103m%[0;33;5;43;103m%[0;33;5;40;100m88[0;33;5;43;103mS[0;37;5;43;103m%%%[0;33;5;43;103m.::%[0;33;5;40;100m88[0;33;5;43;103mX::::;;S[0;31;5;40;100mX[0;30;5;40;100m@[0;33;5;43;103m@;;;;;;X[0;31;40m8@[0;33;5;43;103m8tttttt@[0;31;40m@X[0;1;33;93;43m@[0;33;5;43;103m%%%%%S[0;1;33;93;43m@[0;31;40mX[0m
[0;30;41m%[0;31;5;41;101m888[0;1;30;90;47m8[0;37;5;47;107mttt;;;[0;1;30;90;47m8[0;31;5;41;101m8888@@@@@@@XXX[0;1;31;91;43m8[0;33;5;43;103mX[0;33;5;40;100m@[0;30;5;40;100m88[0;31;5;40;100mS[0;33;5;43;103m@[0;37;5;43;103mSSS%[0;33;5;43;103mX[0;31;5;40;100mS[0;1;30;90;40m88[0;30;5;40;100m@[0;1;33;93;43m8[0;33;5;43;103m::::8[0;1;30;90;40m8S%8[0;1;33;93;43mX[0;33;5;43;103m;;;;[0;1;33;93;43m@[0;31;40mS[0;34;40m::[0;31;40m%[0;1;33;93;43mS[0;33;5;43;103mtttt[0;1;33;93;43mX[0;31;40m%[0;34;40m..[0;31;40mt[0;1;33;93;43m%[0;33;5;43;103m%%%%[0;1;33;93;43mS[0;31;40m%[0;34;40m [0m
[0;30;41m%[0;31;5;41;101m8888[0;35;5;41;101m@[0;1;37;97;47m%[0;37;5;47;107m;;[0;1;37;97;47mX[0;1;30;90;47m8[0;31;5;41;101m888@X[0;35;5;41;101m@@XXXXX[0;31;5;41;101mXXX[0;1;31;91;43m8[0;31;5;40;100mS[0;30;5;40;100m@@@@X[0;1;33;93;43m@[0;37;5;43;103mSS[0;1;33;93;43m8[0;30;5;40;100mX8[0;1;30;90;40m8888[0;1;33;93;43mS[0;33;5;43;103m::[0;1;33;93;43mX[0;1;30;90;40m8XSS%X[0;1;30;90;43mt[0;33;5;43;103m;;[0;1;33;93;43mS[0;31;40mt[0;34;40m::::[0;31;40m;[0;1;30;90;43m:[0;33;5;43;103mtt[0;1;33;93;43m%[0;31;40m;[0;34;40m....[0;31;40m:[0;1;30;90;43m.[0;33;5;43;103m%%[0;1;30;90;43m [0;31;40m;[0;34;40m  [0m
[0;30;41m%[0;31;5;41;101m888888@@8888@[0;1;30;90;47m8[0;37;5;47;107m::.... [0;1;37;97;47m%[0;31;5;41;101mXXX[0;1;30;90;41m8[0;30;5;40;100mXXXXXXX[0;1;30;90;43m8[0;37;43mX[0;30;5;40;100mX8888[0;1;30;90;40m888[0;1;30;90;43m@@[0;1;30;90;40m8XXXSS%[0;31;40mt[0;1;30;90;43mtt[0;31;40mt[0;34;40m::::::[0;31;40m:[0;1;30;90;43m::[0;31;40m:[0;34;40m......[0;31;40m.[0;1;30;90;43m..[0;31;40m:[0;34;40m   [0m
[0;30;41m%[0;31;5;41;101m888888888888@[0;1;30;90;47m8[0;37;5;47;107m:....  [0;1;37;97;47m%[0;31;5;41;101mXXX[0;31;5;40;100mS[0;30;5;40;100mSSSSSSS[0;1;30;90;43m88[0;30;5;40;100mX@8888[0;1;30;90;40m88[0;1;30;90;43m8@[0;1;30;90;40m8@XXSSS[0;31;40mt[0;1;30;90;43mtt[0;31;40m;[0;34;40m::::::[0;31;40m:[0;1;30;90;43m::[0;31;40m:[0;34;40m......[0;31;40m.[0;1;30;90;43m..[0;31;40m.[0;34;40m   [0m
[0;30;41m%[0;31;5;41;101m88888888888@@[0;35;5;41;101mX[0;37;5;47;107m:...   [0;1;37;97;47m [0;31;5;41;101mXXX[0;1;30;90;43m8[0;33;5;40;100m%[0;36;5;40;100m%t%%[0;33;5;40;100m%[0;37;43m@[0;37;5;43;103mXX[0;1;33;93;43m8[0;30;5;40;100mS@8888[0;1;30;90;43m8[0;33;5;43;103m::[0;1;33;93;43mX[0;1;30;90;40m8XXXSX[0;1;30;90;43m%[0;33;5;43;103m;;[0;1;33;93;43m%[0;31;40mt[0;34;40m::::[0;31;40m;[0;1;30;90;43m:[0;33;5;43;103mtt[0;1;30;90;43m:[0;31;40m;[0;34;40m....[0;31;40m:[0;1;30;90;43m.[0;33;5;43;103m%%[0;1;30;90;43m [0;31;40m:[0;34;40m  [0m
[0;30;41m%[0;31;5;41;101m88888888888@@@[0;1;30;90;47m@[0;37;5;47;107m:.   8[0;35;5;41;101mX[0;31;5;41;101mXS[0;35;5;41;101mX[0;37;43m@[0;37;5;43;103m8[0;33;5;40;100mt[0;36;5;40;100mtt[0;33;5;40;100mt[0;37;5;43;103m8XXXX[0;33;5;43;103mX[0;33;5;40;100mX[0;30;5;40;100m@8X[0;1;33;93;43m8[0;33;5;43;103m.:::[0;1;33;93;43m8[0;30;5;40;100m8[0;1;30;90;40mXX8[0;1;33;93;43mX[0;33;5;43;103m;;;;[0;1;33;93;43mX[0;31;40mS[0;34;40m::[0;31;40mt[0;1;33;93;43m%[0;33;5;43;103m;ttt[0;1;33;93;43mS[0;31;40m%[0;34;40m..[0;31;40m;[0;1;33;93;43mt[0;33;5;43;103m%%%%[0;1;33;93;43m%[0;31;40mt[0;34;40m [0m
[0;30;41m%[0;31;5;41;101m888[0;1;30;90;47m88888888[0;31;5;41;101m@@@@[0;35;5;41;101mX[0;1;37;97;47m.[0;37;5;47;107mt8[0;1;30;90;47m8[0;31;5;41;101mXXS[0;35;5;41;101mXX[0;37;43m@[0;37;5;43;103mX8[0;33;5;40;100mtt[0;37;5;43;103m8XXXXXXX[0;33;5;40;100m@@[0;33;5;43;103mX[0;37;5;43;103mS%[0;33;5;43;103m::::X[0;31;5;40;100mS[0;30;5;40;100m@[0;33;5;43;103m@;;;;;;@[0;1;30;90;40m8[0;31;40mX[0;1;33;93;43m@[0;33;5;43;103m;;tttt8[0;31;40mXS[0;1;33;93;43mX[0;33;5;43;103mt%%%%%[0;1;33;93;43m@[0;31;40mS[0m
[0;30;41m%[0;31;5;41;101m888[0;37;5;47;107mS;;;;;;:[0;31;5;41;101m@@@@XXXXXXXS[0;35;5;41;101mXX[0;37;43m8[0;37;5;43;103mXX[0;1;33;93;47m@[0;33;47m8[0;37;5;43;103mXXXXXXXX[0;1;33;93;43m@X[0;37;5;43;103mSS%[0;33;5;43;103m:::::[0;1;33;93;43mS[0;1;30;90;43mS[0;33;5;43;103m;;;;;;;;[0;1;30;90;43m;:[0;33;5;43;103m;;;ttttt[0;1;30;90;43m..[0;33;5;43;103mtt%%%%%%[0;1;30;90;43m.[0m
[0;30;41m%[0;31;5;41;101m888[0;37;5;47;107mS;;;;;;:[0;31;5;41;101m@@@@XXXXXXXX[0;35;5;41;101mXX[0;37;43m@[0;37;5;43;103mX[0;33;47m8[0;33;5;40;100m;;[0;37;43m8[0;37;5;43;103mXXXXXX[0;37;43mX[0;30;5;40;100mX@[0;1;30;90;43m8[0;37;5;43;103mS%[0;33;5;43;103m::::[0;1;30;90;43mX[0;1;30;90;40m8@[0;1;30;90;43mS[0;33;5;43;103m;;;;;;[0;1;30;90;43m;[0;31;40m;;[0;1;30;90;43m:[0;33;5;43;103m;;tttt[0;1;30;90;43m.[0;31;40m::[0;1;30;90;43m.[0;33;5;43;103mt%%%%%[0;1;30;90;43m [0;31;40m.[0m
[0;30;41m%[0;31;5;41;101m888[0;1;37;97;47m.[0;37;5;47;107m;;;;;;[0;1;37;97;47mS[0;31;5;41;101m@@@@XXXXXXXXXS[0;1;31;91;43m8[0;37;43m@[0;33;5;40;100mt[0;36;5;40;100mtt[0;33;5;40;100mt[0;1;30;90;43m8[0;37;5;43;103mXXXX[0;1;30;90;43m8[0;30;5;40;100m@@88[0;1;30;90;43m8[0;33;5;43;103m::::[0;1;30;90;43m@[0;1;30;90;40m@XXS[0;1;30;90;43mS[0;33;5;43;103m;;;;[0;1;30;90;43m;[0;31;40m;[0;34;40m::[0;32;40m:[0;1;30;90;43m;[0;33;5;43;103mtttt[0;1;30;90;43m:[0;31;40m:[0;34;40m..[0;31;40m.[0;1;30;90;43m:[0;33;5;43;103m%%%%[0;1;30;90;43m.[0;31;40m.[0;34;40m [0m
[0;30;41m%[0;31;5;41;101m8888[0;1;37;97;47m:[0;37;5;47;107m;;;;[0;1;37;97;47m%[0;31;5;41;101m@@@@@@XXXXXXXXX[0;33;5;40;100mS[0;30;5;40;100m%%%%SS[0;1;30;90;43m8[0;37;5;43;103mXX[0;1;30;90;43m8[0;30;5;40;100m@@888[0;1;30;90;40m8[0;1;30;90;43m8[0;33;5;43;103m::[0;1;30;90;43m@[0;1;30;90;40m@XXSSS[0;1;30;90;43mS[0;33;5;43;103mt;[0;1;30;90;43m%[0;34;40m::::::[0;1;30;90;43m;[0;33;5;43;103mtt[0;1;30;90;43m:[0;34;40m......[0;1;30;90;43m:[0;33;5;43;103m%%[0;1;30;90;43m.[0;34;40m   [0m
[0;30;41mS[0;31;5;41;101m88888[0;35;5;41;101m@[0;1;37;97;47m  [0;35;5;41;101m@[0;31;5;41;101m888@[0;35;5;41;101mX[0;1;37;97;47m;;tt%%% [0;31;5;41;101mXXX[0;1;30;90;41m8[0;30;5;40;100mSSSSSXX[0;33;5;40;100m@[0;1;30;90;43m8[0;30;5;40;100m@@8888[0;1;30;90;40m88[0;1;30;90;43m88[0;1;30;90;40m@@XXSS%[0;34;40m;[0;1;30;90;43m%%[0;34;40m;::::::.[0;1;30;90;43m;;[0;34;40m........[0;1;30;90;43m:.[0;34;40m.   [0m
[0;30;41m8[0;31;5;41;101m8888888888888[0;1;30;90;47m8[0;37;5;47;107m::.....[0;1;37;97;47m%[0;31;5;41;101mXXX[0;1;30;90;41m8[0;30;5;40;100mXXXXX@[0;33;5;40;100mX[0;33;5;43;103mXS[0;33;5;40;100m@[0;30;5;40;100m888[0;1;30;90;40m888[0;30;5;40;100mX[0;33;5;43;103m@X[0;30;5;40;100mS[0;1;30;90;40mXXSSS[0;34;40m;[0;1;30;90;40m8[0;1;33;93;43m@[0;33;5;43;103m8[0;1;30;90;40m8[0;34;40m::::::[0;31;40mS[0;1;33;93;43m@8[0;31;40mX[0;34;40m......[0;31;40m%[0;1;33;93;43mXX[0;31;40mS[0;34;40m   [0m
[0;31;40mX[0;31;5;41;101m8888888888888[0;1;30;90;47m8[0;37;5;47;107m::::...[0;1;37;97;47m;[0;31;5;41;101mXXX[0;1;31;91;43m8[0;33;5;40;100m@[0;30;5;40;100m@@@@[0;33;5;40;100m@[0;37;5;43;103mSSS[0;33;5;43;103mt[0;33;5;40;100m8[0;30;5;40;100m8[0;1;30;90;40m888[0;33;5;40;100m8[0;33;5;43;103mS::%[0;33;5;40;100m8[0;1;30;90;40mSSS%[0;30;5;40;100m@[0;33;5;43;103mX;;S[0;30;5;40;100mX[0;34;40m::::[0;31;40m@[0;33;5;43;103m@ttX[0;31;40m8[0;34;40m....[0;31;40mX[0;33;5;43;103m8%%@[0;31;40m@[0;34;40m  [0m
 [0;1;31;91;41m8[0;31;5;41;101m8888888888888[0;37;5;47;107m8::::::[0;1;30;90;47m8[0;31;5;41;101m@XX[0;1;31;91;43m8[0;37;5;43;103mS[0;33;5;40;100m8[0;30;5;40;100m88[0;33;5;40;100m8[0;37;5;43;103mSSS%%[0;33;5;43;103m;[0;33;5;40;100m8[0;1;30;90;40m88[0;33;5;40;100m8[0;33;5;43;103mt::::t[0;33;5;40;100m8[0;1;30;90;40mS%[0;33;5;40;100m8[0;33;5;43;103m%;;;;%[0;1;30;90;43m;[0;34;40m::[0;31;5;40;100mS[0;33;5;43;103mSttttS[0;1;30;90;43m:[0;34;40m..[0;31;40m8[0;33;5;43;103mX%%%%X[0;33;41m8[0m 
 [0;1;31;91;41m;[0;31;5;41;101m8888888888888@[0;1;37;97;47m [0;37;5;47;107m;::8[0;1;30;90;47m8[0;31;5;41;101m@@@@[0;1;31;91;43m8[0;37;5;43;103m%%[0;1;30;90;43m88[0;33;5;43;103m:[0;37;5;43;103m%%[0;33;5;43;103m.::::[0;1;30;90;43m@@[0;33;5;43;103m;::::;;;[0;1;30;90;43mS%[0;33;5;43;103mt;;;;;;t[0;1;30;90;43m;;[0;33;5;43;103mttttttt%[0;1;30;90;43m::[0;33;5;43;103mS%%%%%S[0;1;33;93;43mS[0m 
 [0;30;41mS[0;31;5;41;101m88[0;37;5;47;107mX%tttttt[0;31;5;41;101m88888@[0;1;30;90;47m8[0;35;5;41;101m@[0;31;5;41;101m@@@@@@[0;33;5;41;101mX[0;33;5;43;103m::[0;1;30;90;43m88[0;33;5;43;103m::::::::[0;1;30;90;43m@@[0;33;5;43;103m;::;;;;;[0;1;30;90;43m%%[0;33;5;43;103mt;;;;;;;[0;1;30;90;43m;;[0;33;5;43;103mttttttt%[0;1;30;90;43m::[0;33;5;43;103m%%%%%%S[0;1;30;90;43m.[0m 
  [0;1;31;91;41m8[0;31;5;41;101m8[0;37;5;47;107mSttttttt[0;31;5;41;101m888888888888@@[0;33;5;41;101mX[0;33;5;43;103m;[0;1;30;90;43m8[0;1;30;90;40m88[0;33;5;40;100m8[0;33;5;43;103mt::::;[0;1;30;90;43m@[0;1;30;90;40mXX[0;33;5;40;100m8[0;33;5;43;103mt;;;;t[0;1;30;90;43m%[0;34;40m;;[0;33;5;40;100m8[0;33;5;43;103m%;;;;t[0;1;30;90;43m;[0;34;40m:.[0;33;5;40;100m8[0;33;5;43;103mStttt%[0;1;30;90;43m:[0;34;40m..[0;1;30;90;41m8[0;33;5;43;103mX%%%SX[0;31;40mS[0m 
  [0;1;30;90;41m:[0;31;5;41;101m8[0;37;5;47;107m8ttttttX[0;31;5;41;101m88888888888888[0;33;5;41;101m8[0;33;5;40;100m8[0;1;30;90;40m@@@@[0;33;5;40;100m8[0;33;5;43;103m%::t[0;33;5;40;100m8[0;1;30;90;40mXXSS[0;31;5;40;100mS[0;33;5;43;103mS;;%[0;33;5;40;100m8[0;34;40m;;;:[0;1;30;90;40m8[0;33;5;43;103mS;;%[0;31;5;40;100mX[0;34;40m:...[0;31;40m8[0;33;5;43;103mXttS[0;31;40m8[0;34;40m....[0;31;40m@[0;33;5;43;103m@%S@[0;31;40m8[0m  
  [0;31;40mS[0;1;31;91;41m8[0;1;30;90;47m8[0;37;5;47;107m%ttttt[0;1;30;90;47m8[0;31;5;41;101m88888888888888[0;1;30;90;41mX[0;1;30;90;40mXXXXXX[0;30;5;40;100m@[0;33;5;43;103m@X[0;31;5;40;100mS[0;1;30;90;40mSSSSS%8[0;33;5;43;103m@X[0;1;30;90;40m8[0;34;40m;;::::[0;31;40mX[0;1;33;93;43m8[0;33;5;43;103m@[0;31;40m@[0;34;40m......[0;31;40mS[0;1;33;93;43m@8[0;31;40m@[0;34;40m......[0;31;40mS[0;1;33;93;43mX@[0;31;40mX[0;34;40m [0m  
   [0;30;41m:[0;31;5;41;101m88[0;1;37;97;47m [0;37;5;47;107m%%[0;1;37;97;47m [0;31;5;41;101m@8888[0;35;5;41;101m@@@@@@@[0;31;5;41;101m@888[0;1;30;90;41mS[0;1;30;90;40mSSSSSSS[0;33;5;40;100m8[0;1;30;90;43mS[0;1;30;90;40mSS%%[0;34;40m;;;;[0;1;30;90;43m%%[0;34;40m;:::::::[0;1;30;90;43m;;[0;34;40m........[0;1;30;90;43m::[0;34;40m......  [0;33;41m8[0;31;43m8[0;34;40m [0m   
    [0;1;31;91;41mX[0;31;5;41;101m888888888[0;35;5;40;100m [0;37;5;47;107mttttttt[0;1;37;97;47m [0;31;5;41;101m888[0;33;41mt[0;1;30;90;40mSSSSS%[0;1;30;90;43mS[0;33;5;43;103mt;[0;1;30;90;43mS[0;34;40m;;;;;;[0;1;30;90;43m%[0;33;5;43;103mtt[0;1;30;90;43mt[0;34;40m::::::[0;1;30;90;43m;[0;33;5;43;103m%t[0;1;30;90;43m;[0;34;40m......[0;1;30;90;43m:[0;33;5;43;103mS%[0;1;30;90;43m:[0;34;40m..... [0;31;43m8[0;33;5;43;103mX[0;1;33;93;43m8[0m    
    [0;31;40m8[0;1;31;91;41m8[0;31;5;41;101m88888888[0;35;5;40;100m.[0;37;5;47;107mttttttt[0;1;37;97;47m [0;31;5;41;101m888[0;33;5;41;101m@[0;1;30;90;43m%[0;31;40m;[0;34;40m;;;[0;1;30;90;43m%[0;33;5;43;103m;;;;[0;1;30;90;43mt[0;31;40m;[0;34;40m;;;[0;1;30;90;43mt[0;33;5;43;103mt;;;[0;1;30;90;43m;[0;31;40m:[0;34;40m:::[0;1;30;90;43m;[0;33;5;43;103mtttt[0;1;30;90;43m:[0;31;40m.[0;34;40m...[0;1;30;90;43m:[0;33;5;43;103m%t%%[0;1;30;90;43m:[0;31;40m.[0;34;40m.  [0;1;30;90;43m.[0;33;5;43;103mSS[0;30;41m8[0m    
     [0;30;41m@[0;1;31;91;41m88[0;31;5;41;101m8888888[0;37;5;47;107mttttttt[0;1;30;90;47m8[0;31;5;41;101m888[0;33;5;41;101m@[0;33;5;43;103m;[0;1;30;90;43mt[0;31;40mt;[0;1;30;90;43mt[0;33;5;43;103m;;;;;;[0;1;30;90;43m;[0;31;40m;;[0;1;30;90;43m;[0;33;5;43;103m;;;;;;[0;1;30;90;43m:[0;31;40m::[0;1;30;90;43m:[0;33;5;43;103mtttttt[0;1;30;90;43m.[0;31;40m::[0;1;30;90;43m:[0;33;5;43;103mt%%%%%[0;1;30;90;43m.[0;31;40m..[0;1;30;90;43m.[0;33;5;43;103mSS[0;1;30;90;43m.[0m     
      [0;30;41mt[0;1;31;91;41m888[0;31;5;41;101m88888[0;1;30;90;47m8[0;37;5;47;107mStttt[0;1;37;97;47m.[0;31;5;41;101m8888[0;33;5;41;101m@[0;33;5;43;103m;;[0;1;30;90;43m;;[0;33;5;43;103m;;;;;;;;[0;1;30;90;43m;:[0;33;5;43;103m;;;;;;;;[0;1;30;90;43m::[0;33;5;43;103mtttttttt[0;1;30;90;43m..[0;33;5;43;103mt%%%%%%%[0;1;30;90;43m  [0;33;5;43;103mSS[0;1;30;90;43m [0m      
       [0;30;41m:[0;1;31;91;41m88888[0;31;5;41;101m8888[0;1;30;90;47m@[0;37;5;47;107m8[0;1;37;97;47m [0;35;5;41;101m@[0;31;5;41;101m88888[0;33;5;41;101m8[0;33;5;43;103m;X[0;1;30;90;40m88[0;33;5;43;103m@;;;;;;X[0;31;40m8@[0;33;5;43;103m@;;;;ttX[0;31;40m8X[0;1;33;93;43m8[0;33;5;43;103mtttttt@[0;31;40m@X[0;1;33;93;43m@[0;33;5;43;103m%%%%%%[0;1;33;93;43m@[0;31;40mXS[0;1;33;93;43mX[0;1;30;90;43m [0m       
        [0;30;41m;[0;1;31;91;41m88888888[0;31;5;41;101m888888888[0;33;5;41;101m8[0;1;33;93;43m@[0;31;40mS[0;34;40m::[0;31;40m%[0;1;33;93;43mS[0;33;5;43;103m;;;;[0;1;33;93;43m@[0;31;40mS[0;34;40m::[0;31;40m%[0;1;33;93;43mS[0;33;5;43;103mtttt[0;1;33;93;43m@[0;31;40mS[0;34;40m..[0;31;40mt[0;1;33;93;43mS[0;33;5;43;103mtttt[0;1;33;93;43mX[0;31;40m%[0;34;40m..[0;31;40mt[0;1;33;93;43m%[0;33;5;43;103m%%%%[0;1;33;93;43mS[0;31;40m%[0;34;40m  [0;31;40m;[0m        
         [0;30;41mS[0;1;31;91;41m888888888888[0;31;5;41;101m8888[0;1;31;91;41mX[0;31;40mt[0;34;40m::::[0;31;40m;[0;1;30;90;43m:[0;33;5;43;103m;;[0;1;33;93;43m%[0;31;40mt[0;34;40m....[0;31;40m;[0;1;30;90;43m:[0;33;5;43;103mtt[0;1;33;93;43m%[0;31;40m;[0;34;40m....[0;31;40m:[0;1;30;90;43m.[0;33;5;43;103mtt[0;1;33;93;43m%[0;31;40m;[0;34;40m....[0;31;40m:[0;1;30;90;43m [0;33;5;43;103m%%[0;1;30;90;43m [0;31;40m:[0;34;40m   [0m         
          [0;31;40m8[0;1;31;91;41m@88888888888888:[0;34;40m......[0;31;40m:[0;1;30;90;43m::[0;31;40m;[0;34;40m......[0;31;40m:[0;1;30;90;43m:.[0;31;40m:[0;34;40m......[0;31;40m.[0;1;30;90;43m..[0;31;40m:[0;34;40m..... [0;31;40m.[0;1;30;90;43m. [0;31;40m.[0;34;40m   [0m          
            [0;1;31;91;41m;8888888888888:[0;34;40m......[0;31;40m:[0;1;30;90;43m::[0;31;40m:[0;34;40m......[0;31;40m.[0;1;30;90;43m::[0;31;40m:[0;34;40m......[0;31;40m.[0;1;30;90;43m..[0;31;40m.[0;34;40m...   [0;31;40m.[0;1;30;90;43m. [0;31;40m.[0;34;40m [0m            
             [0;30;41m%[0;1;31;91;41m888888888888S[0;31;40m;[0;34;40m....[0;31;40m:[0;1;30;90;43m.[0;33;5;43;103mtt[0;1;30;90;43m.[0;31;40m;[0;34;40m....[0;31;40m:[0;1;30;90;43m.[0;33;5;43;103mtt[0;1;30;90;43m.[0;31;40m;[0;34;40m....[0;31;40m:[0;1;30;90;43m.[0;33;5;43;103m%%[0;1;30;90;43m [0;31;40m:[0;34;40m    [0;31;40m.[0;1;30;90;43m [0;33;5;43;103mSS[0;31;43m8[0m             
              [0;31;40mS[0;1;31;91;41m;8888888888[0;31;5;41;101m8[0;1;33;93;43mS[0;31;40m%[0;34;40m..[0;31;40mt[0;1;33;93;43m%[0;33;5;43;103mtttt[0;1;33;93;43mS[0;31;40mt[0;34;40m..[0;31;40m;[0;1;33;93;43mt[0;33;5;43;103mt%%%[0;1;33;93;43mS[0;31;40mt[0;34;40m..[0;31;40m;[0;1;30;90;43m [0;33;5;43;103m%%%%[0;1;33;93;43m%[0;31;40mt[0;34;40m  [0;31;40m;[0;1;30;90;43m [0;33;5;43;103mS[0;1;33;93;43m%[0;31;40m@[0m              
                [0;30;41m8[0;1;31;91;41mS88888888[0;31;5;41;101m8[0;33;5;43;103mt[0;1;33;93;43m8[0;31;40mXS[0;1;33;93;43mX[0;33;5;43;103mtttttt[0;1;33;93;43m@[0;31;40mXS[0;1;33;93;43mX[0;33;5;43;103m%%%%%%[0;1;33;93;43m@[0;31;40mXS[0;1;33;93;43mX[0;33;5;43;103m%%%SSS[0;1;33;93;43mX[0;31;40mS%[0;1;33;93;43mS8[0;1;30;90;43m [0m                
                  [0;30;41m%[0;1;31;91;41m@888888[0;31;5;41;101m8[0;33;5;43;103m%%[0;1;30;90;43m..[0;33;5;43;103m%%%%%%%%[0;1;30;90;43m..[0;33;5;43;103m%%%%%%%%[0;1;30;90;43m  [0;33;5;43;103m%SSSSSSS[0;1;30;90;43m   [0m                  
                    [0;30;41mt[0;1;31;91;41m@8888[0;31;5;41;101m8[0;33;5;43;103m%[0;1;30;90;43m.[0;31;40m:.[0;1;30;90;43m.[0;33;5;43;103m%%%%%%[0;1;30;90;43m [0;31;40m:.[0;1;30;90;43m.[0;33;5;43;103m%%%%%%[0;1;30;90;43m [0;31;40m:.[0;1;30;90;43m [0;33;5;43;103mSSSSSS[0;1;30;90;43m [0;31;40m.[0m                    
                      [0;30;41m%[0;1;31;91;41mX88[0;31;5;41;101m8[0;1;30;90;43m.[0;31;40m.[0;34;40m..[0;31;40m.[0;1;30;90;43m.[0;33;5;43;103m%%%%[0;1;30;90;43m.[0;31;40m.[0;34;40m  [0;32;40m.[0;1;30;90;43m.[0;33;5;43;103mSSSS[0;1;30;90;43m.[0;31;40m.[0;34;40m  [0;31;40m [0;1;30;90;43m.[0;33;5;43;103mSSS@[0;1;30;90;43m [0m                      
                        [0;30;41m@[0;1;31;91;41m%:[0;34;40m      [0;1;30;90;43m.[0;33;5;43;103mSS[0;1;30;90;43m.[0;34;40m      [0;1;30;90;43m.[0;33;5;43;103mSS[0;1;30;90;43m.[0;34;40m      [0;31;43m8[0;1;33;93;43mS[0;1;30;90;43m [0m                        
                          [0;31;40m%[0;34;40m       [0;31;43m88[0;34;40m        [0;33;41m8[0;31;43m8[0;34;40m        [0m                          
                             [0;34;40m    [0;31;40mt[0;1;33;93;43m%S[0;31;40mS[0;34;40m      [0;31;40mt[0;1;33;93;43m%S[0;31;40m%[0;34;40m    [0m                             
                                [0;31;40m.[0;1;30;90;43m [0;33;5;43;103mSS[0;1;33;93;43m8[0;31;40m@[0;34;40m    [0;31;40mS[0;1;33;93;43m@[0;33;5;43;103mSS[0;1;30;90;43m [0;31;40m.[0m                                
                                   [0;1;30;90;43m  [0;1;33;93;43m8[0;33;41m8[0;34;40m  [0;31;40m8[0;1;33;93;43m@[0;1;30;90;43m  [0m                                   
                                      [0;31;40m8::8[0m                                      
