                                [0;30;5;40;100m8[0;35;5;40;100m8S%;:....:;%S8[0;30;5;40;100m8[0m                                
                          [0;30;5;40;100m8[0;35;5;40;100mS.[0;1;30;90;47m%[0;35;47mSSSSSSSSSSSSSSSSSSSS[0;1;30;90;47mS[0;35;5;40;100m:X[0;30;5;40;100m8[0m                          
                      [0;1;30;90;40m8[0;35;5;40;100m%[0;1;30;90;47m@[0;35;47mS%%%%%%%SSSSSSSSSSSSSSSSSSSSSX[0;1;30;90;47m@[0;35;5;40;100m%[0;30;5;40;100m8[0m                      
                   [0;30;5;40;100m8[0;35;5;40;100m:[0;1;30;90;47m:[0;35;47m%%%%%%%%%%%%%%%%%SSSSSSSSSSSSSSSSSSSX[0;35;5;40;100mt[0;30;5;40;100m8[0m                   
                 [0;35;5;40;100mS[0;1;30;90;47mt[0;35;47m%%%%%%[0;1;37;97;47m:::::::::[0;35;47m%%%%%%%%SSSSSSSSSSSSSSSSSXX[0;1;30;90;47m%[0;35;5;40;100mX[0m                 
               [0;35;5;40;100m;[0;1;30;90;47m.[0;35;47m%%%[0;1;37;97;47m:::::::::::::::::::[0;35;47m%%%%%%SSSSSSSSSSSSSSSXXXX[0;35;5;40;100m%[0m               
             [0;35;5;40;100mt[0;1;30;90;47m [0;35;47m%%[0;1;37;97;47m:::::;;;;;;;;;;;;;;;:::::[0;35;47m%%%%%SSSSSSSSSSSSSSXXXXX[0;35;5;40;100mt[0m             
           [0;35;5;40;100m8[0;1;30;90;47m:[0;35;47m%%[0;1;37;97;47m::::;;;;;;;;;;;;;;;;;;;;;::::[0;35;47m%%%%SSSSSSSSSSSSSSXXXXX[0;1;30;90;47m;[0;35;5;40;100m8[0m           
          [0;37;5;40;100m8[0;35;47m%%[0;1;37;97;47m::::;;;;;;ttttttttttttt;;;;;;::::[0;35;47m%%%%SSSSSSSSSSSSSXXXXXX[0;35;5;40;100m.[0m          
        [0;30;5;40;100m@[0;1;30;90;47m.[0;35;47m%%[0;1;37;97;47m:::;;;;;tttttt%%%%%%%tttttt;;;;;:::[0;35;47m%%%%SSSSSSSSSSSSSXXXXXX@[0;34;5;40;100mX[0m        
       [0;35;5;40;100mX[0;35;47m%%[0;1;37;97;47m:::;;;;;tttt%%%8[0;37;5;47;107m8[0;1;37;97;47m8S%%%%%%%%tttt;;;;:::[0;35;47m%%%%SSSSSSS[0;1;30;90;47m [0;1;37;97;47mtX8[0;1;30;90;47m [0;35;47mXXXXXXXX[0;35;5;40;100mX[0m       
      [0;35;5;40;100m%[0;35;47m%%[0;1;37;97;47m:::;;;;tttt%%@8[0;37;5;47;107m888888[0;1;37;97;47m8XSSS%%%%ttt;;;;:::[0;35;47m%%%%SSSS[0;1;30;90;47m [0;1;37;97;47m8[0;37;5;47;107m%tt[0;1;37;97;47mt[0;35;47mSSXXXXXXXX[0;35;5;40;100m%[0m      
     [0;35;5;40;100m%[0;35;47m%%%[0;1;37;97;47m::;;;;ttt%%S[0;37;5;47;107m8888888@@@@@8[0;1;37;97;47mXSS%%%tttt;;;:::[0;35;47m%%%SSS[0;1;37;97;47mX[0;37;5;47;107mSttt[0;1;37;97;47m8[0;35;47mSSSXXXXXXXXX[0;35;5;40;100m%[0m     
    [0;35;5;40;100mX[0;35;47m%%%[0;1;37;97;47m:::;;;ttt%%%S8[0;37;5;47;107m@@@@@@@@@@@@@@[0;1;37;97;47m8SS%%ttt;;;;:::[0;35;47m%%%[0;1;37;97;47m%[0;37;5;47;107mXt%tX[0;1;37;97;47mt[0;35;47mSSSSSXXXXXXXXX[0;35;5;40;100m@[0m    
   [0;1;30;90;40m8[0;35;47mS%%[0;1;30;90;47m [0;1;37;97;47m::;;;;ttt%%SS8[0;37;5;47;107m@X@8@XX@@X@XX@X@[0;1;37;97;47m8S%%ttt;;;;::[0;35;47m%[0;1;37;97;47m;[0;37;5;47;107m8tS%%[0;1;37;97;47m@[0;35;47mSSSSSSSXXXXXXXXXX[0;30;5;40;100m8[0m   
   [0;1;30;90;47m%[0;35;47m%%%[0;1;37;97;47m:::;;;ttt%%SSSX[0;37;5;47;107m@XX@@XX@XSXXX@XXXX8[0;1;37;97;47mS%ttt;;;:;8[0;37;5;47;107mtSXt8[0;1;37;97;47m;[0;35;47mSSSSSSSSXXXXXXXXXX[0;1;30;90;47mS[0m   
  [0;35;5;40;100mX[0;35;47mS%%%[0;1;37;97;47m:::;;;ttt%%SSSSS@8[0;37;5;47;107m@@@SX@SXXSXXXXXXX[0;1;37;97;47m8%tt;;;X[0;37;5;47;107m%t@%S[0;1;37;97;47mS[0;35;47mSSSSSSSSSSXXXXXXXXXXX[0;35;5;40;100mX[0m  
  [0;1;30;90;47m:[0;35;47mS%%%[0;1;37;97;47m::;;;;ttt%%SSSSSXXXXX8[0;37;5;47;107m8@X%XSSXSXSXXX@[0;1;37;97;47m@t;S[0;37;5;47;107mX;8Xt[0;1;37;97;47m8:[0;35;47mSSSSSSSSSSSXXXXXXXXXXX[0;1;30;90;47mt[0m  
 [0;35;5;40;100m@[0;35;47mSS%%%[0;1;37;97;47m:::;;;ttt%%SSSSSXXXXXXXXX8[0;37;5;47;107m@X%X%X%XSXXX[0;1;37;97;47m8[0;37;5;47;107m8;X8;X[0;1;37;97;47m%[0;35;47m%%SSSSSSSSSSSXXXXXXXXXXXX[0;35;5;40;100m@[0m 
 [0;37;5;40;100m8[0;35;47mSS%%%[0;1;37;97;47m:::;;;ttt%%SSSSSSXXXXXXXXXXX@[0;37;5;47;107m@S%SS%XXX;t[0;1;37;97;47m8[0;37;5;47;107mSt[0;1;37;97;47m8:[0;35;47m%%%SSSSSSSSSSSXXXXXXXXXXXX[0;37;5;40;100m8[0m 
 [0;35;47mSSS%%%[0;1;30;90;47m [0;1;37;97;47m::;;;ttt%%%SSSSSSXXXXXXXXXSSSS8[0;37;5;47;107m@%SSt:88;S[0;1;37;97;47mt:[0;35;47m%%%SSSSSSSSSSSSXXXXXXXXXXXXX[0;34;40m;[0m
[0;30;5;40;100m8[0;35;47mSSSS%%%[0;1;37;97;47m:::;;;ttt%%%SSSSSSSSXXXSSSSSSSS%@[0;37;5;47;107mt:@[0;1;37;97;47m8[0;37;5;47;107m;tXS8[0;1;37;97;47m;[0;35;47m%%%SSSSSSSSSSSSXXXXXXXXXXXX@[0;30;5;40;100m@[0m
[0;35;5;40;100m@[0;35;47mSSSS%%%[0;1;30;90;47m [0;1;37;97;47m::;;;;ttt%%%SSSSSSSSSSSSSSSS%S[0;37;5;47;107m8:t[0;1;37;97;47m@[0;37;5;47;107mX;SSSSSX[0;1;37;97;47m;[0;35;47m%%SSSSSSSSSSSXXXXXXXXXXXXX@[0;35;5;40;100m@[0m
[0;35;5;40;100mS[0;35;47mSSSSS%%%[0;1;37;97;47m:::;;;;tttt%%%SSSSSSSSSSSS%%8[0;37;5;47;107m;:[0;1;37;97;47m88[0;37;5;47;107m:X[0;1;37;97;47mS[0;37;5;47;107m8%%%%%S[0;1;37;97;47m;[0;35;47mSSSSSSSSSSSSXXXXXXXXXXXXX@[0;35;5;40;100mX[0m
[0;35;5;40;100mS[0;35;47mSSSSSS%%%[0;1;37;97;47m:::;;;;ttttt%%%%%%%S%%%%%@[0;37;5;47;107m%.8[0;1;37;97;47mX[0;37;5;47;107m;t[0;1;37;97;47m8;;;%[0;37;5;47;107mXttttS[0;1;37;97;47m:[0;35;47mSSSSSSSSSSXXXXXXXXXXXXXX@[0;35;5;40;100mX[0m
[0;35;5;40;100m@[0;35;47mSSSSSSS%%%[0;1;37;97;47m:::;;;;;tttttt%%%%%%%%S[0;37;5;47;107m@:t[0;1;37;97;47m%[0;37;5;47;107m@:@[0;1;37;97;47mt;;::::8[0;37;5;47;107mttttX[0;35;47m%SSSSSSSSSXXXXXXXXXXXXX@@[0;35;5;40;100m@[0m
[0;30;5;40;100m8[0;35;47mSSSSSSSS%%%%[0;1;37;97;47m:::;;;;;;tttttttttt8[0;37;5;47;107m;;[0;1;37;97;47mSX[0;37;5;47;107m;%[0;1;37;97;47mX;;;:::[0;35;47m%%%[0;1;37;97;47mt[0;37;5;47;107mSttt[0;1;37;97;47m8[0;35;47mSSSSSSSSXXXXXXXXXXXXXX@@[0;30;5;40;100m@[0m
 [0;35;47mSSSSSSSSS%%%%[0;1;37;97;47m::::;;;;;;;;;ttt@[0;37;5;47;107m%:[0;1;37;97;47m8;[0;37;5;47;107m%;[0;1;37;97;47m8;;::::[0;35;47m%%%%%S[0;1;30;90;47m [0;1;37;97;47m8[0;37;5;47;107mttt[0;1;37;97;47mX[0;35;47mSSSSSSXXXXXXXXXXXXXX@@@[0;34;40mt[0m
 [0;37;5;40;100m8[0;35;47mSSSSSSSSS%%%%%[0;1;37;97;47m:::::;:[0;1;30;90;47m.[0;1;37;97;47m;;;;%[0;37;5;47;107mX:%[0;1;37;97;47m.8[0;37;5;47;107m;X[0;1;37;97;47m%;::::[0;35;47m%%%%%SSSSS[0;1;37;97;47m8[0;37;5;47;107mtt%[0;1;37;97;47m;[0;35;47mSSSSXXXXXXXXXXXXXX@@@[0;37;5;40;100m8[0m 
 [0;35;5;40;100m8[0;35;47mSSSSSSSSSSS%%%%%%[0;1;37;97;47m:::[0;1;30;90;47m:[0;1;37;97;47m@;[0;1;30;90;47m [0;1;37;97;47m;8[0;37;5;47;107mtt[0;1;37;97;47m;;[0;37;5;47;107mt%[0;1;37;97;47mX:::::[0;35;47m%%%%%SSSSSSSS[0;1;37;97;47mX[0;37;5;47;107mtt@[0;35;47mSSSXXXXXXXXXXXXXXX@@@[0;35;5;40;100m@[0m 
  [0;1;30;90;47m;[0;35;47mSSSSSSSSSSSSS%%%%%%%[0;1;30;90;47m.[0;1;37;97;47mt@S[0;37;5;47;107m%[0;1;37;97;47m@[0;1;30;90;47m:[0;37;5;47;107m@t[0;1;37;97;47m8;:[0;1;30;90;47m [0;35;47m%%%%%%%SSSSSSSSSSS[0;1;37;97;47mS[0;37;5;47;107mtt[0;1;37;97;47m%[0;35;47mSXXXXXXXXXXXXXXX@@@@[0m  
  [0;35;5;40;100mX[0;35;47mSSSSSSSSSSSSSSSS%%%%%[0;1;30;90;47m;;[0;1;37;97;47mS%[0;1;30;90;47m.[0;37;5;47;107m;X[0;1;37;97;47m%[0;35;47m%%%%%%%%SSSSSSSSSSSSSSS[0;1;37;97;47mX[0;37;5;47;107m%@[0;35;47mXX[0;1;37;97;47m:[0;1;30;90;47m [0;35;47mXXXXXXXXXXX@@@@[0;35;5;40;100mX[0m  
   [0;1;30;90;47mS[0;35;47mSSSSSSSSSSSSSSSSSS[0;1;30;90;47m:S%%%.[0;1;37;97;47m@t[0;1;30;90;47m.[0;35;47m%%%%SSSSSSSSSSSSSSSSSS[0;1;30;90;47m  [0;35;47mS[0;1;37;97;47m@[0;37;5;47;107m%[0;1;37;97;47mt%[0;37;5;47;107mX[0;1;30;90;47m [0;35;47mXXXXXXXXXX@@@@[0;1;30;90;47mX[0m   
   [0;1;30;90;40m8[0;35;47mXSSSSSSSSSSSSSSS[0;1;30;90;47m X%ttt@.:[0;1;37;97;47m;X[0;1;30;90;47m. [0;35;47mSSSSSSSSSSSSSSSSSSSS[0;1;30;90;47m [0;1;37;97;47m8[0;37;5;47;107m8[0;1;37;97;47m8[0;37;5;47;107m8[0;1;37;97;47m8[0;37;5;47;107mSS[0;1;30;90;47m [0;35;47mXXXXXXXXX@@@@@[0;30;5;40;100m8[0m   
    [0;35;5;40;100mX[0;35;47mXSSSSSSSSSSSSS[0;1;30;90;47m;X%StS% [0;35;47mSSS[0;1;30;90;47m:. [0;35;47mSSSSSSSSSSSSSSSSSSSSX[0;1;30;90;47m [0;1;37;97;47m8[0;37;5;47;107m%%%SS[0;1;37;97;47mX;[0;1;30;90;47m [0;35;47mXXXXXX@@@@@[0;35;5;40;100m@[0m    
     [0;35;5;40;100m%[0;35;47mXXSSSSSSSSS[0;1;30;90;47m:.@%tSX:[0;35;47mSSSSSSSSSSSSSSSSSSSSSSSSSSXXXX[0;1;37;97;47m;[0;37;5;47;107mXSSSSSX8[0;1;37;97;47mS[0;1;30;90;47m :[0;35;47mXX@@@@@[0;35;5;40;100mS[0m     
      [0;35;5;40;100m%[0;35;47mXXXXSSSSS[0;1;30;90;47m;[0;1;37;97;47m%@%[0;1;30;90;47mtS;[0;35;47mSSSSSSSSSSSSSSSSSSSSSSSSSXXXXXX[0;1;37;97;47m%[0;37;5;47;107mXS@XSX[0;1;37;97;47m:[0;1;30;90;47m.[0;35;47mXXXXX@@@@@[0;35;5;40;100m%[0m      
       [0;35;5;40;100mX[0;35;47mXXXXXXSS[0;1;30;90;47m;[0;1;37;97;47mtXt[0;1;30;90;47m;[0;35;47mSSSSSSSSSSSSSSSSSSSSSSSSXXXXXXX[0;1;30;90;47m.[0;1;37;97;47m;Xt[0;1;30;90;47m .[0;1;37;97;47m;[0;37;5;47;107m@@[0;1;30;90;47m.[0;35;47mXXXX@@@@@@[0;35;5;40;100mX[0m       
        [0;34;5;40;100m@[0;1;30;90;47m;[0;35;47mXXXXXXX[0;1;30;90;47m;:;[0;35;47mSSSSSSSSSSSSSSSSSSSSSXXXXXXXXXXXXXXXXXX[0;1;30;90;47m [0;1;37;97;47m8[0;1;30;90;47m.[0;35;47mXXX@@@@@[0;1;30;90;47m%[0;34;5;40;100mS[0m        
          [0;35;5;40;100m [0;35;47mXXXXXXXXXXXXXXXXSSSSSXXXXXXXXXXXXXXXXXXXXXXXXXXXX[0;1;30;90;47m.:[0;35;47mX@@@@@@[0;35;5;40;100m.[0m          
           [0;35;5;40;100m8[0;1;30;90;47m;[0;35;47mXXXXXXXXXXXXXXXXXXXXXXXXXXXXXXXXXXXXXXXXXXXXXXXX@@@@@@8[0;35;5;40;100m@[0m           
             [0;35;5;40;100m%[0;35;47mXXXXXXXXXXXXXXXXXXXXXXXXXXXXXXXXXXXXXXXXXXXXX@@@@@@@[0;35;5;40;100m%[0m             
               [0;35;5;40;100m%[0;35;47mXXXXXXXXXXXXXXXXXXXXXXXXXXXXXXXXXXXXXXXX@@@@@@@@[0;35;5;40;100m%[0m               
                 [0;35;5;40;100mX[0;1;30;90;47mS[0;35;47mXXXXXXXXXXXXXXXXXXXXXXXXXXXXXXXXXXX@@@@@@@[0;1;30;90;47mS[0;35;5;40;100mX[0m                 
                   [0;30;5;40;100m8[0;35;5;40;100mt[0;1;30;90;47m%[0;35;47mXXXXXXXXXXXXXXXXXXXXXXXXXXXX@@@@@@@@[0;1;30;90;47mS[0;35;5;40;100m%[0;30;5;40;100m8[0m                   
                      [0;1;30;90;40m8[0;35;5;40;100mS[0;1;30;90;47m8[0;35;47mXXXXXXXXXXXXXXXXXXXXX@@@@@@@@@[0;37;5;40;100m8[0;35;5;40;100mS[0;30;5;40;100m8[0m                      
                          [0;30;5;40;100m8[0;35;5;40;100mX:[0;1;30;90;47mS[0;35;47mXXXXXXXXXXX@@@@@@@@@[0;1;30;90;47mX[0;35;5;40;100m;X[0;30;5;40;100m8[0m                          
                                [0;30;5;40;100m8[0;35;5;40;100m8XS%t;::;t%SX8[0;30;5;40;100m8[0m                                
