[0;1;30;90;43m.[0;1;33;93;43mSXXXXXXXXXXXXXXXXXXXXXXXXXXXXXXXXXXXXXXXXXXXXXXXXXXXXXXXSSSSSSSSSSSSS%%%[0;1;30;90;43m       [0m
[0;1;30;90;43m.[0;33;5;43;103m;;;;;;;;;;;;;;;;;;;;;;;;;;;:::;;;;;;;;;;;;;;;;;;;;;;;;;;;ttttttttt%%%%%%%%SSSS[0;1;30;90;43m [0m
[0;1;30;90;43m.[0;33;5;43;103m;;;;;;;;;;;;;;;;;;;;:::::::::::::::::;;;;;;;;;;;;;;;;;;;;;;tttttttt%%%%%%%%SSS[0;1;30;90;43m [0m
[0;1;30;90;43m:[0;33;5;43;103m;;;;;;;;;;;;;;;;:::::::::::::::::::::::::;;;;;;;;;;;;;;;;;;;ttttttttt%%%%%%%SS[0;1;30;90;43m [0m
[0;1;30;90;43m:[0;33;5;43;103m;;;;;;;;;;;;;:::::::::::::::::::::::::::::::;;;;;;;;;;;;;;;;;tttttttt%%%%%%%%S[0;1;30;90;43m [0m
[0;1;30;90;43m:[0;33;5;43;103m;;;;;;;;;;;:::::::::::::::::::::::::::::::::::;;;;;;;;;;;;;;;;tttttttt%%%%%%%%[0;1;30;90;43m [0m
[0;1;30;90;43m:[0;33;5;43;103m;;;;;;;;;:::::::::::::::::::::::::::::[0;1;33;93;43m:[0;33;5;43;103m:::::::::;;;;;;;;;;;;;;;tttttttt%%%%%%%[0;1;30;90;43m.[0m
[0;1;30;90;43m:[0;33;5;43;103m;;;;;;;:::::::::::::::...[0;37;5;43;103m;;[0;33;5;43;103m;[0;37;5;43;103m:;;;[0;33;5;43;103m..:::t[0;31;5;41;101m@[0;33;5;43;103m:::::::::;%t;;;;;;;;;;;;;tttttttt%%%%%%[0;1;30;90;43m.[0m
[0;1;30;90;43m:[0;33;5;43;103m;;;;;;:::::::::::::.[0;37;5;43;103m;::::::[0;1;31;91;43m8[0;33;5;43;103m;[0;37;5;43;103m:::::::[0;33;5;43;103m.[0;1;31;91;43m8[0;31;5;41;101m8[0;33;5;43;103m;:::::::;[0;33;5;41;101m@[0;1;33;93;43m.[0;33;5;43;103m:;;;;;;;;;;;;;;ttttttt%%%%%%[0;1;30;90;43m.[0m
[0;1;30;90;43m:[0;33;5;43;103m;;;;;::::::::::::.[0;37;5;43;103m:::::::::[0;1;33;93;43m:[0;31;5;41;101mX[0;33;5;43;103m;[0;37;5;43;103m:::::::[0;1;31;91;43m8[0;31;5;41;101m@[0;1;31;91;43m8[0;33;5;43;103m::::::;[0;31;5;41;101m@8[0;33;5;43;103m;::;;;;;;;;;;;;;;ttttttt%%%%%[0;1;30;90;43m.[0m
[0;1;30;90;43m:[0;33;5;43;103m;;;;:::::::::::.[0;37;5;43;103m::::::.....S[0;31;5;41;101mXX[0;1;33;93;43m:[0;37;5;43;103mS...::[0;1;33;93;43mt[0;31;5;41;101m@@[0;1;31;91;43m8[0;33;5;43;103m:::::[0;1;33;93;43m.[0;31;5;41;101m8[0;33;5;41;101m@[0;33;5;43;103m:::;;;;;;;;;;;;;;ttttttt%%%%%[0;1;30;90;43m.[0m
[0;1;30;90;43m:[0;33;5;43;103m;;;;::::::::::.[0;37;5;43;103m::t[0;33;5;43;103mt[0;37;5;43;103m:........X[0;31;5;41;101mXXX[0;1;33;93;43m.[0;37;5;43;103mS...[0;33;5;43;103m;[0;31;5;41;101m@@@[0;1;33;93;43mt[0;33;5;43;103m.::;[0;31;5;41;101m@88[0;33;5;43;103m::::;;;;[0;1;33;93;43mS[0;1;31;91;43m8[0;33;5;43;103m%;;;;;;;ttttttt%%%%[0;1;30;90;43m.[0m
[0;1;30;90;43m:[0;33;5;43;103m;;;::::::::::[0;37;5;43;103m;::::[0;1;33;93;43m;[0;1;31;91;43m8[0;33;5;43;103m;[0;37;5;43;103m........X[0;31;5;41;101mXXX[0;33;5;41;101mX[0;33;5;43;103m;[0;37;5;43;103m..[0;33;5;43;103m;[0;31;5;41;101mX@@@[0;33;5;43;103m:.:[0;1;33;93;43m.[0;31;5;41;101m888[0;33;5;43;103m;::::;[0;1;33;93;43m.[0;31;5;41;101m8[0;33;5;41;101m8[0;33;5;43;103mt;;;;;;;;ttttttt%%%%[0;1;30;90;43m.[0m
[0;1;30;90;43m:[0;33;5;43;103m;;::::::::::.[0;37;5;43;103m::::..[0;33;5;43;103mt[0;31;5;41;101mX[0;33;5;41;101mX[0;37;43mX[0;33;5;43;103m;[0;37;5;43;103mXX....[0;33;5;43;103mt[0;31;5;41;101mXXXX[0;37;5;43;103mX.[0;1;31;91;43m8[0;31;5;41;101mXX@@[0;33;5;43;103m;[0;37;5;43;103m;[0;1;33;93;43m:[0;31;5;41;101m8888[0;33;5;43;103m;:::t[0;31;5;41;101m88[0;33;5;41;101m8[0;33;5;43;103m;;;;;;;;;;ttttttt%%%%[0;1;30;90;43m.[0m
[0;1;30;90;43m:[0;33;5;43;103m;;:::::::::.[0;37;5;43;103m::::....X[0;37;43mX[0;31;5;41;101mXXXS[0;33;5;41;101mS[0;33;47m8[0;37;5;43;103mX.@[0;31;5;41;101mSXXX[0;33;5;41;101mX[0;1;33;93;43mt[0;31;5;41;101mXXXX@[0;33;5;43;103m%[0;33;5;41;101mX[0;31;5;41;101m@@88[0;33;5;41;101m@[0;33;5;43;103m:::[0;1;33;93;43m%[0;31;5;41;101m888[0;33;5;43;103mt;;;;;;;;;;tttttttt%%%[0;1;30;90;43m.[0m
[0;1;30;90;43m:[0;33;5;43;103m;;:::::::::.[0;37;5;43;103m::::......X[0;37;43m@[0;33;5;41;101mX[0;35;5;41;101mXXX[0;33;5;41;101mX[0;33;47m8[0;37;5;43;103m@[0;35;5;41;101mXX[0;31;5;41;101mXXXXXXXX@@@@@88[0;33;5;43;103mt;[0;1;33;93;43mt[0;31;5;41;101m@888[0;1;31;91;43m8[0;33;5;43;103m;;;;;;;;;;;;ttttttt%%%[0;1;30;90;43m.[0m
[0;1;30;90;43m:[0;33;5;43;103m;;::::::::::[0;37;5;43;103m:::.........@[0;33;5;41;101mS[0;35;5;41;101mXXXX[0;33;5;41;101mX[0;35;5;41;101mXX[0;31;5;41;101mSXXXXXXXX@@@@8@@888888[0;33;5;43;103mt;;;;;;t%SSt;ttttttt%%%[0;1;30;90;43m.[0m
[0;1;30;90;43m:[0;33;5;43;103m;;:::::::::;[0;1;33;93;43m.t[0;33;5;43;103m;[0;37;5;43;103mSSSXXXX@%.@[0;33;5;41;101mS[0;35;5;41;101mXXXXXXX[0;31;5;41;101mXXXXXXXX@@@@8888888[0;1;31;91;43m8[0;33;5;43;103mt;;;t[0;1;33;93;43m%[0;1;31;91;43m8[0;31;5;41;101m88[0;1;31;91;43m8[0;33;5;43;103mSt;;ttttttt%%%[0;1;30;90;43m.[0m
[0;1;30;90;43m:[0;33;5;43;103m;;:::::::::.[0;37;5;43;103m;[0;33;5;43;103mt[0;1;31;91;43m8[0;31;5;41;101mXXXXXXXX[0;35;5;41;101mX[0;33;5;41;101mS[0;37;43m@[0;1;31;91;43m8[0;35;5;41;101mXXXXXX[0;31;5;41;101mSXXXXXXXX@@@@888888[0;1;31;91;43m8[0;33;5;43;103mtt%[0;1;33;93;43m:[0;1;31;91;43m8[0;31;5;41;101m888[0;1;31;91;43m8[0;33;5;43;103mt;;;;;ttttttt%%%[0;1;30;90;43m.[0m
[0;1;30;90;43m:[0;33;5;43;103m;;:::::::::.[0;37;5;43;103m:::;S[0;33;5;43;103m;[0;1;33;93;43mt[0;1;31;91;43m8[0;33;5;41;101mX[0;31;5;41;101mXXXS[0;35;5;41;101mXXXXXXX[0;31;5;41;101mSXXXXXXXX@@@@@88888888888888[0;33;5;43;103m%;;;;;;;ttttttt%%%[0;1;30;90;43m.[0m
[0;1;30;90;43m:[0;33;5;43;103m;;::::::::::[0;37;5;43;103m;:::.....X[0;1;31;91;43m8[0;31;5;41;101mXXSSSSSSXXXXXXXXXX@@@@8888888888888[0;1;31;91;43m8[0;33;5;43;103mt;;;;;;;tttttttt%%%[0;1;30;90;43m.[0m
[0;1;30;90;43m:[0;33;5;43;103m;;;:::::::::.[0;37;5;43;103m::::..:SXX[0;1;33;93;43m;[0;31;5;41;101mXXXXXXXXXXXXXXXX@@@@@8888888888[0;1;31;91;43m8[0;1;33;93;43m%[0;33;5;43;103mt;;;;;;;;;ttttttt%%%%[0;1;30;90;43m.[0m
[0;1;30;90;43m:[0;33;5;43;103m;;ttt::::::::.[0;37;5;43;103m::[0;33;5;43;103m;[0;1;33;93;43m:[0;33;5;41;101mX[0;31;5;41;101mX[0;33;5;41;101m88[0;31;5;41;101mXXXXXXXXXXXXXXX@[0;33;5;41;101m8[0;31;5;41;101m8@@@@88888888888[0;1;31;91;43m8[0;33;5;43;103mXStt%%[0;1;33;93;43mSt%[0;33;5;43;103mS%tttttt%SS%%[0;1;30;90;43m.[0m
[0;1;30;90;40m8[0;33;47m@[0;1;30;90;47mX@@@S[0;33;47m@[0;37;5;43;103m8S[0;33;5;43;103mtttt%[0;1;31;91;43m8[0;33;5;41;101m@[0;1;30;90;43m8[0;1;30;90;47m8:tt;[0;1;37;97;47m [0;1;30;90;47m:%8[0;33;5;41;101m@[0;31;5;41;101mXXXXXX@[0;33;5;40;100m.[0;1;30;90;47m8:ttt%;8[0;33;5;40;100mt[0;31;5;41;101m8888888[0;1;31;91;41m8[0;33;5;40;100m%[0;37;5;40;100m8[0;1;30;90;47mX8888X[0;33;5;40;100m:[0;33;41m8[0;1;31;91;41m8[0;31;5;41;101m8[0;33;5;41;101m8[0;1;31;91;43m888[0;33;5;43;103mSS8[0;33;47m8[0;1;30;90;47m88888[0;33;47m8[0;1;30;90;40m8[0m
 [0;1;30;90;47m88@@@@@XX%:8[0;37;5;40;100m@[0;1;30;90;47m8t%%%%tttt;;;;:%88S.ttttt%%%%SSSt8[0;37;5;40;100mX@[0;1;30;90;47m8S@@@@88888888[0;33;47m@8888[0;1;30;90;47m@888888888[0m 
 [0;37;5;40;100mt[0;1;30;90;47m88@@@@@@XXXXSSSS%%%%%ttttttttttttt%%%%%SSSSXXXX@@@@@@88888888888888888888888[0;37;5;40;100mt[0m 
 [0;32;5;40;100mS[0;1;30;90;47m888@@@@@@XXXXSSSSS%%%%%%%%%%%%%%%%%%%SSSSXXXXX@@@@@@888888888888888888888888[0;36;5;40;100m%[0m 
  [0;1;30;90;47m8888@@@@@@XXXXXSSSSSSS%%%%%%%%%%%SSSSSSXXXXX@@@@@@@8888888888888888888888888[0;32;40m%[0m 
  [0;36;5;40;100m [0;1;30;90;47m88888@@@@@@XXXXXXSSSSSSSSSSSSSSSSSSXXXXXXX@@@@@@88888888888888888888888888[0;36;5;40;100m [0m  
  [0;32;40m%[0;1;30;90;47m888888@@@@@@@@XXXXXXXXSSSSSSSSSXXXXXXXX@@@@@@@@888888888888888888888888888[0;1;30;90;40mX[0m  
   [0;36;5;40;100m:[0;1;30;90;47m8888888@@@@@@@@@XXXXXXXXXXXXXXXXXXX@@@@@@@@@8888888888888888888888888888[0;36;5;40;100m.[0m   
    [0;1;30;90;47m888888888@@@@@@@@@@@@@XXXXXXX@@@@@@@@@@@@@88888888888888888888888888888[0;37;5;40;100mX[0m    
    [0;1;30;90;40m8[0;1;30;90;47m88888888888@@@@@@@@@@@@@@@@@@@@@@@@@@@88888888888888888888888888888888[0;1;30;90;40m8[0m    
     [0;32;5;40;100mX[0;1;30;90;47m88888888888888@@@@@@@@@@@@@@@@@@@88888888888888888888888888888888888[0;32;5;40;100mX[0m     
      [0;36;5;40;100m;[0;1;30;90;47m888888888888888888888888888888888888888888888888888888888888888888[0;36;5;40;100m;[0m      
       [0;36;5;40;100m.[0;1;30;90;47m8888888888888888888888888888888888888888888888888888888888888888[0;36;5;40;100m.[0m       
        [0;36;5;40;100m;[0;1;30;90;47m88888888888888888888888888888888888888888888888888888888888888[0;36;5;40;100m:[0m        
         [0;32;5;40;100mS[0;1;30;90;47m888888888888888888888888888888888888888888888888888888888888[0;32;5;40;100mS[0m         
          [0;30;5;40;100m8[0;1;30;90;47m888888888888888888888888888888888888888888888888888888888[0;37;5;40;100mX[0;30;5;40;100m8[0m          
            [0;36;5;40;100m [0;1;30;90;47m888888888888888888888888888888888888888888888888888888[0;36;5;40;100m [0m            
             [0;36;5;40;100m%[0;1;30;90;47m8888888888888888888888888888888888888888888888888888[0;36;5;40;100mt[0m             
              [0;1;30;90;40mX[0;36;5;40;100m [0;1;30;90;47m888888888888888888888888888888888888888888888888[0;36;5;40;100m [0;1;30;90;40mX[0m              
                [0;30;5;40;100m8[0;37;5;40;100mX[0;1;30;90;47m88888888888888888888888888888888888888888888[0;37;5;40;100mS[0;32;5;40;100m8[0m                
                  [0;36;5;40;100mt[0;1;30;90;47m888888888888888888888888888888888888888888[0;36;5;40;100mt[0m                  
                    [0;36;5;40;100mt[0;1;30;90;47m88888888888888888888888888888888888888[0;36;5;40;100mt[0m                    
                      [0;32;5;40;100m%[0;1;30;90;47m888888888888888888888888888888888[0;37;5;40;100mX[0;36;5;40;100mt[0m                      
                        [0;32;5;40;100m@[0;37;5;40;100m%[0;1;30;90;47m8888888888888888888888888888[0;37;5;40;100m%[0;32;5;40;100m@[0m                        
                          [0;1;30;90;40m@[0;36;5;40;100m.[0;1;30;90;47m888888888888888888888888[0;36;5;40;100m.[0;1;30;90;40m8[0m                          
                             [0;32;5;40;100m@[0;36;5;40;100m [0;1;30;90;47m888888888888888888[0;36;5;40;100m [0;32;5;40;100m@[0m                             
                                [0;32;5;40;100mX[0;36;5;40;100m [0;1;30;90;47m888888888888[0;36;5;40;100m [0;32;5;40;100mS[0m                                
                                   [0;32;5;40;100m@[0;36;5;40;100m [0;1;30;90;47m888888[0;36;5;40;100m [0;32;5;40;100m@[0m                                   
                                      [0;1;30;90;40m@[0;32;5;40;100mS%[0;1;30;90;40m8[0m                                      
