[0;30;41m8[0;1;31;91;41m........:::::::::::::::::::::::::::::::::::::::::................ [0;1;30;90;41m.      [0;30;41m     8[0m
[0;30;41m%[0;1;31;91;41m888888[0;31;5;41;101m888888888888888888888888888888888888888888888[0;1;31;91;41m888888888888888888888@@@@@@[0;30;41m%[0m
[0;30;41m%[0;1;31;91;41m8888[0;31;5;41;101m888888888888888888888888888888888888888888888888[0;1;31;91;41m888888888888888888888@@@@@[0;30;41m%[0m
[0;30;41m%[0;1;31;91;41m888[0;31;5;41;101m888888888888888888888888888888888888888888888888888[0;1;31;91;41m88888888888888888888@@@@[0;30;41m%[0m
[0;30;41m%[0;1;31;91;41m8[0;31;5;41;101m8888888888888888888888888888888888888888888888888888888[0;1;31;91;41m8888888888888888888@@@[0;30;41m%[0m
[0;30;41m%[0;31;5;41;101m888888888888888888888888888888888[0;1;30;90;47m8[0;31;5;41;101m8888[0;1;30;90;47m8[0;33;5;41;101m8[0;31;5;41;101m88888888888888888[0;1;31;91;41m8888888888888888888@@[0;30;41m%[0m
[0;30;41m%[0;31;5;41;101m88888888888888888888888888888888[0;1;37;97;47mt[0;37;5;47;107m%[0;1;37;97;47mt[0;31;5;41;101m88[0;1;37;97;47m [0;37;5;47;107mX%[0;1;30;90;47m8[0;31;5;41;101m88888888888888888[0;1;31;91;41m888888888888888888@@[0;30;41m%[0m
[0;30;41m%[0;31;5;41;101m8888888888888888888888@@@@@@@@@@[0;1;37;97;47m [0;37;5;47;107mt[0;1;30;90;47m@[0;31;5;41;101m888[0;37;5;47;107mXt[0;31;5;41;101m8888888888888888888[0;1;31;91;41m888888888888888888@[0;30;41m%[0m
[0;30;41m%[0;31;5;41;101m8888888888888888888@@@@@@@@@@@@[0;1;30;90;47mX[0;37;5;47;107mS:[0;1;30;90;47m8[0;31;5;41;101m@@[0;1;37;97;47m [0;37;5;47;107mt:[0;1;37;97;47m [0;31;5;41;101m888[0;33;5;41;101m8[0;31;5;41;101m888888888888888[0;1;31;91;41m88888888888888888@[0;30;41m%[0m
[0;30;41m%[0;31;5;41;101m8888888888888888@@@@@@@@@@@XXXX[0;37;5;47;107m8tt[0;1;37;97;47m;[0;31;5;41;101m@@[0;1;30;90;47m8[0;37;5;47;107mS%8[0;31;5;41;101m88[0;1;37;97;47mS[0;37;5;47;107mS[0;1;37;97;47m [0;31;5;41;101m888888888888888[0;1;31;91;41m88888888888888888[0;30;41m%[0m
[0;30;41m%[0;31;5;41;101m888888888888888@@@@@@@XXXX[0;33;5;41;101mX[0;31;5;41;101mXXXX[0;37;5;47;107mS..[0;1;37;97;47m [0;31;5;41;101m@@[0;33;5;41;101m@[0;37;5;47;107mS%;[0;33;5;41;101m@[0;31;5;41;101m88[0;1;37;97;47m8[0;37;5;47;107m8[0;33;5;41;101m@[0;31;5;41;101m88888888888888[0;1;31;91;41m88888888888888888[0;30;41m%[0m
[0;30;41m%[0;31;5;41;101m8888888888888@@@@@@XXXXXX[0;1;30;90;47m8[0;37;5;47;107m;[0;1;30;90;47m8[0;31;5;41;101mXX[0;37;5;41;101m8[0;37;5;47;107mS.S[0;31;5;41;101mXXX@[0;1;37;97;47mS[0;37;5;47;107mX:[0;31;5;41;101m@@8[0;37;5;47;107m8%t[0;31;5;41;101m@88888888888888[0;1;31;91;41m8888888888888888[0;30;41m%[0m
[0;30;41m%[0;31;5;41;101m888888888888@@@@@@XXXXXXX[0;1;37;97;47m [0;37;5;47;107m8[0;33;5;41;101mX[0;31;5;41;101mXX[0;1;37;97;47mt[0;37;5;47;107mS [0;1;37;97;47mX[0;31;5;41;101mXXXX[0;37;5;47;107m8%.[0;33;5;41;101m@[0;31;5;41;101m@@[0;1;30;90;47m@[0;37;5;47;107mt;[0;31;5;41;101m@88888888888888[0;1;31;91;41m8888888888888888[0;30;41m%[0m
[0;30;41m%[0;31;5;41;101m888888888888@@@@@XXXXXXX[0;1;37;97;47m.[0;37;5;47;107mtt[0;33;5;41;101mX[0;31;5;41;101mX[0;1;30;90;47m@[0;37;5;47;107mS: %[0;31;5;41;101mXXX[0;1;30;90;47m8[0;37;5;47;107mXt.[0;1;37;97;47mt[0;31;5;41;101m@@@[0;37;5;47;107m8;[0;1;30;90;47m8[0;31;5;41;101m888888888888888[0;1;31;91;41m888888888888888[0;30;41m%[0m
[0;30;41m%[0;31;5;41;101m88888888888@@@@@XXXXXXXX[0;1;30;90;47m@[0;37;5;47;107mt%[0;33;5;41;101mXX[0;1;37;97;47m:[0;37;5;47;107m%: S[0;33;5;41;101mX[0;31;5;41;101mXX[0;1;37;97;47m [0;37;5;47;107mXt;X[0;31;5;41;101m@@@[0;37;5;47;107m@;[0;1;37;97;47m%[0;31;5;41;101m888888888888888[0;1;31;91;41m888888888888888[0;30;41m%[0m
[0;30;41m%[0;31;5;41;101m88888888888@@@@XXXXXXXXS[0;1;30;90;47mX[0;37;5;47;107mt[0;1;37;97;47mX[0;33;5;41;101mX[0;1;30;90;47m8[0;37;5;47;107mS:;.[0;1;30;90;47m8[0;31;5;41;101mXXX[0;1;37;97;47m [0;37;5;47;107mS..%[0;31;5;41;101m@@[0;1;30;90;47m8[0;37;5;47;107m@tt[0;1;30;90;47m8[0;31;5;41;101m88888888888888[0;1;31;91;41m888888888888888[0;30;41m%[0m
[0;30;41m%[0;31;5;41;101m88888888888@@@@XXXXXXXS[0;1;31;91;47m8[0;37;5;47;107m8.[0;1;37;97;47m [0;35;5;41;101mX[0;33;5;41;101mX[0;37;5;47;107mSt.8[0;33;5;41;101mX[0;31;5;41;101mXXX[0;1;30;90;47m8[0;37;5;47;107mX:.[0;1;30;90;47m8[0;31;5;41;101m@@[0;1;30;90;47mX[0;37;5;47;107mXt;[0;1;37;97;47m [0;31;5;41;101m88888888888888[0;1;31;91;41m888888888888888[0;30;41m%[0m
[0;30;41m%[0;31;5;41;101m8888888888@@@@@XXXXXXXX[0;37;5;47;107m8:.[0;1;37;97;47m [0;35;5;41;101mX[0;1;30;90;47m8[0;37;5;47;107mS; [0;1;37;97;47m [0;35;5;41;101mX[0;31;5;41;101mXXX[0;1;37;97;47m [0;37;5;47;107mX..[0;33;5;41;101mX[0;31;5;41;101m@@[0;1;30;90;47m8[0;37;5;47;107mS:;[0;1;37;97;47mS[0;31;5;41;101m88888888888888[0;1;31;91;41m888888888888888[0;30;41m%[0m
[0;30;41m%[0;31;5;41;101m88888888888@@@@XXXXXXXX[0;37;5;47;107m8t:[0;1;30;90;47m8[0;35;5;41;101mX[0;1;37;97;47m [0;37;5;47;107mS: [0;1;30;90;47m8[0;31;5;41;101mSXXX[0;1;37;97;47m:[0;37;5;47;107mS .[0;1;30;90;47m8[0;31;5;41;101m@@@[0;37;5;47;107m8;;[0;1;37;97;47mX[0;31;5;41;101m88888888888888[0;1;31;91;41m888888888888888[0;30;41m%[0m
[0;30;41m%[0;31;5;41;101m88888888888@@@@XXXXXXX[0;33;5;41;101mX[0;37;5;47;107mS [0;1;37;97;47m [0;35;5;41;101mXX[0;1;37;97;47m;[0;37;5;47;107mS :[0;33;5;41;101mX[0;31;5;41;101mXXXX[0;37;5;47;107m8S..[0;1;30;90;47m8[0;31;5;41;101m@@@[0;1;37;97;47mt[0;37;5;47;107mt;[0;1;37;97;47m%[0;31;5;41;101m88888888888888[0;1;31;91;41m888888888888888[0;30;41m%[0m
[0;30;41m%[0;31;5;41;101m88888888888@@@@@XXXXXX[0;1;37;97;47m [0;37;5;47;107mt.[0;33;5;41;101mX[0;31;5;41;101mS[0;1;30;90;47m8[0;37;5;47;107mX% S[0;31;5;41;101mXXXX[0;33;5;41;101mX[0;37;5;47;107mS%..[0;1;30;90;47m8[0;31;5;41;101m@@@[0;1;37;97;47m [0;37;5;47;107mt;[0;1;37;97;47m.[0;31;5;41;101m88888888888888[0;1;31;91;41m888888888888888[0;30;41m%[0m
[0;30;41mS[0;31;5;41;101m888888888888@@@@@XXXXX[0;37;5;47;107m8..[0;31;5;41;101mX[0;1;31;91;47m8[0;37;5;47;107m8S: ;[0;31;5;41;101mXXXX[0;1;37;97;47mt[0;37;5;47;107mXt..[0;1;37;97;47m [0;31;5;41;101m@@@[0;1;37;97;47m;[0;37;5;47;107mS;[0;1;37;97;47m%[0;31;5;41;101m8888888888888[0;1;31;91;41m8888888888888888[0;30;41mS[0m
[0;30;41m8[0;31;5;41;101m8888888888888@@@@@XXX[0;1;37;97;47m.[0;37;5;47;107mX  [0;33;5;41;101mX[0;1;30;90;47m8[0;37;5;47;107mX%%t [0;1;30;90;47m8[0;31;5;41;101mXX[0;33;5;41;101mX[0;37;5;47;107mS%;;:8[0;31;5;41;101m@@[0;1;30;90;47m8[0;37;5;47;107m8X;t[0;31;5;41;101m8888888888888[0;1;31;91;41m8888888888888888[0;30;41m8[0m
[0;31;40mX[0;31;5;41;101m88888888888888@@@@@@[0;33;5;41;101mX[0;37;5;47;107mSt. [0;33;5;41;101mX[0;31;5;41;101mX[0;1;37;97;47mS[0;37;5;47;107m: :[0;1;37;97;47m.[0;31;5;41;101mXXXX[0;1;37;97;47mt[0;37;5;47;107m%:;8[0;33;5;41;101m@[0;31;5;41;101m@@[0;37;5;47;107m8%%%t[0;1;37;97;47m [0;31;5;41;101m888888888888[0;1;31;91;41m8888888888888888[0;31;40m@[0m
 [0;1;31;91;41m8[0;31;5;41;101m88888888888888@@@@@X[0;1;37;97;47m.[0;37;5;47;107m%:8[0;31;5;41;101mX[0;1;30;90;47m8[0;37;5;47;107m;t%.:[0;33;5;41;101m@[0;31;5;41;101mX@[0;1;30;90;47m8[0;37;5;47;107m%:;SX[0;31;5;41;101m@88[0;33;5;41;101m8[0;1;37;97;47m%[0;37;5;47;107m8S%[0;1;30;90;47m8[0;31;5;41;101m88888888888[0;1;31;91;41m88888888888888888[0m 
 [0;1;31;91;41m;[0;31;5;41;101m8888888888888888@@@[0;1;30;90;47m8[0;37;5;47;107m8S:t[0;1;30;90;47m8[0;1;37;97;47m [0;37;5;47;107m%XS%t[0;33;5;41;101m@[0;31;5;41;101m@@[0;1;30;90;47m8[0;37;5;47;107mX;;%[0;1;30;90;47mS[0;31;5;41;101m888[0;1;30;90;47m@[0;37;5;47;107m@%Xt@[0;31;5;41;101m8888888888[0;1;31;91;41m88888888888888888t[0m 
 [0;30;41mS[0;31;5;41;101m888888888888888888@[0;1;37;97;47m [0;37;5;47;107m8X:[0;1;37;97;47m [0;31;5;41;101m@@[0;37;5;47;107m88t:[0;1;30;90;47m8[0;31;5;41;101m@@@@[0;37;5;47;107mX::[0;1;37;97;47m [0;31;5;41;101m8888[0;1;30;90;47mS[0;37;5;47;107m8@@%[0;1;37;97;47m.[0;31;5;41;101m8888888888[0;1;31;91;41m8[0;31;5;41;101m8[0;1;37;97;47m;[0;37;5;47;107m8[0;1;30;90;47m8[0;1;31;91;41m888888888888[0;30;41m%[0m 
  [0;1;31;91;41m8[0;31;5;41;101m888888888888888888[0;1;30;90;47m8[0;37;5;47;107m88:[0;1;37;97;47m [0;31;5;41;101m@@[0;1;37;97;47m@[0;37;5;47;107m8tX[0;31;5;41;101m@@888[0;37;5;47;107m%;@[0;31;5;41;101m88888[0;1;37;97;47m@[0;37;5;47;107mttt[0;1;37;97;47m [0;31;5;41;101m8888888888[0;1;30;90;47m88[0;1;37;97;47mX[0;37;5;47;107m8[0;1;37;97;47m;[0;33;5;41;101m8[0;1;31;91;41m88888888888@[0;31;40m%[0m 
  [0;1;30;90;41m:[0;31;5;41;101m8888888888888888888[0;1;37;97;47m@[0;37;5;47;107m8;[0;1;37;97;47m.[0;31;5;41;101m88[0;1;37;97;47m;[0;37;5;47;107m8;[0;1;37;97;47m:[0;31;5;41;101m88888[0;37;5;47;107m%;[0;1;37;97;47m [0;31;5;41;101m8888[0;37;5;40;100m.[0;37;5;47;107m%tt[0;1;30;90;47m8[0;31;5;41;101m888888888[0;1;30;90;43m8[0;1;37;97;47m;[0;37;5;47;107m8S[0;1;37;97;47m@[0;1;31;91;41m88888888888888.[0m  
  [0;31;40mS[0;1;31;91;41m8[0;31;5;41;101m888888888888888888[0;1;30;90;47m8[0;37;5;47;107m8S[0;1;37;97;47mX[0;31;5;41;101m88[0;1;30;90;47m%[0;37;5;47;107mX;[0;1;37;97;47m [0;31;5;41;101m8888[0;33;5;40;100m [0;37;5;47;107m%;[0;1;30;90;47m8[0;31;5;41;101m8888[0;1;37;97;47m%[0;37;5;47;107mtt[0;1;30;90;47m8[0;31;5;41;101m8888888888[0;1;30;90;47m8[0;37;5;47;107mXX[0;1;37;97;47m.[0;1;30;90;43m8[0;1;31;91;41m8888888888888@[0;31;40mX[0m  
   [0;30;41m:[0;31;5;41;101m888888888888888888[0;33;5;40;100m [0;37;5;47;107m88t[0;31;5;41;101m88[0;1;30;90;47m8[0;37;5;47;107mS;[0;1;30;90;47mS[0;31;5;41;101m8888[0;1;30;90;47m8[0;37;5;47;107m%t[0;31;5;41;101m8888[0;1;30;90;47m8[0;37;5;47;107m%t[0;1;30;90;47mS[0;31;5;41;101m8888888888[0;1;30;90;47m8[0;37;5;47;107mSS[0;1;30;90;47m8[0;1;31;91;41m888888888888888[0;30;41m.[0m   
    [0;1;31;91;41mX[0;31;5;41;101m888888888888888888[0;1;37;97;47m88[0;37;5;47;107m%[0;33;5;41;101m8[0;31;5;41;101m8[0;37;5;40;100m.[0;37;5;47;107mS;[0;1;37;97;47mX[0;31;5;41;101m8888[0;1;37;97;47mt[0;37;5;47;107mtt[0;31;5;41;101m888[0;33;5;40;100m:[0;37;5;47;107m8t[0;1;37;97;47mt[0;31;5;41;101m888888888[0;1;30;90;47m8[0;1;37;97;47m@[0;37;5;47;107m%%[0;33;5;40;100m [0;1;31;91;41m888888888888888S[0m    
    [0;31;40m8[0;1;31;91;41m8[0;31;5;41;101m88888888888888888[0;1;37;97;47m%8[0;37;5;47;107mX[0;1;30;90;47m8[0;31;5;41;101m8[0;1;30;90;47m8[0;37;5;47;107m8t%[0;1;30;90;47m8[0;31;5;41;101m88[0;1;30;90;47mX[0;37;5;47;107mStt[0;31;5;41;101m888[0;1;37;97;47mX[0;37;5;47;107mS@[0;31;5;41;101m88888888[0;1;30;90;47m8[0;1;37;97;47m8[0;37;5;47;107mS%%[0;1;30;90;47m8[0;1;31;91;41m888888888888888@[0;31;40m8[0m    
     [0;30;41m@[0;1;31;91;41m88[0;31;5;41;101m888888888888888[0;1;37;97;47m;8[0;37;5;47;107m8[0;1;37;97;47mt[0;31;5;41;101m8[0;1;37;97;47m@8[0;37;5;47;107mS%[0;1;37;97;47mS[0;31;5;41;101m8[0;33;5;41;101m8[0;37;5;47;107mS%St[0;1;30;90;47m88[0;1;37;97;47m8[0;37;5;47;107m8t[0;1;37;97;47m [0;31;5;41;101m888888[0;1;31;91;41m8[0;1;30;90;47m8[0;37;5;47;107m8XX[0;1;37;97;47m%[0;1;30;90;47m8[0;1;31;91;41m888888888888888@[0;30;41mX[0m     
      [0;30;41mt[0;1;31;91;41m888[0;31;5;41;101m8888888888888[0;1;30;90;47m%[0;37;5;47;107m@[0;1;37;97;47m88 [0;37;5;47;107mX@8S[0;1;37;97;47mX[0;31;5;41;101m8[0;1;30;90;47m8[0;37;5;47;107mS@@t[0;1;30;90;47mt[0;37;5;47;107m8%Xt[0;1;37;97;47m [0;31;5;41;101m8888[0;1;31;91;41m88[0;1;30;90;47m8[0;37;5;47;107m@%%[0;1;37;97;47m [0;31;5;41;101m8[0;1;31;91;41m888888888888888@[0;30;41m;[0m      
       [0;30;41m:[0;1;31;91;41m88888[0;31;5;41;101m8888888888[0;33;5;41;101m8[0;1;37;97;47mS[0;37;5;47;107m8888XX8[0;1;37;97;47m8[0;37;5;47;107m8X[0;1;37;97;47mXt[0;37;5;47;107m@S8[0;1;30;90;47m%[0;1;37;97;47m;[0;37;5;47;107m@8[0;1;30;90;47m8[0;31;5;41;101m8[0;1;31;91;41m88[0;31;5;41;101m8[0;1;30;90;47m8[0;1;37;97;47m@[0;37;5;47;107m%%[0;1;37;97;47m.[0;31;5;41;101m8[0;1;31;91;41m888888888888888@@[0;30;41m.[0m       
        [0;30;41m;[0;1;31;91;41m88888888[0;31;5;41;101m888888888[0;1;30;90;47mX[0;1;37;97;47m8[0;37;5;47;107mXtt88t%%%[0;1;37;97;47m8[0;37;5;47;107m%SS[0;1;37;97;47m [0;37;5;47;107m8[0;1;37;97;47m.[0;31;5;41;101m8[0;33;5;41;101m8[0;1;30;90;47m8[0;1;37;97;47m;[0;37;5;47;107m@%%8[0;1;30;90;47m8[0;1;31;91;41m8888888888888888@@[0;30;41m:[0m        
         [0;30;41mS[0;1;31;91;41m888888888888[0;31;5;41;101m88[0;1;37;97;47m 8t8[0;37;5;47;107m8%S%X@ttS88S%X8S%88%%8[0;1;30;90;47m8[0;1;31;91;41m88888888888888888@@[0;30;41mS[0m         
          [0;31;40m8[0;1;31;91;41m@88888888888[0;31;5;41;101m8[0;1;37;97;47m8[0;37;5;47;107m8888888S8S%%%[0;1;37;97;47m%%8@[0;37;5;47;107mXSS[0;1;37;97;47m@ t [0;31;5;41;101m8[0;1;31;91;41m8888888888888888@@X[0;31;40m8[0m          
            [0;1;31;91;41m;88888888888[0;33;5;40;100m:[0;1;37;97;47m%8[0;37;5;47;107mX8X@@X[0;1;37;97;47m888[0;37;5;47;107mX%X%%@X[0;1;37;97;47m%[0;33;5;40;100m;[0;1;31;91;41m8888888888888888888@@@;[0m            
             [0;30;41m%[0;1;31;91;41m888888888888[0;1;30;90;47m8[0;1;37;97;47m88[0;37;5;47;107m8S@8X88[0;1;37;97;47m8[0;37;5;47;107m@%%SSSX[0;33;5;40;100m.[0;1;31;91;41m88888888888888888@@@@[0;30;41m%[0m             
              [0;31;40mS[0;1;31;91;41m;88888888888[0;33;5;40;100m;[0;1;37;97;47m:[0;37;5;47;107m8[0;1;37;97;47m [0;37;5;47;107mXSSS[0;1;37;97;47m8[0;37;5;47;107m88@8@[0;1;37;97;47m.[0;1;30;90;47m8[0;1;31;91;41m88888888888888888@@@@;[0;31;40mS[0m              
                [0;30;41m8[0;1;31;91;41mS888888888888[0;1;30;90;47m8[0;1;37;97;47m:S%[0;1;30;90;47m%8[0;1;37;97;47m %8:[0;1;30;90;47m8[0;1;31;91;41m88888888888888888@@@@S[0;30;41m8[0m                
                  [0;30;41m%[0;1;31;91;41m@88888888888888888888888888888888888@@@@@@[0;30;41mt[0m                  
                    [0;30;41mt[0;1;31;91;41m@888888888888888888888888888888@@@@@@X[0;30;41mt[0m                    
                      [0;30;41m%[0;1;31;91;41mX888888888888888888888888@@@@@@@@X[0;30;41m%[0m                      
                        [0;30;41m@[0;1;31;91;41m%88888888888888888@@@@@@@@@@@%[0;30;41m@[0m                        
                          [0;31;40m@[0;30;41m.[0;1;31;91;41m@888@@@@@@@@@@@@@@@@@@@@[0;30;41m [0;31;40m8[0m                          
                             [0;30;41m@[0;1;31;91;41m:@@@@@@@@@@@@@@@@@@:[0;30;41m@[0m                             
                                [0;30;41mX[0;1;31;91;41m;@@@@@@@@@@@@t[0;30;41mS[0m                                
                                   [0;30;41m@[0;1;31;91;41m X@@@@@.[0;30;41m@[0m                                   
                                      [0;31;40m@[0;30;41mS%[0;31;40m@[0m                                      
