[0;31;40m8[0;33;41mXX@@@@@@@@@@@@@@@@@@@@@@@@@@@@@@@@@@@@@@@@@@@@@@@@@@@@@XXXXXXXXXXXXXXXXXXSSSSS[0;31;40m8[0m
[0;30;41m8[0;33;41m888888888888888[0;31;43m888888888888888888888888888[0;33;41m88888888888888888888888888888@@@@@@@[0;30;41m8[0m
[0;30;41m@[0;33;41m88888888888888888888888888888888888888888888888888888888888@@@@@@@@@@@@@XXXXXX[0;30;41m@[0m
[0;30;41m@[0;33;41m@@@@@@@@@@88888888888888888888888888888888888888888888888@@@@@@XXXXXXXXXXSSSSS[0;30;41m@[0m
[0;30;41mX[0;33;41mXXXXXXXX@@@@@@@@88888888888888888888[0;31;43m888888[0;33;41m88[0;31;43m88[0;33;41m88888@@@@@@@@XXXXXSSSSSSSSS%%%%%[0;30;41mX[0m
[0;30;41mX[0;1;31;91;41mXX@@@@@@@@@@@@@@888888888888888[0;33;41m8[0;31;43m88[0;1;30;90;43mXXXS[0;31;43m88888[0;33;41m8888@@@@@XXXXXXXXS[0;1;31;91;41mSSSSSSSSSSSSS%%%%[0;30;41mX[0m
[0;30;41mS[0;1;31;91;41m@@@@888888888888888888888888[0;33;41m8[0;31;43m8[0;1;30;90;43m@@@@@X[0;31;43m8[0;33;41m888[0;1;31;91;41m888888888888@@@@@@@@XXXXXXXXXXXXXXSSSS[0;30;41mS[0m
[0;30;41mS[0;1;31;91;41m88888888888888888[0;31;5;41;101m88888888[0;1;31;91;41m8[0;1;30;90;43m888888[0;31;43m8[0;1;31;91;41m8[0;31;5;41;101m888888[0;1;31;91;41m888888888888888888888888@@@@@@@@XXXXXX[0;30;41mS[0m
[0;30;41m%[0;1;31;91;41m88888888[0;31;5;41;101m888888888[0;1;31;91;41m8[0;31;5;41;101m88888[0;31;43m8[0;1;30;90;43m8[0;33;5;40;100m8[0;1;30;90;43m88[0;33;41m8[0;31;5;41;101m88888888888888888888[0;1;31;91;41m8888888888888888888888@@@@@@@[0;30;41mS[0m
[0;30;41m%[0;31;5;41;101m8888888888888888[0;33;41m8[0;1;30;90;43m8[0;31;5;41;101m8@8[0;1;30;90;43m8[0;33;5;40;100m8[0;1;30;90;43m88[0;31;5;41;101m8@@@@@@@@@@@@@@88888888888888888888[0;1;31;91;41m888888888888888888[0;30;41m%[0m
[0;30;41m%[0;31;5;41;101m888888888[0;1;31;91;41m8[0;1;30;90;43mXX[0;33;41m8[0;31;5;41;101m8@[0;1;30;90;43m8[0;1;30;90;42m8[0;32;5;40;100m8[0;31;5;41;101m8[0;1;30;90;43m888[0;33;5;41;101m8[0;31;5;41;101mXXXXSSSXXXXXXXXX@@@@@@@@888888888888888888888[0;1;31;91;41m8888888888[0;30;41m%[0m
[0;30;41mt[0;31;5;41;101m88@@@@@@@@8[0;1;30;90;43m@[0;1;30;90;42m@88888[0;1;30;90;43m88[0;33;5;41;101mXSSSSSSSSSSSS[0;33;5;40;100m8[0;1;30;90;43m8[0;33;5;41;101mXX[0;31;5;41;101m8[0;1;30;90;43m88[0;31;43m8[0;33;41m8[0;31;5;41;101m@X@[0;33;41m8@[0;31;5;41;101m@@@@@@@@8888888888888888888[0;1;31;91;41m8888[0;30;41mt[0m
[0;1;30;90;41mS[0;31;5;41;101m@@@@XXXXXX[0;33;5;41;101mX@[0;1;30;90;43m@[0;1;30;90;42m888888[0;33;5;40;100m8[0;1;30;90;43m88[0;1;31;91;43m8[0;33;5;41;101m%%%%%%[0;1;30;90;43m8[0;33;5;40;100m@@@[0;32;5;40;100m@@[0;33;5;40;100m8@[0;32;5;40;100m88[0;1;30;90;42m888[0;32;5;40;100m8[0;1;30;90;43m8[0;33;5;40;100m8[0;1;30;90;42m@@[0;33;41m8[0;31;5;41;101mXXXX@@@@@@@@@@@@@8888888888888[0;30;41mt[0m
[0;1;30;90;41mX[0;31;5;41;101mX[0;33;5;41;101mXXXXXXXXXS[0;1;31;91;43m8[0;1;30;90;43m8[0;1;30;90;42m88888[0;1;30;90;43m88[0;1;31;91;43m8[0;33;5;41;101m%%%%tt[0;1;31;91;43m8[0;33;5;40;100mS[0;32;5;40;100mSSXXX@@@88[0;1;30;90;42m888888@@[0;33;5;40;100m8[0;33;5;41;101mX[0;33;41m8[0;33;5;41;101mXXXXXX[0;31;5;41;101mXXXXXXX@@@@@@@@@888888[0;33;41mt[0m
[0;33;41mS[0;33;5;41;101mXXXXSSSSSS[0;1;31;91;43m8[0;1;30;90;43m8[0;1;30;90;42m8[0;1;30;90;43m888[0;1;30;90;42m88[0;1;31;91;43m888888[0;33;5;40;100mS[0;1;30;90;43m88[0;33;5;40;100m%[0;36;5;40;100m%%%[0;32;5;40;100mSSSXX@@8888[0;1;30;90;42m8888@88X[0;1;30;90;43mS[0;33;5;41;101mSSXXXXXXXXXXXXX@@@@@@@@8[0;31;5;41;101m@@8[0;33;41m%[0m
[0;33;41mX[0;33;5;41;101mSSSSSS%%%[0;1;31;91;43m8[0;1;30;90;43m@@[0;1;31;91;43m8888[0;1;30;90;43m8[0;1;30;90;42m8[0;1;30;90;43m8[0;1;31;91;43m888[0;37;43mX[0;1;30;90;43m8[0;33;5;40;100m%[0;36;5;40;100m%ttttt%%[0;32;5;40;100mSSXX[0;1;30;90;42m8[0;32;5;40;100m@88[0;1;30;90;42m88888@@XXS[0;32;5;40;100mSS[0;33;5;40;100m8[0;31;43m@[0;1;31;91;43m8[0;33;5;41;101mSSSSSSSXXXXXXXXX@@@@@@[0;33;41mX[0m
[0;33;41m@[0;1;31;91;43m88888888888888888[0;37;43mSX[0;1;33;93;43m...[0;37;43m@@[0;33;5;40;100m%[0;36;5;40;100mtt;;;tt%[0;32;5;40;100m%SXX@@8[0;1;30;90;42m888888@@XXSSS%%[0;33;5;40;100m8[0;1;31;91;43m888[0;33;5;41;101m%%%%SSSSSS[0;1;31;91;43m888888888[0;33;41m@[0m
[0;33;41m8[0;1;31;91;43m888888888888[0;1;33;93;43m...::[0;33;5;43;103m::::[0;37;43mX[0;33;5;40;100mS%[0;36;5;40;100mtt;;;;;t%%[0;32;5;40;100mSSXX@8[0;1;30;90;42m8[0;32;5;40;100m8[0;1;30;90;42m8888@@XXSSS%%t[0;31;43m@[0;1;31;91;43m888888888888888888888[0;33;41m8[0m
[0;33;41m8[0;1;31;91;43m888[0;1;33;93;43m.....::::[0;33;5;43;103m:::::....;[0;33;5;40;100mS[0;36;5;40;100m%%tt;;;tt%[0;32;5;40;100mSSXX@@88[0;1;30;90;42m88888@@XXSSS[0;30;42mX@[0;1;30;90;42mt[0;1;30;90;43mt[0;31;43mt[0;1;31;91;43m88888888888888888888[0;33;41m8[0m
[0;31;43m8[0;1;33;93;43m:::::;[0;33;5;43;103m;;::::::...[0;1;33;93;43m;[0;1;30;90;43m8888[0;33;5;40;100mX[0;32;5;40;100mS%[0;36;5;40;100m%%ttt%%[0;32;5;40;100mSSSXX@8888[0;1;30;90;42m8[0;32;5;40;100m8[0;1;30;90;42m88@@XXSS%%[0;30;42mXS[0;1;30;90;42mt[0;30;42mSXX[0;1;30;90;43m;[0;1;33;93;43m........[0;1;31;91;43m888888888[0;31;43m8[0m
[0;31;43m8[0;1;33;93;43m:;;;[0;33;5;43;103m;;;;:::::::..[0;1;30;90;43m8[0;32;5;40;100m8@@XXSSSS%%%SSSXX[0;1;30;90;42m8[0;32;5;40;100m@@88[0;1;30;90;42m888888@XXSS[0;30;42m@[0;1;30;90;42m%%[0;30;42mXS[0;1;30;90;42mt;[0;30;42mtX[0;33;5;40;100m8[0;1;30;90;43m;:[0;1;33;93;43m.::..........[0;1;31;91;43m88[0;31;43m8[0m
[0;31;43m8[0;1;33;93;43m;[0;33;5;43;103m;;;;;;;:::::::.:[0;1;30;90;43m8[0;32;5;40;100mX8@@@XXXXSSSXXXX@@888[0;1;30;90;42m8[0;32;5;40;100m8[0;1;30;90;42m888@@@XXSSS%%t[0;30;42mSX@t%t@t[0;33;42m8[0;1;33;93;43m::::::::......[0;31;43m8[0m
[0;33;41m8[0;33;5;43;103m;;;;;;;;;:::::::[0;1;30;90;43m8[0;1;30;90;42m8[0;32;5;40;100m8[0;1;30;90;42m8[0;32;5;40;100m88@@@@XXXX@@@@888[0;1;30;90;42m88[0;32;5;40;100m8[0;1;30;90;42m8888@@XXXSS%%[0;30;42mXX[0;1;30;90;42mt[0;30;42mXS%8%t8%[0;31;43mt[0;1;33;93;43m;;;:::::::::.[0;33;41m8[0m
[0;31;40m8[0;33;5;43;103m;;;;;;;;;;::::;t[0;1;30;90;43m8[0;1;30;90;42m8888[0;32;5;40;100m888[0;1;30;90;42m8[0;32;5;40;100m8@@@[0;1;30;90;42m8[0;32;5;40;100m@88[0;1;30;90;42m88[0;32;5;40;100m8[0;1;30;90;42m88[0;32;5;40;100m8[0;1;30;90;42m8888@@XXXSS%%%[0;30;42mX%%%t%t%@X@[0;1;31;91;43m8[0;1;33;93;43m;;;;;;;;:::::[0;30;41m8[0m
 [0;33;5;43;103mt;;;;;;;;;;:::[0;1;30;90;43m@[0;1;30;90;42m888888888[0;32;5;40;100m8[0;1;30;90;42m8[0;32;5;40;100m888[0;1;30;90;42m8[0;32;5;40;100m8[0;1;30;90;42m88[0;32;5;40;100m88[0;1;30;90;42m888888@@@XXXSS%%[0;30;42m@S[0;1;30;90;42mt[0;30;42m%%[0;1;30;90;42m;;[0;30;42mS@%%@[0;1;30;90;43m;[0;33;5;43;103mtt[0;1;33;93;43mtttt;;;;;;;;[0m 
 [0;1;30;90;43m:[0;33;5;43;103m;;;;;;;;;;;::[0;1;30;90;43mX[0;1;30;90;42m@@@88888[0;32;5;40;100m8[0;1;30;90;42m8[0;32;5;40;100m888[0;1;30;90;42m888888888888@@@XXXSS%%[0;30;42mX[0;1;30;90;42mt[0;30;42mS[0;1;30;90;42mt[0;30;42m%@tX%%;t@@[0;1;30;90;43m:[0;33;5;43;103mttt[0;1;33;93;43mttttttt;;[0;31;43m.[0m 
 [0;31;43m8[0;33;5;43;103m;;;;;;;;;;;;;:[0;1;30;90;43mX[0;1;30;90;42m@@@888888888888888888@@@@XXXSS%%%%tt[0;30;42m@8SS8%S@8[0;1;30;90;42m8[0;1;30;90;43m:[0;1;33;93;43m:[0;33;5;43;103mttttt[0;1;33;93;43m%%tttttt[0;31;43m@[0m 
  [0;33;5;43;103mt;;;;;;;;;;;;t[0;1;33;93;43m;[0;1;30;90;43mS[0;1;30;90;42m@@@@@@@@888888888@@@XXXXSSSSS%%[0;30;42mX[0;1;30;90;42mt[0;30;42m%XX[0;1;30;90;42m;[0;30;42m@@@t@SX[0;1;30;90;43m;[0;33;5;43;103mtttttt%%%%[0;1;33;93;43m%%%%t[0;31;40mS[0m 
  [0;1;30;90;43m:[0;33;5;43;103m;;;;;;;;;;;[0;1;33;93;43m;[0;1;30;90;42m8SSXXXXX@@@@@@@@@@@@XXXXXX@SSS%%[0;30;42m8[0;1;30;90;42mt[0;30;42mX[0;1;30;90;42mt[0;30;42mSS%S[0;1;30;90;42m;[0;30;42m8tSt@@@[0;33;42m8[0;1;30;90;43m:[0;1;33;93;43m:[0;33;5;43;103mttt%%%%%%[0;1;33;93;43m%%[0;1;30;90;43m [0m  
  [0;31;40mX[0;33;5;43;103mt;;;;;;;;;;[0;1;30;90;43mt[0;1;30;90;42m8[0;30;42m@[0;1;30;90;42mSSSSXXXXXXXXXXXXX8[0;33;5;40;100m88[0;1;30;90;42m@X[0;33;5;40;100m888[0;1;30;90;42mS%%%[0;30;42m@8S@8[0;1;30;90;42m;[0;30;42m8%@S8XSt8S%@S@[0;1;30;90;43m:[0;33;5;43;103mt%%%%%%%S[0;1;33;93;43mS[0;31;40m8[0m  
   [0;1;30;90;43m.[0;33;5;43;103m;;;;;;;;;;[0;1;33;93;43mS[0;1;30;90;42m8%%%SSSSSSSSSS8[0;1;30;90;43mS[0;1;30;90;42mXSSSS@[0;1;30;90;43mS[0;31;43m@[0;33;5;40;100m8[0;1;30;90;42m%[0;30;42mX8[0;31;5;40;100mS[0;1;30;90;42m%8[0;31;43m8[0;1;30;90;42m@;[0;30;42mS%%S8@S%XSSS[0;32;40m8[0;30;42m%S88[0;1;30;90;43m.[0;33;5;43;103m%%%%%%%SS[0;1;30;90;43m [0m   
    [0;1;33;93;43mS[0;33;5;43;103m;;;;;;;;;[0;1;30;90;43mt[0;1;30;90;42mt[0;30;42mS[0;1;30;90;42m%[0;30;42m8[0;1;30;90;42m%%%%%%SSSSS[0;31;5;40;100mS[0;33;5;40;100m8[0;1;30;90;42mSS%[0;30;42mX[0;1;30;90;42m%8[0;31;43m@[0;1;30;90;42m8%[0;30;42mS[0;1;30;90;42mt[0;31;5;40;100mS[0;31;43m8[0;1;30;90;43mt[0;30;42m8@S@[0;33;5;40;100m8[0;32;40m8[0;1;30;90;42m;[0;30;42m8tXX@S%@8:X@S[0;1;30;90;43m.[0;33;5;43;103m%%%%%%SS[0;1;33;93;43m%[0m    
    [0;30;41m8[0;33;5;43;103mt;;;;;;;;[0;1;30;90;43m;[0;1;30;90;42mt[0;30;42mX[0;1;30;90;42mt[0;30;42mS[0;1;30;90;42mtt%%[0;30;42mX[0;1;30;90;42m%%%%%%[0;30;42m8[0;31;43m@[0;1;30;90;43m%[0;32;5;40;100mS[0;1;30;90;42mX%%[0;33;5;40;100m8[0;31;43m8[0;1;30;90;42mt[0;30;42mS%8[0;31;43m8[0;33;5;40;100m8[0;1;30;90;42m;[0;30;42mX%[0;1;30;90;42m8[0;33;41m8[0;30;42m8@S8[0;1;30;90;42m:[0;30;42mX%@S@8%S;@SX[0;33;5;43;103m%%%%%SSS[0;30;41m8[0m    
     [0;1;30;90;43m.[0;33;5;43;103mt;;;;;;;t[0;1;30;90;43mt[0;30;42mXX[0;1;30;90;42m8;t[0;30;42mX@[0;1;30;90;42mt[0;30;42mS[0;1;30;90;42mt[0;30;42mX[0;1;30;90;42mtt8[0;31;43m8[0;1;30;90;43m%[0;33;5;40;100m8[0;1;30;90;43m%[0;31;43m88[0;1;30;90;43mt[0;31;43m8[0;33;41m8[0;30;42mSX8[0;31;43m8[0;1;30;90;41m8[0;30;42mX8[0;1;30;90;42m;8[0;31;43m8[0;33;5;40;100m8[0;30;42m8[0;32;40m8[0;1;30;90;42m88[0;30;42m8%@8SX@t8X@%[0;1;30;90;43m:[0;33;5;43;103m%%%%SSS[0;31;43m@[0m     
      [0;1;30;90;43m.[0;33;5;43;103mttt;;;;;;S[0;1;33;93;43mt[0;33;5;43;103m;[0;1;30;90;43m;[0;30;42m@X[0;1;30;90;42m;[0;30;42m%XX8[0;1;30;90;41m8[0;33;5;40;100m88[0;30;42m8X%S[0;1;30;90;42m%[0;1;30;90;43mt[0;31;43m888[0;1;30;90;42m8[0;30;42mt[0;31;43m88[0;30;42mSX8[0;1;30;90;41m8[0;31;43m8[0;1;30;90;43m;[0;33;5;40;100m8[0;30;42m8888SX[0;1;30;90;43m:.:[0;30;42mt;8@[0;1;30;90;43m:[0;30;42m@[0;1;30;90;43m:[0;33;5;43;103mS%%%SSS[0;1;30;90;43m [0m      
       [0;1;30;90;43m.[0;33;5;43;103mtttt;;;;;;;t[0;1;30;90;43m;[0;1;30;90;42m%[0;30;42mS%@S[0;1;30;90;42m;;[0;30;42m%[0;1;30;90;42m;;[0;30;42m%@[0;1;30;90;42m8[0;1;33;93;43m@X[0;31;43m@888[0;1;30;90;41m8[0;31;43m888888[0;30;42mX@S;@8t@SX[0;33;5;43;103mXtS[0;1;30;90;43m.::[0;33;5;43;103m%%%%%%SSS[0;1;30;90;43m [0m       
        [0;1;30;90;43m.[0;33;5;43;103mttttttt;;;;;S[0;1;30;90;43m::::[0;1;33;93;43mX%[0;30;42m8XS[0;1;30;90;42mX[0;1;30;90;43m;[0;33;5;43;103m@;;[0;1;30;90;43m:[0;31;43m88[0;33;41m8[0;31;43m8888S[0;1;33;93;43m@[0;33;5;43;103mt[0;1;30;90;43m:[0;1;30;90;42m8[0;30;42mX@X8[0;1;30;90;43m.[0;32;43m@[0;1;30;90;42m8[0;33;42m8[0;33;5;43;103mS%%%%%%%%%SSSS[0;1;30;90;43m [0m        
         [0;1;30;90;43m.[0;33;5;43;103mttttttttttt;;;;;;;%[0;1;33;93;43mX8[0;33;5;43;103m;;;;;[0;1;30;90;43m:[0;31;43m8888888[0;33;5;43;103mtttttS[0;1;33;93;43mX@[0;33;5;43;103mtttt%%%%%%%%%%SSSS[0;1;30;90;43m.[0m         
          [0;33;41m8[0;33;5;43;103mXttttttttttttttttttttttttt[0;31;43mX88888[0;1;30;90;43m:[0;33;5;43;103mtttttttttt%%%%%%%%%%SSSS@[0;31;43m8[0m          
            [0;1;33;93;43m%[0;33;5;43;103mtttttttttttttttttttttttt[0;1;30;90;43m:[0;31;43m888888[0;33;5;43;103mttttttt%%%%%%%%%%%SSSSS[0;1;33;93;43m%[0m            
             [0;1;30;90;43m.[0;33;5;43;103m%tttttttttttttttttttttt[0;31;43mS88888[0;33;41m8[0;33;5;43;103mtttt%%%%%%%%%%%%SSSSSS[0;1;30;90;43m [0m             
              [0;31;40m@[0;1;33;93;43mt[0;33;5;43;103mttttttttttttttttttttt[0;31;43m888888[0;33;41m8[0;33;5;43;103mX%%%%%%%%%%%%%SSSSSS[0;1;33;93;43m;[0;31;40m@[0m              
                [0;31;43m8[0;1;33;93;43mS[0;33;5;43;103m%%%ttttttttttttt%[0;1;33;93;43mS[0;1;30;90;43m.[0;33;41m8[0;31;43m88888[0;33;41m8[0;1;30;90;43m.[0;33;5;43;103m%%%%%%%%%%SSSSSSS[0;1;33;93;43mS[0;31;43m8[0m                
                  [0;1;30;90;43m.[0;33;5;43;103mS%%%%%%%%[0;1;30;90;43m...[0;31;43m%@[0;33;41m8888[0;31;43m8[0;33;41m8[0;31;43m8[0;33;41m8[0;31;43m8[0;33;41m888[0;31;43m8%t%t[0;1;30;90;43m.  [0;1;33;93;43m%[0;33;5;43;103mSSSSSS[0;1;33;93;43mS[0;31;43m%[0m                  
                    [0;1;30;90;43m.[0;1;33;93;43mS[0;33;5;43;103m%%%%%%%S[0;1;33;93;43mt;t[0;1;30;90;43m.[0;31;43mt@[0;33;41m8[0;31;43m88[0;33;41m8888[0;31;43mS[0;33;41m@[0;31;43m8[0;1;30;90;43m..[0;1;33;93;43m::[0;1;30;90;43m  [0;1;33;93;43m;[0;33;5;43;103mSS[0;1;33;93;43mSSS%[0;31;43m%[0m                    
                      [0;31;43mX[0;1;33;93;43mt[0;33;5;43;103m%%%%%[0;1;30;90;43m.[0;31;43mSX[0;33;41m8[0;31;43m@%[0;33;41m8[0;31;43m@[0;1;33;93;43mt%[0;31;43m8[0;33;41m8[0;1;30;90;43m.[0;33;41m8[0;31;43mt[0;1;30;90;43m.[0;33;41m8[0;31;43m8;[0;1;30;90;43m [0;1;33;93;43m;%%%%%%;[0;31;43mX[0m                      
                        [0;31;43m8[0;1;33;93;43m.ttttt;tt[0;31;43m88[0;1;33;93;43mt:[0;31;43m8[0;33;41m@[0;31;43m8.t8[0;1;33;93;43mt.[0;33;41m@[0;31;43mS;;[0;1;33;93;43m.ttt.[0;31;43m8[0m                        
                          [0;31;40m8[0;31;43m%[0;1;33;93;43m;;;;;;[0;33;41m8[0;1;33;93;43m:;[0;31;43m:[0;33;41m@[0;1;33;93;43m.;;[0;31;43m8%[0;1;33;93;43m;;[0;33;41m@[0;31;43m.[0;1;33;93;43m;;;;[0;31;43mt[0;30;41m8[0m                          
                             [0;33;41m8[0;31;43m;[0;1;33;93;43m:::.:::[0;31;43mSt[0;1;33;93;43m:[0;1;31;91;43m8[0;31;43m8[0;1;33;93;43m::[0;1;31;91;43m88[0;1;33;93;43m::[0;31;43m;[0;33;41m8[0m                             
                                [0;33;41m8[0;31;43m;[0;1;33;93;43m............[0;31;43m;8[0m                                
                                   [0;33;41m8[0;31;43mS[0;1;31;91;43m888888[0;31;43mS[0;33;41m8[0m                                   
                                      [0;31;40m8[0;33;41m8[0;31;43m8[0;30;41m8[0m                                      
