[0;1;30;90;43m.[0;1;33;93;43mSXXXXXXXXXXXXXXXXXXXXXXXXXXXXXXXXXXXXXX[0;34;40m..........................              [0m
[0;1;30;90;43m.[0;33;5;43;103m;;;;;;;;;;;;;;;;;;t@;;;;;;;:::;;;;;;;;;[0;34;40m::::::::::::..................          [0m
[0;1;30;90;43m.[0;33;5;43;103m;;;;;;;;;[0;1;30;90;43m:;[0;33;5;43;103m8;;;;;[0;1;33;93;43m8[0;33;5;40;100mS:[0;1;30;90;43m8[0;33;5;43;103m%::::t[0;1;33;93;43m8[0;1;30;90;43m%[0;33;5;43;103mS:::::::;;[0;34;40m;;;[0;1;30;90;40m8[0;1;30;90;43m@X[0;1;30;90;40m8[0;34;40m:[0;1;30;90;40m8[0;1;30;90;43m@X[0;31;40m@[0;34;40m:[0;30;5;40;100m8[0;1;30;90;43mXX[0;31;40mS[0;34;40m.[0;31;5;40;100mX[0;1;30;90;43mXX[0;31;40mX[0;34;40m.[0;30;5;40;100m8[0;1;30;90;43mXS[0;31;40mS[0;34;40m.[0;31;5;40;100m@[0;1;30;90;43mSS[0;31;40m;.[0;1;30;90;43m%%[0;31;5;40;100mX[0;34;40m    [0m
[0;1;30;90;43m:[0;33;5;43;103m;;;;;;;;;t[0;1;30;90;40m8X[0;1;30;90;43m%[0;33;5;43;103m;;;:X[0;33;5;40;100m%[0;36;5;40;100m.[0;1;30;90;43m8[0;33;5;43;103m;:::t[0;30;5;40;100mX[0;1;30;90;40m8[0;1;30;90;43mS[0;33;5;43;103m::::::::::[0;34;40m;;;[0;1;30;90;43m@[0;1;33;93;43mXXS[0;1;30;90;43mX[0;1;33;93;43mSSSS[0;1;30;90;43mX[0;1;33;93;43mSSSt[0;1;30;90;43mX[0;1;33;93;43mSSSt[0;1;30;90;43mS[0;1;33;93;43m%%%t[0;1;30;90;43mS[0;1;33;93;43m%%%[0;1;30;90;43mSS[0;1;33;93;43mtt[0;1;30;90;43mX[0;31;40m:[0;34;40m   [0m
[0;1;30;90;43m:[0;33;5;43;103m;;%;;;;;;;8[0;1;30;90;40m@[0;33;5;40;100m8[0;1;33;93;43m88[0;33;5;40;100m8[0;1;30;90;43m88[0;33;5;40;100m;[0;36;5;40;100m [0;33;5;40;100m;[0;1;30;90;43m8[0;33;5;40;100m%[0;1;30;90;43m8[0;33;5;43;103m8[0;1;33;93;43mX[0;30;5;40;100m@[0;33;5;40;100m8[0;33;5;43;103m:::::::%:::[0;1;30;90;40m%[0;34;40m;;[0;31;40m;[0;33;5;40;100m8[0;1;33;93;43m%XXXXSSSSS[0;1;30;90;43mX[0;1;33;93;43m%SSSS%%%%%%%%%%%tt[0;1;30;90;43m%[0;31;40mt[0;34;40m    [0m
[0;1;30;90;43m:[0;33;5;43;103m;;t[0;1;30;90;43mtS[0;1;33;93;43m8[0;33;5;43;103m;;;;;[0;1;30;90;43m%[0;1;30;90;40m8[0;30;5;40;100m8@X[0;33;5;40;100mS%%t;..[0;36;5;40;100m:;[0;30;5;40;100mS[0;33;5;40;100m@[0;33;5;43;103mS::::t[0;1;30;90;43m@[0;33;5;40;100m8[0;1;30;90;43mS[0;33;5;43;103m:::[0;1;30;90;40mSSS[0;1;30;90;43m8[0;1;33;93;43mSXXXXXXSS[0;1;30;90;43mXS%;t[0;33;41m88@[0;1;30;90;41m8[0;1;30;90;43mX@[0;1;33;93;43m%[0;1;30;90;43m@[0;1;33;93;43m%%%%%%%tt[0;1;30;90;43mS[0;31;40m@[0;34;40m   [0m
[0;1;30;90;43m:[0;33;5;43;103m;;;S[0;33;5;40;100m8[0;30;5;40;100mX[0;33;5;40;100m8[0;1;33;93;43m@[0;33;5;43;103m8[0;1;30;90;43m%S[0;33;5;43;103m@[0;1;30;90;43mS[0;1;33;93;43m8[0;33;5;43;103m@t:::::::%@[0;1;33;93;43m@[0;33;5;43;103m8[0;1;30;90;43m@8@[0;33;5;43;103m:[0;1;30;90;43m8[0;33;5;40;100m%[0;36;5;40;100m;[0;1;30;90;43m8[0;33;5;43;103m::::[0;1;30;90;40mXSS[0;33;5;40;100m8[0;1;33;93;43m%XXXXXXX[0;1;30;90;43m8@[0;33;41mt[0;1;31;91;41mt[0;1;33;93;43m%[0;1;30;90;43m::[0;1;31;91;41mt88t[0;33;41mt[0;31;40m8[0;1;30;90;43mX[0;1;33;93;43m%%%%%%%%t[0;1;30;90;43mS[0;31;40m%[0;34;40m   [0m
[0;1;30;90;43m:[0;33;5;43;103mX[0;1;30;90;43mt;[0;1;33;93;43m8[0;33;5;43;103m8[0;1;30;90;43m@[0;30;5;40;100mS[0;1;30;90;43mX[0;31;43m8[0;1;30;90;43mX%[0;33;5;43;103m:::::::::::...[0;37;5;43;103m;;[0;33;5;43;103mX[0;1;30;90;43m888[0;31;5;40;100mS[0;33;5;40;100mS[0;1;30;90;43m8[0;33;5;43;103mX[0;1;33;93;43m8[0;1;30;90;43m8@[0;33;5;43;103m:[0;1;30;90;40mXXXX[0;33;5;40;100m8[0;37;43mS[0;1;33;93;43mXXXXXX[0;1;30;90;43m8[0;33;41m8X[0;1;30;90;43m;[0;33;5;43;103mXtSt[0;1;30;90;43m:[0;31;43mX[0;1;31;91;41m%%[0;1;30;90;41m%8[0;1;30;90;43mX[0;1;33;93;43m%%%%%%t[0;1;30;90;43m%[0;31;40mt[0;34;40m    [0m
[0;1;30;90;43m:[0;33;5;43;103m;[0;33;41m8[0;31;43m88[0;1;30;90;43m%tS[0;31;43m8[0;31;5;40;100m@[0;33;5;40;100m8[0;33;5;43;103mX::::::::.[0;37;5;43;103m;:::::::[0;1;33;93;43m@[0;33;5;40;100mS[0;1;30;90;43m88888888[0;33;5;43;103m:[0;1;30;90;40m@@X[0;1;30;90;43m8[0;33;5;43;103mXX[0;1;33;93;43mXXXXX[0;1;30;90;43m8t[0;1;33;93;43m@[0;1;30;90;43m@%[0;1;33;93;43mS[0;33;5;43;103m;;;[0;1;33;93;43m@[0;33;5;43;103mt[0;1;33;93;43m@[0;1;30;90;43m:[0;33;41m@[0;1;31;91;41m8t[0;1;30;90;43mSXX[0;1;33;93;43m%%%%%t[0;33;5;40;100m8[0;34;40m   [0m
[0;1;30;90;43m:[0;33;5;43;103m;[0;1;30;90;43m;[0;31;43m8888[0;33;41m8[0;33;5;43;103m88[0;33;5;40;100m8[0;30;5;40;100mS[0;1;30;90;43m@[0;33;5;43;103m;::::.[0;37;5;43;103m::::::::[0;33;5;43;103mS[0;33;5;40;100mX;[0;1;30;90;43m8[0;37;5;43;103m%[0;1;30;90;43m888888[0;33;5;43;103mS[0;37;5;43;103m;[0;1;30;90;40m8@@[0;30;5;40;100m@[0;1;30;90;43m8[0;1;33;93;43mS[0;33;5;43;103mXX[0;1;33;93;43mX[0;37;43mS[0;1;30;90;43mX[0;33;5;43;103m8;;[0;1;33;93;43mX@[0;33;5;43;103mt;;S[0;1;30;90;43m:[0;1;33;93;43m@[0;33;5;43;103mttX[0;33;41m;[0;1;31;91;41m8@[0;33;41mS[0;1;33;93;43mt%%%%%[0;1;30;90;43mX[0;31;40m%[0;34;40m   [0m
[0;1;30;90;43m:[0;33;5;43;103m;t[0;1;30;90;43m%[0;31;43m88@@[0;33;41m8[0;33;5;43;103m8:[0;1;33;93;43mX[0;33;5;40;100mXX[0;33;5;43;103m8:.[0;37;5;43;103m::::::..;[0;1;30;90;43m8[0;33;5;40;100m:S[0;37;5;43;103mX.[0;1;30;90;43m888888[0;1;33;93;43m8[0;37;5;43;103m::[0;1;30;90;40m8888[0;1;30;90;43m8[0;1;33;93;43mX[0;33;5;43;103mXX[0;1;30;90;43m8S[0;33;5;43;103m;;[0;1;33;93;43mS[0;33;5;43;103mS;;;;;[0;1;30;90;43m:[0;1;33;93;43m@[0;1;30;90;43m:[0;33;5;43;103mttt[0;1;33;93;43mX[0;1;31;91;41mt8[0;33;41m%[0;1;30;90;43mSX[0;1;33;93;43m%%%[0;1;30;90;43mS[0;31;40m:[0;34;40m    [0m
[0;1;30;90;43m:[0;33;5;43;103m;;;[0;1;33;93;43m8[0;1;30;90;43mS[0;31;43m88@[0;1;30;90;43m@[0;33;5;43;103mX:t[0;1;30;90;43m8[0;33;5;40;100m%[0;1;30;90;43m8[0;33;5;43;103m%[0;37;5;43;103m::::...[0;33;5;43;103m8[0;33;5;40;100m;;[0;1;33;93;43m8[0;37;5;43;103m..[0;37;43mX[0;1;30;90;43m8888[0;37;43mX[0;37;5;43;103mS.::[0;1;30;90;40m888[0;33;5;40;100m8[0;37;5;43;103m@[0;33;5;43;103mXX[0;1;30;90;43m8S[0;33;5;43;103m%[0;1;33;93;43m@X[0;33;5;43;103mt;;;;;8[0;1;33;93;43m%[0;1;30;90;43m:[0;1;33;93;43mX[0;33;5;43;103mtttS[0;33;41mS[0;1;31;91;41m88[0;33;41m;[0;1;30;90;43mSS[0;1;33;93;43mt%%[0;1;30;90;43mS[0;31;40m:[0;34;40m   [0m
[0;1;30;90;43m:[0;33;5;43;103m;;;::;X[0;1;33;93;43m8@8[0;33;5;43;103m:::8[0;33;5;40;100mXt[0;37;43mS[0;37;5;43;103m:...S[0;1;30;90;43m8[0;33;5;40;100m.[0;1;30;90;43m8[0;37;5;43;103mt..t[0;37;43mX[0;33;5;43;103m8[0;37;5;43;103mX%......[0;30;5;40;100m8[0;1;30;90;40m888[0;1;30;90;43m8[0;33;5;43;103mXX[0;1;30;90;43m8S[0;33;5;43;103mt[0;1;30;90;43mS[0;33;5;43;103m8;t[0;1;30;90;43mtXSSt[0;1;33;93;43mX[0;33;5;43;103m;8@ttt[0;31;43m8[0;1;31;91;41mX[0;1;30;90;41mS8[0;31;40m@[0;31;5;40;100mX[0;1;30;90;43m@[0;1;33;93;43m%%[0;1;30;90;43m@[0;31;40mS[0;34;40m   [0m
[0;1;30;90;43m:[0;33;5;43;103m;;::::::::::.[0;37;5;43;103m:;[0;37;43mS[0;33;5;40;100m;%[0;33;5;43;103mX[0;37;5;43;103m:[0;37;43mX[0;33;5;40;100m:t[0;37;5;43;103m@...............[0;30;5;40;100m88[0;1;30;90;40m8[0;30;5;40;100m8[0;1;30;90;43m8[0;33;5;43;103mXX[0;1;30;90;43m88[0;33;5;40;100m8[0;1;30;90;43mSSX8[0;1;33;93;43m%XX%[0;1;30;90;43m;[0;33;5;43;103m;;%[0;1;30;90;43m:[0;33;5;43;103m;tt[0;31;43m@[0;1;31;91;41m@@[0;1;30;90;41m:[0;33;41m8[0;1;30;90;43mSX[0;1;33;93;43m%[0;1;30;90;43mX[0;31;40mS[0;34;40m.   [0m
[0;1;30;90;43m:[0;33;5;43;103m;;:::::::::.[0;37;5;43;103m::::%[0;1;30;90;43m8[0;33;5;40;100m.t:[0;37;43m@[0;37;5;43;103m.................[0;30;5;40;100m888[0;1;30;90;43m8[0;37;5;43;103m8@@[0;33;5;43;103mXX[0;37;43mX[0;1;30;90;43m88[0;1;33;93;43mXXXXX[0;1;30;90;43m8[0;1;33;93;43mX[0;33;5;43;103m;;;[0;1;30;90;43m:[0;33;5;43;103m;tt[0;1;33;93;43mt[0;1;31;91;41mS[0;1;30;90;41m%[0;30;41m@[0;31;40m8[0;1;30;90;41m8[0;1;33;93;43mt%%[0;1;30;90;43mX[0;31;40m@[0;34;40m   [0m
[0;1;30;90;43m:[0;33;5;43;103m;;:::::::::.[0;37;5;43;103m::::%[0;1;30;90;43m8[0;33;5;40;100m:;:[0;37;43m@[0;37;5;43;103m.................[0;30;5;40;100m888[0;33;5;40;100m8[0;1;30;90;43m8[0;37;5;43;103m@@[0;33;5;43;103mXXXXX[0;1;33;93;43mXXXXX[0;1;30;90;43m@[0;33;5;43;103mS;;;[0;1;30;90;43m;[0;33;5;43;103m;ttt[0;33;41m8[0;1;30;90;41m;[0;31;40m8[0;1;30;90;43mS[0;1;33;93;43m%%%%%[0;1;30;90;43m%[0;34;40m.  [0m
[0;1;30;90;43m:[0;33;5;43;103m;;:::::::::[0;37;5;43;103m;:::[0;37;43mS[0;33;5;40;100m:t[0;37;5;43;103mX:[0;37;43m@[0;33;5;40;100m :[0;37;5;43;103m@...............[0;30;5;40;100m888[0;31;5;40;100mS[0;1;30;90;43m8[0;37;43m@[0;37;5;43;103m@@[0;33;5;43;103mXXXX[0;1;33;93;43mXXXXX[0;1;30;90;43m@[0;33;5;43;103m%;;X[0;1;30;90;43m;[0;33;5;43;103mtttt[0;1;33;93;43mt[0;1;30;90;41mX[0;1;30;90;43mX[0;1;33;93;43m%%%%[0;1;30;90;43mS[0;31;40mS[0;34;40m..  [0m
[0;1;30;90;43m:[0;33;5;43;103m;;:::::::::[0;37;5;43;103m;:[0;33;5;43;103mX[0;33;5;40;100mS:[0;37;43mX[0;37;5;43;103m....S[0;33;5;40;100m; [0;37;43m8[0;37;5;43;103m;.............[0;30;5;40;100m888[0;33;5;40;100m8[0;37;43m@[0;37;5;43;103m@@@[0;33;5;43;103mXXXX[0;1;33;93;43mXXXX[0;1;30;90;43m8t[0;33;5;43;103mt;;[0;1;33;93;43mS[0;33;5;43;103m;;t%[0;1;30;90;43m:%@[0;1;33;93;43m%%%%%%[0;1;30;90;43mX[0;31;40m%[0;34;40m.  [0m
[0;1;30;90;43m:[0;33;5;43;103m;;:::::::::;[0;1;30;90;43m8[0;33;5;40;100m;[0;1;30;90;43m8[0;33;5;43;103m%[0;37;5;43;103m.......[0;1;33;93;47mS[0;33;5;40;100m  [0;37;5;43;103m8............[0;30;5;40;100m888[0;1;30;90;40m8[0;30;5;40;100m8[0;33;5;40;100m8[0;37;43m@[0;33;5;43;103mXXXXX[0;1;33;93;43mXXXX[0;1;30;90;43m%[0;33;5;43;103mt;tS[0;1;33;93;43m@[0;1;30;90;43m:;%X[0;1;33;93;43mtSS%%%%%[0;1;30;90;43mX%[0;31;40m;[0;34;40m.  [0m
[0;1;30;90;43m:[0;33;5;43;103m;;::::::::[0;1;33;93;43m@[0;33;5;40;100mSS[0;33;5;43;103m8[0;37;5;43;103m::........;[0;37;43m8[0;33;5;40;100m :[0;37;5;43;103mS..........[0;30;5;40;100m888X[0;1;30;90;43m8[0;37;5;43;103m@@[0;33;5;43;103mXXXXX[0;1;33;93;43mXXXX[0;1;30;90;43m8@@@@@[0;1;33;93;43m%SSSSSS%%[0;1;30;90;43m@[0;1;33;93;43mt%[0;1;30;90;43mS[0;31;40mS[0;34;40m..  [0m
[0;1;30;90;43m:[0;33;5;43;103m;;::::::X[0;33;5;40;100m8%[0;1;30;90;43m8[0;33;5;43;103m:[0;37;5;43;103m:::..........@[0;33;5;40;100m: [0;37;43m8[0;37;5;43;103m:........[0;30;5;40;100m88[0;1;30;90;40m8[0;1;30;90;43m8[0;37;5;43;103m8@[0;33;5;40;100m8[0;1;30;90;43m8[0;33;5;43;103mXXX[0;1;30;90;43m8[0;33;5;40;100m8[0;1;33;93;43mXXX[0;1;30;90;43m8[0;1;30;90;40m8[0;1;33;93;43m%SSt[0;1;30;90;43mX[0;1;33;93;43mSSS[0;1;30;90;43mXS[0;1;33;93;43m%%%[0;1;30;90;43m%[0;31;40m@[0;1;30;90;43mX[0;1;33;93;43m%[0;1;30;90;43mX[0;31;40m.[0;34;40m   [0m
[0;1;30;90;43m:[0;33;5;43;103m;;;::::[0;1;30;90;43mS[0;30;5;40;100mS[0;33;5;40;100m8[0;33;5;43;103mX:.[0;37;5;43;103m::::...........[0;37;43m@[0;33;5;40;100m.;[0;37;5;43;103m%.......[0;30;5;40;100m88[0;1;30;90;40m8[0;30;5;40;100m@[0;33;5;40;100m8[0;31;5;40;100mS[0;1;30;90;40m@8[0;1;30;90;43m88[0;31;5;40;100mS[0;1;30;90;40mS%[0;31;5;40;100mS[0;1;30;90;43m8[0;33;5;40;100m8[0;31;40m;[0;34;40m:[0;1;30;90;40m8[0;1;30;90;43mXX[0;31;40m%[0;34;40m:[0;31;5;40;100m@[0;1;30;90;43mXS[0;31;40mt[0;34;40m.[0;1;30;90;40m8[0;1;30;90;43mS[0;31;5;40;100mS[0;31;40m.[0;34;40m.[0;31;40m.@t[0;34;40m.   [0m
[0;1;30;90;43m:[0;33;5;43;103m;;;::::;8::::.[0;37;5;43;103m:::::..........tX.......:[0;1;30;90;40m88888@@XXSSS[0;34;40m;;;;;::::::..............   [0m
[0;32;40mX[0;1;30;90;43m;;;t[0;1;33;93;43mSSSSXXXXXX@@@@@888888888888888888@@[0;1;30;90;43m88888@@XXXSS%%%ttt;;;;;;;::::::::::....[0;32;40m;[0m
 [0;34;40m:::;;;;[0;1;30;90;40m%SSXXX@@888888[0;30;5;40;100m888888888888888[0;1;30;90;40m888[0;37;5;43;103m:[0;33;5;43;103m.:::::t[0;1;33;93;43m8[0;33;5;43;103m;:::;X[0;1;30;90;43m88[0;33;5;43;103m%;;;;%[0;1;33;93;43m@[0;33;5;43;103mt;;ttttttt%%%%%[0m 
 [0;34;40m.::[0;31;40m%[0;31;5;40;100mS[0;1;30;90;40m8[0;34;40m;;[0;31;5;40;100mX[0;1;30;90;43m8[0;33;5;40;100m8[0;1;30;90;40mSX[0;33;5;40;100m8[0;1;30;90;43m8[0;33;5;40;100m8[0;1;30;90;40m@8[0;33;5;40;100m8[0;1;30;90;43m8[0;33;5;40;100m8[0;1;30;90;40m88[0;33;5;40;100m@[0;1;30;90;43m8[0;33;5;40;100m@[0;30;5;40;100m88[0;33;5;40;100m@[0;1;30;90;43m8[0;33;5;40;100m@[0;1;30;90;40m88[0;33;5;40;100m8@[0;31;5;40;100mX[0;1;30;90;40m888[0;33;5;43;103m::::::::[0;1;30;90;43mX[0;1;30;90;40m8[0;1;30;90;43mS[0;33;5;43;103m:;;[0;1;33;93;43m8[0;33;5;40;100m%%[0;33;5;43;103m@;;;[0;1;30;90;43mt[0;1;30;90;40mX[0;1;30;90;43m:[0;33;5;43;103m;;tttttttt%%%%[0;1;33;93;43m8[0m 
 [0;34;40m.::[0;1;30;90;43m@[0;1;33;93;43mXX[0;1;30;90;43m@[0;30;5;40;100m8[0;1;33;93;43mSXX[0;33;5;40;100m88[0;33;5;43;103mXXX[0;33;5;40;100m88[0;33;5;43;103mX[0;37;5;43;103m@@[0;33;5;40;100m88[0;37;5;43;103m888[0;33;5;40;100m8[0;1;30;90;43m8[0;37;5;43;103m888[0;33;5;40;100m8[0;1;30;90;43m8[0;37;5;43;103m@@[0;1;33;93;43m@[0;1;30;90;40m8@@[0;33;5;43;103m::@t::::t[0;30;5;40;100mS[0;33;5;40;100m8[0;1;30;90;43mS@[0;33;5;40;100m88[0;36;5;40;100mt[0;33;5;40;100m;@X[0;1;30;90;43m@%[0;33;5;40;100m8[0;1;30;90;43m%[0;33;5;43;103m;;;tt@8ttt%%%%%[0;1;30;90;43m.[0m 
  [0;34;40m::[0;31;40mS[0;1;30;90;43m8[0;1;33;93;43mXX%XXXSXX[0;33;5;43;103mXX[0;1;33;93;43mX[0;1;30;90;43m8[0;37;43mX[0;1;30;90;43m888888[0;37;5;43;103m@[0;1;33;93;43m@[0;37;5;43;103m@@@@[0;37;43m@[0;37;5;43;103m@@@[0;1;30;90;43m8[0;1;30;90;40m@@X[0;33;5;43;103m::%[0;33;5;40;100m8[0;1;30;90;43m8[0;1;33;93;43mX[0;33;5;43;103m;t8[0;1;33;93;43mS[0;30;5;40;100m8[0;33;5;40;100m8[0;1;30;90;43m8@@@@888[0;33;5;40;100m8[0;30;5;40;100mX[0;1;33;93;43mX8[0;33;5;43;103m%S[0;1;30;90;43m;[0;33;5;40;100m8[0;1;30;90;43mt[0;33;5;43;103m%ttt%%%%%[0;32;40mS[0m 
  [0;34;40m.::[0;31;40m:[0;31;5;40;100mS[0;1;33;93;43mXXXXXXXXXX[0;37;43mX[0;1;30;90;43m8[0;33;41m@[0;1;30;90;43mX[0;1;33;93;43mS[0;1;30;90;43mX[0;1;31;91;41mX8@[0;1;30;90;41m8[0;1;30;90;43m88[0;33;5;43;103mXXXXXX[0;1;30;90;43m8[0;1;30;90;40mXXXX[0;33;5;43;103m;[0;1;30;90;43mS[0;33;5;43;103mXX[0;33;5;40;100m8[0;30;5;40;100mX[0;1;30;90;43mSS[0;1;30;90;41mX[0;33;5;43;103m@;;;;;;;;;;;;[0;1;33;93;43mS[0;33;41m@[0;31;43m@[0;33;5;40;100m8[0;30;5;40;100m8[0;33;5;40;100m8[0;33;5;43;103mS[0;1;33;93;43m8[0;1;30;90;43m.[0;33;5;43;103mt%%%%%[0;1;33;93;43mS[0m  
  [0;34;40m :::[0;1;30;90;40m8[0;1;33;93;43mSXXXXXXXXX[0;37;43mS[0;1;30;90;43mS[0;1;30;90;41mS[0;1;30;90;43mS[0;33;5;43;103m%St[0;1;30;90;43mS[0;31;43m@[0;1;31;91;41m8[0;1;30;90;41m@[0;33;5;40;100m8[0;37;43mX[0;33;5;43;103mXXXXXX[0;1;30;90;43m8[0;1;30;90;40m8SS[0;33;5;43;103m:[0;1;30;90;43mX[0;31;43m8[0;1;30;90;43mX%S[0;31;43m8[0;31;5;40;100m8[0;1;33;93;43m8[0;33;5;43;103m;;;;;;;;;;;;;;[0;1;30;90;43m:[0;1;30;90;41m8[0;33;41m8[0;1;30;90;43m;.[0;33;41m88[0;31;43m8[0;33;5;43;103m%%%%%%[0;32;40m8[0m  
   [0;34;40m.::[0;31;40mS[0;1;33;93;43m%SSXXXXXX[0;1;30;90;43m8%[0;1;33;93;43m@[0;33;5;40;100m8[0;1;30;90;43mX[0;33;5;43;103m%;;[0;1;33;93;43m8[0;33;5;43;103m;[0;1;33;93;43mX[0;1;30;90;43mS[0;1;31;91;41m@X[0;1;30;90;43m88[0;33;5;43;103mX[0;1;33;93;43mXXX[0;1;30;90;43m8[0;1;30;90;40m@%%[0;33;5;43;103m:[0;1;30;90;43m%[0;31;43m888[0;33;41m8[0;1;33;93;43mX[0;1;30;90;43mt[0;30;5;40;100mX[0;1;30;90;43mX[0;33;5;43;103mS;;;;;;;;;;8[0;33;5;40;100m8[0;30;5;40;100mS[0;1;33;93;43mX[0;1;30;90;43m.[0;33;41m8888[0;1;30;90;43m.[0;33;5;43;103m%%%%%[0;1;30;90;43m [0m   
    [0;34;40m.::[0;31;40m;[0;1;30;90;40m8[0;1;30;90;43m@[0;1;33;93;43mSSXX%[0;1;30;90;43mS[0;33;5;43;103m@;%%;;;X[0;1;30;90;43m%[0;33;5;43;103m%;;[0;1;30;90;43mS[0;1;31;91;41m8@[0;1;30;90;43m8[0;37;43mS[0;1;33;93;43mXX[0;1;30;90;43m8[0;1;30;90;40mS[0;34;40m;;;[0;33;5;43;103m:;[0;1;30;90;43mt[0;31;43m888[0;33;41m8[0;33;5;43;103m8%[0;1;30;90;43mS[0;30;5;40;100m8[0;1;30;90;43m;[0;33;5;43;103m;;;;;;;%[0;1;30;90;43m;[0;1;30;90;40m8[0;1;30;90;43m;[0;33;5;43;103m%[0;1;30;90;43m.[0;33;41m8888[0;1;30;90;43m.[0;33;5;43;103m%%%%%@[0m    
    [0;34;40m .::[0;31;40mt[0;1;33;93;43mSSSS[0;1;30;90;43m8t[0;33;5;43;103mSS[0;1;33;93;43mX[0;33;5;43;103m;;;;S[0;1;33;93;43mS[0;1;30;90;43mt[0;33;5;43;103m@;;t[0;1;31;91;41mt[0;31;5;41;101m8[0;1;31;91;41mt[0;1;30;90;43m8[0;1;33;93;43mXSS[0;1;30;90;43m@[0;31;40m;[0;34;40m;;[0;33;5;43;103m;;;X[0;1;33;93;43m%[0;1;30;90;43mttt[0;33;5;43;103mS;[0;1;33;93;43m8[0;33;5;40;100m88[0;33;5;43;103m8;;;;[0;1;33;93;43mX[0;30;5;40;100mS[0;33;5;40;100m8[0;33;5;43;103m8t8[0;1;30;90;43m;;:.[0;33;5;43;103mX%%%%%S[0;1;30;90;43m.[0m    
     [0;34;40m...[0;31;40m;[0;1;30;90;43m@[0;1;33;93;43mSSS[0;1;30;90;43m%[0;1;33;93;43mX@S[0;33;5;43;103m;;[0;1;33;93;43m@[0;1;30;90;43mt[0;1;33;93;43m%[0;1;30;90;43mt;[0;33;5;43;103mX[0;1;33;93;43mX[0;33;5;43;103m;;;[0;31;43mS[0;1;31;91;41mX[0;33;41m@[0;1;30;90;41mX[0;31;5;40;100mS[0;1;30;90;43m8[0;1;33;93;43mXS[0;1;30;90;40m@[0;34;40m::[0;33;5;43;103m;;;;;;;;;;;;[0;1;30;90;43m;[0;30;5;40;100m8[0;1;30;90;43m%[0;33;5;43;103mS@[0;1;30;90;43mS[0;30;5;40;100m@[0;1;33;93;43mS[0;33;5;43;103mttttttt%%%%%%%[0;1;30;90;43m.[0m     
      [0;34;40m...[0;31;40m:[0;31;5;40;100m@[0;1;30;90;43mX8S;;[0;1;33;93;43m%[0;1;30;90;43mtS8[0;1;33;93;43mSS[0;1;30;90;43m%[0;33;5;43;103m;;[0;1;30;90;43m;[0;33;5;43;103m;;;[0;31;43m8[0;31;5;41;101m8[0;1;31;91;41mS[0;1;30;90;41m@[0;1;30;90;43mX@@[0;1;30;90;40m8[0;34;40m:::[0;33;5;43;103m;;;;;;;;;;;;;X[0;1;30;90;43mS[0;30;5;40;100m8[0;1;30;90;40m8[0;1;30;90;43m%[0;33;5;43;103mSttttttt%%%%%%%[0;1;30;90;43m [0m      
       [0;34;40m.....[0;33;5;40;100m8[0;1;33;93;43mS%[0;1;30;90;43mXX[0;1;33;93;43mSSSSS[0;1;30;90;43m;[0;33;5;43;103m;;[0;1;33;93;43mS8[0;33;5;43;103m;;[0;1;33;93;43m%[0;1;31;91;41m%[0;1;30;90;41mt8[0;31;5;40;100mS[0;1;30;90;43m8@[0;31;40m%[0;34;40m:::[0;33;5;43;103m;;;;;;;;;;;;;[0;1;33;93;43m8[0;33;5;40;100m88[0;30;5;40;100mS[0;33;5;40;100m8[0;33;5;43;103m8ttttt%%%%%%%%[0;1;30;90;43m [0m       
        [0;34;40m....[0;33;5;40;100m8[0;1;33;93;43mSSSSSSSS%[0;1;30;90;43m:[0;33;5;43;103m;;@[0;1;30;90;43m:[0;33;5;43;103m;;;[0;33;41mX[0;1;30;90;41m%[0;1;30;90;43mX8[0;1;33;93;43mSS[0;1;30;90;43m@[0;34;40m:::[0;33;5;43;103m;;;;;;;;;;;S[0;1;30;90;43m%[0;30;5;40;100m8[0;1;30;90;43m:[0;33;5;43;103mt%[0;1;30;90;43m;[0;1;30;90;40m8[0;1;30;90;43m;[0;33;5;43;103mStt%%%%%%%%[0;1;30;90;43m [0m        
         [0;34;40m...[0;31;40m.[0;1;30;90;40m8[0;33;5;40;100m8[0;31;5;40;100mS[0;33;5;40;100m8[0;1;33;93;43mSSSS[0;1;30;90;43m@:[0;33;5;43;103m;;[0;1;30;90;43m:[0;1;33;93;43m%[0;33;5;43;103m;;;[0;1;30;90;43m:S[0;1;33;93;43mSSSS[0;1;30;90;43mX[0;34;40m...[0;33;5;43;103m;;;;;;;;;t[0;1;30;90;43m:[0;30;5;40;100m8[0;1;30;90;43m%[0;33;5;43;103mXtttt8[0;33;5;40;100m8[0;30;5;40;100m@[0;1;33;93;43mS[0;33;5;43;103m%%%%%%%S[0;1;30;90;43m.[0m         
          [0;34;40m .....[0;31;5;40;100m@[0;1;33;93;43mSSS[0;1;30;90;43m@:[0;33;5;43;103mttt%%[0;1;33;93;43mS[0;1;30;90;43m;S@[0;1;33;93;43mSSSS[0;1;30;90;43mS[0;31;40m:[0;34;40m...[0;33;5;43;103m;;;;;;tt8[0;33;5;40;100m88[0;1;33;93;43m@[0;33;5;43;103mttttttt%[0;1;30;90;43m.[0;30;5;40;100m8[0;1;30;90;43m%[0;33;5;43;103m8%%%%X[0;1;30;90;43m.[0m          
            [0;34;40m....[0;31;40m:[0;1;30;90;43mX[0;1;33;93;43m%S[0;1;30;90;43mX%%%%SX@[0;1;33;93;43mSSSSSSSt[0;31;5;40;100mX[0;34;40m...[0;33;5;43;103m;tttttS[0;1;30;90;43m%[0;1;30;90;40m8[0;1;30;90;43m:[0;33;5;43;103m%tttttt%%%%X[0;1;30;90;43m;[0;1;30;90;40m8[0;1;30;90;43m:[0;33;5;43;103mS%[0;1;33;93;43m8[0m            
             [0;34;40m.....[0;31;40m:%X[0;1;30;90;43mX[0;1;33;93;43m%SSSSSSSSSSSSS%[0;31;40m%[0;34;40m..[0;33;5;43;103mtttttt[0;1;30;90;43m:S[0;33;5;43;103m@tttttt%%%%%%%%[0;1;33;93;43m8[0;33;5;40;100m8[0;1;30;90;43m  [0m             
              [0;34;40m ......[0;1;30;90;43mX[0;1;33;93;43m%%%%%%%%%%%%%%[0;1;30;90;43mX[0;31;40m.[0;34;40m..[0;33;5;43;103mtttttttttttt%%%%%%%%%%%%[0;1;33;93;43m@[0;32;40m@[0m              
                [0;34;40m ....[0;31;40mX[0;1;30;90;43mXX[0;1;33;93;43m%%%%%%%%%%[0;1;30;90;43m@S[0;31;40m:[0;34;40m...[0;33;5;43;103mtttttttt%%%%%%%%%%%%%S@[0;1;30;90;43m [0m                
                  [0;34;40m .....[0;32;40m.[0;33;5;40;100m8[0;1;33;93;43m%%%%%%%%%%[0;1;30;90;43mS[0;34;40m...[0;33;5;43;103mtttt%%%%%%%%%%%%%%%SS[0;1;30;90;43m [0m                  
                    [0;34;40m ....[0;31;40m.[0;1;30;90;43mX[0;1;33;93;43m%%%%%%%%[0;1;30;90;43m@[0;31;5;40;100mX[0;34;40m...[0;33;5;43;103m%%%%%%%%%%%%%%%%SSX[0;1;30;90;43m [0m                    
                      [0;34;40m ...[0;31;40m;[0;33;5;40;100m88[0;31;40m8[0;1;30;90;43mX[0;1;33;93;43m%%t[0;1;30;90;43m%[0;31;40m;[0;34;40m... [0;33;5;43;103m%%%%%%%%%%%%%SSSX[0;1;30;90;43m [0m                      
                        [0;34;40m      [0;1;30;90;43m%[0;1;33;93;43mtttt[0;1;30;90;43mS[0;31;40mX[0;34;40m   [0;33;5;43;103m%%%%%%%%%SSSSS8[0;1;30;90;43m [0m                        
                          [0;34;40m    [0;31;40m%[0;1;30;90;43m%%S[0;1;33;93;43mtt[0;1;30;90;43mS[0;31;40m.[0;34;40m  [0;33;5;43;103m%%%%%SSSSSSS[0;1;30;90;43m  [0m                          
                             [0;34;40m    [0;31;40m [0;1;30;90;43m%[0;1;33;93;43mt[0;1;30;90;43mS[0;31;40m.[0;34;40m  [0;33;5;43;103mSSSSSSSSS[0;1;33;93;43m@[0;1;30;90;43m [0m                             
                                [0;34;40m   [0;31;40m. [0;34;40m   [0;33;5;43;103mSSSSSS[0;1;33;93;43m8[0;1;30;90;43m [0m                                
                                   [0;34;40m     [0;33;5;43;103mSSS[0;1;33;93;43mS[0;1;30;90;43m [0m                                   
                                      [0;34;40m  [0;1;30;90;43m  [0m                                      
