[0;32;40mS[0;1;33;93;43mSXXXXXXXXXXXXXXXXXXXXXXXXXXXXXXXXXXXXXXXXXXXXXXXXXXXXXXXSSSSSSSSSSSSS%%%[0;1;30;90;43m       [0m
[0;32;40m@[0;33;5;43;103m;;;;;;;;;;;;;;;;;;;;;;;;;;;:::;;;;;;;;;;;;;;;;;;;;;;;;;;;tttttttttt%%%%%%%%SSS[0;1;33;93;43m@[0m
[0;32;40m@[0;33;5;43;103m;;;;;;;;;;;;;;;;;;;;:::::::::::::::::;8[0;1;30;90;43m8[0;33;5;43;103m%;;;;;;;;;;;;;;;;;;ttttttttt%%%%%%%%SS[0;1;33;93;43m@[0m
[0;32;40m@[0;33;5;43;103m;;;;;;;;;;;;;;;;::::[0;1;33;93;43mX8[0;33;5;43;103m;:::::::::::::S[0;1;30;90;43m8[0;33;5;40;100m:[0;36;5;40;100m.[0;33;5;40;100m;[0;1;30;90;43m8[0;33;5;43;103m;;;;;;;;;;;;;;S[0;1;30;90;43m:[0;33;5;43;103m8;ttttttttt%%%%%%%SS[0;1;33;93;43m@[0m
[0;32;40m@[0;33;5;43;103m;;;;;;;;;;;;;:::::::8[0;1;30;90;40m@8[0;33;5;40;100m8[0;1;30;90;43mX[0;33;5;43;103m8;::::::::8[0;33;5;40;100mt[0;36;5;40;100m:..  [0;33;5;40;100mX[0;33;5;43;103m;;;;;;;;;S[0;1;33;93;43mS[0;1;30;90;43m%[0;30;5;40;100mX[0;32;40m;[0;33;5;40;100m8[0;33;5;43;103m;;;;tttttttt%%%%%%%S[0;1;33;93;43m@[0m
[0;32;40m@[0;33;5;43;103m;;;;;;;;;;;::::::::::[0;1;30;90;43mX[0;1;30;90;40m888[0;30;5;40;100m8[0;1;30;90;43m8[0;33;5;43;103m:::::::::8[0;33;5;40;100m%[0;36;5;40;100m.  [0;1;30;90;43m8[0;33;5;43;103m%:::;;;;;S[0;30;5;40;100m8[0;1;30;90;40m@XS@[0;33;5;43;103mX;;;;;tttttttt%%%%%%%[0;1;33;93;43m@[0m
[0;32;40m8[0;33;5;43;103m;;;;;;;;;:::::::::::::[0;33;5;40;100m8[0;1;30;90;40m8[0;30;5;40;100m88[0;33;5;43;103m@:::::t::::[0;1;30;90;43m8[0;36;5;40;100m   [0;33;5;43;103m8:::;;:;;;;[0;1;30;90;43mS[0;1;30;90;40m8XS[0;1;33;93;43mS[0;33;5;43;103m;;;;;;tttttttt%%%%%%%[0;1;33;93;43m@[0m
[0;32;40m8[0;33;5;43;103m;;;;;;;;::::::::::::::%[0;30;5;40;100mS8@[0;1;30;90;43m8[0;33;5;43;103m:[0;37;5;43;103m:;[0;33;5;43;103m:[0;37;43mS[0;33;5;40;100mtS[0;1;30;90;43m88[0;33;5;40;100mS[0;36;5;40;100m    [0;33;5;40;100m.[0;1;30;90;43m888[0;33;5;40;100mtX[0;33;5;43;103m8::;@[0;33;5;40;100m8[0;1;30;90;40m8@[0;1;30;90;43m%[0;33;5;43;103m;;;;;;;;tttttttt%%%%%%[0;1;33;93;43m@[0m
[0;32;40m8[0;33;5;43;103m;;;;;;:%[0;1;33;93;43m8[0;33;5;43;103m;:::::::::..[0;37;5;43;103m::[0;1;33;93;43m8[0;30;5;40;100m@XX[0;33;5;40;100mSXXt[0;36;5;40;100m;:..           .;[0;33;5;40;100mX88[0;30;5;40;100m88[0;1;30;90;40m8[0;30;5;40;100mS[0;33;5;43;103mt;;;;;;;;;ttttX[0;1;33;93;43mS[0;33;5;43;103mtt%%%%%[0;1;33;93;43m@[0m
[0;32;40m8[0;33;5;43;103m;;;;;:::[0;1;30;90;43mS[0;33;5;40;100m8[0;1;30;90;43m8[0;1;33;93;43m8[0;33;5;43;103m:::::.[0;37;5;43;103m;:::::[0;1;30;90;43m8[0;30;5;40;100mXS[0;36;5;40;100mtt;::..            .;t[0;30;5;40;100mSX888[0;33;5;43;103m@;;;;;;;;;;;X[0;1;30;90;43m;[0;33;5;40;100m8[0;1;30;90;40m8[0;33;5;43;103m8tt%%%%%[0;1;33;93;43m8[0m
[0;32;40m8[0;33;5;43;103m;;;;;::::[0;1;30;90;43mX[0;36;5;40;100mt;[0;33;5;40;100mS[0;1;30;90;43m8[0;33;5;43;103m8:[0;37;5;43;103m;:::::;S:[0;33;5;40;100mX[0;36;5;40;100mt;[0;33;5;40;100m;%%[0;1;30;90;43m8[0;37;43m@X[0;33;5;43;103m8@XSSSSX@8[0;1;33;93;43m8[0;37;43mS[0;1;30;90;43m88[0;33;5;40;100m@X[0;30;5;40;100mX@8[0;1;30;90;43m%[0;33;5;43;103mtX;;;;;;;S[0;1;30;90;43m;X[0;30;5;40;100m8@@[0;33;5;43;103m8tttt%%%%[0;1;33;93;43m8[0m
[0;32;40m8[0;33;5;43;103m;;;;::::::[0;1;30;90;43m8[0;36;5;40;100m;:::[0;33;5;40;100m%[0;33;5;43;103m8[0;37;5;43;103m::[0;1;33;93;43mX[0;1;30;90;43m8888[0;37;5;43;103m.S[0;33;5;43;103m8[0;37;5;43;103mX.........:::::[0;33;5;43;103m.:::::::t8[0;1;33;93;43m@[0;33;5;43;103m;t[0;1;30;90;41m8[0;31;43m8[0;1;30;90;43m%t[0;33;5;43;103m8;;[0;1;30;90;43mt[0;30;5;40;100m8@@@8[0;1;33;93;43m8[0;33;5;43;103mttttt%%%%[0;1;33;93;43m8[0m
[0;32;40m8[0;33;5;43;103m;;;:@;:::::[0;1;30;90;43m8[0;36;5;40;100m:.. [0;33;5;40;100mX[0;37;5;43;103m;[0;1;33;93;43m8[0;1;30;90;43m8888[0;37;5;43;103mX...............::::[0;33;5;43;103m.::::::::::;[0;1;30;90;43mt[0;31;43m888[0;1;30;90;43mt[0;33;5;43;103m8[0;1;33;93;43m8[0;30;5;40;100m8X@@8[0;1;33;93;43mS[0;33;5;43;103mtttttS@%%%[0;1;33;93;43m8[0m
[0;32;40m8[0;33;5;43;103m;;;:[0;1;30;90;43mXXX[0;1;33;93;43mX[0;33;5;43;103mX::;[0;1;30;90;43m8[0;33;5;40;100m%;%[0;1;30;90;43m88888[0;37;43mX[0;1;33;93;43m8[0;37;5;43;103m.................::::[0;33;5;43;103m.::::::::::S[0;1;30;90;43mt%[0;33;41m8[0;31;43m8[0;33;41m88[0;1;30;90;41m8[0;30;5;40;100m8@[0;33;5;40;100m8[0;1;33;93;43mX[0;33;5;43;103m;t%[0;1;33;93;43m8[0;1;30;90;43m:[0;31;43mS[0;33;41m8[0;1;30;90;43m.[0;33;5;43;103m%%%[0;1;33;93;43m8[0m
[0;32;40m8[0;33;5;43;103m;;::[0;1;30;90;43mS[0;31;43m@@@[0;1;30;90;43m888[0;33;5;43;103m%[0;37;5;43;103m;:[0;33;5;43;103mS[0;33;5;40;100m8[0;1;30;90;43m888[0;33;5;40;100mX[0;37;5;43;103m%....................::::[0;33;5;43;103m.:::::::::;;;[0;1;30;90;43m;[0;31;43m8888[0;1;30;90;43m;[0;33;5;43;103mt;;[0;1;30;90;43m:[0;31;43m@[0;33;41m88888[0;1;33;93;43mX[0;33;5;43;103m%%%[0;1;33;93;43m8[0m
[0;32;40m8[0;33;5;43;103m;;::[0;1;30;90;43m%[0;31;43m@@@[0;1;30;90;43m8888[0;1;33;93;43m8[0;1;30;90;43m88888[0;33;5;40;100mS::[0;33;5;43;103m8[0;37;5;43;103m...................::::[0;33;5;43;103m.:::::::::;%[0;1;30;90;43mS[0;30;5;40;100m8[0;31;5;40;100m8[0;33;41m8[0;31;43m888@[0;1;30;90;43m:[0;1;33;93;43m%[0;31;43m88888[0;33;41m8@[0;33;5;43;103mS%%%[0;1;33;93;43m8[0m
[0;32;40m8[0;33;5;43;103m;;::%[0;1;30;90;43m@[0;31;43m@X[0;1;30;90;43m88888888[0;33;5;43;103mX[0;37;5;43;103m.[0;33;5;43;103m8[0;33;5;40;100m:[0;36;5;40;100m  [0;33;5;40;100m;[0;37;5;43;103mX..................:::;[0;33;5;43;103m::::::::;[0;1;33;93;43mS[0;33;5;40;100m8[0;30;5;40;100mS@[0;1;30;90;43mX[0;33;5;43;103mX;[0;1;30;90;43m:[0;33;41m8[0;31;43m88888888[0;33;41m8[0;1;30;90;43m:[0;33;5;43;103mt%%%[0;1;33;93;43m8[0m
[0;32;40m8[0;33;5;43;103m;;:::[0;1;30;90;43mS[0;31;43m@X[0;1;30;90;43m88888888[0;37;5;43;103m...:[0;37;43m@[0;33;5;40;100m [0;36;5;40;100m [0;33;5;40;100m [0;37;43m8[0;37;5;43;103m:................:::;[0;33;5;43;103m:::::::@[0;33;5;40;100m8[0;30;5;40;100mSS[0;33;5;40;100m8[0;1;33;93;43m8[0;33;5;43;103m;;;@[0;33;41m@[0;31;43m88888888[0;33;41m8[0;33;5;43;103m8t%%%[0;1;33;93;43m8[0m
[0;32;40m8[0;33;5;43;103m;;:::;[0;1;30;90;43mX[0;31;43m@[0;1;30;90;43m8888888888[0;37;5;43;103m...@[0;33;5;40;100m:[0;36;5;40;100m  [0;33;5;40;100m [0;37;5;43;103m8...............:::;[0;33;5;43;103m:::::;[0;1;30;90;43mX[0;30;5;40;100mS%X[0;1;30;90;43mS[0;33;5;43;103mt;;t[0;1;30;90;43mt[0;33;41m8[0;31;43m88888888[0;33;41m8[0;1;33;93;43mS[0;33;5;43;103mtt%%%[0;1;33;93;43m8[0m
[0;32;40m8[0;33;5;43;103m;;::::;[0;1;30;90;43mX8888888888[0;37;5;43;103mX....[0;37;43m@[0;33;5;40;100m [0;36;5;40;100m [0;33;5;40;100m :[0;37;5;43;103mS............::::[0;33;5;43;103m.::::[0;1;33;93;43m8[0;33;5;40;100m@[0;36;5;40;100mt[0;30;5;40;100mS[0;33;5;40;100m8[0;33;5;43;103m@;;;;[0;1;30;90;43m;[0;31;43m888888888[0;33;41m8[0;1;33;93;43m@[0;33;5;43;103mttt%%%[0;1;33;93;43m8[0m
[0;32;40m@[0;33;5;43;103m;;::::::8[0;1;30;90;43m@888888888[0;37;5;43;103mt....;[0;1;30;90;43m8[0;33;5;40;100m [0;36;5;40;100m [0;33;5;40;100m [0;37;43m8[0;37;5;43;103m...........:::;[0;33;5;43;103m.::S[0;1;30;90;43m8[0;33;5;40;100m%[0;36;5;40;100mt[0;33;5;40;100m8[0;1;33;93;43m@[0;33;5;43;103m:;;;;[0;1;33;93;43mX[0;33;41m8[0;31;43m8888888[0;33;41m8[0;1;30;90;43m:[0;33;5;43;103mXtttt%%%[0;1;33;93;43m8[0m
[0;32;40mX[0;33;5;43;103m;;;:::::::S[0;1;33;93;43mS[0;1;30;90;43m88888888[0;37;5;43;103m%.....@[0;33;5;40;100m:[0;36;5;40;100m  [0;33;5;40;100m:[0;37;5;43;103m@........::::[0;33;5;43;103m.::[0;1;30;90;43m@[0;33;5;40;100mS[0;36;5;40;100m;[0;30;5;40;100mS[0;1;30;90;43m@[0;33;5;43;103mt:;;;;[0;1;33;93;43mX[0;33;41m8[0;31;43m8888[0;33;41m8[0;31;43m8[0;1;30;90;43m;[0;1;33;93;43mS[0;33;5;43;103m%tttttt%%%[0;1;33;93;43mX[0m
[0;32;40mt[0;33;5;43;103m;;;:::::::::::%8[0;1;33;93;43m8S[0;37;43mS[0;1;30;90;43m88[0;37;5;43;103m.......[0;37;43m@[0;33;5;40;100m.[0;36;5;40;100m [0;33;5;40;100m [0;1;30;90;43m8[0;37;5;43;103mt....:::::[0;33;5;43;103m.:8[0;33;5;40;100m@[0;36;5;40;100m;t[0;33;5;40;100m8[0;33;5;43;103m8:::;;;@[0;1;30;90;43mt;;;[0;1;33;93;43mX8[0;33;5;43;103m%;;ttttttt%%%%[0;1;30;90;43m [0m
 [0;33;5;43;103m%;;;::::::::::.[0;37;5;43;103m;:::::........%[0;1;30;90;43m8[0;33;5;40;100m [0;36;5;40;100m [0;33;5;40;100m;[0;37;43mX[0;37;5;43;103m:.:::::[0;33;5;43;103m.%[0;1;30;90;43m8[0;33;5;40;100mt[0;36;5;40;100m;[0;33;5;40;100mX[0;1;30;90;43mX[0;33;5;43;103m::::;;;;;;;;;;;;;;ttttttt%%%%[0;1;30;90;43m.[0m
 [0;1;33;93;43m8[0;33;5;43;103m;;;;:::::::::::.[0;37;5;43;103m:::::::.......[0;33;5;43;103m8[0;33;5;40;100m%[0;36;5;40;100m  [0;33;5;40;100mS[0;33;5;43;103mX[0;37;5;43;103m:::;[0;33;5;43;103m:[0;1;30;90;43m8[0;33;5;40;100mS[0;36;5;40;100m;[0;33;5;40;100mt[0;1;30;90;43m8[0;33;5;43;103m%::::;;;;;;;;;;;;;;tttttttt%%%%[0;1;30;90;43m.[0m
 [0;1;30;90;43m:[0;33;5;43;103m;;;;;::::::::::::.[0;37;5;43;103m:::::::::::::;[0;1;30;90;43m8[0;33;5;40;100m;[0;36;5;40;100m [0;33;5;40;100m;[0;1;30;90;43m8[0;33;5;43;103m;.@[0;33;5;40;100m@[0;36;5;40;100m;;[0;33;5;40;100m@[0;33;5;43;103m8::::::;;;;;;;;;;;;;;ttttttt%%%%%[0m 
 [0;32;40m@[0;33;5;43;103m;;;;;;:::::::::::::..[0;37;5;43;103m::::::::::::[0;33;5;43;103m%[0;1;30;90;43m8[0;36;5;40;100m::[0;33;5;40;100mS[0;1;30;90;43m8[0;33;5;40;100mt[0;36;5;40;100m;[0;33;5;40;100mS[0;1;30;90;43m@[0;33;5;43;103m;:::::;;;;;;;;;;;;;;;ttttttt%%%%%[0;1;33;93;43m@[0m 
  [0;33;5;43;103m8;;;;;;::::::::::::::::.........:::[0;1;33;93;43m8[0;33;5;40;100mX[0;36;5;40;100m;t[0;30;5;40;100mX[0;33;5;40;100m8[0;33;5;43;103mS::::::;;;;;;;;;;;;;;;tttttttt%%%%%[0;1;30;90;43m.[0m 
  [0;1;30;90;43m.[0;33;5;43;103m;;;;;;;;:::::::::::::::::::::::::S[0;33;5;40;100m8[0;36;5;40;100mt[0;30;5;40;100mXS[0;36;5;40;100mt[0;33;5;40;100mS[0;1;30;90;43mX[0;33;5;43;103m;::::;;;;;;;;;;;;;;;tttttttt%%%%%X[0m  
   [0;33;5;43;103m@;;;;;;;;;:::::::::::::::::::::;[0;1;30;90;43m@[0;33;5;40;100mS[0;36;5;40;100m;[0;33;5;40;100mS[0;1;30;90;43m@[0;33;5;43;103m8[0;33;5;40;100m8[0;30;5;40;100m%%[0;33;5;40;100m8[0;1;33;93;43m8[0;33;5;43;103m:;;;;;;;;;;;;;;;;tttttttt%%%%%%[0;1;30;90;43m.[0m  
   [0;1;30;90;43m.[0;33;5;43;103m;;;;;;;;;;;::::::::::::::::::[0;1;33;93;43m8[0;33;5;40;100m@[0;36;5;40;100mt%[0;33;5;40;100m8[0;33;5;43;103m@::;[0;1;30;90;43m%[0;33;5;40;100m8[0;30;5;40;100mSX[0;1;30;90;43m@[0;33;5;43;103mS;;;;;;;;;;;;;;tttttttt%%%%%%8[0m   
    [0;1;33;93;43mS[0;33;5;43;103m;;;;;;;;;;;;;:::::::::::::S[0;1;30;90;43m8[0;30;5;40;100mS[0;36;5;40;100mt[0;33;5;40;100m@[0;1;30;90;43mS[0;33;5;43;103m::::;;%[0;1;30;90;43mX[0;30;5;40;100m@SX[0;1;30;90;43mt[0;33;5;43;103m;;;;;;;;;;;;tttttttt%%%%%%%[0;1;30;90;43m.[0m   
     [0;33;5;43;103mX;;;;;;;;;;;;;;;;:::::::;[0;1;30;90;43mS[0;33;5;40;100m@[0;30;5;40;100m%X[0;1;30;90;43mX[0;33;5;43;103m%::;;;;;;;[0;1;33;93;43m8[0;33;5;40;100m8[0;30;5;40;100mX@[0;33;5;40;100m8[0;33;5;43;103m8;;;;;;;;;tttttttt%%%%%%%[0;1;30;90;43m [0m    
     [0;32;40m@[0;33;5;43;103m%;;;;;;;;;;;;;;;;;;;;;[0;1;33;93;43m8[0;33;5;40;100m8[0;30;5;40;100mSS[0;33;5;40;100m8[0;33;5;43;103m8;;;;;;;;;;;;;[0;1;30;90;43m;[0;30;5;40;100m@X8[0;1;30;90;43mS[0;33;5;43;103mS;;;;;ttttttttt%%%%%%%[0;1;33;93;43m%[0m     
      [0;1;30;90;43m.[0;33;5;43;103mt;;;;;;;;;;;;;;;;;;%[0;1;30;90;43mS[0;30;5;40;100m@SX[0;1;30;90;43mt[0;33;5;43;103m;;;;;;;;;;;;;;;;X[0;1;30;90;43mS[0;30;5;40;100m8XX[0;1;30;90;43m:[0;33;5;43;103m;;tttttttttt%%%%%%%[0;1;33;93;43m8[0m      
       [0;1;30;90;43m.[0;33;5;43;103mt;;;;;;;;;;;;;;;;[0;1;30;90;43m;[0;30;5;40;100mSX@[0;1;30;90;43mX[0;33;5;43;103mS;;;;;;;;;;;;;;;;;;;[0;1;33;93;43mX[0;33;5;40;100m8[0;30;5;40;100m@8[0;33;5;40;100m8[0;33;5;43;103m8ttttttttt%%%%%%%[0;1;33;93;43m8[0m       
        [0;1;30;90;43m.[0;33;5;43;103mt;;;;;;;;;;;;;8[0;33;5;40;100m8[0;30;5;40;100m@X[0;33;5;40;100m8[0;1;33;93;43m8[0;33;5;43;103m;;;;;;;;;;;;;;;;;;;;;;t[0;1;30;90;43m;[0;30;5;40;100m8@8[0;1;30;90;43mt[0;33;5;43;103mSttttt%%%%%%%%[0;1;33;93;43m8[0m        
         [0;30;5;40;100mS[0;33;5;43;103mS;;;;;;;;;;t[0;1;30;90;43mt[0;30;5;40;100m8X8[0;1;30;90;43mt[0;33;5;43;103mt;;;;;;;;;;;;;;;;;;;;;tttt8[0;33;5;40;100m8[0;30;5;40;100m88X[0;1;33;93;43mS[0;33;5;43;103mtt%%%%%%%%%[0;1;33;93;43mS[0m         
           [0;1;33;93;43m8[0;33;5;43;103mt;;;;;;;[0;1;33;93;43mS[0;33;5;40;100m8[0;30;5;40;100m@8[0;1;30;90;43mX[0;33;5;43;103m@;;;;;;;;;;;;;;;;;;;;ttttttttt[0;1;30;90;43m:[0;30;5;40;100mX88[0;1;30;90;43m%[0;33;5;43;103m8%%%%%%%S[0;1;30;90;43m.[0m          
            [0;1;30;90;43m.[0;33;5;43;103mttttt8[0;33;5;40;100m8[0;30;5;40;100m8@S[0;1;33;93;43mX[0;33;5;43;103m;;;;;;;;;;;;;;;;;;ttttttttttttttS[0;1;30;90;43mt[0;30;5;40;100m88[0;1;30;90;40m8[0;1;30;90;43m:[0;33;5;43;103mS%%%%@[0;1;30;90;43m [0m           
             [0;1;30;90;43m.[0;33;5;43;103mXtt[0;1;33;93;43m8[0;1;30;90;40m8[0;30;5;40;100m@8[0;1;30;90;43mt[0;33;5;43;103m%ttt;;;;;;;tttttttttttttttttttttt%%%[0;1;33;93;43m8[0;33;5;40;100m8[0;30;5;40;100m88S[0;33;5;43;103mS%%[0;1;33;93;43mS[0m             
               [0;1;30;90;43m [0;33;5;43;103mtt[0;1;33;93;43m@[0;1;30;90;43m%[0;33;5;43;103m8ttttttttttttttttttttttttttttttt%%%%%%%S[0;1;30;90;43m.t[0;33;5;43;103m@%8[0;1;30;90;43m [0m              
                [0;32;40m@[0;1;33;93;43m8[0;33;5;43;103mttttttttttttttttttttttttttttttt%%%%%%%%%%%%%S[0;1;30;90;43m [0m                
                  [0;1;30;90;43m.[0;33;5;43;103m@tttttttttttttttttttttttt%%%%%%%%%%%%%%%SS[0;1;30;90;43m [0m                  
                    [0;1;30;90;43m.[0;33;5;43;103m8tttttttttttttttt%%%%%%%%%%%%%%%%%%%SS[0;1;33;93;43m%[0;32;40m8[0m                   
                      [0;1;30;90;43m.[0;33;5;43;103m8%%%%%%%%%%%%%%%%%%%%%%%%%%%%%SSSS[0;1;30;90;43m [0;32;40m@[0m                     
                        [0;1;30;90;43m.[0;1;33;93;43mX[0;33;5;43;103m%%%%%%%%%%%%%%%%%%%%%%%%SSSSX[0;1;30;90;43m [0m                        
                           [0;1;30;90;43m [0;33;5;43;103m@%%%%%%%%%%%%%%%%SSSSSSS[0;1;33;93;43m@[0;1;30;90;43m [0m                          
                             [0;1;30;90;43m. [0;33;5;43;103mX%%%%%SSSSSSSSSSSS8[0;1;30;90;43m [0m                             
                                [0;1;30;90;43m [0;1;33;93;43mS[0;33;5;43;103mSSSSSSSSSSSS@[0;1;30;90;43m [0;32;40m8[0m                               
                                   [0;1;30;90;43m  [0;33;5;43;103m8SSSSS[0;1;33;93;43m8[0;1;30;90;43m [0m                                   
                                       [0;1;30;90;43m   [0m                                      
