[0;30;44m8[0;1;34;94;44m........:::::::::::::::::::::::::::::::::::::::::................ [0;1;30;90;44m.      [0;30;44m     8[0m
[0;30;44m%[0;1;34;94;44m888888[0;34;5;44;104m888[0;1;34;94;44m8[0;34;5;44;104m88[0;1;34;94;44m@[0;34;5;44;104m88[0;1;34;94;44m8[0;34;5;44;104m8888888888888888888@[0;1;30;90;47m888[0;36;5;44;104m@[0;34;5;44;104m88888888888[0;1;34;94;44m888888888888888888888@@@@@@[0;30;44m%[0m
[0;30;44m%[0;1;34;94;44m8888[0;34;5;44;104m888[0;1;34;94;44m8[0;34;5;44;104m8[0;35;5;40;100m:S[0;1;34;94;44m8[0;1;30;90;43m8[0;34;5;44;104m8[0;37;5;40;100m8[0;34;5;44;104m88[0;1;34;94;44m8[0;34;5;44;104m8888888888888888[0;1;30;90;47m888[0;1;37;97;47m:[0;37;5;47;107m%tt[0;1;37;97;47m%[0;37;5;40;100m.[0;34;5;44;104m888888888[0;1;34;94;44m8888888888888[0;1;30;90;47m@[0;1;34;94;44m8888888@@@@@[0;30;44m%[0m
[0;30;44m%[0;1;34;94;44m888[0;34;5;44;104m8888[0;35;5;40;100mS[0;37;5;40;100mS[0;35;5;40;100m:[0;37;43mX[0;33;5;40;100m.[0;33;5;43;103m;[0;37;5;40;100m8[0;1;33;93;43m8[0;34;5;40;100mX[0;37;5;40;100m8[0;1;34;94;44m8[0;34;5;44;104m888888888888888888888[0;1;37;97;47m [0;37;5;47;107mttt[0;1;37;97;47m [0;34;5;44;104m8888888888[0;1;34;94;44m8888888888[0;36;5;40;100mt[0;1;37;97;47m [0;1;30;90;47m8[0;1;34;94;44m8888888@@@@[0;30;44m%[0m
[0;30;44m%[0;1;34;94;44m8[0;34;5;44;104m8888[0;1;34;94;44m8[0;35;5;40;100mt[0;37;5;40;100mS8[0;33;5;43;103mt;;;;t%[0;37;5;40;100m@X[0;35;5;40;100mS[0;34;5;44;104m888888888888888888888[0;1;30;90;47m8[0;37;5;47;107mttt[0;1;37;97;47m [0;34;5;44;104m88888888888[0;1;34;94;44m88888888[0;1;30;90;47m;[0;1;37;97;47m  [0;36;5;40;100mt[0;1;34;94;44m88888@8@@@[0;30;44m%[0m
[0;30;44m%[0;34;5;44;104m88888[0;1;34;94;44m8[0;1;30;90;44m8[0;37;5;40;100mS[0;33;5;43;103m@;;;;;;;[0;37;43m@[0;35;5;40;100m :[0;1;34;94;44m8[0;34;5;44;104m888888888888888888888[0;37;5;47;107mtttt[0;34;5;44;104m888888888888[0;1;34;94;44m88[0;1;30;90;47m8[0;1;37;97;47m ....  [0;1;30;90;47m   .8[0;1;30;90;44m8[0;1;34;94;44m888@@[0;30;44m%[0m
[0;30;44m%[0;34;5;44;104m88888[0;1;34;94;44mX[0;1;30;90;44m8[0;35;5;40;100m [0;33;5;43;103mX;;;;;;;[0;37;43m8[0;35;5;40;100m [0;34;5;44;104m88888888888888888888888[0;37;5;47;107mt;;%[0;34;5;44;104m8888888888888[0;1;34;94;44m888[0;36;5;40;100m [0;1;30;90;47m;[0;1;37;97;47m...  [0;1;30;90;47m.8[0;1;34;94;44m888888@@[0;30;44m%[0m
[0;30;44m%[0;34;5;44;104m88888[0;1;34;94;44m8[0;35;5;40;100m; [0;37;5;40;100m8[0;33;5;43;103mSt;;;tX[0;37;5;40;100m8X[0;35;5;40;100m:[0;34;5;44;104m888@@@@@@@@@@@@@88888[0;1;37;97;47m [0;37;5;47;107m;;;[0;1;30;90;47m@[0;34;5;44;104m88888888888888[0;1;34;94;44m888[0;1;30;90;47m8[0;1;37;97;47m.... [0;1;30;90;47m;[0;1;34;94;44m88888888@[0;30;44m%[0m
[0;30;44m%[0;34;5;44;104m8888888[0;1;30;90;44m8[0;37;5;40;100m@[0;35;44m@[0;33;5;43;103mX[0;37;5;40;100m8[0;1;33;93;43m8[0;33;47m8[0;1;30;90;47m@[0;35;5;40;100m.[0;37;5;40;100m8[0;35;5;40;100m%[0;34;5;44;104m8@@@@@@@@@@@@@@@@@@@[0;36;5;44;104m@[0;1;37;97;47mt[0;37;5;47;107m;;;[0;1;37;97;47m [0;34;5;44;104m8888888888888888[0;1;34;94;44m88[0;1;37;97;47m..[0;1;30;90;47mX[0;36;5;40;100m;[0;1;30;90;47m8 [0;1;37;97;47m [0;37;5;40;100m;[0;1;34;94;44m8888888@[0;30;44m%[0m
[0;30;44m%[0;34;5;44;104m888888888[0;35;44m@[0;35;5;40;100m.[0;34;5;44;104m8[0;1;30;90;47m8[0;34;5;44;104m8[0;35;5;40;100m.%[0;34;5;44;104m@@@@@@@@@@@XXX@@@[0;36;5;44;104mX[0;1;30;90;47m8[0;1;37;97;47m  [0;37;5;47;107m8::S[0;1;37;97;47m [0;36;5;44;104m@[0;34;5;44;104m888888888888888888[0;1;30;90;47m88[0;1;34;94;44m88888[0;36;5;40;100m [0;1;30;90;47m%[0;1;34;94;44m88888888[0;30;44m%[0m
[0;30;44m%[0;34;5;44;104m888888888888888@@@@@@@XXXXXXXXXXXXXX[0;37;5;44;104m8[0;1;30;90;47m8[0;1;34;94;47m8[0;36;5;44;104m@[0;34;5;44;104m@@8888888888888888888[0;1;34;94;44m88888888888888888[0;30;44m%[0m
[0;1;30;90;44mS[0;34;5;44;104m888888@@@@@@@[0;36;5;44;104m@@@@XXXXXXSSSSSSSSSSSXXXXXX@@@@[0;34;5;44;104m@@@@@@@88888888888888888888[0;1;34;94;44m8888888[0;1;30;90;44m%[0m
[0;37;5;40;100m8[0;37;5;47;107mttttt;;;;;;;::::....                .....::::;;;;;;ttttttttttt%%%%%%SSSSSSXXX@[0;37;5;40;100m8[0m
[0;37;5;40;100m8[0;37;5;47;107mttttt;;;;;;::::....                   ....::::;;;;;;ttttttttttt%%%%%%SSSSSXXXX[0;37;5;40;100m8[0m
[0;37;5;40;100m8[0;37;5;47;107mtttt;;;;;;::::....                     ...:::::;;;;;ttttttttttt%%%%%%SSSSSXXXX[0;37;5;40;100m8[0m
[0;37;5;40;100m8[0;37;5;47;107mtttt;;;;;;::::...                      ....::::;;;;;;tttttttttt%%%%%%SSSSSXXXX[0;37;5;40;100m8[0m
[0;37;5;40;100m8[0;37;5;47;107mtttt;;;;;;::::...                       ...::::;;;;;;tttttttttt%%%%%%SSSSSXXXX[0;37;5;40;100m8[0m
[0;37;5;40;100m8[0;37;5;47;107mtttt;;;;;;::::...                       ...::::;;;;;;tttttttttt%%%%%%SSSSSXXXX[0;37;5;40;100m8[0m
[0;37;5;40;100m8[0;37;5;47;107mtttt;;;;;;::::...                       ...::::;;;;;;tttttttttt%%%%%%SSSSSXXXX[0;37;5;40;100m8[0m
[0;37;5;40;100m8[0;37;5;47;107mtttt;;;;;;::::...                      ....::::;;;;;;tttttttttt%%%%%%SSSSSXXXX[0;37;5;40;100m8[0m
[0;37;5;40;100m8[0;37;5;47;107mtttt;;;;;;:::::...                     ...::::;;;;;;ttttttttttt%%%%%%SSSSSXXXX[0;37;5;40;100m8[0m
[0;37;5;40;100mX[0;37;5;47;107mttttt;;;;;;::::....                   ...:::::;;;;;;ttttttttttt%%%%%SSSSSSXXXX[0;37;5;40;100mX[0m
[0;36;5;40;100m [0;37;5;47;107mttttt;;;;;;;::::.....               ....:::::;;;;;;ttttttttttt%%%%%%SSSSSXXXX@[0;36;5;40;100m [0m
[0;30;5;40;100m@[0;37;5;47;107mtttttt;;;;;;;:::::.....          ......:::::;;;;;;;ttttttttttt%%%%%%SSSSSXXXX@[0;36;5;40;100m%[0m
 [0;37;5;47;107m%tttttt;;;;;;;::::::.................::::::;;;;;;;ttttttttttt%%%%%%SSSSSSXXXX@[0m 
 [0;1;37;97;47m;[0;37;5;47;107mttttttt;;;;;;;;:::::::...........:::::::;;;;;;;;tttttttttttt%%%%%%SSSSSXXXX@[0;1;37;97;47mt[0m 
 [0;37;5;40;100mS[0;37;5;47;107mtttttttt;;;;;;;;;:::::::::::::::::::::;;;;;;;;ttttttttttttt%%%%%%SSSSSSXXXX@[0;37;5;40;100m@[0m 
  [0;37;5;47;107m%ttttttttt;;;;;;;;;;:::::::::::::::;;;;;;;;;;ttttttttttttt%%%%%%SSSSSSXXXX@@[0;1;30;90;40m8[0m 
  [0;1;30;90;47m;[0;37;5;47;107mttttttttttt;;;;;;;;;;;;;;;;;;;;;;;;;;;;;;;tttttttttttttt%%%%%%%SSSSSXXXX@@[0;1;30;90;47m.[0m  
  [0;1;30;90;40m8[0;37;5;47;107m%tttttttttttt;;;;;;;;;;;;;;;;;;;;;;;;;;;ttttttttttttttt%%%%%%%SSSSSXXXXX@@[0;30;5;40;100m@[0m  
   [0;1;30;90;47mX[0;37;5;47;107mttttttttttttttt;;;;;;;;;;;;;;;;;;;;;ttttttttttttttttt%%%%%%SSSSSSXXXXX@@[0;1;30;90;47m%[0m   
    [0;37;5;47;107m8ttttttttttttttttttt;;;;;;;;;;;tttttttttttttttttttt%%%%%%%SSSSSSSXXXX@@[0;1;37;97;47m8[0m    
    [0;36;5;40;100m%[0;37;5;47;107m%ttttttttttttttttttttttttttttttttttttttttttttttt%%%%%%%%SSSSSSXXXXX@@@[0;36;5;40;100mt[0m    
     [0;36;5;40;100m [0;37;5;47;107m%tttttttttttttttttttttttttttttttttttttttttttt%%%%%%%%%SSSSSSXXXXX@@@[0;36;5;40;100m [0m     
      [0;1;30;90;47m8[0;37;5;47;107m%%%ttttttttttttttttttttttttttttttttttttttt%%%%%%%%%SSSSSSSXXXXX@@@[0;1;30;90;47m@[0m      
       [0;1;30;90;47mX[0;37;5;47;107m%%%%tttttttttttttttttttttttttttttttttt%%%%%%%%%%SSSSSSSXXXXXX@@@[0;1;30;90;47m%[0m       
        [0;1;30;90;47m8[0;37;5;47;107m%%%%%%%ttttttttttttttttttttttttttt%%%%%%%%%%%SSSSSSSSXXXXX@@@@[0;1;30;90;47mX[0m        
         [0;37;5;40;100mX[0;37;5;47;107m%%%%%%%%%%%ttttttttttttttttt%%%%%%%%%%%%%%SSSSSSSSXXXXXX@@@@[0;37;5;40;100mX[0m         
          [0;36;5;40;100m;[0;37;5;47;107m8%%%%%%%%%%%%%%%%%%%%%%%%%%%%%%%%%%%%%SSSSSSSSSXXXXXX@@@@[0;1;37;97;47m8[0;36;5;40;100m:[0m          
            [0;1;37;97;47m:[0;37;5;47;107mS%%%%%%%%%%%%%%%%%%%%%%%%%%%%%%%SSSSSSSSSSSXXXXXX@@@@@[0;1;37;97;47m;[0m            
             [0;37;5;40;100m@[0;37;5;47;107mXSSS%%%%%%%%%%%%%%%%%%%%%%SSSSSSSSSSSSSXXXXXXX@@@@@8[0;37;5;40;100m8[0m             
              [0;30;5;40;100m8[0;1;37;97;47m;[0;37;5;47;107mSSSSSSSSSSSSSSSSSSSSSSSSSSSSSSSSSSXXXXXXXX@@@@@@[0;1;37;97;47m:[0;30;5;40;100m8[0m              
                [0;36;5;40;100m [0;1;37;97;47m8[0;37;5;47;107mSSSSSSSSSSSSSSSSSSSSSSSSSSSSXXXXXXXXX@@@@@@@[0;1;37;97;47m8[0;36;5;40;100m [0m                
                  [0;37;5;40;100m8[0;37;5;47;107m@SSSSSSSSSSSSSSSSSSSSSXXXXXXXXXXX@@@@@@@@8[0;37;5;40;100m8[0m                  
                    [0;1;30;90;47m8[0;37;5;47;107m8XXXXXXXXXXXXXXXXXXXXXXXXXXX@@@@@@@@@8[0;1;30;90;47m8[0m                    
                      [0;37;5;40;100m@[0;1;37;97;47m8[0;37;5;47;107mXXXXXXXXXXXXXXXXXXXX@@@@@@@@@@@@[0;1;37;97;47m8[0;37;5;40;100m8[0m                      
                        [0;36;5;40;100m [0;1;37;97;47mS[0;37;5;47;107mXXXXXXXXXXX@@@@@@@@@@@@@@@@@[0;1;37;97;47mS[0;36;5;40;100m [0m                        
                          [0;30;5;40;100mS[0;1;30;90;47m%[0;37;5;47;107m8@@@@@@@@@@@@@@@@@@@@@@8[0;1;30;90;47m;[0;36;5;40;100mt[0m                          
                             [0;36;5;40;100m [0;1;37;97;47m.[0;37;5;47;107m@@@@@@@@@@@@@@@@@@[0;1;37;97;47m:[0;36;5;40;100m [0m                             
                                [0;36;5;40;100m [0;1;37;97;47m;[0;37;5;47;107m@@@@@@@@@@@@[0;1;37;97;47mt[0;37;5;40;100mX[0m                                
                                   [0;36;5;40;100m [0;1;30;90;47m;[0;37;5;47;107m8@@@@8[0;1;30;90;47m.[0;36;5;40;100m [0m                                   
                                      [0;30;5;40;100mS[0;37;5;40;100m@@[0;36;5;40;100m%[0m                                      
