[0;31;5;40;100m8[0;35;5;40;100m.........                                       .............:::::::::::;;;;;;[0;31;5;40;100m8[0m
[0;31;5;40;100mX[0;1;30;90;47m888888888888888888888888888888888888888888888888888888888888888888888888888888[0;31;5;40;100mX[0m
[0;31;5;40;100mX[0;1;30;90;47m888888888888888888888888888888888888888888888888888888888888888888888888888888[0;31;5;40;100mX[0m
[0;31;5;40;100mX[0;1;30;90;47m888888888888888888888888888888888888888888888888888888888888888888888888888888[0;31;5;40;100mX[0m
[0;31;5;40;100mX[0;1;30;90;47m888888888888888888888888888888888888888888888888888888888888888888888888888888[0;31;5;40;100mX[0m
[0;31;5;40;100mX[0;1;30;90;47m88888888888888888888888888888888[0;1;30;90;43m88888[0;37;5;40;100mt[0;1;30;90;47m8888888888888888888888888888888888888888[0;31;5;40;100mX[0m
[0;31;5;40;100mX[0;1;30;90;47m88888888888888888888X[0;1;37;97;47m [0;1;30;90;47m88888888[0;1;30;90;43m8[0;33;5;43;103mS[0;1;33;93;43mX[0;1;30;90;43m8[0;1;33;93;43mS[0;33;5;43;103m@:;[0;1;33;93;43m%[0;1;30;90;43m8[0;1;30;90;47m88888888888888888888888888888888888888[0;31;5;40;100mX[0m
[0;31;5;40;100mX[0;1;30;90;47m8888888888888888888X[0;1;37;97;47mtt[0;1;30;90;47m%SX[0;1;37;97;47m  [0;1;30;90;47m88[0;35;5;40;100m [0;1;33;93;43m@S[0;1;30;90;43m88[0;33;5;43;103m::::::[0;1;30;90;43mX8[0;1;30;90;47m888888888888888888888888888888888888[0;31;5;40;100mX[0m
[0;31;5;40;100mX[0;1;30;90;47m888888888888888888[0;1;37;97;47m [0;1;30;90;47m8@[0;37;5;40;100m8[0;36;5;40;100m  [0;35;5;40;100m ;[0;30;5;40;100mX@888[0;1;30;90;43m8[0;33;5;43;103m@[0;37;43mX@@[0;1;33;93;43m@[0;33;5;43;103m:::X[0;33;5;40;100mt[0;1;30;90;43m8[0;33;5;40;100mX:[0;1;30;90;47m888888888888888888888888888888888[0;31;5;40;100mX[0m
[0;31;5;40;100mX[0;1;30;90;47m8888888888888888[0;1;37;97;47m   [0;1;30;90;47m88%8[0;37;5;40;100m88[0;1;30;90;47m@8[0;30;5;40;100mS[0;35;5;40;100m: [0;1;30;90;47m888888[0;1;30;90;43m8[0;33;5;43;103m:::[0;1;33;93;43m@[0;1;30;90;47m8888888888888888888888888888888888888[0;31;5;40;100mX[0m
[0;31;5;40;100mX[0;1;30;90;47m88888888888888[0;1;37;97;47m       [0;1;30;90;47m88:@8;@8[0;1;37;97;47m  [0;1;30;90;47m8[0;37;43m@[0;33;5;43;103mX[0;37;5;43;103mS%%[0;33;5;43;103m.:[0;37;43mS[0;1;30;90;47m8[0;1;37;97;47m [0;1;30;90;47m888888888888888888888888888888888888[0;31;5;40;100mX[0m
[0;31;5;40;100mS[0;1;30;90;47m8888888888888[0;1;37;97;47m       [0;1;30;90;47m88@@%8X;@[0;1;37;97;47m [0;1;30;90;43m8[0;37;5;43;103mSSSSS[0;1;33;93;43m8[0;37;43m8[0;1;30;90;47m88[0;1;37;97;47m   [0;1;30;90;47m88888888888888888888888888888888888[0;31;5;40;100mX[0m
[0;31;5;40;100mS[0;1;30;90;47m888888888888[0;1;37;97;47m             [0;1;30;90;47m@8St@[0;33;47m8[0;37;5;43;103m@XX[0;33;5;43;103m8[0;1;30;90;47m8[0;1;37;97;47m        [0;1;30;90;47m8888888888888888888888888888888888[0;31;5;40;100mX[0m
[0;31;5;40;100mS[0;1;30;90;47m88888888888[0;1;37;97;47m                 [0;1;30;90;47m;t[0;33;47m@[0;37;5;43;103mXXX[0;37;5;40;100mS[0;1;37;97;47m  [0;1;30;90;47m8888[0;1;37;97;47m    [0;1;30;90;47m888888888888888888888888888888888[0;31;5;40;100mX[0m
[0;31;5;40;100mS[0;1;30;90;47m88888888888[0;1;37;97;47m                 [0;1;30;90;47m8[0;37;5;43;103m8XXXX[0;37;5;40;100mS[0;1;37;97;47m [0;1;30;90;47m8[0;33;5;43;103mX[0;37;5;43;103mSS[0;33;5;43;103m;[0;37;43mS[0;37;5;40;100m@[0;1;30;90;47m8[0;1;37;97;47m  [0;1;30;90;47m88888888888888888888888888888888[0;31;5;40;100mX[0m
[0;31;5;40;100mS[0;1;30;90;47m88888888888[0;1;37;97;47m                 [0;1;30;90;47m8[0;37;5;43;103m@XXXX[0;37;43m8[0;1;30;90;47m8[0;33;5;43;103mX[0;37;5;43;103mXSSS%[0;33;5;43;103m:[0;1;33;93;43mS[0;33;5;40;100m [0;1;30;90;47m888888888888888888888888888888888[0;31;5;40;100mX[0m
[0;31;5;40;100mS[0;1;30;90;47m8888888888[0;1;37;97;47m                  [0;1;30;90;47m8[0;37;5;43;103m8XXXXXXXXSSSS%[0;33;5;43;103m:;[0;1;30;90;43m8[0;1;30;90;47m88888888888888888888888888888888[0;31;5;40;100mX[0m
[0;31;5;40;100mS[0;1;30;90;47m8888888888[0;1;37;97;47m                  [0;1;30;90;47mX[0;1;33;93;47m8[0;37;5;43;103mXXXXXXXXSSSS%[0;33;5;43;103m:::@[0;33;5;40;100m;[0;1;30;90;47m888888888888888888888888888888[0;31;5;40;100mX[0m
[0;31;5;40;100mS[0;1;30;90;47m8888888888[0;1;37;97;47m                   [0;33;5;40;100mt[0;37;5;43;103mXXXXXXXXSSSS%[0;33;5;43;103m::::t[0;1;30;90;43m8[0;1;30;90;47m88888888888888888888888888888[0;31;5;40;100mX[0m
[0;31;5;40;100mS[0;1;30;90;47m88888888888[0;1;37;97;47m                  [0;37;5;40;100m%[0;37;43m@[0;37;5;43;103mXXXXXXSSSS%[0;33;5;43;103m.::::::[0;1;30;90;43m@[0;37;5;40;100mt[0;1;30;90;47m888888888888888888888888888[0;31;5;40;100mX[0m
[0;31;5;40;100mS[0;1;30;90;47m88888888888[0;1;37;97;47m                  [0;1;30;90;47m8[0;33;5;40;100m.[0;37;5;43;103m@XXXXX[0;1;33;93;43m8[0;33;5;43;103m88[0;37;5;43;103mS%[0;33;5;43;103m:::::::;[0;1;33;93;43m@[0;33;5;40;100m:[0;1;30;90;47m88888888888888888888888888[0;31;5;40;100mX[0m
[0;31;5;40;100mX[0;1;30;90;47m888888888888[0;1;37;97;47m                  [0;1;30;90;47m8[0;33;5;40;100m;[0;37;5;43;103mXXXX[0;1;30;90;43m8[0;37;5;43;103mSS[0;33;5;43;103m;[0;1;33;93;43m@@[0;33;5;43;103m;:::::;;;X[0;33;5;40;100m%[0;1;30;90;47m8888888888888888888888888[0;31;5;40;100m@[0m
[0;31;5;40;100m8[0;1;30;90;47m8888888888888[0;1;37;97;47m                  [0;33;5;40;100m [0;1;30;90;43m8[0;37;5;43;103mSS[0;1;33;93;43mX[0;37;5;43;103mSS[0;33;5;43;103m;;::[0;1;33;93;43mXX[0;33;5;43;103m;:::;;;;S[0;1;30;90;43m8[0;1;30;90;47m888888888888888888888888[0;31;5;40;100m8[0m
[0;31;40m8[0;1;30;90;47m88888888888888[0;1;37;97;47m                  [0;37;5;40;100m%[0;1;30;90;47m8[0;1;33;93;43m@X[0;33;5;43;103mt[0;37;5;43;103m%[0;33;5;43;103m:[0;1;33;93;43mS[0;33;5;43;103m@::;[0;1;33;93;43mS@[0;33;5;43;103m:;;;;;;%[0;1;30;90;43m8[0;1;30;90;47m88888888888888888888888[0;30;41m8[0m
 [0;1;30;90;47m888888888888888[0;1;37;97;47m                   [0;1;30;90;47m8[0;1;30;90;43m88[0;1;33;93;43m8@[0;33;5;43;103mt@[0;1;33;93;43mS[0;33;5;43;103m;::S[0;1;30;90;43mS[0;33;5;43;103mX;;;;;;%[0;1;30;90;43m8[0;1;30;90;47m8888888888888888888888[0m 
 [0;35;5;40;100m [0;1;30;90;47m8888888888888888[0;1;37;97;47m                  [0;1;30;90;47m8[0;33;5;40;100m8[0;33;5;43;103m@:[0;1;33;93;43m@[0;33;5;43;103m8;[0;1;30;90;43mX[0;33;5;43;103m@:;;[0;1;33;93;43m@[0;1;30;90;43m%[0;33;5;43;103mt;;t[0;1;33;93;43mS[0;33;5;43;103m%S[0;33;5;40;100m@[0;1;30;90;47m88888888888888888888[0;35;5;40;100m [0m 
 [0;31;5;40;100m@[0;1;30;90;47m888888888888888888[0;1;37;97;47m                 [0;33;5;40;100m:[0;1;30;90;43m@[0;33;5;43;103m;:S[0;1;33;93;43mSX@[0;1;30;90;43mS[0;33;5;43;103mt;;t[0;1;30;90;43mt[0;1;33;93;43m8[0;33;5;43;103m;;[0;1;33;93;43mX[0;31;5;40;100mX[0;1;30;90;43m8X[0;37;5;40;100m;[0;1;30;90;47m8888888888888888888[0;31;5;40;100mX[0m 
  [0;1;30;90;47m8888888888888888888888[0;1;37;97;47m           [0;1;30;90;47m888[0;1;30;90;43m@X[0;33;5;43;103m::;t[0;1;33;93;43mSS%S[0;33;5;43;103m;;;[0;1;33;93;43m@[0;1;30;90;43m;[0;33;5;43;103m;;[0;1;33;93;43mX[0;33;5;40;100m.[0;1;30;90;47m888888888888888888888[0;31;40mS[0m 
  [0;35;5;40;100m:[0;1;30;90;47m88888888888888888888888888888888888[0;33;5;40;100m%[0;1;30;90;43mSS[0;33;5;43;103mS;;t[0;1;33;93;43mX[0;1;30;90;43mt[0;33;5;43;103m8[0;1;30;90;43mt[0;1;33;93;43mX[0;33;5;43;103m;;%[0;1;30;90;43m;[0;33;5;43;103m%;[0;1;30;90;43mt[0;1;30;90;47m88888888888888888888[0;35;5;40;100m:[0m  
  [0;31;40mX[0;1;30;90;47m888888888888888888888888888888888888[0;1;30;90;43mS[0;33;5;43;103mX[0;1;30;90;43m%[0;33;5;43;103m;;X[0;33;5;40;100m%[0;1;30;90;43m8Xt[0;1;33;93;43mX%SX[0;33;5;43;103mt[0;1;30;90;43m:[0;33;5;43;103m;t[0;33;5;40;100m8[0;1;30;90;47m8888888888888888888[0;31;40m8[0m  
   [0;35;5;40;100mt[0;1;30;90;47m88888888888888888888888888888888888[0;33;5;40;100mt[0;1;30;90;40mS[0;30;5;40;100m8[0;1;30;90;43mX%t[0;35;5;40;100m.[0;1;30;90;47m888[0;33;5;40;100mS[0;1;30;90;43mX:[0;1;33;93;43m@[0;1;30;90;43m:[0;1;33;93;43mX[0;33;5;43;103m;;[0;1;30;90;43m:[0;1;30;90;47m888888888888888888[0;35;5;40;100mt[0m   
    [0;1;30;90;47m888888888888888888888888888888888888[0;1;30;90;40m8X[0;37;5;40;100m;[0;1;30;90;40m@X[0;1;30;90;47m8888888[0;1;30;90;43m8[0;1;33;93;43mX[0;33;5;43;103m@[0;1;30;90;43m:[0;33;5;43;103mSt[0;33;5;40;100m8[0;1;30;90;47m88888888888888888[0m    
    [0;30;41m8[0;1;30;90;47m88888888888888888888888888888888888[0;35;5;40;100m.[0;34;40m;[0;31;5;40;100m%X[0;34;40m:[0;35;5;40;100m.[0;1;30;90;47m88888888[0;1;30;90;43m8[0;1;33;93;43m8%[0;33;5;43;103m%[0;1;30;90;43m:[0;1;30;90;47m8888888888888888[0;30;41m8[0m    
     [0;31;5;40;100m8[0;1;30;90;47m8888888888888888888888888888888888[0;35;5;40;100m [0;34;40m;;[0;35;5;40;100m%[0;34;40m:[0;30;5;40;100m8[0;1;30;90;47m888888888[0;33;5;40;100m [0;1;30;90;43mX[0;33;5;43;103mSt[0;33;5;40;100m8[0;1;30;90;47m88888888888888[0;31;5;40;100m8[0m     
      [0;31;5;40;100mS[0;1;30;90;47m888888888888888888888888888888888[0;35;5;40;100m [0;34;40m::[0;31;5;40;100mX[0;34;40m;:[0;35;5;40;100m.[0;1;30;90;47m8888888888[0;33;5;40;100mt[0;1;30;90;43mtX[0;1;30;90;47m8888888888888[0;35;5;40;100m%[0m      
       [0;35;5;40;100mt[0;1;30;90;47m88888888888888888888888888888888[0;37;5;40;100m;[0;34;40m;[0;1;30;90;40mS[0;35;5;40;100m [0;34;40m;:[0;31;5;40;100m@[0;1;30;90;47m8888888888888888888888888[0;35;5;40;100mt[0m       
        [0;35;5;40;100m%[0;1;30;90;47m88888888888888888888888888888888[0;34;40m;[0;1;30;90;40m8[0;1;30;90;47m8[0;34;40m;;[0;37;5;40;100m;[0;1;30;90;47m888888888888888888888888[0;35;5;40;100m%[0m        
         [0;31;5;40;100m@[0;1;30;90;47m888888888888888888888888888888[0;37;5;40;100m;[0;34;40m;[0;31;5;40;100m@[0;1;30;90;47m8[0;1;30;90;40m%S[0;1;30;90;47m888888888888888888888888[0;31;5;40;100m@[0m         
          [0;31;5;40;100m8[0;1;30;90;47m88888888888888888888888888888[0;35;5;40;100m [0;34;40m:[0;35;5;40;100mt[0;1;30;90;47m8[0;34;40m;[0;1;30;90;40m8[0;1;30;90;47m88888888888888888888888[0;31;5;40;100m8[0m          
            [0;35;5;40;100m [0;1;30;90;47m888888888888888888888888888[0;35;5;40;100m [0;34;40m:[0;35;5;40;100m.[0;1;30;90;47m8[0;34;40m;[0;31;5;40;100m8[0;1;30;90;47m888888888888888888888[0;35;5;40;100m [0m            
             [0;31;5;40;100mX[0;1;30;90;47m88888888888888888888888888[0;35;5;40;100m [0;34;40m:[0;35;5;40;100m [0;37;5;40;100m:[0;34;40m:[0;35;5;40;100m%[0;1;30;90;47m88888888888888888888[0;31;5;40;100mX[0m             
              [0;31;40m@[0;35;5;40;100m [0;1;30;90;47m888888888888888888888888[0;35;5;40;100m;[0;34;40m;[0;1;30;90;47m8[0;35;5;40;100m [0;34;40m:[0;35;5;40;100m:[0;1;30;90;47m888888888888888888[0;35;5;40;100m [0;31;40m@[0m              
                [0;31;5;40;100m8[0;1;30;90;47m88888888888888888888888[0;30;5;40;100m8[0;1;30;90;40mX[0;1;30;90;47m8[0;35;5;40;100m [0;34;40m:[0;35;5;40;100m [0;1;30;90;47m88888888888888888[0;31;5;40;100m8[0m                
                  [0;31;5;40;100mX[0;1;30;90;47m8888888888888[0;37;5;40;100m:;:[0;35;5;40;100m  .[0;31;5;40;100m%[0;1;30;90;40mX[0;34;40m.[0;30;5;40;100m8[0;1;30;90;47m8[0;31;5;40;100m@[0;34;40m;[0;1;30;90;47m8888888888888888[0;31;5;40;100mS[0m                  
                    [0;31;5;40;100mS[0;1;30;90;47m88888888888[0;31;5;40;100m@[0;1;30;90;40m8[0;30;5;40;100m8[0;1;30;90;40m88[0;34;40m;[0;1;30;90;40mX[0;30;5;40;100m8[0;31;5;40;100m8[0;1;30;90;40m8S[0;34;40m.[0;1;30;90;40mX[0;1;30;90;47m88888888888888[0;31;5;40;100mS[0m                    
                      [0;31;5;40;100mX[0;1;30;90;47m888888888[0;35;5;40;100mt[0;31;5;40;100m%[0;35;5;40;100m.[0;31;5;40;100m@[0;1;30;90;40m8[0;30;5;40;100m8[0;1;30;90;40m88[0;31;40m;[0;1;30;90;40m@[0;31;5;40;100m8S[0;35;5;40;100m%[0;31;5;40;100mS[0;35;5;40;100m%[0;1;30;90;47m8888888888[0;31;5;40;100mX[0m                      
                        [0;31;5;40;100m8[0;37;5;40;100m:[0;1;30;90;47m888888888[0;35;5;40;100mt[0;31;5;40;100mX[0;35;5;40;100m; [0;1;30;90;47m888888888888888[0;37;5;40;100m:[0;31;5;40;100m8[0m                        
                          [0;31;40m8[0;35;5;40;100m;[0;1;30;90;47m888888888888888888888888[0;35;5;40;100m;[0;1;30;90;41m@[0m                          
                             [0;31;5;40;100m8[0;35;5;40;100m.[0;1;30;90;47m888888888888888888[0;35;5;40;100m.[0;31;5;40;100m8[0m                             
                                [0;31;5;40;100m8[0;35;5;40;100m [0;1;30;90;47m888888888888[0;35;5;40;100m [0;31;5;40;100m@[0m                                
                                   [0;31;5;40;100m8[0;35;5;40;100m;[0;1;30;90;47m888888[0;35;5;40;100m:[0;31;5;40;100m8[0m                                   
                                      [0;31;40m8[0;31;5;40;100m@@[0;30;41m8[0m                                      
