[0;32;5;40;100m8[0;36;5;40;100m [0;37;5;40;100m;;;;tttttttttttttttttttttttttttttttttttttttttttttt;;;;;[0;36;5;40;100m                      [0;32;5;40;100m8[0m
[0;36;5;40;100mt[0;1;30;90;47m@@@@@@@@@@XXXXXXXXXXXXXX[0;1;37;97;47m        [0;1;30;90;47mXXXXXXXXXXXXXXX@@@@@@@@@@@88888888888888888888[0;36;5;40;100mt[0m
[0;36;5;40;100mt[0;1;30;90;47m@@@@@@@@XXXXXXXXXX[0;1;37;97;47m                     [0;1;30;90;47mXXXXXXXXXX@@@@@@@@@@8888888888888888888[0;36;5;40;100mt[0m
[0;36;5;40;100mt[0;1;30;90;47m@@@@@@XXXXXXXXX[0;1;37;97;47m                           [0;1;30;90;47mXXXXXXXXX@@@@@@@@@@88888888888888888[0;36;5;40;100mt[0m
[0;36;5;40;100mt[0;1;30;90;47m@@@@XXXXXXXX[0;1;37;97;47m                       [0;1;30;90;47m@[0;36;5;40;100m [0;32;5;40;100m@[0;32;40m88[0;32;5;40;100m8[0;36;5;40;100m [0;1;30;90;47m8[0;1;37;97;47m  [0;1;30;90;47mXXXXXXXX@@@@@@@@@8888888888888888[0;36;5;40;100mt[0m
[0;36;5;40;100mt[0;1;30;90;47m@@@XXXXXXX[0;1;37;97;47m                        [0;36;5;40;100m [0;1;30;90;40m8[0;1;30;90;42mXSSSSS[0;1;30;90;40mX[0;36;5;40;100m [0;1;37;97;47m   [0;1;30;90;47mXXXXXXX@@@@@@@@@888888888888888[0;36;5;40;100mt[0m
[0;36;5;40;100mt[0;1;30;90;47m@@XXXXXX[0;1;37;97;47m                         [0;36;5;40;100m:[0;1;30;90;40m@[0;1;30;90;42mXXXXXSSS[0;32;40m@[0;36;5;40;100m%[0;1;37;97;47m   [0;1;30;90;47mXXXXXXX@@@@@@@@@88888888888888[0;36;5;40;100mt[0m
[0;36;5;40;100mt[0;1;30;90;47m@XXXXXX[0;1;37;97;47m                         [0;37;5;40;100mS[0;1;30;90;40m8[0;1;30;90;42m8[0;36;5;40;100m [0;1;30;90;42m8@XXXX[0;36;5;40;100m.[0;1;30;90;42m@[0;32;40m@[0;36;5;40;100m [0;1;37;97;47m    [0;1;30;90;47mXXXXXX@@@@@@@@@8888888888888[0;36;5;40;100mt[0m
[0;36;5;40;100mt[0;1;30;90;47mXXXXXX[0;1;37;97;47m                          [0;30;5;40;100m@[0;1;30;90;42m8[0;32;5;40;100mS[0;1;30;90;42m88@@@@X88S[0;1;30;90;40m@[0;1;30;90;47mX[0;1;37;97;47m    [0;1;30;90;47mXXXXXX@@@@@@@@8888888888888[0;36;5;40;100mt[0m
[0;36;5;40;100mt[0;1;30;90;47mXXXXX[0;1;37;97;47m                          [0;1;30;90;47m@[0;30;5;40;100m8[0;1;30;90;42m8888888@@@XX[0;1;30;90;40mX[0;1;30;90;47m8[0;1;37;97;47m     [0;1;30;90;47mXXXXXX@@@@@@@@888888888888[0;36;5;40;100mt[0m
[0;36;5;40;100mt[0;1;30;90;47mXXXX[0;1;37;97;47m                           [0;1;30;90;47m8[0;30;5;40;100m8[0;1;30;90;42m88888888@@@X[0;32;40m@[0;37;5;40;100mS[0;1;37;97;47m      [0;1;30;90;47mXXXXXX@@@@@@@@88888888888[0;36;5;40;100mt[0m
[0;36;5;40;100mt[0;1;30;90;47mXXX[0;1;37;97;47m                             [0;32;5;40;100m%[0;1;30;90;42m8888888888@@[0;1;30;90;40m8[0;1;30;90;47mX[0;1;37;97;47m       [0;1;30;90;47mXXXXX@@@@@@@@88888888888[0;36;5;40;100mt[0m
[0;36;5;40;100mt[0;1;30;90;47mXX[0;1;37;97;47m                              [0;1;30;90;47m@[0;32;5;40;100mX[0;1;30;90;42m8888888888[0;1;30;90;40m8[0;1;30;90;47m8[0;1;37;97;47m        [0;1;30;90;47mXXXXXX@@@@@@@88888888888[0;36;5;40;100mt[0m
[0;36;5;40;100m;[0;1;30;90;47mXX[0;1;37;97;47m                               [0;37;5;40;100mX[0;32;5;40;100m@[0;1;30;90;42m888888888[0;36;5;40;100m [0;1;37;97;47m          [0;1;30;90;47mXXXXX@@@@@@@@8888888888[0;36;5;40;100mt[0m
[0;36;5;40;100m;[0;1;30;90;47mXX[0;1;37;97;47m                         [0;1;30;90;47mX[0;37;5;40;100mS[0;36;5;40;100m    [0;37;5;40;100mS[0;30;5;40;100mX[0;32;5;40;100mX@@[0;1;30;90;42m88888[0;1;30;90;40m8[0;36;5;40;100m ;t;%:[0;37;5;40;100mS[0;1;30;90;47mX[0;1;37;97;47m   [0;1;30;90;47mXXXXX@@@@@@@@8888888888[0;36;5;40;100mt[0m
[0;36;5;40;100m;[0;1;30;90;47mX[0;1;37;97;47m                  [0;1;30;90;47mX88[0;37;5;40;100mS%[0;36;5;40;100m   [0;1;30;90;47m:[0;37;5;47;107m8.  ;@[0;1;37;97;47mX:[0;1;30;90;47m;@[0;37;5;40;100m@@[0;1;30;90;47m8%.[0;1;37;97;47mt8[0;37;5;47;107m%:;;[0;1;37;97;47m8[0;1;30;90;47mX[0;36;5;40;100mt[0;32;5;40;100m@%[0;36;5;40;100m%;. [0;1;30;90;47m88X@@@@@@@8888888888[0;36;5;40;100mt[0m
[0;36;5;40;100m;[0;1;30;90;47mX[0;1;37;97;47m               [0;1;30;90;47m8[0;36;5;40;100m:[0;32;5;40;100mXXXSS[0;36;5;40;100m% [0;1;37;97;47mS[0;37;5;47;107m. [0;1;37;97;47m8[0;1;30;90;47mt8[0;37;5;40;100mtS8[0;1;30;90;47m8@%; .;X8[0;37;5;40;100mX[0;36;5;40;100m  ;.[0;37;5;40;100m8[0;1;37;97;47mt[0;37;5;47;107m;;[0;1;37;97;47m:[0;32;5;40;100mX[0;1;30;90;42m%tt[0;30;42mX8[0;32;40mX[0;30;5;40;100m8[0;36;5;40;100m.[0;1;30;90;47m8@@@@@8888888888[0;36;5;40;100mt[0m
[0;36;5;40;100m;[0;1;30;90;47mX[0;1;37;97;47m             [0;36;5;40;100m [0;32;5;40;100m@8[0;1;30;90;42m888[0;32;5;40;100mXSS[0;1;30;90;47mX[0;37;5;47;107m: @[0;1;30;90;47m8[0;36;5;40;100m;;;t%%[0;32;5;40;100mSSX[0;1;30;90;42m888888888@@XX[0;36;5;40;100m;[0;1;37;97;47mX[0;37;5;47;107m;%[0;37;5;40;100mX[0;30;42m8[0;1;30;90;42mt;;;:[0;30;42m@[0;32;40mS[0;36;5;40;100m%[0;1;30;90;47m8@@@8888888888[0;36;5;40;100mt[0m
[0;36;5;40;100m;[0;1;30;90;47mX[0;1;37;97;47m           [0;1;30;90;47m@[0;32;5;40;100mX8[0;1;30;90;42m88888[0;32;5;40;100mXS[0;1;30;90;47mS[0;37;5;47;107m  [0;1;37;97;47m [0;36;5;40;100m;;;;tt%[0;32;5;40;100mSSXX[0;1;30;90;42m888888888[0;1;30;90;40m@[0;1;30;90;42m@XXSX[0;1;30;90;47m8[0;37;5;47;107mtt[0;1;30;90;47m8[0;30;42mX[0;1;30;90;42m;;;:::[0;30;42m@[0;32;40mS[0;1;30;90;47m8@@8888888888[0;36;5;40;100mt[0m
[0;36;5;40;100m;[0;1;30;90;47mX[0;1;37;97;47m          [0;1;30;90;47m8[0;30;5;40;100m8[0;1;30;90;42m8888888[0;32;5;40;100mX[0;36;5;40;100m [0;37;5;47;107m..[0;1;30;90;47m8[0;36;5;40;100m%%ttt%%[0;32;5;40;100mSSSX[0;1;30;90;42m8888888888@XXXSS%[0;36;5;40;100m [0;37;5;47;107mtt[0;36;5;40;100m:[0;1;30;90;42mt;;::::[0;30;42mt[0;32;40mt[0;1;30;90;47m8@8888888888[0;36;5;40;100mt[0m
[0;36;5;40;100mt[0;1;30;90;47mXX[0;1;37;97;47m         [0;32;5;40;100mX[0;1;30;90;42m88888888[0;32;5;40;100m@[0;1;37;97;47mS[0;37;5;47;107m [0;1;37;97;47m.[0;32;5;40;100mSSS%%%SSSSXX@@88[0;1;30;90;42m8888[0;32;5;40;100m8[0;1;30;90;42m@@XXSSS%%[0;1;30;90;47m@[0;37;5;47;107mt[0;1;37;97;47mt[0;32;40m@[0;1;30;90;42m;;:::::[0;30;42mS[0;32;40m%[0;1;30;90;47m88888888888[0;36;5;40;100mt[0m
[0;36;5;40;100m%[0;1;30;90;47mXX[0;1;37;97;47m        [0;1;30;90;47m8[0;1;30;90;40m@[0;1;30;90;42m88888[0;32;5;40;100m8@[0;36;5;40;100m;%[0;37;5;47;107m.;[0;36;5;40;100m;[0;32;5;40;100mXXXSSSXXXX[0;1;30;90;42m88888888888[0;32;5;40;100m8[0;1;30;90;42m@XXSS%%%X[0;37;5;47;107m8t[0;1;30;90;40m8[0;30;5;40;100m8[0;32;40m8[0;30;42m8t[0;1;30;90;42m::::[0;32;40mt[0;36;5;40;100m [0;1;30;90;47m8888888888[0;36;5;40;100m%[0m
[0;32;5;40;100m@[0;1;30;90;47mXXX[0;1;37;97;47m       [0;1;30;90;47mX[0;36;5;40;100m;[0;30;5;40;100m8[0;32;5;40;100m88[0;36;5;40;100m;[0;37;5;40;100m%[0;1;30;90;47m8[0;1;37;97;47m [0;1;30;90;47m8[0;36;5;40;100m [0;37;5;47;107m [0;1;37;97;47m:[0;32;5;40;100m@[0;1;30;90;42m8888[0;32;5;40;100mXX@@[0;1;30;90;42m888888888888@@XXSS%%%tt[0;1;30;90;47m@[0;37;5;47;107mt[0;36;5;40;100m  [0;1;30;90;47m@8[0;36;5;40;100m.[0;32;5;40;100m8[0;32;40m8@X[0;32;5;40;100m8[0;1;30;90;47m88888888888[0;32;5;40;100m@[0m
[0;1;30;90;40m@[0;1;30;90;47mXXX[0;1;37;97;47m                [0;1;30;90;47m8[0;37;5;40;100m8[0;37;5;47;107m.[0;1;30;90;47m8[0;32;5;40;100m888@@@@@8[0;1;30;90;42m8888888888@@@XX[0;30;42m8[0;1;30;90;42mSS%[0;30;42mX@@S[0;36;5;40;100m [0;37;5;47;107mt[0;37;5;40;100m@[0;36;5;40;100m [0;1;30;90;47m@@@@@88@88888888888[0;30;5;40;100m8[0m
 [0;1;30;90;47m@XXX[0;1;37;97;47m               [0;1;30;90;47m8[0;37;5;40;100m8[0;37;5;47;107m.[0;37;5;40;100mS[0;1;30;90;42m88888888[0;32;5;40;100m88[0;1;30;90;42m88888888@@@XXXSS%%%ttt[0;36;5;40;100mt[0;37;5;47;107mt[0;37;5;40;100m8[0;36;5;40;100m [0;1;30;90;47m@@@@@@@888888888888[0m 
 [0;1;30;90;47m8XXXX[0;1;37;97;47m              [0;1;30;90;47m8[0;36;5;40;100m [0;37;5;47;107m:[0;37;5;40;100mX[0;1;30;90;42m8888888888[0;32;5;40;100m8[0;1;30;90;42m88888@@@XXXXSS%%%ttt;[0;36;5;40;100m:[0;37;5;47;107mt[0;36;5;40;100m  [0;1;30;90;47m@@@@@@@888888888888[0m 
 [0;32;5;40;100m%[0;1;30;90;47mXXXXX[0;1;37;97;47m             [0;1;30;90;47m@[0;36;5;40;100m%[0;37;5;47;107m:[0;1;30;90;47mS[0;1;30;90;42m8888888888[0;32;5;40;100m8[0;1;30;90;42m888@@@@XXX[0;32;40m8[0;1;30;90;42mS%%%tttt;;[0;37;5;40;100mS[0;37;5;47;107mt[0;30;5;40;100mX[0;1;30;90;47m8@@@@@@888888888888[0;36;5;40;100mt[0m 
  [0;1;30;90;47m@XXXXX[0;1;37;97;47m             [0;32;5;40;100mX[0;37;5;47;107m8[0;1;37;97;47mS[0;1;30;90;42m8@88888888@@@@XXXXSSSS[0;30;42m8[0;1;30;90;42m%%tttt;;[0;30;42m8[0;1;30;90;47m.[0;37;5;47;107m@[0;1;30;90;40mX[0;1;30;90;47m@@@@@@8888888888888[0;32;40mS[0m 
  [0;36;5;40;100m [0;1;30;90;47mXXXXXXX[0;1;37;97;47m           [0;36;5;40;100m [0;1;30;90;47m8[0;37;5;47;107m;[0;36;5;40;100m%[0;1;30;90;42m@@@@@@@@@XXXXXXSSSS%%%%[0;30;42m8[0;1;30;90;42mtt;;;;[0;1;30;90;40m8[0;37;5;47;107mS[0;1;30;90;47m@[0;36;5;40;100m;[0;1;30;90;47m@@@@@@888888888888[0;36;5;40;100m [0m  
  [0;32;40mS[0;1;30;90;47m@XXXXXXXX[0;1;37;97;47m         [0;1;30;90;47mX[0;30;5;40;100m8[0;37;5;47;107m@[0;1;30;90;47m [0;32;40m@[0;1;30;90;42mXXXXXXXXXXSSSSS%%%%%t[0;30;42m@@[0;1;30;90;42mt[0;30;42mS@88[0;32;40mS[0;1;30;90;47mt[0;37;5;47;107mX[0;1;30;90;40m@[0;1;30;90;47m8@@@@@8888888888888[0;1;30;90;40m@[0m  
   [0;36;5;40;100m.[0;1;30;90;47m@@XXXXXXXX[0;1;37;97;47m        [0;36;5;40;100m  [0;37;5;47;107m;[0;36;5;40;100m [0;1;30;90;42mSSSSSSS[0;30;42m8[0;1;30;90;42mSSSS%%%%%ttt[0;32;40m8[0;1;30;90;42mt;;;;:[0;30;42m%[0;36;5;40;100m [0;37;5;47;107mt[0;36;5;40;100m t[0;1;30;90;47m@@@@@8888888888888[0;36;5;40;100m [0m   
    [0;1;30;90;47m8@@XXXXXXXXX[0;1;37;97;47m      [0;1;30;90;47mS[0;30;5;40;100m8[0;1;30;90;47m%[0;37;5;47;107m%[0;36;5;40;100m.[0;1;30;90;42mS%%%%%S[0;32;40m@[0;30;42m8@@@XX@888[0;32;40mX[0;30;42mS[0;1;30;90;42m;;;;:;[0;32;5;40;100mX[0;37;5;47;107mX[0;1;30;90;47mt[0;1;30;90;40mX[0;1;30;90;47m8@@@888888888888888[0m    
    [0;30;5;40;100m8[0;1;30;90;47m@@@@XXXXXXXXXXX[0;1;37;97;47m  [0;1;30;90;47m@[0;1;30;90;40m@[0;32;40m%[0;1;30;90;47m [0;37;5;47;107mS[0;36;5;40;100m [0;1;30;90;42m%%%%%[0;30;42m8[0;1;30;90;42m%tttttttt;;;[0;30;42m8[0;1;30;90;42m;;::;[0;36;5;40;100m;[0;37;5;47;107m@[0;1;30;90;47m [0;32;40mt;[0;1;30;90;47m8@@888888888888888[0;30;5;40;100m8[0m    
     [0;32;5;40;100mS[0;1;30;90;47m@@@@@@XXXXXXXXXX[0;36;5;40;100m [0;32;40m%[0;1;30;90;42mt[0;32;40m@[0;1;30;90;47mt[0;37;5;47;107mt[0;1;30;90;47mX[0;30;42m8@X8S[0;1;30;90;42mttttt;;;;;;;[0;30;42mS[0;32;40m8[0;30;42mX8[0;32;40m8[0;37;5;40;100m8[0;37;5;47;107m%[0;1;30;90;47m:[0;32;40mX[0;1;30;90;42m:[0;32;40m%[0;36;5;40;100m:[0;1;30;90;47m@888888888888888[0;32;5;40;100mS[0m     
      [0;36;5;40;100m:[0;1;30;90;47m@@@@@@@XXXXXXXX[0;32;5;40;100m@[0;32;40m8[0;1;30;90;42m;;[0;30;42m8[0;37;5;40;100mX[0;37;5;47;107m%[0;1;37;97;47m@[0;36;5;40;100mt[0;1;30;90;42mt;[0;30;42m%8[0;1;30;90;42m;;;;;;;;::[0;30;42m8X[0;1;30;90;42m::[0;32;5;40;100mX[0;1;37;97;47mS[0;37;5;47;107m%[0;37;5;40;100m8[0;32;40m8[0;1;30;90;42m::[0;30;42m8[0;1;30;90;40m8[0;1;30;90;47m888888888888888[0;36;5;40;100m:[0m      
       [0;36;5;40;100m [0;1;30;90;47m@@@@@@@@@@XXXX[0;30;5;40;100m8[0;30;42m8[0;1;30;90;42m;;;[0;30;42m%[0;32;5;40;100mX[0;1;37;97;47mS[0;37;5;47;107mt[0;1;37;97;47m.[0;36;5;40;100m:[0;30;42mS[0;32;40m8[0;30;42m8888@@8888[0;32;40m@[0;30;42mS[0;36;5;40;100m%[0;1;30;90;47m.[0;37;5;47;107m%[0;1;37;97;47mS[0;32;5;40;100m%[0;30;42mS[0;1;30;90;42m:::[0;30;42m8[0;1;30;90;40mX[0;1;30;90;47m88888888888888[0;36;5;40;100m [0m       
        [0;36;5;40;100m:[0;1;30;90;47m@@@@@@@@@@@@@[0;32;5;40;100mS[0;32;40m8[0;1;30;90;42m:::::[0;30;42m8[0;36;5;40;100m [0;1;37;97;47mS[0;37;5;47;107mt8[0;1;30;90;47m@[0;36;5;40;100mt[0;30;42mX;[0;1;30;90;42m:;::[0;30;42m;X[0;36;5;40;100m%[0;1;30;90;47m8[0;1;37;97;47m8[0;37;5;47;107m%[0;1;37;97;47mX[0;36;5;40;100m [0;32;40m8[0;1;30;90;42m:::::[0;32;40m8[0;32;5;40;100m8[0;1;30;90;47m8888888888888[0;36;5;40;100m.[0m        
         [0;36;5;40;100m%[0;1;30;90;47m@@@@@@@@@@@@8[0;32;40m;[0;1;30;90;42m::::::[0;30;42m8[0;1;30;90;40mS[0;36;5;40;100m:[0;1;30;90;47mt[0;37;5;47;107mXtS[0;1;37;97;47m;[0;1;30;90;47m8[0;36;5;40;100m  [0;1;30;90;47m8[0;1;37;97;47m:[0;37;5;47;107mX%X[0;1;30;90;47m;[0;36;5;40;100m.[0;1;30;90;40mX[0;30;42m8[0;1;30;90;42m:::..:[0;32;40m;[0;36;5;40;100m [0;1;30;90;47m888888888888[0;36;5;40;100m%[0m         
          [0;32;5;40;100m8[0;1;30;90;47m8@@@@@@@@@@@[0;32;5;40;100mS[0;32;40m@[0;1;30;90;42m:::::[0;30;42m8[0;32;5;40;100mS[0;1;30;90;47m@[0;37;5;40;100mt[0;36;5;40;100m%:[0;37;5;40;100mS[0;1;30;90;47m;[0;1;37;97;47m8[0;37;5;47;107m%%[0;1;37;97;47m8[0;1;30;90;47m:[0;37;5;40;100mX[0;36;5;40;100m:[0;32;5;40;100m%[0;36;5;40;100m [0;1;30;90;47m8[0;36;5;40;100m%[0;30;42m8[0;1;30;90;42m:...:[0;32;40mX[0;32;5;40;100m8[0;1;30;90;47m888888888888[0;32;5;40;100m8[0m          
            [0;37;5;40;100m%[0;1;30;90;47m88@@@@@@@@8[0;32;5;40;100mS[0;32;40mS[0;1;30;90;42m::::[0;32;40m8[0;32;5;40;100mS[0;1;30;90;47m@@@@8[0;37;5;40;100m;[0;32;40mS[0;30;42m88[0;32;40mS[0;36;5;40;100m [0;1;30;90;47m88888[0;36;5;40;100mt[0;32;40m8[0;1;30;90;42m...[0;30;42m:[0;32;40mS[0;32;5;40;100m@[0;1;30;90;47m88888888888[0;37;5;40;100mt[0m            
             [0;36;5;40;100mt[0;1;30;90;47m8888888@@@@[0;36;5;40;100m [0;32;40mS[0;30;42m8[0;1;30;90;42m:[0;30;42m;[0;32;40m;[0;36;5;40;100m [0;1;30;90;47m@@@@@@8[0;30;42m88[0;37;5;40;100m%[0;1;30;90;47m888888[0;37;5;40;100mt[0;32;40m;[0;30;42mt[0;1;30;90;42m.[0;30;42m8[0;32;40m%[0;36;5;40;100m [0;1;30;90;47m88888888888[0;36;5;40;100mt[0m             
              [0;1;30;90;40mX[0;37;5;40;100m%[0;1;30;90;47m88888888888[0;36;5;40;100m.[0;32;5;40;100m88[0;36;5;40;100m [0;1;30;90;47m88888888[0;37;5;40;100m%t[0;1;30;90;47m88888888[0;36;5;40;100m [0;32;5;40;100m8[0;30;5;40;100m8[0;36;5;40;100m;[0;1;30;90;47m88888888888[0;37;5;40;100mt[0;1;30;90;40mX[0m              
                [0;32;5;40;100m8[0;1;30;90;47m8888888888888888888888888888888888888888888888[0;32;5;40;100m@[0m                
                  [0;36;5;40;100mt[0;1;30;90;47m888888888888888888888888888888888888888888[0;36;5;40;100m;[0m                  
                    [0;36;5;40;100m;[0;1;30;90;47m88888888888888888888888888888888888888[0;36;5;40;100m;[0m                    
                      [0;36;5;40;100mt[0;1;30;90;47m8888888888888888888888888888888888[0;36;5;40;100mt[0m                      
                        [0;32;5;40;100mX[0;1;30;90;47m888888888888888888888888888888[0;32;5;40;100mX[0m                        
                          [0;1;30;90;40m8[0;36;5;40;100m [0;1;30;90;47m888888888888888888888888[0;36;5;40;100m [0;30;5;40;100m8[0m                          
                             [0;32;5;40;100mX[0;37;5;40;100mt[0;1;30;90;47m888888888888888888[0;37;5;40;100mt[0;32;5;40;100mX[0m                             
                                [0;32;5;40;100mS[0;37;5;40;100m%[0;1;30;90;47m8888888888888[0;32;5;40;100mS[0m                                
                                   [0;32;5;40;100mX[0;36;5;40;100m [0;1;30;90;47m888888[0;36;5;40;100m [0;32;5;40;100mX[0m                                   
                                      [0;1;30;90;40m8[0;36;5;40;100m%%[0;30;5;40;100m8[0m                                      
