[0;31;40m8[0;30;41m:[0;1;30;90;41m::::::::::::::::::;;;;;;;;;;;;;;;;;;;:::::::::::::::::.[0;30;41m::::::::::::;;;;;;;;;;[0;31;40m8[0m
[0;30;41mX[0;1;31;91;41mSSSSSSSXXXXXXXXXXXXXXXXXXXXXXXXXXXXXXXXXXXXXXXXXXXSSSSSSSSSSSSS%%%%%%%%%tttttt[0;30;41mX[0m
[0;30;41mX[0;1;31;91;41mSSSSSXXXXXXXXXXXXXXXXXXXXXXXXXXXXXXXXXXXXXXXXXXXXXXXSSSSSSSSSSSS%%%%%%%%%ttttt[0;30;41mX[0m
[0;30;41mX[0;1;31;91;41mSSSXXXXXXXXXXXXXXXXXX@@@@@@@@@@@@@@@XXXXXXXXXXXXXXXXXSSSSSSSSSSSS%%%%%%%%%tttt[0;30;41mX[0m
[0;30;41mX[0;1;31;91;41mSSXXXX[0;1;33;93;43m.[0;33;5;43;103mSSSSSS%%%%%%%%%%%%%%%%%%%%%%%%%%%%%%%SSSSSSSSSSSSSS[0;1;33;93;43mSSSSSSSS%%%%%.[0;1;31;91;41m%%%ttt[0;30;41mX[0m
[0;30;41mX[0;1;31;91;41mXXXXXX[0;33;5;43;103mS;;;;;;;;;;;;;;:::::::::::::::;;;;;;;;;;;;;;;;;;;;;tttttttttt%%%%[0;1;33;93;43mX[0;1;31;91;41m%%%%tt[0;30;41mX[0m
[0;30;41mX[0;1;31;91;41mXXXXXX[0;33;5;43;103mS;;;;;;;;;;;:::::::::::::::::::::;;;;;;;;;;;;;;;;;;;tttttttttt%%%[0;1;33;93;43mX[0;1;31;91;41m%%%%%t[0;30;41mX[0m
[0;30;41mX[0;1;31;91;41mXXXXXX[0;33;5;43;103mS;;;;;%SSSSSSSSSS%%%%%[0;37;5;43;103mX[0;33;5;43;103m%%%%%SSSSSSSSSSSSXXXXXXXXXXXXXXXX@@@Xttt%%X[0;1;31;91;41m%%%%%t[0;30;41mX[0m
[0;30;41mX[0;1;31;91;41mXXXXXX[0;33;5;43;103mS;;;;;[0;35;5;40;100m [0;34;5;44;104m888888@@@@@@@@@@@@@@@@@@@8888888888888888888888[0;1;34;94;44m88888[0;35;5;40;100mS[0;33;5;43;103mttt%%X[0;1;31;91;41m%%%%%%[0;30;41mX[0m
[0;30;41mX[0;1;31;91;41mXXXXXX[0;33;5;43;103mS;;;;;[0;35;5;40;100m [0;34;5;44;104m888@@@@@@@@@@[0;1;34;94;44m8[0;34;5;44;104mXXX@@@@@@@@@@888888888888[0;1;34;94;44m@[0;34;5;44;104m88888888[0;1;34;94;44m8888[0;35;5;40;100m%[0;33;5;43;103mtttt%X[0;1;31;91;41m%%%%%%[0;30;41mX[0m
[0;30;41mX[0;1;31;91;41mXXXXXX[0;33;5;43;103mS;;;;:[0;35;5;40;100m [0;34;5;44;104m88@@@@@@8[0;1;30;90;44m8[0;36;5;40;100m.[0;1;30;90;47m88[0;36;5;40;100mt[0;34;5;44;104mXXXXXXXX@@@@@@@888888[0;1;34;94;44mX[0;1;30;90;44m8[0;36;5;40;100mt .[0;34;5;44;104m88888888[0;1;34;94;44m8888[0;35;5;40;100m%[0;33;5;43;103mtttt%X[0;1;31;91;41m%%%%%%[0;30;41mX[0m
[0;30;41mX[0;1;31;91;41mXXXXXX[0;33;5;43;103m%;;;::[0;37;5;40;100mS[0;34;5;44;104m@@@@@@XXXXXX[0;37;5;40;100m:[0;1;30;90;47m8[0;36;5;40;100m:[0;34;5;44;104mXX8[0;36;5;40;100mt.[0;1;34;94;44m8[0;34;5;44;104mXXX@@@@@@88888888[0;1;34;94;44mX[0;36;5;40;100m .[0;1;34;94;44m8[0;34;5;44;104m8[0;1;34;94;44m8@@[0;1;30;90;44m8[0;1;34;94;44m8[0;34;5;44;104m8[0;1;34;94;44m888[0;35;5;40;100m%[0;33;5;43;103mtttttX[0;1;31;91;41m%%%%%%[0;30;41mX[0m
[0;30;41mX[0;1;31;91;41mXXXXX@[0;33;5;43;103m%;;:::[0;37;5;40;100mX[0;34;5;44;104m@@@@@XXX@8[0;36;5;40;100m. [0;1;30;90;47m8[0;1;37;97;47m.[0;1;30;90;47m;[0;1;37;97;47m t8t[0;36;5;40;100m.[0;34;5;44;104mXXXXXX@@@@@8888[0;1;34;94;44m88[0;1;30;90;44m8[0;36;5;40;100mt[0;1;30;90;47mXX8t[0;1;37;97;47m.t[0;36;5;40;100m [0;1;34;94;44m@[0;34;5;44;104m88[0;1;34;94;44m888[0;35;5;40;100m%[0;33;5;43;103mtttttS[0;1;31;91;41m%%%%%%[0;30;41mX[0m
[0;30;41mX[0;1;31;91;41mXXXXX@[0;33;5;43;103m%;::::[0;37;5;40;100mX[0;34;5;44;104m@@@@XXX[0;1;30;90;47m8[0;1;37;97;47mX88[0;37;5;47;107mXXXXXX8[0;36;5;40;100m.[0;34;5;44;104mXXXXXXXX@@@@@8[0;1;30;90;44m8[0;1;37;97;47m %S@888888[0;1;30;90;47m8[0;34;5;44;104m88888[0;1;34;94;44m88[0;35;5;40;100m%[0;33;5;43;103mtttttS[0;1;31;91;41m%%%%%%[0;30;41mX[0m
[0;30;41mX[0;1;31;91;41mXXXX@@[0;33;5;43;103m%;::::[0;37;5;40;100mX[0;34;5;44;104m@@@XX@[0;36;5;40;100m:[0;37;5;47;107m@XXXXXSSSS[0;1;37;97;47m:[0;34;5;44;104mSXXXX@XXXX@@@88[0;1;30;90;47mS[0;37;5;47;107m8888[0;1;37;97;47m888888[0;1;30;90;44m8[0;34;5;44;104m8888[0;1;34;94;44m888[0;35;5;40;100m%[0;33;5;43;103mtttttS[0;1;31;91;41m%%%%%%[0;30;41mX[0m
[0;30;41mX[0;1;31;91;41mXXXX@@[0;33;5;43;103m%:::::[0;37;5;40;100m@[0;34;5;44;104m@@[0;36;5;40;100m;[0;1;30;90;47m88[0;37;5;40;100mS[0;1;30;90;47m%[0;37;5;47;107mXXXXSSSSSS[0;1;37;97;47m%[0;36;5;44;104mX@[0;1;30;90;47m888[0;36;5;40;100m.[0;34;5;44;104mXXXX8[0;1;30;90;47m88[0;37;5;40;100m%[0;36;5;40;100mt[0;37;5;47;107m888888[0;1;37;97;47m88888[0;34;5;40;100mS[0;34;5;44;104m8[0;1;34;94;44mX[0;37;5;40;100m:[0;36;5;40;100m::[0;1;34;94;44m88[0;35;5;40;100m%[0;33;5;43;103mtttttS[0;1;31;91;41m%%%%%%[0;30;41mX[0m
[0;30;41mX[0;1;31;91;41mXXXX@@[0;33;5;43;103m%:::::[0;37;5;40;100m@[0;34;5;44;104m@@[0;36;5;40;100m.[0;1;30;90;47m88[0;37;5;40;100m%[0;1;37;97;47m:[0;37;5;47;107mXXXSSSSSSSX[0;1;30;90;47m8[0;36;5;44;104m8[0;1;30;90;47m88X[0;36;5;40;100m:[0;34;5;44;104mXXXX8[0;1;30;90;47m888[0;36;5;40;100m [0;37;5;47;107m888888[0;1;37;97;47m88888[0;1;30;90;47mS[0;1;34;94;44m8[0;1;30;90;44m8[0;36;5;40;100m [0;1;30;90;47m8[0;36;5;40;100m.[0;1;34;94;44m88[0;35;5;40;100m%[0;33;5;43;103mtttttS[0;1;31;91;41m%%%%%%[0;30;41mX[0m
[0;30;41mX[0;1;31;91;41mXXXX@@[0;33;5;43;103m%:::::[0;37;5;40;100m@[0;34;5;44;104m88888[0;36;5;40;100m [0;1;30;90;47mt[0;37;5;47;107mXXXX@@SSSSS[0;1;37;97;47mS[0;36;5;40;100mt[0;36;5;44;104m8[0;34;5;44;104m8[0;34;5;40;100mS[0;36;5;40;100m [0;34;5;44;104m8@@88[0;1;34;94;44m88[0;1;30;90;44m8[0;36;5;40;100m:[0;1;37;97;47m8[0;37;5;47;107m888[0;1;37;97;47m8@888888[0;36;5;40;100m;[0;1;34;94;44m@@@[0;34;5;40;100m8[0;1;34;94;44mX@[0;35;5;40;100m%[0;33;5;43;103mtttttS[0;1;31;91;41m%%%%%%[0;30;41mX[0m
[0;30;41mX[0;1;31;91;41mXXXX@@[0;33;5;43;103m%:::::[0;37;5;40;100m@;[0;1;30;90;47m.[0;1;37;97;47m.:...[0;37;5;47;107m8[0;1;37;97;47m;[0;1;30;90;47m8[0;36;5;40;100mt%t[0;1;37;97;47m [0;37;5;40;100m;[0;1;30;90;47m8%[0;1;37;97;47m:;%;%[0;1;30;90;47m [0;1;37;97;47mt[0;1;30;90;47m.[0;34;5;44;104m@@[0;1;30;90;47mt[0;1;37;97;47m:[0;1;30;90;47m;[0;1;37;97;47m:[0;1;30;90;47m.[0;1;37;97;47m  8[0;1;30;90;47m8[0;1;34;94;44m8[0;1;30;90;44mSS[0;37;5;40;100mS[0;34;5;40;100mSS[0;36;5;40;100m [0;1;30;90;47m8[0;1;37;97;47m [0;1;30;90;47m%S;%;@[0;36;5;40;100m;[0;35;5;40;100m%[0;33;5;43;103mtttttS[0;1;31;91;41m%%%%%%[0;30;41mX[0m
[0;30;41mX[0;1;31;91;41mXXXX@@[0;33;5;43;103m%:::::[0;37;5;40;100m@[0;36;5;40;100m%[0;1;30;90;47m%[0;1;37;97;47mt[0;1;30;90;47m. [0;1;37;97;47m.[0;37;5;40;100mt[0;1;30;90;47m;[0;34;5;44;104m8X[0;34;5;40;100mS%[0;36;5;40;100m%[0;1;37;97;47m.[0;36;5;44;104m@[0;36;5;40;100mt[0;36;5;44;104m8X[0;36;5;40;100m:[0;1;30;90;47mX[0;1;37;97;47m:;:%[0;1;30;90;47m8[0;34;5;44;104m88[0;37;5;40;100mt[0;1;37;97;47mt[0;1;30;90;47m .:8[0;36;5;40;100m [0;37;5;40;100m%[0;34;5;44;104m8[0;1;34;94;44m@[0;1;30;90;44mS[0;1;34;94;44m8[0;1;30;90;47m8[0;1;30;90;44m8[0;1;34;94;44mS%[0;34;5;44;104m88[0;34;5;40;100mS[0;1;30;90;47m%XX.8[0;1;30;90;44m8[0;35;5;40;100m%[0;33;5;43;103mtttttS[0;1;31;91;41m%%%%%%[0;30;41mX[0m
[0;30;41mX[0;1;31;91;41mXXXX@@[0;33;5;43;103mS;::::[0;37;5;40;100mX[0;34;5;44;104m@88[0;1;30;90;47m8[0;1;37;97;47m;%@;[0;1;30;90;47m:;[0;1;37;97;47m  [0;1;30;90;47m;[0;1;37;97;47mS  [0;1;30;90;47m;[0;1;37;97;47m S8S[0;1;30;90;47mt[0;37;5;40;100m:[0;34;5;44;104m8@XX@8[0;36;5;40;100m;[0;1;30;90;47mX[0;1;37;97;47m;%;[0;1;30;90;47mt@@88:@888t[0;1;37;97;47m;[0;1;30;90;47m..[0;36;5;40;100m [0;1;34;94;44mX88[0;35;5;40;100m%[0;33;5;43;103mttttt[0;1;33;93;43mX[0;1;31;91;41m%%%%%%[0;30;41mX[0m
[0;30;41m@[0;1;31;91;41mXXXXX@[0;1;33;93;43mt[0;33;5;43;103m;::::[0;37;5;40;100m8[0;34;5;44;104m@@@@8[0;1;30;90;47m8[0;1;37;97;47mt@8@SSSSSX88S.[0;1;30;90;47m8[0;34;5;44;104mXXXXXX@@@8[0;36;5;40;100m.[0;1;30;90;47mt[0;1;37;97;47m:S%;... .;%;[0;1;30;90;47m.[0;37;5;40;100mS[0;1;34;94;44m@[0;34;5;44;104m8[0;1;34;94;44m888[0;35;5;40;100m;[0;33;5;43;103mttttt[0;1;33;93;43mt[0;1;31;91;41m%%%%%%[0;30;41m@[0m
[0;31;40m8[0;1;31;91;41mXXXXX@[0;1;31;91;43m8[0;33;5;43;103m;;:::[0;1;30;90;47m8[0;34;5;44;104m@@@@@X[0;36;5;40;100m.[0;1;30;90;47m%[0;1;37;97;47m%%%%SSSSSt[0;1;30;90;47m8[0;34;5;44;104m8XXXXXX@@@@@88[0;37;5;40;100m%[0;1;30;90;47m.[0;1;37;97;47m.....  [0;1;30;90;47m  8[0;1;30;90;44m8[0;34;5;44;104m888[0;1;34;94;44m888[0;35;5;40;100m [0;33;5;43;103mttttt[0;1;31;91;43m8[0;1;31;91;41m%%%%%%[0;30;41m8[0m
[0;31;40mS[0;1;31;91;41mXXXXXX[0;1;31;91;43m8[0;33;5;43;103m;;;::[0;33;47m8[0;34;5;44;104m8@@@@@@@[0;36;5;40;100m.[0;1;30;90;47m@[0;1;37;97;47m.%XSt [0;1;30;90;47m8[0;34;5;44;104m8XXXXXX@@@@@@8888[0;1;34;94;44m8[0;37;5;40;100m:[0;1;30;90;47m@[0;1;37;97;47m :: [0;1;30;90;47mt8[0;1;30;90;44m8[0;1;34;94;44m8[0;34;5;44;104m8888[0;1;34;94;44m888[0;1;30;90;43m8[0;33;5;43;103mttttt[0;31;43m@[0;1;31;91;41m%%%%%%[0;31;40mX[0m
 [0;1;31;91;41mSXXXXX@[0;33;5;43;103m;;;;:t[0;34;5;44;104m88@@@@@@@@XXXXXXXXXXX@@@@@@@@8888888888888888888[0;1;34;94;44m8888[0;33;5;43;103m@tttt%[0;1;31;91;41mX%%%%%%[0m 
 [0;1;30;90;41m:[0;1;31;91;41mXXXXXX[0;1;33;93;43mS[0;33;5;43;103m;;;;:[0;35;5;40;100m [0;34;5;44;104m888@@@@@@@@@@@@@@@@@@@[0;1;34;94;44m88[0;36;5;40;100m ;[0;34;5;44;104m88888888888888888888[0;1;34;94;44m8888[0;35;5;40;100mX[0;33;5;43;103mttttt[0;1;33;93;43mS[0;1;31;91;41m%%%%%% [0m 
 [0;30;41m@[0;1;31;91;41mXXXXXX[0;1;31;91;43m8[0;33;5;43;103m;;;;;[0;37;43m8[0;34;5;44;104m88888@@@@@@@@@@@@@@@8[0;1;34;94;44m@8[0;36;5;40;100m%%[0;1;30;90;44m8[0;1;34;94;44m8[0;34;5;44;104m8888888888888888888[0;1;34;94;44m8888[0;1;30;90;43m8[0;33;5;43;103mtttt%[0;31;43mX[0;1;31;91;41m%%%%%%[0;30;41mX[0m 
  [0;1;31;91;41mSXXXXXX[0;33;5;43;103m%;;;;;[0;35;5;40;100m:[0;34;5;44;104m88888888@@@@@@@@@@88888[0;36;5;40;100m;[0;1;30;90;47mt[0;37;5;40;100m@[0;34;5;40;100mS[0;36;5;40;100m.[0;37;5;40;100mt[0;1;30;90;47m8[0;37;5;40;100m%[0;1;30;90;44m8[0;34;5;44;104m888888888888[0;1;34;94;44m8888[0;35;5;40;100mX[0;33;5;43;103mtttt%S[0;1;31;91;41mS%%%%%%[0;31;40mt[0m 
  [0;30;41m;[0;1;31;91;41mXXXXXX[0;1;31;91;43m8[0;33;5;43;103m;;;;;X[0;1;34;94;44m8[0;34;5;44;104m88888888888888888[0;1;30;90;44m8[0;36;5;40;100m [0;1;30;90;47m88;[0;1;37;97;47m:%S888[0;1;30;90;47m%[0;1;34;94;44m8[0;34;5;44;104m888888888888[0;1;34;94;44m88888[0;1;33;93;43mX[0;33;5;43;103mtttt%[0;31;43m@[0;1;31;91;41m%%%%%%[0;30;41m:[0m  
  [0;31;40m%[0;1;31;91;41mSXXXXXX[0;1;33;93;43m%[0;33;5;43;103m;;;;;[0;1;30;90;47m@[0;34;5;44;104m88888888888888888[0;1;30;90;47m@[0;37;5;47;107m888888[0;1;37;97;47m888@[0;1;34;94;44mX[0;34;5;44;104m888888888888[0;1;34;94;44m88888[0;33;5;40;100m [0;33;5;43;103mtttt%[0;1;33;93;43mt[0;1;31;91;41m%%%%%%%[0;31;40mS[0m  
   [0;30;41m%[0;1;31;91;41mXXXXXX@[0;33;5;43;103mt;;;;;[0;35;5;40;100m [0;34;5;44;104m888888888888[0;1;34;94;44m8[0;34;5;44;104m8[0;1;30;90;44m8[0;34;5;40;100mX[0;1;37;97;47m8[0;37;5;47;107m88[0;1;37;97;47m8888888%[0;1;34;94;44m8[0;34;5;44;104m8[0;1;34;94;44m888[0;1;30;90;44m8[0;34;5;44;104m88888[0;1;34;94;44m888888[0;35;5;40;100m;[0;33;5;43;103mtttt%S[0;1;31;91;41mX%%%%%%[0;30;41mt[0m   
    [0;1;31;91;41mtXXXXXX[0;33;41m8[0;33;5;43;103m;;;;;;[0;35;5;40;100m:[0;34;5;44;104m8888888888[0;34;5;40;100mX[0;1;37;97;47mt;[0;1;30;90;47m@[0;37;5;40;100mt[0;1;37;97;47m88888888888[0;1;30;90;44m8[0;34;5;44;104m8[0;1;30;90;47m8[0;1;37;97;47m;:[0;34;5;40;100mX[0;34;5;44;104m8888[0;1;34;94;44m888888[0;35;5;40;100mX[0;33;5;43;103m%ttt%%[0;31;43m8[0;1;31;91;41m%%%%%%;[0m    
    [0;31;40mX[0;1;31;91;41mSXXXXXX[0;1;31;91;43m8[0;33;5;43;103m;;;;;t[0;35;5;40;100m:[0;34;5;44;104m888888888[0;1;34;94;44m8[0;34;5;44;104m8[0;1;34;94;44m8[0;34;5;40;100mX[0;37;5;40;100mt[0;1;37;97;47m88888888888[0;1;30;90;47m:[0;1;34;94;44m8@8@[0;34;5;40;100m8[0;34;5;44;104m88[0;1;34;94;44m8888888[0;35;5;40;100m%[0;33;5;43;103mSttt%%[0;1;31;91;43m8[0;1;31;91;41m%%%%%%t[0;31;40mX[0m    
     [0;30;41m8[0;1;31;91;41mSSSXXXX[0;1;31;91;43m8[0;33;5;43;103m;;;;;;[0;37;5;40;100mS[0;34;5;44;104m888888[0;1;34;94;44mS[0;37;5;40;100m%t[0;36;5;40;100m  [0;37;5;40;100mSX[0;1;37;97;47m%8 [0;1;30;90;47m8[0;36;5;40;100m  [0;1;30;90;47m.8t[0;1;37;97;47mt8%[0;37;5;40;100mS[0;36;5;40;100m   [0;37;5;40;100mX[0;36;5;40;100m [0;1;34;94;44m%888888[0;35;5;40;100m [0;33;5;43;103m%tt%%%[0;1;31;91;43m8[0;1;31;91;41m%%%%%%t[0;30;41m8[0m     
      [0;30;41mS[0;1;31;91;41mSSSSXXX[0;1;31;91;43m8[0;33;5;43;103m;;;;;;[0;37;43m8[0;1;34;94;44m8[0;34;5;44;104m8888[0;1;34;94;44m%[0;1;30;90;47mX8S8S8[0;1;37;97;47m [0;37;5;40;100mt[0;1;34;94;44m8X[0;1;30;90;44m;[0;1;34;94;44m8[0;1;30;90;47mt[0;1;34;94;44mS;@@[0;36;5;40;100m:[0;37;5;40;100m8[0;1;30;90;47mS[0;37;5;40;100m8[0;1;30;90;47mX8@[0;1;30;90;44m8[0;1;34;94;44m88888[0;1;30;90;43m8[0;33;5;43;103mttt%%%[0;1;31;91;43m8[0;1;31;91;41m%%%%%%t[0;30;41m%[0m      
       [0;30;41mt[0;1;31;91;41mSSSSSSX[0;1;31;91;43m8[0;33;5;43;103mt;;;;;@[0;35;5;40;100mX[0;34;5;44;104m8888[0;1;30;90;44m8[0;1;30;90;47m8@[0;1;37;97;47m ;[0;1;30;90;47m88[0;36;5;40;100m%[0;1;34;94;44m@[0;1;30;90;44m8X[0;1;34;94;44m@[0;1;30;90;47mX[0;1;34;94;44m%[0;1;30;90;44m@88[0;36;5;40;100m.[0;1;30;90;47m8[0;1;37;97;47m:[0;1;30;90;47m @8[0;1;30;90;44m8[0;1;34;94;44m8888[0;1;30;90;44m8[0;1;33;93;43mX[0;33;5;43;103mtt%%%%[0;31;43m@[0;1;31;91;41m%%%%%%t[0;30;41mt[0m       
        [0;30;41m%[0;1;31;91;41mSSSSSSS8[0;33;5;43;103m%;;;;;t[0;33;5;40;100m [0;1;34;94;44m8[0;34;5;44;104m8888[0;1;34;94;44m8[0;1;30;90;44m8[0;1;30;90;47m%[0;1;37;97;47m:[0;1;30;90;47m.[0;1;37;97;47m tttttttt [0;1;30;90;47m.[0;1;37;97;47m.[0;1;30;90;47mt[0;34;5;40;100mS[0;1;34;94;44m88888@[0;33;5;40;100m [0;33;5;43;103m%t%%%%S[0;33;41m@[0;1;31;91;41m%%%%%tt[0;30;41m%[0m        
         [0;30;41m@[0;1;31;91;41mSSSSSSSX[0;1;33;93;43m;[0;33;5;43;103mtt;;;;S[0;35;5;40;100m [0;1;34;94;44m8[0;34;5;44;104m8888[0;1;34;94;44m@[0;36;5;40;100m [0;1;37;97;47m.;[0;1;30;90;47m........[0;1;37;97;47m::[0;36;5;40;100m [0;1;34;94;44mX88888[0;35;5;40;100m:[0;33;5;43;103m@t%%%%%[0;1;33;93;43mt[0;1;31;91;41mS%%%%%tt[0;30;41m@[0m         
          [0;31;40m@[0;1;31;91;41mtSSSSSSS[0;1;31;91;43m8[0;33;5;43;103mttttttt[0;1;33;93;43m@[0;35;5;40;100mt[0;1;34;94;44m88888%[0;37;5;40;100m%[0;1;30;90;47m.[0;1;37;97;47mtttttt[0;1;30;90;47m [0;37;5;40;100m%[0;1;34;94;44m%88888[0;35;5;40;100mS[0;1;33;93;43mS[0;33;5;43;103mt%%%%%S[0;31;43mX[0;1;31;91;41m%%%%%%t;[0;31;40m@[0m          
            [0;1;30;90;41m.[0;1;31;91;41mSSSSSSSX[0;1;33;93;43m.[0;33;5;43;103mttttttt[0;1;33;93;43mX[0;35;5;40;100m:[0;1;34;94;44m888888X[0;1;30;90;44m8[0;34;5;40;100mSS[0;1;30;90;44m8[0;1;34;94;44mX888888[0;35;5;40;100m;[0;1;33;93;43mS[0;33;5;43;103m%%%%%%%[0;1;33;93;43m:[0;1;31;91;41mS%%%%%tt[0;30;41m.[0m            
             [0;30;41m@[0;1;31;91;41m%SSSSSSS[0;33;41m8[0;33;5;43;103mSttttttt@[0;35;5;40;100m [0;1;34;94;44m@888888888888@[0;35;5;40;100m [0;1;33;93;43m@[0;33;5;43;103m%%%%%%%X[0;33;41m8[0;1;31;91;41m%%%%%ttt[0;30;41mX[0m             
              [0;31;40m%[0;1;30;90;41m.[0;1;31;91;41mSSSSSSSS[0;31;43mX[0;33;5;43;103mStttttttS[0;1;30;90;43m8[0;35;5;40;100mX[0;1;34;94;44m88888888[0;34;5;40;100m@[0;33;5;40;100m;[0;33;5;43;103mX%%%%%%%S[0;31;43mX[0;1;31;91;41m%%%%%ttt[0;30;41m.[0;31;40m%[0m              
                [0;31;40m8[0;1;31;91;41m;%%%SSSSS[0;31;43m@[0;33;5;43;103mStttttttt@[0;33;5;40;100m.[0;1;30;90;44m8[0;1;34;94;44m88[0;1;30;90;44m8[0;33;5;40;100m [0;1;33;93;43m@[0;33;5;43;103m%%%%%%%%S[0;31;43mX[0;1;31;91;41m%%%%tttt:[0;30;41m8[0m                
                  [0;30;41mX[0;1;31;91;41mt%%%%%%%%[0;31;43m8[0;33;5;43;103mX%%%%%%%%%[0;1;33;93;43m@@[0;33;5;43;103m%%%%%%%%%[0;1;33;93;43mX[0;31;43m@[0;1;31;91;41m%%%%ttttt[0;30;41mX[0m                  
                    [0;30;41mS[0;1;31;91;41mt%%%%%%%%[0;33;41m8[0;1;33;93;43m:[0;33;5;43;103m%%%%%%%%%%%%%%%S[0;1;33;93;43m:[0;33;41m8[0;1;31;91;41m%%%ttttt;[0;30;41mS[0m                    
                      [0;30;41mX[0;1;31;91;41m;%%%%%%%%S[0;31;43mS[0;33;5;43;103mX%%%%%%%%%SX[0;31;43m%[0;1;31;91;41mS%ttttttt;[0;30;41mX[0m                      
                        [0;30;41m8[0;1;31;91;41m.%%%%%%%%%[0;33;41mX[0;1;31;91;43m8[0;33;5;43;103mSSSSSS[0;1;31;91;43m8[0;33;41mX[0;1;31;91;41mttttttttt.[0;30;41m8[0m                        
                          [0;31;40mX[0;30;41mt[0;1;31;91;41mt%%%%%%%%%[0;33;41m8[0;1;31;91;43m88[0;33;41m8[0;1;31;91;41m%ttttttttt[0;30;41m;[0;31;40m@[0m                          
                             [0;30;41m8.[0;1;31;91;41mtttttttttttttttttt[0;30;41m.8[0m                             
                                [0;30;41m8 [0;1;31;91;41mtttttttttttt [0;30;41m@[0m                                
                                   [0;30;41m8;[0;1;31;91;41m;ttttt[0;30;41m:8[0m                                   
                                      [0;31;40mX[0;30;41m@@[0;31;40mX[0m                                      
