[0;34;40mX[0;1;30;90;45m:::::::::::::::;;;;;;;;;;;;;;;;;;;;;;;;[0;1;37;97;47m        [0;1;30;90;47m      .........:::::::::;;;;;;;[0;36;5;40;100m [0m
[0;1;30;90;40m8[0;1;30;90;45m:::::::::::::;;;;;;;;ttttttttttttttt;;;[0;37;5;47;107mtttttttttttt%%%%%%%%SSSSSSSXXXX@@@@@@@@[0;37;5;40;100m8[0m
[0;1;30;90;40m8[0;1;30;90;45m:::::::::::;;;;;tttttttttt%%%%%tttttttt[0;37;5;47;107mtttttttttttttt%%%%%%%SSSSSSSXXXX@@@@@@@[0;37;5;40;100m8[0m
[0;1;30;90;40m8[0;1;30;90;45m::::::::;;;;;tttttt%%%%%%%%%%%%%%%%%%%t[0;37;5;47;107mttttttttttttttt%%%%%%%%SSSSSSXXXX@@@@@@[0;37;5;40;100m8[0m
[0;30;5;40;100mS[0;1;30;90;45m:::::::;;;;ttttt%%%%%SSSSSSSSSSSSSSS%%%[0;37;5;47;107m;tttttttttttttttt%%%%%%%SSSSSSXXXX@@@@@[0;37;5;40;100m8[0m
[0;30;5;40;100mS[0;1;30;90;45m:::::;;;;tttt%%%%SSSSSSXXXXXXXXXXXSSSSS[0;37;5;47;107m;;;ttttttttttttttt%%%%%%%SSSSSSXXXX@@@@[0;37;5;40;100m8[0m
[0;30;5;40;100mS[0;1;30;90;45m::::;;;tttt%%%%SSSSXXXXXX@@@@@@@XXXXXXS[0;37;5;47;107m;;;;;;ttttttttttttt%%%%%%%SSSSSXXXXX@@@[0;37;5;40;100m8[0m
[0;30;5;40;100mS[0;1;30;90;45m::;;;;ttt%%%%SSSXXXX@@@@8[0;1;30;90;47m:[0;1;30;90;45m88888@@@@@@XX[0;37;5;47;107m;;;;;;;tttttt[0;1;37;97;47m;X[0;37;5;47;107mttttt%%%%%%%SSSSSXXXX@@@[0;37;5;40;100m8[0m
[0;30;5;40;100mS[0;1;30;90;45m:;;;;ttt%%%SSSXXX@@@@8888[0;37;5;47;107m@[0;35;47m8[0;1;30;90;47m [0;37;45m8[0;1;30;90;45m8888888@@@[0;37;5;47;107m:;;;;;;;;%[0;1;37;97;47m@[0;1;30;90;47m.[0;1;37;97;47m%[0;1;30;90;45mS[0;1;37;97;47mX[0;37;5;47;107mtttttt%%%%%%SSSSSSXXXX@@[0;37;5;40;100m8[0m
[0;30;5;40;100mS[0;1;30;90;45m:;;;ttt%8[0;1;30;90;47mt.  [0;1;37;97;47m;t%SXX8@8888[0;37;5;47;107m8X[0;1;37;97;47m8[0;37;5;47;107m@[0;1;30;90;47m.[0;1;37;97;47m;[0;1;30;90;45m88888888[0;37;5;47;107m:::;;;;X[0;1;30;90;47mt%[0;1;30;90;45m%%t%8888St888888[0;35;5;40;100m:[0;37;5;40;100m8[0;1;30;90;47m%; [0;37;5;47;107m8SXXXX@@[0;37;5;40;100m8[0m
[0;30;5;40;100mS[0;1;30;90;45m;;;ttt%%%SSXXX@@88[0;1;37;97;47m8[0;37;5;47;107m:S[0;1;37;97;47m@[0;1;30;90;47m [0;1;30;90;45m8[0;1;30;90;47m.[0;37;5;47;107m%[0;1;37;97;47mt[0;37;5;47;107mS[0;1;37;97;47m8[0;1;30;90;45m8888888888[0;37;5;47;107m::::;;;;;@[0;1;30;90;45m8%8%[0;1;30;90;47m [0;37;5;47;107mt[0;1;30;90;47m [0;1;30;90;45m8;:8[0;1;37;97;47m8[0;37;5;47;107m%%%%%%SSSSSSXXXX@[0;37;5;40;100m8[0m
[0;30;5;40;100mS[0;1;30;90;45m;;ttt%%%SSXX@@@88[0;1;30;90;47m:[0;37;5;47;107mS[0;1;37;97;47m8[0;37;5;47;107m@[0;1;37;97;47m8%[0;1;30;90;45m88[0;35;47m8[0;37;5;47;107m8S[0;1;37;97;47mX[0;1;30;90;45m8888888888[0;37;5;47;107m:::::[0;1;30;90;47m [0;37;5;47;107m;;;t[0;1;30;90;47mt[0;1;30;90;45m%8[0;1;37;97;47m;[0;37;5;47;107m8S[0;37;5;40;100m8[0;35;5;40;100m.[0;1;30;90;45m8;;[0;1;30;90;47m [0;37;5;47;107mt%%%%%%SSSSSXXXX@[0;37;5;40;100m8[0m
[0;30;5;40;100mS[0;1;30;90;45m;;tt%%%SSXXX@@8888[0;37;5;47;107m88[0;1;37;97;47m8S[0;1;30;90;47mX[0;1;30;90;45m8[0;35;47m8[0;1;37;97;47mX[0;37;5;47;107mX@[0;35;47m@[0;1;30;90;47m  [0;35;47m@8[0;1;30;90;47m.[0;1;30;90;45m88888[0;37;5;47;107m..@8X[0;35;5;40;100m8[0;1;37;97;47m@X%[0;1;30;90;47m.[0;1;37;97;47mS[0;1;30;90;45mSS8[0;1;37;97;47m;[0;37;5;47;107mS[0;1;30;90;47m.%8[0;1;30;90;45mt%[0;1;37;97;47m%[0;37;5;47;107m@%%%%%%SSSSSSXXX@[0;37;5;40;100m8[0m
[0;30;5;40;100mS[0;1;30;90;45m;ttt%%SSSXX@@888[0;1;37;97;47mS[0;37;5;47;107m88tXX[0;1;37;97;47m8[0;37;5;47;107m%:X[0;1;37;97;47mX@S[0;37;5;47;107m@XS888[0;1;30;90;47m [0;1;30;90;45m888[0;37;5;47;107m..;[0;1;30;90;47m [0;1;30;90;45m88@XX888[0;1;30;90;47mS[0;1;30;90;45mStS@tt;;;8[0;37;5;47;107m8%%%%%%SSSSSXXXX[0;37;5;40;100m8[0m
[0;35;5;40;100m8[0;1;30;90;45m;ttt%%SSXX@@888[0;1;37;97;47m8[0;37;5;47;107m@;%;tt8[0;1;37;97;47m8X[0;1;30;90;47m [0;1;37;97;47m@[0;37;5;47;107m:8[0;1;37;97;47m8[0;1;30;90;47m [0;37;5;47;107m8[0;1;30;90;47m [0;1;37;97;47m@[0;37;5;47;107mX[0;1;37;97;47m%[0;35;47m8[0;1;30;90;45m88[0;37;5;47;107m..[0;1;37;97;47mX[0;1;30;90;47m;[0;1;30;90;45m88[0;1;37;97;47m;[0;1;30;90;45m8[0;1;30;90;47m%[0;1;30;90;45m8XS8[0;1;30;90;47m.t[0;1;30;90;45mS%ttt;;;8[0;37;5;47;107m@%%%%%SSSSSXXXX[0;37;5;40;100m8[0m
[0;35;5;40;100m8[0;1;30;90;45m;tt%%%SSXX@@88[0;1;30;90;47m [0;37;5;47;107m8SS    @[0;35;47m8[0;1;37;97;47m@[0;37;5;47;107m@.S[0;1;37;97;47m8[0;1;30;90;47m  [0;37;5;47;107m8[0;1;37;97;47m;[0;37;5;47;107m8[0;1;37;97;47m S[0;35;47m8[0;1;30;90;45m88[0;37;5;47;107m.:[0;1;37;97;47m8[0;1;30;90;47mS[0;35;5;40;100m [0;1;30;90;45m8[0;1;30;90;47m:[0;1;30;90;45m8[0;1;30;90;47mt[0;1;37;97;47m:[0;1;30;90;45m@S%S[0;1;30;90;47m;[0;1;37;97;47mS[0;1;30;90;45m@;;;:;;;[0;35;5;40;100m:[0;37;5;47;107mS%%%%SSSSSXXXX[0;37;5;40;100m8[0m
[0;35;5;40;100m8[0;1;30;90;45m;tt%%%SSXX@@88[0;1;37;97;47mt[0;37;5;47;107m8[0;1;37;97;47m8[0;37;5;47;107mXt; %[0;35;47m8[0;1;37;97;47mt[0;37;5;47;107m;@@@S[0;1;37;97;47m8[0;37;5;47;107mt S[0;1;37;97;47m8;8[0;1;30;90;47m [0;1;37;97;47m8[0;1;30;90;45m8[0;37;5;47;107mS[0;37;45m8[0;1;30;90;47m [0;1;30;90;45m8[0;1;30;90;47m:[0;35;47m8[0;1;30;90;45m8@X8XXS%%[0;37;5;40;100m8[0;1;37;97;47mX[0;1;30;90;45m8;t;;;;8[0;1;37;97;47m@[0;37;5;47;107m%%%%SSSSSXXXX[0;37;5;40;100m8[0m
[0;35;5;40;100m8[0;1;30;90;45mttt%%SSSXX@@888[0;35;47m8[0;37;5;47;107m%X%@S[0;1;37;97;47mt[0;1;30;90;47mS[0;37;5;47;107m%%8t@. .[0;35;47m8[0;37;45m8[0;1;30;90;47m [0;1;37;97;47mtt%[0;37;5;47;107m;[0;35;47m8[0;1;37;97;47m8[0;1;30;90;45m8[0;1;30;90;47m;[0;35;5;40;100m.[0;1;30;90;47m [0;1;37;97;47m%[0;37;5;47;107mS[0;1;37;97;47m8[0;1;30;90;45mXXSS%S%%[0;35;5;40;100m8@[0;1;30;90;45mtt;;;[0;1;30;90;47m [0;37;5;47;107m%%%%%%SSSSSXXXX[0;37;5;40;100m8[0m
[0;35;5;40;100m8[0;1;30;90;45m;tt%%%SSXX@@888[0;1;37;97;47m;[0;37;5;47;107m:@SSS[0;1;37;97;47m8[0;37;5;47;107mS[0;1;30;90;47m;[0;1;37;97;47m%S[0;37;5;47;107m8XSS@[0;1;30;90;45m8888[0;1;37;97;47m%[0;35;47m8@[0;1;30;90;45m8[0;37;5;47;107m:[0;1;37;97;47m88[0;1;30;90;47m [0;1;37;97;47m@[0;37;5;47;107m@S@[0;1;30;90;45m88888[0;1;30;90;47mtt[0;37;5;40;100m8[0;1;30;90;45m%%tt;;;[0;37;5;40;100m8[0;37;5;47;107mS%%%%%SSSSSXXXX[0;37;5;40;100m8[0m
[0;35;5;40;100m8[0;1;30;90;45m;tt8[0;1;37;97;47mt[0;37;5;47;107m88[0;1;37;97;47mX[0;37;45m8[0;1;30;90;45mX@@8[0;35;5;40;100m@[0;1;30;90;47m8[0;37;5;47;107mS88@@t[0;1;37;97;47mX[0;1;30;90;47m8[0;33;5;40;100m%[0;37;5;47;107mS%[0;1;37;97;47m8XS[0;1;30;90;47m   [0;1;30;90;45m8888888[0;37;5;47;107m....@X@[0;1;30;90;47m [0;1;37;97;47m%%[0;1;30;90;47m  [0;1;30;90;45m8@%[0;33;41m8[0;1;30;90;41m8[0;1;30;90;45mXtt;;;;[0;35;5;40;100m8[0;1;30;90;47mX[0;37;5;47;107m%%%%[0;1;37;97;47mt[0;1;30;90;45m8%%8[0;1;37;97;47mX[0;37;5;47;107mXXX[0;37;5;40;100m8[0m
[0;30;5;40;100mS[0;1;30;90;45m;tt[0;1;37;97;47m8[0;37;5;47;107m;;;;%[0;1;30;90;45m8@[0;37;45m8[0;1;30;90;47mt[0;1;30;90;45m8[0;35;5;40;100m [0;33;5;40;100m [0;1;37;97;47m:%[0;37;5;47;107m. tS:[0;1;37;97;47m:[0;1;30;90;47m [0;1;37;97;47mt[0;1;30;90;47m    [0;1;37;97;47mX[0;37;5;47;107mX[0;1;30;90;47m [0;1;37;97;47mX8[0;1;30;90;47m [0;1;30;90;45m888[0;37;5;47;107m..:[0;1;37;97;47m%[0;35;47m@[0;1;30;90;47m  [0;1;30;90;45m8[0;1;30;90;47m [0;1;37;97;47m%;[0;1;30;90;47m .:%[0;35;5;40;100m8[0;1;30;90;45mttt;:%S[0;1;30;90;41m8[0;33;5;40;100mt[0;37;5;47;107m8[0;1;30;90;47m.[0;1;37;97;47mt[0;37;5;47;107mS[0;1;37;97;47m8[0;1;30;90;45m;::::%[0;1;37;97;47m8[0;37;5;47;107mXX[0;37;5;40;100m8[0m
[0;1;30;90;40m8[0;1;30;90;45m;t8[0;37;5;47;107mtt;[0;1;30;90;47m:[0;1;30;90;45m8[0;1;37;97;47m8[0;1;30;90;47m [0;1;37;97;47m;[0;37;5;47;107m;[0;1;30;90;45m8[0;1;30;90;47m.[0;37;5;47;107m:[0;1;30;90;45m8[0;1;30;90;47m8[0;33;5;40;100m ;[0;1;30;90;47m%[0;1;37;97;47mt8[0;37;5;47;107mtX%S: :[0;1;37;97;47m8t[0;1;30;90;47m [0;1;37;97;47m8[0;37;5;47;107mtt%[0;1;37;97;47m8[0;1;30;90;47m [0;1;30;90;45m8[0;37;5;47;107m.[0;1;37;97;47mX[0;1;30;90;45m888@8[0;1;37;97;47m%[0;1;30;90;47m:[0;1;30;90;45m8S%%%%%t%X[0;31;5;40;100m8[0;1;30;90;41mXX[0;35;5;40;100m;[0;1;37;97;47m:[0;1;30;90;45m;[0;1;30;90;47m;[0;37;5;47;107m8[0;1;30;90;45m;8[0;1;30;90;47mt[0;1;30;90;45mX[0;1;37;97;47m%[0;1;30;90;47m;[0;1;30;90;45m::.[0;1;37;97;47m;[0;37;5;47;107mXX[0;37;5;40;100mX[0m
[0;34;40m@[0;1;30;90;45m;;t[0;1;37;97;47m8[0;37;5;47;107mtS8[0;1;30;90;47m;[0;1;30;90;45mX[0;1;30;90;47m:[0;37;5;47;107m;S[0;1;30;90;45m@[0;1;30;90;47m.[0;1;37;97;47m@[0;1;30;90;47mS; [0;35;5;40;100m.[0;1;30;90;43m88[0;33;5;40;100mX[0;1;37;97;47m;[0;37;5;47;107m;tt[0;1;37;97;47m8[0;37;5;47;107m::  :t%[0;1;37;97;47mX[0;37;5;47;107m%.[0;1;37;97;47mX[0;1;30;90;45m8[0;37;5;47;107m.[0;35;5;40;100m:[0;1;30;90;45m88[0;35;47m8[0;1;30;90;45m8@XSSS%StttS[0;1;30;90;41mX[0;33;41m88[0;33;5;40;100m:[0;1;30;90;47m::.[0;1;30;90;45m8[0;35;5;40;100m [0;37;5;47;107mS[0;1;30;90;45mt:[0;1;30;90;47m%[0;37;5;47;107m@[0;1;30;90;47m [0;1;30;90;45m%::t[0;1;37;97;47m8[0;37;5;47;107mX@[0;36;5;40;100m [0m
[0;34;40m%[0;1;30;90;45m;;;[0;1;30;90;47m;[0;37;5;47;107mt%[0;35;5;40;100m:[0;1;37;97;47mS[0;1;30;90;45m8[0;1;30;90;47m [0;1;37;97;47m8[0;1;30;90;47m X[0;37;5;40;100m8[0;1;37;97;47mt[0;35;5;40;100m.[0;1;30;90;47mt[0;37;5;47;107m:.[0;1;30;90;47mS[0;1;30;90;43m88[0;1;37;97;47m8[0;37;5;47;107m@%[0;1;37;97;47m [0;1;30;90;43m8[0;1;37;97;47mt[0;37;5;47;107mXS[0;1;37;97;47m%[0;1;30;90;45m888[0;1;30;90;47m [0;37;5;47;107mX;[0;1;30;90;45m88[0;37;5;47;107m:8[0;1;30;90;45m8@[0;1;30;90;47m [0;37;5;47;107m;;S[0;1;30;90;47m [0;1;30;90;45m888[0;33;41m8[0;35;5;40;100m8[0;1;30;90;45mtt%[0;33;41m88[0;31;5;40;100m8[0;1;30;90;45m::[0;1;30;90;47m% ;t[0;37;5;40;100m8[0;1;30;90;47m [0;1;30;90;45m8[0;1;30;90;47m%[0;1;37;97;47mt[0;1;30;90;45m8[0;1;30;90;47m.[0;1;30;90;45m::[0;1;30;90;47m%[0;37;5;47;107mXX@[0;36;5;40;100m%[0m
 [0;1;30;90;45m;;;8[0;37;5;47;107mt[0;1;30;90;47m [0;1;37;97;47m;[0;1;30;90;45m8S8@[0;1;30;90;47m.[0;1;30;90;45m88[0;1;37;97;47m8[0;35;47m8[0;1;37;97;47m@[0;37;5;47;107m:8%[0;1;30;90;43m8[0;33;5;40;100m8[0;37;5;47;107m.X@[0;1;30;90;43m88[0;35;5;40;100mt[0;1;30;90;45m88888[0;35;47m8[0;1;37;97;47m8[0;37;5;47;107m%8[0;1;30;90;45m88[0;37;5;47;107m::[0;1;30;90;45m8@8[0;1;37;97;47m@[0;37;5;47;107mt;;;;[0;1;30;90;47m8[0;33;41m88[0;1;30;90;45m%t;[0;1;30;90;41mX[0;33;41m8[0;1;30;90;45m;@:8[0;1;37;97;47m;[0;1;30;90;45m8[0;1;37;97;47m%:[0;1;30;90;47m;[0;37;5;47;107m8[0;1;37;97;47mt[0;37;5;47;107m@[0;1;37;97;47mt[0;35;5;40;100m [0;1;30;90;45m8.[0;1;37;97;47m:[0;37;5;47;107mXX@[0m 
 [0;1;30;90;45m;;;[0;1;30;90;47mt[0;1;37;97;47m8[0;1;30;90;45m%[0;37;5;40;100m8[0;1;30;90;45m%%%[0;1;37;97;47m:[0;37;5;47;107m8[0;1;30;90;47m [0;1;37;97;47m8[0;37;5;47;107m;;:t[0;1;30;90;47m%[0;1;30;90;45m8[0;1;30;90;43m88[0;37;5;47;107m@[0;1;37;97;47m8t[0;1;30;90;43m88[0;33;5;40;100m@[0;1;30;90;45m88[0;1;30;90;47m [0;1;37;97;47m@;[0;37;5;47;107mS8:[0;1;30;90;47m [0;1;30;90;45m8@[0;37;5;47;107m::[0;1;30;90;47m [0;1;30;90;45mXXS88[0;1;30;90;47m%[0;37;5;47;107mtt[0;33;5;40;100mX[0;33;41m88[0;1;30;90;45mStt[0;33;41m88[0;1;37;97;47mt[0;1;30;90;47m%[0;1;30;90;45m;:::8[0;1;30;90;47m:[0;1;30;90;45mX8[0;37;5;47;107m8SS[0;1;30;90;47m.[0;1;37;97;47mX[0;1;30;90;45mX[0;1;30;90;47m%[0;37;5;47;107mX@[0;1;37;97;47mt[0m 
 [0;1;30;90;40m8[0;1;30;90;45m;[0;1;30;90;47m;[0;1;37;97;47m8[0;1;30;90;45m8tttXX8[0;37;5;47;107m;;;;%@[0;1;30;90;47m [0;1;30;90;45m8[0;1;30;90;47m;8[0;33;5;40;100mX[0;37;5;47;107mX[0;1;37;97;47mS [0;33;5;40;100m8[0;1;30;90;43m88[0;1;30;90;45m88[0;37;5;47;107mS@%:[0;1;37;97;47mS[0;1;30;90;47m:[0;1;30;90;45m@@@[0;37;5;47;107m;;;[0;1;37;97;47mS[0;1;30;90;45m8S%%%[0;1;37;97;47m8[0;37;5;47;107mt[0;33;5;40;100m8[0;33;41m88[0;1;30;90;45mS%;[0;1;30;90;41m88[0;35;5;40;100m;[0;1;37;97;47mS[0;35;5;40;100m [0;1;30;90;45m;:::::[0;1;30;90;47m.[0;1;37;97;47m88[0;37;5;47;107mSSX[0;1;37;97;47mS[0;1;30;90;45mS[0;1;30;90;47m%[0;1;37;97;47m8[0;37;5;40;100m@[0m 
  [0;1;30;90;45m@8t;;tt[0;37;5;47;107m8tt@X[0;1;37;97;47mS[0;1;30;90;47m ;[0;1;30;90;45m8X[0;35;5;40;100m%[0;1;30;90;47mt8%[0;1;37;97;47m88[0;37;5;47;107m8[0;1;30;90;47mS[0;1;30;90;43m8[0;33;5;40;100m8[0;1;30;90;45m@@[0;1;30;90;47m:t[0;1;37;97;47mX[0;35;47m8[0;1;30;90;45m@@XXX[0;37;5;47;107m;;;;;[0;1;37;97;47mS[0;1;30;90;45m8[0;1;30;90;47m .[0;37;5;47;107mtt[0;33;5;40;100m%[0;33;41m8[0;31;5;40;100m8[0;1;30;90;45mt;;%[0;1;30;90;41m8[0;35;5;40;100m8[0;33;5;40;100m [0;37;5;47;107mS[0;1;37;97;47m8[0;1;30;90;47m S[0;1;30;90;45m8:::::[0;1;37;97;47m8[0;37;5;47;107mXXX8[0;1;30;90;47m [0;1;37;97;47m%[0;1;30;90;40m8[0m 
  [0;1;30;90;45m:::;;;;[0;1;37;97;47m@[0;37;5;47;107mt[0;1;37;97;47mS[0;37;5;47;107mt[0;1;30;90;47m [0;1;30;90;45m%%SS[0;31;5;40;100m@[0;31;43m88[0;1;30;90;43mXX[0;33;5;40;100m@[0;1;30;90;47mX[0;1;37;97;47mt .[0;1;30;90;47m@[0;1;30;90;45mXXXXXXXXXSS[0;37;5;47;107m;;;;;tttttt[0;1;30;90;47mX[0;1;30;90;45mSSS[0;31;5;40;100m8[0;1;30;90;41mS[0;33;41m8888[0;33;5;40;100m%[0;37;5;47;107mX%%S[0;1;30;90;47mt[0;1;30;90;45m:t:;[0;37;5;47;107mXXXX@@[0;1;30;90;47m.[0m  
  [0;34;40mt[0;1;30;90;45m:::;;S[0;37;5;47;107mS[0;1;37;97;47m8[0;1;30;90;47m;[0;37;5;47;107mt[0;1;30;90;45m8t%%[0;35;5;40;100m8[0;31;43m88[0;31;5;40;100m8@[0;31;43m88888[0;31;5;40;100m@[0;1;30;90;45m@XXXSSSSSSS%[0;37;5;47;107m;;;tttttttt@[0;37;5;40;100m@[0;33;41m88888[0;33;5;40;100mX[0;1;30;90;43mX[0;33;41m88[0;37;5;40;100m8[0;37;5;47;107m%%S[0;1;37;97;47m;[0;1;30;90;45m:[0;35;5;40;100m [0;1;30;90;45mX:[0;1;37;97;47m%[0;37;5;47;107mXXX@@[0;30;5;40;100m@[0m  
   [0;1;30;90;45m:::::[0;1;30;90;47m%[0;37;5;47;107mt[0;1;30;90;47m :[0;37;5;47;107mt[0;1;37;97;47mX[0;1;30;90;45m8tt[0;1;30;90;41m@[0;31;43m8[0;31;5;40;100m8[0;1;30;90;45m%[0;35;5;40;100m8[0;31;43m88[0;35;5;40;100m8[0;31;5;40;100m8[0;31;43m8[0;1;30;90;45mXSSSSSSS%%%%%[0;37;5;47;107mtttttttttttt8[0;33;41m8[0;33;5;40;100m8[0;1;30;90;47m8[0;33;41m88[0;37;5;40;100m@[0;37;5;47;107m@[0;33;5;40;100mS[0;33;41m88[0;37;5;47;107mSS[0;1;37;97;47m8[0;1;30;90;45m8:[0;37;5;40;100m8[0;35;5;40;100m.[0;1;30;90;45m.[0;1;30;90;47m%[0;37;5;47;107mXX@@[0;1;30;90;47m%[0m   
    [0;1;30;90;45m;:::[0;1;30;90;47m:[0;37;5;47;107mtX[0;37;5;40;100m8[0;1;37;97;47mS[0;37;5;47;107m@[0;1;37;97;47m8[0;1;30;90;45m8t[0;31;5;40;100m8[0;33;41m8[0;31;5;40;100m8[0;1;30;90;45mt%[0;31;5;40;100m88[0;1;30;90;45m%S[0;35;5;40;100m8[0;1;30;90;45mX%%%%%%%%%ttt[0;37;5;47;107mtttttttttttt[0;1;37;97;47mt[0;37;5;40;100m8[0;1;37;97;47m@[0;37;5;47;107m%[0;33;5;40;100m S[0;1;37;97;47m8[0;37;5;47;107mS[0;33;5;40;100m:[0;33;41m8[0;33;5;40;100m;[0;37;5;47;107mS[0;1;37;97;47mt[0;1;30;90;45m;:@[0;37;5;40;100m8[0;1;30;90;45mt.[0;35;5;40;100m;[0;37;5;47;107mX@@[0;1;37;97;47m8[0m    
    [0;34;40mS[0;1;30;90;45m:::S[0;1;37;97;47m;[0;37;5;47;107m@[0;1;37;97;47mX[0;1;30;90;45mX[0;1;30;90;47m [0;1;37;97;47mS@[0;35;5;40;100m:[0;1;30;90;45m;%XSttttttttttttttttttt[0;37;5;47;107mttttttttttttt%%%@%S[0;1;37;97;47m:[0;1;30;90;47m.[0;1;37;97;47m%[0;37;5;47;107mS[0;1;30;90;47m.[0;1;30;90;45mX8[0;35;5;40;100m.[0;1;37;97;47m%[0;1;30;90;45mX.%[0;1;37;97;47mX[0;37;5;47;107m@@@[0;36;5;40;100mt[0m    
     [0;34;40m8[0;1;30;90;45m:::[0;1;30;90;47m%[0;1;37;97;47m;t[0;1;30;90;47m%[0;1;30;90;45m::;;;;;;;;;ttttttttttt;;;;;[0;37;5;47;107mttttttttttt%%%%%%%%%SSSSSSX[0;1;30;90;47mt[0;1;30;90;45m88[0;1;30;90;47m%[0;37;5;47;107m@@@[0;36;5;40;100m [0m     
      [0;35;5;40;100m8[0;1;30;90;45m::::::::::::;;;;;;;;;;;;;;;;;;;;;[0;37;5;47;107mttttttttt%%%%%%%%%SSSSSSSXXXXX@@@[0;1;30;90;47m@[0m      
       [0;1;30;90;45m::::::::::::::::::::;;;;;::::::::[0;37;5;47;107mtttttt%%%%%%%%%%SSSSSSSXXXXXX@@@[0;1;30;90;47m%[0m       
        [0;1;30;90;45m::::::::::::::::::::::::::::::::[0;37;5;47;107mttt%%%%%%%%%%%SSSSSSSSXXXXX@@@@[0;1;30;90;47mX[0m        
         [0;1;30;90;40m8[0;1;30;90;45m::::::::::::::::::::::::::::::[0;37;5;47;107m%%%%%%%%%%%%SSSSSSSSXXXXXX@@@@[0;37;5;40;100mX[0m         
          [0;34;40mS[0;1;30;90;45m:::::::::::::::::::::::::::::[0;37;5;47;107m%%%%%%%%%SSSSSSSSSXXXXXX@@@@[0;1;37;97;47m8[0;36;5;40;100m:[0m          
            [0;1;30;90;45m::::::::::::::::::::::::::::[0;37;5;47;107m%%%%%SSSSSSSSSSSXXXXXX@@@@@[0;1;37;97;47m;[0m            
             [0;1;30;90;40m8[0;1;30;90;45m::::::::::::::::::::::::::[0;37;5;47;107mSSSSSSSSSSSSSXXXXXXX@@@@@8[0;37;5;40;100m8[0m             
              [0;34;40mt[0;1;30;90;45m:::::::::::::::::::::::::[0;37;5;47;107mSSSSSSSSSSXXXXXXXX@@@@@@[0;1;37;97;47m:[0;30;5;40;100m8[0m              
                [0;34;40mX[0;1;30;90;45m:::::::::::::::::::::::[0;37;5;47;107mSSSSSSXXXXXXXXX@@@@@@@[0;1;37;97;47m8[0;36;5;40;100m [0m                
                  [0;1;30;90;40m8[0;1;30;90;45m:::::::::::::::::::::[0;37;5;47;107mSXXXXXXXXXXX@@@@@@@@8[0;37;5;40;100m8[0m                  
                    [0;1;30;90;45m..:::::::::::::::...[0;37;5;47;107mXXXXXXXXX@@@@@@@@@8[0;1;30;90;47m8[0m                    
                      [0;34;40m8[0;1;30;90;45m.................[0;37;5;47;107mXXXX@@@@@@@@@@@@[0;1;37;97;47m8[0;37;5;40;100m8[0m                      
                        [0;34;40m@[0;1;30;90;45m...............[0;37;5;47;107m@@@@@@@@@@@@@@[0;1;37;97;47mS[0;36;5;40;100m [0m                        
                          [0;34;40m%[0;1;30;90;45m.............[0;37;5;47;107m@@@@@@@@@@@8[0;1;30;90;47m;[0;36;5;40;100mt[0m                          
                             [0;34;40m@[0;1;30;90;45m..........[0;37;5;47;107m@@@@@@@@@[0;1;37;97;47m:[0;36;5;40;100m [0m                             
                                [0;34;40m8[0;1;30;90;45m       [0;37;5;47;107m@@@@@@[0;1;37;97;47mt[0;37;5;40;100mX[0m                                
                                   [0;34;40m@[0;1;30;90;45m    [0;37;5;47;107m@@8[0;1;30;90;47m.[0;36;5;40;100m [0m                                   
                                      [0;34;40m%8[0;37;5;40;100m@[0;36;5;40;100m%[0m                                      
