[0;30;44m8[0;1;34;94;44m........::::::::::::::::::::::[0;1;30;90;44m;[0;1;30;90;40m@[0;1;30;90;43m::::::::::::::[0;1;30;90;40m8[0;1;34;94;44m.:................ [0;1;30;90;44m.      [0;30;44m  .  8[0m
[0;30;44m%[0;1;34;94;44m888[0;33;5;40;100m8[0;1;30;90;43mS[0;1;30;90;44m8[0;33;5;40;100mS[0;34;5;40;100m@[0;1;34;94;44m@[0;34;5;44;104m8888888888888888888888[0;1;34;94;44m@[0;1;30;90;43mt[0;33;5;43;103m;;;;;;;;;;;;[0;1;33;93;43m%[0;1;34;94;44mX[0;34;5;44;104m8888[0;1;34;94;44m88888888888888888888@[0;34;5;40;100m8[0;1;30;90;43m8[0;31;5;40;100mS[0;1;34;94;44m@@@[0;30;44m%[0m
[0;30;44m%[0;1;34;94;44m888%[0;35;5;40;100m:[0;1;30;90;43m:[0;33;5;40;100m@[0;34;5;40;100m8[0;1;34;94;44m8[0;34;5;44;104m8888888888888888888888[0;1;34;94;44m8[0;1;30;90;43m%[0;33;5;43;103m;;;;;;;;;;;;[0;1;30;90;43m;[0;1;34;94;44m@[0;34;5;44;104m88888[0;1;34;94;44m888888888888888888[0;1;30;90;44mS[0;1;30;90;43mX[0;33;5;43;103mS[0;1;30;90;43m8[0;1;34;94;44m%@@@[0;30;44m%[0m
[0;30;44m%[0;1;34;94;44m888[0;1;30;90;44m@[0;33;5;40;100mS[0;35;5;40;100mS[0;31;5;40;100mS[0;1;30;90;43m%[0;34;5;40;100m8[0;1;34;94;44m8[0;34;5;44;104m88888888888888888888[0;1;34;94;44m8[0;33;5;40;100m:[0;33;5;43;103m;;;;;;;;;;;;;t[0;33;5;40;100m%[0;1;34;94;44m@[0;34;5;44;104m888888[0;1;34;94;44m88888888888888t[0;33;5;40;100mX[0;1;33;93;43m8t[0;34;5;40;100m8[0;1;34;94;44m@@@@@[0;30;44m%[0m
[0;30;44m%[0;1;34;94;44m8[0;34;5;44;104m888[0;1;34;94;44mX[0;35;44mS[0;34;5;44;104m8[0;1;30;90;44m@[0;1;30;90;43m@@[0;1;30;90;44m8[0;34;5;44;104m88888888888888888[0;1;34;94;44m%[0;1;30;90;44m8[0;1;30;90;43m@[0;33;5;43;103m;;;;;;;;;;;;;;;;[0;1;30;90;43m%[0;1;30;90;44mX[0;1;34;94;44mt[0;34;5;44;104m888888[0;1;34;94;44m8888888888X[0;35;5;40;100m:[0;1;33;93;43mX@[0;33;5;40;100mt[0;1;34;94;44mS888@@@[0;30;44m%[0m
[0;30;44m%[0;34;5;44;104m88888888[0;1;34;94;44m8[0;35;5;40;100m%[0;1;30;90;43mt[0;33;5;40;100m8[0;1;30;90;44m8[0;35;5;40;100m;[0;33;5;40;100mt[0;1;30;90;43m8[0;33;5;40;100m;[0;34;5;40;100mX[0;34;5;44;104m888888888888[0;1;34;94;44m@[0;33;5;40;100m%[0;33;5;43;103m;:::;;;;;;;;;;[0;1;30;90;43m8[0;1;34;94;44mS[0;34;5;44;104m888888888[0;1;34;94;44m88888888[0;34;5;40;100m8[0;1;30;90;43mt[0;33;5;43;103m8[0;1;30;90;43m8[0;1;30;90;44m%[0;1;34;94;44m888888@@[0;30;44m%[0m
[0;30;44m%[0;34;5;44;104m8888888888[0;35;44m%[0;1;30;90;43mS%%[0;33;5;43;103mX;;t[0;33;5;40;100m:[0;34;5;44;104m888888888888[0;1;34;94;44m8[0;1;33;93;43mS[0;33;5;43;103m::::::;;;;;;[0;1;33;93;43mS[0;1;34;94;44mX[0;34;5;44;104m88888888888[0;1;34;94;44m88888[0;1;30;90;44m@[0;1;30;90;43m8[0;1;33;93;43m@%[0;34;5;40;100m@[0;1;34;94;44m88888888@@[0;30;44m%[0m
[0;30;44m%[0;34;5;44;104m8888888888[0;35;5;40;100mS[0;33;5;43;103m%[0;1;33;93;43mS[0;1;30;90;43mS[0;1;33;93;43m%S[0;33;5;43;103m%:;[0;35;5;40;100mt[0;34;5;44;104m88@@@@@@@@@8[0;1;30;90;43m8[0;33;5;43;103m:::::::::;;;[0;1;33;93;43m%[0;1;34;94;44m@[0;34;5;44;104m888888888888[0;1;34;94;44m88%[0;33;5;40;100mX[0;1;33;93;43mXX[0;33;5;40;100m%[0;1;34;94;44mS8888888888@[0;30;44m%[0m
[0;30;44m%[0;34;5;44;104m8888888888[0;33;5;40;100m%[0;33;5;43;103m;;S[0;1;30;90;43mX[0;1;33;93;43mX[0;1;30;90;43mX[0;1;33;93;43mX[0;33;5;43;103m;[0;37;43mS[0;34;5;40;100mX[0;34;5;44;104m@@8@@@@@@8[0;33;5;40;100m [0;33;5;43;103m:::::::::::;;;[0;33;5;40;100m;[0;1;34;94;44m8[0;34;5;44;104m88888888888[0;1;34;94;44m8[0;35;5;40;100m;[0;1;33;93;43mSX[0;1;30;90;43m@[0;1;30;90;44mX[0;1;34;94;44m888888888888@[0;30;44m%[0m
[0;30;44m%[0;34;5;44;104m8888888888[0;1;30;90;44m8[0;1;30;90;43m8[0;33;5;43;103m;::[0;1;33;93;43m8[0;1;30;90;43m@@[0;33;5;43;103m8[0;1;33;93;43mX[0;1;30;90;43m88[0;33;5;40;100m [0;37;43mS[0;37;5;40;100mX[0;35;5;40;100m%[0;34;5;44;104m@X[0;1;30;90;44m8[0;34;5;40;100mX[0;1;30;90;43m8[0;37;5;43;103m%%%[0;33;5;43;103m.::::::::::;;[0;1;30;90;43m@[0;1;30;90;44m8[0;1;34;94;44mt[0;34;5;44;104m8888888[0;1;34;94;44m8[0;34;5;40;100m@[0;1;30;90;43mS[0;1;33;93;43mS%[0;35;5;40;100m%[0;1;34;94;44m888888888888888[0;30;44m%[0m
[0;30;44m%[0;34;5;44;104m888888888888[0;1;30;90;44m8[0;33;5;40;100mt.[0;37;43mX[0;33;5;43;103m%[0;1;33;93;43m@8[0;1;30;90;43m8[0;1;33;93;43m@[0;33;5;43;103m@@[0;37;5;43;103mSSS[0;37;43m@[0;35;5;40;100mt[0;34;5;44;104mXX[0;1;34;94;44m8[0;33;5;40;100m.[0;37;5;43;103mSSS%%[0;33;5;43;103m.::::::::[0;1;30;90;43m8[0;1;34;94;44mS[0;34;5;44;104m88888[0;1;34;94;44m%8[0;34;5;44;104m8[0;1;30;90;44m8[0;1;30;90;43m8[0;1;33;93;43mSS[0;33;5;40;100mS[0;1;34;94;44mS8888888888888888[0;30;44m%[0m
[0;30;44m%[0;34;5;44;104m8888888888888@@8[0;35;5;40;100m [0;1;30;90;43m8[0;37;43mS[0;33;5;43;103mX[0;1;33;93;43m8X[0;33;5;43;103m@[0;37;5;43;103mSSSS[0;37;43m@[0;34;5;44;104mXXX8[0;1;33;93;43m@[0;37;5;43;103mSSSS%%[0;33;5;43;103m::::::[0;1;33;93;43mX[0;1;34;94;44m@[0;34;5;44;104m888888[0;1;30;90;44m8[0;1;30;90;43m8[0;33;5;40;100mS[0;1;33;93;43mX[0;1;30;90;43m;X[0;1;30;90;44m8[0;34;5;44;104m88[0;1;34;94;44m8888888888888888[0;30;44m%[0m
[0;30;44m%[0;34;5;44;104m888888888888@@@@[0;1;34;94;44m8[0;1;30;90;43m88[0;37;5;43;103mS[0;33;5;43;103mXS[0;37;5;43;103mS[0;33;5;43;103mX[0;37;5;43;103mXXX[0;1;30;90;43m8[0;34;5;44;104mXXX@[0;37;43mX[0;37;5;43;103mXSSSSS%[0;33;5;43;103m.::::[0;1;33;93;43mS[0;1;34;94;44m8[0;34;5;44;104m888888[0;1;30;90;44m8[0;33;5;40;100m@[0;1;30;90;43m;;[0;33;5;40;100m%[0;1;34;94;44m8[0;34;5;44;104m888[0;1;34;94;44m8888888888888888[0;30;44m%[0m
[0;30;44m%[0;34;5;44;104m888888888888@@@@[0;1;34;94;44m8[0;33;5;40;100m [0;37;5;43;103mSSSXX@@@[0;33;47m8[0;35;5;40;100mt[0;34;5;44;104mXX@[0;37;5;40;100mS[0;37;5;43;103mXXXXSSSS%[0;33;5;43;103m.:::;[0;33;5;40;100m:[0;1;34;94;44m8[0;34;5;44;104m888[0;1;34;94;44m8[0;33;5;40;100m.[0;1;33;93;43mX%[0;34;5;40;100mX[0;1;34;94;44mX[0;33;5;40;100mt[0;1;30;90;44mS[0;34;5;44;104m8888[0;1;34;94;44m888888888888888[0;30;44m%[0m
[0;30;44m%[0;34;5;44;104m88888888888@@@@@X8[0;37;43m8[0;37;5;43;103mSXXXX[0;37;43m8[0;37;5;40;100m8[0;36;5;44;104m@X[0;36;5;40;100m%[0;35;5;40;100m;[0;37;43m8[0;37;5;43;103mXXXXXXSSSS%[0;33;5;43;103m:::::[0;1;30;90;43m8[0;34;5;40;100m8[0;1;34;94;44m%[0;35;5;40;100m;[0;33;5;40;100m%[0;1;30;90;43mS[0;35;5;40;100m:[0;1;34;94;44m@[0;34;5;44;104m88888888[0;1;34;94;44m888888888888888[0;30;44m%[0m
[0;30;44m%[0;1;34;94;44m@8[0;34;5;44;104m8888888[0;1;34;94;44m@[0;34;5;44;104m8@@@@XX88[0;35;5;40;100m [0;1;30;90;47m8%@[0;37;5;40;100mt[0;35;5;44;104m8[0;36;5;44;104mX[0;36;5;40;100mt[0;36;5;44;104mXXX[0;35;5;40;100mt[0;1;30;90;47mX[0;37;5;43;103mXXXXXXSSS%[0;33;5;43;103m.:::[0;1;30;90;43m8[0;35;44mS[0;34;5;44;104m88[0;35;5;40;100m;[0;33;5;40;100m;[0;1;30;90;44m8[0;34;5;44;104m8888888[0;1;34;94;44mS[0;34;5;44;104m88[0;1;34;94;44m88888S88888888t[0;30;44m%[0m
[0;30;44m%[0;34;5;40;100mX[0;1;30;90;44mX[0;34;5;44;104m888888[0;1;34;94;44mX[0;33;5;40;100mS[0;34;5;44;104m8@@@@XX[0;35;5;40;100m.[0;34;5;40;100mS[0;34;5;44;104mXXXS[0;36;5;44;104mXX[0;35;5;40;100mt[0;33;5;40;100m [0;36;5;44;104m@XXX8[0;33;47m8[0;37;5;43;103mXXXXXSSSS%[0;33;5;43;103m::[0;1;33;93;43m@[0;1;34;94;44m@[0;34;5;44;104m8888[0;35;5;40;100mS[0;1;30;90;44m@[0;34;5;44;104m888888[0;1;34;94;44mS[0;31;5;40;100mX[0;1;34;94;44m8[0;34;5;44;104m8[0;1;34;94;44m88888[0;34;5;40;100m@[0;1;30;90;44mt[0;1;34;94;44m888888t[0;30;5;40;100m8[0;30;44mS[0m
[0;1;30;90;40m8[0;33;5;43;103mS[0;1;33;93;43m8[0;35;5;40;100m;[0;1;34;94;44m%88X[0;35;5;40;100m%[0;1;33;93;43mX[0;33;5;43;103m:[0;1;30;90;43m8[0;34;5;40;100mX[0;1;34;94;44m8[0;34;5;44;104m88[0;34;5;40;100mX[0;33;5;40;100m [0;37;5;43;103mS[0;33;5;43;103mX[0;37;5;40;100mX[0;34;5;40;100mS[0;34;5;44;104m@@[0;35;5;40;100m%[0;37;5;40;100m%[0;33;47m8[0;37;5;43;103mX[0;33;47m8[0;35;5;40;100m [0;36;5;40;100m;[0;36;5;44;104m@8[0;37;43m8[0;37;5;43;103mXXXXXSSSS%[0;33;5;43;103m::[0;1;33;93;43mX[0;1;34;94;44mX[0;34;5;44;104m8[0;1;34;94;44m8[0;1;30;90;44m8[0;33;5;40;100mt[0;33;5;43;103m%[0;1;33;93;43m8[0;35;5;40;100m;[0;1;34;94;44mt88%[0;34;5;40;100mX[0;1;30;90;43m%[0;33;5;43;103mt[0;1;30;90;43m8[0;1;30;90;44m@[0;1;34;94;44mS8X[0;1;30;90;44m%[0;33;5;40;100m@[0;33;5;43;103mS[0;1;33;93;43mX[0;35;5;40;100m%[0;1;34;94;44m;X@t[0;34;5;40;100m8[0;1;30;90;43m;[0;33;5;43;103mS[0;31;40m8[0m
[0;33;5;40;100m8[0;33;5;43;103m;;;t8[0;1;33;93;43m8[0;33;5;43;103m%:::::S@S[0;37;5;43;103mSSSSXX@@@XXXXX88@XXXXXXSSSS%[0;33;5;43;103m:::%8X;;;;;t[0;1;33;93;43m8@[0;33;5;43;103mS;;;;;@[0;1;33;93;43mX8[0;33;5;43;103mtttttS[0;1;33;93;43mXX[0;33;5;43;103mX%%%[0;31;43m8[0m
[0;33;5;40;100m8[0;33;5;43;103m;;;;;;;:::::::[0;37;5;43;103m%%SSSXXXXXXXXXXXXXXXXXXSSSS%[0;33;5;43;103m.::::::;;;;;;;;;;;;;;ttttttttt%%%%%%[0;31;43m8[0m
[0;33;5;40;100m8[0;33;5;43;103m;;;;;;;;:::::::[0;37;5;43;103m%SSSSXXXXXXXXXXXXXXXXXSSSS%[0;33;5;43;103m:::::::;;;;;;;;;;;;;;ttttttttt%%%%%%[0;31;43m8[0m
[0;1;30;90;41m8[0;33;5;43;103m;;;;;;;;:::::::.[0;37;5;43;103m%SSSSSXXXXXXXXXXXXXSSSSS%[0;33;5;43;103m:::::::;;;;;;;;;;;;;;;tttttttt%%%%%%%[0;33;41m8[0m
[0;31;40mX[0;33;5;43;103m;;;;;;;;;:::::::.[0;37;5;43;103m%SSSSSSXXXXXXXXXSSSSS%%[0;33;5;43;103m::::::::;;;;;;;;;;;;;;ttttttttt%%%%%%S[0;31;40m8[0m
[0;31;40m:[0;33;5;43;103m;;;;;;;;;;::::::::[0;37;5;43;103m%%SSSSSSSSSSSSSSSSS%[0;33;5;43;103m.::::::::;;;;;;;;;;;;;;;ttttttttt%%%%%%S[0;31;40mt[0m
 [0;1;33;93;43m8[0;33;5;43;103m;;;;;;;;;;:::::::::[0;37;5;43;103m%%%SSSSSSSSSSS%%[0;33;5;43;103m.:::::::::;;;;;;;;;;;;;;;ttttttttt%%%%%%%8[0m 
 [0;1;30;90;43m:[0;33;5;43;103m;;;t%;;;;;;;t;::::::;;.[0;37;5;43;103m%%%%%%[0;33;5;43;103m;:[0;37;5;43;103m%[0;33;5;43;103m.:::::::::::;;%;;;;;;;t%;;;;tttS%tttt%%SX%%S[0;1;30;90;43m [0m 
 [0;1;30;90;41m8[0;33;5;43;103mX[0;33;5;40;100m%[0;1;30;90;44m8[0;1;34;94;44m%%[0;1;30;90;44m@[0;33;5;40;100m [0;33;5;43;103m8;[0;1;30;90;43m@[0;35;5;40;100mt[0;1;30;90;44m@[0;1;34;94;44mX%[0;35;5;40;100mS[0;1;30;90;43m8[0;33;5;43;103m;S[0;33;5;40;100m.[0;34;5;40;100mX[0;1;34;94;44mXX[0;1;30;90;44m8[0;33;5;40;100m [0;33;5;43;103m@:[0;37;43mX[0;35;5;40;100m.[0;1;30;90;44m8[0;1;34;94;44m@[0;1;30;90;44m8[0;1;33;93;43m@[0;33;5;43;103m::::::::::;;[0;1;33;93;43m@[0;1;30;90;44m@[0;1;34;94;44mSt[0;34;5;40;100mX[0;1;30;90;43m8[0;33;5;43;103mtX[0;33;5;40;100m%[0;1;30;90;44m8[0;1;34;94;44mt%[0;1;30;90;44mS[0;33;5;40;100m;[0;1;33;93;43m@[0;33;5;43;103mt[0;1;30;90;43m%[0;34;5;40;100mS[0;35;44m:[0;1;34;94;44mt;[0;34;5;40;100m8[0;1;30;90;43mX[0;33;5;43;103m%@[0;33;5;40;100m@[0;1;30;90;44mX[0;1;34;94;44m;;[0;1;30;90;44mt[0;35;5;40;100mt[0;1;33;93;43mS[0;31;43m8[0m 
  [0;1;30;90;44m@[0;34;5;44;104m8[0;1;34;94;44mXX[0;34;5;44;104m8[0;1;34;94;44mX[0;34;5;44;104m8[0;1;30;90;44mX[0;33;5;40;100m8[0;1;34;94;44m@[0;34;5;44;104m888888[0;33;5;40;100m;[0;34;5;40;100m8[0;34;5;44;104m8888@@[0;1;30;90;44m8[0;33;5;40;100mX[0;1;34;94;44m8[0;34;5;44;104m@@@8[0;1;30;90;43m@[0;33;5;43;103m::::::::;;;;[0;1;30;90;43m%[0;1;34;94;44m8[0;34;5;44;104m888[0;1;34;94;44m8[0;33;5;40;100m%[0;1;30;90;44m@[0;34;5;44;104m888888[0;1;30;90;44mt[0;33;5;40;100m8[0;1;34;94;44mX888888[0;31;5;40;100mS[0;1;30;90;44mS[0;1;34;94;44m888@:@[0;1;30;90;44m:[0;31;40m.[0m 
  [0;1;30;90;44m:[0;34;5;44;104m8[0;33;5;40;100m8[0;1;33;93;43m@[0;35;5;40;100m%[0;33;5;40;100m:.[0;1;34;94;44m@t[0;34;5;44;104m8888888[0;1;34;94;44mX[0;34;5;44;104m88888888[0;1;34;94;44mS[0;34;5;44;104m8888[0;35;5;40;100m;[0;33;5;43;103m;:::::;;;;;;;t[0;35;5;40;100mt[0;1;34;94;44m8[0;34;5;44;104m888[0;1;34;94;44mS8[0;34;5;44;104m88888[0;1;34;94;44m88t8888888;88%[0;33;5;40;100mS[0;1;33;93;43mS[0;35;5;40;100m%[0;1;34;94;44m8.[0m  
  [0;34;40mS[0;1;34;94;44m8@[0;34;5;40;100mS[0;1;30;90;43m@X[0;1;30;90;44mX[0;34;5;44;104m88888888888888888888[0;1;34;94;44mS[0;1;30;90;44m8[0;1;30;90;43m8[0;33;5;43;103m;::;;;;;;;;;;;;t[0;1;30;90;43m@[0;1;30;90;44mX[0;1;34;94;44mt[0;34;5;44;104m8888888[0;1;34;94;44m888888888888@[0;35;5;40;100m%[0;1;33;93;43mX@[0;35;5;40;100m%[0;1;34;94;44mX@[0;34;40mX[0m  
   [0;30;44m:[0;1;30;90;44m@[0;35;5;40;100m;[0;33;5;40;100m;[0;34;5;40;100m8[0;1;30;90;43m%[0;33;5;40;100mt[0;1;34;94;44mS[0;34;5;44;104m88888888888888888888[0;1;30;90;44m@[0;1;30;90;43m8[0;33;5;43;103m;;;;;;;;;;;;;;[0;1;30;90;43m8[0;1;30;90;44mS[0;34;5;44;104m8888888[0;1;34;94;44m8888888888888[0;34;5;40;100m8[0;1;30;90;43mt[0;33;5;43;103m@[0;1;30;90;43m8[0;1;34;94;44mt88[0;30;44m.[0m   
    [0;1;34;94;44mX88[0;34;5;44;104m8[0;1;34;94;44mX[0;33;5;40;100mX[0;1;30;90;43m;[0;35;5;40;100mt[0;1;34;94;44m@[0;34;5;44;104m8888888888888888888[0;1;34;94;44mX[0;1;33;93;43mS[0;33;5;43;103m;;;;;;;;;;;;[0;1;33;93;43mX[0;1;34;94;44m%[0;34;5;44;104m8888888[0;1;34;94;44m888888888888[0;1;30;90;44m%[0;1;30;90;43m8[0;33;5;43;103m@[0;1;30;90;43mt[0;1;30;90;44m8[0;1;34;94;44m888S[0m    
    [0;34;40m8[0;1;34;94;44m8[0;34;5;44;104m8888[0;1;30;90;44m8[0;1;30;90;43mS%[0;34;5;40;100mS[0;33;5;40;100m%[0;1;30;90;43mX[0;1;33;93;43mX[0;1;30;90;43mX[0;35;5;40;100m.[0;1;34;94;44m8[0;34;5;44;104m888888888888[0;1;34;94;44m8[0;1;30;90;43m%[0;33;5;43;103m;;;;;;;;;;;;[0;1;30;90;43m:[0;1;34;94;44m8[0;34;5;44;104m88888[0;1;34;94;44m888888888888S[0;33;5;40;100mt[0;1;33;93;43mXS[0;35;5;40;100m:[0;1;34;94;44mX888@[0;34;40m8[0m    
     [0;30;44m@[0;1;34;94;44m88[0;34;5;44;104m888[0;1;34;94;44mX[0;1;30;90;43mt::[0;1;33;93;43mS[0;33;5;43;103mt;;[0;1;30;90;43m8[0;1;34;94;44mX[0;34;5;44;104m8888888888[0;1;34;94;44m8[0;35;5;40;100mS[0;33;5;43;103mt;;;;;;;;;;;;t[0;35;5;40;100mS[0;1;34;94;44m8[0;34;5;44;104m88[0;1;34;94;44m888888888888@[0;35;5;40;100m;[0;1;33;93;43m%X[0;1;30;90;43m8[0;1;34;94;44m;8888@[0;30;44mX[0m     
      [0;30;44mt[0;1;34;94;44m888[0;34;5;44;104m8[0;35;5;40;100mt[0;33;5;43;103mt[0;1;33;93;43m@[0;1;30;90;43m:[0;1;33;93;43m%[0;1;30;90;43m:[0;1;33;93;43m@[0;33;5;43;103m;t[0;35;5;40;100mS[0;34;5;44;104m88888888[0;1;34;94;44mt[0;1;30;90;44mX[0;1;30;90;43m@[0;33;5;43;103mt;;;;;;;;;;;;;;t[0;1;30;90;43mS[0;1;30;90;44mS[0;1;34;94;44m;88888888888[0;1;30;90;44m8[0;1;30;90;43m%[0;1;33;93;43mS[0;1;30;90;43m;[0;34;5;40;100m8[0;1;34;94;44m88888@[0;30;44m;[0m      
       [0;30;44m:[0;1;34;94;44m888[0;33;5;40;100m%[0;33;5;43;103m;;%[0;1;33;93;43m%[0;1;30;90;43m:[0;1;33;93;43m%[0;1;30;90;43m:[0;33;5;43;103mS[0;1;33;93;43mS[0;35;5;40;100m%[0;1;34;94;44m@[0;34;5;44;104m8[0;1;34;94;44mt[0;34;5;44;104m888888[0;1;30;90;44m%[0;1;30;90;43m8[0;33;5;43;103m;;;;;;;;;;;;;t[0;1;30;90;43mX[0;1;30;90;44m%[0;1;34;94;44m88888888888[0;1;30;90;44m%[0;1;30;90;43m8[0;1;33;93;43mS%[0;33;5;40;100mt[0;1;34;94;44mS8888@@[0;30;44m.[0m       
        [0;30;44m;[0;1;34;94;44m88X[0;33;5;40;100mt[0;1;33;93;43m8[0;33;5;43;103mtt@[0;1;30;90;43m::[0;1;33;93;43mX[0;1;30;90;43m:::t[0;1;33;93;43m@[0;1;30;90;43m8[0;35;5;40;100m;[0;1;34;94;44m%[0;34;5;44;104m8888[0;1;34;94;44mS[0;1;33;93;43m%[0;33;5;43;103m;;;;;;;;;ttt[0;1;33;93;43mX[0;1;34;94;44mt8888888888%[0;33;5;40;100mS[0;1;33;93;43m%%[0;1;30;90;43m@[0;1;30;90;44m%[0;1;34;94;44m88888@@[0;30;44m:[0m        
         [0;30;44mS[0;1;34;94;44m888X[0;35;5;40;100mSt[0;33;5;40;100m@[0;1;33;93;43m8[0;1;30;90;43m:[0;1;33;93;43mt[0;1;30;90;43m;[0;1;33;93;43m%[0;33;5;43;103mX@;;;[0;1;33;93;43m8[0;34;5;40;100m8[0;34;5;44;104m888[0;1;34;94;44m8[0;1;30;90;43m:[0;33;5;43;103m;;;;tttttttt[0;1;30;90;43m.[0;1;34;94;44m@888888[0;1;30;90;44m8S[0;1;34;94;44m@[0;35;5;40;100m%[0;1;33;93;43m%[0;1;30;90;43m.:[0;34;5;40;100mX[0;1;34;94;44m@88888@@[0;30;44mS[0m         
          [0;34;40m8[0;1;34;94;44m@88888[0;1;30;90;44m8[0;1;30;90;43m::[0;33;5;43;103m@[0;1;30;90;43m::[0;1;33;93;43mX[0;33;5;43;103m%ttt[0;1;30;90;43m;[0;1;34;94;44m888[0;34;5;40;100m@[0;33;5;43;103m%tttttttttttt%[0;34;5;40;100mX[0;1;34;94;44m888888%[0;33;5;40;100mX[0;1;30;90;43mt..[0;33;5;40;100mS[0;1;34;94;44m%88888@@X[0;34;40m8[0m          
            [0;1;34;94;44m;8888t[0;1;30;90;43m;.[0;33;5;43;103mtX[0;1;33;93;43m8[0;33;5;43;103m@[0;1;33;93;43m@[0;33;5;43;103mXtt[0;33;5;40;100mS[0;1;34;94;44m;[0;1;30;90;44m%[0;1;30;90;43mX[0;33;5;43;103m%tttttttttttttt%[0;1;30;90;43mS[0;1;30;90;44m%[0;1;34;94;44m:88@[0;35;5;40;100mX[0;1;30;90;43m;:X[0;33;5;40;100mX[0;1;34;94;44m@8888@@@;[0m            
             [0;30;44m%[0;1;34;94;44m8888[0;35;5;40;100m%[0;33;5;43;103m%ttt%[0;1;33;93;43m@@X[0;33;5;40;100mt[0;1;34;94;44m@88[0;1;30;90;44mt[0;1;30;90;43mX[0;33;5;43;103mtttttttttttttt[0;1;30;90;43m%[0;1;30;90;44mt[0;1;34;94;44m888t[0;1;30;90;43mX[0;1;33;93;43mX[0;1;30;90;43m@[0;35;44m;[0;1;34;94;44m@[0;34;5;40;100m@[0;1;30;90;44mt[0;1;34;94;44m88@@@@[0;30;44m%[0m             
              [0;34;40mS[0;1;34;94;44m;88@[0;33;5;40;100mS[0;33;5;43;103m@tttX[0;1;30;90;43m8[0;34;5;40;100m8[0;1;34;94;44m88888%[0;1;33;93;43m%[0;33;5;43;103mtttttttttt%%[0;1;33;93;43mS[0;1;34;94;44m;888[0;33;5;40;100m8[0;1;30;90;43m8@[0;1;30;90;44mX[0;1;34;94;44m88888@@@@;[0;34;40mS[0m              
                [0;30;44m8[0;1;34;94;44mS88t[0;34;5;40;100m@[0;35;5;40;100mt[0;34;5;40;100m@[0;1;34;94;44mt88888888[0;1;30;90;43m.[0;33;5;43;103mtttt%%%%%%%%[0;1;30;90;43m.[0;1;34;94;44mX888[0;1;30;90;44mX[0;34;5;40;100mX[0;1;34;94;44m%8888@@@@S[0;30;44m8[0m                
                  [0;30;44m%[0;1;34;94;44m@888888888888[0;34;5;40;100m8[0;33;5;43;103mS%%%%%%%%%%%%S[0;34;5;40;100m8[0;1;34;94;44m@888888@@@@@@[0;30;44mt[0m                  
                    [0;30;44mt[0;1;34;94;44m@8888888;[0;30;44m%[0;1;30;90;43m@[0;33;5;43;103mS%%%%%%%%%%%%%%X[0;1;30;90;43mX[0;30;44mS[0;1;34;94;44m.8@@@@@@X[0;30;44mt[0m                    
                      [0;30;44m%[0;1;34;94;44mX888888@[0;1;30;90;44mt[0;1;30;90;43mS[0;33;5;43;103m%%%%%%%%%%%SSS[0;1;30;90;43mt[0;1;30;90;44mt[0;1;34;94;44m@@@@@@@X[0;30;44m%[0m                      
                        [0;30;44m@[0;1;34;94;44m%888888t[0;1;33;93;43mt[0;33;5;43;103m%%%SSSSSSSSS[0;1;33;93;43m%[0;1;34;94;44m:@@@@@@%[0;30;44m@[0m                        
                          [0;34;40m@[0;30;44m.[0;1;34;94;44m@888@[0;1;30;90;43m.[0;33;5;43;103mSSSSSSSSSSSS[0;1;30;90;43m [0;1;34;94;44mS@@@@[0;30;44m [0;34;40m8[0m                          
                             [0;30;44m@[0;1;34;94;44m:@[0;34;5;40;100m8[0;33;5;43;103m@SSSSSSSSSSSS@[0;34;5;40;100m8[0;1;34;94;44m@:[0;30;44m@[0m                             
                                [0;33;41m8[0;1;30;90;43m [0;33;5;43;103mXSSSSSSSSSSX[0;1;30;90;43m [0;31;43m8[0m                                
                                   [0;33;41m8[0;1;30;90;43m [0;1;33;93;43mX[0;33;5;43;103mSSSS[0;1;33;93;43m@[0;1;30;90;43m [0;33;41m8[0m                                   
                                      [0;31;40mS[0;1;30;90;43m  [0;31;40mS[0m                                      
