[0;1;30;90;43m.[0;1;33;93;43mSXXXXXXXXXXXXXXXXXXXXXXXXXXXXXXXXXXXXXXXXXXXXXXXXXXXXXXXSSSSSSSSSSSSS%%%[0;1;30;90;43m       [0m
[0;1;30;90;43m.[0;33;5;43;103m;;;;;;;;;;;;;;;;;;;;;;;;;;;:::;;;;;;;;;;;;;;;;;;;;;;;;;ttttttttttt%%%%%%%%SSSS[0;1;30;90;43m [0m
[0;1;30;90;43m.[0;33;5;43;103m;;;;;;;;;;;;;;;;X[0;1;30;90;47mS[0;36;5;40;100m [0;34;5;40;100mS[0;1;34;94;44m8[0;34;5;44;104m888[0;1;30;90;44m8[0;36;5;40;100mt[0;37;5;40;100mX[0;33;47m8[0;33;5;43;103mt::::::::;;;;;;;;;;;;t[0;37;43m@[0;37;5;40;100mX[0;36;5;40;100mt[0;1;30;90;44m8[0;1;34;94;44m8888[0;1;30;90;44m8[0;36;5;40;100m:[0;33;5;40;100m [0;1;33;93;43m8[0;33;5;43;103mttttt%%%%%%%%SSS[0;1;30;90;43m [0m
[0;1;30;90;43m:[0;33;5;43;103m;;;;;;;;;;;;;;[0;33;47m8[0;36;5;40;100mt[0;36;5;44;104m8[0;1;30;90;47mX[0;1;37;97;47m [0;36;5;44;104m@[0;34;5;44;104m88888[0;1;30;90;47m8[0;1;37;97;47m [0;1;30;90;47m8[0;34;5;44;104m8[0;36;5;40;100m [0;33;5;43;103m8::::::::::;;;;;;@[0;37;5;40;100m%[0;1;34;94;44m8[0;1;30;90;47m8[0;1;37;97;47m [0;1;30;90;47m8[0;34;5;44;104m8[0;1;34;94;44m8888[0;34;5;44;104m8[0;1;30;90;47m8S[0;36;5;40;100m:[0;1;30;90;44m8[0;33;5;40;100m [0;33;5;43;103mStttt%%%%%%%SS[0;1;30;90;43m [0m
[0;1;30;90;43m:[0;33;5;43;103m;;;;;;;;;;;;[0;37;43m@[0;1;30;90;44m8[0;1;30;90;47m8[0;1;37;97;47m@[0;37;5;47;107mt8[0;34;5;44;104m88[0;1;34;94;44m@[0;1;30;90;44mS[0;30;44m@[0;1;30;90;44mS[0;34;5;44;104m88[0;36;5;44;104m@[0;37;5;47;107m;t[0;1;37;97;47m.[0;36;5;44;104m@[0;36;5;40;100m [0;33;5;43;103mS:::::::::::;t[0;37;5;40;100m@[0;34;5;44;104m8[0;1;37;97;47m [0;37;5;47;107m%t[0;1;30;90;47m8[0;34;5;44;104m8[0;1;34;94;44m8[0;1;30;90;44m;[0;30;44m88[0;1;34;94;44m;88[0;1;37;97;47m [0;37;5;47;107m%8[0;1;30;90;47m8[0;1;34;94;44mX[0;1;30;90;43m8[0;33;5;43;103mttt%%%%%%%%S[0;1;30;90;43m [0m
[0;1;30;90;43m:[0;33;5;43;103m;;;;;;;;;;;8[0;34;5;44;104m8[0;1;30;90;47m@[0;37;5;47;107m;;;[0;1;37;97;47m [0;34;5;44;104m88[0;1;30;90;44mX[0;1;30;90;40mXXX[0;1;30;90;44mX[0;34;5;44;104m88[0;37;5;47;107m@;;;[0;36;5;44;104m@[0;36;5;40;100m%[0;33;5;43;103m::::::::::::[0;36;5;40;100m [0;34;5;44;104m8[0;37;5;47;107m@ttt[0;34;5;44;104m88[0;1;34;94;44m;[0;34;40m:::t[0;1;34;94;44m88[0;37;5;40;100m.[0;37;5;47;107m%%%[0;1;37;97;47m [0;1;34;94;44m8[0;1;30;90;43m8[0;33;5;43;103mttt%%%%%%%%[0;1;30;90;43m [0m
[0;1;30;90;43m:[0;33;5;43;103m;;;;;;;;;:::[0;33;47m8[0;1;34;94;44m8[0;1;30;90;47m8[0;37;5;47;107m8;8[0;34;5;44;104m88[0;1;34;94;44mX[0;1;30;90;44m@@@[0;34;5;44;104m88[0;36;5;44;104m@[0;37;5;47;107m;:[0;1;37;97;47mX[0;1;30;90;47m8[0;36;5;40;100m.[0;37;5;43;103m@[0;33;5;43;103m::::::::::::%[0;36;5;40;100m [0;34;5;44;104m8[0;1;37;97;47m [0;37;5;47;107mtt[0;1;30;90;47m8[0;34;5;44;104m8[0;1;34;94;44m8[0;30;44mt[0;34;40m@8[0;1;30;90;44m:[0;1;34;94;44m88[0;1;37;97;47m [0;37;5;47;107m%@[0;1;30;90;47m8[0;1;34;94;44m8[0;33;5;40;100m [0;33;5;43;103mttttt%%%%%%%[0;1;30;90;43m.[0m
[0;1;30;90;43m:[0;33;5;43;103m;;;;;;;::::::t[0;1;30;90;47mS[0;34;5;40;100mS[0;1;30;90;47m8[0;1;37;97;47m  [0;36;5;44;104m@[0;34;5;44;104m88@@@[0;1;30;90;47m8[0;1;37;97;47m% [0;36;5;44;104m@[0;36;5;40;100m [0;33;47m8[0;37;5;43;103m;[0;33;5;43;103m..:::::::::::::8[0;36;5;40;100m [0;34;5;44;104m8[0;1;30;90;47m8[0;1;37;97;47m;[0;1;30;90;47m8[0;34;5;44;104m888888[0;1;30;90;47m@[0;1;37;97;47m [0;1;30;90;47m8[0;1;34;94;44m@[0;37;5;40;100mX[0;33;5;43;103mXttttttt%%%%%%[0;1;30;90;43m.[0m
[0;1;30;90;43m:[0;33;5;43;103m;;;;;;::::::::::[0;37;5;43;103m8[0;1;30;90;47m8[0;36;5;40;100m t[0;34;5;44;104m@@@@@[0;36;5;40;100m:[0;37;5;40;100mS[0;1;30;90;47m;[0;37;5;43;103mX:::::::[0;33;5;43;103m..:::::::::::%[0;33;47m8[0;36;5;40;100m [0;34;5;40;100mX[0;34;5;44;104m88888[0;1;34;94;44m8[0;34;5;40;100mS[0;37;5;40;100mS[0;37;43m@[0;33;5;43;103mt;;ttttttt%%%%%%[0;1;30;90;43m.[0m
[0;1;30;90;43m:[0;33;5;43;103m;;;;;::::::::::::.[0;37;5;43;103m::;SX%::::::::::::::;[0;33;5;43;103m.::::::::::::;;%SSt;;;;;;;;ttttttt%%%%%[0;1;30;90;43m.[0m
[0;1;30;90;43m:[0;33;5;43;103m;;;;::8[0;37;5;40;100m8[0;36;5;40;100m [0;37;5;40;100m8[0;33;5;43;103mX::::.[0;37;5;43;103m::::::@[0;1;30;90;47mt88[0;1;33;93;47m@[0;37;5;43;103m........:::S[0;33;47m@[0;37;5;40;100m@%[0;33;47m8[0;33;5;43;103m:::::::::;;S[0;37;5;40;100m8[0;36;5;40;100m  [0;37;43m8[0;33;5;43;103m;;;;;;;tttt%[0;1;30;90;43m8[0;36;5;40;100m ;[0;33;5;40;100m.[0;33;5;43;103mS%%[0;1;30;90;43m.[0m
[0;1;30;90;43m:[0;33;5;43;103m;;;t[0;1;30;90;47m%[0;34;5;40;100mS[0;34;5;44;104m88[0;33;47m8[0;33;5;43;103m:t:::.[0;37;5;43;103m:::::[0;1;33;93;47mS[0;37;5;40;100m%[0;34;5;44;104mXX[0;1;30;90;47m8[0;37;5;43;103m:;.........8[0;1;30;90;47m8[0;34;5;44;104m8@[0;36;5;40;100m:[0;37;5;43;103mSt[0;33;5;43;103m;::::::::[0;1;33;93;43m8[0;36;5;40;100m [0;34;5;44;104m88[0;36;5;40;100m:[0;33;5;43;103mtt;;;;;;;;t8[0;33;5;40;100m [0;1;34;94;44m@8S[0;33;5;43;103m@%S%%[0;1;30;90;43m.[0m
[0;1;30;90;43mt[0;1;33;93;43m8[0;37;5;40;100m8[0;36;5;40;100m [0;1;34;94;44m8[0;34;5;44;104m8888[0;1;30;90;47mX[0;33;5;43;103m;:::[0;37;5;43;103m;:;8[0;33;47m@[0;1;30;90;47m8[0;36;5;44;104m8[0;34;5;44;104mXXXX[0;1;30;90;47m8[0;37;5;43;103mt......X[0;33;47m@[0;1;30;90;47mS[0;36;5;40;100m [0;34;5;44;104mXXX@[0;36;5;40;100m%[0;37;5;43;103m8:[0;33;5;43;103m.::::X[0;33;47m8[0;37;5;40;100m@[0;1;30;90;44m8[0;34;5;44;104m8888[0;34;5;40;100mS[0;33;5;43;103mX;;;;;;X[0;37;43mX[0;33;5;40;100m [0;34;5;40;100mX[0;1;34;94;44m8888X[0;1;33;93;43m8[0;33;5;43;103m%%%%[0;1;30;90;43m.[0m
[0;30;44m%[0;34;5;44;104m888888888[0;1;34;94;44m8[0;36;5;40;100m.  .[0;34;5;40;100m%[0;34;5;44;104m@@XXXXXXXXX[0;37;5;40;100m;[0;1;30;90;47m888[0;36;5;40;100m [0;36;5;44;104m@[0;34;5;44;104mXXXXXXXX@@[0;36;5;40;100mt  .[0;1;30;90;44m8[0;34;5;44;104m88888888888[0;1;30;90;44m8[0;36;5;40;100m;:%[0;1;30;90;44m8[0;1;34;94;44m88888888888S[0;34;5;40;100mS[0;36;5;40;100mt[0;34;5;40;100mS[0;30;44m@[0m
[0;1;30;90;44mt[0;34;5;44;104m88888888888@@@@X[0;36;5;44;104mX[0;34;5;44;104mXXXXXXXXS[0;36;5;44;104mXXXXXXX[0;34;5;44;104mXXXXXXXX@@@@@8@88888888888888888[0;1;34;94;44m8888888888888[0;30;44m%[0m
[0;37;5;40;100m8[0;37;5;47;107mX[0;1;37;97;47m [0;34;5;44;104m888888888@@[0;1;30;90;47m8[0;37;5;47;107m8.%[0;1;37;97;47m.[0;34;5;44;104mXXXXXS[0;36;5;44;104mXXXXX[0;1;37;97;47m [0;37;5;47;107mS S[0;1;37;97;47m [0;34;5;44;104mXXXXXXX@@@@[0;1;30;90;47mX[0;37;5;47;107mX;8[0;1;30;90;47m8[0;34;5;44;104m88888888888[0;1;30;90;47mX[0;37;5;47;107mX%[0;1;37;97;47m%[0;37;5;40;100m.[0;1;34;94;44m88888888888[0;1;30;90;47m%[0;37;5;40;100mX[0m
[0;37;5;40;100m8[0;36;5;44;104m8[0;34;5;44;104m8888888888@[0;1;37;97;47mt[0;37;5;47;107m:..[0;36;5;44;104mX[0;34;5;44;104mXXXXXS[0;36;5;44;104mXXXX[0;1;34;94;47m8[0;37;5;47;107m8  t[0;36;5;44;104mX[0;34;5;44;104mSXXXXXXXX@[0;36;5;44;104mX[0;37;5;47;107m8::8[0;34;5;44;104m888888888888[0;37;5;47;107m8tt[0;1;37;97;47m [0;1;34;94;44m88888888888[0;36;5;40;100mt[0;37;5;47;107m8X[0;37;5;40;100m8[0m
[0;37;5;40;100m8[0;34;5;44;104m@888888888@[0;1;37;97;47m;[0;37;5;47;107m::..[0;34;5;44;104mXXXXXXS[0;36;5;44;104mXXXX[0;37;5;47;107m@   %[0;36;5;44;104mXX[0;34;5;44;104mXXXXXXXXX[0;37;5;47;107mX:::[0;1;37;97;47mS[0;34;5;44;104m88888888888[0;37;5;47;107mSttt[0;1;37;97;47m [0;1;34;94;44m8888888888[0;34;5;44;104m8[0;37;5;47;107m@XX[0;37;5;40;100m8[0m
[0;37;5;40;100m8[0;1;37;97;47mX[0;34;5;44;104m888888888[0;1;30;90;47m8[0;37;5;47;107m:::..[0;1;37;97;47mS[0;34;5;44;104mXXXXXX[0;36;5;44;104mXXX[0;1;37;97;47m [0;37;5;47;107m     [0;1;37;97;47m:[0;36;5;44;104mX[0;34;5;44;104mXXXXXXXX[0;1;37;97;47m [0;37;5;47;107m::::;[0;1;30;90;47m8[0;34;5;44;104m888888888[0;1;37;97;47m;[0;37;5;47;107mtttt%[0;1;30;90;47m8[0;1;34;94;44m888888888[0;1;37;97;47mX[0;37;5;47;107mXXX[0;37;5;40;100m8[0m
[0;37;5;40;100m8[0;37;5;47;107mtX[0;1;30;90;47m8[0;34;5;44;104m8888888[0;1;37;97;47m:[0;37;5;47;107m:::...S[0;1;30;90;47m8[0;34;5;44;104mSXXXXS[0;36;5;44;104mX[0;37;5;47;107m@      @[0;1;30;90;47m8[0;36;5;44;104mX[0;34;5;44;104mXXXXXX[0;37;5;47;107m;::::;;[0;1;37;97;47mS[0;1;30;90;47m8[0;34;5;44;104m8888888[0;37;5;47;107mttttt%%[0;1;37;97;47m.[0;34;5;44;104m8[0;1;34;94;44m888888[0;34;5;44;104m8[0;37;5;47;107mXXXX[0;37;5;40;100m8[0m
[0;34;5;40;100mX[0;1;30;90;47m8888[0;34;5;44;104m888888[0;36;5;44;104m@[0;1;30;90;47m888888888[0;36;5;44;104mX[0;34;5;44;104mXXXXS[0;1;30;90;47m8@[0;1;37;97;47m      [0;1;30;90;47m@8[0;34;5;44;104mXXXXX@[0;1;30;90;47m8888888888[0;34;5;44;104m888888[0;1;30;90;47m888888888[0;34;5;44;104m8[0;1;34;94;44m888888[0;36;5;40;100m [0;1;30;90;47m888[0;34;5;40;100m@[0m
[0;30;44mS[0;34;5;44;104m888888888888@@@@@XXXXXXXXXXXXXXXXXXXXXXX@@@@@88888888888888888[0;1;34;94;44m8888888888888888[0;30;44mS[0m
[0;30;44m8[0;34;5;44;104m8888888[0;36;5;44;104m@[0;1;30;90;47m8[0;34;5;44;104m@888@@@@@XXXX[0;36;5;44;104mX[0;1;30;90;47m88[0;36;5;44;104mX[0;34;5;44;104mXXXXXXXXXXXX[0;36;5;44;104mX[0;1;30;90;47m88[0;34;5;44;104m@@@88888888888[0;36;5;44;104m@8[0;34;5;44;104m88888[0;1;34;94;44m88888888[0;34;5;44;104m8[0;36;5;44;104m8[0;34;5;44;104m8[0;1;34;94;44m88888[0;30;44m8[0m
[0;34;40mX[0;34;5;44;104m88888[0;1;30;90;47m8[0;37;5;47;107mS;[0;1;37;97;47m@ [0;34;5;44;104m8888@@@@@@X[0;1;37;97;47m [0;37;5;47;107m. 8[0;1;37;97;47m [0;34;5;44;104mXXXXXXXXXX[0;36;5;44;104mX[0;1;37;97;47m;[0;37;5;47;107m::[0;1;37;97;47mt[0;1;30;90;47m8[0;34;5;44;104m@8888888888[0;1;37;97;47mt[0;37;5;47;107mtt[0;1;37;97;47m [0;1;30;90;47m8[0;34;5;44;104m8888[0;1;34;94;44m888888[0;34;5;44;104m8[0;1;37;97;47mt[0;37;5;47;107mS@[0;1;30;90;47mX[0;36;5;44;104m8[0;1;34;94;44m8888[0;34;40m@[0m
 [0;1;34;94;44m8[0;34;5;44;104m888[0;1;37;97;47m%[0;37;5;47;107mtt;[0;34;5;44;104m8888888@@@@[0;36;5;44;104m@[0;37;5;47;107m8..t[0;34;5;44;104mXXXXXXXXXX@[0;36;5;44;104mX[0;37;5;47;107mS::8[0;34;5;44;104m@@888888888[0;36;5;40;100m.[0;37;5;47;107mStt[0;1;37;97;47m:[0;34;5;44;104m88888[0;1;34;94;44m888888[0;1;30;90;47m8[0;37;5;47;107mXSS[0;1;30;90;47m8[0;1;34;94;44m888888[0m 
 [0;1;34;94;44m;[0;34;5;44;104m88[0;1;37;97;47m%[0;37;5;47;107mtttt[0;34;5;44;104m@88888888@@[0;37;5;47;107m8:::t[0;34;5;44;104mX@@@@@@@@@X[0;37;5;47;107mS:::X[0;34;5;44;104m@888888888@[0;37;5;47;107m%ttt[0;1;37;97;47m%[0;34;5;44;104m8888[0;1;34;94;44m888888[0;36;5;40;100m;[0;37;5;47;107mSSSS[0;1;37;97;47m [0;1;34;94;44m88888t[0m 
 [0;30;44mS[0;34;5;44;104m8[0;1;30;90;47m8[0;37;5;47;107mttttt8[0;34;5;44;104m@88888888[0;1;30;90;47mX[0;37;5;47;107m:::::8[0;34;5;44;104mX@@@@@@@@[0;1;37;97;47m [0;37;5;47;107m::::;[0;1;37;97;47mt[0;34;5;44;104m@88888888[0;1;37;97;47m:[0;37;5;47;107mttttt[0;1;37;97;47m [0;34;5;44;104m888[0;1;34;94;44m888888[0;1;37;97;47m@[0;37;5;47;107mSSSSX[0;1;30;90;47m8[0;1;34;94;44m8888[0;30;44m%[0m 
  [0;1;34;94;44m8[0;1;37;97;47m [0;37;5;47;107mtttttt%[0;1;37;97;47m [0;34;5;44;104m@888888[0;37;5;47;107m8;;::::t[0;1;37;97;47m [0;36;5;44;104m@[0;34;5;44;104m@@@@@8[0;37;5;47;107m%:;;;;;X[0;1;30;90;47m8[0;34;5;44;104m8888888[0;37;5;47;107mttttttt8[0;1;30;90;47m8[0;34;5;44;104m8[0;1;34;94;44m88888[0;34;5;44;104m8[0;37;5;47;107mSSSSSXX[0;1;37;97;47m;[0;36;5;40;100m.[0;1;34;94;44m8@[0;34;40m%[0m 
  [0;1;30;90;44m:[0;34;5;44;104m88[0;36;5;44;104m888@@@@@[0;34;5;44;104m888888@[0;36;5;44;104m@@[0;36;5;40;100m [0;1;30;90;47m88888[0;36;5;44;104m@[0;34;5;44;104m888888[0;36;5;44;104m@@@@[0;36;5;40;100m   [0;36;5;44;104m@@@[0;34;5;44;104m8888888[0;36;5;44;104m88888888[0;34;5;44;104m8[0;1;34;94;44m888888[0;34;5;44;104m8888[0;36;5;44;104m88[0;34;5;44;104m88[0;1;34;94;44m88.[0m  
  [0;34;40mS[0;1;34;94;44m8[0;34;5;44;104m888888888888888888888888888888888888888888888888888888[0;1;34;94;44m888888888888888888@[0;34;40mX[0m  
   [0;30;44m:[0;34;5;44;104m88888888888@[0;1;30;90;47m88[0;36;5;44;104m@[0;34;5;44;104m888888888888[0;36;5;44;104m@[0;1;30;90;47m88[0;34;5;44;104m@888888888888[0;36;5;44;104m8[0;1;30;90;47m88[0;34;5;44;104m888888[0;1;34;94;44m8888888[0;36;5;40;100m;[0;1;30;90;47m88[0;1;34;94;44m8888888888[0;30;44m.[0m   
    [0;1;34;94;44mX[0;34;5;44;104m888888888[0;1;37;97;47m:[0;37;5;47;107mtt[0;1;37;97;47m [0;1;30;90;47m8[0;34;5;44;104m8888888888@[0;1;37;97;47mS[0;37;5;47;107m;;[0;1;37;97;47m [0;1;30;90;47m8[0;34;5;44;104m8888888888[0;36;5;44;104m8[0;1;37;97;47m@[0;37;5;47;107mt%[0;1;30;90;47m8[0;36;5;40;100m.[0;34;5;44;104m8888[0;1;34;94;44m888888[0;36;5;44;104m8[0;37;5;47;107m8S8[0;1;30;90;47m8[0;36;5;44;104m8[0;1;34;94;44m88888888S[0m    
    [0;34;40m8[0;1;34;94;44m8[0;34;5;44;104m8888888[0;37;5;47;107m8ttt[0;34;5;44;104m88888888888[0;36;5;44;104m@[0;37;5;47;107mStt8[0;34;5;44;104m88888888888[0;1;30;90;47m8[0;37;5;47;107m%tt[0;1;37;97;47m:[0;34;5;44;104m8888[0;1;34;94;44m8888888[0;1;30;90;47m8[0;37;5;47;107mSSS[0;1;30;90;47m@[0;1;34;94;44m888888888@[0;34;40m8[0m    
     [0;30;44m@[0;1;34;94;44m88[0;34;5;44;104m8888[0;37;5;47;107m8tttt[0;34;5;44;104m88888888888[0;37;5;47;107mStttS[0;34;5;44;104m8888888888[0;36;5;44;104m8[0;37;5;47;107m%ttt8[0;34;5;44;104m88[0;1;34;94;44m88888888[0;1;30;90;47m8[0;37;5;47;107mSSSS[0;1;37;97;47m.[0;1;34;94;44m88888888@[0;30;44mX[0m     
      [0;30;44mt[0;1;34;94;44m888[0;34;5;44;104m8[0;1;30;90;47m8[0;37;5;47;107mttttt8[0;36;5;44;104m8[0;34;5;44;104m88888888[0;1;37;97;47m [0;37;5;47;107mttttt8[0;34;5;44;104m888888888[0;1;37;97;47m;[0;37;5;47;107mttttt[0;1;37;97;47m;[0;34;5;44;104m8[0;1;34;94;44m88888888[0;37;5;47;107m8SSSSS[0;1;37;97;47m [0;1;34;94;44m888888@[0;30;44m;[0m      
       [0;30;44m:[0;1;34;94;44m888[0;1;37;97;47m [0;37;5;47;107mttttttt[0;1;37;97;47m [0;36;5;40;100m.[0;34;5;44;104m888888[0;37;5;47;107m8tttttt%[0;1;37;97;47m [0;36;5;44;104m8[0;34;5;44;104m888888[0;37;5;47;107m%tt%%%%S[0;1;30;90;47mS[0;34;5;44;104m8[0;1;34;94;44m88888[0;34;5;44;104m8[0;37;5;47;107mSSSSXXX8[0;1;30;90;47m8[0;1;34;94;44m88@@[0;30;44m.[0m       
        [0;30;44m;[0;1;34;94;44m888[0;34;5;44;104m888888888888888888888888888888[0;1;34;94;44m8[0;34;5;44;104m8888888888[0;1;34;94;44m8888888888888888@@[0;30;44m:[0m        
         [0;30;44mS[0;1;34;94;44m888888888888[0;34;5;44;104m888888888888888[0;1;34;94;44m8888888888888888888888888888888@@[0;30;44mS[0m         
          [0;34;40m8[0;1;34;94;44m@8888888888[0;34;5;44;104m8[0;1;30;90;47m8@X8[0;1;34;94;44m88888888888[0;34;5;44;104m8[0;1;30;90;47m8@@[0;36;5;44;104m8[0;1;34;94;44m888888888888[0;1;30;90;47m888[0;34;5;44;104m8[0;1;34;94;44m8888888@@X[0;34;40m8[0m          
            [0;1;34;94;44m;88888888[0;34;5;44;104m8[0;37;5;47;107m8%%[0;1;30;90;47m8[0;34;5;44;104m8[0;1;34;94;44m8888888888[0;36;5;40;100m [0;37;5;47;107m8%S[0;1;30;90;47m8[0;34;5;44;104m8[0;1;34;94;44m8888888888[0;1;30;90;47m8[0;37;5;47;107m@S8[0;36;5;40;100m:[0;1;34;94;44m888888@@@;[0m            
             [0;30;44m%[0;1;34;94;44m888888[0;36;5;40;100m.[0;37;5;47;107mS%%8[0;1;34;94;44m88888888888[0;1;30;90;47m8[0;37;5;47;107m%%%[0;1;37;97;47m%[0;1;34;94;44m88888888888[0;1;30;90;47m8[0;37;5;47;107mXXX[0;1;37;97;47m [0;1;34;94;44m88888@@@@[0;30;44m%[0m             
              [0;34;40mS[0;1;34;94;44m;888[0;34;5;44;104m8[0;37;5;47;107mXSSSS[0;34;5;44;104m8[0;1;34;94;44m888888888[0;34;5;44;104m8[0;37;5;47;107mSSSS@[0;34;5;44;104m8[0;1;34;94;44m888888888[0;36;5;40;100m.[0;37;5;47;107mXXXX[0;1;37;97;47m@[0;1;34;94;44m888@@@@;[0;34;40mS[0m              
                [0;30;44m8[0;1;34;94;44mS8[0;1;37;97;47m [0;37;5;47;107mSSSSS@[0;1;30;90;47m8[0;1;34;94;44m88888888[0;1;37;97;47m:[0;37;5;47;107mSSSSS8[0;36;5;40;100m:[0;1;34;94;44m88888888[0;1;37;97;47mS[0;37;5;47;107mXXX@@[0;1;37;97;47m%[0;1;34;94;44m8@@@S[0;30;44m8[0m                
                  [0;30;44m%[0;1;37;97;47m [0;37;5;47;107m8888@88[0;1;37;97;47mt[0;1;30;90;47m8[0;1;34;94;44m888888[0;1;37;97;47mX[0;37;5;47;107m8888888[0;1;37;97;47m [0;36;5;40;100m:[0;1;34;94;44m888888[0;1;37;97;47m@8[0;37;5;47;107m888888[0;1;30;90;47m%[0;1;30;90;44m8[0;30;44mt[0m                  
                    [0;30;44mt[0;1;34;94;44m@888888888888888888888888888888@@@@@@X[0;30;44mt[0m                    
                      [0;30;44m%[0;1;34;94;44mX888888888888888888888888@@@@@@@@X[0;30;44m%[0m                      
                        [0;30;44m@[0;1;34;94;44m%88888[0;1;30;90;47m8[0;1;37;97;47m  [0;1;30;90;47m8[0;1;34;94;44m88888888@@@8[0;1;30;90;47m8[0;1;37;97;47m  [0;36;5;40;100m [0;1;34;94;44m@@@%[0;30;44m@[0m                        
                          [0;34;40m@[0;30;44m.[0;1;34;94;44m@[0;1;30;90;47m8[0;37;5;47;107m8@8[0;1;34;94;44m88@@@@@@@@@@[0;1;30;90;47m8[0;37;5;47;107m8@[0;1;37;97;47m@[0;1;34;94;44m88@[0;30;44m [0;34;40m8[0m                          
                             [0;36;5;40;100m [0;1;37;97;47m.[0;37;5;47;107m@[0;1;37;97;47m%[0;1;34;94;44m@@@@@@@@@@@[0;1;37;97;47m [0;37;5;47;107m@@@[0;1;37;97;47m [0;1;34;94;44m:[0;30;44m@[0m                             
                                [0;36;5;40;100m [0;1;30;90;44mX[0;1;34;94;44m@@@@@@@@@[0;1;30;90;47m8[0;37;5;47;107m@@[0;1;37;97;47mt[0;37;5;40;100mX[0m                                
                                   [0;30;44m@[0;1;34;94;44m X@@@@@[0;1;30;90;47m@[0;36;5;40;100m [0m                                   
                                      [0;34;40m@[0;30;44mS%[0;34;40m@[0m                                      
