[0;34;40m .....[0;1;30;90;40m8[0;36;5;40;100m  [0;1;30;90;40mS[0;34;40m.........::::::::;[0;36;5;40;100m [0;37;5;40;100mS[0;36;5;40;100mt[0;34;40m:::::::::.........[0;30;5;40;100mS[0;36;5;40;100m  [0;34;40m;.............    ;[0;36;5;40;100m  [0;1;30;90;40m8[0;34;40m      [0m
[0;34;40m....;[0;36;5;40;100m [0;1;30;90;47m@[0;1;37;97;47m@S[0;1;30;90;47m8[0;36;5;40;100m:[0;34;40m:::::::::;;;;;;[0;30;5;40;100mS[0;1;30;90;47m8[0;1;37;97;47mt@[0;1;30;90;47m:[0;37;5;40;100mX[0;1;30;90;40m8[0;34;40m;;;;;;::::::::[0;1;30;90;40mS[0;36;5;40;100m [0;1;30;90;47m;[0;1;37;97;47m@t[0;37;5;40;100m8[0;30;5;40;100mS[0;34;40m...............[0;36;5;40;100m%[0;37;5;40;100m@[0;1;37;97;47m:%[0;1;30;90;47m8[0;36;5;40;100m.[0;34;40m:    [0m
[0;34;40m..[0;1;30;90;40m%[0;37;5;40;100mS[0;1;37;97;47mSX[0;1;30;90;47mX@[0;37;5;40;100mS[0;1;37;97;47m @;[0;36;5;40;100m [0;34;40m;::;;;;;;;;[0;36;5;40;100m.[0;1;30;90;47m.[0;1;37;97;47m8t[0;37;5;40;100mS[0;1;37;97;47m.[0;37;5;40;100mX[0;1;37;97;47mS8[0;1;30;90;47m8[0;30;5;40;100m8[0;34;40m;;;;;;;;::[0;1;30;90;40m8[0;37;5;40;100m8[0;1;37;97;47m@S[0;37;5;40;100mS[0;1;30;90;47m.[0;36;5;40;100m [0;1;37;97;47m:@[0;1;30;90;47m.[0;36;5;40;100m:[0;34;40m:..........[0;36;5;40;100m:[0;1;30;90;47m.[0;1;37;97;47mS[0;1;30;90;47m.[0;36;5;40;100m [0;1;30;90;47m@[0;37;5;40;100m@[0;1;37;97;47m;;[0;36;5;40;100m [0;34;40m;  [0m
[0;34;40m.[0;1;30;90;40mX[0;36;5;40;100m:[0;30;5;40;100mX[0;1;30;90;40mX[0;34;40m::::::[0;1;30;90;40m8[0;36;5;40;100mt:[0;1;30;90;40mS[0;34;40m;;;;;;;[0;1;30;90;40mS[0;36;5;40;100m:.[0;30;5;40;100m@[0;1;30;90;40mXSSSSS8[0;30;5;40;100mS[0;36;5;40;100m [0;30;5;40;100m@[0;1;30;90;40m%[0;34;40m;;;;;;;[0;30;5;40;100m8[0;36;5;40;100m [0;30;5;40;100mX[0;1;30;90;40mX[0;34;40m::::::[0;1;30;90;40m8[0;36;5;40;100mtt[0;34;40m:.......:[0;30;5;40;100m%S[0;1;30;90;40m@[0;34;40m...   ;[0;30;5;40;100m8[0;36;5;40;100mt[0;34;40m; [0m
[0;34;40m..:::::::::;;;;;;[0;30;5;40;100mX8[0;1;30;90;40mSSSSSSSSSXXXSSSSSSSS[0;30;5;40;100m@@[0;34;40m;;;;;;;:::::::::....;[0;30;5;40;100m@[0;34;40m..........       [0m
[0;34;40m.::::::::;;;;;;[0;1;30;90;40m%S[0;1;30;90;47m8[0;37;5;40;100mS[0;1;30;90;40mSSXXXXXXXXXXXXXXXXXS[0;37;5;40;100m88[0;1;30;90;40mSS%[0;34;40m;;;;;;::::::::...[0;36;5;40;100m [0;1;30;90;47m8[0;34;40m..........       [0m
[0;34;40m.:::::::;;;;;[0;1;30;90;40m%SSX[0;1;37;97;47mS:[0;1;30;90;40mXXX@@@@@@@@@@@@@@XXX[0;1;37;97;47m%S[0;1;30;90;40mXSSS%[0;34;40m;;;;;::::::::..[0;1;30;90;47mt[0;1;37;97;47mS[0;34;40m;..........      [0m
[0;34;40m.:::::;;;;;[0;1;30;90;40m%SSSX[0;36;5;40;100m [0;1;37;97;47m  [0;36;5;40;100m:[0;1;30;90;40m@@@888888888888@@@[0;36;5;40;100m [0;1;37;97;47m  [0;36;5;40;100m [0;1;30;90;40mXSSSS[0;34;40m;;;;;;:::::::[0;30;5;40;100m@[0;1;30;90;47m;;[0;36;5;40;100m [0;34;40m...........     [0m
[0;34;40m.::::;;;;;[0;1;30;90;40m%SSS[0;30;5;40;100m8[0;1;30;90;47m8S[0;1;37;97;47m88[0;1;30;90;47m%8[0;30;5;40;100m@[0;1;30;90;40m88888888888888[0;30;5;40;100m@[0;1;30;90;47m8%[0;1;37;97;47m88[0;1;30;90;47mS8[0;30;5;40;100m8[0;1;30;90;40mXSSS%[0;34;40m;;;;;::::[0;1;30;90;40mS[0;37;5;40;100mS[0;1;30;90;47m8[0;1;37;97;47mt@[0;1;30;90;47m8[0;37;5;40;100m@[0;1;30;90;40m@[0;34;40m.........     [0m
[0;30;5;40;100m@[0;1;30;90;40m8[0;34;40m::;;;;;[0;1;30;90;40mSSS[0;30;5;40;100mS[0;1;30;90;47mS[0;1;37;97;47mX.[0;1;30;90;47mX[0;37;5;40;100m@S[0;1;30;90;47mt[0;1;37;97;47m;@[0;1;30;90;47m%[0;36;5;40;100mt[0;1;30;90;40m8[0;30;5;40;100m888888888[0;36;5;40;100m;[0;1;30;90;47m%[0;1;37;97;47m@;[0;1;30;90;47m%[0;37;5;40;100mX8[0;1;30;90;47m@[0;1;37;97;47m.X[0;1;30;90;47mS[0;30;5;40;100mS[0;1;30;90;40mXSS%[0;34;40m;;;;;:[0;1;30;90;40m8[0;37;5;40;100m8[0;1;37;97;47mt[0;1;30;90;47m.@[0;36;5;40;100m [0;37;5;40;100mSX[0;1;30;90;47m:[0;1;37;97;47mt[0;1;30;90;47m@[0;30;5;40;100m8[0;34;40m........  [0;1;30;90;40m%[0;30;5;40;100m8[0m
[0;34;40m;[0;30;5;40;100m@[0;1;30;90;40mS[0;34;40m;;;;[0;1;30;90;40m%SSS8[0;36;5;40;100mt[0;30;5;40;100m8[0;1;30;90;40m@@88888[0;30;5;40;100m8X[0;36;5;40;100m [0;30;5;40;100mX88888888S[0;36;5;40;100m [0;30;5;40;100mS8[0;1;30;90;40m888888@[0;30;5;40;100m8[0;36;5;40;100mt[0;30;5;40;100m8[0;1;30;90;40mXSSS[0;34;40m;;;;[0;1;30;90;40mS[0;30;5;40;100mX[0;1;30;90;40mX[0;34;40m::::....;[0;30;5;40;100m8[0;1;30;90;40mS[0;34;40m....... :[0;30;5;40;100m8[0;34;40m:[0m
[0;34;40m.::;;;;[0;36;5;40;100m.[0;30;5;40;100m8[0;1;30;90;40mSXX@@@8888[0;30;5;40;100m888888@@@X[0;37;5;40;100m8[0;30;5;40;100m@@@@88888[0;1;30;90;40m88888@@XXXS[0;36;5;40;100m [0;1;30;90;40mX[0;34;40m;;;;:::::::........;[0;36;5;40;100m:[0;34;40m....   [0m
[0;34;40m.:;;;;[0;1;30;90;40m%[0;1;30;90;47m%[0;37;5;40;100mS[0;1;30;90;40mXXX@@8888[0;30;5;40;100m8888@@@XXX[0;36;5;40;100m [0;1;37;97;47m@[0;30;5;40;100mXXX@@@88888[0;1;30;90;40m8888@@XXX[0;1;37;97;47mt[0;36;5;40;100m [0;1;30;90;40m%[0;34;40m;;;;::::::........[0;36;5;40;100m [0;1;30;90;47mS[0;34;40m....   [0m
[0;34;40m.:;;;;[0;1;30;90;40m8[0;1;37;97;47m8:[0;1;30;90;40mXX@@8888[0;30;5;40;100m8888@@XXXSS[0;1;30;90;47m.[0;37;5;47;107mX[0;36;5;40;100m [0;30;5;40;100mSSXXX@@8888[0;1;30;90;40m8888@@X[0;36;5;40;100m;[0;37;5;47;107m8[0;1;30;90;47mt[0;1;30;90;40mS[0;34;40m;;;;::::::........[0;1;30;90;47mt[0;1;37;97;47mX[0;1;30;90;40mS[0;34;40m...   [0m
[0;34;40m.;;;;[0;1;30;90;40m%[0;37;5;40;100mX[0;1;30;90;47m..[0;36;5;40;100m [0;1;30;90;40m@@8888[0;30;5;40;100m8888@@XXSS%[0;36;5;40;100m [0;1;37;97;47m;%[0;1;30;90;47m:[0;36;5;40;100m:[0;30;5;40;100mSSSXX@@8888[0;1;30;90;40m888@@8[0;1;30;90;47m@.:[0;36;5;40;100m;[0;1;30;90;40m%[0;34;40m;;;;::::::......[0;36;5;40;100mt[0;1;30;90;47m%t[0;36;5;40;100m [0;34;40m...   [0m
[0;34;40m.;;;[0;36;5;40;100m.[0;1;30;90;47m:@[0;1;37;97;47m@t[0;1;30;90;47m;t[0;36;5;40;100m:[0;1;30;90;40m8888[0;30;5;40;100m888@@XXSS[0;36;5;40;100m [0;1;30;90;47mt[0;1;37;97;47mt%[0;37;5;47;107mS[0;1;30;90;47m.[0;1;37;97;47m%[0;1;30;90;47m8[0;36;5;40;100m;[0;30;5;40;100mSSXX@@888[0;1;30;90;40m8888[0;36;5;40;100m [0;1;37;97;47m [0;1;30;90;47mX[0;37;5;47;107m8[0;1;37;97;47m [0;1;30;90;47m:8[0;30;5;40;100m8[0;34;40m;;;::::::....[0;30;5;40;100m8[0;1;30;90;47m8X:[0;1;37;97;47mS[0;37;5;40;100m8[0;1;30;90;47m%[0;36;5;40;100mt[0;34;40m..  [0m
[0;34;40m.;[0;36;5;40;100m [0;1;30;90;47mt;8[0;36;5;40;100m  .[0;37;5;40;100m@[0;1;30;90;47mS[0;1;37;97;47m.[0;1;30;90;47m;[0;36;5;40;100m [0;1;30;90;40m8[0;30;5;40;100m8888@XXS[0;36;5;40;100m [0;1;30;90;47m:[0;1;37;97;47mS.[0;1;30;90;47m%[0;37;5;40;100mX[0;1;30;90;47mX[0;37;5;40;100m@[0;1;30;90;47m;[0;1;37;97;47m:t[0;1;30;90;47m@[0;36;5;40;100m:[0;30;5;40;100mSX@@888[0;1;30;90;40m8[0;30;5;40;100m@[0;37;5;40;100m@[0;1;37;97;47m [0;1;30;90;47m:8[0;36;5;40;100m [0;37;5;40;100mS[0;36;5;40;100m:[0;37;5;40;100m@[0;1;30;90;47mX.8[0;30;5;40;100mS[0;34;40m;::::::..[0;30;5;40;100mS[0;1;30;90;47m8;8[0;36;5;40;100m [0;30;5;40;100mX[0;36;5;40;100m.:[0;37;5;40;100m@[0;1;30;90;47mXS[0;36;5;40;100m [0;34;40m: [0m
[0;34;40m.[0;1;30;90;40mXS[0;34;40m;;[0;1;30;90;40mSSSXX@@8[0;30;5;40;100m8888@@@XX%[0;36;5;40;100m:%t;;:::;ttt:[0;30;5;40;100mSXX@@888X[0;1;30;90;40m88@@XXSS%[0;34;40m;;[0;1;30;90;40mX%[0;34;40m::::::.;;...........; [0m
[0;34;40m.;;;;[0;1;30;90;40mSSSXX@@888[0;30;5;40;100m88[0;36;5;40;100m  [0;30;5;40;100m@XXSS[0;36;5;40;100m%tt;;;;;tt[0;30;5;40;100m%SSX@[0;36;5;40;100m  [0;30;5;40;100m88[0;1;30;90;40m8888@@XXSS%[0;34;40m;;;;:::[0;1;30;90;40m8[0;36;5;40;100m [0;34;40m:..............  [0m
[0;34;40m.;;;;[0;1;30;90;40m%SSXX@@8888[0;30;5;40;100m8[0;1;30;90;47m t[0;30;5;40;100m@@XXSS%[0;36;5;40;100mttttttt[0;30;5;40;100m%SSXX@[0;1;30;90;47m..[0;30;5;40;100m88[0;1;30;90;40m8888@@XXSS%[0;34;40m;;;;:::[0;37;5;40;100mS[0;1;30;90;47m:[0;34;40m:..............  [0m
[0;34;40m.;;;;[0;1;30;90;40m%SSXX@@8888[0;30;5;40;100m@[0;37;5;47;107m8[0;1;37;97;47m8[0;30;5;40;100m@@@XXSSS%%%%SSSSXX@X[0;37;5;47;107m8@[0;30;5;40;100mX[0;1;30;90;40m8888@@XXSSS[0;34;40m;;;;::::[0;1;37;97;47m:8[0;1;30;90;40m@[0;34;40m.............   [0m
[0;34;40m.:;;;;[0;1;30;90;40mSSSXX@@888[0;1;30;90;47m8[0;1;37;97;47m:;[0;37;5;40;100m8[0;30;5;40;100m@@@XXXXSSSSSXXX@@@[0;1;30;90;47m8[0;1;37;97;47m;;[0;1;30;90;47m8[0;30;5;40;100m8[0;1;30;90;40m888@@XXSS%[0;34;40m;;;;:::[0;36;5;40;100m [0;1;30;90;47m;:[0;37;5;40;100m@[0;34;40m:............   [0m
[0;34;40m.:;;;;[0;1;30;90;40m%SSXXX@[0;30;5;40;100m8[0;37;5;40;100m8[0;1;37;97;47mX[0;1;30;90;47m.[0;1;37;97;47mSt:@[0;37;5;40;100m8[0;30;5;40;100mX@@@@XXXXX@@@X[0;37;5;40;100m8[0;1;37;97;47m@.SX[0;1;30;90;47m:[0;1;37;97;47mX[0;37;5;40;100m@[0;30;5;40;100m8[0;1;30;90;40m@@XXSSS[0;34;40m;;;;;;[0;36;5;40;100m [0;1;37;97;47m:[0;1;30;90;47m:;[0;1;37;97;47m%[0;1;30;90;47m@[0;1;37;97;47mt[0;36;5;40;100m [0;1;30;90;40mS[0;34;40m..........   [0m
[0;1;30;90;40mX[0;36;5;40;100m [0;1;30;90;40mS[0;34;40m;;;;[0;1;30;90;40m%SSX8[0;36;5;40;100m [0;1;30;90;47mt@[0;37;5;40;100mX[0;36;5;40;100m :; [0;37;5;40;100m8[0;1;30;90;47m%.[0;37;5;40;100mX[0;30;5;40;100mS8@@@@@@8S[0;37;5;40;100m@[0;1;30;90;47m.t[0;37;5;40;100m8[0;36;5;40;100m :: [0;37;5;40;100mX[0;1;30;90;47mXt[0;36;5;40;100m [0;30;5;40;100m8[0;1;30;90;40mXSSS%[0;34;40m;;;[0;1;30;90;40mS[0;36;5;40;100m [0;1;30;90;47mX8[0;36;5;40;100m ;[0;30;5;40;100m8@X[0;36;5;40;100m [0;37;5;40;100m8[0;1;30;90;47mX[0;36;5;40;100m [0;1;30;90;40mS[0;34;40m........:[0;36;5;40;100mt[0;1;30;90;40m@[0m
 [0;34;40m:;:;;;[0;1;30;90;40m@SSSXXX@@888888[0;30;5;40;100m8888888S8888888[0;1;30;90;40m88888@@@XXSSS8[0;34;40m;;;;;::::::..........;... . [0m 
 [0;34;40m.::;;;[0;36;5;40;100m %[0;1;30;90;40m%SSSXX@@@88888888[0;30;5;40;100m88X[0;1;30;90;47m%[0;30;5;40;100m88[0;1;30;90;40m88888888@@@XXXSSS%[0;1;30;90;47m@[0;1;30;90;40m8[0;34;40m;;:::::::..........[0;1;30;90;40m8[0;36;5;40;100m [0;34;40m...   [0m 
 [0;34;40m.:::;;[0;1;37;97;47m [0;1;30;90;47m8[0;34;40m;[0;1;30;90;40m%SSSXXX@@@@8888888[0;37;5;40;100mX[0;1;37;97;47m8[0;30;5;40;100m8[0;1;30;90;40m8888888@@@@XXXSSS[0;34;40m;[0;1;30;90;40mX[0;1;37;97;47m@[0;36;5;40;100m [0;34;40m;:::::::...........[0;37;5;40;100mS[0;1;30;90;47m [0;34;40m..    [0m 
  [0;34;40m::::[0;30;5;40;100m8[0;1;37;97;47m8S[0;34;40m;;;[0;1;30;90;40m%SSSXXXX@@@@@888[0;1;37;97;47m [0;37;5;47;107m8[0;36;5;40;100m [0;1;30;90;40m888@@@@@XXXXSSS%[0;34;40m;;[0;36;5;40;100m [0;1;37;97;47m8 [0;34;40m::::::::...........[0;1;37;97;47m.X[0;1;30;90;40m8[0;34;40m.    [0m 
  [0;34;40m.::[0;1;30;90;40mX[0;37;5;40;100m8[0;1;30;90;47m::[0;37;5;40;100m%[0;1;30;90;40mX[0;34;40m;;;[0;1;30;90;40mSSSSXXXXXX@@@[0;36;5;40;100m [0;1;37;97;47m  [0;1;30;90;47m:[0;30;5;40;100mS[0;1;30;90;40m@@@XXXXXSSSS%[0;34;40m;;;[0;1;30;90;40m8[0;1;30;90;47m%::[0;36;5;40;100m [0;34;40m;:::::..........:[0;36;5;40;100m [0;1;30;90;47m%%[0;37;5;40;100m8[0;34;40m;   [0m  
  [0;34;40m [0;30;5;40;100m8[0;1;30;90;47m8[0;1;37;97;47m@[0;1;30;90;47mt[0;1;37;97;47m;[0;1;30;90;47mt[0;1;37;97;47m;X[0;37;5;40;100m8[0;1;30;90;40m8[0;34;40m;;;[0;1;30;90;40m%SSSSSXX8[0;37;5;40;100mS[0;1;37;97;47m%8[0;1;30;90;47mS[0;1;37;97;47m8[0;1;30;90;47m8[0;37;5;47;107m8[0;1;30;90;47m:[0;36;5;40;100m.[0;1;30;90;40mXXXSSSSS%[0;34;40m;;;[0;30;5;40;100mS[0;1;30;90;47m%[0;1;37;97;47m8[0;1;30;90;47m8[0;1;37;97;47m8[0;1;30;90;47mX[0;1;37;97;47mSt[0;36;5;40;100m [0;34;40m;:..........[0;1;30;90;40mS[0;36;5;40;100m [0;1;37;97;47mt:[0;1;30;90;47m8[0;1;37;97;47m:[0;1;30;90;47m8[0;1;37;97;47m%[0;37;5;40;100m8[0;1;30;90;40m8[0;34;40m [0m  
   [0;36;5;40;100m  [0;30;5;40;100mS[0;1;30;90;40m@@X8[0;36;5;40;100m; [0;37;5;40;100m8[0;36;5;40;100m [0;1;30;90;40mX[0;34;40m;;;;[0;1;30;90;40m%SSX[0;36;5;40;100m:[0;37;5;40;100m8X[0;36;5;40;100m [0;30;5;40;100mX[0;1;30;90;40m8[0;30;5;40;100m@[0;1;30;90;40m8[0;36;5;40;100mt [0;37;5;40;100m8X[0;30;5;40;100m@[0;1;30;90;40mSS%%[0;34;40m;;;;[0;30;5;40;100m8[0;36;5;40;100m [0;37;5;40;100m@[0;36;5;40;100m [0;30;5;40;100mS[0;1;30;90;40mX8S[0;30;5;40;100m8[0;36;5;40;100m; [0;37;5;40;100m@[0;36;5;40;100mt[0;34;40m:.......:[0;36;5;40;100mt[0;37;5;40;100mX[0;36;5;40;100m [0;30;5;40;100mS[0;1;30;90;40m@[0;34;40m;[0;1;30;90;40mS%[0;30;5;40;100m@[0;36;5;40;100m..[0m   
    [0;34;40m.:::::::::;;;;[0;1;30;90;40m8[0;34;40m;;;;;[0;1;30;90;40m%%%SSSSS%%%[0;34;40m;;;;[0;1;30;90;40mXX[0;34;40m;;;;::::::::::......[0;1;30;90;40mX[0;34;40m..........    [0m    
    [0;34;40m .:::::::::::;[0;1;30;90;47m;[0;1;30;90;40mS[0;34;40m;;;;;;;;;;;;;;;;;;;[0;36;5;40;100m  [0;34;40m;:::::::::::.......:[0;1;30;90;47mt[0;34;40m........      [0m    
     [0;34;40m...:::::::::[0;30;5;40;100m8[0;1;37;97;47m8[0;36;5;40;100m.[0;34;40m:;;;;;;;;;;;;;;;;;:[0;1;30;90;47m: [0;34;40m::::::::::.........[0;36;5;40;100mt[0;1;37;97;47m@[0;30;5;40;100m8[0;34;40m......      [0m     
      [0;34;40m....:::::::[0;36;5;40;100m [0;1;37;97;47m8[0;1;30;90;47m8[0;34;40m::::::::::::::::::[0;1;30;90;40mS[0;1;37;97;47mX@[0;1;30;90;40m@[0;34;40m:::::::...........[0;37;5;40;100m8[0;1;37;97;47mX[0;36;5;40;100m [0;34;40m.....      [0m      
       [0;34;40m......:::[0;36;5;40;100m;[0;1;30;90;47m;:.[0;36;5;40;100m [0;1;30;90;40mS[0;34;40m:::::::::::::::[0;30;5;40;100m8[0;37;5;40;100m8[0;1;30;90;47m .8[0;30;5;40;100m8[0;34;40m:::............;[0;36;5;40;100m [0;1;30;90;47m;tt[0;36;5;40;100m;[0;34;40m:..      [0m       
        [0;34;40m.....[0;1;30;90;40m%[0;36;5;40;100m [0;1;37;97;47mt8[0;37;5;40;100m@[0;1;37;97;47m@[0;37;5;40;100m@[0;1;37;97;47m8X[0;37;5;40;100m8[0;1;30;90;40m@[0;34;40m:::::::::::[0;30;5;40;100m%[0;1;30;90;47m%[0;1;37;97;47m8.[0;1;30;90;47m%:;[0;1;37;97;47m8[0;1;30;90;47m;[0;36;5;40;100mt[0;34;40m:..........[0;1;30;90;40mS[0;37;5;40;100mS[0;1;37;97;47m%X[0;36;5;40;100m [0;1;37;97;47mX[0;37;5;40;100mS[0;1;37;97;47mX:[0;36;5;40;100m [0;34;40m;     [0m        
         [0;34;40m...[0;30;5;40;100m8[0;36;5;40;100m .[0;30;5;40;100m8[0;1;30;90;40m%[0;34;40m...;[0;30;5;40;100m8[0;36;5;40;100m: [0;30;5;40;100mS[0;34;40m::::::::[0;1;30;90;40mS[0;36;5;40;100m  %[0;1;30;90;40m@[0;34;40m:..:[0;1;30;90;40m@[0;30;5;40;100mS[0;36;5;40;100m  [0;1;30;90;40mS[0;34;40m........[0;30;5;40;100m@[0;36;5;40;100m ;[0;1;30;90;40m8[0;34;40m:...:[0;1;30;90;40m8[0;36;5;40;100m; [0;1;30;90;40m8[0;34;40m   [0m         
          [0;34;40m ..................[0;30;5;40;100m8[0;34;40m....................[0;30;5;40;100m8[0;34;40m...........        [0m          
            [0;34;40m................[0;1;30;90;40m8[0;1;30;90;47mt[0;34;40m....................[0;1;30;90;47m%[0;30;5;40;100m8[0;34;40m........        [0m            
             [0;34;40m...............[0;37;5;40;100mS[0;1;37;97;47m@[0;1;30;90;40mX[0;34;40m..................[0;1;30;90;40mX[0;1;37;97;47mX[0;37;5;40;100mX[0;34;40m......         [0m             
              [0;34;40m ............;[0;1;30;90;47m8:[0;36;5;40;100m [0;34;40m..................[0;36;5;40;100m:[0;1;30;90;47m;8[0;34;40m:...          [0m              
                [0;34;40m .........[0;30;5;40;100m8[0;37;5;40;100m@[0;1;37;97;47m:S[0;1;30;90;47m%[0;36;5;40;100m [0;1;30;90;40mS[0;34;40m..............;[0;36;5;40;100m [0;1;30;90;47mS[0;1;37;97;47m%:[0;37;5;40;100m@[0;30;5;40;100m@[0;34;40m          [0m                
                  [0;34;40m .....[0;36;5;40;100m%[0;1;30;90;47mt[0;1;37;97;47mX.[0;36;5;40;100m [0;1;30;90;47m:[0;36;5;40;100m [0;1;37;97;47m;S[0;37;5;40;100m8[0;1;30;90;40m@[0;34;40m..........[0;1;30;90;40mS[0;37;5;40;100mX[0;1;37;97;47m%;[0;36;5;40;100m [0;1;30;90;47m;[0;36;5;40;100m [0;1;30;90;47m.[0;1;37;97;47m%[0;1;30;90;47mt[0;36;5;40;100m%[0;34;40m.     [0m                  
                    [0;34;40m ..[0;30;5;40;100mX%[0;1;30;90;40m8[0;34;40m:.....;[0;30;5;40;100m8[0;36;5;40;100m;[0;1;30;90;40m8[0;34;40m........[0;1;30;90;40m@[0;36;5;40;100m;[0;30;5;40;100m8[0;34;40m;     .[0;1;30;90;40mX[0;30;5;40;100mXX[0;34;40m.  [0m                    
                      [0;34;40m ................[0;1;30;90;40m88[0;34;40m                 [0m                      
                        [0;34;40m               [0;36;5;40;100m [0;37;5;40;100mS[0;34;40m               [0m                        
                          [0;34;40m             [0;1;37;97;47m .[0;34;40m.            [0m                          
                             [0;34;40m         [0;30;5;40;100mS[0;1;30;90;47mSS[0;36;5;40;100m;[0;34;40m         [0m                             
                                [0;34;40m    [0;1;30;90;40m%[0;37;5;40;100mS@[0;1;37;97;47m:;[0;37;5;40;100m@X[0;1;30;90;40mX[0;34;40m    [0m                                
                                   [0;1;30;90;40mS[0;1;30;90;47m8X[0;37;5;40;100mS[0;36;5;40;100m:  [0;1;30;90;47mX@[0;1;30;90;40mX[0m                                   
                                      [0;34;40m    [0m                                      
