[0;1;30;90;43m................:::::::::::::::::::::::::::....................                [0;31;43m8[0m
[0;1;30;90;43m.[0;33;5;43;103mtttttt;;;;;;;;;;;;;;;;;;;;;;;;;;;;;;;;;;;;;;;;;;;;;tttttttttttt%%%%%%%SSSSSSSS[0;1;30;90;43m [0m
[0;1;30;90;43m.[0;33;5;43;103mtttt;;;;;;;;;;;;;;;;;;;;;;;;;;;;;;;;;;;;;;;;;;;;;;;;;ttttttttttt%%%%%%%SSSSSSS[0;1;30;90;43m [0m
[0;1;30;90;43m:[0;33;5;43;103mtt;;;;;;;;;;;;;;;;;;;;;;;;;;;;;;;;;;;;;;;;;;;;;;;;;;;;ttttttttttt%%%%%%%SSSSSS[0;1;30;90;43m [0m
[0;1;30;90;43m:[0;33;5;43;103mt;;;;;;;;;;;;;;;;;;;;;;;;;;;;;;;;;;;;;;;;;;;;;;;;;;;;;;;tttttttttt%%%%%%%SSSSS[0;1;30;90;43m [0m
[0;1;30;90;43m:[0;33;5;43;103m;;;;;;;;;;;;;;;;;;;;;:::::::::::::::;;;;;;;;;;;;;;;;;;;;;tttttttttt%%%%%%%SSSS[0;1;30;90;43m [0m
[0;1;30;90;43m:[0;33;5;43;103m;;;;;;;;;;;;;;;;;;:::::::::::::::::::::;;;;;;;;;;;;;;;;;;;tttttttttt%%%%%%%SSS[0;1;30;90;43m.[0m
[0;1;30;90;43m:[0;33;5;43;103m;;;;;;;;;;;;;;;:::::::::::::::::::::::::::;;;;;;;;;;;;;;;;;tttttttttt%%%%%%SSS[0;1;30;90;43m.[0m
[0;1;30;90;43m:[0;33;5;43;103m;;;;;;;;;;;;;::::::::::::::::::::::::::::::;;;;;;;;;;;;;;;;;ttttttttt%%%%%%%SS[0;1;30;90;43m.[0m
[0;1;30;90;43m:[0;33;5;43;103m;;;;;;;;;;;;::::::::::.[0;37;5;43;103m%%%%%%%%%%%[0;33;5;43;103m.[0;1;33;93;43m@[0;33;5;43;103m:::::::::;;;;;;;;;;;;;;;;ttttttttt%%%%%%SS[0;1;30;90;43m.[0m
[0;1;30;90;43m:[0;33;5;43;103m;;;;;;;;;;;::::::::.[0;37;5;43;103m%%SSSSSSSSSSSSS[0;1;30;90;43m88[0;33;5;43;103mX::::::::;;;;;;;;;;;;;;;ttttttttt%%%%%%%S[0;1;30;90;43m.[0m
[0;1;30;90;43m:[0;33;5;43;103m;;;;;;;;;;:::::::.[0;37;5;43;103m%%SSSSSSSSSSSSSSS[0;33;5;43;103m%[0;33;5;40;100mXX[0;1;30;90;43m8[0;33;5;43;103mX::S[0;1;33;93;43mX[0;1;30;90;43mXXXXSS%%t[0;1;33;93;43mX[0;33;5;43;103m%;;;;;;;ttttttttt%%%%%%S[0;1;30;90;43m.[0m
[0;1;30;90;43m:[0;33;5;43;103m;;;;;;;;;:::::::[0;37;5;43;103m%%SSSSSX[0;33;5;43;103mX[0;1;33;93;43m8[0;37;43mXXXXX[0;1;33;93;43m8[0;33;5;43;103m@[0;37;5;43;103mXSS[0;1;30;90;43m88888[0;33;5;40;100m8[0;1;30;90;42m88@@XXSSS%%tt[0;33;42m8[0;1;30;90;43m;[0;33;5;43;103mX;;;;ttttttttt%%%%%%S[0;1;30;90;43m.[0m
[0;1;30;90;43m:[0;33;5;43;103m;;;;;;;;:::::::[0;37;5;43;103m%%SSS[0;33;5;43;103mX[0;1;30;90;43m8[0;33;5;40;100mX[0;32;5;40;100mXXSSSSSSXXX[0;33;5;40;100mX[0;1;30;90;43m8[0;1;33;93;43m@[0;33;5;40;100mS[0;1;30;90;43m8[0;33;5;40;100m88[0;32;5;40;100m8[0;1;30;90;42m888@@XXSSS%%tt;%[0;1;30;90;43m;[0;33;5;43;103mS;;;tttttttt%%%%%%%[0;1;30;90;43m.[0m
[0;1;30;90;43m:[0;33;5;43;103m;;;;;;;;::::::.[0;37;5;43;103m%SS[0;33;5;43;103m%[0;1;30;90;43m8[0;32;5;40;100m@[0;1;30;90;42m8[0;32;5;40;100mXSSS[0;36;5;40;100m%%%%%[0;32;5;40;100mSSS[0;33;5;40;100mXX[0;1;30;90;43m8[0;33;5;40;100mSS[0;1;33;93;43m@[0;37;5;43;103mS%[0;33;5;43;103mt[0;1;33;93;43m8[0;1;30;90;43m@@[0;1;30;90;42m@XXSSS%%%tt;;S[0;1;30;90;43m:[0;33;5;43;103m;;ttttttttt%%%%%%[0;1;30;90;43m.[0m
[0;1;30;90;43m:[0;33;5;43;103m;;;;;;;:::::::[0;37;5;43;103m%SS[0;1;33;93;43m@[0;32;5;40;100m@[0;1;30;90;42m88[0;32;5;40;100mXSS[0;36;5;40;100m%%ttt[0;33;5;40;100mt[0;1;30;90;43m8[0;37;43m@[0;37;5;43;103m@@XXX[0;1;30;90;43m8[0;33;5;40;100mS[0;1;33;93;43m@[0;37;5;43;103mS%[0;33;5;43;103m.:::;[0;1;33;93;43m@[0;1;30;90;43mX[0;1;30;90;42mXSS%%ttt;;;;[0;1;30;90;43m;[0;33;5;43;103m%ttttttttt%%%%%%[0;1;30;90;43m.[0m
[0;1;30;90;43m:[0;33;5;43;103m;;;;;;;:::::::[0;37;5;43;103m%S[0;1;30;90;43m8[0;1;30;90;42m888[0;32;5;40;100mXSS[0;36;5;40;100m%%t[0;33;5;40;100mt[0;1;30;90;43m8[0;1;33;93;47mX[0;37;5;43;103m@XXXXXXX[0;1;30;90;43m88[0;37;43mS[0;37;5;43;103mSS%[0;33;5;43;103m::::::%[0;1;30;90;43mS[0;1;30;90;42mS%%ttt[0;30;42mS[0;1;30;90;42m;;::[0;32;43m8[0;33;5;43;103m%tttttttt%%%%%%[0;1;30;90;43m.[0m
[0;1;30;90;43m:[0;33;5;43;103m;;;;;;;:::::::[0;37;5;43;103m%[0;1;30;90;43m8[0;1;30;90;42m8888[0;32;5;40;100mXSS[0;36;5;40;100m%t[0;33;5;40;100mt[0;37;5;43;103m8X8[0;1;33;93;47m8[0;37;43m8[0;1;30;90;43m88[0;33;5;40;100m%[0;31;5;40;100mS[0;1;30;90;41m888[0;31;5;40;100mX[0;1;30;90;43m8888888@X[0;1;33;93;43m@[0;33;5;43;103mt;X[0;1;30;90;43m%[0;1;30;90;42m%%tt;[0;30;42mS[0;1;30;90;42m;:::[0;1;30;90;43m;[0;33;5;43;103mtttttttt%%%%%%[0;1;30;90;43m.[0m
[0;1;30;90;43m:[0;33;5;43;103m;;;;;;;:::::::X[0;32;5;40;100m8[0;1;30;90;42m888[0;32;5;40;100m@XSS[0;36;5;40;100m%[0;1;30;90;43m8[0;37;5;43;103m@8[0;1;30;90;43m8[0;33;5;40;100m;[0;35;5;41;101mXXXX[0;31;5;41;101mSXXXXXXXX@@@@888[0;1;31;91;41mS[0;31;43m8[0;1;30;90;43m%[0;33;5;43;103mX[0;1;30;90;43m%[0;1;30;90;42m@tt;;[0;30;42m%[0;1;30;90;42m;::[0;30;42m;[0;1;33;93;43m%[0;33;5;43;103mttttttt%%%%%%[0;1;30;90;43m.[0m
[0;1;30;90;43m:[0;33;5;43;103m;;;;;;;:::::::[0;33;5;40;100m8[0;1;30;90;42m888[0;32;5;40;100m@@[0;1;30;90;42m8[0;32;5;40;100mXS[0;1;30;90;43m8[0;37;5;43;103m@[0;1;30;90;43m8[0;35;5;41;101m8XXXXX[0;31;5;41;101mSXXXXXXXX@@@@@888888[0;1;31;91;41mX[0;31;43mS[0;1;33;93;43mX[0;1;30;90;43m%[0;1;30;90;42mt;;;[0;30;42m%[0;1;30;90;42m;::8[0;33;5;43;103mttttttt%%%%%%[0;1;30;90;43m.[0m
[0;1;30;90;43m:[0;33;5;43;103m;;;;;;;;:::::[0;1;33;93;43mX[0;1;30;90;42m8888[0;32;5;40;100m8[0;1;30;90;42m88[0;32;5;40;100mX[0;1;30;90;43m8[0;37;43m@[0;33;5;40;100mS[0;31;5;41;101mSSSSSSXXXXXXXXXX@@@@888888888[0;1;31;91;41m%[0;1;30;90;43mt;[0;1;30;90;42mt;;:[0;30;42mS[0;1;30;90;42m:::[0;1;30;90;43m.[0;33;5;43;103mtttttt%%%%%%[0;1;30;90;43m.[0m
[0;1;30;90;43m:[0;33;5;43;103m;;;;;;;;:::::[0;1;30;90;43m8[0;1;30;90;42m888[0;32;5;40;100m8[0;1;30;90;42m888[0;1;30;90;43m8[0;37;43mX[0;1;31;91;41m8[0;31;5;41;101mXXXXXXXXXXXXXXXX@@@@@8888888888[0;1;31;91;41m@[0;1;30;90;43mt[0;1;33;93;43mS[0;1;30;90;42m8;::[0;30;42mS[0;1;30;90;42m::8[0;33;5;43;103mStttt%%%%%%%[0;1;30;90;43m.[0m
[0;1;30;90;43m:[0;33;5;43;103m;;;;;;;;;:::S[0;1;30;90;42m8888888[0;1;30;90;43m8[0;33;5;43;103m@[0;33;41m8[0;31;5;41;101mXXXXXXXXXXXXXXXX@@@@@888888888888[0;1;31;91;41mX[0;1;30;90;43m;[0;33;5;43;103m%[0;1;30;90;43m;[0;1;30;90;42m%::[0;30;42m%%[0;1;30;90;42m:[0;32;43m8[0;33;5;43;103mXttt%%%%%%S[0;1;30;90;43m.[0m
[0;31;40m8[0;33;5;43;103m;;;;;;;;;;::[0;1;30;90;43mX[0;1;30;90;42m@88888[0;1;30;90;43m8[0;37;5;43;103mS[0;1;30;90;43m8[0;31;5;41;101mXXXXXXXXXXXXXXX@@@@@@88888888888888[0;33;41mt[0;33;5;43;103mS;X[0;1;30;90;43m:[0;1;30;90;42mt::[0;30;42mS;[0;1;30;90;42mX[0;1;30;90;43m.[0;33;5;43;103mSt%%%%%%S[0;30;41m8[0m
 [0;33;5;43;103mt;;;;;;;;;;t[0;1;30;90;42m8@@@88[0;1;30;90;43m8[0;33;5;43;103m:[0;1;33;93;43mS[0;31;5;41;101m8@XXXXXXXXXXX@@@@@@@@888888888888888[0;1;31;91;41m8[0;1;30;90;43m:[0;33;5;43;103m;;tS[0;1;30;90;43m:[0;33;42m8[0;30;42m;;%%8[0;1;30;90;43m:.[0;1;33;93;43m@[0;33;5;43;103m%%%%S[0m 
 [0;1;33;93;43mS[0;33;5;43;103m;;;;;;;;;;[0;1;30;90;43mS[0;1;30;90;42mXX@@@[0;1;30;90;43m8[0;33;5;43;103m;:[0;1;30;90;43m8[0;31;5;41;101m@@@@@@@@@@@@@@@@@@@888888888888888888[0;33;41mS[0;33;5;43;103m;;ttttS[0;1;33;93;43m%[0;1;30;90;43m....[0;1;33;93;43mS[0;33;5;43;103mS%%%S[0;1;33;93;43mS[0m 
 [0;1;30;90;43m:[0;33;5;43;103m;;;;;;;;;[0;1;33;93;43mX[0;1;30;90;42mSSXXX[0;1;30;90;43mX[0;33;5;43;103m;::[0;1;30;90;41m8[0;31;5;41;101m@@@@@@@@@@@@@@@@888888888888888888888[0;1;30;90;41m:[0;33;5;43;103mSttttttttt%%%%%%%S[0;1;30;90;43m.[0m 
  [0;33;5;43;103mt;;;;;;;[0;1;30;90;43mt[0;1;30;90;42mSSSS[0;33;42m8[0;1;33;93;43mX[0;33;5;43;103m:::t[0;1;30;90;41m@[0;31;5;41;101m88@@@@@@@@@@8888888888888888888888888[0;1;31;91;41mt[0;1;33;93;43mX[0;33;5;43;103mtttttttt%%%%%%%SS[0;31;40mS[0m 
  [0;1;30;90;43m.[0;33;5;43;103m;;;;%[0;1;30;90;43m;[0;33;42m8[0;1;30;90;42m%%%X[0;1;30;90;43m%[0;33;5;43;103m;;;;:t[0;1;30;90;41mX[0;31;5;41;101m8888888888888888888888888888888888888[0;1;31;91;41mt[0;1;33;93;43mX[0;33;5;43;103mtttttttt%%%%%%SS[0;1;30;90;43m [0m  
  [0;31;40mX[0;33;5;43;103mt;;@[0;1;30;90;43mt[0;1;30;90;42m88[0;33;42m8[0;1;30;90;43mtt[0;33;5;43;103mt;;;;;;;[0;1;30;90;41mX[0;31;5;41;101m888888888888888888888888888888888888[0;1;31;91;41m8[0;1;30;90;41m:[0;33;5;43;103mSttttttt%%%%%%%SS[0;31;40m8[0m  
   [0;1;30;90;43m.[0;33;5;43;103m;;;;;;;;;;;;;;;;;[0;31;43m@[0;31;5;41;101m8888888888888888888888888888888888[0;1;31;91;41m888[0;33;41mS[0;33;5;43;103mttttttt%%%%%%%SS[0;1;30;90;43m [0m   
    [0;33;5;43;103mX;;;;;;;;;;;;;;;;[0;1;30;90;43m%[0;1;31;91;41m8[0;31;5;41;101m88888888888888888888888888888888[0;1;31;91;41m8888[0;1;30;90;43m:[0;33;5;43;103mtttttt%%%%%%%SS@[0m    
    [0;30;41m8[0;33;5;43;103mt;;;;;;;;;;;;;;;t[0;33;41mX[0;31;5;41;101m888888888888888888888888888888[0;1;31;91;41m88888[0;33;41m:[0;33;5;43;103m8ttttt%%%%%%%SSS[0;30;41m8[0m    
     [0;1;30;90;43m.[0;33;5;43;103mt;;;;;;;;;;;;;;;[0;1;33;93;43m%[0;1;31;91;41mS[0;31;5;41;101m888888888888888888888888888[0;1;31;91;41m8888888[0;1;30;90;43m:[0;33;5;43;103mtttt%%%%%%%%SSS[0;1;30;90;43m.[0m     
      [0;1;30;90;43m.[0;33;5;43;103mttt;;;;;;;;;;;;;[0;1;30;90;43m;[0;1;31;91;41m@[0;31;5;41;101m888888888888888888888888[0;1;31;91;41m88888888[0;33;41m@[0;33;5;43;103m%ttt%%%%%%%%SSS[0;1;30;90;43m [0m      
       [0;1;30;90;43m.[0;33;5;43;103mtttt;;;;;;;;;;;;[0;1;30;90;43m;[0;1;31;91;41mS[0;31;5;41;101m88888888888888888888[0;1;31;91;41m8888888888[0;33;41mX[0;33;5;43;103m@tt%%%%%%%%%SSS[0;1;30;90;43m [0m       
        [0;1;30;90;43m.[0;33;5;43;103mttttttt;;;;;;;;;[0;1;33;93;43mX[0;33;41m8[0;1;31;91;41m8[0;31;5;41;101m88888888888888[0;1;31;91;41m888888888888X[0;31;43m8[0;33;5;43;103mXt%%%%%%%%%SSSS[0;1;30;90;43m [0m        
         [0;1;30;90;43m.[0;33;5;43;103mttttttttttt;;;;;;[0;1;30;90;43m:[0;33;41m8[0;1;31;91;41mS[0;31;5;41;101m8888888[0;1;31;91;41m8888888888888888[0;33;41mS[0;1;30;90;43m.[0;33;5;43;103mt%%%%%%%%%%SSSS[0;1;30;90;43m.[0m         
          [0;33;41m8[0;33;5;43;103mXtttttttttttttttttX[0;1;30;90;43m:[0;31;43m%8[0;33;41mX%t%S8@[0;1;31;91;41mt8%[0;33;41m%[0;1;31;91;41m;S@8Xt[0;33;41mS[0;31;43m@[0;1;30;90;43m.[0;33;5;43;103m%%%%%%%%%%%SSSS@[0;31;43m8[0m          
            [0;1;33;93;43m%[0;33;5;43;103mtttttttttttttttttttttttttttS[0;1;33;93;43m%[0;33;5;43;103mXtt@[0;1;33;93;43mXX@[0;33;5;43;103mSt%%%%%%%%%%%SSSSS[0;1;33;93;43m%[0m            
             [0;1;30;90;43m.[0;33;5;43;103m%ttttttttttttttttttttttttttttttttt%%%%%%%%%%%%SSSSSS[0;1;30;90;43m [0m             
              [0;31;40m@[0;1;33;93;43mS[0;33;5;43;103mtttttttttttttttttttttttttttt%%%%%%%%%%%%%%SSSSSS[0;1;33;93;43m%[0;31;40m@[0m              
                [0;1;30;90;43m.[0;33;5;43;103m@%%%ttttttttttttttttt%%%%%%%%%%%%%%%%%SSSSSSS[0;1;33;93;43m8[0;1;30;90;43m [0m                
                  [0;1;30;90;43m.[0;33;5;43;103mS%%%%%%%%%%%%%%%%%%%%%%%%%%%%%%%%SSSSSSSSX[0;1;30;90;43m [0m                  
                    [0;1;30;90;43m.[0;33;5;43;103mS%%%%%%%%%%%%%%%%%%%%%%%%%%%SSSSSSSSSX[0;1;30;90;43m [0m                    
                      [0;1;30;90;43m.[0;33;5;43;103m@%%%%%%%%%%%%%%%%%%%%SSSSSSSSSSSS@[0;1;30;90;43m [0m                      
                        [0;1;30;90;43m.[0;1;33;93;43mX[0;33;5;43;103m%%%%%%%%%%%SSSSSSSSSSSSSSSSS[0;1;33;93;43mX[0;1;30;90;43m [0m                        
                          [0;31;40m8[0;1;30;90;43m [0;33;5;43;103mSSSSSSSSSSSSSSSSSSSSSSSX[0;1;30;90;43m [0;30;41m8[0m                          
                             [0;1;30;90;43m.[0;1;33;93;43mt[0;33;5;43;103mSSSSSSSSSSSSSSSSSS[0;1;33;93;43m%[0;1;30;90;43m [0m                             
                                [0;1;30;90;43m [0;1;33;93;43m%[0;33;5;43;103mSSSSSSSSSSSS[0;1;33;93;43mS[0;1;30;90;43m [0m                                
                                   [0;1;30;90;43m  [0;33;5;43;103mXSSSSX[0;1;30;90;43m  [0m                                   
                                      [0;31;40m8[0;1;30;90;43m  [0;30;41m8[0m                                      
