                                [0;36;5;40;100m: [0;37;5;40;100m@[0;1;30;90;47m8S;:..:;S8[0;37;5;40;100m@[0;36;5;40;100m :[0m                                
                          [0;36;5;40;100m;[0;37;5;40;100m@[0;1;30;90;47m;[0;1;37;97;47mS88888888888888888888S[0;1;30;90;47m;[0;37;5;40;100m@[0;36;5;40;100m:[0m                          
                      [0;36;5;40;100m;[0;1;30;90;47m8[0;1;37;97;47m;888888888888888888888888888888;[0;1;30;90;47m8[0;36;5;40;100m:[0m                      
                   [0;36;5;40;100m:[0;1;30;90;47mS[0;1;37;97;47m@888888888888888888888888888888888888@[0;1;30;90;47mS[0;36;5;40;100m:[0m                   
                 [0;37;5;40;100mX[0;1;37;97;47mS88888888[0;37;5;47;107m888888888[0;1;37;97;47m8888888888888888888888888S[0;37;5;40;100m@[0m                 
               [0;1;30;90;47m@[0;1;37;97;47m888888[0;37;5;47;107m8888888888888888888[0;1;37;97;47m8888888888888888888888@[0;1;30;90;47m@[0;30;5;40;100m8[0m              
             [0;1;30;90;47m@[0;1;37;97;47m88888[0;37;5;47;107m88888[0;1;37;97;47m8[0;1;30;90;47mt[0;37;5;40;100mt[0;36;5;40;100m%[0;1;30;90;44m888[0;34;5;40;100m@[0;36;5;40;100m [0;1;30;90;47m;[0;37;5;47;107m8888888888[0;1;37;97;47m88888888888888888888@@[0;1;30;90;47mX[0m             
           [0;36;5;40;100m [0;1;37;97;47m@888[0;37;5;47;107m888888[0;1;30;90;47m:[0;37;5;40;100mt[0;36;5;40;100mt[0;1;30;90;44m@@[0;36;5;40;100m. [0;1;30;90;44m8@@@@[0;36;5;40;100m;[0;1;37;97;47mt[0;37;5;47;107m88888888888[0;1;37;97;47m888888888888888888@@X[0;36;5;40;100m [0m           
         [0;1;30;90;40m8[0;1;30;90;47m [0;1;37;97;47m8888[0;37;5;47;107m888888[0;1;37;97;47m [0;1;34;94;44m8[0;1;30;90;44m@[0;1;34;94;44mS[0;1;30;90;44m8[0;34;5;40;100m@[0;36;5;40;100m [0;1;30;90;47m [0;36;5;40;100m%[0;1;30;90;44m888888[0;1;30;90;47mX[0;37;5;47;107m88888888888[0;1;37;97;47m888888888888888888@@@[0;1;30;90;47m.[0;1;30;90;40m8[0m         
        [0;36;5;40;100m.[0;1;37;97;47m@888[0;37;5;47;107m88888888[0;36;5;40;100m.[0;34;5;44;104m@[0;1;34;94;44m888[0;1;30;90;44m8888888888[0;36;5;40;100m [0;1;37;97;47m8[0;37;5;47;107m888888888888[0;1;37;97;47m88888888888888888@@@X[0;36;5;40;100m [0m        
       [0;37;5;40;100mS[0;1;37;97;47m8888[0;37;5;47;107m888888888[0;1;37;97;47m [0;1;30;90;47m8@[0;36;5;40;100m:[0;36;5;44;104m8[0;34;5;44;104m8[0;1;34;94;44m88[0;1;30;90;44m88888888[0;1;30;90;47m8[0;37;5;47;107m@888888888888[0;1;37;97;47m8888888888888888@@@@@[0;37;5;40;100m8[0m       
      [0;37;5;40;100m8[0;1;37;97;47m8888[0;37;5;47;107m8888888888@@@@@8[0;1;30;90;47m8[0;1;34;94;44m8[0;1;30;90;44m88888888[0;37;5;40;100mS[0;37;5;47;107m@@@@8888888888[0;1;37;97;47m8888888888888888@@@@@[0;1;30;90;47m8[0m      
     [0;1;30;90;47m8[0;1;37;97;47m8888[0;37;5;47;107m8888888888@@@XXXX[0;1;30;90;47m8[0;1;30;90;44m888888888[0;34;5;40;100m%[0;37;5;47;107mXX@@@8888888888[0;1;37;97;47m888888888888888@@@@@@[0;1;30;90;47m8[0m     
    [0;36;5;40;100m [0;1;37;97;47m88888[0;37;5;47;107m888888888@@@XXXX8[0;1;30;90;47m8[0;34;5;40;100mXXXXXX[0;1;30;90;44m888[0;1;30;90;47m8[0;37;5;47;107mXXX@@@888888888[0;1;37;97;47m8888888888888888@@@@@X[0;36;5;40;100m [0m    
   [0;30;5;40;100mX[0;1;37;97;47m88888[0;37;5;47;107m888888888@@@XXXXX@[0;1;30;90;47m;[0;36;5;40;100m%[0;34;5;40;100mSSSSSSXS[0;1;30;90;47m8[0;37;5;47;107mXXXX@@@888888888[0;1;37;97;47m888888888888888@@@@@XX[0;36;5;40;100mt[0m   
   [0;1;37;97;47mt88888[0;37;5;47;107m88888888@@@XXXXXX[0;1;37;97;47m8[0;36;5;40;100m.[0;34;5;40;100m%[0;36;5;40;100m%%%%%[0;34;5;40;100m%S[0;36;5;40;100m [0;1;37;97;47m 8[0;37;5;47;107mXXXX@@@88888888[0;1;37;97;47m888888888888888@@@@@@Xt[0m   
  [0;36;5;40;100m [0;1;37;97;47m88888[0;37;5;47;107m888888888@@XXXXXX[0;1;37;97;47m8[0;36;5;40;100m %%ttttt%%[0;34;5;40;100mSS[0;34;5;44;104m8[0;36;5;40;100m:[0;1;30;90;47m8[0;1;37;97;47m@[0;37;5;47;107mXX@@888888888[0;1;37;97;47m88888888888888@@@@@@XX[0;37;5;40;100mX[0m  
  [0;1;37;97;47mX88888[0;37;5;47;107m88888888@@@XXXXX8[0;36;5;40;100m %%tt;;;tt%%[0;1;30;90;44m88[0;34;5;44;104m8X8[0;1;30;90;47m8[0;1;37;97;47m8[0;37;5;47;107m@@@88888888[0;1;37;97;47m888888888888888@@@@@XXS[0m  
 [0;36;5;40;100m [0;1;37;97;47m888888[0;37;5;47;107m88888888@@@XXXXX[0;1;30;90;47m8[0;34;5;40;100mS[0;36;5;40;100m%%t;;;;;t%[0;36;5;44;104m8[0;34;5;44;104mX[0;1;34;94;44m8[0;34;5;44;104m8[0;1;34;94;44m88[0;34;5;44;104m8[0;1;30;90;44m8[0;1;30;90;47mt[0;37;5;47;107m@@88888888[0;1;37;97;47m888888888888888@@@@@XXX[0;36;5;40;100m [0m 
 [0;1;30;90;47m:[0;1;37;97;47m888888[0;37;5;47;107m888888888@@XXXX@[0;36;5;40;100mt[0;34;5;40;100mSS[0;36;5;40;100m%ttt;[0;36;5;44;104m8@8@[0;34;5;44;104m@888@X8[0;1;30;90;44m8[0;1;34;94;44m8[0;36;5;40;100m [0;1;37;97;47m@[0;37;5;47;107m88888888[0;1;37;97;47m88888888888888@@@@@@XXX[0;1;30;90;47m [0m 
 [0;1;37;97;47m8888888[0;37;5;47;107m888888888@@@XXX[0;1;37;97;47mS[0;34;5;40;100mXS[0;34;5;44;104mXS[0;36;5;44;104m@8@@8@X[0;34;5;44;104m@888XX88@[0;1;30;90;44m888[0;1;37;97;47m;[0;37;5;47;107m8888888[0;1;37;97;47m88888888888888@@@@@@XXXX[0;1;30;90;40mS[0m
[0;30;5;40;100mX[0;1;37;97;47m88888888[0;37;5;47;107m888888888@@XXX[0;1;37;97;47m%[0;34;5;40;100m@[0;1;30;90;44m8[0;34;5;44;104mXXX@8@SX@@8@X88@8[0;1;34;94;44m8[0;1;30;90;44m8[0;1;34;94;44m8[0;1;30;90;44m88[0;1;37;97;47m.[0;37;5;47;107m88888[0;1;37;97;47m888888888888888@@@@@@XXXX[0;36;5;40;100mt[0m
[0;36;5;40;100m [0;1;37;97;47m88888888[0;37;5;47;107m888888888@@@XX8[0;1;30;90;44m88[0;34;5;44;104m8XXXX@8@X[0;1;34;94;44m8[0;34;5;44;104m@88@X88[0;1;34;94;44m88[0;34;5;44;104m@8[0;1;30;90;44m@8[0;1;30;90;47m:[0;37;5;47;107m8888[0;1;37;97;47m888888888888888@@@@@XXXXX[0;36;5;40;100m [0m
[0;36;5;40;100m [0;1;37;97;47m888888888[0;37;5;47;107m888888888@@@@X[0;37;5;40;100m%[0;34;5;44;104mX[0;1;30;90;44m8[0;1;34;94;44m8[0;34;5;44;104mXXXXX[0;1;30;90;44m8[0;34;5;44;104m888@X88@[0;1;34;94;44m8X@8[0;34;5;44;104m88[0;1;30;90;44m@[0;1;34;94;44mS[0;1;30;90;47m8[0;1;37;97;47m8[0;37;5;47;107m8[0;1;37;97;47m8888888888888888@@@@@XXXXX[0;36;5;40;100m [0m
[0;36;5;40;100m [0;1;37;97;47m8888888888[0;37;5;47;107m8888888888@@@[0;1;37;97;47m8[0;36;5;40;100m;[0;1;34;94;44m8[0;1;30;90;44m88[0;1;34;94;44m8[0;34;5;44;104m@XX8888@88@[0;1;34;94;44m88[0;1;30;90;44m8[0;34;5;44;104m88[0;1;34;94;44m8@8[0;1;30;90;44mX[0;1;34;94;44m8[0;36;5;40;100m%[0;1;37;97;47m;888888888888888@@@@@@XXXXS[0;36;5;40;100m [0m
[0;36;5;40;100m [0;1;37;97;47m88888888888[0;37;5;47;107m88888888888@@[0;1;37;97;47m8[0;1;30;90;47m8[0;1;34;94;44m@[0;34;5;44;104m8[0;1;30;90;44m888[0;34;5;44;104m@88X@[0;1;34;94;44m8[0;34;5;44;104m8[0;1;34;94;44m88[0;34;5;44;104m@[0;1;34;94;44mX888[0;34;5;44;104m88[0;1;34;94;44m@%[0;1;30;90;44mS[0;1;34;94;44m8X[0;1;30;90;47m8[0;1;37;97;47m88888888888888@@@@@XXXXXS[0;36;5;40;100m [0m
[0;30;5;40;100m@[0;1;37;97;47m888888888888[0;37;5;47;107m8888888888888@[0;1;37;97;47mt[0;37;5;40;100mt[0;1;34;94;44m@[0;34;5;44;104m8[0;1;34;94;44m8[0;1;30;90;44m888[0;1;34;94;44m@[0;34;5;44;104m@@8[0;1;34;94;44m8[0;34;5;44;104m8[0;1;34;94;44m@X8[0;34;5;44;104m888[0;1;34;94;44m8[0;34;5;44;104m8[0;1;34;94;44mS[0;1;30;90;44mS[0;36;44mt[0;1;34;94;44m@8[0;1;30;90;44m8[0;1;30;90;47m;[0;1;37;97;47m88888888888@@@@@@XXXXSS[0;30;5;40;100mS[0m
 [0;1;37;97;47m@888888888888[0;37;5;47;107m888888888888888[0;1;37;97;47mS[0;1;30;90;44m88[0;34;5;44;104m8[0;1;34;94;44m8[0;1;30;90;44m888[0;1;34;94;44m@[0;34;5;44;104m@8[0;1;34;94;44mXS8[0;34;5;44;104m88[0;1;34;94;44m88[0;34;5;44;104m8[0;1;34;94;44mXS[0;1;30;90;44m%%[0;1;34;94;44m@8XX[0;36;5;40;100m [0;1;37;97;47m@88888888@@@@@@XXXXXSS[0m 
 [0;1;30;90;47mt[0;1;37;97;47m88888888888888[0;37;5;47;107m88888888888888[0;1;30;90;44m8[0;1;34;94;44mX[0;1;30;90;44m88[0;1;34;94;44m@[0;34;5;44;104m88[0;1;34;94;44m8X@[0;34;5;44;104m8[0;1;30;90;44mXX[0;1;34;94;44mX[0;34;5;44;104m88[0;1;34;94;44m8X8S[0;34;5;44;104m8[0;1;34;94;44m8X;SS8[0;34;5;40;100mX[0;1;37;97;47mS888888@@@@@@XXXXXSS[0;1;30;90;47m;[0m 
 [0;36;5;40;100m.[0;1;37;97;47m8888888888888888[0;37;5;47;107m88888888888[0;1;37;97;47m8[0;1;30;90;44m@[0;34;5;44;104m88[0;1;34;94;44m8[0;1;30;90;44m@@[0;1;34;94;44m@[0;34;5;44;104m888[0;1;34;94;44mX[0;1;30;90;44mX[0;1;34;94;44m8[0;1;30;90;44mSS[0;1;34;94;44m%88t8[0;34;5;44;104m8888[0;1;34;94;44mt;[0;1;30;90;44m;[0;1;34;94;44m8[0;1;30;90;44m8[0;1;37;97;47mX88888@@@@@@XXXXXSS[0;36;5;40;100m [0m 
  [0;1;37;97;47mt888888888888888888[0;37;5;47;107m88888888[0;1;37;97;47mX[0;1;30;90;44mX[0;34;5;44;104m88[0;1;34;94;44m@[0;36;5;40;100m:[0;1;37;97;47m.[0;36;5;40;100m%[0;1;34;94;44m%[0;34;5;44;104m88888[0;1;30;90;44m%[0;36;5;40;100mt[0;1;34;94;44mS[0;1;30;90;44m%[0;1;34;94;44mt[0;1;30;90;44mtt[0;1;34;94;44mX[0;34;5;44;104m888[0;1;34;94;44m8S8;t[0;36;5;40;100m;[0;1;37;97;47m8888@@@@@@XXXXXSSt[0m  
  [0;36;5;40;100m [0;1;37;97;47m888888888888888888888[0;37;5;47;107m88888[0;1;37;97;47m8[0;36;5;40;100m [0;1;34;94;44m%[0;1;30;90;44m@[0;1;30;90;47m8[0;1;37;97;47m8[0;37;5;47;107m8[0;1;37;97;47mX[0;1;30;90;44m8S[0;34;5;44;104m888[0;1;34;94;44m8[0;1;30;90;44m%[0;1;37;97;47m:[0;1;30;90;44m@[0;1;34;94;44m8XS%S;%8[0;34;5;44;104m8[0;1;34;94;44mt8[0;34;5;44;104m8[0;1;34;94;44m8[0;1;30;90;44m:[0;1;30;90;47m8[0;1;37;97;47m@@@@@@@@XXXXXSSS[0;36;5;40;100m [0m  
   [0;1;30;90;47m [0;1;37;97;47m88888888888888888888888888[0;36;5;40;100m [0;34;5;44;104m8[0;1;30;90;47m%[0;1;37;97;47m8888;[0;1;30;90;44m@[0;1;34;94;44m%[0;34;5;44;104m88[0;1;34;94;44mX[0;1;30;90;44m8[0;1;37;97;47m8 [0;1;34;94;44m%8@[0;34;5;44;104m8[0;1;34;94;44mX8X[0;1;30;90;44m:[0;1;34;94;44m%[0;1;30;90;44m;[0;34;5;40;100m8[0;1;30;90;44m8[0;1;34;94;44m88@[0;1;30;90;44m8[0;1;30;90;47m;[0;1;37;97;47m@@@@@XXXXXSSS[0;1;30;90;47m [0m   
   [0;1;30;90;40m8[0;1;37;97;47mX888888888888888888888888;[0;1;34;94;44m88[0;1;37;97;47m888888[0;1;30;90;47m@[0;1;30;90;44mt[0;1;34;94;44m88[0;1;30;90;44mt[0;37;5;40;100mX[0;1;37;97;47m88[0;1;30;90;47m;[0;1;34;94;44mS8X[0;34;5;44;104m8[0;1;34;94;44m@X8S8@[0;36;5;40;100m;[0;1;30;90;47m@[0;36;5;40;100mt[0;1;34;94;44mS8t[0;1;30;90;47m8[0;1;37;97;47m@@@XXXXXSSS%[0;30;5;40;100m8[0m   
    [0;36;5;40;100m [0;1;37;97;47m88888888888888888@[0;1;30;90;47m8[0;34;5;40;100mS[0;36;5;40;100m.  [0;1;30;90;47m8[0;1;34;94;44m8[0;34;5;44;104m8[0;1;34;94;44m8[0;37;5;40;100m:[0;36;5;40;100mt[0;1;30;90;47m8S[0;1;37;97;47m:88[0;36;5;40;100mt[0;1;34;94;44m;t[0;36;5;40;100m%[0;1;37;97;47mS888[0;1;30;90;47m%[0;1;34;94;44mS8X88S8@@8[0;1;30;90;44mX[0;1;30;90;47mt[0;1;37;97;47m%[0;1;30;90;47m8[0;36;5;40;100m.[0;34;5;40;100m8[0;1;37;97;47m;XXXXXXSSSS[0;36;5;40;100m [0m    
     [0;36;5;40;100m [0;1;37;97;47m@88888888888888[0;1;30;90;47m8[0;1;34;94;44mS@88@8[0;34;5;44;104m8[0;1;34;94;44m8[0;1;30;90;47m88[0;36;5;40;100m [0;1;34;94;44m8[0;34;5;44;104m8[0;1;34;94;44m8X[0;1;37;97;47mt8 [0;34;5;44;104m8[0;1;34;94;44m8[0;1;37;97;47m@88888[0;1;30;90;47mt[0;1;34;94;44m%8X@8XX8X8X[0;36;5;40;100m [0;1;37;97;47mX@@XXXXXXSSSS[0;36;5;40;100m [0m     
      [0;36;5;40;100m [0;1;37;97;47m@@888888888888[0;36;5;40;100mt[0;1;30;90;47m8@[0;1;34;94;44m%88[0;36;5;40;100m;[0;1;37;97;47m 8888@[0;1;30;90;47mt88[0;34;5;40;100mS[0;1;37;97;47m8[0;1;30;90;47m8[0;34;5;44;104m8[0;1;30;90;47m8[0;1;37;97;47m8888888.[0;1;30;90;44m8[0;1;34;94;44m8@S88S8@t[0;1;30;90;44mS[0;37;5;40;100m@[0;1;37;97;47mXXXXXXXSSSS[0;36;5;40;100m [0m      
       [0;36;5;40;100m [0;1;37;97;47m@@@8888888888X8:[0;1;34;94;44m8[0;1;30;90;47m8[0;1;37;97;47m:88888X[0;1;30;90;47m88@888[0;1;34;94;44m8[0;34;5;44;104m8[0;1;30;90;47m88@[0;1;37;97;47mSS8888X[0;36;5;40;100m [0;1;34;94;44mX8S@8XS8[0;1;30;90;44m%[0;1;30;90;47m:[0;1;37;97;47mXXXXXSSSSS[0;36;5;40;100m [0m       
        [0;30;5;40;100m@[0;1;37;97;47mt@@@@888888888@[0;1;30;90;47mt[0;1;37;97;47m88888X[0;37;5;40;100m;[0;1;30;90;44mS[0;1;34;94;44m88@@888[0;36;5;40;100m.;[0;1;34;94;44m888@[0;1;30;90;47m8[0;1;37;97;47m88@@@[0;1;30;90;47m:[0;34;5;40;100mS[0;1;34;94;44mSX:X8:[0;1;30;90;44m8[0;34;5;40;100mS[0;1;37;97;47mXXXXSSSS:[0;30;5;40;100mS[0m        
          [0;1;30;90;47mX[0;1;37;97;47m@@@@@@8888888888888[0;1;30;90;47mS[0;1;34;94;44mX[0;36;5;40;100m:[0;34;5;40;100mS[0;1;34;94;44mX88[0;34;5;40;100m%[0;1;30;90;47m;[0;1;37;97;47mX88X[0;1;30;90;47m8[0;36;5;40;100m:[0;34;5;40;100mS[0;1;34;94;44m@[0;1;37;97;47m @@@@@@.[0;37;5;40;100mSS[0;1;30;90;47m.[0;36;5;40;100m [0;1;30;90;44m8[0;1;30;90;47m%[0;1;37;97;47mXXXSSSSS[0;1;30;90;47m@[0m          
           [0;36;5;40;100mt[0;1;37;97;47m;@@@@@@@@@@8888888;S8[0;36;5;40;100m.[0;1;34;94;44mX[0;36;5;40;100m [0;1;37;97;47m;888@@@@@@t @@@@@@XXXXXXXXSSSSS:[0;36;5;40;100m:[0m           
             [0;36;5;40;100m [0;1;37;97;47m%@@@@@@@@@@@@@@@@@@[0;1;30;90;47m8[0;1;37;97;47m%@@@@@@@@@@@@@@@@XXXXXXXXXSSSSSt[0;37;5;40;100mS[0m             
               [0;36;5;40;100m [0;1;37;97;47mt@@@@@@@@@@@@@@@@@@@@@@@@@@@@@@XXXXXXXXXXSSSSSS;[0;36;5;40;100m [0m               
                 [0;36;5;40;100m [0;1;30;90;47m [0;1;37;97;47mXX@@@@@@@@@@@@@@@@@@@@@XXXXXXXXXXXXXSSSSSS[0;1;30;90;47m.[0;36;5;40;100m [0m                 
                    [0;37;5;40;100mS[0;1;37;97;47m.XXXXXXXXXXXXXXXXXXXXXXXXXXXXXSSSSSSS.[0;37;5;40;100mS[0;30;5;40;100m8[0m                   
                       [0;36;5;40;100m [0;1;30;90;47m%[0;1;37;97;47mSXXXXXXXXXXXXXXXXXXXXXSSSSSSS%[0;1;30;90;47m%[0;36;5;40;100m [0m                       
                           [0;36;5;40;100m [0;37;5;40;100m8[0;1;30;90;47m:[0;1;37;97;47m%XXXXXXXXXXSSSSSSSS%[0;1;30;90;47m:[0;37;5;40;100m8[0;36;5;40;100m [0;30;5;40;100m8[0m                          
                                 [0;36;5;40;100mt  [0;37;5;40;100mS@8888@S[0;36;5;40;100m  t[0m                                 
