[0;30;5;40;100mX[0;37;5;40;100m@@@@@@@@@@@@@@@@8@888888888888888888888[0;1;31;91;41mXXXXXXXXXXXXXXXXXSSSSSSSSSS[0;33;41mSSSSS%%%%%%%[0;30;41mX[0m
[0;36;5;40;100m [0;1;30;90;47m:::..............                      [0;31;5;41;101m;;@[0;1;30;90;41mS[0;33;41mX[0;31;5;41;101m;;;;;;X[0;1;30;90;41m%[0;33;41mX[0;31;5;41;101m;;;;ttttttt%[0;33;41m%S[0;31;5;41;101mX%%%%%S[0;1;30;90;41mS[0;33;41m%[0;31;5;41;101m8S[0;33;41mt[0m
[0;36;5;40;100m [0;1;30;90;47m:::.::.:........         [0;1;37;97;47m [0;1;30;90;47m  [0;1;37;97;47m [0;1;30;90;47m       .  [0;31;5;41;101m;;;[0;33;41mX[0;34;40m:[0;31;40m8[0;33;41mX[0;31;5;41;101mX;;;;[0;33;41mX[0;34;40m:[0;31;40m8[0;33;41mS[0;31;5;41;101m@;;;ttt[0;1;31;91;41m8[0;33;41m%[0;31;40mS[0;34;40m.[0;1;31;91;41m@[0;31;5;41;101m%%%%[0;1;31;91;41m8[0;33;41m%[0;31;40m%[0;34;40m [0;33;41mS[0;31;5;41;101mSS[0;33;41mt[0m
[0;36;5;40;100m [0;1;30;90;47m.[0;1;30;90;44mt[0;30;44m;[0;1;30;90;47m8[0;1;30;90;44m%;[0;37;5;40;100mX[0;1;30;90;44m8;[0;37;5;40;100mS[0;34;5;40;100m8[0;1;30;90;44m;[0;36;5;40;100m [0;34;5;40;100mX[0;1;30;90;44mt[0;36;5;40;100m [0;1;30;90;47m  [0;1;37;97;47m    [0;1;30;90;47m%[0;1;30;90;44mSS[0;1;30;90;47mS[0;1;30;90;44mSS[0;1;30;90;47mS[0;1;30;90;44mSS[0;1;30;90;47m8[0;1;30;90;44m@%[0;1;30;90;47m8[0;34;5;40;100m8[0;1;30;90;44m%[0;37;5;40;100m8[0;1;37;97;47m [0;31;5;41;101m::;%[0;1;30;90;41m%[0;31;40m%X[0;1;30;90;41m@[0;33;41mX@[0;31;5;41;101m%;t[0;33;41mS[0;31;40mtS[0;1;30;90;41mX[0;33;41mXX[0;31;5;41;101mS8[0;33;41mX[0;1;30;90;41mt[0;30;41mX[0;31;40m;S[0;33;41mS[0;31;5;41;101mtt8[0;33;41mX%[0;30;41m@[0;31;40m;S[0;33;41m%[0;31;5;41;101mSSS[0;33;41mt[0m
[0;36;5;40;100m [0;1;30;90;47m.[0;1;30;90;44m;[0;1;34;94;44m%[0;1;30;90;44m:[0;1;34;94;44mS%[0;1;30;90;44m;[0;1;34;94;44mS%[0;1;30;90;44mt[0;1;34;94;44mSS[0;1;30;90;44mt[0;1;34;94;44mSS[0;36;5;40;100m [0;1;37;97;47m    ..[0;1;30;90;47m%[0;1;30;90;44mS[0;1;34;94;44mX[0;1;30;90;44mS[0;1;34;94;44mXX[0;1;30;90;44mS[0;1;34;94;44mXS[0;1;30;90;44mS[0;1;34;94;44mXS[0;1;30;90;44mS[0;1;34;94;44mXS[0;1;30;90;47m8[0;1;37;97;47m [0;33;5;41;101m;;;[0;31;5;41;101m:[0;33;41m88[0;31;5;41;101mt;;;;;;[0;33;41m8@[0;31;5;41;101mt;;;;;;tt8[0;1;30;90;41mX[0;1;31;91;41m8[0;31;5;41;101mttt%%%8[0;1;30;90;41m%[0;1;31;91;41m8[0;31;5;41;101m%%S[0;33;41mt[0m
[0;36;5;40;100m [0;1;30;90;47m.[0;34;5;40;100mX[0;1;30;90;44m;;;;;;tttt%%@[0;1;30;90;47m8[0;1;37;97;47m......[0;1;30;90;47m.[0;34;5;40;100mX[0;1;30;90;44mXXXXXXXXXXXX8[0;1;30;90;47mt[0;1;37;97;47m.[0;33;5;41;101m;;%[0;31;5;41;101m@%::;;;;;;;;;;;;;;;;tttttttt%%%%8[0;1;31;91;41m8[0;31;5;41;101mS%[0;33;41mt[0m
[0;36;5;40;100m [0;1;30;90;47m.:[0;37;5;40;100mS[0;30;44mX%X%[0;1;30;90;44mtt%%%S[0;36;5;40;100mt[0;1;30;90;47mt[0;1;37;97;47m......::[0;1;30;90;47m.[0;37;5;40;100mX[0;1;30;90;44m@@@@@@@@@@[0;36;5;40;100m [0;1;30;90;47m:[0;1;37;97;47m..[0;33;5;41;101m;;S[0;1;30;90;41m8[0;1;30;90;40mX[0;33;41m8[0;31;5;41;101mt::;;[0;30;41mXX@@@@@@@@@@@8888[0;1;30;90;41mS[0;31;5;41;101mttt%@[0;33;41m%[0;31;40m:[0;1;30;90;41mS[0;31;5;41;101mX%[0;33;41mt[0m
[0;36;5;40;100m [0;1;30;90;47m...[0;36;5;40;100m [0;30;44m%S[0;1;30;90;44mt%%%%S[0;34;5;40;100m8[0;1;30;90;47m [0;1;37;97;47m....:::::::[0;36;5;40;100m [0;1;30;90;44m88888888[0;36;5;40;100m%[0;1;37;97;47m::::[0;33;5;41;101m:::[0;31;5;41;101m8[0;1;30;90;40m@SX[0;1;30;90;41m8[0;33;41m8[0;31;5;41;101mXt[0;34;40m;;:::::::.[0;1;30;90;40m8[0;34;40m......[0;31;40mX[0;31;5;41;101m%[0;1;31;91;41m8[0;33;41mS[0;31;40m8.[0;34;40m.[0;31;40mX[0;31;5;41;101m@%%[0;33;41mt[0m
[0;36;5;40;100m [0;1;30;90;47m...[0;37;5;40;100m8[0;1;30;90;44m%t%%%SSS[0;36;5;40;100m%[0;1;37;97;47m..::::::;;;;[0;1;30;90;47m8[0;1;30;90;44m88888888[0;36;5;40;100m [0;1;37;97;47m;:::[0;33;5;41;101m::::[0;31;43m8[0;31;5;40;100m@[0;33;41m8[0;33;5;41;101mt%[0;31;5;41;101m8S[0;34;40m;;;::[0;30;5;40;100m8[0;1;30;90;40mX[0;34;40m::[0;1;30;90;40m8@[0;34;40m......[0;31;40mX[0;31;5;41;101m@8SS[0;33;41mS[0;1;30;90;41m8[0;1;31;91;41m8[0;31;5;41;101m%%%[0;33;41mt[0m
[0;36;5;40;100m [0;1;30;90;47m... [0;1;30;90;44m@[0;1;34;94;44m%[0;1;30;90;44m%[0;1;34;94;44m%[0;1;30;90;44m%[0;1;34;94;44m%[0;1;30;90;44mS[0;1;34;94;44mS[0;1;30;90;47m8[0;1;37;97;47m.::::;;;;;;t;[0;1;30;90;44m888[0;1;34;94;44m@[0;1;30;90;44m8888[0;1;30;90;47m;[0;1;37;97;47m;;;:[0;33;5;41;101m::::SS;;;;[0;31;5;41;101mt[0;34;40m;;;[0;1;30;90;40m8X[0;34;40m:[0;30;5;40;100m88[0;34;40m:[0;36;5;40;100m:[0;34;40m:..[0;1;30;90;40mS8S[0;34;40m.[0;31;40mX[0;31;5;41;101mttttt8S%%%[0;33;41mt[0m
[0;36;5;40;100m [0;1;30;90;47m.. ;[0;1;30;90;44m%%[0;1;34;94;44m%[0;1;30;90;44m%[0;1;34;94;44m%[0;1;30;90;44mS[0;1;34;94;44m%[0;1;30;90;44mX[0;36;5;40;100m [0;1;37;97;47m:::;;;;;tttt[0;1;30;90;47m:[0;1;30;90;44m88888888[0;1;30;90;47m@[0;1;37;97;47mt;;;[0;33;5;41;101m::X[0;31;5;40;100m8[0;1;30;90;41m8[0;33;5;41;101mt:;;;t[0;34;40m;;;;[0;1;30;90;40mX[0;30;5;40;100mX8@[0;1;30;90;40m@[0;36;5;40;100m [0;34;40m;[0;30;5;40;100m88[0;1;30;90;40m@[0;34;40m...[0;31;40mX[0;31;5;41;101mttttt@[0;30;41m8[0;1;30;90;41mX[0;31;5;41;101m@%[0;33;41mt[0m
[0;36;5;40;100m [0;1;30;90;47m.  [0;37;5;40;100m%[0;1;30;90;44m%[0;1;34;94;44mt[0;1;30;90;44m%[0;1;34;94;44mt[0;1;30;90;44mSXXX[0;34;5;40;100m@[0;1;37;97;47m.:;;;;ttt%%%[0;37;5;40;100mX[0;1;30;90;44m88888888[0;36;5;40;100m.[0;1;37;97;47mttt;[0;33;5;41;101m:::[0;31;43m8[0;1;30;90;40m@8[0;1;30;90;41m8[0;33;41m8[0;33;5;41;101mt;;[0;31;40m%[0;34;40m;;;;:[0;30;5;40;100m8[0;1;30;90;40m8[0;30;5;40;100mX[0;36;5;40;100m  [0;34;40m;.....[0;31;40m8[0;31;5;41;101mttX[0;33;41mS[0;30;41m@[0;31;40m:.[0;1;31;91;41m@[0;31;5;41;101m%%[0;33;41mt[0m
[0;36;5;40;100m [0;1;30;90;47m. %[0;1;30;90;44mX[0;36;44m;[0;1;30;90;44m%[0;1;34;94;44m%[0;1;30;90;44mS[0;1;34;94;44mX[0;1;30;90;44mXX@@[0;37;5;40;100m%[0;1;37;97;47m;;;ttt%%%%[0;1;30;90;47m:[0;34;5;40;100mS[0;1;30;90;44m8[0;34;5;40;100mX[0;1;30;90;44m8[0;34;5;40;100mX[0;1;30;90;44m8[0;34;5;40;100mX[0;1;30;90;44m888[0;1;30;90;47m8[0;1;37;97;47mttt[0;33;5;41;101m..::[0;31;43m8[0;30;5;40;100m8[0;31;5;40;100m8[0;33;41m888[0;33;5;41;101m%[0;1;30;90;41m8[0;1;30;90;40m%[0;34;40m;;;;::[0;36;5;40;100m; [0;34;40m::.....[0;33;41m%[0;31;5;41;101m8[0;33;41mXS%[0;31;40m@8[0;1;31;91;41mX[0;31;5;41;101m%%%[0;33;41mt[0m
[0;36;5;40;100m [0;1;30;90;47m S[0;1;30;90;44m8%%%8[0;34;5;40;100mXS@[0;1;30;90;44m@@88[0;37;5;40;100mX[0;1;37;97;47m;ttt%%%%[0;1;30;90;47m;[0;36;5;40;100m%[0;34;5;40;100mSSS[0;36;5;40;100m;  :[0;34;5;40;100mXX[0;1;30;90;44m88[0;1;30;90;47m@[0;1;37;97;47m%t[0;33;5;41;101m...:[0;1;30;90;43m8[0;31;43m8[0;33;5;41;101m;:::;[0;31;5;41;101m@[0;31;40m%[0;34;40m;;;;::[0;37;5;40;100mX[0;33;5;40;100m [0;34;40m::....[0;31;40mS[0;31;5;41;101mSttttS[0;33;41m@[0;1;31;91;41m8[0;31;5;41;101m%%%[0;33;41mt[0m
[0;36;5;40;100m [0;37;5;40;100m@[0;1;30;90;44mSt%%S[0;36;5;40;100mt;;:[0;34;5;40;100m@[0;1;30;90;44m@8[0;1;34;94;44mX[0;1;30;90;44m8[0;36;5;40;100m.[0;1;37;97;47m.t%%%%[0;1;30;90;47m8[0;34;5;40;100mSSS[0;36;5;40;100m%t    ;[0;34;5;40;100mSX[0;1;30;90;44m88[0;37;5;40;100m%[0;1;37;97;47mt[0;33;5;41;101m..S[0;1;30;90;43m8[0;33;5;41;101m@:::::;;[0;33;41m8[0;31;40m%[0;34;40m;[0;1;30;90;40m%8[0;36;5;40;100m.[0;1;30;90;47m;[0;1;37;97;47m;[0;37;5;47;107m@[0;1;30;90;47m8[0;30;5;40;100mS[0;1;30;90;40m@[0;34;40m:.[0;31;40m%[0;31;5;41;101m8ttttttt[0;33;41mXX[0;31;5;41;101m@%[0;33;41mt[0m
[0;36;5;40;100m [0;34;5;40;100mX[0;1;30;90;44mt[0;1;34;94;44m%[0;1;30;90;44m%%S[0;36;5;40;100mt;;:[0;34;5;40;100mX[0;1;30;90;44m888[0;1;34;94;44m@[0;1;30;90;44m8[0;1;30;90;47m%[0;1;37;97;47m%%%%%[0;36;5;40;100mt[0;34;5;40;100mS[0;36;5;40;100m%%t;    :[0;34;5;40;100mSS[0;1;30;90;44m888[0;1;37;97;47m:[0;33;5;41;101m...[0;33;5;40;100m8[0;30;5;40;100m8[0;31;5;40;100m8[0;33;5;41;101m@:::;;;[0;31;5;41;101m8[0;30;41m8[0;34;40m;[0;1;30;90;40mS88[0;30;5;40;100m8[0;1;30;90;40mX@8[0;34;40m:[0;31;40m:[0;30;41mX[0;31;5;41;101mX;;ttt%[0;1;31;91;41m@[0;30;41mX[0;34;40m.[0;33;41mS[0;31;5;41;101m%%[0;33;41mt[0m
[0;36;5;40;100m [0;34;5;40;100mX[0;1;34;94;44mS[0;1;30;90;44m%[0;1;34;94;44mt[0;1;30;90;44m%S[0;36;5;40;100mt;;:[0;34;5;40;100mX[0;1;30;90;44m88[0;1;34;94;44m@[0;1;30;90;44m8[0;1;34;94;44m8[0;1;30;90;47m%[0;1;37;97;47m%%%%%[0;36;5;40;100m;%%tt:[0;37;5;40;100mSS%[0;36;5;40;100m :[0;34;5;40;100m%S[0;1;30;90;44m888[0;1;37;97;47m:[0;33;5;41;101m...S[0;31;5;40;100m@[0;1;30;90;40m88[0;31;5;40;100m8[0;33;41m8[0;31;43m8[0;33;5;41;101mt;;;;[0;33;41m@[0;30;41m8[0;31;40m;[0;34;40m::::[0;31;40m:[0;30;41m@[0;1;31;91;41m8[0;31;5;41;101m;;;;X[0;33;41mXS[0;31;40m@.;[0;30;41mX[0;31;5;41;101mS%%[0;33;41mt[0m
[0;36;5;40;100m [0;34;5;40;100mX[0;1;30;90;44mt[0;1;34;94;44mS[0;1;30;90;44m%%S[0;36;5;40;100mt;;:[0;34;5;40;100mX[0;1;34;94;44mX[0;1;30;90;44m88[0;1;34;94;44m8[0;1;30;90;44m8[0;1;30;90;47m%[0;1;37;97;47m%%%%%[0;36;5;40;100m;%tt;.[0;37;5;40;100mSSS[0;36;5;40;100m :%[0;34;5;40;100mSS[0;1;30;90;44m8[0;34;5;40;100m@[0;1;37;97;47m:[0;33;5;41;101m....[0;1;30;90;43m8[0;33;5;40;100m@[0;33;5;41;101mX::;;;;;;[0;31;5;41;101m:;8[0;1;30;90;41m%[0;31;40m@8[0;33;41mS[0;31;5;41;101mX;;;;;;%ttt[0;1;31;91;41mX[0;1;30;90;41m8[0;1;31;91;41m8[0;31;5;41;101m%%%[0;33;41mt[0m
[0;1;30;90;40m8[0;1;30;90;44mtt%%%SSXX@@88888[0;36;5;40;100m;[0;1;30;90;47m8888[0;37;5;40;100mS[0;34;5;40;100mS[0;36;5;40;100m%%tt;;;tt%[0;34;5;40;100mSSXX@[0;36;5;40;100m [0;33;5;41;101m...::;:::::;;;;[0;31;5;41;101m:;;;;;;;;;;;;;tttttS%%%%[0;33;41mt[0m
[0;34;40mX[0;1;30;90;44mtt%%%SSXX@@88888888[0;34;5;40;100m@[0;1;30;90;44m8[0;34;5;40;100mXSS%[0;36;5;40;100m%%ttt%%[0;34;5;40;100mSSSX[0;1;30;90;44m88[0;34;5;40;100m8[0;33;5;41;101m..S[0;31;5;40;100m@@[0;33;5;41;101mX::::;X[0;31;5;40;100m8[0;1;30;90;41m@[0;31;5;41;101m8:;;;;;;;;;[0;1;31;91;41m@[0;31;40mS[0;1;30;90;41mX[0;31;5;41;101mSttttt[0;1;31;91;41mX[0;31;40mS[0;1;30;90;41m@[0;31;5;41;101m@%[0;33;41mt[0m
[0;34;40mX[0;1;30;90;44mt%%SSSXXXX@888888888[0;34;5;40;100m@XSSS[0;36;5;40;100m%%%[0;34;5;40;100m%%%%SSXX@@8[0;33;5;41;101m...[0;31;43m8[0;1;30;90;40m88[0;31;5;40;100m8[0;1;30;90;41m8[0;33;5;41;101mX:;;[0;33;41m8[0;1;30;90;40mS[0;34;40m;[0;31;40m8[0;1;30;90;41m%[0;31;5;41;101m8;;;;[0;1;31;91;41m8[0;1;30;90;41m@[0;31;40mS[0;34;40m.[0;31;40m;[0;31;5;41;101m@ttt[0;1;31;91;41m8[0;1;30;90;41mX[0;31;40mS[0;34;40m.[0;31;40m:[0;31;5;41;101m8%%[0;33;41mt[0m
[0;34;40m8[0;1;30;90;44m%[0;34;5;40;100mX[0;37;5;40;100m8[0;1;30;90;47mXt%8[0;36;5;40;100m [0;1;30;90;44m@X8[0;36;5;40;100m [0;1;30;90;47mX;:;@[0;36;5;40;100m.[0;34;5;40;100m88[0;36;5;40;100mt[0;1;30;90;47m8:[0;1;37;97;47m..[0;1;30;90;47m:@[0;36;5;40;100m:[0;34;5;40;100mSS[0;36;5;40;100m [0;1;30;90;47mS.[0;1;37;97;47m.[0;1;30;90;47m t8[0;34;5;40;100m@8[0;33;5;41;101m..::[0;31;43m8[0;31;5;40;100m8[0;1;30;90;41m8[0;31;43m8[0;33;41m88[0;33;5;41;101m%;;[0;33;41m8[0;31;5;40;100m8[0;1;30;90;41mS[0;1;31;91;41m8[0;33;41m@@[0;31;5;41;101m%@[0;33;41m@[0;1;31;91;41m@[0;33;41mX[0;30;41m@[0;1;30;90;41m@[0;31;5;41;101m8;t8[0;33;41mXXX[0;30;41m@8[0;1;31;91;41m8[0;31;5;41;101m%%%[0;33;41mt[0m
[0;34;40mS[0;1;30;90;44mt[0;37;5;40;100m8[0;1;30;90;47m  [0;1;37;97;47m   .[0;1;30;90;44m@[0;30;44m8[0;1;30;90;44m8[0;1;37;97;47m:::;;;[0;1;30;90;47mX[0;34;5;40;100m88[0;36;5;40;100m [0;1;37;97;47m%%%%%%[0;37;5;40;100mS[0;34;5;40;100mXS[0;1;30;90;47mS[0;1;37;97;47m%%%%%t[0;34;5;40;100mX8[0;33;5;41;101m.:::[0;1;31;91;43m8[0;33;5;41;101m8:::;;;;[0;31;5;41;101m88;;;;;;;;;t[0;33;41m@[0;31;5;41;101m@;ttttt%[0;33;41m@[0;31;5;41;101m8%%%[0;30;41m%[0m
[0;34;40m.@[0;36;5;40;100m [0;37;5;40;100m@@@@88[0;34;40m8[0;1;30;90;40mX[0;34;5;40;100m8[0;37;5;40;100m88[0;1;30;90;47m8888[0;36;5;40;100m [0;34;5;40;100m88[0;36;5;40;100m:[0;1;30;90;47m@@XXXX[0;36;5;40;100m [0;34;5;40;100m@@[0;37;5;40;100mX[0;1;30;90;47mXXX@@@[0;34;5;40;100m88[0;33;47m88888888[0;37;43m88888[0;1;31;91;43m88888888888888888888888888[0;31;40m8[0m
 [0;34;40m:::;;;;[0;1;30;90;40m%SSXXX@@888[0;31;5;40;100m8888[0;30;5;40;100m8[0;36;5;40;100m  [0;37;5;40;100mS[0;36;5;40;100m  [0;30;5;40;100m88888888[0;1;30;90;40m888[0;1;37;97;47m;::::....   [0;1;30;90;47m    ........:::::;;;;;;;ttt[0m 
 [0;34;40m.::;;;;;[0;1;30;90;40m%SSSXX@@[0;1;30;90;41m@[0;31;5;41;101m88[0;1;30;90;41m8[0;1;31;91;41mXX[0;31;5;40;100m8[0;1;30;90;47mt[0;1;37;97;47m8X@[0;37;5;47;107m.@[0;36;5;40;100m [0;30;5;40;100m8[0;1;30;90;40m88888888[0;1;37;97;47m::::....   [0;1;30;90;47m    .........:::::;;;;;;ttt8[0m 
 [0;34;40m.:::;;;;;[0;1;30;90;40m%SSSXX[0;1;30;90;41mX[0;31;5;41;101m88[0;1;30;90;41m@8[0;31;5;40;100m8[0;1;30;90;40m888[0;36;5;40;100m;.[0;37;5;40;100mX[0;1;37;97;47m8[0;37;5;47;107m:;[0;36;5;40;100m;[0;1;30;90;40m888888@@[0;1;37;97;47m:[0;1;30;90;47mt[0;34;5;40;100mS[0;36;5;40;100mt[0;1;30;90;47m;[0;34;5;40;100mXX[0;1;30;90;47m:[0;34;5;40;100m@@[0;1;30;90;47mt[0;36;5;40;100m%[0;34;5;40;100m8[0;1;30;90;47m@[0;36;5;40;100mt[0;34;5;40;100m8[0;37;5;40;100m8[0;1;30;90;47m......X[0;34;5;40;100m88[0;1;30;90;47m%[0;34;5;40;100m8[0;1;30;90;44m8[0;1;30;90;47m%[0;1;30;90;44m88[0;1;30;90;47m8[0;34;5;40;100m@[0;1;30;90;44m8[0;37;5;40;100m@[0;36;5;40;100mt[0;1;30;90;44m8[0;1;30;90;40m@[0m 
  [0;34;40m:::::;;;;;[0;1;30;90;40m%SSS[0;1;31;91;41m@[0;31;5;41;101m8[0;1;30;90;41mX[0;1;30;90;40mX@@@@@888[0;30;5;40;100mX[0;37;5;47;107m::[0;37;5;40;100m8[0;1;30;90;40m88@@@@@X[0;1;37;97;47m.[0;1;30;90;47mX[0;1;34;94;44m88[0;1;30;90;44m8[0;1;34;94;44m88[0;1;30;90;44m8[0;1;34;94;44m88[0;1;30;90;44m8[0;1;34;94;44m@[0;34;5;44;104m8[0;1;30;90;44m@[0;1;34;94;44mX[0;34;5;44;104m8[0;37;5;40;100m%[0;1;30;90;47m.....:8[0;1;34;94;44mXX[0;1;30;90;44m@[0;1;34;94;44mX@[0;1;30;90;44m@[0;1;34;94;44mS8[0;1;30;90;44mS[0;1;34;94;44m%8[0;1;30;90;44mS[0;1;34;94;44mt@[0;34;40m;[0m 
  [0;34;40m.:::::;;;;;;[0;1;30;90;40mSS[0;1;30;90;41mS[0;31;5;41;101m8[0;1;31;91;41mX[0;1;30;90;40mXXXXX@@@@[0;37;5;40;100mX[0;37;5;47;107m;;[0;36;5;40;100m [0;1;30;90;40m@@@XXXXX[0;1;37;97;47m.[0;1;30;90;47m%[0;1;30;90;44m@S%%%%ttt;;;;[0;30;44m%[0;37;5;40;100m8[0;1;30;90;47m....::X[0;30;44mS[0;1;30;90;44m::[0;30;44m:;[0;1;30;90;44m..[0;30;44m%..%::[0;34;40m8[0m  
  [0;34;40m :::::::;;;;;;[0;31;40mX[0;1;31;91;41mX[0;31;5;41;101m8[0;1;31;91;41mX[0;1;30;90;41mS[0;1;30;90;40mXXXXX[0;36;5;40;100m;[0;1;30;90;47m:[0;37;5;47;107m;;[0;1;30;90;47m8[0;1;30;90;40mXXXXXXSSS[0;1;37;97;47m. [0;1;30;90;47m@[0;34;5;40;100m@[0;1;30;90;44m%%%tttt;[0;30;44mt%[0;1;30;90;44m8[0;37;5;40;100m@[0;1;30;90;47m....::::[0;37;5;40;100m8[0;34;5;40;100m8[0;30;44m%S%%%S%%SSX[0;34;40m;[0m  
   [0;34;40m.::::::::;;;;;[0;31;40mt[0;1;30;90;41m%[0;1;31;91;41m@[0;31;5;41;101m88[0;1;30;90;41mX[0;35;5;40;100m.[0;1;30;90;47m%[0;37;5;47;107m8;t[0;1;37;97;47m.[0;36;5;40;100m;[0;1;30;90;40mSSSSSSSS%%[0;1;37;97;47m  [0;1;30;90;47m :[0;34;5;40;100m8[0;30;44mS[0;1;30;90;44mt[0;30;44m%%SS%S[0;1;30;90;44mS[0;1;30;90;47mt....::::::;[0;34;5;40;100m8[0;30;44m@XXS@@S@8[0;36;5;40;100m [0m   
    [0;34;40m.:::::::::;;;;;[0;31;40m;[0;31;5;40;100m8[0;1;30;90;47mX[0;37;5;47;107m@t%[0;1;37;97;47m.[0;1;30;90;47m8[0;1;30;90;40m8SSSS%%%[0;34;40m;;;;;[0;1;30;90;47m    [0;36;5;40;100m:[0;30;44m%%[0;1;30;90;44m;[0;30;44m%StS%[0;34;5;40;100mX[0;1;30;90;47m....::::::;;[0;36;5;40;100m [0;30;44mXXSXXSXS[0;34;40m8[0m    
    [0;34;40m .:::::::::::;;[0;36;5;40;100m [0;37;5;47;107mSt[0;1;37;97;47m@[0;35;5;40;100m [0;1;30;90;41mX[0;31;5;41;101m88[0;1;31;91;41mt[0;31;40m%[0;34;40m;;;;;;;;;;;[0;1;30;90;47m   .X[0;1;30;90;44m;[0;1;34;94;44mt[0;1;30;90;44m;[0;1;34;94;44m;[0;1;30;90;44m:[0;1;34;94;44m;[0;1;30;90;44m:[0;1;34;94;44m;[0;37;5;40;100m8[0;1;30;90;47m..::::::;;;;%[0;30;44m;[0;1;34;94;44m;[0;30;44m;[0;1;34;94;44m;[0;30;44m;[0;1;34;94;44m:[0;30;44m;[0;1;34;94;44m.[0;34;40m:[0m    
     [0;34;40m...::::::::::[0;1;30;90;40m%[0;37;5;47;107mXt[0;1;37;97;47mt[0;1;30;90;40m%[0;34;40m;;[0;31;40m8[0;31;5;41;101m88[0;1;30;90;41mt[0;34;40m;;;;;;;;;::[0;1;30;90;47m....@[0;1;30;90;44m;;[0;1;34;94;44m:[0;1;30;90;44m;::[0;1;34;94;44m:[0;1;30;90;44m:[0;37;5;40;100m@[0;1;30;90;47m:::::::;;;;;X[0;30;44m:t[0;1;34;94;44m.[0;30;44mt[0;1;34;94;44m:[0;30;44mt[0;1;34;94;44m.[0;34;40mS[0m     
      [0;34;40m....::::::::[0;1;30;90;40m%[0;37;5;47;107mSt[0;1;30;90;47m [0;34;40m:::[0;31;40mX[0;31;5;41;101m88[0;1;30;90;41mt[0;34;40m:::::::::::[0;1;30;90;47m....[0;36;5;40;100m [0;1;30;90;44m:[0;1;34;94;44mt[0;1;30;90;44m:[0;1;34;94;44m;[0;1;30;90;44m:[0;1;34;94;44mt[0;1;30;90;44m:[0;1;34;94;44m;[0;36;5;40;100m;[0;1;30;90;47m:::::;;;;;;;[0;36;5;40;100m [0;30;44m;[0;1;34;94;44m;[0;30;44m;[0;1;34;94;44m;[0;30;44m;[0;1;34;94;44m;[0;34;40m8[0m      
       [0;34;40m......::::::[0;36;5;40;100m [0;37;5;47;107m@t[0;1;37;97;47m%[0;31;5;40;100mS[0;1;30;90;41m;[0;1;31;91;41m8[0;31;5;41;101m8[0;1;31;91;41m:[0;31;40mt[0;34;40m:::::::::::[0;1;30;90;47m...%[0;1;30;90;44m%[0;1;34;94;44m%[0;1;30;90;44m:[0;1;34;94;44m:[0;1;30;90;44m:[0;1;34;94;44m;[0;1;30;90;44m:[0;1;34;94;44m;[0;1;30;90;44m:;[0;1;30;90;47m@:::;;;;;;;%[0;1;30;90;44mS[0;1;34;94;44mt[0;30;44m;[0;1;34;94;44m.[0;30;44m;[0;1;34;94;44m;[0;30;44m8[0m       
        [0;34;40m........::::;[0;35;5;40;100m [0;35;5;41;101m8[0;31;5;41;101m88[0;1;30;90;47m8[0;31;40m8[0;34;40m:::::::::::::[0;1;30;90;47m..t[0;1;30;90;44m8[0;1;34;94;44m;[0;1;30;90;44m::;SS;:[0;1;34;94;44m:.[0;1;30;90;44mX[0;1;30;90;47mX;;;;;;;;S[0;1;30;90;44m8[0;1;34;94;44m;[0;30;44m::[0;1;30;90;44m.[0;30;44mX@[0m        
         [0;34;40m...........[0;30;41m8[0;1;31;91;41m8S[0;31;40m8[0;37;5;40;100m8[0;37;5;47;107mt[0;1;37;97;47mX[0;34;40m::::::::::...[0;1;30;90;47m.@[0;1;30;90;44m@[0;1;34;94;44m;[0;1;30;90;44m:[0;1;34;94;44m:[0;1;30;90;44m;[0;30;5;40;100m8@@8[0;1;30;90;44mt[0;1;34;94;44m:[0;1;30;90;44m:[0;1;34;94;44m.[0;1;30;90;44m%[0;37;5;40;100m@[0;1;30;90;47m;;;;;;8[0;1;30;90;44mX[0;1;34;94;44m:[0;30;44m%[0;1;34;94;44m.[0;30;44m:[0;1;30;90;40m8S[0m         
          [0;34;40m .........[0;1;30;90;41m:[0;1;31;91;41m8[0;30;41mX[0;34;40m.:[0;37;5;47;107m8%[0;1;30;90;40m@[0;34;40m............[0;1;30;90;47m:[0;1;30;90;44m;[0;1;34;94;44m;[0;1;30;90;44m::[0;30;44m%%[0;30;5;40;100m@@@@[0;30;44m@;:[0;1;34;94;44m::[0;1;30;90;44m.[0;1;30;90;47m8;;;tt[0;1;30;90;44m;[0;1;34;94;44m:[0;30;44m.:XS[0;34;40m:[0m          
            [0;34;40m........[0;31;40m@[0;1;31;91;41m8X[0;31;40m@[0;1;30;90;47m@[0;37;5;47;107m%[0;1;37;97;47m.[0;34;40m.............[0;1;30;90;47m:[0;1;30;90;44m:[0;1;34;94;44m.:[0;30;44mt[0;36;44m.[0;30;44mS[0;30;5;40;100m@@@@[0;30;44m8[0;1;34;94;44m.[0;30;44mt[0;1;34;94;44m.:[0;1;30;90;44m.[0;1;30;90;47m8;tttt[0;30;44m:[0;1;30;90;44m [0;1;34;94;44m.[0;30;44mS;[0m            
             [0;34;40m........[0;31;40m%[0;1;30;90;41m8[0;1;37;97;47mX%[0;35;5;40;100m [0;34;40m:.............[0;1;30;90;47m:[0;1;30;90;44m:[0;1;34;94;44m:.[0;30;44m:t%[0;30;5;40;100m@888[0;30;44m@:;[0;1;34;94;44m..[0;1;30;90;44m.[0;1;30;90;47m8ttttt[0;30;44m;[0;1;34;94;44m.[0;30;44m @[0m             
              [0;34;40m .......[0;1;37;97;47m;[0;1;30;90;47mX[0;1;31;91;41m8[0;31;40m8[0;34;40m..............[0;37;5;40;100m8[0;1;34;94;44m.:t[0;1;30;90;44m:[0;1;34;94;44mt[0;1;30;90;44m:SSSS;[0;1;34;94;44mt[0;1;30;90;44m.[0;1;34;94;44m:;.[0;36;5;40;100m [0;1;30;90;47m%%%%[0;37;5;40;100m@[0;1;30;90;44m.[0;30;44m%[0;34;40mS[0m              
                [0;34;40m .....[0;1;37;97;47m:[0;36;5;40;100m%[0;1;31;91;41m;[0;31;40m8[0;34;40m..............[0;30;44m8t:%:t:%:t:%:t;%tttt%;X[0;34;40m%[0m                
                  [0;34;40m ...[0;30;5;40;100m@[0;35;5;40;100m [0;30;41m;[0;31;40m.[0;34;40m..............[0;30;44m@;[0;1;30;90;44m.[0;30;44mSX8XS[0;1;30;90;44m.[0;30;44m;[0;1;30;90;44m.[0;30;44m;:8@@@S:.;[0;34;40m8[0m                  
                    [0;34;40m ..[0;30;5;40;100m8[0;31;40m:[0;34;40m...............[0;30;44m@S%[0;34;5;40;100m8[0;36;5;40;100m%t[0;34;5;40;100mS[0;1;30;90;44m8[0;30;44m%X%%[0;1;30;90;44mt[0;34;5;40;100m8[0;36;5;40;100m%%[0;34;5;40;100mX[0;1;30;90;44m@[0;30;44mS[0;34;40m8[0m                    
                      [0;34;40m ................ 8[0;30;44m%[0;1;30;90;47m@ttttt[0;37;5;40;100m@[0;30;44m%[0;34;40m8[0;1;30;90;44mS[0;1;30;90;47mS%%%X[0;36;5;40;100m [0m                      
                        [0;34;40m                8[0;30;44m@[0;1;30;90;47mStttt%[0;37;5;40;100m8[0;30;44m@[0;34;40m@[0;1;30;90;44m@[0;1;30;90;47m%%8[0;36;5;40;100m;[0m                        
                          [0;34;40m              [0;37;5;40;100mX8[0;1;30;90;47m%%%%%%S888[0;36;5;40;100m [0;30;5;40;100m8[0m                          
                             [0;34;40m           [0;1;30;90;47m%%%%%%%%%[0;37;5;40;100m8[0;36;5;40;100mt[0m                             
                                [0;34;40m        [0;1;30;90;47m%%%%%%8[0;36;5;40;100m:[0m                                
                                   [0;34;40m     [0;1;30;90;47m%%S[0;37;5;40;100mX[0;36;5;40;100mt[0m                                   
                                      [0;34;40m  [0;36;5;40;100m.[0;30;5;40;100m8[0m                                      
