[0;30;44m8[0;1;34;94;44m........:::::::::::::::::::::::::::::::::::::::::................ [0;35;44m@[0;1;30;90;41m.     [0;30;41m     8[0m
[0;30;44m%[0;1;34;94;44m888888[0;34;5;44;104m888888888888888888888888888888888888888888888[0;1;34;94;44m8888888888888S[0;31;45m8[0;1;31;91;41m888888@@@@@@[0;30;41m%[0m
[0;30;44m%[0;1;34;94;44m8888[0;34;5;44;104m888888888888888888888888888888888888888888888888[0;1;34;94;44m88888888888[0;1;30;90;45m:[0;1;31;91;41m@88888888@@@@@[0;30;41m%[0m
[0;30;44m%[0;1;34;94;44m888[0;34;5;44;104m888888888888888888888888888888888888888888888888888[0;1;34;94;44m8888888[0;35;44m8[0;35;41m%[0;1;31;91;41m88888888888@@@@[0;30;41m%[0m
[0;30;44m%[0;1;34;94;44m8[0;34;5;44;104m8888888888888888888888888888888888888888888888888888888[0;1;34;94;44m888S[0;35;41m8[0;1;31;91;41m88888888888888@@@[0;30;41m%[0m
[0;30;44m%[0;34;5;44;104m888888888888888888888888888888888888888888888888888888888[0;1;34;94;44m8[0;1;30;90;45m;[0;1;31;91;41m88888888888888888@@[0;30;41m%[0m
[0;30;44m%[0;34;5;44;104m88888888888888888888888888888888888888888888888888888888[0;34;45m8[0;1;31;91;41mX888888888888888888@@[0;30;41m%[0m
[0;30;44m%[0;34;5;44;104m88888[0;1;34;94;44mS[0;36;5;40;100m%[0;34;5;40;100m@[0;1;30;90;44m8[0;34;5;44;104m8[0;1;34;94;44mS[0;36;5;40;100mt[0;34;5;40;100mS[0;1;30;90;44m8[0;34;5;44;104m8[0;1;30;90;44m8[0;36;5;40;100m;t[0;1;30;90;44m8[0;34;5;44;104m8[0;1;30;90;44m8[0;36;5;40;100m:;[0;1;30;90;44m8[0;34;5;44;104m@[0;1;30;90;44m8[0;36;5;40;100m::[0;1;30;90;44m8[0;34;5;44;104m@@@@@@88888888888888[0;1;30;90;44m@[0;34;5;40;100mSX[0;1;30;90;44m8[0;34;5;44;104m8[0;35;44m@[0;35;41m8[0;31;5;41;101m888[0;1;31;91;41m88888888888888888@[0;31;45m8[0;30;44mX[0m
[0;30;44m%[0;34;5;44;104m88888[0;1;30;90;44m8[0;1;30;90;47mS[0;37;5;40;100m8[0;36;5;40;100m [0;34;5;44;104m8[0;34;5;40;100mX[0;1;30;90;47mS8[0;36;5;40;100m [0;34;5;44;104m8[0;36;5;40;100mt[0;1;30;90;47m%X[0;36;5;40;100m [0;34;5;44;104m@[0;36;5;40;100m:[0;1;30;90;47m%S[0;36;5;40;100m [0;34;5;44;104m@[0;36;5;40;100m.[0;1;30;90;47m%%[0;36;5;40;100m [0;34;5;44;104m@@@@@@@@@88888888888[0;34;5;40;100mS[0;1;30;90;47mX8[0;35;5;40;100m;[0;1;30;90;45mt[0;31;5;41;101m888888[0;1;31;91;41m888888888888888[0;35;41mS[0;35;44mX[0;1;34;94;44m@[0;30;44m%[0m
[0;30;44m%[0;34;5;44;104m88888[0;34;5;40;100m@[0;1;37;97;47m  [0;1;30;90;47m;[0;37;5;40;100mS[0;1;30;90;47mt[0;1;37;97;47m..[0;1;30;90;47m:[0;37;5;40;100m@[0;1;30;90;47m;[0;1;37;97;47m::[0;1;30;90;47m.[0;37;5;40;100m8[0;1;30;90;47m:[0;1;37;97;47m;;[0;1;30;90;47m [0;37;5;40;100m8[0;1;30;90;47m.[0;1;37;97;47mtt[0;37;5;40;100mt[0;34;5;44;104mX@@@@@@@@@@888888888[0;36;5;40;100m;[0;1;30;90;47m 8[0;31;5;41;101m888888888[0;1;31;91;41m888888888888S[0;34;45m8[0;1;34;94;44m@88[0;30;44m%[0m
[0;30;44m%[0;34;5;44;104m88888[0;1;30;90;44m8[0;1;30;90;47mS8%@%%@tX;tS:S:;%.t.;;[0;36;5;40;100m [0;34;5;44;104mXXXXXX@@@@@@@8888888[0;35;5;40;100m8[0;1;31;91;41m8[0;31;5;41;101m8888888888[0;1;31;91;41m88888888888[0;35;41m8[0;1;34;94;44mX8888[0;30;44m%[0m
[0;30;44m%[0;34;5;44;104m88888[0;1;34;94;44mX[0;36;5;40;100m [0;37;5;40;100m@[0;1;30;90;47m8888[0;37;5;40;100m8[0;1;30;90;47m8@@@8XXSX@S%%S8[0;36;5;40;100mt[0;34;5;44;104mXXXXXXXX@@@@@@8888[0;1;34;94;44m8[0;1;30;90;45mS[0;31;5;41;101m8888888888888[0;1;31;91;41m88888888S[0;35;5;40;100mt[0;1;34;94;44mt88888[0;30;44m%[0m
[0;30;44m%[0;34;5;44;104m888888[0;1;34;94;44mX[0;36;5;40;100m [0;1;30;90;47m@8S@X%@ttS;X::%:%:8[0;36;5;40;100m%[0;34;5;44;104mXXXXXXXXXXX@@@@@88[0;1;30;90;45mX[0;1;31;91;41m8[0;31;5;41;101m88888888888888[0;1;31;91;41m888888@[0;35;5;40;100m.t[0;1;34;94;44mt888888[0;30;44m%[0m
[0;30;44m%[0;34;5;44;104m88888888[0;1;30;90;44m8[0;37;5;40;100mS8[0;1;30;90;47m88[0;37;5;40;100m8[0;1;30;90;47m88X@8@@%X@@[0;36;5;40;100m.[0;34;5;44;104mXXXXXXXXXXXXXX@@@@[0;1;30;90;45m8[0;35;41m8[0;31;5;41;101m88888888888888888[0;1;31;91;41m8888[0;35;5;40;100m% [0;1;30;90;44mS[0;1;34;94;44m88888888[0;30;44m%[0m
[0;30;44m%[0;34;5;44;104m888888888[0;34;5;40;100m@[0;37;5;40;100mX8[0;1;30;90;47m8[0;37;5;40;100m888[0;1;30;90;47m@8888S@8[0;36;5;40;100m [0;34;5;44;104mX[0;36;5;44;104mXXXXX[0;34;5;44;104mSXXXXXXXXX@[0;1;34;94;44m8[0;1;30;90;45m8[0;31;5;41;101m@@88888888888888888[0;1;31;91;41m88X[0;35;5;40;100m [0;36;5;40;100m [0;1;30;90;44m8[0;1;34;94;44m888888888[0;30;44m%[0m
[0;30;44m%[0;34;5;44;104m888888888[0;1;34;94;44mX[0;36;5;40;100m [0;1;30;90;47m88[0;37;5;40;100m8[0;1;30;90;47m8[0;37;5;40;100m8[0;1;30;90;47mX@8@@SX@[0;36;5;40;100mt[0;36;5;44;104mXXXXXXXX[0;34;5;44;104mXXXXXXX@[0;1;30;90;45m8[0;31;5;41;101m8@@@88888888888888888[0;1;31;91;41m@[0;31;5;40;100mS[0;37;5;40;100mX[0;36;5;40;100m  [0;1;34;94;44m;888888888[0;30;44m%[0m
[0;30;44m%[0;34;5;44;104m888888888[0;1;34;94;44mX[0;37;5;40;100mX[0;1;30;90;47m8@8XXXX%%S%tX[0;36;5;40;100m:[0;36;5;44;104mXXXXXXXX[0;34;5;44;104mSXXXXX[0;1;30;90;45m8[0;31;45m8[0;31;5;41;101mX@@@@888888888888888[0;1;31;91;41m8[0;31;5;40;100mX[0;37;5;40;100mXS@X[0;36;5;40;100m [0;1;34;94;44mt888888888[0;30;44m%[0m
[0;30;44m%[0;34;5;44;104m8888888888[0;34;5;40;100mX[0;1;37;97;47m:;[0;1;30;90;47mS[0;1;37;97;47mtt:[0;1;30;90;47m:[0;1;37;97;47m%%[0;1;30;90;47m;[0;1;37;97;47mSS[0;37;5;40;100m%[0;36;5;44;104mXXXXXXXXXX[0;34;5;44;104mXXX[0;1;30;90;45m88[0;31;5;41;101mXXX@@@@88888888888888[0;1;30;90;41m8[0;1;30;90;47m8..[0;37;5;40;100m8[0;1;30;90;47m::[0;1;30;90;44m8[0;1;34;94;44m8888888888[0;30;44m%[0m
[0;30;44m%[0;34;5;44;104m8888888888[0;34;5;40;100mS[0;1;30;90;47m;@%:X::S :%[0;1;37;97;47m.[0;37;5;40;100mS[0;36;5;44;104mXXXXXXXXX[0;34;5;44;104mSX[0;35;5;44;104m@[0;1;30;90;45m8[0;31;5;41;101mXXXXX@@@@888888888888[0;1;31;91;41m8[0;35;5;40;100m [0;1;30;90;47m@@[0;37;5;40;100m@[0;1;30;90;47mX8[0;37;5;40;100m@[0;1;30;90;47m@[0;34;5;40;100m8[0;1;34;94;44m8888888888[0;30;44m%[0m
[0;30;44m%[0;34;5;44;104m8888888888[0;36;5;40;100m:[0;1;30;90;47m;8;:@.:X .S[0;1;37;97;47m [0;1;30;90;47m8[0;34;5;44;104mS[0;36;5;44;104mXXXXXXX[0;34;5;44;104mSX[0;1;30;90;45m8[0;1;31;91;45m8[0;31;5;41;101mXXXXX@@@@@8888888888[0;1;31;91;41m8[0;35;5;40;100m:[0;1;30;90;47mX[0;37;5;40;100mS[0;1;30;90;47m@@[0;37;5;40;100mS[0;1;30;90;47mX@[0;37;5;40;100mS[0;1;30;90;47m@[0;36;5;40;100m%[0;1;34;94;44m8888888888[0;30;44m%[0m
[0;30;44m%[0;34;5;44;104m8888888888[0;36;5;40;100m [0;1;37;97;47m::[0;1;30;90;47mS[0;1;37;97;47m;;:[0;1;30;90;47m;[0;1;37;97;47m%%[0;1;30;90;47mt[0;1;37;97;47m%%[0;1;30;90;47m@[0;34;5;44;104m8SSSSSSX[0;1;30;90;45m88[0;31;5;41;101mXXXXXXX@@@@8888888888[0;35;5;40;100m;[0;1;30;90;47m;[0;37;5;40;100m8[0;1;30;90;47m..SS..[0;37;5;40;100m8[0;1;30;90;47m::[0;36;5;40;100m [0;1;34;94;44mX888888888[0;30;44m%[0m
[0;30;44mS[0;34;5;44;104m888888888[0;34;5;40;100mX[0;1;30;90;47mXt8%;@:;S.;% :[0;37;5;40;100mt[0;34;5;44;104mXXXXX[0;35;5;44;104m8[0;1;30;90;45m8[0;31;5;41;101mXXXXXXXX@@@@@88888888[0;1;31;91;41m8[0;37;5;40;100mX[0;1;30;90;47mS[0;37;5;40;100m8[0;1;30;90;47m8X[0;37;5;40;100m@[0;1;30;90;47m@@[0;37;5;40;100m@[0;1;30;90;47mX8[0;37;5;40;100m@[0;1;30;90;47m@[0;37;5;40;100m8[0;1;30;90;44m8[0;1;34;94;44m888888888[0;30;44mS[0m
[0;30;44m8[0;34;5;44;104m88888888[0;1;34;94;44mX[0;37;5;40;100m8[0;1;30;90;47m%t[0;37;5;40;100m8[0;1;30;90;47mtS[0;37;5;40;100m@[0;1;30;90;47m;;[0;37;5;40;100m8[0;1;30;90;47m%:8 .;[0;34;5;40;100mS[0;34;5;44;104mXXX[0;1;30;90;45m8[0;35;5;41;101m8[0;31;5;41;101mXXXXXXXX@@@@@8888888[0;1;31;91;41m8[0;1;30;90;45mX[0;37;5;40;100m8[0;1;30;90;47mXS[0;36;5;40;100m [0;1;30;90;47m@[0;37;5;40;100m8[0;36;5;40;100m [0;1;30;90;47m@@[0;36;5;40;100m [0;37;5;40;100m8[0;1;30;90;47m@[0;36;5;40;100m [0;1;30;90;47m@8[0;37;5;40;100mS[0;1;34;94;44m%88888888[0;30;44m8[0m
[0;34;40mX[0;34;5;44;104m8888888[0;1;34;94;44m8[0;37;5;40;100m8[0;1;37;97;47m.[0;1;30;90;47m@[0;1;37;97;47m:[0;1;30;90;47mX;[0;1;37;97;47m:[0;1;30;90;47m@[0;1;37;97;47m .[0;1;30;90;47mX[0;1;37;97;47m;.[0;1;30;90;47mS[0;1;37;97;47mt[0;1;30;90;47m%[0;1;37;97;47m%[0;1;30;90;47m;[0;34;5;44;104m8[0;1;30;90;45m88[0;31;5;41;101mXXXXXXXX@@@@@@8888888[0;1;30;90;45m%[0;1;34;94;44mX[0;1;30;90;47m8 [0;37;5;40;100m8[0;1;30;90;47m.[0;37;5;40;100m8[0;1;30;90;47m%:[0;37;5;40;100m@[0;1;30;90;47mtt[0;37;5;40;100m@[0;1;30;90;47m:S[0;37;5;40;100m8[0;1;30;90;47m:[0;37;5;40;100m8[0;1;30;90;47m:[0;37;5;40;100mS[0;1;34;94;44mX8888888[0;34;40m@[0m
 [0;1;34;94;44m8[0;34;5;44;104m88888[0;1;34;94;44m8[0;36;5;40;100m [0;1;30;90;47mS8X@XX[0;37;5;40;100mX[0;36;5;40;100m.:: [0;37;5;40;100mX[0;1;30;90;47mX:Xt;@[0;35;5;40;100mt[0;31;5;41;101mXXXXXXX@@@@@@@@888888[0;31;45m8[0;35;44m8[0;1;34;94;44m@[0;37;5;40;100m%[0;1;30;90;47m888[0;37;5;40;100m8[0;1;30;90;47m@[0;37;5;40;100m8[0;36;5;40;100m [0;30;5;40;100mX@8X[0;36;5;40;100m [0;37;5;40;100m8[0;1;30;90;47m8[0;37;5;40;100m@8@[0;1;30;90;47m8[0;36;5;40;100m [0;1;34;94;44mS888888[0m 
 [0;1;34;94;44m;[0;34;5;44;104m8888[0;1;34;94;44m%[0;37;5;40;100m%[0;1;30;90;47mSX[0;37;5;40;100m8[0;1;30;90;47m8@%[0;36;5;40;100m ::::.. [0;1;30;90;47m;%%8[0;31;5;41;101m8@@@@@@@@@@@@@@888888[0;1;31;91;41m@[0;1;30;90;45mS[0;34;5;44;104m8[0;1;30;90;44m@[0;37;5;40;100mX[0;1;30;90;47mX8[0;37;5;40;100m@[0;1;30;90;47m88X[0;36;5;40;100mt[0;30;5;40;100mXXXX@@%[0;1;30;90;47m@[0;37;5;40;100m8@%[0;1;30;90;47m88[0;36;5;40;100m [0;1;30;90;44mt[0;1;34;94;44m8888t[0m 
 [0;30;44mS[0;34;5;44;104m888[0;34;5;40;100mX[0;1;30;90;47m; 8[0;1;37;97;47m [0;1;30;90;47m:[0;37;5;40;100m8[0;1;30;90;47mX%[0;36;5;40;100mt;;::::t[0;1;30;90;47m%8[0;31;5;41;101m8@@@@@@@@@@@@@88888888[0;1;30;90;45mS[0;1;34;94;44m8[0;34;5;44;104m8[0;36;5;40;100m;[0;1;30;90;47m: 8 X[0;37;5;40;100m8[0;1;30;90;47m8X[0;30;5;40;100m8XXXX@@[0;1;30;90;40m8[0;1;30;90;47m@[0;37;5;40;100m8X[0;1;30;90;47mX;[0;37;5;40;100m@[0;1;30;90;47m;%[0;34;5;40;100m8[0;1;34;94;44m888[0;30;44m%[0m 
  [0;1;34;94;44m8[0;34;5;44;104m88[0;36;5;40;100m [0;1;30;90;47m8@8X[0;37;5;40;100m8XS[0;1;30;90;47m%[0;36;5;40;100mt;;;;::[0;31;5;40;100m%[0;35;5;40;100m:[0;31;5;41;101m8@@@@@@@@@@8888888888[0;31;45m@[0;35;44m@[0;34;5;44;104m888[0;36;5;40;100m [0;37;5;40;100m8[0;1;30;90;47mS88[0;37;5;40;100m8[0;36;5;40;100m  [0;1;30;90;47mX[0;30;5;40;100m8XXX@@@[0;1;30;90;40m8[0;1;30;90;47m@[0;36;5;40;100m  [0;37;5;40;100mX[0;1;30;90;47m8[0;37;5;40;100m8[0;1;30;90;47m8[0;37;5;40;100mS[0;36;5;40;100m:[0;1;34;94;44m88@[0;34;40m%[0m 
  [0;1;30;90;44m:[0;34;5;44;104m88[0;36;5;40;100m.[0;37;5;40;100m@[0;1;30;90;47m8X@[0;37;5;40;100mX[0;1;30;90;47m8[0;1;37;97;47m  [0;36;5;40;100mtttt;[0;35;5;40;100mt[0;31;5;40;100m8[0;31;5;41;101m888888888888888888888[0;1;31;91;41m@[0;34;45m8[0;34;5;44;104m88888[0;36;5;40;100m [0;37;5;40;100mS[0;1;30;90;47mXX[0;37;5;40;100m8[0;36;5;40;100m [0;1;30;90;47mt..[0;30;5;40;100m8XX@@@@[0;1;30;90;40m8[0;1;30;90;47m:;@[0;36;5;40;100m [0;37;5;40;100m8[0;1;30;90;47m88[0;36;5;40;100m :[0;1;34;94;44m88.[0m  
  [0;34;40mS[0;1;34;94;44m8[0;34;5;44;104m8[0;36;5;40;100m [0;1;30;90;47m..[0;37;5;40;100m8[0;1;30;90;47m .[0;37;5;40;100mX8[0;1;30;90;47mS[0;30;5;40;100mS[0;36;5;40;100mttt[0;31;5;40;100m@[0;1;31;91;41m8[0;31;5;41;101m88888888888888888888[0;1;31;91;41m8[0;1;30;90;45mS[0;1;34;94;44m8[0;34;5;44;104m888888[0;37;5;40;100mX[0;1;30;90;47m..[0;37;5;40;100m8[0;1;30;90;47m.;[0;37;5;40;100mSX[0;1;30;90;47mX[0;30;5;40;100m8X@@@@@[0;1;30;90;40m8[0;1;30;90;47m8[0;37;5;40;100mS[0;36;5;40;100m [0;1;30;90;47mt;[0;37;5;40;100m@[0;1;30;90;47m;t[0;36;5;40;100m [0;1;34;94;44m8@[0;34;40mX[0m  
   [0;30;44m:[0;34;5;44;104m8[0;36;5;40;100m.[0;37;5;40;100m8[0;1;30;90;47m@8@[0;37;5;40;100m8[0;36;5;40;100m [0;37;5;40;100m8[0;1;30;90;47mS[0;30;5;40;100mS%[0;31;5;40;100mX[0;1;30;90;41m@[0;31;5;41;101m888888888888888888888[0;1;30;90;45m%[0;1;34;94;44m@[0;34;5;44;104m88888888[0;36;5;40;100m [0;37;5;40;100m@[0;1;30;90;47mX88[0;37;5;40;100mX[0;36;5;40;100m [0;37;5;40;100m@[0;1;30;90;47mX[0;30;5;40;100m8@@@@@@[0;1;30;90;40m8[0;1;30;90;47m8[0;37;5;40;100mX[0;36;5;40;100m [0;37;5;40;100mS[0;1;30;90;47m8[0;37;5;40;100m8[0;1;30;90;47m8[0;37;5;40;100mS[0;36;5;40;100m:[0;1;34;94;44m8[0;30;44m.[0m   
    [0;1;34;94;44m%[0;36;5;40;100m.[0;37;5;40;100m@[0;1;30;90;47m8X8[0;37;5;40;100mSX[0;1;30;90;47mXX[0;30;5;40;100m@[0;1;30;90;41m8[0;1;31;91;41m8[0;31;5;41;101m88888888888888888888[0;35;41m@[0;35;44m8[0;34;5;44;104m888888888[0;1;34;94;44m@[0;36;5;40;100m  [0;1;30;90;47mXX[0;37;5;40;100m8[0;36;5;40;100m [0;37;5;40;100m8[0;1;30;90;47m@@[0;1;30;90;40m8[0;30;5;40;100m888888[0;1;30;90;40m8[0;1;30;90;47m88[0;37;5;40;100mX[0;36;5;40;100m [0;37;5;40;100m8[0;1;30;90;47m88[0;36;5;40;100m :[0;1;34;94;44mt[0m    
    [0;1;30;90;40mS[0;1;30;90;47m888888888[0;31;5;41;101m888888888888888888888[0;1;31;91;41m8[0;1;30;90;45m%[0;35;44mt[0;1;34;94;44mtttttttttt[0;34;5;40;100m8[0;1;30;90;47m8[0;37;5;40;100m888888888888888888@@@@@@X[0;1;30;90;40mS[0m    
     [0;30;5;40;100mS[0;37;5;40;100m8[0;1;30;90;47mXX88[0;37;5;40;100m@[0;1;31;91;41m8[0;31;5;41;101m888888888888888888888[0;35;5;40;100mt[0;1;30;90;47m8[0;37;5;40;100m8[0;1;30;90;47mSS@@XX[0;37;5;40;100m8[0;1;30;90;47mXX8XXX[0;37;5;40;100m@[0;1;30;90;47mXX[0;37;5;40;100m8[0;1;30;90;47mX@[0;37;5;40;100m8[0;1;30;90;47m8@88@8[0;37;5;40;100mX[0;1;30;90;47m88[0;37;5;40;100m8[0;1;30;90;47m888[0;37;5;40;100mS[0;1;30;90;47m88[0;37;5;40;100mX[0;30;5;40;100mS[0m     
      [0;30;5;40;100m@[0;37;5;40;100m88X[0;31;5;40;100mS[0;31;5;41;101m888888888888888888888[0;1;31;91;41m8[0;35;5;40;100m [0;1;30;90;47m88[0;37;5;40;100mX[0;1;30;90;47m88[0;37;5;40;100m88[0;1;30;90;47m88[0;37;5;40;100mX[0;1;30;90;47m8[0;37;5;40;100m8X888S88S88X@8XX88[0;36;5;40;100m [0;37;5;40;100m88[0;36;5;40;100m [0;37;5;40;100m@@@[0;36;5;40;100m [0;37;5;40;100m@X[0;30;5;40;100mX[0m      
       [0;35;5;40;100m..[0;1;31;91;41m8888[0;31;5;41;101m88888888888888888[0;1;31;91;41m8[0;31;5;40;100mS[0;35;5;40;100m [0;36;5;40;100m   [0;37;5;40;100mX[0;1;30;90;47mXX88XX[0;37;5;40;100mX[0;36;5;40;100m        [0;1;30;90;47m8[0;37;5;40;100mX[0;1;30;90;47m@@888[0;36;5;40;100m         [0;1;30;90;47m88[0;37;5;40;100m@[0;1;30;90;47m8[0;36;5;40;100m [0m       
        [0;30;41m;[0;1;31;91;41m88888888[0;31;5;41;101m88888888888[0;1;31;91;41m8[0;1;30;90;41m@[0;35;5;40;100m [0;36;5;40;100m   [0;37;5;40;100mS[0;1;30;90;47m8X[0;37;5;40;100mS[0;36;5;40;100m [0;37;5;40;100mXX[0;36;5;40;100m [0;37;5;40;100m%[0;1;30;90;47m@8[0;37;5;40;100mS[0;36;5;40;100m    [0;37;5;40;100mX[0;1;30;90;47m88[0;36;5;40;100m  [0;37;5;40;100mX[0;36;5;40;100m  [0;37;5;40;100mX[0;1;30;90;47m@[0;37;5;40;100m@[0;36;5;40;100m  .  [0;37;5;40;100mX[0;1;30;90;47m8[0;37;5;40;100mS[0;36;5;40;100m [0;37;5;40;100mS[0;36;5;40;100m;[0m        
         [0;30;41mS[0;1;31;91;41m888888888888[0;31;5;41;101m88888[0;35;41m8[0;35;44mX[0;34;5;44;104m888888[0;1;34;94;44m8[0;1;30;90;44mt[0;36;5;40;100m.[0;1;30;90;47m:[0;36;5;40;100m  [0;1;30;90;47m;[0;36;5;40;100m [0;1;30;90;44m%[0;1;34;94;44m8888888X[0;1;30;90;44mX[0;37;5;40;100m@8X[0;36;5;40;100m [0;1;30;90;47mS[0;34;5;40;100m@[0;1;34;94;44mt888888@;[0;34;5;40;100m8[0;1;30;90;47m@[0;30;5;40;100m8[0m         
          [0;31;40m8[0;1;31;91;41m@88888888888888[0;35;5;40;100m8[0;1;34;94;44m8888888888t[0;1;30;90;47m@[0;36;5;40;100m  [0;1;30;90;47m%[0;1;30;90;44m:[0;1;34;94;44m8888888888[0;1;30;90;44m8[0;1;30;90;47m8[0;36;5;40;100m   [0;1;34;94;44m88888888@@X[0;34;40m;[0m          
            [0;1;31;91;41m;88888888888[0;31;5;40;100m@[0;1;30;90;47m@[0;34;5;40;100m8[0;1;34;94;44m8888888888t[0;1;30;90;47m8[0;36;5;40;100m  [0;1;30;90;47mS[0;1;34;94;44m.8888888888[0;1;30;90;44m@[0;1;30;90;47m8[0;36;5;40;100m   [0;1;34;94;44m888888@@@;[0m            
             [0;30;41m%[0;1;31;91;41m88888888[0;35;41mS[0;35;5;40;100m8[0;36;5;40;100mt [0;1;30;90;44m@[0;1;34;94;44m8888888888%[0;36;5;40;100m [0;34;5;40;100mX@[0;36;5;40;100m [0;1;34;94;44m:8888888888[0;1;30;90;44mS[0;36;5;40;100m [0;34;5;40;100mSX@[0;1;34;94;44m8888@@@@[0;30;44m%[0m             
              [0;31;40mS[0;1;31;91;41m;8888S[0;34;45m8[0;1;34;94;44m88888888888888888888888888888888888888@@@@;[0;34;40mS[0m              
                [0;30;41m8[0;1;31;91;41mS@[0;1;30;90;45m:[0;1;34;94;44m88888888888888888888888888888888888888@@@@S[0;30;44m8[0m                
                  [0;30;44m@[0;1;34;94;44m@88888888888888888888888888888888888@@@@@@[0;30;44mt[0m                  
                    [0;30;44mt[0;1;34;94;44m@888888888888888888888888888888@@@@@@X[0;30;44mt[0m                    
                      [0;30;44m%[0;1;34;94;44mX888888888888888888888888@@@@@@@@X[0;30;44m%[0m                      
                        [0;30;44m@[0;1;34;94;44m%88888888888888888@@@@@@@@@@@%[0;30;44m@[0m                        
                          [0;34;40m@[0;30;44m.[0;1;34;94;44m@888@@@@@@@@@@@@@@@@@@@@[0;30;44m [0;34;40m8[0m                          
                             [0;30;44m@[0;1;34;94;44m:@@@@@@@@@@@@@@@@@@:[0;30;44m@[0m                             
                                [0;30;44mX[0;1;34;94;44m;@@@@@@@@@@@@t[0;30;44mS[0m                                
                                   [0;30;44m@[0;1;34;94;44m X@@@@@.[0;30;44m@[0m                                   
                                      [0;34;40m@[0;30;44mS%[0;34;40m@[0m                                      
