[0;30;5;40;100mX[0;37;5;40;100m@@@@@@@@@@@@@@@@8@888888888888888888888@8@@@@@@@@@@@@@@@@XXXXXXXXXXSSSSSSSSSSS[0;30;5;40;100mX[0m
[0;36;5;40;100m [0;1;30;90;47m:::..............                      ...............::::::;;;;;;;;ttttt%%%%%[0;36;5;40;100m [0m
[0;36;5;40;100m [0;1;30;90;47m:.............         [0;1;37;97;47m          [0;1;30;90;47m          .............::::::;;;;;;;ttttt%%%%[0;36;5;40;100m [0m
[0;36;5;40;100m [0;1;30;90;47m...........       [0;1;37;97;47m                     [0;1;30;90;47m      ............::::::;;;;;;;ttttt%%%[0;36;5;40;100m [0m
[0;36;5;40;100m [0;1;30;90;47m.........      [0;1;37;97;47m     .................     [0;1;30;90;47m     ...........::::::;;;;;;;ttttt%%[0;36;5;40;100m [0m
[0;36;5;40;100m [0;1;30;90;47m.......     [0;1;37;97;47m    ........................    [0;1;30;90;47m     ...........:::::;;;;;;;ttttt%[0;36;5;40;100m [0m
[0;36;5;40;100m [0;1;30;90;47m......     [0;1;37;97;47m   .......:::::::::::::::.......   [0;1;30;90;47m     ..........:::::;;;;;;;tttt%[0;36;5;40;100m [0m
[0;36;5;40;100m [0;1;30;90;47m.....8[0;36;5;40;100m  [0;37;5;40;100mX[0;1;37;97;47m [0;1;30;90;47m8[0;37;5;40;100mtt[0;1;30;90;47m8[0;1;37;97;47m.[0;1;30;90;47m8[0;37;5;40;100m%%[0;1;30;90;47m8[0;1;37;97;47m:[0;1;30;90;47m@[0;37;5;40;100mSS[0;1;30;90;47m8[0;1;37;97;47m:[0;1;30;90;47m@[0;37;5;40;100mXX[0;1;30;90;47m@[0;1;37;97;47m::::::::::......   [0;1;30;90;47m 8[0;36;5;40;100m  [0;37;5;40;100m@[0;1;30;90;47m.[0;37;5;40;100m@[0;36;5;40;100m  [0;37;5;40;100m@[0;1;30;90;47m.[0;37;5;40;100mX[0;36;5;40;100m  [0;37;5;40;100m@[0;1;30;90;47m:[0;37;5;40;100mS[0;36;5;40;100m  [0;37;5;40;100mX[0;1;30;90;47m;[0;37;5;40;100m%[0;36;5;40;100m  [0;37;5;40;100mX[0;1;30;90;47mttttt[0;36;5;40;100m [0m
[0;36;5;40;100m [0;1;30;90;47m.... [0;36;5;40;100m [0;1;34;94;44mS[0;1;30;90;44m%[0;34;5;40;100m@[0;1;37;97;47m [0;36;5;40;100m [0;1;34;94;44mX[0;1;30;90;44mS[0;36;5;40;100m%[0;1;37;97;47m.[0;36;5;40;100m [0;1;34;94;44mX[0;1;30;90;44m@[0;36;5;40;100m:[0;1;37;97;47m:[0;36;5;40;100m [0;1;34;94;44mX[0;1;30;90;44m8[0;36;5;40;100m [0;1;37;97;47m;[0;36;5;40;100m [0;1;34;94;44mXX[0;36;5;40;100m [0;1;37;97;47m;;;;;;;:::::.....   [0;36;5;40;100m:[0;1;34;94;44m%t[0;34;5;40;100mS[0;1;30;90;47m.[0;36;5;40;100m%[0;1;34;94;44m%t[0;34;5;40;100mS[0;1;30;90;47m.[0;34;5;40;100mX[0;1;34;94;44mtt[0;36;5;40;100m%[0;1;30;90;47m:[0;34;5;40;100m@[0;1;34;94;44m;t[0;36;5;40;100m%[0;1;30;90;47m;[0;1;30;90;44m8[0;1;34;94;44m:t[0;36;5;40;100mt[0;1;30;90;47m;tttt[0;36;5;40;100m [0m
[0;36;5;40;100m [0;1;30;90;47m...  [0;36;5;40;100m [0;34;5;44;104m88[0;1;34;94;44m8[0;1;30;90;44mX[0;1;34;94;44m@[0;34;5;44;104m88[0;1;34;94;44m8[0;1;30;90;44m8[0;1;34;94;44m8[0;34;5;44;104m@@[0;1;34;94;44m8[0;1;30;90;44m8[0;1;34;94;44m8[0;34;5;44;104m@@[0;1;34;94;44m8[0;1;30;90;44m8[0;1;34;94;44m8[0;34;5;44;104m@X[0;36;5;40;100m [0;1;37;97;47mttt;;;;;;:::::....  [0;36;5;40;100m:[0;34;5;44;104m88[0;1;34;94;44m@[0;1;30;90;44m%[0;1;34;94;44m@[0;34;5;44;104m88[0;1;34;94;44m@[0;1;30;90;44mt[0;1;34;94;44mX[0;34;5;44;104m8[0;1;34;94;44m8X[0;1;30;90;44m;[0;1;34;94;44mX88S[0;1;30;90;44m;[0;1;34;94;44mX88[0;36;5;40;100mt[0;1;30;90;47m;tttt[0;36;5;40;100m [0m
[0;36;5;40;100m [0;1;30;90;47m..   [0;36;5;40;100m [0;1;34;94;44mX[0;1;30;90;44m%[0;1;34;94;44mX%@X[0;1;30;90;44mX[0;1;34;94;44m@[0;1;30;90;44m@[0;1;34;94;44m@@[0;1;30;90;44m8[0;1;34;94;44m8[0;1;30;90;44m8[0;1;34;94;44m8@[0;1;30;90;44m8[0;1;34;94;44m8[0;1;30;90;44m8[0;1;34;94;44m8@[0;1;30;90;44m8[0;37;5;40;100m;[0;1;37;97;47mttttttt;;;;:::::....[0;36;5;40;100m:[0;1;34;94;44mStXtS%tS;SttS;S;t%;%:t[0;36;5;40;100mt[0;1;30;90;47m;;ttt[0;36;5;40;100m [0m
[0;36;5;40;100m [0;1;30;90;47m.    @[0;1;30;90;44m@SSXXX@@8888888888888[0;34;5;40;100m@[0;1;30;90;47m%[0;1;37;97;47m%%%%%tttt;;;;::::...[0;1;30;90;47m8[0;1;30;90;44mS%%ttt;;;::::::::::.:[0;30;44m;[0;37;5;40;100m8[0;1;30;90;47m;;ttt[0;36;5;40;100m [0m
[0;36;5;40;100m [0;1;30;90;47m.   [0;1;37;97;47m  [0;1;30;90;47m%[0;36;5;40;100m;[0;1;34;94;44m%[0;1;30;90;44mX[0;1;34;94;44mX[0;1;30;90;44m@[0;1;34;94;44mSX[0;1;30;90;44m8[0;1;34;94;44m@X[0;1;30;90;44m8[0;1;34;94;44m@[0;1;30;90;44m8[0;1;34;94;44m88[0;1;30;90;44m8[0;1;34;94;44m8[0;1;30;90;44m88[0;36;5;40;100m [0;1;30;90;47m;[0;1;37;97;47m%%%%%%%%tttt;;;::::...[0;1;30;90;47mX[0;36;5;40;100m%[0;1;34;94;44m%[0;1;30;90;44mt[0;1;34;94;44m%[0;1;30;90;44mt[0;1;34;94;44m%%[0;1;30;90;44m;[0;1;34;94;44m%;;t[0;1;30;90;44m:[0;1;34;94;44mtt.t[0;1;30;90;44m:[0;1;34;94;44m;[0;34;5;40;100m8[0;1;30;90;47m8;;;;tt[0;36;5;40;100m [0m
[0;36;5;40;100m [0;1;30;90;47m    [0;1;37;97;47m  ..[0;37;5;40;100m@[0;1;30;90;44mX@@8888888888[0;34;5;40;100mXXX[0;1;30;90;47m8[0;1;37;97;47m%SSSS%%%%%%%ttt;;;:::.... [0;36;5;40;100m [0;1;30;90;44m%tt;;;;::::::::[0;30;44m;[0;36;5;40;100m [0;1;30;90;47m;;;;;;tt[0;36;5;40;100m [0m
[0;36;5;40;100m [0;1;30;90;47m   [0;1;37;97;47m   ...[0;36;5;40;100m [0;1;30;90;44m@@88888888[0;34;5;40;100m@XXS[0;36;5;40;100m [0;1;37;97;47mSSSSSSSS%%%%%%tt;;;::::...  [0;36;5;40;100mt[0;1;30;90;44m%ttt;;::::[0;30;44m;[0;1;30;90;44m::[0;30;44m;[0;36;5;40;100mt[0;1;30;90;47m:;;;;;;tt[0;36;5;40;100m [0m
[0;36;5;40;100m [0;1;30;90;47m   [0;1;37;97;47m  ....[0;1;30;90;47m%[0;1;30;90;44m@888888888[0;34;5;40;100mXXSS[0;1;30;90;47m%[0;1;37;97;47mSSSSSSSSSS%%%%ttt;;;:::...  [0;37;5;40;100m8[0;1;30;90;44m%ttt;;:::::::[0;30;44mt[0;37;5;40;100m8[0;1;30;90;47m:;;;;;;tt[0;36;5;40;100m [0m
[0;36;5;40;100m [0;1;30;90;47m   [0;1;37;97;47m  ...:[0;1;30;90;47m%[0;1;30;90;44m8888888888[0;34;5;40;100mXSS[0;36;5;40;100mt[0;1;30;90;47m%[0;1;37;97;47mSSXXSSSSSS%%%%%tt;;;:::.... [0;37;5;40;100m8[0;1;30;90;44mXtt;;;:::::::t[0;37;5;40;100m8[0;1;30;90;47m:;;;;;;tt[0;36;5;40;100m [0m
[0;36;5;40;100m [0;1;30;90;47m   [0;1;37;97;47m  ...::[0;37;5;40;100m@[0;34;5;44;104m@@[0;1;30;90;44m8[0;34;5;44;104m@X8[0;1;34;94;44m8[0;34;5;44;104mXX[0;1;30;90;44m8[0;34;5;44;104mXS[0;1;30;90;47m8[0;1;37;97;47mSSSXXXSSSSS%%%%%tt;;;:::....  [0;36;5;40;100m [0;34;5;44;104m88[0;1;34;94;44m;[0;34;5;44;104m88[0;1;34;94;44mXX[0;34;5;44;104m8[0;1;34;94;44m8:88[0;36;5;40;100m [0;1;30;90;47m::;;;;;;tt[0;36;5;40;100m [0m
[0;36;5;40;100m [0;1;30;90;47m   [0;1;37;97;47m  ....:[0;37;5;40;100mS[0;1;34;94;44m@[0;1;30;90;44m8[0;1;34;94;44mX8[0;1;30;90;44m8[0;1;34;94;44m8@[0;1;30;90;44m8[0;1;34;94;44m8[0;1;30;90;44m8[0;34;5;40;100mS[0;34;5;44;104m8[0;37;5;40;100mS[0;1;37;97;47mSSSSSSSSSSS%%%%%tt;;;:::....  [0;36;5;40;100m:[0;1;34;94;44mX[0;1;30;90;44mt[0;1;34;94;44mtS[0;1;30;90;44m;[0;1;34;94;44m%%[0;1;30;90;44m:[0;1;34;94;44mSt[0;1;30;90;44m:[0;1;34;94;44mS[0;36;5;40;100m;[0;1;30;90;47m::;;;;;;tt[0;36;5;40;100m [0m
[0;36;5;40;100m [0;1;30;90;47m   [0;1;37;97;47m  ....:[0;36;5;40;100m:[0;1;34;94;44m@[0;1;30;90;44m8[0;1;34;94;44m@8[0;1;30;90;44m8[0;1;34;94;44m88[0;1;30;90;44m8[0;1;34;94;44m88[0;34;5;40;100mX[0;1;34;94;44m8[0;36;5;40;100m [0;1;37;97;47mSSSSSSSSSS%%%%%ttt;;;:::...   [0;34;5;40;100m8[0;1;34;94;44mX[0;1;30;90;44mt[0;1;34;94;44mSS[0;1;30;90;44m;[0;1;34;94;44mSS[0;1;30;90;44m:[0;1;34;94;44mS%[0;1;30;90;44m:[0;1;34;94;44mS[0;34;5;40;100m8[0;1;30;90;47m::;;;;;;tt[0;36;5;40;100m [0m
[0;36;5;40;100m [0;1;30;90;47m   [0;1;37;97;47m   ...[0;1;30;90;47m [0;1;30;90;44m8[0;34;5;44;104m@@[0;1;30;90;44m8[0;34;5;44;104m@@8[0;1;34;94;44m@[0;34;5;44;104mXX[0;1;30;90;44m8[0;34;5;44;104mXX[0;34;5;40;100mS[0;1;37;97;47m.SSSSSSSS%%%%%%tt;;;::::...  [0;1;30;90;47m%[0;1;30;90;44mt[0;34;5;44;104m88[0;1;34;94;44m;[0;34;5;44;104m88[0;1;34;94;44mXX[0;34;5;44;104m8[0;1;34;94;44m8:88[0;1;30;90;44m;[0;1;30;90;47m%:;;;;;;tt[0;36;5;40;100m [0m
[0;36;5;40;100m.[0;1;30;90;47m    [0;1;37;97;47m  ...[0;37;5;40;100m%[0;1;34;94;44mS@[0;1;30;90;44m8[0;1;34;94;44mX8[0;1;30;90;44m8[0;1;34;94;44m8@[0;1;30;90;44m8[0;1;34;94;44m8[0;1;30;90;44m88[0;1;34;94;44m8[0;1;30;90;44m8[0;37;5;40;100m%[0;1;37;97;47m%%%%%%%%%%%%%tt;;;::::....  [0;36;5;40;100m.[0;1;34;94;44mtS[0;1;30;90;44m;[0;1;34;94;44mtS[0;1;30;90;44m;[0;1;34;94;44m%%[0;1;30;90;44m:[0;1;34;94;44mS;[0;1;30;90;44m:[0;1;34;94;44mS;[0;36;5;40;100m.[0;1;30;90;47m:;;;;;;tt[0;36;5;40;100m.[0m
[0;30;5;40;100mS[0;1;30;90;47m.   [0;1;37;97;47m   .[0;1;30;90;47m%[0;1;30;90;44m@[0;1;34;94;44mX@[0;1;30;90;44m@[0;1;34;94;44m@[0;1;30;90;44m88[0;1;34;94;44m@8[0;1;30;90;44m88[0;1;34;94;44m8[0;1;30;90;44m8[0;1;34;94;44m88[0;1;30;90;44m8[0;1;30;90;47m%[0;1;37;97;47m%%%%%%%%%%ttt;;;;:::....  [0;1;30;90;47m@[0;1;30;90;44m%[0;1;34;94;44mSS[0;1;30;90;44m;[0;1;34;94;44mS;[0;1;30;90;44m;[0;1;34;94;44m%%[0;1;30;90;44m:[0;1;34;94;44m;%[0;1;30;90;44m:[0;1;34;94;44mS%[0;1;30;90;44m;[0;1;30;90;47m8;;;;;;tt[0;36;5;40;100m%[0m
[0;1;30;90;40m8[0;1;30;90;47m.    [0;1;37;97;47m  [0;1;30;90;47m:[0;1;30;90;44m8[0;34;5;44;104m8[0;1;30;90;44mX[0;34;5;44;104m8[0;1;34;94;44mS8[0;34;5;44;104m@[0;1;30;90;44m8[0;34;5;44;104m88[0;1;30;90;44m8[0;34;5;44;104m@8[0;1;30;90;44m8[0;34;5;44;104mX[0;1;30;90;44m8[0;34;5;44;104mX[0;1;30;90;44m8[0;1;37;97;47m %%%%%%ttttt;;;::::....  [0;1;30;90;47mt[0;1;30;90;44m@[0;34;5;44;104m8[0;1;34;94;44m;[0;34;5;44;104m8[0;1;34;94;44m;@8[0;1;30;90;44m:[0;1;34;94;44m8@[0;1;30;90;44m:[0;1;34;94;44m8X:8:8[0;1;30;90;44mS[0;1;30;90;47mX;;;;ttt[0;30;5;40;100m8[0m
 [0;1;30;90;47m:.    ;[0;1;30;90;44m8[0;1;34;94;44mS[0;1;30;90;44mS[0;1;34;94;44m%%SS[0;1;30;90;44m8[0;36;5;40;100m%::;[0;34;5;40;100mX[0;1;30;90;44m8[0;1;34;94;44m8[0;1;30;90;44m88[0;1;34;94;44m@[0;1;30;90;44m8[0;34;5;40;100mS[0;1;30;90;47m:[0;1;37;97;47mttttttt;;;;;::::....  [0;1;30;90;47m%[0;1;30;90;44m8[0;1;34;94;44m%tt;%;[0;1;30;90;44mX[0;30;5;40;100m8@88[0;1;30;90;44mS[0;1;34;94;44m;t:;:t[0;1;30;90;44mX[0;1;30;90;47m@;;;ttt[0m 
 [0;1;30;90;47m8..  8[0;1;30;90;44m@[0;1;34;94;44mSS[0;1;30;90;44mSS[0;1;34;94;44m%@[0;34;5;40;100m8[0;36;5;40;100m::::..[0;34;5;40;100mS[0;1;34;94;44m8[0;1;30;90;44m8888[0;1;34;94;44m8[0;1;30;90;44m8[0;1;30;90;47m8[0;1;37;97;47mt;;;;;;;;:::::....  [0;37;5;40;100m8[0;1;30;90;44mX[0;1;34;94;44mSt[0;1;30;90;44mt[0;1;34;94;44mttS[0;1;30;90;44m@[0;30;5;40;100mXXXX@@[0;30;44m8[0;1;34;94;44m%;.[0;1;30;90;44m.[0;1;34;94;44mtt[0;1;30;90;44mt[0;37;5;40;100mS[0;1;30;90;47m;ttt8[0m 
 [0;36;5;40;100m:[0;1;30;90;47m...[0;36;5;40;100m [0;1;34;94;44m8[0;34;5;44;104m8[0;1;34;94;44mt[0;34;5;44;104m8[0;1;34;94;44m8[0;1;30;90;44mS[0;1;34;94;44m%X[0;34;5;40;100m@[0;36;5;40;100m;;::::t[0;1;34;94;44mXX[0;1;30;90;44m8[0;1;34;94;44m@[0;34;5;44;104m@[0;1;30;90;44m8[0;34;5;44;104m@8[0;36;5;40;100m.[0;1;37;97;47m;;;;;::::::.....  [0;36;5;40;100m;[0;1;34;94;44m8[0;34;5;44;104m8[0;1;34;94;44m;[0;34;5;44;104m8[0;1;34;94;44mS;tS[0;30;5;40;100m8XXXX@@[0;1;30;90;40m8[0;1;34;94;44m%;[0;1;30;90;44m.[0;1;34;94;44mS8:8@[0;36;5;40;100mt[0;1;30;90;47mttt[0;36;5;40;100m [0m 
  [0;1;30;90;47m:..[0;1;30;90;44m8[0;1;34;94;44m;%tS[0;1;30;90;44m%%%[0;1;34;94;44mX[0;34;5;40;100m@[0;36;5;40;100m;;;;::t[0;1;34;94;44mX[0;1;30;90;44m@@[0;1;34;94;44mS[0;1;30;90;44m8[0;1;34;94;44mS@[0;1;30;90;44m88[0;1;37;97;47m::::::::......   [0;1;30;90;47m [0;1;30;90;44m@t[0;1;34;94;44mStt;[0;1;30;90;44m;;[0;1;34;94;44mS[0;30;5;40;100m8XXX@@@[0;1;30;90;40m8[0;1;34;94;44m%[0;1;30;90;44m::[0;1;34;94;44m.t;%[0;1;30;90;44m.X[0;1;30;90;47mttt[0;1;30;90;40mS[0m 
  [0;37;5;40;100mS[0;1;30;90;47m..[0;1;30;90;44m8;[0;1;34;94;44mtS%[0;1;30;90;44mt[0;1;34;94;44m%[0;34;5;44;104m88[0;34;5;40;100m@[0;36;5;40;100mttt;;;[0;30;5;40;100mS[0;34;5;44;104m88[0;1;34;94;44m8[0;1;30;90;44m@@[0;1;34;94;44mX@[0;1;30;90;44m@@[0;1;37;97;47m:::::.......    [0;1;30;90;47m  [0;1;30;90;44m@t[0;1;34;94;44mSS;[0;1;30;90;44m;[0;1;34;94;44m@[0;34;5;44;104m88[0;30;5;40;100m8XX@@@@[0;1;30;90;40m8[0;1;34;94;44m88%[0;30;44m;[0;1;34;94;44m;tt[0;30;44m:[0;1;30;90;44mX[0;1;30;90;47mtt[0;37;5;40;100mX[0m  
  [0;1;30;90;40mX[0;1;30;90;47m:.[0;1;30;90;44m8[0;34;5;44;104m88[0;1;34;94;44m;[0;34;5;44;104m88[0;1;30;90;44mtt[0;1;34;94;44mX[0;30;5;40;100m8[0;36;5;40;100mtttttt[0;30;5;40;100mS[0;1;34;94;44mS[0;1;30;90;44mXX[0;1;34;94;44m8[0;34;5;44;104m8[0;1;30;90;44mX[0;34;5;44;104m88[0;1;30;90;44m@[0;1;37;97;47m..........    [0;1;30;90;47m    [0;1;30;90;44mX[0;34;5;44;104m88[0;1;34;94;44m;[0;34;5;44;104m8[0;1;34;94;44m8[0;1;30;90;44m::[0;1;34;94;44mS[0;30;5;40;100m8X@@@@@[0;1;30;90;40m8[0;1;34;94;44m%[0;1;30;90;44m..[0;1;34;94;44m@8.88[0;1;30;90;44mX[0;1;30;90;47mtt[0;1;30;90;40m8[0m  
   [0;36;5;40;100m [0;1;30;90;47m.[0;1;30;90;44m8[0;1;34;94;44m;%tS[0;1;30;90;44m;tt[0;1;34;94;44mX[0;30;5;40;100m8%%[0;36;5;40;100m%ttt[0;30;5;40;100mX[0;1;34;94;44mS[0;1;30;90;44mSSSS[0;1;34;94;44m%X[0;1;30;90;44mSX[0;1;37;97;47m......     [0;1;30;90;47m      .[0;1;30;90;44mX;[0;1;34;94;44mStt[0;1;30;90;44m:::[0;1;34;94;44mS[0;30;5;40;100m8@@@@@@[0;1;30;90;40m8[0;1;34;94;44m%[0;1;30;90;44m.[0;30;44mt[0;1;30;90;44m.[0;1;34;94;44mt:t[0;1;30;90;44m.X[0;1;30;90;47mt[0;36;5;40;100m [0m   
    [0;1;30;90;47m8[0;1;30;90;44m@:[0;1;34;94;44mtS%[0;1;30;90;44m;;[0;1;34;94;44mSS[0;30;5;40;100m8@@@@XX8[0;1;34;94;44m%S%[0;1;30;90;44m%%[0;1;34;94;44mXX[0;1;30;90;44m%S[0;1;30;90;47mt[0;1;37;97;47m       [0;1;30;90;47m       ..t[0;1;30;90;44mS;[0;1;34;94;44mSS;[0;1;30;90;44m:[0;1;34;94;44m;%%[0;1;30;90;40m8[0;30;5;40;100m888888[0;1;30;90;40m@[0;1;34;94;44mtt[0;1;30;90;44m.[0;30;44mt[0;1;34;94;44m;tt[0;30;44m;[0;1;30;90;44mS[0;1;30;90;47m8[0m    
    [0;34;40m%[0;1;34;94;44m;tttttttttttttttttttt%%%tt[0;34;5;40;100m%[0;1;30;90;47m8888888888888888[0;36;5;40;100m%[0;1;34;94;44m;;;;;;;;;;;;;::::::::::...[0;34;40m%[0m    
     [0;30;44m8[0;1;34;94;44m;SSttSS;SS:SS%%SS[0;1;30;90;44mt[0;1;34;94;44mXXtXX%tXXtSS[0;1;30;90;44mt[0;1;34;94;44mSS%%SS:SS;SSS:SS;SS;t%tt%%.%%:ttt[0;1;30;90;44m.[0;1;34;94;44mtt.[0;30;44m8[0m     
      [0;34;40m8[0;1;34;94;44m;;::;;[0;1;30;90;44m:[0;1;34;94;44m;;[0;1;30;90;44m;[0;1;34;94;44mtt:[0;1;30;90;44m;[0;1;34;94;44mtt[0;1;30;90;44m;[0;1;34;94;44mtt[0;1;30;90;44m;[0;1;34;94;44mtt[0;1;30;90;44m;;[0;1;34;94;44mtt[0;1;30;90;44m;[0;1;34;94;44mtt[0;1;30;90;44m;[0;1;34;94;44mtt::t;[0;1;30;90;44m:[0;1;34;94;44m;;[0;1;30;90;44m:[0;1;34;94;44m;;;[0;1;30;90;44m:[0;1;34;94;44m;;[0;1;30;90;44m:[0;1;34;94;44m;;[0;1;30;90;44m:[0;1;34;94;44m.;[0;36;44m.[0;1;30;90;44m.[0;1;34;94;44m::[0;1;30;90;44m.[0;1;34;94;44m::[0;1;30;90;44m.[0;1;34;94;44m:::[0;30;44m:[0;1;34;94;44m..[0;30;44m8[0m      
       [0;30;44mS[0;1;34;94;44mS%%S[0;1;30;90;44m:[0;30;44mt[0;1;30;90;44m;;;;;;;[0;1;34;94;44mSStSS[0;1;30;90;44m;[0;1;34;94;44m%[0;1;30;90;44m;;t;;;;;;[0;1;34;94;44mSSttSS[0;1;30;90;44m:;;;;;;[0;30;44mt[0;1;30;90;44m:[0;1;34;94;44mt[0;1;30;90;44m:[0;1;34;94;44m%%tt%[0;1;30;90;44m:[0;30;44mt::t;;%[0;1;30;90;44m.[0;1;34;94;44mtt:t[0;30;44m%[0m       
        [0;30;44m@[0;1;34;94;44m:[0;30;44mt[0;1;30;90;44m;[0;1;34;94;44mS;[0;1;30;90;44m88[0;34;5;40;100m@[0;1;30;90;44m88%[0;1;34;94;44mS[0;1;30;90;44mt;::;t[0;1;34;94;44mt%[0;1;30;90;44mS8[0;34;5;40;100m@@[0;1;30;90;44m8@[0;1;34;94;44mt%[0;1;30;90;44mt;::;;[0;1;34;94;44m%t[0;1;30;90;44m@8[0;34;5;40;100m@8[0;1;30;90;44m8S[0;1;34;94;44m%;[0;1;30;90;44m;[0;30;44m;[0;1;30;90;44m::[0;30;44mt[0;1;30;90;44m;[0;1;34;94;44m%[0;1;30;90;44mt@888@;[0;1;34;94;44mt[0;1;30;90;44m:[0;30;44m%[0;1;34;94;44m [0;30;44mX[0m        
         [0;34;40m8[0;1;34;94;44m@[0;34;5;40;100mX[0;37;5;40;100m8[0;1;30;90;47m::....:8[0;36;5;40;100m:[0;1;34;94;44mS[0;1;30;90;44m;[0;1;34;94;44m:[0;1;30;90;44mt[0;1;34;94;44mt[0;36;5;40;100m [0;1;30;90;47mS......;[0;37;5;40;100m@[0;1;30;90;44m8[0;1;34;94;44m8[0;30;44mtt[0;1;34;94;44m8[0;1;30;90;44m8[0;37;5;40;100mX[0;1;30;90;47mt::::::S[0;36;5;40;100m [0;1;30;90;44m%[0;1;34;94;44m:[0;1;30;90;44m.[0;30;44mt[0;1;34;94;44mS[0;36;5;40;100m%[0;37;5;40;100m8[0;1;30;90;47mt;;ttt%[0;37;5;40;100m8[0;34;5;40;100mX[0;1;34;94;44m%[0;34;40m8[0m         
          [0;34;40m;[0;1;30;90;47mS::::::::..[0;1;30;90;44m8;:[0;1;34;94;44m%[0;34;5;40;100mS[0;1;30;90;47m..........8[0;1;34;94;44m%[0;30;44mt%[0;1;34;94;44mX[0;37;5;40;100m@[0;1;30;90;47m::::::::;;[0;36;5;40;100mt[0;1;34;94;44m%[0;30;44m:;[0;1;30;90;44m%[0;1;30;90;47m;;;tttttttX[0;34;40m;[0m          
            [0;37;5;40;100m8[0;1;30;90;47m:::::::::[0;1;30;90;44m8;:[0;1;34;94;44m%[0;36;5;40;100m%[0;1;30;90;47m::::::::::8[0;1;34;94;44mt[0;30;44mt%[0;1;34;94;44mX[0;37;5;40;100m@[0;1;30;90;47m:::::;;;;;[0;36;5;40;100m;[0;1;34;94;44mt[0;30;44m;t[0;1;30;90;44m%[0;1;30;90;47m;ttttttt%[0;37;5;40;100m8[0m            
             [0;36;5;40;100m.[0;1;30;90;47m;:::::::[0;34;5;40;100m@[0;1;30;90;44mXX@[0;36;5;40;100m:[0;1;30;90;47m::::::::::8[0;1;30;90;44m@XX@[0;37;5;40;100m8[0;1;30;90;47m:;;;;;;;;;[0;36;5;40;100m.[0;1;30;90;44mXSS8[0;1;30;90;47mtttttt%%[0;36;5;40;100m [0m             
              [0;1;30;90;40m@[0;37;5;40;100m8[0;1;30;90;47m;;;;::::::::::::::::::;;;;;;;;;;;;;;;;;ttttttt%%[0;37;5;40;100m8[0;1;30;90;40m@[0m              
                [0;30;5;40;100mS[0;1;30;90;47mX;;;;;;;;;;;;;;;;;;;;;;;;;;;;;;;;;;tttttttt%%@[0;30;5;40;100m%[0m                
                  [0;36;5;40;100m [0;1;30;90;47mt;;;;;;;;;;;;;;;;;;;;;;;;;;;;ttttttttt%%%S[0;36;5;40;100m [0m                  
                    [0;36;5;40;100m [0;1;30;90;47m%;;;;;;;;;;;;;;;;;;;;;ttttttttttt%%%%S[0;36;5;40;100m [0m                    
                      [0;36;5;40;100m [0;1;30;90;47mS;;;;;;;;;;;tttttttttttttttt%%%%%X[0;36;5;40;100m [0m                      
                        [0;36;5;40;100mt[0;1;30;90;47m8ttttttttttttttttttttt%%%%%%%8[0;36;5;40;100m;[0m                        
                          [0;1;30;90;40m8[0;36;5;40;100m [0;1;30;90;47m%tttttttttttt%%%%%%%%%%%[0;36;5;40;100m [0;30;5;40;100m8[0m                          
                             [0;36;5;40;100mt[0;37;5;40;100m@[0;1;30;90;47m%%%%%%%%%%%%%%%%%%[0;37;5;40;100m8[0;36;5;40;100mt[0m                             
                                [0;36;5;40;100m;[0;37;5;40;100m8[0;1;30;90;47m%%%%%%%%%%%%8[0;36;5;40;100m:[0m                                
                                   [0;36;5;40;100mt[0;37;5;40;100mS[0;1;30;90;47mS%%%%S[0;37;5;40;100mX[0;36;5;40;100mt[0m                                   
                                      [0;1;30;90;40m8[0;36;5;40;100m..[0;30;5;40;100m8[0m                                      
