[0;30;5;40;100mX[0;37;5;40;100m@@@@@@@@@@@@@@@@8@888888888888888888888[0;1;30;90;41m::::::::::::::::.[0;30;41m::::::;;::::;;;;;;;;;;[0;31;40m8[0m
[0;36;5;40;100m [0;1;30;90;47m:::..............                      [0;1;31;91;41mXXXXXXXXXXXSSSSSSS%[0;33;41m%@[0;1;30;90;43m:[0;1;33;93;43mS%[0;1;30;90;43m.[0;33;41m8[0;1;31;91;41m;%%%%%%tttttt[0;30;41mX[0m
[0;36;5;40;100m [0;1;30;90;47m:::.::.:........         [0;1;37;97;47m [0;1;30;90;47m  [0;1;37;97;47m [0;1;30;90;47m       .  [0;1;31;91;41mXXXXXXXXXXXXXSSS;%[0;1;30;90;43m.[0;33;5;43;103m%[0;1;33;93;43m%@[0;33;5;43;103mtt%[0;1;33;93;43m%[0;1;30;90;43m.[0;1;31;91;41m%%%%%t%ttttt[0;30;41mX[0m
[0;36;5;40;100m [0;1;30;90;47m.[0;1;30;90;44mt[0;30;44m;[0;1;30;90;47m8[0;1;30;90;44m%;[0;37;5;40;100mX[0;1;30;90;44m8;[0;37;5;40;100mS[0;34;5;40;100m8[0;1;30;90;44m;[0;36;5;40;100m [0;34;5;40;100mX[0;1;30;90;44mt[0;36;5;40;100m [0;1;30;90;47m  [0;1;37;97;47m    [0;1;30;90;47m%[0;1;30;90;44mSS[0;1;30;90;47mS[0;1;30;90;44mSS[0;1;30;90;47mS[0;1;30;90;44mSS[0;1;30;90;47m8[0;1;30;90;44m@%[0;1;30;90;47m8[0;34;5;40;100m8[0;1;30;90;44m%[0;37;5;40;100m8[0;1;37;97;47m [0;1;31;91;41mXXXXXXXXXXXXXXSS[0;31;43m8[0;33;41m@[0;31;43m%S8[0;1;30;90;43m.[0;33;5;43;103mtt@[0;1;30;90;43m.[0;1;33;93;43m@[0;33;41mS[0;1;31;91;41m%%[0;33;41m8[0;1;30;90;43m.[0;1;31;91;41m.%%tttt[0;30;41mX[0m
[0;36;5;40;100m [0;1;30;90;47m.[0;1;30;90;44m;[0;1;34;94;44m%[0;1;30;90;44m:[0;1;34;94;44mS%[0;1;30;90;44m;[0;1;34;94;44mS%[0;1;30;90;44mt[0;1;34;94;44mSS[0;1;30;90;44mt[0;1;34;94;44mSS[0;36;5;40;100m [0;1;37;97;47m    ..[0;1;30;90;47m%[0;1;30;90;44mS[0;1;34;94;44mX[0;1;30;90;44mS[0;1;34;94;44mXX[0;1;30;90;44mS[0;1;34;94;44mXS[0;1;30;90;44mS[0;1;34;94;44mXS[0;1;30;90;44mS[0;1;34;94;44mXS[0;1;30;90;47m8[0;1;37;97;47m [0;1;31;91;41m@XXXX[0;33;41m%[0;31;43m8S[0;1;30;90;43mt[0;33;41mS[0;1;31;91;41m%XXXXXSt[0;33;41m@[0;31;43mX[0;1;30;90;43m.[0;33;5;43;103m@[0;1;33;93;43mSXS[0;33;5;43;103m8X[0;33;41m8[0;1;31;91;41m%[0;1;30;90;43m. [0;31;43m8[0;1;31;91;41m%%%%ttt[0;30;41mX[0m
[0;36;5;40;100m [0;1;30;90;47m.[0;34;5;40;100mX[0;1;30;90;44m;;;;;;tttt%%@[0;1;30;90;47m8[0;1;37;97;47m......[0;1;30;90;47m.[0;34;5;40;100mX[0;1;30;90;44mXXXXXXXXXXXX8[0;1;30;90;47mt[0;1;37;97;47m.[0;1;31;91;41m@@@@X[0;33;41m%[0;1;33;93;43mS@8[0;33;5;43;103m8[0;33;41m8[0;1;31;91;41mXXXS%[0;33;41m;[0;1;30;90;43m:[0;31;43m:[0;33;5;43;103m@tt[0;1;33;93;43mS[0;33;5;43;103m%St%[0;31;43mS[0;33;41m%[0;1;33;93;43m%S[0;33;41m%[0;1;31;91;41m%%%%%tt[0;30;41mX[0m
[0;36;5;40;100m [0;1;30;90;47m.:[0;37;5;40;100mS[0;30;44mX%X%[0;1;30;90;44mtt%%%S[0;36;5;40;100mt[0;1;30;90;47mt[0;1;37;97;47m......::[0;1;30;90;47m.[0;37;5;40;100mX[0;1;30;90;44m@@@@@@@@@@[0;36;5;40;100m [0;1;30;90;47m:[0;1;37;97;47m..[0;1;31;91;41m@@@@@[0;33;41m8[0;1;30;90;43m%[0;1;33;93;43mX[0;33;5;43;103m%;;[0;1;33;93;43mS[0;1;30;90;43m;[0;31;43mX[0;1;33;93;43mt[0;33;5;43;103m@t[0;1;33;93;43mSS[0;33;5;43;103mt[0;1;33;93;43m@[0;33;5;43;103mttttt[0;1;30;90;43m:[0;1;31;91;41mt[0;33;41m;[0;1;33;93;43mX[0;33;41m8[0;1;31;91;41m%%%%%%%t[0;30;41mX[0m
[0;36;5;40;100m [0;1;30;90;47m...[0;36;5;40;100m [0;30;44m%S[0;1;30;90;44mt%%%%S[0;34;5;40;100m8[0;1;30;90;47m [0;1;37;97;47m....:::::::[0;36;5;40;100m [0;1;30;90;44m88888888[0;36;5;40;100m%[0;1;37;97;47m::::[0;1;31;91;41m@@@@@@@@S[0;31;43mS[0;1;33;93;43mX[0;33;5;43;103mX[0;1;33;93;43m8[0;33;5;43;103mX@%;XX[0;1;33;93;43m%@[0;33;5;43;103mX8tXS[0;33;41m8[0;1;31;91;41mS[0;31;43m@X[0;1;31;91;41m%%%%%%%%t[0;30;41mX[0m
[0;36;5;40;100m [0;1;30;90;47m...[0;37;5;40;100m8[0;1;30;90;44m%t%%%SSS[0;36;5;40;100m%[0;1;37;97;47m..::::::;;;;[0;1;30;90;47m8[0;1;30;90;44m88888888[0;36;5;40;100m [0;1;37;97;47m;:::[0;1;31;91;41m8@@@@@@@@S[0;33;41m@[0;1;30;90;43mtt[0;1;33;93;43mStX[0;33;5;43;103m;;;t;tXt@[0;33;41mX[0;1;31;91;41mtS[0;1;30;90;43m:[0;33;41mX[0;1;31;91;41m%%%%%%%%%[0;30;41mX[0m
[0;36;5;40;100m [0;1;30;90;47m... [0;1;30;90;44m@[0;1;34;94;44m%[0;1;30;90;44m%[0;1;34;94;44m%[0;1;30;90;44m%[0;1;34;94;44m%[0;1;30;90;44mS[0;1;34;94;44mS[0;1;30;90;47m8[0;1;37;97;47m.::::;;;;;;t;[0;1;30;90;44m888[0;1;34;94;44m@[0;1;30;90;44m8888[0;1;30;90;47m;[0;1;37;97;47m;;;:[0;1;31;91;41m888@@@@@@@XX%[0;31;43m%[0;1;33;93;43mt@%[0;33;5;43;103m;;[0;1;33;93;43mt[0;33;5;43;103m%;[0;1;33;93;43mXX[0;33;41mX[0;1;31;91;41mSSS[0;31;43mS8[0;1;31;91;41mS%%%%%%%%[0;30;41mX[0m
[0;36;5;40;100m [0;1;30;90;47m.. ;[0;1;30;90;44m%%[0;1;34;94;44m%[0;1;30;90;44m%[0;1;34;94;44m%[0;1;30;90;44mS[0;1;34;94;44m%[0;1;30;90;44mX[0;36;5;40;100m [0;1;37;97;47m:::;;;;;tttt[0;1;30;90;47m:[0;1;30;90;44m88888888[0;1;30;90;47m@[0;1;37;97;47mt;;;[0;1;31;91;41m8888@@@[0;33;41mX[0;1;30;90;43mS[0;31;43mX[0;33;41m@[0;1;30;90;43m%[0;33;5;43;103mSX@S[0;1;33;93;43mtX@[0;33;5;43;103mt[0;1;33;93;43m8S[0;33;5;43;103m8%[0;31;43mS[0;1;31;91;41mSSSt[0;1;33;93;43m;[0;1;31;91;41mt%%%%%%%%[0;30;41mX[0m
[0;36;5;40;100m [0;1;30;90;47m.  [0;37;5;40;100m%[0;1;30;90;44m%[0;1;34;94;44mt[0;1;30;90;44m%[0;1;34;94;44mt[0;1;30;90;44mSXXX[0;34;5;40;100m@[0;1;37;97;47m.:;;;;ttt%%%[0;37;5;40;100mX[0;1;30;90;44m88888888[0;36;5;40;100m.[0;1;37;97;47mttt;[0;1;31;91;41m88888@@[0;31;43mX[0;33;5;43;103mX@t;t[0;1;33;93;43mX%[0;33;41m8S[0;1;31;91;41m%[0;1;30;90;43m;[0;33;5;43;103mS;;t8t[0;31;43m@[0;1;31;91;41mSSS[0;33;41m8[0;1;30;90;43m.[0;1;31;91;41m%%%%%%%%[0;30;41mX[0m
[0;36;5;40;100m [0;1;30;90;47m. %[0;1;30;90;44mX[0;36;44m;[0;1;30;90;44m%[0;1;34;94;44m%[0;1;30;90;44mS[0;1;34;94;44mX[0;1;30;90;44mXX@@[0;37;5;40;100m%[0;1;37;97;47m;;;ttt%%%%[0;1;30;90;47m:[0;34;5;40;100mS[0;1;30;90;44m8[0;34;5;40;100mX[0;1;30;90;44m8[0;34;5;40;100mX[0;1;30;90;44m8[0;34;5;40;100mX[0;1;30;90;44m888[0;1;30;90;47m8[0;1;37;97;47mttt[0;1;31;91;41m888888[0;33;41mS[0;1;30;90;43mX[0;1;33;93;43m%[0;33;5;43;103mS[0;1;33;93;43mS[0;1;30;90;43mS%[0;1;31;91;41mXSXXXX[0;33;41mX[0;1;33;93;43m;[0;33;5;43;103mt;ttt[0;1;30;90;43m:[0;1;31;91;41m%S%[0;1;33;93;43m%[0;33;41m8[0;1;31;91;41m%%%%%%%[0;30;41mX[0m
[0;36;5;40;100m [0;1;30;90;47m S[0;1;30;90;44m8%%%8[0;34;5;40;100mXS@[0;1;30;90;44m@@88[0;37;5;40;100mX[0;1;37;97;47m;ttt%%%%[0;1;30;90;47m;[0;36;5;40;100m%[0;34;5;40;100mSSS[0;36;5;40;100m;  :[0;34;5;40;100mXX[0;1;30;90;44m88[0;1;30;90;47m@[0;1;37;97;47m%t[0;1;31;91;41m8888888@[0;31;43m8[0;1;30;90;43mX[0;33;41mX[0;1;31;91;41mXSXXXS[0;31;43m%[0;1;33;93;43m;X[0;33;5;43;103mX[0;1;33;93;43mS[0;33;5;43;103mX;tt[0;1;33;93;43m8[0;31;43m%[0;1;31;91;41mSS[0;1;30;90;43m:[0;31;43m8[0;1;31;91;41m%%%%%%%[0;30;41mX[0m
[0;36;5;40;100m [0;37;5;40;100m@[0;1;30;90;44mSt%%S[0;36;5;40;100mt;;:[0;34;5;40;100m@[0;1;30;90;44m@8[0;1;34;94;44mX[0;1;30;90;44m8[0;36;5;40;100m.[0;1;37;97;47m.t%%%%[0;1;30;90;47m8[0;34;5;40;100mSSS[0;36;5;40;100m%t    ;[0;34;5;40;100mSX[0;1;30;90;44m88[0;37;5;40;100m%[0;1;37;97;47mt[0;1;31;91;41m88888888@@@@@@X[0;33;41m8[0;33;5;43;103m@%;;;t[0;1;33;93;43m%[0;33;5;43;103m;ttt[0;1;30;90;43m.:[0;31;43mt[0;1;33;93;43m%[0;1;31;91;41mtS%%%%%%[0;30;41mX[0m
[0;36;5;40;100m [0;34;5;40;100mX[0;1;30;90;44mt[0;1;34;94;44m%[0;1;30;90;44m%%S[0;36;5;40;100mt;;:[0;34;5;40;100mX[0;1;30;90;44m888[0;1;34;94;44m@[0;1;30;90;44m8[0;1;30;90;47m%[0;1;37;97;47m%%%%%[0;36;5;40;100mt[0;34;5;40;100mS[0;36;5;40;100m%%t;    :[0;34;5;40;100mSS[0;1;30;90;44m888[0;1;37;97;47m:[0;1;31;91;41m88888888@@@@@@X[0;1;30;90;43m%[0;33;5;43;103mt;;;S[0;1;33;93;43mtX[0;33;5;43;103m;ttS[0;1;31;91;41mt%[0;33;41m%[0;1;31;91;41m%SS%%%%%%[0;30;41mX[0m
[0;36;5;40;100m [0;34;5;40;100mX[0;1;34;94;44mS[0;1;30;90;44m%[0;1;34;94;44mt[0;1;30;90;44m%S[0;36;5;40;100mt;;:[0;34;5;40;100mX[0;1;30;90;44m88[0;1;34;94;44m@[0;1;30;90;44m8[0;1;34;94;44m8[0;1;30;90;47m%[0;1;37;97;47m%%%%%[0;36;5;40;100m;%%tt:[0;37;5;40;100mSS%[0;36;5;40;100m :[0;34;5;40;100m%S[0;1;30;90;44m888[0;1;37;97;47m:[0;1;31;91;41m88888888@@@@@@XS[0;1;33;93;43mt[0;33;5;43;103m;;[0;1;33;93;43mS[0;1;31;91;41m%t[0;1;33;93;43mS[0;33;5;43;103m;tt[0;1;33;93;43mt[0;1;31;91;41mSSSSSS%%%%%%[0;30;41mX[0m
[0;36;5;40;100m [0;34;5;40;100mX[0;1;30;90;44mt[0;1;34;94;44mS[0;1;30;90;44m%%S[0;36;5;40;100mt;;:[0;34;5;40;100mX[0;1;34;94;44mX[0;1;30;90;44m88[0;1;34;94;44m8[0;1;30;90;44m8[0;1;30;90;47m%[0;1;37;97;47m%%%%%[0;36;5;40;100m;%tt;.[0;37;5;40;100mSSS[0;36;5;40;100m :%[0;34;5;40;100mSS[0;1;30;90;44m8[0;34;5;40;100m@[0;1;37;97;47m:[0;1;31;91;41m88888888@@@@@@XS[0;1;30;90;43mt[0;33;5;43;103m;t[0;1;33;93;43mX[0;31;43m@[0;1;31;91;41mS[0;1;30;90;43m:[0;33;5;43;103m@ttt[0;1;30;90;43m:[0;33;41m%%[0;1;31;91;41mSSS%%%%%%[0;30;41mX[0m
[0;1;30;90;40m8[0;1;30;90;44mtt%%%SSXX@@88888[0;36;5;40;100m;[0;1;30;90;47m8888[0;37;5;40;100mS[0;34;5;40;100mS[0;36;5;40;100m%%tt;;;tt%[0;34;5;40;100mSSXX@[0;36;5;40;100m [0;1;31;91;41m88888888@@@@@X[0;31;43m8[0;33;5;43;103mX;;X[0;31;43mX[0;1;31;91;41mXXS[0;33;41m@[0;31;43mX:[0;1;33;93;43mX[0;33;5;43;103mt[0;1;33;93;43m@X[0;1;31;91;41m%SS%%%%%%[0;30;41mX[0m
[0;34;40mX[0;1;30;90;44mtt%%%SSXX@@88888888[0;34;5;40;100m@[0;1;30;90;44m8[0;34;5;40;100mXSS%[0;36;5;40;100m%%ttt%%[0;34;5;40;100mSSSX[0;1;30;90;44m88[0;34;5;40;100m8[0;1;31;91;41m88888888@[0;33;41m@[0;1;30;90;43mS[0;1;33;93;43m;t[0;33;5;43;103mX%t[0;31;43mX8[0;33;41m8[0;1;31;91;41m%XXXXSSt[0;33;5;43;103mStS[0;1;30;90;43m:[0;1;31;91;41m;S%%%%%%[0;30;41mX[0m
[0;34;40mX[0;1;30;90;44mt%%SSSXXXX@888888888[0;34;5;40;100m@XSSS[0;36;5;40;100m%%%[0;34;5;40;100m%%%%SSXX@@8[0;1;31;91;41m8888888@@[0;33;41mX[0;1;30;90;43mSS[0;1;33;93;43m@[0;1;30;90;43m%t[0;1;33;93;43mt[0;1;31;91;41m%XXXXXXSSS[0;33;41mX[0;33;5;43;103mtt[0;1;30;90;43m:[0;33;41mX[0;1;31;91;41mSS%%%%%%[0;30;41mX[0m
[0;34;40m8[0;1;30;90;44m%[0;34;5;40;100mX[0;37;5;40;100m8[0;1;30;90;47mXt%8[0;36;5;40;100m [0;1;30;90;44m@X8[0;36;5;40;100m [0;1;30;90;47mX;:;@[0;36;5;40;100m.[0;34;5;40;100m88[0;36;5;40;100mt[0;1;30;90;47m8:[0;1;37;97;47m..[0;1;30;90;47m:@[0;36;5;40;100m:[0;34;5;40;100mSS[0;36;5;40;100m [0;1;30;90;47mS.[0;1;37;97;47m.[0;1;30;90;47m t8[0;34;5;40;100m@8[0;1;31;91;41m8888888@@@@XSXX%XXXXXX[0;33;41mX[0;1;30;90;43m:[0;1;33;93;43mtt[0;33;5;43;103mSS%[0;33;41mt[0;1;31;91;41mSS%%%%%%%[0;30;41m@[0m
[0;34;40mS[0;1;30;90;44mt[0;37;5;40;100m8[0;1;30;90;47m  [0;1;37;97;47m   .[0;1;30;90;44m@[0;30;44m8[0;1;30;90;44m8[0;1;37;97;47m:::;;;[0;1;30;90;47mX[0;34;5;40;100m88[0;36;5;40;100m [0;1;37;97;47m%%%%%%[0;37;5;40;100mS[0;34;5;40;100mXS[0;1;30;90;47mS[0;1;37;97;47m%%%%%t[0;34;5;40;100mX8[0;1;31;91;41m888888@@@@@@XXXXXXXXXX%[0;33;41m;[0;31;43mX%[0;1;30;90;43m:[0;31;43m8X[0;1;31;91;41m%SS%%%%%%%[0;30;41m8[0m
[0;31;40m:[0;31;5;40;100m8[0;35;5;40;100m [0;1;30;90;47m888888[0;31;5;40;100mS[0;1;30;90;41m8[0;35;5;40;100m8[0;1;30;90;47m888888[0;37;5;40;100m%[0;35;5;40;100m88:[0;1;30;90;47m@XXXXX[0;35;5;40;100m @@[0;1;30;90;47m8XXXX@@[0;35;5;40;100m@8    ...:::;;;tttt%%%[0;31;5;40;100mSSSSSSSSSSXXXXXXX@[0;1;30;90;41m8[0;31;40mX[0m
 [0;1;31;91;41mSXXXXXX@@@@@@@888888888888[0;31;43m8[0;1;30;90;43m8888[0;1;31;91;41m88888888[0;1;37;97;47m;::::....   [0;1;30;90;47m    ........:::::;;;;;;;ttt[0m 
 [0;1;30;90;41m:[0;1;31;91;41mXXXXXXX@@@@@@@@88888888[0;1;30;90;43m8[0;33;5;43;103m@[0;1;30;90;43m8[0;33;5;43;103mS[0;37;5;43;103m%%[0;33;5;43;103mt[0;1;33;93;43mS[0;31;43m8[0;1;31;91;41m888888[0;1;37;97;47m::::....   [0;1;30;90;47m    .........:::::;;;;;;ttt8[0m 
 [0;30;41m@[0;1;31;91;41mXXXXXXXX@@@@@@@@@8888[0;1;30;90;43m8[0;1;31;91;41m@[0;1;30;90;43m888[0;33;5;43;103m8::t[0;1;33;93;43m8[0;1;30;90;43m8[0;1;31;91;41m88@[0;1;30;90;43m8[0;33;41m8[0;1;31;91;41m8[0;1;37;97;47m:[0;1;30;90;47mt[0;34;5;40;100mS[0;36;5;40;100mt[0;1;30;90;47m;[0;34;5;40;100mXX[0;1;30;90;47m:[0;34;5;40;100m@@[0;1;30;90;47mt[0;36;5;40;100m%[0;34;5;40;100m8[0;1;30;90;47m@[0;36;5;40;100mt[0;34;5;40;100m8[0;37;5;40;100m8[0;1;30;90;47m......X[0;34;5;40;100m88[0;1;30;90;47m%[0;34;5;40;100m8[0;1;30;90;44m8[0;1;30;90;47m%[0;1;30;90;44m88[0;1;30;90;47m8[0;34;5;40;100m@[0;1;30;90;44m8[0;37;5;40;100m@[0;36;5;40;100mt[0;1;30;90;44m8[0;1;30;90;40m@[0m 
  [0;1;31;91;41mSXXXXXXXXX@S[0;33;41mX[0;31;43m@[0;33;41m8X[0;1;31;91;41m@@@@8@[0;31;43m@[0;1;30;90;43m8@@[0;33;5;43;103mXXX@X[0;1;33;93;43mS[0;33;41mX@[0;1;30;90;43m@X[0;33;41mX[0;1;31;91;41m@[0;1;37;97;47m.[0;1;30;90;47mX[0;1;34;94;44m88[0;1;30;90;44m8[0;1;34;94;44m88[0;1;30;90;44m8[0;1;34;94;44m88[0;1;30;90;44m8[0;1;34;94;44m@[0;34;5;44;104m8[0;1;30;90;44m@[0;1;34;94;44mX[0;34;5;44;104m8[0;37;5;40;100m%[0;1;30;90;47m.....:8[0;1;34;94;44mXX[0;1;30;90;44m@[0;1;34;94;44mX@[0;1;30;90;44m@[0;1;34;94;44mS8[0;1;30;90;44mS[0;1;34;94;44m%8[0;1;30;90;44mS[0;1;34;94;44mt@[0;34;40m;[0m 
  [0;30;41m;[0;1;31;91;41mXXXXXXXXXX[0;31;43mS[0;1;33;93;43m@XX[0;1;30;90;43mS[0;1;31;91;41m@@@@@@[0;1;30;90;43m@@[0;1;33;93;43mt[0;33;5;43;103m;:[0;1;33;93;43m@[0;33;5;43;103mSt::[0;33;41mX[0;1;30;90;43mX[0;1;33;93;43m@[0;1;30;90;43mX[0;1;31;91;41m@@[0;1;37;97;47m.[0;1;30;90;47m%[0;1;30;90;44m@S%%%%ttt;;;;[0;30;44m%[0;37;5;40;100m8[0;1;30;90;47m....::X[0;30;44mS[0;1;30;90;44m::[0;30;44m:;[0;1;30;90;44m..[0;30;44m%..%::[0;34;40m8[0m  
  [0;31;40m%[0;1;31;91;41mSXXXXXXXXS[0;31;43mX[0;33;5;43;103m@X;t[0;1;33;93;43mS[0;1;30;90;43mS[0;31;43m@[0;1;30;90;43mS[0;1;33;93;43mX[0;33;5;43;103mS[0;1;33;93;43m@@[0;33;5;43;103m;%:::::[0;1;30;90;43mX[0;1;31;91;41mX[0;1;30;90;43mX[0;1;33;93;43mt[0;33;41m@[0;1;31;91;41m@@[0;1;37;97;47m. [0;1;30;90;47m@[0;34;5;40;100m@[0;1;30;90;44m%%%tttt;[0;30;44mt%[0;1;30;90;44m8[0;37;5;40;100m@[0;1;30;90;47m....::::[0;37;5;40;100m8[0;34;5;40;100m8[0;30;44m%S%%%S%%SSX[0;34;40m;[0m  
   [0;30;41m%[0;1;31;91;41mXXXXXXXXXXXS[0;31;43m@[0;1;30;90;43m%[0;33;5;43;103m%XSXS;XS[0;1;33;93;43mX@[0;33;5;43;103mSX;S%[0;1;31;91;41mSX[0;1;33;93;43mS[0;33;41mS[0;1;31;91;41m@@@[0;1;37;97;47m  [0;1;30;90;47m :[0;34;5;40;100m8[0;30;44mS[0;1;30;90;44mt[0;30;44m%%SS%S[0;1;30;90;44mS[0;1;30;90;47mt....::::::;[0;34;5;40;100m8[0;30;44m@XXS@@S@8[0;36;5;40;100m [0m   
    [0;1;31;91;41mtXXXXXXXXXXXX[0;33;41m%[0;31;43m@[0;1;30;90;43m%[0;1;33;93;43m%%S[0;33;5;43;103m;;;t;;S;[0;1;33;93;43mt[0;33;41m8[0;1;31;91;41m@[0;33;41m%[0;1;33;93;43mS[0;1;31;91;41mXXXX[0;1;30;90;47m    [0;36;5;40;100m:[0;30;44m%%[0;1;30;90;44m;[0;30;44m%StS%[0;34;5;40;100mX[0;1;30;90;47m....::::::;;[0;36;5;40;100m [0;30;44mXXSXXSXS[0;34;40m8[0m    
    [0;31;40mX[0;1;31;91;41mSXXXXXXXXXXXXXS[0;31;43m@[0;1;30;90;43mt[0;1;33;93;43mXX[0;33;5;43;103mt;[0;1;33;93;43mS[0;33;5;43;103m%;[0;1;33;93;43mX@[0;33;41m%[0;1;31;91;41mXXS[0;1;33;93;43mS[0;1;31;91;41mSXXX[0;1;30;90;47m   .X[0;1;30;90;44m;[0;1;34;94;44mt[0;1;30;90;44m;[0;1;34;94;44m;[0;1;30;90;44m:[0;1;34;94;44m;[0;1;30;90;44m:[0;1;34;94;44m;[0;37;5;40;100m8[0;1;30;90;47m..::::::;;;;%[0;30;44m;[0;1;34;94;44m;[0;30;44m;[0;1;34;94;44m;[0;30;44m;[0;1;34;94;44m:[0;30;44m;[0;1;34;94;44m.[0;34;40m:[0m    
     [0;30;41m8[0;1;31;91;41mSSSXXXXXX[0;31;43mS[0;1;30;90;43m;[0;33;41m8[0;31;43mS[0;33;5;43;103mXSX@[0;1;33;93;43mt%@[0;33;5;43;103mS@[0;1;33;93;43mX[0;33;5;43;103mXt[0;31;43m8[0;1;31;91;41mXXX[0;31;43m8[0;1;30;90;43mt[0;1;31;91;41mXXX[0;1;30;90;47m....@[0;1;30;90;44m;;[0;1;34;94;44m:[0;1;30;90;44m;::[0;1;34;94;44m:[0;1;30;90;44m:[0;37;5;40;100m@[0;1;30;90;47m:::::::;;;;;X[0;30;44m:t[0;1;34;94;44m.[0;30;44mt[0;1;34;94;44m:[0;30;44mt[0;1;34;94;44m.[0;34;40mS[0m     
      [0;30;41mS[0;1;31;91;41mSSSSXXX%[0;1;33;93;43m;@[0;33;5;43;103m@%;[0;1;33;93;43mS[0;1;30;90;43m;[0;31;43m8[0;33;41mS[0;1;31;91;41m%[0;31;43mS[0;33;5;43;103mX;;tX%[0;31;43m8[0;1;31;91;41mXXX[0;1;30;90;43m;[0;33;41m8[0;1;31;91;41mSX[0;1;30;90;47m....[0;36;5;40;100m [0;1;30;90;44m:[0;1;34;94;44mt[0;1;30;90;44m:[0;1;34;94;44m;[0;1;30;90;44m:[0;1;34;94;44mt[0;1;30;90;44m:[0;1;34;94;44m;[0;36;5;40;100m;[0;1;30;90;47m:::::;;;;;;;[0;36;5;40;100m [0;30;44m;[0;1;34;94;44m;[0;30;44m;[0;1;34;94;44m;[0;30;44m;[0;1;34;94;44m;[0;34;40m8[0m      
       [0;30;41mt[0;1;31;91;41mSSSSSS[0;33;41mS[0;31;43mS[0;1;30;90;43m:[0;33;5;43;103mX[0;31;43m8[0;1;30;90;43m;[0;1;31;91;41m%XXXXX[0;33;41mt[0;1;30;90;43m;[0;33;5;43;103m%;;;%[0;31;43mS[0;1;31;91;41mXX[0;33;41m8[0;1;30;90;43m:[0;1;31;91;41mtX[0;1;30;90;47m...%[0;1;30;90;44m%[0;1;34;94;44m%[0;1;30;90;44m:[0;1;34;94;44m:[0;1;30;90;44m:[0;1;34;94;44m;[0;1;30;90;44m:[0;1;34;94;44m;[0;1;30;90;44m:;[0;1;30;90;47m@:::;;;;;;;%[0;1;30;90;44mS[0;1;34;94;44mt[0;30;44m;[0;1;34;94;44m.[0;30;44m;[0;1;34;94;44m;[0;30;44m8[0m       
        [0;30;41m%[0;1;31;91;41mSSSSSSS[0;33;41m8[0;1;31;91;41m%XSXXX[0;33;41m@[0;1;30;90;43m:[0;33;5;43;103m@tS[0;1;33;93;43mS[0;33;5;43;103mX;;;[0;1;33;93;43m@[0;33;41m8[0;1;31;91;41mX[0;33;41mS[0;1;33;93;43mt[0;1;31;91;41mtX[0;1;30;90;47m..t[0;1;30;90;44m8[0;1;34;94;44m;[0;1;30;90;44m::;SS;:[0;1;34;94;44m:.[0;1;30;90;44mX[0;1;30;90;47mX;;;;;;;;S[0;1;30;90;44m8[0;1;34;94;44m;[0;30;44m::[0;1;30;90;44m.[0;30;44mX@[0m        
         [0;30;41m@[0;1;31;91;41mSSSSSSSSSSSS[0;33;41m@[0;33;5;43;103mX%;;;;[0;1;33;93;43mX[0;33;5;43;103m;;;[0;1;33;93;43mX[0;1;30;90;43m:::[0;33;41mX[0;1;31;91;41mSS[0;1;30;90;47m.@[0;1;30;90;44m@[0;1;34;94;44m;[0;1;30;90;44m:[0;1;34;94;44m:[0;1;30;90;44m;[0;30;5;40;100m8@@8[0;1;30;90;44mt[0;1;34;94;44m:[0;1;30;90;44m:[0;1;34;94;44m.[0;1;30;90;44m%[0;37;5;40;100m@[0;1;30;90;47m;;;;;;8[0;1;30;90;44mX[0;1;34;94;44m:[0;30;44m%[0;1;34;94;44m.[0;30;44m:[0;1;30;90;40m8S[0m         
          [0;31;40m@[0;1;31;91;41mtSSSSSSSSSS[0;33;41mX[0;33;5;43;103m%ttt[0;1;30;90;43m:[0;31;43mX[0;1;33;93;43m8[0;33;5;43;103mttt[0;31;43mt[0;1;31;91;41mSSSSSS[0;1;30;90;47m:[0;1;30;90;44m;[0;1;34;94;44m;[0;1;30;90;44m::[0;30;44m%%[0;30;5;40;100m@@@@[0;30;44m@;:[0;1;34;94;44m::[0;1;30;90;44m.[0;1;30;90;47m8;;;tt[0;1;30;90;44m;[0;1;34;94;44m:[0;30;44m.:XS[0;34;40m:[0m          
            [0;1;30;90;41m.[0;1;31;91;41mSSSSSSSSSS[0;31;43m8[0;33;5;43;103mtt[0;1;33;93;43m%[0;33;41mX%[0;1;33;93;43mS[0;33;5;43;103mttt[0;31;43m;[0;1;31;91;41mSSSSSS[0;1;30;90;47m:[0;1;30;90;44m:[0;1;34;94;44m.:[0;30;44mt[0;36;44m.[0;30;44mS[0;30;5;40;100m@@@@[0;30;44m8[0;1;34;94;44m.[0;30;44mt[0;1;34;94;44m.:[0;1;30;90;44m.[0;1;30;90;47m8;tttt[0;30;44m:[0;1;30;90;44m [0;1;34;94;44m.[0;30;44mS;[0m            
             [0;30;41m@[0;1;31;91;41m%SSSSSSS[0;33;41mX[0;1;33;93;43mX[0;33;5;43;103mtS[0;1;30;90;43m:[0;33;41m%[0;1;31;91;41mS[0;31;43mX[0;1;33;93;43mt[0;33;5;43;103m%tt[0;1;33;93;43m%[0;31;43m%[0;33;41m8[0;1;31;91;41mSSS[0;1;30;90;47m:[0;1;30;90;44m:[0;1;34;94;44m:.[0;30;44m:t%[0;30;5;40;100m@888[0;30;44m@:;[0;1;34;94;44m..[0;1;30;90;44m.[0;1;30;90;47m8ttttt[0;30;44m;[0;1;34;94;44m.[0;30;44m @[0m             
              [0;31;40m%[0;1;30;90;41m.[0;1;31;91;41mS%[0;33;41mtS8[0;31;43mt[0;33;5;43;103m%X[0;1;33;93;43m%[0;1;30;90;43m.[0;33;41m8[0;1;31;91;41mSSSSt[0;33;41m%[0;1;30;90;43m.[0;33;5;43;103mt@[0;1;30;90;43m:[0;33;41mt[0;1;31;91;41mSS[0;37;5;40;100m8[0;1;34;94;44m.:t[0;1;30;90;44m:[0;1;34;94;44mt[0;1;30;90;44m:SSSS;[0;1;34;94;44mt[0;1;30;90;44m.[0;1;34;94;44m:;.[0;36;5;40;100m [0;1;30;90;47m%%%%[0;37;5;40;100m@[0;1;30;90;44m.[0;30;44m%[0;34;40mS[0m              
                [0;31;40m8[0;31;43mX[0;1;30;90;43m.[0;1;33;93;43m@[0;33;5;43;103mS@[0;1;33;93;43m8[0;33;41mS[0;1;31;91;41m%tSSSSSSS[0;31;43m@[0;33;5;43;103mt%[0;1;30;90;43m.[0;33;41mt[0;1;31;91;41m%%[0;30;44m8t:%:t:%:t:%:t;%tttt%;X[0;34;40m%[0m                
                  [0;30;41m8[0;31;43m8[0;33;41mS[0;1;31;91;41mt[0;33;41m@[0;1;31;91;41m%%%%%%[0;33;41mS[0;31;43mXXS[0;33;5;43;103m@%[0;1;30;90;43m.[0;1;31;91;41m%%%%[0;30;44m@;[0;1;30;90;44m.[0;30;44mSX8XS[0;1;30;90;44m.[0;30;44m;[0;1;30;90;44m.[0;30;44m;:8@@@S:.;[0;34;40m8[0m                  
                    [0;30;41mS[0;1;31;91;41mt%%%%%%%[0;33;41mX[0;31;43m@[0;1;30;90;43m..[0;1;33;93;43mS[0;1;30;90;43m.[0;31;43mt[0;1;31;91;41m%%%%[0;30;44m@S%[0;34;5;40;100m8[0;36;5;40;100m%t[0;34;5;40;100mS[0;1;30;90;44m8[0;30;44m%X%%[0;1;30;90;44mt[0;34;5;40;100m8[0;36;5;40;100m%%[0;34;5;40;100mX[0;1;30;90;44m@[0;30;44mS[0;34;40m8[0m                    
                      [0;30;41mX[0;1;31;91;41m;%%%%%%t%[0;33;41m;[0;1;31;91;41mttt%%%%[0;34;40m8[0;30;44m%[0;1;30;90;47m@ttttt[0;37;5;40;100m@[0;30;44m%[0;34;40m8[0;1;30;90;44mS[0;1;30;90;47mS%%%X[0;36;5;40;100m [0m                      
                        [0;30;41m8[0;1;31;91;41m.%%%%%%%%%%%%%%[0;34;40m8[0;30;44m@[0;1;30;90;47mStttt%[0;37;5;40;100m8[0;30;44m@[0;34;40m@[0;1;30;90;44m@[0;1;30;90;47m%%8[0;36;5;40;100m;[0m                        
                          [0;31;40mX[0;30;41mt[0;1;31;91;41mt%%%%%%%%ttt[0;37;5;40;100mX8[0;1;30;90;47m%%%%%%S888[0;36;5;40;100m [0;30;5;40;100m8[0m                          
                             [0;30;41m8.[0;1;31;91;41mttttttttt[0;1;30;90;47m%%%%%%%%%[0;37;5;40;100m8[0;36;5;40;100mt[0m                             
                                [0;30;41m8 [0;1;31;91;41mtttttt[0;1;30;90;47m%%%%%%8[0;36;5;40;100m:[0m                                
                                   [0;30;41m8;[0;1;31;91;41m;tt[0;1;30;90;47m%%S[0;37;5;40;100mX[0;36;5;40;100mt[0m                                   
                                      [0;31;40mX[0;30;41m@[0;36;5;40;100m.[0;30;5;40;100m8[0m                                      
