[0;30;44m8[0;1;34;94;44m........:::::::::::::::::::::[0;35;44m%[0;35;41m%[0;1;31;91;41m::::::::[0;30;42m%%%%%SSSSSSSSSSSSSSSSSSSSSXXXXXXXXXXXXX[0;32;40mX[0m
[0;30;44m%[0;1;34;94;44m888888[0;34;5;44;104m888888888888888888888[0;1;34;94;44m8[0;1;30;90;45m%[0;1;31;91;41m8[0;31;5;41;101m888888888[0;1;30;90;42m;;;;;;;::::::::::::::.........[0;30;42m.....::::[0;32;40m8[0m
[0;30;44m%[0;1;34;94;44m888888[0;34;5;44;104m8[0;1;34;94;44m88[0;34;5;44;104m88888888888888888[0;34;45m8[0;1;31;91;41mX[0;31;5;41;101m88888888888[0;1;30;90;42mtttt;;;;;::::::::::::::........[0;30;42m.....:::[0;32;40m8[0m
[0;30;44m%[0;1;34;94;44m8[0;36;5;40;100m  [0;1;34;94;44mt[0;36;5;40;100m. [0;1;30;90;44m:[0;36;5;40;100m; [0;1;30;90;44mt[0;36;5;40;100m% [0;1;30;90;44mX[0;36;5;40;100m% [0;1;30;90;44m8[0;34;5;44;104m888888[0;1;34;94;44mX[0;36;5;40;100m [0;35;5;40;100m [0;31;45m8[0;31;5;41;101m8888888888888[0;1;30;90;42m%ttt[0;33;42mt[0;33;5;43;103m@@@@@@@@@@@8888888888888888[0;1;33;93;43m88t[0;30;42m..::[0;32;40m8[0m
[0;30;44m%[0;1;34;94;44m8[0;36;5;40;100m [0;1;30;90;47m@[0;36;5;40;100m [0;1;30;90;47m@@[0;37;5;40;100mS[0;1;30;90;47mX@[0;37;5;40;100mS[0;1;30;90;47mXX[0;37;5;40;100mX[0;1;30;90;47mXX[0;1;30;90;44m8[0;34;5;44;104m888888[0;1;34;94;44mX[0;35;5;40;100m.[0;31;5;41;101m88888888888888[0;1;31;91;41m8[0;1;30;90;42m%%%%[0;33;42mt[0;33;5;43;103m;;;;[0;32;43m88[0;1;33;93;43mS[0;33;5;43;103m;;;[0;1;33;93;43mS[0;32;43mX[0;1;33;93;43m8[0;33;5;43;103mtttt[0;1;33;93;43mX[0;33;42mX[0;32;43mS[0;33;5;43;103m8t%S[0;1;30;90;43m..[0;33;5;43;103m%%%[0;1;33;93;43m@[0;30;42m...:[0;32;40m8[0m
[0;30;44m%[0;34;5;44;104m8[0;34;5;40;100m8[0;36;5;40;100m [0;37;5;40;100m@@[0;36;5;40;100m [0;37;5;40;100m@@S88S88[0;36;5;40;100m [0;1;34;94;44mS[0;34;5;44;104m88888[0;1;30;90;45mX[0;1;31;91;41m8[0;31;5;41;101m88888888888888[0;1;30;90;45mS[0;1;34;94;44m8[0;1;30;90;42mSS%%%[0;33;5;43;103m;;;@[0;1;33;93;43mS[0;1;30;90;43m;[0;30;5;40;100mS[0;1;30;90;43m;[0;33;5;43;103m%[0;1;33;93;43m@[0;1;30;90;42m8[0;1;30;90;43m:[0;33;5;43;103m%tttt[0;1;33;93;43m@[0;1;30;90;43m.:[0;1;30;90;41m8[0;1;33;93;43mS[0;33;5;43;103mt[0;1;30;90;43m:[0;33;42m8[0;1;33;93;43mS[0;33;5;43;103m%%%[0;1;33;93;43m@[0;30;42m...:[0;32;40m8[0m
[0;30;44m%[0;34;5;44;104m8[0;1;34;94;44m8[0;1;30;90;44m%[0;36;5;40;100m; :       [0;34;5;40;100m8[0;1;34;94;44m@[0;34;5;44;104m8888[0;35;44m8[0;31;45m@[0;31;5;41;101m88888888888888[0;35;41m8[0;34;45m8[0;34;5;44;104m88[0;1;30;90;42mXSSSS[0;33;5;43;103m;;;[0;1;30;90;43mt[0;33;42m8[0;32;43m8[0;1;30;90;43m;[0;33;5;43;103m%[0;1;30;90;43m;:;[0;33;42m@X[0;1;30;90;43m:[0;33;5;43;103mtt[0;1;33;93;43m8[0;33;42m8X[0;32;43m@[0;1;33;93;43mX[0;33;5;43;103m@[0;1;30;90;43m:.[0;33;42m8S@[0;33;5;43;103m@%[0;1;33;93;43m@[0;30;42m....8[0m
[0;30;44m%[0;34;5;44;104m888[0;1;30;90;44mX[0;36;5;40;100m .      [0;34;5;40;100mS[0;34;5;44;104m8888[0;1;34;94;44m8[0;1;30;90;45m@[0;31;5;41;101m888@@@@@@@@@@@8[0;35;5;40;100m8[0;34;5;44;104m8888[0;1;30;90;42mXXXSS[0;33;5;43;103m;;[0;1;33;93;43m8[0;1;30;90;43m%t[0;33;5;43;103mt;8[0;1;30;90;43m;[0;1;33;93;43m@[0;33;42m8[0;1;30;90;43m:[0;33;5;43;103m@t;t[0;1;30;90;43m:[0;32;43mX[0;1;33;93;43mS[0;33;5;43;103mtt[0;1;30;90;43m.[0;1;33;93;43m@[0;1;30;90;43m.[0;33;42m8[0;1;33;93;43m@[0;33;5;43;103m@%%[0;1;33;93;43m@[0;30;42m....8[0m
[0;30;44m%[0;34;5;44;104m888[0;1;30;90;44m%[0;36;5;40;100m.       [0;34;5;40;100m@[0;34;5;44;104m888[0;1;30;90;45m@[0;1;31;91;41m8[0;31;5;41;101m8@@@@@@@@@@@@@[0;35;5;40;100m% [0;34;5;40;100mX[0;34;5;44;104m@@@8[0;1;30;90;42m@@XXX[0;33;5;43;103m;;X[0;32;43m8[0;1;30;90;42m%[0;32;43m8[0;1;33;93;43m@[0;1;30;90;41mS[0;1;30;90;43m;[0;1;30;90;42mt;[0;1;33;93;43mX[0;33;5;43;103m;;;;[0;1;30;90;43m:[0;33;42m%[0;1;30;90;42m:[0;1;30;90;43m::[0;31;43m8[0;1;30;90;43m:[0;1;30;90;42m:[0;33;42m8[0;33;5;43;103mS%%%[0;1;33;93;43m@[0;1;30;90;42m.[0;30;42m...8[0m
[0;30;44m%[0;34;5;44;104m8888[0;36;5;40;100m [0;1;30;90;47m@[0;37;5;40;100m8[0;1;30;90;47m@[0;37;5;40;100m8[0;1;30;90;47mX[0;37;5;40;100m8[0;1;30;90;47mX[0;1;30;90;44m8[0;34;5;44;104m8[0;34;45m8[0;31;45m8[0;31;5;41;101m@@@@@@@@@@@XXX[0;35;5;41;101m8[0;1;30;90;47m8XS[0;1;34;94;44m8[0;34;5;44;104m@@@@[0;1;30;90;42m8@@@@[0;33;5;43;103m:;;;S[0;1;33;93;43m8X[0;1;30;90;43mt[0;1;33;93;43m8[0;33;5;43;103m8t;;;;;;t[0;1;33;93;43m8X[0;1;30;90;43m:[0;1;33;93;43mX@[0;33;5;43;103m8tt%%%[0;1;33;93;43m@[0;1;30;90;42m..[0;30;42m..8[0m
[0;30;44m%[0;34;5;44;104m888[0;1;34;94;44m8[0;36;5;40;100m [0;37;5;40;100m8[0;1;30;90;47m88@8@8[0;35;5;40;100m8[0;1;30;90;45m@[0;31;5;41;101m8@@@@@@@XXXXXXX[0;1;30;90;47m8%S%S[0;1;30;90;44m8[0;34;5;44;104m@@@@[0;1;30;90;42m88@@@[0;33;5;43;103m::;;;;;[0;1;30;90;43mt[0;33;5;43;103mt;;;;;;;;ttt@[0;1;30;90;43m.[0;33;5;43;103mtttt%%%[0;1;33;93;43m@[0;1;30;90;42m..[0;30;42m..8[0m
[0;30;44m%[0;34;5;44;104m888[0;1;30;90;44m8[0;37;5;40;100m8[0;1;30;90;47m888888[0;37;5;40;100m;[0;31;5;41;101m8@@@@@@XXXXXXXX[0;37;5;40;100m:[0;1;30;90;47m%;%%%%[0;36;5;40;100m [0;34;5;44;104mXX@@[0;1;30;90;42m88888[0;33;5;43;103m:::;;;;t[0;1;30;90;43mt[0;1;33;93;43m@[0;33;5;43;103m%[0;1;30;90;43m;[0;1;33;93;43m@[0;33;5;43;103m;;;;S[0;1;33;93;43m@[0;33;5;43;103mtt[0;1;33;93;43m8[0;1;30;90;43m.[0;33;5;43;103mXttt%%[0;1;33;93;43m@[0;1;30;90;42m..[0;30;42m..8[0m
[0;30;44m%[0;34;5;44;104m88[0;1;34;94;44m@[0;37;5;40;100m@[0;1;30;90;47m8[0;37;5;40;100mS[0;1;30;90;47m@[0;37;5;40;100mX[0;1;30;90;47m%[0;35;5;40;100m;[0;1;31;91;41m8[0;31;5;41;101m8@@@@@@XXXXXXX[0;37;5;40;100m.[0;1;30;90;47m8@%S:8S%t[0;36;5;40;100m;[0;34;5;44;104mXXX[0;1;30;90;42m88888[0;33;5;43;103m::::;;;;;@S[0;1;30;90;43m;[0;32;43m8[0;1;30;90;43mt[0;33;5;43;103m;;8[0;33;42m%@[0;33;5;43;103m%ttt[0;1;33;93;43m@[0;33;5;43;103mttt%%[0;1;33;93;43m8[0;1;30;90;42m...[0;30;42m.8[0m
[0;30;44m%[0;34;5;44;104m8[0;1;34;94;44mX[0;37;5;40;100m%8@8[0;36;5;40;100m [0;35;5;40;100mt[0;1;30;90;41m8[0;31;5;41;101m888@@@@@XXXXXX[0;35;5;41;101m8[0;1;30;90;47m8%@t[0;37;5;40;100m8[0;36;5;40;100m  [0;37;5;40;100m8[0;1;30;90;47mS@%X[0;36;5;40;100m;[0;34;5;44;104mXX[0;1;30;90;42m88888[0;33;5;43;103m:::::;;;;S[0;32;43m8[0;33;42m8[0;32;43m8[0;1;30;90;43mt[0;1;33;93;43m%[0;1;30;90;43m:;[0;31;40m8[0;1;30;90;43m::[0;33;5;43;103mStttttt%%[0;1;33;93;43m8[0;1;30;90;42m...[0;30;42m.8[0m
[0;30;44m%[0;1;30;90;44m8[0;37;5;40;100m88S8[0;35;5;40;100m [0;1;30;90;41m8[0;31;5;41;101m8888@@@@@XXXXXX[0;35;5;40;100m [0;1;30;90;47m;%@t[0;37;5;40;100m8[0;36;5;40;100m    [0;37;5;40;100mX[0;1;30;90;47mt8t%[0;37;5;40;100mt[0;34;5;44;104m@[0;1;30;90;42m88888[0;33;5;43;103m:::::;;;;X[0;1;30;90;43mt[0;1;33;93;43mX[0;33;5;43;103m8;%[0;1;30;90;43m;[0;33;5;43;103mX[0;1;30;90;43m:::[0;33;5;43;103m@ttttttt%[0;1;33;93;43m8[0;1;30;90;42m...[0;30;42m.8[0m
[0;30;44m%[0;36;5;40;100m:[0;37;5;40;100m8[0;1;30;90;47m@[0;35;5;40;100m t[0;31;5;41;101m888888@@@@XXXXX[0;1;30;90;45m88[0;1;30;90;47m@%.@X@[0;36;5;40;100m    [0;37;5;40;100m8[0;1;30;90;47mS@tt@[0;34;5;44;104m8[0;1;30;90;42m88888[0;33;5;43;103m:::::;;;;[0;1;30;90;43mt[0;1;30;90;42mtt[0;1;33;93;43m@[0;33;5;43;103mS[0;31;43mX[0;33;5;43;103mX[0;33;42m8[0;1;30;90;42m:[0;1;33;93;43mS[0;33;5;43;103mttttttttt%[0;1;33;93;43m8[0;1;30;90;42m...[0;30;42m.8[0m
[0;30;44m%[0;36;5;40;100m:[0;1;30;90;47mX[0;35;5;40;100m [0;1;31;91;41mX[0;31;5;41;101m8888888@@@@XXX[0;1;30;90;45m88[0;34;5;44;104mXX[0;1;30;90;47m@ %:S@[0;37;5;40;100mSS%[0;36;5;40;100m [0;37;5;40;100m8[0;1;30;90;47m%%;tS[0;34;5;44;104m8[0;1;30;90;42m88888[0;33;5;43;103m::::::;;;;[0;1;33;93;43m8[0;1;30;90;43mttt;;;[0;1;33;93;43mS[0;33;5;43;103m;ttttttttt%[0;1;33;93;43m8[0;1;30;90;42m....[0;30;42m8[0m
[0;30;44m%[0;35;5;40;100m;[0;1;30;90;41m8[0;31;5;41;101m88888888@@@@@X@[0;1;30;90;45m8[0;34;5;44;104mXXXX[0;1;30;90;47m@S[0;1;37;97;47m.[0;37;5;40;100m8[0;1;30;90;47m:@[0;37;5;40;100mSSS[0;36;5;40;100m [0;37;5;40;100m8[0;1;30;90;47m:[0;37;5;40;100m8[0;1;30;90;47m%t@[0;34;5;44;104m8[0;1;30;90;42m88888[0;33;5;43;103m::::::;;;;;;;@[0;1;30;90;43m;[0;33;5;43;103m;;;;ttttttttt%[0;1;33;93;43m8[0;1;30;90;42m....[0;30;42m8[0m
[0;31;40m@[0;1;31;91;41m@[0;31;5;41;101m8888888888@@@@[0;35;5;40;100m: [0;36;5;40;100m;.   [0;1;30;90;47mSSSXSSS@SSS@XXX8[0;36;5;40;100m.[0;1;30;90;42m88888[0;33;5;43;103m::::::;;;;;;;;[0;1;30;90;43m;[0;1;33;93;43mS[0;33;5;43;103m;;;ttttttttt%[0;1;33;93;43m@[0;1;30;90;42m....[0;30;42m8[0m
[0;30;41m%[0;31;5;41;101m88888888888@@[0;35;5;41;101m8[0;1;30;90;47m88X8S8%@%XtXtX;StXtX%@%@[0;37;5;40;100mS[0;1;30;90;42m88888[0;33;5;43;103m:::::;;;;;;;;;;@[0;1;30;90;43m:[0;33;5;43;103mt;ttttttttt%[0;1;33;93;43mX[0;1;30;90;42m...[0;30;42m.8[0m
[0;30;41m%[0;31;5;41;101m888888888888[0;37;5;40;100m;SS@8@[0;1;30;90;47m@8[0;37;5;40;100m8[0;1;30;90;47m88[0;37;5;40;100m88[0;1;30;90;47m8@[0;37;5;40;100m@[0;1;30;90;47m%X888[0;37;5;40;100m88[0;1;30;90;47m88[0;37;5;40;100m8%[0;1;30;90;42m88888[0;33;5;43;103m888[0;1;33;93;43m8888888888888@@@@@@@@@@XXX[0;32;43mt[0;1;30;90;42m...[0;30;42m.8[0m
[0;30;41mS[0;31;5;41;101m8888888888[0;35;5;40;100m%S[0;1;30;90;44m8[0;1;34;94;44m88@[0;1;30;90;44m8[0;37;5;40;100m%@S[0;1;30;90;47m8[0;36;5;40;100m:[0;1;30;90;44m8[0;34;5;44;104m88[0;1;30;90;44m8[0;36;5;40;100m.[0;1;30;90;47m@[0;37;5;40;100m88[0;1;30;90;47m8[0;36;5;40;100m;[0;1;34;94;44m8[0;34;5;44;104m8[0;1;34;94;44m8[0;1;30;90;44m8[0;36;5;40;100m [0;1;30;90;47m@[0;36;5;40;100m [0;1;30;90;42m88888@@@XXSS%%%tt;;;;:::::::::........[0;30;42m.[0;32;40m8[0m
[0;30;41m8[0;31;5;41;101m88888888[0;1;31;91;41m8[0;31;5;40;100mS[0;36;5;40;100m [0;34;5;44;104m88@@@@[0;1;30;90;44m8[0;37;5;40;100m@X[0;36;5;40;100m [0;34;5;44;104mXXXXXX[0;36;5;40;100m [0;37;5;40;100m@8[0;1;30;90;44m8[0;34;5;44;104mXXXXXX[0;37;5;40;100m@[0;36;5;40;100m [0;1;30;90;42m88888@@XXSS%%%ttt;;;::::::::::........[0;30;42m.[0;32;40m@[0m
[0;31;40mS[0;33;41m8888888[0;35;5;40;100m%[0;32;5;40;100mX8S[0;34;46m88[0;1;30;90;46m@888[0;36;5;40;100m8;tS[0;1;30;90;46m888888[0;36;5;40;100m%:.@[0;1;30;90;46m888888[0;36;5;40;100m;[0;32;5;40;100m%[0;1;30;90;46m88888@@XXXSS%%%ttt;;;;;;;:::::[0;32;46m8[0;1;30;90;42m8[0;32;43m888888[0;33;42m8[0;32;40mt[0m
 [0;1;30;90;42m;;ttt%%%SSSXX@@@88888888888888888888888[0;34;5;44;104m@@@8888888888888888888[0;1;34;94;44m88888888[0;1;30;90;45m:[0;1;31;91;41mX8888888[0m 
 [0;30;42mt[0;1;30;90;42m;;ttt%%%SSSXXX@@@888888888888888888888[0;34;5;44;104m@88888888888888888888[0;1;34;94;44m8888888[0;35;44m8[0;35;41mS[0;1;31;91;41m88888888t[0m 
 [0;32;40m8[0;1;30;90;42m;;;ttt%%%SSSXXXX@@@88888888888888888@@[0;34;5;44;104m8[0;1;34;94;44mX[0;36;5;40;100m:;[0;1;34;94;44m@[0;36;5;40;100m:t[0;1;34;94;44m8[0;36;5;40;100mtt[0;1;34;94;44m@[0;34;5;40;100mS[0;36;5;40;100mt[0;1;34;94;44m%[0;34;5;40;100m@%[0;1;30;90;44m%[0;34;5;44;104m8888[0;1;34;94;44m88S[0;34;5;40;100mXS[0;1;34;94;44m%[0;35;41mX[0;1;31;91;41m8888888888[0;30;41m%[0m 
  [0;1;30;90;42m:;;;t[0;1;33;93;43mX[0;33;5;43;103m88888[0;1;33;93;43m@[0;1;30;90;43mS[0;33;5;43;103m888@88@@@@[0;1;33;93;43m8[0;1;30;90;43m@[0;33;5;43;103m8@@@88@@[0;33;42m@[0;1;30;90;42m@@XX[0;34;5;44;104m8[0;1;34;94;44mS[0;1;30;90;47m.;[0;36;5;40;100m [0;1;30;90;47m.:[0;36;5;40;100m [0;1;30;90;47m;:[0;36;5;40;100m [0;1;30;90;47m%.[0;36;5;40;100m [0;1;30;90;47mS.[0;1;30;90;44mX[0;34;5;44;104m888[0;1;34;94;44m888%[0;1;30;90;47mS[0;35;5;40;100m:[0;1;31;91;41m@8888888888@[0;31;40m%[0m 
  [0;30;42mX[0;1;30;90;42m:;;;[0;32;43mX[0;33;5;43;103m;;;;;[0;1;33;93;43m@[0;32;43m@[0;1;30;90;43mS[0;33;5;43;103m%;8[0;1;30;90;42mX[0;1;30;90;43mS[0;33;5;43;103m::::8[0;1;30;90;43m@@[0;33;5;43;103mS:S[0;33;42m8[0;1;30;90;43m@[0;33;5;43;103m::[0;33;42mX[0;1;30;90;42mXXXX[0;34;5;44;104m8[0;1;34;94;44mX[0;36;5;40;100m [0;37;5;40;100m@@SS@S[0;36;5;40;100m [0;37;5;40;100mXX[0;36;5;40;100m [0;37;5;40;100mXX[0;36;5;40;100m [0;1;34;94;44m;[0;34;5;44;104m88[0;1;34;94;44m8888[0;35;44m8[0;1;31;91;41mX888888888888.[0m  
  [0;32;40mt[0;1;30;90;42m::;;;[0;1;33;93;43m8[0;33;5;43;103m;;;[0;1;33;93;43mX[0;33;42m8[0;32;43m@[0;1;30;90;43mS%%%XS[0;1;33;93;43m@[0;33;5;43;103m;;[0;1;33;93;43m8[0;32;43m8[0;1;30;90;43mX@XXX[0;33;5;40;100m8[0;1;30;90;43mS[0;1;33;93;43mS[0;33;5;43;103m:[0;33;42mX[0;1;30;90;42mSSSS[0;34;5;44;104m88[0;1;34;94;44m%[0;36;5;40;100m%          [0;34;5;40;100m%[0;1;30;90;44mt[0;34;5;44;104m88[0;1;34;94;44m888S[0;31;45m8[0;1;31;91;41m8888888888888@[0;31;40mX[0m  
   [0;30;42m@[0;1;30;90;42m::;;[0;33;42mS[0;33;5;43;103mS;;[0;1;33;93;43mS[0;1;30;90;43mt[0;33;5;43;103m@;S[0;1;30;90;43m%[0;1;33;93;43m8[0;1;30;90;43m%%[0;1;33;93;43m8[0;33;5;43;103m;;[0;1;33;93;43m@[0;1;30;90;43mS[0;1;33;93;43m8[0;33;5;43;103m;t[0;1;30;90;43mS[0;33;5;43;103m8[0;1;30;90;43mSS[0;1;33;93;43m@[0;33;5;43;103m;[0;33;42mS[0;1;30;90;42mSS%%[0;34;5;44;104m888[0;1;34;94;44m8[0;34;5;40;100mX[0;36;5;40;100m.   .. .[0;34;5;40;100m@[0;1;34;94;44m@[0;34;5;44;104m8[0;1;34;94;44m8888[0;1;30;90;45m:[0;1;31;91;41m88888888888888X[0;30;41mX[0m   
    [0;1;30;90;42m::::;[0;32;43m@[0;33;5;43;103m;;[0;1;30;90;43m;[0;1;30;90;42mt[0;32;43m8[0;33;5;43;103m@[0;33;41m8[0;1;30;90;43mt[0;1;30;90;42m%[0;33;42m8[0;33;5;43;103m;;;;[0;1;30;90;43m%[0;1;30;90;42mS[0;33;42m8[0;33;5;43;103m8[0;31;43m8[0;1;30;90;43m%[0;33;42mX[0;1;30;90;42mS[0;33;5;43;103mX;;[0;33;42mS[0;1;30;90;42m%%%%[0;34;5;44;104m8888[0;1;30;90;44m8[0;36;5;40;100m        [0;1;30;90;44m8[0;34;5;44;104m8[0;1;34;94;44m888[0;34;45m8[0;1;31;91;41mX88888888888888[0;1;30;90;41mX[0;1;30;90;40m8[0m    
    [0;32;40mS[0;1;30;90;42m:::::[0;1;30;90;43m;[0;33;5;43;103m;;S[0;1;33;93;43m@S[0;1;30;90;43mt[0;1;33;93;43m@8[0;33;5;43;103mt;;;;;%[0;1;33;93;43m8X[0;1;30;90;43m%[0;1;33;93;43m88[0;33;5;43;103mt;;;[0;33;42mS[0;1;30;90;42mtttt[0;34;5;44;104m8888[0;1;34;94;44mS[0;37;5;40;100mX[0;1;30;90;47m8[0;37;5;40;100mS8S8%8[0;1;34;94;44m;88[0;35;44mS[0;35;41m8[0;1;31;91;41m88888888888888X[0;35;5;40;100m.[0;37;5;40;100mX[0;34;40m:[0m    
     [0;32;40m8[0;1;30;90;42m:::::[0;1;30;90;43m:[0;33;5;43;103m;;;;[0;1;30;90;43m;[0;33;5;43;103m%;;;;;;;;;;[0;1;30;90;43mt[0;33;5;43;103mS;;;;;[0;33;42m%[0;1;30;90;42mttt;[0;34;5;44;104m8888[0;1;34;94;44m%[0;37;5;40;100m@[0;36;5;40;100m [0;37;5;40;100m8[0;36;5;40;100m [0;37;5;40;100m@S8[0;36;5;40;100m [0;1;30;90;44m;[0;1;34;94;44m@[0;1;30;90;45m:[0;1;31;91;41m88888888888888X[0;35;5;40;100mt [0;37;5;40;100mX[0;1;30;90;40m@[0m     
      [0;30;42m8[0;1;30;90;42m:::::[0;1;30;90;43m:[0;33;5;43;103m;;;;[0;1;33;93;43m%S[0;1;30;90;43m;;[0;1;33;93;43m@[0;33;5;43;103m;;;[0;1;33;93;43mS[0;1;30;90;43m;[0;33;5;43;103m;;[0;1;33;93;43mS[0;1;30;90;43m;[0;33;5;43;103mt;;;[0;33;42m%[0;1;30;90;42m;;;;[0;34;5;44;104m8888[0;1;30;90;44mS[0;37;5;40;100mS[0;1;30;90;47m8[0;37;5;40;100mS8X[0;1;30;90;47m8[0;37;5;40;100mS8[0;31;5;40;100mS[0;1;31;91;41m@88888888888888[0;1;30;90;41m8[0;37;5;40;100m@[0;36;5;40;100m [0;37;5;40;100m8[0;30;5;40;100m@[0m      
       [0;30;42m@[0;1;30;90;42m:::::[0;1;30;90;43m:[0;33;5;43;103mt;;;t[0;1;33;93;43mX[0;1;30;90;43m:[0;33;5;40;100m8[0;1;30;90;43m:[0;33;5;43;103mt[0;1;30;90;43m:[0;1;30;90;42m8[0;1;30;90;43m:[0;33;5;43;103m;;;;;;;;[0;33;42m%[0;1;30;90;42m;;::[0;34;5;44;104m888[0;1;34;94;44m@[0;36;5;40;100m [0;1;30;90;47m8[0;36;5;40;100m [0;37;5;40;100m8S8[0;36;5;40;100m [0;37;5;40;100mX[0;1;31;91;41mX88888888888888S[0;35;5;40;100m:[0;37;5;40;100mX[0;36;5;40;100m [0;37;5;40;100m8[0;30;5;40;100mS[0m       
        [0;30;42m8[0;1;30;90;42m:::::[0;32;43m@[0;33;5;43;103mS;;[0;1;33;93;43m@[0;32;43m88[0;1;30;90;43m:[0;33;5;43;103m%[0;1;30;90;43m::;[0;33;42mX[0;1;30;90;43m;[0;33;5;43;103m;;;;;;;[0;33;42mt[0;1;30;90;42m::::[0;34;5;44;104m88[0;1;34;94;44m8[0;36;5;40;100m;[0;37;5;40;100m8X%@[0;36;5;40;100m [0;35;5;40;100m [0;1;30;90;41m8[0;1;31;91;41m88888888888888@[0;35;5;40;100m% [0;36;5;40;100m [0;37;5;40;100mS[0;36;5;40;100m:;[0m        
         [0;32;40m8[0;1;30;90;42m:::::[0;33;42mS[0;33;5;43;103m8t[0;1;30;90;43m:[0;33;42m8[0;1;33;93;43mX[0;33;5;43;103m;[0;1;33;93;43m%S[0;1;30;90;43m:[0;33;42m%[0;33;5;43;103mX;;;;;;;;[0;33;42mt[0;1;30;90;42m::::[0;1;34;94;44m8S[0;36;5;40;100m.[0;37;5;40;100m8[0;36;5;40;100m [0;37;5;40;100m8%[0;30;5;40;100m8[0;1;30;90;41m@[0;1;31;91;41m888888888888888[0;1;30;90;41m8[0;37;5;40;100mX[0;36;5;40;100m [0;37;5;40;100mX[0;36;5;40;100m [0;1;30;90;40m8S[0m         
          [0;32;40mS[0;1;30;90;42m:::::[0;33;42m:[0;1;30;90;43m:[0;1;33;93;43m@[0;32;43mX[0;33;42mX[0;1;30;90;43m:[0;1;30;90;41m8[0;1;30;90;43m;[0;33;42m8[0;1;30;90;43m:[0;33;5;43;103mttttttttt[0;33;42mt[0;1;30;90;42m::::[0;1;34;94;44m8[0;36;5;40;100m [0;37;5;40;100m8@[0;36;5;40;100m  [0;35;5;40;100m;[0;1;31;91;41mS88888888888888[0;35;41m@[0;35;5;40;100m.[0;37;5;40;100m@[0;36;5;40;100m  ::[0;34;40m:[0m          
            [0;30;42m%[0;1;30;90;42m:::::[0;33;42m8[0;33;5;43;103m8tt[0;1;30;90;43m:[0;33;5;43;103mtttttttttttt[0;33;42mt[0;1;30;90;42m::::[0;1;34;94;44m8[0;36;5;40;100m [0;37;5;40;100m@8[0;35;5;40;100m:[0;1;30;90;41m8[0;1;31;91;41m88888888888888%[0;34;45m8[0;1;34;94;44m8[0;36;5;40;100m [0;37;5;40;100mSX[0;36;5;40;100m: [0m            
             [0;30;42m8[0;1;30;90;42m.::::[0;33;42m:[0;1;30;90;43m:[0;33;5;43;103m%[0;1;33;93;43mS[0;1;30;90;43m.[0;33;5;43;103mttttttttttt[0;33;42mt[0;1;30;90;42m::::[0;1;34;94;44m8[0;36;5;40;100m [0;37;5;40;100m@[0;31;5;40;100mX[0;1;31;91;41m88888888888888@[0;1;30;90;45m.[0;1;34;94;44m@8@[0;36;5;40;100m [0;37;5;40;100mX[0;36;5;40;100m t[0m             
              [0;32;40mt[0;30;42m%[0;1;30;90;42m.....[0;33;42mS[0;1;33;93;43m%[0;33;5;43;103m@[0;1;30;90;43m.[0;33;5;43;103mtttttttttt[0;33;42mt[0;1;30;90;42m:...[0;1;34;94;44mt[0;35;5;40;100m:[0;1;31;91;41mX88888888888888[0;35;41mX[0;35;44m%[0;1;34;94;44m@@@;[0;37;5;40;100mS[0;36;5;40;100m [0;1;30;90;40m@[0m              
                [0;32;40m@[0;30;42m:[0;1;30;90;42m.....[0;33;42m8[0;1;33;93;43mX[0;33;5;43;103mtttttttttt[0;33;42mt[0;1;30;90;42m....[0;1;31;91;41m.88888888888888S[0;35;5;40;100m;[0;36;5;40;100m     ;[0;1;30;90;40mS[0m                
                  [0;30;42m8[0;1;30;90;42m......[0;33;42m8[0;1;33;93;43mS[0;33;5;43;103m%%%%%%%%[0;33;42m;[0;1;30;90;42m....[0;1;31;91;41m8888888888888X[0;1;30;90;41mX[0;35;5;40;100m;[0;36;5;40;100m;.   [0;30;5;40;100m@[0m                  
                    [0;30;42m8:[0;1;30;90;42m.....[0;33;42m@[0;1;30;90;43m.[0;33;5;43;103mS%%%%%[0;33;42m;[0;1;30;90;42m....[0;1;31;91;41m88888888888@[0;35;41mt[0;35;5;40;100m@[0;34;5;40;100m@@S[0;36;5;40;100m%.[0;30;5;40;100m8[0m                    
                      [0;32;40m8[0;30;42m:[0;1;30;90;42m.....[0;33;42mt[0;1;30;90;43m.[0;1;33;93;43m8[0;33;5;43;103m%%%[0;33;42m;[0;1;30;90;42m....[0;1;31;91;41m88888888@@t[0;31;5;40;100mS[0;1;34;94;44mX@@@X[0;30;44m%[0m                      
                        [0;32;40m8[0;30;42mt.....[0;1;30;90;42m.[0;33;42m8[0;1;33;93;43m%[0;33;5;43;103mS[0;33;42m;[0;30;42m....[0;1;31;91;41m888@@@@@S[0;1;30;90;41m8[0;1;30;90;40m8[0;34;5;40;100mS[0;1;34;94;44m@@%[0;30;44m@[0m                        
                          [0;32;40m%[0;30;42m@:.....[0;33;42m;[0;1;30;90;42m.[0;30;42m....[0;1;31;91;41m@@@@@@@[0;31;45m8[0;1;34;94;44m%ttt[0;30;44m [0;34;40m8[0m                          
                             [0;32;40m8[0;30;42mS:.:::::::[0;1;31;91;41m@@@@@[0;35;41mX[0;35;44mS[0;1;34;94;44m@@:[0;30;44m@[0m                             
                                [0;32;40m8[0;30;42m%::::::[0;1;31;91;41m@@@S[0;35;44m8[0;1;34;94;44m@t[0;30;44mS[0m                                
                                   [0;32;40m@[0;30;42mX:::[0;1;31;91;41m@@[0;31;45m8[0;35;44m:[0;30;44m@[0m                                   
                                      [0;32;40m%8[0;30;41m%[0;31;40m%[0m                                      
