[0;30;5;40;100mX[0;37;5;40;100m@@@@@@@@@@@@@@@@8@888888888888888888888[0;1;30;90;41m888888888888888888888888888888888888888[0;31;40mX[0m
[0;36;5;40;100m [0;1;30;90;47m:::..............                      [0;1;30;90;43mXXXXXX[0;31;43m8888888888888888888888[0;33;41m88888888888[0;31;40m8[0m
[0;36;5;40;100m [0;1;30;90;47m:::.::.:........         [0;1;37;97;47m [0;1;30;90;47m  [0;1;37;97;47m [0;1;30;90;47m       .  [0;1;30;90;43m@@XXXXXX[0;31;43m888888888888888888888[0;33;41m8888888888[0;31;40m8[0m
[0;36;5;40;100m [0;1;30;90;47m.[0;1;30;90;44mt[0;30;44m;[0;1;30;90;47m8[0;1;30;90;44m%;[0;37;5;40;100mX[0;1;30;90;44m8;[0;37;5;40;100mS[0;34;5;40;100m8[0;1;30;90;44m;[0;36;5;40;100m [0;34;5;40;100mX[0;1;30;90;44mt[0;36;5;40;100m [0;1;30;90;47m  [0;1;37;97;47m    [0;1;30;90;47m%[0;1;30;90;44mSS[0;1;30;90;47mS[0;1;30;90;44mSS[0;1;30;90;47mS[0;1;30;90;44mSS[0;1;30;90;47m8[0;1;30;90;44m@%[0;1;30;90;47m8[0;34;5;40;100m8[0;1;30;90;44m%[0;37;5;40;100m8[0;1;37;97;47m [0;1;30;90;43m@@@@@XXXXX[0;31;43m88888888888888888888[0;33;41m888888888[0;31;40m8[0m
[0;36;5;40;100m [0;1;30;90;47m.[0;1;30;90;44m;[0;1;34;94;44m%[0;1;30;90;44m:[0;1;34;94;44mS%[0;1;30;90;44m;[0;1;34;94;44mS%[0;1;30;90;44mt[0;1;34;94;44mSS[0;1;30;90;44mt[0;1;34;94;44mSS[0;36;5;40;100m [0;1;37;97;47m    ..[0;1;30;90;47m%[0;1;30;90;44mS[0;1;34;94;44mX[0;1;30;90;44mS[0;1;34;94;44mXX[0;1;30;90;44mS[0;1;34;94;44mXS[0;1;30;90;44mS[0;1;34;94;44mXS[0;1;30;90;44mS[0;1;34;94;44mXS[0;1;30;90;47m8[0;1;37;97;47m [0;1;30;90;43m888@@@@@XXXXX[0;31;43m888888888888888888[0;33;41m88888888[0;31;40m8[0m
[0;36;5;40;100m [0;1;30;90;47m.[0;34;5;40;100mX[0;1;30;90;44m;;;;;;tttt%%@[0;1;30;90;47m8[0;1;37;97;47m......[0;1;30;90;47m.[0;34;5;40;100mX[0;1;30;90;44mXXXXXXXXXXXX8[0;1;30;90;47mt[0;1;37;97;47m.[0;1;30;90;43m88888@@@@X[0;33;5;40;100m8[0;1;30;90;40mX[0;31;5;40;100m8[0;1;30;90;43mX[0;30;5;40;100m8[0;31;5;40;100mX88@[0;33;5;40;100m8[0;1;30;90;43mS[0;31;43m88888888888[0;33;41m8888888[0;31;40m8[0m
[0;36;5;40;100m [0;1;30;90;47m.:[0;37;5;40;100mS[0;30;44mX%X%[0;1;30;90;44mtt%%%S[0;36;5;40;100mt[0;1;30;90;47mt[0;1;37;97;47m......::[0;1;30;90;47m.[0;37;5;40;100mX[0;1;30;90;44m@@@@@@@@@@[0;36;5;40;100m [0;1;30;90;47m:[0;1;37;97;47m..[0;1;30;90;43m8888888@@[0;33;5;40;100m8[0;1;30;90;40mSSX[0;31;40m;[0;34;40m:[0;1;30;90;40mS[0;34;40m;;;;[0;1;30;90;40mX8[0;31;5;40;100m8@[0;1;30;90;43mS[0;31;43m88888888[0;33;41m888888[0;30;41m8[0m
[0;36;5;40;100m [0;1;30;90;47m...[0;36;5;40;100m [0;30;44m%S[0;1;30;90;44mt%%%%S[0;34;5;40;100m8[0;1;30;90;47m [0;1;37;97;47m....:::::::[0;36;5;40;100m [0;1;30;90;44m88888888[0;36;5;40;100m%[0;1;37;97;47m::::[0;1;30;90;43m88[0;33;5;40;100m88%:[0;31;5;40;100mX8[0;1;30;90;40m8S[0;34;40m;[0;1;30;90;40mS[0;34;40m;:[0;36;5;40;100m [0;1;37;97;47mt.[0;1;30;90;47m%[0;37;5;40;100mX[0;1;30;90;40m8S[0;34;40m;;;[0;1;30;90;40mSX[0;30;5;40;100m8[0;31;5;40;100m@[0;33;41m8[0;31;43m8888[0;33;41m888888[0;30;41m8[0m
[0;36;5;40;100m [0;1;30;90;47m...[0;37;5;40;100m8[0;1;30;90;44m%t%%%SSS[0;36;5;40;100m%[0;1;37;97;47m..::::::;;;;[0;1;30;90;47m8[0;1;30;90;44m88888888[0;36;5;40;100m [0;1;37;97;47m;:::[0;1;30;90;43m8[0;31;5;40;100mS[0;30;5;40;100m8[0;1;30;90;40m8[0;1;30;90;47m%[0;1;30;90;40m@XX[0;30;5;40;100mX[0;1;30;90;40mS[0;34;40m;;[0;1;30;90;40m%[0;36;5;40;100m:[0;37;5;47;107m%tttt[0;1;30;90;47m;[0;34;40m:;;;;;;;[0;31;40mt[0;1;30;90;40m8[0;31;5;40;100m8[0;31;43m888[0;33;41m88888[0;30;41m8[0m
[0;36;5;40;100m [0;1;30;90;47m... [0;1;30;90;44m@[0;1;34;94;44m%[0;1;30;90;44m%[0;1;34;94;44m%[0;1;30;90;44m%[0;1;34;94;44m%[0;1;30;90;44mS[0;1;34;94;44mS[0;1;30;90;47m8[0;1;37;97;47m.::::;;;;;;t;[0;1;30;90;44m888[0;1;34;94;44m@[0;1;30;90;44m8888[0;1;30;90;47m;[0;1;37;97;47m;;;:[0;1;30;90;43m8[0;33;5;40;100m8@ [0;1;37;97;47mt[0;37;5;40;100mX[0;33;5;40;100m [0;1;30;90;40mSS%[0;34;40m;;;[0;1;30;90;40mS[0;1;37;97;47m8[0;37;5;47;107mttt[0;1;30;90;47mt[0;1;30;90;40mS[0;34;40m:......::[0;1;30;90;40m%[0;1;30;90;47m@[0;37;5;40;100m8[0;33;5;40;100m%[0;1;30;90;43mX[0;31;43m8[0;33;5;40;100m8[0;30;5;40;100m8[0;31;40mX[0;1;30;90;41m8[0;30;41m8[0m
[0;36;5;40;100m [0;1;30;90;47m.. ;[0;1;30;90;44m%%[0;1;34;94;44m%[0;1;30;90;44m%[0;1;34;94;44m%[0;1;30;90;44mS[0;1;34;94;44m%[0;1;30;90;44mX[0;36;5;40;100m [0;1;37;97;47m:::;;;;;tttt[0;1;30;90;47m:[0;1;30;90;44m88888888[0;1;30;90;47m@[0;1;37;97;47mt;;;[0;1;30;90;43m8[0;33;5;40;100m8[0;31;5;40;100m8[0;35;5;40;100mt[0;1;30;90;47mS[0;1;30;90;41m8[0;31;5;40;100mX8[0;1;30;90;40mSS%[0;34;40m;;;[0;1;30;90;47mt[0;37;5;47;107m@[0;1;37;97;47mS[0;36;5;40;100mt[0;34;40m:::::[0;36;5;40;100m; [0;30;5;40;100m8[0;34;40m...[0;36;5;40;100mt[0;37;5;47;107m8SS[0;1;37;97;47m8[0;33;5;40;100m [0;1;30;90;40m8[0;31;40m@X[0;1;30;90;41m8[0;30;41m8[0m
[0;36;5;40;100m [0;1;30;90;47m.  [0;37;5;40;100m%[0;1;30;90;44m%[0;1;34;94;44mt[0;1;30;90;44m%[0;1;34;94;44mt[0;1;30;90;44mSXXX[0;34;5;40;100m@[0;1;37;97;47m.:;;;;ttt%%%[0;37;5;40;100mX[0;1;30;90;44m88888888[0;36;5;40;100m.[0;1;37;97;47mttt;[0;1;30;90;43m88[0;33;5;40;100mX[0;31;5;40;100mSS[0;33;5;40;100m8[0;31;5;40;100mX[0;30;5;40;100m88[0;1;30;90;40m8XSSS[0;34;40m;[0;30;5;40;100m8[0;1;30;90;40mX[0;34;40m::::[0;30;5;40;100m@[0;1;30;90;47m.[0;37;5;47;107m%%[0;1;30;90;47m;[0;30;5;40;100m8[0;34;40m...[0;36;5;40;100m [0;1;37;97;47m88[0;36;5;40;100m [0;31;5;40;100m8[0;30;41m8[0;31;40m:[0;1;30;90;41m8[0;33;41m8[0;30;41m8[0m
[0;36;5;40;100m [0;1;30;90;47m. %[0;1;30;90;44mX[0;36;44m;[0;1;30;90;44m%[0;1;34;94;44m%[0;1;30;90;44mS[0;1;34;94;44mX[0;1;30;90;44mXX@@[0;37;5;40;100m%[0;1;37;97;47m;;;ttt%%%%[0;1;30;90;47m:[0;34;5;40;100mS[0;1;30;90;44m8[0;34;5;40;100mX[0;1;30;90;44m8[0;34;5;40;100mX[0;1;30;90;44m8[0;34;5;40;100mX[0;1;30;90;44m888[0;1;30;90;47m8[0;1;37;97;47mttt[0;1;30;90;43m8888888888[0;33;5;40;100m8 [0;1;30;90;47m%8[0;36;5;40;100m.[0;34;40m;;:::[0;36;5;40;100m [0;37;5;47;107m@t%%%[0;36;5;40;100m;[0;34;40m....[0;1;30;90;40m@[0;34;40m;.[0;31;40m@[0;31;43m8[0;31;40mX[0;1;30;90;47m8[0;33;5;40;100m8[0;30;41m8[0m
[0;36;5;40;100m [0;1;30;90;47m S[0;1;30;90;44m8%%%8[0;34;5;40;100mXS@[0;1;30;90;44m@@88[0;37;5;40;100mX[0;1;37;97;47m;ttt%%%%[0;1;30;90;47m;[0;36;5;40;100m%[0;34;5;40;100mSSS[0;36;5;40;100m;  :[0;34;5;40;100mXX[0;1;30;90;44m88[0;1;30;90;47m@[0;1;37;97;47m%t[0;1;30;90;43m888888888888[0;1;30;90;47m;[0;37;5;40;100mS[0;1;30;90;40mS[0;34;40m;;::;[0;1;37;97;47m:[0;37;5;47;107mttt%S[0;30;5;40;100m8[0;34;40m::[0;31;40m:[0;34;40m...:[0;30;5;40;100m@[0;33;41m8[0;32;40m.[0;37;5;40;100mX[0;1;30;90;47mt[0;30;41m8[0m
[0;36;5;40;100m [0;37;5;40;100m@[0;1;30;90;44mSt%%S[0;36;5;40;100mt;;:[0;34;5;40;100m@[0;1;30;90;44m@8[0;1;34;94;44mX[0;1;30;90;44m8[0;36;5;40;100m.[0;1;37;97;47m.t%%%%[0;1;30;90;47m8[0;34;5;40;100mSSS[0;36;5;40;100m%t    ;[0;34;5;40;100mSX[0;1;30;90;44m88[0;37;5;40;100m%[0;1;37;97;47mt[0;1;30;90;43m888888888888[0;33;5;40;100m8[0;1;30;90;40mX8[0;1;30;90;47mS[0;30;5;40;100m8[0;31;40m;%[0;1;30;90;40m8[0;33;5;40;100mX.t[0;1;30;90;47m8[0;33;5;40;100m [0;1;30;90;40m8[0;34;40m:[0;1;30;90;40m8[0;1;37;97;47m.[0;33;5;40;100m8[0;1;30;90;41m8[0;30;41m8[0;30;5;40;100m@[0;1;30;90;47mX[0;1;37;97;47m8[0;33;5;40;100m8[0;31;40m@t[0;31;5;40;100mX[0;30;41m8[0m
[0;36;5;40;100m [0;34;5;40;100mX[0;1;30;90;44mt[0;1;34;94;44m%[0;1;30;90;44m%%S[0;36;5;40;100mt;;:[0;34;5;40;100mX[0;1;30;90;44m888[0;1;34;94;44m@[0;1;30;90;44m8[0;1;30;90;47m%[0;1;37;97;47m%%%%%[0;36;5;40;100mt[0;34;5;40;100mS[0;36;5;40;100m%%t;    :[0;34;5;40;100mSS[0;1;30;90;44m888[0;1;37;97;47m:[0;1;30;90;43m888888888888[0;33;5;40;100m8[0;1;30;90;40m%S[0;1;37;97;47m8[0;37;5;47;107m%[0;1;30;90;47m:[0;33;5;40;100m8[0;1;30;90;43mXX[0;31;43m8888[0;1;30;90;43mX[0;31;5;40;100m8[0;1;30;90;40m@[0;37;5;47;107m@[0;37;5;40;100m8[0;31;43m88[0;33;5;40;100m8[0;36;5;40;100m [0;37;5;40;100m8[0;1;30;90;40mX[0;33;41m8[0;1;30;90;41m8[0;1;30;90;40m8[0;30;41m8[0m
[0;36;5;40;100m [0;34;5;40;100mX[0;1;34;94;44mS[0;1;30;90;44m%[0;1;34;94;44mt[0;1;30;90;44m%S[0;36;5;40;100mt;;:[0;34;5;40;100mX[0;1;30;90;44m88[0;1;34;94;44m@[0;1;30;90;44m8[0;1;34;94;44m8[0;1;30;90;47m%[0;1;37;97;47m%%%%%[0;36;5;40;100m;%%tt:[0;37;5;40;100mSS%[0;36;5;40;100m :[0;34;5;40;100m%S[0;1;30;90;44m888[0;1;37;97;47m:[0;1;30;90;43m888888888888[0;31;5;40;100mX[0;1;30;90;40mS8[0;33;5;40;100m;[0;30;5;40;100mS8[0;1;30;90;43m@XX[0;31;43m8888[0;1;30;90;43mS[0;31;40m8[0;34;40m.[0;1;30;90;40m@[0;31;5;40;100m8[0;31;43m88[0;1;30;90;41m8[0;34;40m.[0;31;40m:[0;31;5;40;100m8[0;31;43m8[0;33;41m88[0;30;41m8[0m
[0;36;5;40;100m [0;34;5;40;100mX[0;1;30;90;44mt[0;1;34;94;44mS[0;1;30;90;44m%%S[0;36;5;40;100mt;;:[0;34;5;40;100mX[0;1;34;94;44mX[0;1;30;90;44m88[0;1;34;94;44m8[0;1;30;90;44m8[0;1;30;90;47m%[0;1;37;97;47m%%%%%[0;36;5;40;100m;%tt;.[0;37;5;40;100mSSS[0;36;5;40;100m :%[0;34;5;40;100mSS[0;1;30;90;44m8[0;34;5;40;100m@[0;1;37;97;47m:[0;1;30;90;43m8888888888[0;33;5;40;100m8[0;31;5;40;100m@[0;1;30;90;40mS@[0;33;5;40;100m8[0;1;30;90;40mXS[0;33;5;40;100m8[0;1;30;90;43mXXX[0;31;43m88[0;33;5;40;100m8[0;31;5;40;100m8[0;31;40mt[0;34;40m;[0;31;5;40;100m8[0;33;5;40;100m8[0;31;43m88[0;31;5;40;100m8[0;31;40m:;[0;31;5;40;100m8[0;31;43m88[0;33;41m88[0;30;41m8[0m
[0;1;30;90;40m8[0;1;30;90;44mtt%%%SSXX@@88888[0;36;5;40;100m;[0;1;30;90;47m8888[0;37;5;40;100mS[0;34;5;40;100mS[0;36;5;40;100m%%tt;;;tt%[0;34;5;40;100mSSXX@[0;36;5;40;100m [0;1;30;90;43m88888888888[0;33;5;40;100m8[0;31;5;40;100mX[0;33;5;40;100m8[0;1;30;90;40m8%[0;31;5;40;100m8[0;1;30;90;43m@XXX[0;31;43m88[0;1;30;90;43mX[0;30;5;40;100m8[0;31;40m8[0;31;5;40;100m@[0;31;43m88[0;33;5;40;100m8[0;1;30;90;40mX[0;34;40m.[0;31;40mt[0;1;30;90;41m8[0;31;43m888[0;33;41m88[0;30;41m8[0m
[0;34;40mX[0;1;30;90;44mtt%%%SSXX@@88888888[0;34;5;40;100m@[0;1;30;90;44m8[0;34;5;40;100mXSS%[0;36;5;40;100m%%ttt%%[0;34;5;40;100mSSSX[0;1;30;90;44m88[0;34;5;40;100m8[0;1;30;90;43m88888888888888[0;33;5;40;100m8[0;1;30;90;43m8@XXXX[0;31;43m888888888[0;1;30;90;41m8@[0;31;43m88888[0;33;41m88[0;30;41m8[0m
[0;34;40mX[0;1;30;90;44mt%%SSSXXXX@888888888[0;34;5;40;100m@XSSS[0;36;5;40;100m%%%[0;34;5;40;100m%%%%SSXX@@8[0;1;30;90;43m88888888888888@@@XXX[0;31;43m8888888888888888[0;33;41m888[0;30;41m8[0m
[0;34;40m8[0;1;30;90;44m%[0;34;5;40;100mX[0;37;5;40;100m8[0;1;30;90;47mXt%8[0;36;5;40;100m [0;1;30;90;44m@X8[0;36;5;40;100m [0;1;30;90;47mX;:;@[0;36;5;40;100m.[0;34;5;40;100m88[0;36;5;40;100mt[0;1;30;90;47m8:[0;1;37;97;47m..[0;1;30;90;47m:@[0;36;5;40;100m:[0;34;5;40;100mSS[0;36;5;40;100m [0;1;30;90;47mS.[0;1;37;97;47m.[0;1;30;90;47m t8[0;34;5;40;100m@8[0;1;30;90;43m88888888888888@@@XXX[0;31;43m8888888888888888[0;33;41m888[0;31;40m8[0m
[0;34;40mS[0;1;30;90;44mt[0;37;5;40;100m8[0;1;30;90;47m  [0;1;37;97;47m   .[0;1;30;90;44m@[0;30;44m8[0;1;30;90;44m8[0;1;37;97;47m:::;;;[0;1;30;90;47mX[0;34;5;40;100m88[0;36;5;40;100m [0;1;37;97;47m%%%%%%[0;37;5;40;100mS[0;34;5;40;100mXS[0;1;30;90;47mS[0;1;37;97;47m%%%%%t[0;34;5;40;100mX8[0;1;30;90;43m88888888888888@@XXXS[0;31;43m8888888888888888[0;33;41m888[0;31;40m@[0m
[0;31;40m:[0;30;5;40;100mX[0;33;5;40;100m [0;1;30;90;47m@@@@XX[0;35;5;40;100m8[0;31;5;40;100m8[0;35;5;40;100mX[0;1;30;90;47mSS%%%%[0;37;5;40;100m8[0;35;5;40;100m%% [0;1;30;90;47m;;;;::[0;37;5;40;100m%[0;35;5;40;100m;;[0;1;30;90;47m8:;;;;;[0;35;5;40;100mtS[0;1;30;90;47m8[0;37;5;40;100m8888[0;33;5;40;100m     ...::::;;;;;tttttttt%%%%%%%%%[0;31;40mS[0m
 [0;1;30;90;43mXXX@@@888888888888888888888888888888888[0;1;37;97;47m;::::....   [0;1;30;90;47m    ........:::::;;;;;;;ttt[0m 
 [0;1;30;90;41m8[0;1;30;90;43mXXX@@@88888888888888888888888888888888[0;1;37;97;47m::::....   [0;1;30;90;47m    .........:::::;;;;;;ttt8[0m 
 [0;31;40m8[0;1;30;90;43mXXXX@@@88888888888888888[0;33;5;40;100mX@@X@@X[0;1;30;90;43m8888888[0;1;37;97;47m:[0;1;30;90;47mt[0;34;5;40;100mS[0;36;5;40;100mt[0;1;30;90;47m;[0;34;5;40;100mXX[0;1;30;90;47m:[0;34;5;40;100m@@[0;1;30;90;47mt[0;36;5;40;100m%[0;34;5;40;100m8[0;1;30;90;47m@[0;36;5;40;100mt[0;34;5;40;100m8[0;37;5;40;100m8[0;1;30;90;47m......X[0;34;5;40;100m88[0;1;30;90;47m%[0;34;5;40;100m8[0;1;30;90;44m8[0;1;30;90;47m%[0;1;30;90;44m88[0;1;30;90;47m8[0;34;5;40;100m@[0;1;30;90;44m8[0;37;5;40;100m@[0;36;5;40;100mt[0;1;30;90;44m8[0;1;30;90;40m@[0m 
  [0;31;43m8[0;1;30;90;43mXXXX@@@88888888888888888[0;33;5;40;100m@@[0;30;5;40;100mX88[0;1;30;90;40m8[0;31;5;40;100mS[0;33;5;40;100m@8[0;1;30;90;43m8888[0;1;37;97;47m.[0;1;30;90;47mX[0;1;34;94;44m88[0;1;30;90;44m8[0;1;34;94;44m88[0;1;30;90;44m8[0;1;34;94;44m88[0;1;30;90;44m8[0;1;34;94;44m@[0;34;5;44;104m8[0;1;30;90;44m@[0;1;34;94;44mX[0;34;5;44;104m8[0;37;5;40;100m%[0;1;30;90;47m.....:8[0;1;34;94;44mXX[0;1;30;90;44m@[0;1;34;94;44mX@[0;1;30;90;44m@[0;1;34;94;44mS8[0;1;30;90;44mS[0;1;34;94;44m%8[0;1;30;90;44mS[0;1;34;94;44mt@[0;34;40m;[0m 
  [0;1;30;90;41m8[0;31;43m8[0;1;30;90;43mXXXX@@@@8888888888888888[0;33;5;40;100m@[0;30;5;40;100m8[0;1;30;90;40m8[0;30;5;40;100m@X[0;33;5;40;100m8888[0;1;30;90;43m888[0;1;37;97;47m.[0;1;30;90;47m%[0;1;30;90;44m@S%%%%ttt;;;;[0;30;44m%[0;37;5;40;100m8[0;1;30;90;47m....::X[0;30;44mS[0;1;30;90;44m::[0;30;44m:;[0;1;30;90;44m..[0;30;44m%..%::[0;34;40m8[0m  
  [0;31;40mt[0;31;43m888[0;1;30;90;43mXXXX@@@@888888888888888[0;33;5;40;100m@[0;30;5;40;100m8[0;1;30;90;40m8[0;30;5;40;100m8[0;33;5;40;100m88[0;1;30;90;43m88888[0;1;37;97;47m. [0;1;30;90;47m@[0;34;5;40;100m@[0;1;30;90;44m%%%tttt;[0;30;44mt%[0;1;30;90;44m8[0;37;5;40;100m@[0;1;30;90;47m....::::[0;37;5;40;100m8[0;34;5;40;100m8[0;30;44m%S%%%S%%SSX[0;34;40m;[0m  
   [0;1;30;90;41m8[0;31;43m888[0;1;30;90;43mXXXXX@@@@888888888888[0;31;5;40;100mX[0;1;30;90;40m8SSSSS@[0;31;5;40;100m8[0;1;30;90;43m888[0;1;37;97;47m  [0;1;30;90;47m :[0;34;5;40;100m8[0;30;44mS[0;1;30;90;44mt[0;30;44m%%SS%S[0;1;30;90;44mS[0;1;30;90;47mt....::::::;[0;34;5;40;100m8[0;30;44m@XXS@@S@8[0;36;5;40;100m [0m   
    [0;33;41m8[0;31;43m8888[0;1;30;90;43mXXXXX@@@@@@8888888[0;33;5;40;100m8[0;1;30;90;40m88SS%X%[0;34;40m;;[0;30;5;40;100m8[0;1;30;90;43m8@[0;1;30;90;47m    [0;36;5;40;100m:[0;30;44m%%[0;1;30;90;44m;[0;30;44m%StS%[0;34;5;40;100mX[0;1;30;90;47m....::::::;;[0;36;5;40;100m [0;30;44mXXSXXSXS[0;34;40m8[0m    
    [0;31;40mS[0;31;43m888888[0;1;30;90;43mXXXXXX@@@@@@@@@@[0;33;5;40;100m8[0;34;40m;[0;1;30;90;40m@@[0;34;40m;;;[0;1;30;90;40mX[0;34;40m;;;[0;31;5;40;100mS[0;1;30;90;43m@[0;1;30;90;47m   .X[0;1;30;90;44m;[0;1;34;94;44mt[0;1;30;90;44m;[0;1;34;94;44m;[0;1;30;90;44m:[0;1;34;94;44m;[0;1;30;90;44m:[0;1;34;94;44m;[0;37;5;40;100m8[0;1;30;90;47m..::::::;;;;%[0;30;44m;[0;1;34;94;44m;[0;30;44m;[0;1;34;94;44m;[0;30;44m;[0;1;34;94;44m:[0;30;44m;[0;1;34;94;44m.[0;34;40m:[0m    
     [0;31;40m8[0;31;43m88888888[0;1;30;90;43mXXXXXXXX@@@@@[0;31;5;40;100mS[0;34;40m;[0;1;30;90;40mXS@[0;34;40m;;[0;1;30;90;40mSX[0;34;40m;;[0;30;5;40;100m8[0;1;30;90;43mX[0;1;30;90;47m....@[0;1;30;90;44m;;[0;1;34;94;44m:[0;1;30;90;44m;::[0;1;34;94;44m:[0;1;30;90;44m:[0;37;5;40;100m@[0;1;30;90;47m:::::::;;;;;X[0;30;44m:t[0;1;34;94;44m.[0;30;44mt[0;1;34;94;44m:[0;30;44mt[0;1;34;94;44m.[0;34;40mS[0m     
      [0;30;41m8[0;31;43m8888888888[0;1;30;90;43mXXXXXXXXXX[0;31;5;40;100m@[0;34;40m::[0;1;30;90;40mX[0;34;40m;[0;1;30;90;40m%%@[0;34;40m;:[0;31;40mt[0;33;5;40;100m8[0;1;30;90;43mX[0;1;30;90;47m....[0;36;5;40;100m [0;1;30;90;44m:[0;1;34;94;44mt[0;1;30;90;44m:[0;1;34;94;44m;[0;1;30;90;44m:[0;1;34;94;44mt[0;1;30;90;44m:[0;1;34;94;44m;[0;36;5;40;100m;[0;1;30;90;47m:::::;;;;;;;[0;36;5;40;100m [0;30;44m;[0;1;34;94;44m;[0;30;44m;[0;1;34;94;44m;[0;30;44m;[0;1;34;94;44m;[0;34;40m8[0m      
       [0;1;30;90;41m8[0;31;43m88888888888888[0;1;30;90;43mSXXXX[0;30;5;40;100m8[0;34;40m;;;[0;1;30;90;40mS[0;34;40m:;[0;1;30;90;40mX[0;34;40m;;[0;31;5;40;100mX[0;31;43m88[0;1;30;90;47m...%[0;1;30;90;44m%[0;1;34;94;44m%[0;1;30;90;44m:[0;1;34;94;44m:[0;1;30;90;44m:[0;1;34;94;44m;[0;1;30;90;44m:[0;1;34;94;44m;[0;1;30;90;44m:;[0;1;30;90;47m@:::;;;;;;;%[0;1;30;90;44mS[0;1;34;94;44mt[0;30;44m;[0;1;34;94;44m.[0;30;44m;[0;1;34;94;44m;[0;30;44m8[0m       
        [0;31;40mX[0;31;5;40;100m8[0;31;43m888888888888888[0;31;5;40;100m@[0;1;30;90;40m@@S@SSS8S@[0;31;5;40;100m8[0;31;43m888[0;1;30;90;47m..t[0;1;30;90;44m8[0;1;34;94;44m;[0;1;30;90;44m::;SS;:[0;1;34;94;44m:.[0;1;30;90;44mX[0;1;30;90;47mX;;;;;;;;S[0;1;30;90;44m8[0;1;34;94;44m;[0;30;44m::[0;1;30;90;44m.[0;30;44mX@[0m        
         [0;34;40m.[0;1;30;90;40m8[0;31;43m8888888888888[0;31;5;40;100mX[0;1;30;90;40m@[0;31;5;40;100m88[0;1;30;90;40m8[0;34;40m;[0;1;30;90;40mS[0;34;40m;:;;[0;1;30;90;40m8[0;31;43m8888[0;1;30;90;47m.@[0;1;30;90;44m@[0;1;34;94;44m;[0;1;30;90;44m:[0;1;34;94;44m:[0;1;30;90;44m;[0;30;5;40;100m8@@8[0;1;30;90;44mt[0;1;34;94;44m:[0;1;30;90;44m:[0;1;34;94;44m.[0;1;30;90;44m%[0;37;5;40;100m@[0;1;30;90;47m;;;;;;8[0;1;30;90;44mX[0;1;34;94;44m:[0;30;44m%[0;1;34;94;44m.[0;30;44m:[0;1;30;90;40m8S[0m         
          [0;34;40m.[0;1;30;90;40m8[0;31;40m8[0;1;30;90;41m8[0;1;30;90;43mS[0;31;43m88888888[0;33;5;40;100m8[0;1;30;90;40m@[0;30;5;40;100m8[0;31;5;40;100m8[0;1;30;90;40m8[0;34;40m;:[0;1;30;90;40m%[0;34;40m...[0;31;40m;[0;33;5;40;100m8[0;31;43m8888[0;1;30;90;47m:[0;1;30;90;44m;[0;1;34;94;44m;[0;1;30;90;44m::[0;30;44m%%[0;30;5;40;100m@@@@[0;30;44m@;:[0;1;34;94;44m::[0;1;30;90;44m.[0;1;30;90;47m8;;;tt[0;1;30;90;44m;[0;1;34;94;44m:[0;30;44m.:XS[0;34;40m:[0m          
            [0;31;40m@[0;1;30;90;40mS[0;31;40m;8[0;31;5;40;100m@[0;1;30;90;41m88888[0;31;40m8S[0;1;30;90;40mS8@S8SS[0;34;40m::;[0;31;5;40;100m8[0;31;43m88888[0;1;30;90;47m:[0;1;30;90;44m:[0;1;34;94;44m.:[0;30;44mt[0;36;44m.[0;30;44mS[0;30;5;40;100m@@@@[0;30;44m8[0;1;34;94;44m.[0;30;44mt[0;1;34;94;44m.:[0;1;30;90;44m.[0;1;30;90;47m8;tttt[0;30;44m:[0;1;30;90;44m [0;1;34;94;44m.[0;30;44mS;[0m            
             [0;31;40m;[0;31;5;40;100m8[0;31;40m@t[0;31;5;40;100m88888@XX[0;1;30;90;40mX[0;31;5;40;100m88[0;31;40m8[0;1;30;90;40mSX[0;34;40m;:[0;1;30;90;40m%[0;1;30;90;43mX[0;31;43m88888[0;1;30;90;47m:[0;1;30;90;44m:[0;1;34;94;44m:.[0;30;44m:t%[0;30;5;40;100m@888[0;30;44m@:;[0;1;34;94;44m..[0;1;30;90;44m.[0;1;30;90;47m8ttttt[0;30;44m;[0;1;34;94;44m.[0;30;44m @[0m             
              [0;31;40mt[0;1;30;90;41m8[0;34;40m;[0;31;5;40;100mX@[0;31;40mS[0;31;5;40;100mX[0;31;43m888[0;1;30;90;40m8@[0;1;30;90;41m88[0;31;5;40;100m8[0;1;30;90;40mXXX[0;34;40m:[0;1;30;90;40mX[0;31;43m888888[0;37;5;40;100m8[0;1;34;94;44m.:t[0;1;30;90;44m:[0;1;34;94;44mt[0;1;30;90;44m:SSSS;[0;1;34;94;44mt[0;1;30;90;44m.[0;1;34;94;44m:;.[0;36;5;40;100m [0;1;30;90;47m%%%%[0;37;5;40;100m@[0;1;30;90;44m.[0;30;44m%[0;34;40mS[0m              
                [0;34;40m.[0;1;30;90;41m8[0;31;5;40;100m8[0;31;40m%[0;31;43m888[0;31;5;40;100m8[0;34;40m;.:[0;1;30;90;40mX[0;1;30;90;41m8[0;1;30;90;40mXSX[0;34;40m;[0;1;30;90;40m8[0;31;43m888888[0;30;44m8t:%:t:%:t:%:t;%tttt%;X[0;34;40m%[0m                
                  [0;31;40m;[0;1;30;90;41m8[0;31;43m8[0;1;30;90;41m8[0;31;40m%[0;1;30;90;40m%[0;31;40mt8[0;31;5;40;100m8[0;1;30;90;41m8[0;30;41m8[0;1;30;90;41m88[0;1;30;90;40m8S[0;30;5;40;100m8[0;31;43m888888[0;30;44m@;[0;1;30;90;44m.[0;30;44mSX8XS[0;1;30;90;44m.[0;30;44m;[0;1;30;90;44m.[0;30;44m;:8@@@S:.;[0;34;40m8[0m                  
                    [0;31;40mX[0;1;30;90;41m888[0;31;43m8888888[0;31;40mS[0;34;40m.[0;31;40m8[0;31;43m88888[0;33;41m8[0;30;44m@S%[0;34;5;40;100m8[0;36;5;40;100m%t[0;34;5;40;100mS[0;1;30;90;44m8[0;30;44m%X%%[0;1;30;90;44mt[0;34;5;40;100m8[0;36;5;40;100m%%[0;34;5;40;100mX[0;1;30;90;44m@[0;30;44mS[0;34;40m8[0m                    
                      [0;31;40m8[0;33;41m888888888[0;1;30;90;41m8[0;33;41m8888888[0;34;40m8[0;30;44m%[0;1;30;90;47m@ttttt[0;37;5;40;100m@[0;30;44m%[0;34;40m8[0;1;30;90;44mS[0;1;30;90;47mS%%%X[0;36;5;40;100m [0m                      
                        [0;31;40m8[0;33;41m888888888888888[0;34;40m8[0;30;44m@[0;1;30;90;47mStttt%[0;37;5;40;100m8[0;30;44m@[0;34;40m@[0;1;30;90;44m@[0;1;30;90;47m%%8[0;36;5;40;100m;[0m                        
                          [0;31;40m%[0;1;30;90;41m8[0;33;41m888888888888[0;37;5;40;100mX8[0;1;30;90;47m%%%%%%S888[0;36;5;40;100m [0;30;5;40;100m8[0m                          
                             [0;31;40m8[0;1;30;90;41m8[0;33;41m888888888[0;1;30;90;47m%%%%%%%%%[0;37;5;40;100m8[0;36;5;40;100mt[0m                             
                                [0;31;40m8[0;1;30;90;41m8[0;33;41m888888[0;1;30;90;47m%%%%%%8[0;36;5;40;100m:[0m                                
                                   [0;31;40m@[0;1;30;90;41m8[0;33;41m888[0;1;30;90;47m%%S[0;37;5;40;100mX[0;36;5;40;100mt[0m                                   
                                      [0;31;40m%8[0;36;5;40;100m.[0;30;5;40;100m8[0m                                      
