[0;36;5;40;100m [0;1;30;90;47m....      [0;1;37;97;47m                                     [0;1;30;90;47m      .........:::::::::;;;;;;;[0;36;5;40;100m [0m
[0;37;5;40;100m@[0;37;5;47;107m%%%%%%ttttttttttttttttttttttttttttttttttttttttttttt%%%%%%%%SSSSSSSXXXX@@@@@@@@[0;37;5;40;100m8[0m
[0;37;5;40;100m@[0;37;5;47;107m%%%%ttttttttttttttttttttttttttttttttttttttttttttttttt%%%%%%%SSSSSSSXXXX@@@@@@@[0;37;5;40;100m8[0m
[0;37;5;40;100m@[0;37;5;47;107m%%ttttttttttttttttttt;;;;;;;;;;;;;;ttttttttttttttttttt%%%%%%%%SSSSSSXXXX@@@@@@[0;37;5;40;100m8[0m
[0;37;5;40;100m@[0;37;5;47;107m%tttttttttttttttt;;;;;;;;;;;;;;;;;;;;;;;tttttttttttttttt%%%%%%%SSSSSSXXXX@@@@@[0;37;5;40;100m8[0m
[0;37;5;40;100m@[0;37;5;47;107mtttttttttttttt;;;;;;;;;;;;;;;;;;;;;;;;;;;;ttttttttttttttt%%%%%%%SSSSSSXXXX@@@@[0;37;5;40;100m8[0m
[0;37;5;40;100m8[0;37;5;47;107mtttttttttttt;;;;;;;;;;;;;:::::::;;;;;;;;;;;;;ttttttttttttt%%%%%%%SSSSSXXXXX@@@[0;37;5;40;100m8[0m
[0;37;5;40;100m8[0;37;5;47;107mtttttttttt;;;;;;;;;;:::::::::::::::::;;;;;;;;;ttttttttttttt%%%%%%%SSSSSXXXX@@@[0;37;5;40;100m8[0m
[0;37;5;40;100m8[0;37;5;47;107mttttttttt;;;;;;;;:::::::::::::::::::8[0;37;5;40;100m%[0;36;5;40;100mt[0;1;30;90;47m8[0;37;5;47;107mS;;;;;;;tttttttttttt%%%%%%SSSSSSXXXX@@[0;37;5;40;100m8[0m
[0;37;5;40;100m8[0;37;5;47;107mtttttttt;;;;;;;:::::::........t[0;1;30;90;47m8[0;32;5;40;100mS[0;36;5;40;100m.[0;37;5;47;107m8;[0;36;5;40;100m%[0;1;30;90;42m888[0;1;30;90;47m8[0;37;5;47;107m;[0;1;37;97;47m [0;1;30;90;47m8;[0;37;5;47;107m%;;;tttttttttttt%%%%%%SSSSSXXXX@@[0;37;5;40;100m8[0m
[0;37;5;40;100m8[0;37;5;47;107mttttttt;;;;;;;:::::...........[0;1;30;90;47m8[0;1;30;90;42m888[0;37;5;40;100mt[0;1;37;97;47m%[0;1;30;90;42m8888[0;36;5;40;100m [0;1;30;90;47mS[0;1;30;90;42m@@X[0;36;5;40;100m [0;37;5;47;107m;;;;ttttttttttt%%%%%%SSSSSSXXXX@[0;37;5;40;100m8[0m
[0;37;5;40;100m8[0;37;5;47;107mtttttt;;;;;;:::::.....       .[0;32;5;40;100mS[0;1;30;90;42m888[0;32;5;40;100m@[0;1;30;90;47m;[0;1;30;90;42m8888[0;37;5;40;100mt[0;32;5;40;100mS[0;1;30;90;42m8@@X[0;37;5;47;107m@;;;;ttttttttttt%%%%%%SSSSSXXXX@[0;37;5;40;100m8[0m
[0;37;5;40;100m8[0;37;5;47;107mttttt;;;;;;;::::....         %[0;32;5;40;100mX[0;1;30;90;42m888[0;32;5;40;100m@[0;1;30;90;47m8[0;1;30;90;42m8888[0;36;5;40;100m [0;1;30;90;42m888@@[0;1;37;97;47mX[0;37;5;47;107m;;;;ttttttttttt%%%%%%SSSSSSXXX@[0;37;5;40;100m8[0m
[0;37;5;40;100m8[0;37;5;47;107mttttt;;;;;;::::....          X[0;32;5;40;100mSXXX@[0;1;30;90;47m8[0;1;30;90;42m8888[0;36;5;40;100m:[0;1;30;90;42m8888@[0;1;37;97;47mS[0;37;5;47;107m;;;;;ttttttttttt%%%%%%SSSSSXXXX[0;37;5;40;100m8[0m
[0;37;5;40;100m8[0;37;5;47;107mtttt;;;;;;::::....        [0;1;37;97;47m%[0;1;30;90;47m@[0;1;37;97;47mX[0;37;5;47;107m@[0;36;5;40;100m%[0;32;5;40;100mSSSX[0;36;5;40;100m [0;1;30;90;42m8888[0;32;5;40;100m@[0;1;30;90;42m8888@[0;1;37;97;47mt[0;37;5;47;107m;;;;;ttttttttttt%%%%%%SSSSSXXXX[0;37;5;40;100m8[0m
[0;37;5;40;100m8[0;37;5;47;107mtttt;;;;;;::::...        [0;1;37;97;47mt[0;36;5;40;100mttt[0;1;37;97;47m [0;36;5;40;100mt%%[0;32;5;40;100mSSX[0;1;30;90;42m8888888888[0;1;37;97;47m.[0;37;5;47;107m;;;;;;tttttttttt%%%%%%SSSSSXXXX[0;37;5;40;100m8[0m
[0;37;5;40;100m8[0;37;5;47;107mtttt;;;;;;::::...        [0;1;30;90;47m8[0;36;5;40;100mt;;[0;1;30;90;47m8[0;36;5;40;100mtt%[0;32;5;40;100m%SXX[0;1;30;90;42m888888888[0;1;37;97;47mt[0;37;5;47;107m;;;;;;tttttttttt%%%%%%SSSSSXXXX[0;37;5;40;100m8[0m
[0;37;5;40;100m8[0;37;5;47;107mtttt;;;;;;::::...        [0;1;30;90;47mX[0;36;5;40;100m;;;[0;37;5;40;100mX[0;36;5;40;100m;t%%[0;32;5;40;100mSSX[0;1;30;90;42m888888888[0;1;37;97;47m%[0;37;5;47;107m;[0;1;37;97;47mX[0;1;30;90;47m8[0;36;5;40;100m:t[0;37;5;47;107m;tttttttttt%%%%%%SSSSSXXXX[0;37;5;40;100m8[0m
[0;37;5;40;100m8[0;37;5;47;107mtttt;;;;;;::::...        [0;1;37;97;47m;[0;36;5;40;100mt;;;tt%[0;32;5;40;100mSSXX[0;1;30;90;42m888888888[0;1;30;90;47mX[0;37;5;40;100mt[0;1;30;90;42mXXS[0;36;5;40;100m;[0;37;5;47;107m;tttttttttt%%%%%%SSSSSXXXX[0;37;5;40;100m8[0m
[0;37;5;40;100m8[0;37;5;47;107mtttt;;;;;;::::...        [0;1;37;97;47m%[0;36;5;40;100m%ttt%%[0;32;5;40;100mSSSX[0;1;30;90;42m888888888@[0;32;5;40;100m8[0;1;30;90;42mXXXS[0;1;30;90;47m@[0;37;5;47;107m;tttttttttt%%%%%%SSSSSXXXX[0;37;5;40;100m8[0m
[0;37;5;40;100m8[0;37;5;47;107mtttt;;;;;;:::::...       [0;1;37;97;47m%[0;32;5;40;100mS%%%SSSXX[0;1;30;90;42m8888888888@@XXSS[0;36;5;40;100mt[0;37;5;47;107mttttttttttt%%%%%%SSSSSXXXX[0;37;5;40;100m8[0m
[0;37;5;40;100mX[0;37;5;47;107mttttt;;;;;;::::....      [0;1;37;97;47m:[0;32;5;40;100mXSSSXXX[0;1;30;90;42m88888888888@@@XXSS%[0;1;37;97;47m.[0;37;5;47;107mtttttttttt%%%%%SSSSSSXXXX[0;37;5;40;100mX[0m
[0;36;5;40;100m [0;37;5;47;107mttttt;;;;;;;::::.....    [0;1;37;97;47m [0;1;30;90;42m8[0;32;5;40;100mXX[0;1;30;90;42m888888888888888@@XXSS%%[0;36;5;40;100m.[0;37;5;47;107mttttttttt%%%%%%SSSSSXXXX@[0;36;5;40;100m [0m
[0;30;5;40;100m@[0;37;5;47;107mtttttt;;;;;;;:::::.....  [0;1;30;90;47mt[0;1;30;90;42m8888888888888888@@@XXSSS%%[0;36;5;40;100m;[0;37;5;47;107mttttttttt%%%%%%SSSSSXXXX@[0;36;5;40;100m%[0m
 [0;37;5;47;107m%tttttt;;;;;;;::::::.....[0;1;30;90;47mS[0;1;30;90;42m888888888888888@@@XXSSS%%%[0;36;5;40;100m.[0;37;5;47;107mtttttttt%%%%%%SSSSSSXXXX@[0m 
 [0;1;37;97;47m;[0;37;5;47;107mttttttt;;;;;;;;:::::::..[0;1;30;90;47m:[0;1;30;90;42m8888888888888@@@XXXSSS%%%t[0;36;5;40;100m [0;37;5;47;107mtttttttt%%%%%%SSSSSXXXX@[0;1;37;97;47mt[0m 
 [0;37;5;40;100mS[0;37;5;47;107mtttttttt;;;;;;;;;:::::::[0;1;37;97;47mX[0;1;30;90;42m88888888888@@@XXXSSS%%%ttt[0;37;5;40;100mS[0;37;5;47;107mttttttt%%%%%%SSSSSSXXXX@[0;37;5;40;100m@[0m 
  [0;37;5;47;107m%ttttttttt;;;;;;;;;;::::t[0;1;30;90;42m888888@@@@@XXXXSSSS%%%tttt[0;1;30;90;47m8[0;37;5;47;107mtttttt%%%%%%SSSSSSXXXX@@[0;1;30;90;40m8[0m 
  [0;1;30;90;47m;[0;37;5;47;107mttttttttttt;;;;;;;;;;;;;[0;37;5;40;100m%[0;1;30;90;42m@@@@@@XXXXXXSSSS%%%%ttt;;[0;1;30;90;47m8[0;37;5;47;107mttttt%%%%%%%SSSSSXXXX@@[0;1;30;90;47m.[0m  
  [0;1;30;90;40m8[0;37;5;47;107m%tttttttttttt;;;;;;;;;;;[0;1;37;97;47mX[0;1;30;90;42mXXXXXXXXSSSSS%%%%%tttt;;t[0;1;37;97;47mt[0;37;5;47;107mtttt%%%%%%%SSSSSXXXXX@@[0;30;5;40;100m@[0m  
   [0;1;30;90;47mX[0;37;5;47;107mttttttttttttttt;;;;;;;;;[0;37;5;40;100mX[0;1;30;90;42mSSSSSSSSS%%%%%ttttt;;;8[0;1;37;97;47mt[0;37;5;47;107mtttt%%%%%%SSSSSSXXXXX@@[0;1;30;90;47m%[0m   
    [0;37;5;47;107m8ttttttttttttttttttt;;;;X[0;1;30;90;42m8%%%%%%%%%%tttttt;;;;[0;36;5;40;100mt[0;37;5;47;107mXttt%%%%%%%SSSSSSSXXXX@@[0;1;37;97;47m8[0m    
    [0;36;5;40;100m%[0;37;5;47;107m%ttttttttttttttttttttttt[0;1;37;97;47m [0;1;30;90;42m%%%%%tttttttt;;;;;;[0;32;5;40;100m@[0;37;5;47;107m8tt%%%%%%%%SSSSSSXXXXX@@@[0;36;5;40;100mt[0m    
     [0;36;5;40;100m [0;37;5;47;107m%ttttttttttttttttttttttt[0;1;30;90;47m8[0;1;30;90;42mtttttttt;;;;;;;::[0;36;5;40;100m%[0;37;5;47;107mXt%%%%%%%%%SSSSSSXXXXX@@@[0;36;5;40;100m [0m     
      [0;1;30;90;47m8[0;37;5;47;107m%%%ttttttttttttttttttttt[0;1;30;90;42mS;;t;;;;;;;;;;;;;[0;37;5;47;107m8%%%%%%%%%SSSSSSSXXXXX@@@[0;1;30;90;47m@[0m      
       [0;1;30;90;47mX[0;37;5;47;107m%%%%ttttttttttttttttttt[0;32;5;40;100mX[0;1;30;90;42m;;;;;;:::::::::[0;32;5;40;100mX[0;37;5;47;107m%%%%%%%%SSSSSSSXXXXXX@@@[0;1;30;90;47m%[0m       
        [0;1;30;90;47m8[0;37;5;47;107m%%%%%%%ttttttttttttttt[0;32;5;40;100mX[0;1;30;90;42m:::::::::::::::[0;36;5;40;100m;[0;37;5;47;107m%%%%%%SSSSSSSSXXXXX@@@@[0;1;30;90;47mX[0m        
         [0;37;5;40;100mX[0;37;5;47;107m%%%%%%%%%%%tttttttttS[0;1;30;90;42m%:::::::::::::::%[0;37;5;47;107mS%%%SSSSSSSSXXXXXX@@@@[0;37;5;40;100mX[0m         
          [0;36;5;40;100m;[0;37;5;47;107m8%%%%%%%%%%%%%%%%%%X[0;1;30;90;47mX[0;36;5;40;100m [0;1;30;90;42m8%:::::::::%8[0;36;5;40;100mt[0;37;5;40;100mt[0;37;5;47;107m8SSSSSSSSSXXXXXX@@@@[0;1;37;97;47m8[0;36;5;40;100m:[0m          
            [0;1;37;97;47m:[0;37;5;47;107mS%%%%%%%%%%%%%%%%%%%%%X8[0;1;37;97;47m@XX@8[0;37;5;47;107m8S%SSSSSSSSSSSXXXXXX@@@@@[0;1;37;97;47m;[0m            
             [0;37;5;40;100m@[0;37;5;47;107mXSSS%%%%%%%%%%%%%%%%%%%%%%SSSSSSSSSSSSSXXXXXXX@@@@@8[0;37;5;40;100m8[0m             
              [0;30;5;40;100m8[0;1;37;97;47m;[0;37;5;47;107mSSSSSSSSSSSSSSSSSSSSSSSSSSSSSSSSSSXXXXXXXX@@@@@@[0;1;37;97;47m:[0;30;5;40;100m8[0m              
                [0;36;5;40;100m [0;1;37;97;47m8[0;37;5;47;107mSSSSSSSSSSSSSSSSSSSSSSSSSSSSXXXXXXXXX@@@@@@@[0;1;37;97;47m8[0;36;5;40;100m [0m                
                  [0;37;5;40;100m8[0;37;5;47;107m@SSSSSSSSSSSSSSSSSSSSSXXXXXXXXXXX@@@@@@@@8[0;37;5;40;100m8[0m                  
                    [0;1;30;90;47m8[0;37;5;47;107m8XXXXXXXXXXXXXXXXXXXXXXXXXXX@@@@@@@@@8[0;1;30;90;47m8[0m                    
                      [0;37;5;40;100m@[0;1;37;97;47m8[0;37;5;47;107mXXXXXXXXXXXXXXXXXXXX@@@@@@@@@@@@[0;1;37;97;47m8[0;37;5;40;100m8[0m                      
                        [0;36;5;40;100m [0;1;37;97;47mS[0;37;5;47;107mXXXXXXXXXXX@@@@@@@@@@@@@@@@@[0;1;37;97;47mS[0;36;5;40;100m [0m                        
                          [0;30;5;40;100mS[0;1;30;90;47m%[0;37;5;47;107m8@@@@@@@@@@@@@@@@@@@@@@8[0;1;30;90;47m;[0;36;5;40;100mt[0m                          
                             [0;36;5;40;100m [0;1;37;97;47m.[0;37;5;47;107m@@@@@@@@@@@@@@@@@@[0;1;37;97;47m:[0;36;5;40;100m [0m                             
                                [0;36;5;40;100m [0;1;37;97;47m;[0;37;5;47;107m@@@@@@@@@@@@[0;1;37;97;47mt[0;37;5;40;100mX[0m                                
                                   [0;36;5;40;100m [0;1;30;90;47m;[0;37;5;47;107m8@@@@8[0;1;30;90;47m.[0;36;5;40;100m [0m                                   
                                      [0;30;5;40;100mS[0;37;5;40;100m@@[0;36;5;40;100m%[0m                                      
