[0;36;5;40;100m [0;1;30;90;47m....  tt  [0;1;37;97;47m    [0;1;30;90;47m;t[0;1;37;97;47m      [0;1;30;90;47m;;[0;1;37;97;47m     [0;34;40m::::::::::..........[0;1;30;90;47m    .t%......%%::::::%X;;;;;;[0;36;5;40;100m [0m
[0;30;5;40;100m8[0;1;37;97;47mS[0;37;5;47;107m%%%%[0;1;37;97;47m8[0;36;5;40;100m  [0;1;37;97;47m8[0;37;5;47;107mtttt[0;1;37;97;47m8[0;36;5;40;100m  [0;1;37;97;47m@[0;37;5;47;107mtttt8[0;36;5;40;100m  [0;1;37;97;47m8[0;37;5;47;107mtttt[0;34;40m;;;;;;;;;:::::::::::[0;37;5;47;107mtt%%[0;1;37;97;47m8[0;36;5;40;100m  [0;1;37;97;47mX[0;37;5;47;107m%%SS[0;1;37;97;47m8[0;36;5;40;100m  [0;1;37;97;47mS[0;37;5;47;107mSXXX[0;1;37;97;47m@[0;36;5;40;100m  [0;1;37;97;47m%[0;37;5;47;107m@@@@[0;1;37;97;47mS[0;30;5;40;100m8[0m
[0;37;5;40;100mX[0;37;5;47;107m%%%%tt[0;1;30;90;47m ;[0;37;5;47;107mtttttt[0;1;37;97;47m.[0;1;30;90;47mt[0;37;5;47;107mtttttt[0;1;37;97;47m [0;1;30;90;47m.[0;37;5;47;107mttttt[0;34;40m;;;;;;[0;1;30;90;40mX[0;1;30;90;43mtt[0;1;33;93;43m@8[0;31;5;40;100mX[0;34;40m;:::::::[0;37;5;47;107mtttt%[0;1;37;97;47m [0;1;30;90;47mS[0;37;5;47;107m%%%%SS[0;1;30;90;47m:t[0;37;5;47;107mSSSXXX[0;1;30;90;47m:X[0;37;5;47;107m@@@@@@[0;37;5;40;100m@[0m
[0;30;5;40;100mS[0;37;5;47;107m@%tttS[0;36;5;40;100m  [0;37;5;47;107mSttttS[0;36;5;40;100m  [0;37;5;47;107mStttt%[0;37;5;40;100mS[0;36;5;40;100m [0;37;5;47;107mS;;;;[0;1;30;90;40mSSSSS%8[0;33;5;43;103m%;t;[0;1;30;90;43mt[0;30;5;40;100mX[0;1;30;90;43mtt[0;32;40m;[0;34;40m::::[0;37;5;47;107mttttS[0;36;5;40;100m  [0;37;5;47;107mX%%%%X[0;36;5;40;100m  [0;37;5;47;107m@SSSX@[0;36;5;40;100m .[0;37;5;47;107m8@@@@8[0;36;5;40;100m%[0m
[0;37;5;40;100m@[0;37;5;47;107m%tttttttttttttttt;;;;;;;;;;;;[0;1;30;90;40mXSSS@[0;33;5;40;100m8[0;1;30;90;43mSS[0;33;5;43;103m@t;[0;1;33;93;43mS[0;33;5;43;103m;;;[0;31;5;40;100mS[0;34;40m;;::[0;37;5;47;107mttttttt%%%%%%%SSSSSSXXXX@@@@@[0;37;5;40;100m8[0m
[0;37;5;40;100m@[0;37;5;47;107mtt[0;1;37;97;47mS%[0;37;5;47;107mtttttt[0;1;37;97;47mX%[0;37;5;47;107mtt;;;;[0;1;37;97;47mXS[0;37;5;47;107m;;;;;;[0;1;37;97;47m@X[0;37;5;47;107m;[0;1;30;90;40mXXXX[0;1;33;93;43mS[0;33;5;43;103m::;;t;ttt;[0;1;33;93;43mX[0;34;40m;;;;[0;37;5;47;107mt[0;1;37;97;47mX%[0;37;5;47;107mttttt%[0;1;37;97;47m%t[0;37;5;47;107m%%%%SS[0;1;37;97;47m%;[0;37;5;47;107mSSXXXX[0;1;37;97;47m;.[0;37;5;47;107m@@[0;37;5;40;100m8[0m
[0;37;5;40;100m8[0;37;5;47;107mt[0;1;37;97;47m8[0;37;5;40;100m@@[0;1;37;97;47m8[0;37;5;47;107mtttt8[0;37;5;40;100m88[0;1;37;97;47m8[0;37;5;47;107m;;;;8[0;1;30;90;47m88[0;1;37;97;47m8[0;37;5;47;107m;;;;@[0;1;30;90;47m88[0;37;5;47;107m8[0;1;30;90;40m@@@@[0;33;5;40;100m8[0;33;5;43;103m:;;;[0;1;30;90;43mXSXS%S[0;1;30;90;40m8[0;34;40m;;;;[0;37;5;47;107m8[0;37;5;40;100m8@[0;1;37;97;47m@[0;37;5;47;107mtttt[0;1;37;97;47m8[0;37;5;40;100m@@[0;1;37;97;47mX[0;37;5;47;107m%%%%[0;1;37;97;47m8[0;37;5;40;100mXS[0;1;37;97;47mX[0;37;5;47;107mSXXX[0;1;37;97;47mS[0;37;5;40;100mS[0;36;5;40;100m [0;1;37;97;47mt[0;37;5;47;107m@[0;37;5;40;100m8[0m
[0;37;5;40;100m8[0;37;5;47;107mtt[0;1;30;90;47m8[0;37;5;40;100m8[0;37;5;47;107mtttttt[0;1;30;90;47mS[0;37;5;40;100m8[0;37;5;47;107m;;;;;;[0;1;30;90;47mX8[0;37;5;47;107m::::::[0;1;30;90;47m%@[0;37;5;47;107m:[0;1;30;90;40m8888[0;30;5;40;100m8[0;1;33;93;43m8[0;33;5;43;103mS[0;1;33;93;43mS[0;33;5;40;100m8[0;1;30;90;40m@8[0;1;30;90;43mX[0;33;5;40;100m8[0;1;30;90;40m@SSS[0;34;40m;;;[0;37;5;47;107mt[0;1;30;90;47mX[0;37;5;40;100m8[0;37;5;47;107mtttttt[0;37;5;40;100m8@[0;37;5;47;107m%%%%%%[0;1;30;90;47m8[0;37;5;40;100mX[0;37;5;47;107mSSSXXX[0;37;5;40;100m8[0;36;5;40;100m [0;37;5;47;107m@@[0;37;5;40;100m8[0m
[0;37;5;40;100m8[0;37;5;47;107mtS[0;1;30;90;47mSX[0;37;5;47;107mStttt%[0;1;30;90;47mtS[0;37;5;47;107mS;;;;t[0;1;30;90;47m;t[0;37;5;47;107m%::::;[0;1;30;90;47m.;[0;37;5;47;107mt[0;1;30;90;40m888888888@@8[0;1;30;90;43mX[0;33;5;43;103m8[0;1;30;90;43mS[0;1;30;90;40mSSS%[0;34;40m;[0;37;5;47;107m%[0;1;30;90;47m%X[0;37;5;47;107mSttttS[0;1;30;90;47mX@[0;37;5;47;107m@%%%%X[0;1;30;90;47mX8[0;37;5;47;107m@SSSX8[0;1;30;90;47m@[0;37;5;40;100m8[0;37;5;47;107m8@[0;37;5;40;100m8[0m
[0;37;5;40;100m8[0;37;5;47;107mtttttttt;;;;;;;:::::::.......[0;30;5;40;100m8888[0;1;30;90;40m8888888@@@XXXSS%[0;37;5;47;107mtttttttttttt%%%%%%SSSSSXXXX@@[0;37;5;40;100m8[0m
[0;36;5;40;100m [0;37;5;47;107mStttt%[0;1;30;90;47m.;[0;37;5;47;107m%;;;;t[0;1;37;97;47m.[0;1;30;90;47m.[0;37;5;47;107mt::..:[0;1;37;97;47m::[0;37;5;47;107m:....[0;30;5;40;100m8888888[0;1;30;90;40m888888@@XXXSS[0;37;5;47;107m;tttS[0;1;30;90;47m:%[0;37;5;47;107mSttttS[0;1;30;90;47mtt[0;37;5;47;107mX%%SSX[0;1;30;90;47mtX[0;37;5;47;107m@XXXX8[0;36;5;40;100m [0m
[0;36;5;40;100m;[0;1;37;97;47m8[0;37;5;47;107mtttt@[0;1;30;90;47mSX[0;37;5;47;107m8;;;:@[0;1;30;90;47m;S[0;37;5;47;107m@....S[0;1;30;90;47m::[0;37;5;47;107mS    [0;30;5;40;100m@@@@88@[0;1;30;90;43m88[0;1;33;93;43m@8[0;33;5;40;100m8[0;1;30;90;40m88@@XXXS[0;37;5;47;107m;;tt8[0;1;30;90;47mS8[0;1;37;97;47m8[0;37;5;47;107mtttt8[0;1;30;90;47m@8[0;1;37;97;47m8[0;37;5;47;107m%%%S[0;1;37;97;47m8[0;1;30;90;47m8[0;37;5;40;100m8[0;1;37;97;47m@[0;37;5;47;107mXXXX[0;1;37;97;47m@[0;36;5;40;100m;[0m
[0;36;5;40;100mt[0;37;5;47;107m%ttttt[0;36;5;40;100m  [0;37;5;47;107mt;;;:;[0;37;5;40;100mS[0;36;5;40;100m [0;37;5;47;107m:... .[0;37;5;40;100m8@[0;37;5;47;107m.    [0;30;5;40;100mXXX@@@[0;33;5;40;100m@[0;37;5;43;103mSSS%[0;1;30;90;43m8[0;33;5;40;100m8[0;1;30;90;43m88[0;1;30;90;40m@@XXX[0;37;5;47;107m;;ttt[0;36;5;40;100m .[0;37;5;47;107m%tttt%[0;36;5;40;100m  [0;37;5;47;107m%%%%SS[0;36;5;40;100m ;[0;37;5;47;107mXSXXX@[0;36;5;40;100m;[0m
[0;37;5;40;100mX[0;37;5;47;107mSttttt[0;1;37;97;47m88[0;37;5;47;107mt;;::;88;..  .@@:    [0;30;5;40;100mSSSXS[0;33;5;40;100mX@[0;1;30;90;43m8[0;33;5;43;103m%[0;37;5;43;103mSS[0;1;33;93;43m@[0;33;5;43;103m:::[0;33;5;40;100m8[0;1;30;90;40m@@XX[0;37;5;47;107m;;;t%[0;1;37;97;47m8@[0;37;5;47;107mStttt%[0;1;37;97;47m@@[0;37;5;47;107mS%%%%X[0;1;37;97;47mXS[0;37;5;47;107m@SXXX8[0;37;5;40;100mX[0m
[0;37;5;40;100m8[0;37;5;47;107mtttt;;;;;;::::....           [0;36;5;40;100m%%[0;30;5;40;100mSS[0;37;43m@[0;37;5;43;103mXXXSSSS[0;33;5;43;103m:;:[0;1;33;93;43m8[0;1;30;90;40m@@XX[0;37;5;47;107m;;;ttttttttttt%%%%%%SSSSSXXXX[0;37;5;40;100m8[0m
[0;37;5;40;100m8[0;37;5;47;107mt8[0;37;5;40;100m@@[0;37;5;47;107m8;;;;X[0;1;30;90;47m8[0;37;5;40;100m8[0;37;5;47;107m@:...S[0;1;30;90;47mXX[0;37;5;47;107mX    t[0;1;30;90;47m%%[0;37;5;47;107mS[0;36;5;40;100mttt%[0;33;5;40;100mS[0;37;5;43;103mXXXX[0;1;30;90;43m8[0;37;43mS[0;1;30;90;43m8888[0;31;5;40;100mS[0;1;30;90;40m8@@X[0;37;5;47;107m@[0;37;5;40;100m8@[0;37;5;47;107m8tttt8[0;37;5;40;100mXS[0;1;37;97;47m8[0;37;5;47;107mtt%%8[0;37;5;40;100mS[0;36;5;40;100m [0;1;37;97;47m8[0;37;5;47;107mSSSS[0;1;37;97;47m@[0;36;5;40;100m  [0;1;37;97;47mX[0;37;5;47;107mX[0;37;5;40;100m8[0m
[0;37;5;40;100m8[0;37;5;47;107mt%[0;1;30;90;47m.:[0;37;5;47;107m%;;;;;[0;1;37;97;47m:[0;1;30;90;47m.[0;37;5;47;107m;:....[0;1;37;97;47m;;[0;37;5;47;107m:    .[0;1;37;97;47mSt[0;37;5;47;107m.[0;36;5;40;100m;;tt[0;33;5;40;100m%[0;37;5;43;103m@X[0;33;5;43;103m8[0;33;5;40;100m@[0;30;5;40;100m@[0;31;5;40;100mS[0;1;33;93;43mX[0;33;5;40;100m8[0;30;5;40;100m8[0;1;30;90;40m888@@X[0;37;5;47;107mt[0;1;37;97;47m.[0;1;30;90;47m;[0;37;5;47;107m%tttt%[0;1;30;90;47m;t[0;37;5;47;107mStt%%S[0;1;30;90;47m:%[0;37;5;47;107mXSSSS@[0;1;30;90;47m;@[0;37;5;47;107m8X[0;37;5;40;100m8[0m
[0;36;5;40;100m [0;1;37;97;47mt;[0;30;5;40;100mXX[0;1;37;97;47m;%%%%%[0;36;5;40;100m:t[0;1;37;97;47m%XX@@@[0;36;5;40;100m  [0;1;37;97;47mX88888[0;36;5;40;100m  [0;1;37;97;47m8[0;36;5;40;100m:;tt%[0;30;5;40;100mSSXX@8[0;31;5;40;100mS[0;1;30;90;43m8[0;33;5;43;103mX[0;1;30;90;43m8[0;1;30;90;40m88@@X[0;1;37;97;47m%[0;36;5;40;100mt[0;30;5;40;100m@[0;1;37;97;47m;tttt;[0;30;5;40;100m8[0;1;30;90;40m8[0;1;37;97;47m:;;;;:[0;30;5;40;100m8[0;1;30;90;40m8[0;1;37;97;47m.:::. [0;1;30;90;40m8@[0;1;30;90;47m.[0;1;37;97;47m [0;36;5;40;100m [0m
[0;34;40m.;;;;[0;1;30;90;40mSSSXX@@888[0;30;5;40;100m8888@XXSS[0;36;5;40;100m%tt;;;;;tt[0;30;5;40;100m%SSX@@888[0;1;30;90;40m8888@@XXSS%[0;34;40m;;;;::::::..............  [0m
[0;34;40m.;;;;[0;1;30;90;40m%SSXX@@8888[0;30;5;40;100m888@@XXSS%[0;36;5;40;100mttttttt[0;30;5;40;100m%SSXX@@888[0;1;30;90;40m8888@@XXSS%[0;34;40m;;;;::::::..............  [0m
[0;34;40m.;;;;[0;1;30;90;40m%[0;33;5;40;100m8[0;1;30;90;43mSS[0;1;33;93;43mX[0;1;30;90;43m@[0;1;30;90;40m@8888[0;30;5;40;100m8888@[0;33;5;40;100mX[0;1;30;90;43m88[0;33;5;43;103m8[0;37;43m@[0;33;5;40;100m%[0;30;5;40;100m%%%%SSSSXS[0;1;30;90;43m88[0;1;33;93;43m@@[0;33;5;40;100m8[0;1;30;90;40m8888@@XXSS[0;33;5;40;100m8[0;1;30;90;43m%t[0;1;33;93;43mS[0;1;30;90;43m%[0;34;40m:::::::...[0;31;40mX[0;1;30;90;43m::[0;1;33;93;43mt[0;1;30;90;43m.[0;31;40m:[0;34;40m....   [0m
[0;34;40m.:;;;;[0;1;33;93;43mX[0;33;5;43;103m;;;S[0;1;30;90;40m8[0;1;30;90;43m88[0;1;30;90;40m888[0;30;5;40;100m8888[0;1;30;90;43m8[0;37;5;43;103mSXXX[0;33;5;40;100mXX[0;1;30;90;43m8[0;33;5;40;100mS[0;30;5;40;100mSSXXX@[0;33;5;40;100mX[0;37;5;43;103mSSSS[0;1;30;90;43m8[0;31;5;40;100mS[0;1;30;90;43m8[0;33;5;40;100m8[0;1;30;90;40m8@@XXSS[0;1;33;93;43m@[0;33;5;43;103m;t;X[0;31;40mt[0;1;30;90;43mt;[0;31;40m;[0;34;40m::....[0;1;30;90;43m:[0;33;5;43;103mtt%t[0;31;40m88[0;1;30;90;43m:[0;31;40mS[0;34;40m.   [0m
[0;34;40m.:;;[0;1;30;90;40m8[0;33;5;40;100m88[0;1;33;93;43mX[0;33;5;43;103m;t88::[0;1;30;90;43m@[0;1;30;90;40m888[0;30;5;40;100m8@[0;33;5;40;100m88[0;1;30;90;43m8[0;37;5;43;103mSXX[0;37;43mX[0;37;5;43;103mXX[0;33;5;43;103mX[0;30;5;40;100mXX@@@[0;33;5;40;100m@@[0;1;30;90;43m8[0;33;5;43;103m%;[0;37;5;43;103m%[0;1;33;93;43mX[0;33;5;43;103m;::[0;31;5;40;100mS[0;1;30;90;40m@XXS8[0;33;5;40;100m88[0;1;33;93;43mS[0;33;5;43;103m;%[0;1;33;93;43m8@[0;33;5;43;103m;;[0;1;30;90;43m;[0;34;40m::..[0;31;40m;88[0;1;30;90;43m:[0;33;5;43;103m%S%[0;1;30;90;43m.[0;33;5;43;103m%%[0;1;33;93;43mX[0;31;40m:[0;34;40m   [0m
[0;34;40m ::[0;1;30;90;43mt[0;33;5;43;103m;;;;t;;;;;:[0;30;5;40;100m8[0;1;30;90;40m88[0;30;5;40;100m8[0;33;5;43;103mt[0;37;5;43;103m%SSSSSSSSS[0;1;30;90;43m8[0;30;5;40;100m@88[0;37;43mS[0;37;5;43;103mSSS[0;33;5;43;103m;;:;;;:[0;1;33;93;43m@[0;1;30;90;40mXXS[0;1;30;90;43mX[0;33;5;43;103m;;;;tttttt;[0;31;40mS[0;34;40m:.[0;31;40mt[0;33;5;43;103mStttSS%SSS%[0;1;30;90;43m.[0;34;40m   [0m
 [0;34;40m::[0;31;40mS[0;33;5;43;103m@;tt[0;1;33;93;43m@[0;1;30;90;43mSSSSX@[0;1;30;90;40m@888[0;1;30;90;43m8[0;33;5;43;103m:::t[0;1;30;90;43m8[0;1;33;93;43mX[0;1;30;90;43m88[0;1;33;93;43mX[0;1;30;90;43m8[0;30;5;40;100mX888[0;33;5;40;100m8[0;37;5;43;103m%%[0;33;5;43;103m::[0;1;30;90;43m888@@X[0;31;5;40;100mS[0;1;30;90;40mXSS8[0;33;5;43;103m@;tt[0;1;33;93;43mX[0;1;30;90;43mt;;::;[0;34;40m:..[0;31;40m.[0;1;30;90;43m:[0;33;5;43;103mt%%X[0;1;30;90;43m:.:. .[0;31;40m;[0;34;40m  [0m 
 [0;34;40m.::[0;1;30;90;43m;[0;33;5;43;103m;X[0;1;30;90;43m%[0;1;30;90;40mXS[0;1;30;90;43m%X[0;1;30;90;40mXXX@@@8[0;33;5;40;100m8[0;33;5;43;103m;;[0;1;30;90;43m8[0;33;5;40;100m8[0;1;30;90;40m8[0;1;30;90;43m88[0;30;5;40;100mX8888[0;1;30;90;40m88[0;30;5;40;100m@[0;33;5;43;103mS:8[0;33;5;40;100m8[0;1;30;90;40m8[0;30;5;40;100m8[0;1;30;90;43m@[0;33;5;40;100m8[0;1;30;90;40mXXXSSS%[0;1;30;90;43mt[0;33;5;43;103m;X[0;1;30;90;43mt[0;31;40mt[0;34;40m:[0;1;30;90;43m;;[0;31;40m;[0;34;40m::....[0;33;5;40;100m8[0;33;5;43;103m%S[0;1;30;90;43m.[0;31;40mS[0;34;40m.[0;1;30;90;43m::[0;31;40mt[0;34;40m..   [0m 
 [0;34;40m.:::[0;31;40m;[0;34;40m;;;;[0;1;30;90;40mS[0;1;30;90;43mS[0;1;33;93;43m8%[0;1;30;90;40m8XX@@@888888[0;33;5;40;100m8[0;1;33;93;43m@[0;33;5;43;103m@[0;33;5;40;100m8[0;1;30;90;40m88888888@@@[0;30;5;40;100m@[0;1;30;90;43mX[0;33;5;43;103m@[0;1;30;90;43mX[0;1;30;90;40mSSS[0;34;40m;;;[0;31;40m;[0;34;40m;:::[0;31;40m;[0;1;30;90;43m;[0;1;33;93;43m@[0;1;30;90;43m:[0;31;40m;[0;34;40m.....[0;31;40m..[0;34;40m....[0;1;30;90;41m8[0;1;30;90;43m [0;1;33;93;43mS[0;31;40m8[0;34;40m   [0m 
  [0;34;40m:::::;;;;;[0;1;30;90;40m%XSSXXXX@@@@@888888888@@@@@XXXXSXS%[0;34;40m;;;;;:::::::[0;31;40m;[0;34;40m..............[0;31;40m:.[0;34;40m   [0m 
  [0;34;40m.:::::;;;;;;[0;1;30;90;40mSSSSXXXXXX@@@@@@@@@@@XXXXXSSSS%[0;34;40m;;;;;;::::::::...............    [0m  
  [0;34;40m.[0;36;5;40;100m  [0;37;5;40;100m%[0;36;5;40;100m [0;30;5;40;100m@@[0;36;5;40;100m [0;37;5;40;100mSSSX[0;36;5;40;100m [0;30;5;40;100mSS[0;36;5;40;100m [0;37;5;40;100mX@@@%[0;36;5;40;100mtt [0;37;5;40;100m@@@@[0;1;30;90;40mXXXXXXX[0;1;30;90;43mXS%%[0;1;30;90;40m8%[0;34;40m;;;;;;:[0;37;5;40;100mSS%%[0;36;5;40;100m [0;30;5;40;100m88[0;36;5;40;100m      [0;30;5;40;100m88[0;36;5;40;100m      [0;30;5;40;100m88[0;36;5;40;100m    [0;34;40m.[0m  
   [0;1;30;90;47mX[0;37;5;47;107mtt@[0;1;30;90;47m%X[0;37;5;47;107m8tttt@[0;1;30;90;47mtX[0;37;5;47;107m8t;;;X[0;1;30;90;47mt%[0;37;5;47;107m@;;;;[0;1;30;90;40mSSSSSS[0;30;5;40;100m8[0;33;5;43;103m;;t;[0;1;30;90;43mt[0;1;30;90;40m8[0;1;30;90;43m%[0;31;5;40;100mS[0;34;40m;;:::[0;37;5;47;107mtttt8[0;1;30;90;47m%8[0;37;5;47;107m8%%%%8[0;1;30;90;47mX@[0;1;37;97;47m8[0;37;5;47;107mSSSX[0;1;37;97;47m8[0;1;30;90;47mX[0;37;5;40;100m8[0;1;37;97;47m8[0;37;5;47;107m@@[0;1;30;90;47m%[0m   
    [0;37;5;47;107m8t%[0;36;5;40;100m.t[0;37;5;47;107mStttt%[0;36;5;40;100m.t[0;37;5;47;107mStttt%[0;36;5;40;100m .[0;37;5;47;107m%;;;;[0;1;30;90;40mSS%%%88[0;1;30;90;43m%[0;33;5;43;103mS%;[0;1;30;90;43mt[0;33;5;43;103m%;;[0;31;40mS[0;34;40m::::[0;37;5;47;107mttttS[0;36;5;40;100m:[0;30;5;40;100mS[0;37;5;47;107mX%%%%X[0;36;5;40;100m;t[0;37;5;47;107m@SSSX@[0;36;5;40;100m:[0;30;5;40;100mX[0;37;5;47;107m8@[0;1;37;97;47m8[0m    
    [0;36;5;40;100m%[0;37;5;47;107m%%88%ttttt@8tttttt@8ttttt[0;34;40m;;;;[0;1;30;90;43mt[0;33;5;43;103m;;;St;ttt;[0;1;33;93;43mS[0;34;40m::::[0;37;5;47;107mttt%%8[0;1;37;97;47m8[0;37;5;47;107mS%%%SS[0;1;37;97;47m88[0;37;5;47;107mXSXXX@[0;1;37;97;47m8@[0;37;5;47;107m@@[0;36;5;40;100mt[0m    
     [0;36;5;40;100m [0;37;5;47;107m%ttttSSttttttSStttttt%St[0;34;40m;;;;[0;1;30;90;43mt[0;33;5;43;103m;ttt[0;1;30;90;43m;;t;[0;1;33;93;43m%[0;1;30;90;43m:[0;1;30;90;40m8[0;34;40m::::[0;37;5;47;107mtSX%%%%%%XXSSSSSX@8XX@@@[0;36;5;40;100m [0m     
      [0;1;30;90;47m8[0;37;5;47;107m%%%[0;1;37;97;47m8[0;36;5;40;100m  [0;1;37;97;47m@[0;37;5;47;107mtttt[0;1;37;97;47m8[0;36;5;40;100m  [0;1;37;97;47m@[0;37;5;47;107mtttt8[0;36;5;40;100m  [0;1;37;97;47m8[0;34;40m::::[0;31;40m%[0;33;5;43;103m%;X[0;1;30;90;43mt[0;31;40m:S[0;1;30;90;43m:[0;31;40mS[0;34;40m::::::.[0;1;37;97;47m8[0;36;5;40;100m  [0;1;37;97;47m@[0;37;5;47;107m%%%%[0;1;37;97;47m@[0;36;5;40;100m  [0;1;37;97;47mS[0;37;5;47;107mSSSX[0;1;37;97;47m@[0;36;5;40;100m  [0;1;37;97;47mS[0;37;5;47;107m@@@[0;1;30;90;47m@[0m      
       [0;1;30;90;47mX[0;37;5;47;107m%%%[0;1;37;97;47m [0;1;30;90;47m%[0;37;5;47;107m%tttt%[0;1;30;90;47m:;[0;37;5;47;107m%ttttt[0;1;30;90;47m ;[0;37;5;47;107m%[0;34;40m:::::[0;31;40m;S:[0;34;40m:::[0;31;40m@[0;1;30;90;43m:[0;1;33;93;43mX[0;1;30;90;43m;[0;34;40m:....[0;37;5;47;107m%[0;1;30;90;47m %[0;37;5;47;107mS%%SSS[0;1;30;90;47mt%[0;37;5;47;107mXSXXXX[0;1;30;90;47m;S[0;37;5;47;107m@@@[0;1;30;90;47m%[0m       
        [0;1;30;90;47m8[0;37;5;47;107m%S[0;36;5;40;100m .[0;37;5;47;107mX%%ttS[0;36;5;40;100m .[0;37;5;47;107mXttttS[0;36;5;40;100m  [0;37;5;47;107mS[0;34;40m::::::::::::.[0;31;40m:t[0;34;40m.....[0;37;5;47;107mX[0;36;5;40;100m .[0;37;5;47;107m@SSSS@[0;36;5;40;100m :[0;37;5;47;107m8XXXX8[0;36;5;40;100m :[0;37;5;47;107m8@[0;1;30;90;47mX[0m        
         [0;37;5;40;100mX[0;37;5;47;107m%%%%%%%%%%%ttttttttt[0;34;40m:::::::.............[0;37;5;47;107m%SSSSSSSSXXXXXXX@@@@[0;37;5;40;100mX[0m         
          [0;36;5;40;100m;[0;37;5;47;107m8%%%[0;1;37;97;47m@S[0;37;5;47;107m%%%%%%[0;1;37;97;47m@X[0;37;5;47;107m%%%%%[0;34;40m......[0;31;40m:[0;1;30;90;43m;;::[0;31;40m%[0;34;40m........[0;37;5;47;107mSSSSS[0;1;37;97;47mX%[0;37;5;47;107mSXXXXX[0;1;37;97;47m%%[0;37;5;47;107m@@@[0;1;37;97;47m8[0;36;5;40;100m:[0m          
            [0;1;37;97;47m:[0;37;5;47;107mS[0;1;37;97;47m@[0;37;5;40;100mX%[0;1;37;97;47mX[0;37;5;47;107m%%%%[0;1;37;97;47m8[0;37;5;40;100mSS[0;1;37;97;47m@[0;37;5;47;107m%%%%[0;34;40m......[0;31;40mX[0;33;5;43;103mtt%t[0;1;30;90;43m:[0;31;40m;[0;1;30;90;43m:[0;31;40m@[0;34;40m.....[0;37;5;47;107mSSSS[0;1;37;97;47mX[0;37;5;40;100mS[0;36;5;40;100m [0;1;37;97;47m%[0;37;5;47;107mXXXX[0;1;37;97;47mX[0;36;5;40;100m  [0;1;37;97;47m%[0;37;5;47;107m@[0;1;37;97;47m;[0m            
             [0;37;5;40;100m@[0;37;5;47;107mX[0;1;30;90;47mX[0;37;5;40;100m8[0;37;5;47;107mS%%%%%[0;1;30;90;47mX8[0;37;5;47;107m%%%%%[0;34;40m.....[0;31;40m;%[0;1;30;90;43m:[0;33;5;43;103mSSt[0;1;30;90;43m.[0;33;5;43;103m@t%[0;31;40mt[0;34;40m....[0;37;5;47;107mSSSXX[0;1;30;90;47m@[0;37;5;40;100m@[0;37;5;47;107mXXX@@@[0;1;30;90;47m8[0;37;5;40;100m8[0;37;5;47;107m8[0;37;5;40;100m8[0m             
              [0;1;30;90;40m8[0;36;5;40;100m:[0;37;5;40;100mX[0;37;5;47;107m8SSSSX[0;37;5;40;100m8@[0;37;5;47;107m@SSSS[0;34;40m....[0;1;30;90;43m:[0;33;5;43;103m%t%@%%S%S%[0;1;30;90;43m.[0;34;40m....[0;37;5;47;107mXXXX8[0;37;5;40;100m8S[0;37;5;47;107m8@@@@8[0;37;5;40;100mX[0;36;5;40;100mt[0;30;5;40;100m8[0m              
                [0;36;5;40;100m [0;1;37;97;47m8[0;37;5;47;107mSSSSSSSSSSSS[0;34;40m....[0;1;30;90;43m:[0;33;5;43;103mt%%S[0;1;30;90;43m..:.[0;1;33;93;43m%[0;1;30;90;43m.[0;31;40m8[0;34;40m....[0;37;5;47;107mXXXXX@@@@@@@[0;1;37;97;47m8[0;36;5;40;100m [0m                
                  [0;37;5;40;100m8[0;1;30;90;47m;;[0;37;5;47;107mXSSSSS[0;1;30;90;47m.;[0;37;5;47;107mX[0;34;40m....[0;31;40mt[0;33;5;43;103mS%@[0;1;30;90;43m:[0;31;40m.S[0;1;30;90;43m.[0;31;40m;[0;34;40m...... [0;37;5;47;107mX[0;1;30;90;47m.t[0;37;5;47;107m@@@@@@[0;1;30;90;47mt%[0;37;5;40;100m8[0m                  
                    [0;30;5;40;100m@[0;1;37;97;47m;[0;37;5;47;107mXXXX[0;1;37;97;47m@[0;37;5;40;100m8@[0;1;37;97;47mX[0;34;40m.....[0;31;40m;X.[0;34;40m...[0;31;40m@[0;1;30;90;43m  .[0;34;40m     [0;1;37;97;47mX[0;37;5;40;100m8X[0;1;37;97;47m%[0;37;5;47;107m@@@@[0;1;37;97;47m%[0;30;5;40;100m8[0m                    
                      [0;37;5;40;100m@[0;1;37;97;47m8[0;37;5;47;107mXXX[0;36;5;40;100m  [0;37;5;47;107mX[0;34;40m.........    [0;31;40m;t[0;34;40m     [0;37;5;47;107m@[0;36;5;40;100m :[0;37;5;47;107m8@@[0;1;37;97;47m8[0;37;5;40;100m8[0m                      
                        [0;36;5;40;100m [0;1;37;97;47mS[0;37;5;47;107m8[0;1;37;97;47m. [0;37;5;47;107m8[0;34;40m                    [0;37;5;47;107m8[0;1;37;97;47m.[0;1;30;90;47m.[0;1;37;97;47m8S[0;36;5;40;100m [0m                        
                          [0;30;5;40;100mS[0;1;30;90;47m%[0;37;5;47;107m8@[0;34;40m                    [0;37;5;47;107m@8[0;1;30;90;47m;[0;36;5;40;100mt[0m                          
                             [0;36;5;40;100m [0;34;40m                    [0;36;5;40;100m [0m                             
                                [0;34;40m                [0m                                
                                   [0;34;40m          [0m                                   
                                      [0;34;40m    [0m                                      
