[0;1;30;90;43m.[0;1;33;93;43mSXXXXXXXXXXXXXXXXXXXXXXXXXXXXXXXXXXXXXXXXXXXXXXXXXXXXXXXSSSSSSSSSSSSS%%%[0;1;30;90;43m       [0m
[0;1;30;90;43m.[0;33;5;43;103m;;;;;;;;;;;;;;;;;;;;;;;;;;;:::;;;;;;;;;;;;;;;;;;;;;;;;;;;ttttttttt%%%%%%%%SSSS[0;1;30;90;43m [0m
[0;1;30;90;43m.[0;33;5;43;103m;;;;;;;;;;;;;;;;;;;;:::::::::::::::::;;;;;;;;;;;;;;;;;;;;;;tttttttt%%%%%%%%SSS[0;1;30;90;43m [0m
[0;1;30;90;43m:[0;33;5;43;103m;;;;;;;;;;;;;;;;:::::::::::::::::::::::::;;;;;;;;;;;;;;;;;;;ttttttttt%%%%%%%SS[0;1;30;90;43m [0m
[0;1;30;90;43m:[0;33;5;43;103m;;;;;;;;;;;;;:::::::::::::::::::::::::::::::;;;;;;;;;;;;;;;;;tttttttt%%%%%%%%S[0;1;30;90;43m [0m
[0;1;30;90;43m:[0;33;5;43;103m;;;;;;;;;;;:::::::::::::::::::::::::::::::::::;;;;;;;;;;;;;;;;tttttttt%%%%%%%%[0;1;30;90;43m [0m
[0;1;30;90;43m:[0;33;5;43;103m;;;;;;;;;:::::::::::::::::::::::::::::::::::::::;;;;;;;;;;;;;;;tttttttt%%%%%%%[0;1;30;90;43m.[0m
[0;1;30;90;43m:[0;33;5;43;103m;;;;;;;:::::::::::::::...[0;37;5;43;103m;;;:;;;[0;33;5;43;103m..:::::::::::::::;;;;;;;;;;;;;;;tttttttt%%%%%%[0;1;30;90;43m.[0m
[0;1;30;90;43m:[0;33;5;43;103m;;;;;;:::::::::::::.[0;37;5;43;103m;:::::::::::::::[0;33;5;43;103m..:::::::::::::;;;;;;;;;;;;;;ttttttt%%%%%%[0;1;30;90;43m.[0m
[0;1;30;90;43m:[0;33;5;43;103m;;;;;::::::::::::.[0;37;5;43;103m::::::::::::::::::::;[0;33;5;43;103m.::::::::::t8[0;1;33;93;43m@[0;33;5;43;103m8;;;;;;;;;;;;ttttttt%%%%%[0;1;30;90;43m.[0m
[0;1;30;90;43m:[0;33;5;43;103m;;;;:::::::::::.[0;37;5;43;103m::::::.............:::::;[0;33;5;43;103m.:::::::[0;1;30;90;43m8[0;1;30;90;40m8[0;34;40m;;;[0;30;5;40;100mX[0;33;5;43;103m8;;;;;;;;;;ttttttt%%%%%[0;1;30;90;43m.[0m
[0;1;30;90;43m:[0;33;5;43;103m;;;;::::::::::.[0;37;5;43;103m:::::.................:::::[0;33;5;43;103m.:::::X[0;1;30;90;40m@S[0;1;30;90;43m@X[0;1;30;90;40mS[0;34;40m;[0;33;5;40;100m8[0;1;30;90;43mS%[0;33;5;43;103mt;;;;;;;;ttttttt%%%%[0;1;30;90;43m.[0m
[0;1;30;90;43m:[0;33;5;43;103m;;;::::::::::[0;37;5;43;103m;::::.....................::::[0;33;5;43;103m.::::%[0;33;5;40;100m8[0;1;30;90;40m@[0;1;30;90;43m8[0;33;5;43;103m8[0;30;5;40;100m@[0;34;40m;;[0;1;30;90;40m@8[0;1;30;90;43m@[0;33;5;43;103m;;;;;;;;ttttttt%%%%[0;1;30;90;43m.[0m
[0;1;30;90;43m:[0;33;5;43;103m;;::::::::::.[0;37;5;43;103m::::.......................::::[0;33;5;43;103m.:::::@8[0;1;30;90;43m8[0;1;30;90;40m%[0;34;40m;[0;33;5;40;100m8[0;33;5;43;103mS;[0;1;33;93;43m8[0;33;5;43;103m;;;;;;;;ttttttt%%%%[0;1;30;90;43m.[0m
[0;1;30;90;43m:[0;33;5;43;103m;;:::::::::.[0;37;5;43;103m::::...@@t.......;8;.:8@.....:::;[0;33;5;43;103m:::::S[0;1;30;90;43m8[0;1;30;90;40mS[0;34;40m;[0;33;5;40;100m8[0;33;5;43;103mS;;;;;;;;;;;tttttttt%%%[0;1;30;90;43m.[0m
[0;1;30;90;43m:[0;33;5;43;103m;;:::::::::.[0;37;5;43;103m::::Xt.[0;33;5;40;100mt[0;36;5;40;100mt[0;33;5;40;100m:t[0;37;5;43;103mS8[0;37;43m88[0;33;47m8[0;1;33;93;47mSS[0;33;5;40;100m.:[0;37;5;43;103mX[0;1;33;93;47m@[0;33;5;40;100m;[0;30;5;40;100mS[0;37;43m8[0;37;5;43;103m@[0;33;5;43;103m8[0;37;5;43;103m;.::::[0;33;5;43;103m.::S[0;1;30;90;43m8[0;1;30;90;40m8SX[0;1;30;90;43m@[0;1;33;93;43m8[0;1;30;90;43mX[0;33;5;43;103m8;;;;;;;;;;;ttttttt%%%[0;1;30;90;43m.[0m
[0;1;30;90;43m:[0;33;5;43;103m;;:::::::::[0;37;5;43;103m;::X[0;37;43m@[0;1;30;90;43m8[0;33;5;40;100m:%[0;36;5;40;100mt::;[0;33;5;40;100m:[0;36;5;40;100mtt;;;;;:[0;33;5;40;100m.;[0;30;5;40;100mS[0;33;5;40;100mt[0;37;43m88[0;30;5;40;100mS[0;33;5;40;100mt[0;37;5;43;103m;::::[0;33;5;43;103m.:[0;1;30;90;43m8[0;1;30;90;40m8X@8[0;33;5;40;100m8[0;1;30;90;43mXX[0;1;30;90;40m8[0;1;30;90;43m@[0;33;5;43;103m;;;;;;;;;;;ttttttt%%%[0;1;30;90;43m.[0m
[0;1;30;90;43m:[0;33;5;43;103m;;:::::::::[0;37;5;43;103m;:::t[0;33;5;40;100m%[0;30;5;40;100m@@XSSS[0;36;5;40;100m%t:     :t%[0;30;5;40;100mSSXX[0;33;5;40;100m%[0;1;30;90;43m8[0;37;5;43;103mX::::[0;33;5;43;103m.[0;1;30;90;43m8[0;1;30;90;40m@X8@S%[0;34;40m;[0;1;30;90;40mX8[0;30;5;40;100mXXX[0;33;5;40;100m8[0;1;30;90;43mS[0;33;5;43;103m;;;;;;;ttttttt%%%[0;1;30;90;43m.[0m
[0;1;30;90;43m:[0;33;5;43;103m;;:::::::::.[0;37;5;43;103m:::.[0;33;5;40;100mS[0;30;5;40;100m8@XX[0;36;5;40;100mtt%t;..... .%[0;30;5;40;100mSSXS[0;33;5;40;100m%[0;1;30;90;43m8[0;37;43m@[0;33;5;40;100m%[0;33;5;43;103m@[0;37;5;43;103m::[0;37;43mS[0;1;30;90;40m8@XX88@@%[0;34;40m;[0;33;5;40;100m8[0;1;30;90;43mS%[0;1;30;90;40m8[0;34;40m;[0;33;5;43;103m8;;;;;;ttttttt%%%[0;1;30;90;43m.[0m
[0;1;30;90;43m:[0;33;5;43;103m;;:::::::::.[0;37;5;43;103m:::%[0;33;5;40;100mS[0;30;5;40;100m8@X%X[0;36;5;40;100m:;tttt;:;t:;[0;30;5;40;100mSXX@@88[0;33;5;40;100mX[0;33;5;43;103mS[0;37;5;43;103m:[0;33;5;43;103mX[0;30;5;40;100m8[0;1;30;90;40m@@X@[0;33;5;40;100m88[0;30;5;40;100m@[0;1;30;90;40m8[0;33;5;40;100m8[0;33;5;43;103m8;;8[0;1;30;90;43mS[0;1;33;93;43mS[0;33;5;43;103m;;;;;;;ttttttt%%%[0;1;30;90;43m.[0m
[0;1;30;90;43m:[0;33;5;43;103m;;::::::::::[0;37;5;43;103m;::[0;37;43m@[0;30;5;40;100m8@8S[0;36;5;40;100m%t:[0;30;5;40;100mS[0;36;5;40;100m:%[0;30;5;40;100m%%%%[0;36;5;40;100mt;[0;30;5;40;100m%S[0;36;5;40;100m:[0;30;5;40;100mX@@[0;36;5;40;100mtt[0;33;5;40;100m%[0;1;30;90;43m888[0;33;5;40;100mX[0;1;30;90;40m@@X8[0;33;5;40;100m8[0;1;30;90;43m@@XXXSXXS%[0;1;33;93;43m8[0;33;5;43;103mt;;;;;tttttttt%%%[0;1;30;90;43m.[0m
[0;1;30;90;43m:[0;33;5;43;103m;;;:::::::::.[0;37;5;43;103m::[0;37;43mX[0;30;5;40;100m8%S@@S[0;36;5;40;100m%[0;30;5;40;100mX%[0;36;5;40;100m.:;;t[0;30;5;40;100mSX[0;36;5;40;100mt;[0;30;5;40;100mX[0;36;5;40;100mt[0;30;5;40;100m@88X8[0;1;30;90;40m888[0;30;5;40;100m@[0;1;30;90;40m@@@8SS%[0;34;40m;;;;:::::[0;1;30;90;40m8[0;1;30;90;43mS[0;33;5;43;103m8;;;ttttttt%%%%[0;1;30;90;43m.[0m
[0;1;30;90;43m:[0;33;5;43;103m;;;::::::::::.[0;37;5;43;103m:[0;33;5;43;103m%[0;30;5;40;100m@8888XSSX@[0;36;5;40;100m;[0;30;5;40;100mXXX[0;36;5;40;100m;[0;30;5;40;100mX@[0;36;5;40;100m;tt[0;30;5;40;100m88[0;36;5;40;100m%[0;30;5;40;100mXX8[0;1;30;90;40m88[0;30;5;40;100m@[0;1;30;90;40m@@[0;30;5;40;100m8[0;1;30;90;40m88@@[0;34;40m;;;[0;1;30;90;40mS[0;34;40m::::::.[0;32;40m:[0;33;5;40;100m8[0;33;5;43;103m8;ttttttt%%%%[0;1;30;90;43m.[0m
[0;32;40m8[0;33;5;43;103m;;;;::::::::::.8[0;30;5;40;100m8[0;1;30;90;40m88[0;30;5;40;100m8@@X8[0;36;5;40;100mt[0;30;5;40;100mX%@@@@[0;36;5;40;100mt[0;30;5;40;100m8[0;36;5;40;100mt[0;30;5;40;100m@X88[0;1;30;90;40m8[0;30;5;40;100m@88[0;1;30;90;40m8@[0;30;5;40;100m8[0;1;30;90;40mX[0;30;5;40;100m8[0;1;30;90;40mX8888%XX%[0;34;40m::::::...[0;32;40mt[0;1;30;90;43m%[0;33;5;43;103mttttttt%%%%[0;33;5;40;100m8[0m
 [0;33;5;43;103m;;;;::::::::::X[0;30;5;40;100mS8[0;1;30;90;40m8888[0;30;5;40;100m8X88[0;36;5;40;100mt[0;30;5;40;100mX8888%8S88[0;1;30;90;40m88[0;30;5;40;100m@8888[0;1;30;90;40m@@88X8%SS8[0;34;40m;:::::::.....:[0;1;30;90;43mS[0;33;5;43;103mXtttt%%%%%[0m 
 [0;1;33;93;43m8[0;33;5;43;103m;;;;::::::S[0;1;30;90;43m8[0;30;5;40;100m8[0;1;30;90;40m8[0;30;5;40;100m8@@[0;1;30;90;40m88[0;30;5;40;100m8%[0;1;30;90;40m88[0;30;5;40;100m8S@@8888XS@[0;1;30;90;40m8888[0;30;5;40;100m8[0;1;30;90;40m8@@XX88SX8[0;34;40m;[0;1;30;90;40mXS[0;34;40m:::::::........[0;32;40mt[0;1;30;90;43m%;[0;1;33;93;43m8[0;33;5;43;103m%%%%%[0;1;33;93;43m8[0m 
 [0;1;30;90;43m:[0;33;5;43;103m;;;;;;;X[0;1;33;93;43m8[0;1;30;90;43m8[0;30;5;40;100mX[0;1;30;90;40mXX8X@@[0;30;5;40;100m8[0;1;30;90;40m88[0;30;5;40;100m8X88SSS[0;1;30;90;40m8888888888[0;30;5;40;100m@[0;1;30;90;40m8[0;30;5;40;100m8@[0;1;30;90;40m@XSS@8[0;34;40m;;[0;1;30;90;40mX@@[0;34;40m::::::.............[0;33;5;40;100m8[0;33;5;43;103m8%%%[0;1;30;90;43m.[0m 
  [0;33;5;43;103m;;;;8[0;1;30;90;43m@[0;1;30;90;40m8SX[0;30;5;40;100m%[0;1;37;97;47mX[0;36;5;40;100m [0;1;30;90;40m8XXXX[0;30;5;40;100m8[0;36;5;40;100m [0;37;5;40;100m8[0;30;5;40;100m88[0;1;30;90;40m8888[0;30;5;40;100m@[0;1;30;90;40m88[0;30;5;40;100m88[0;1;30;90;40m8@@[0;30;5;40;100m88[0;1;30;90;40m@[0;30;5;40;100m8[0;1;30;90;40mXXXSX8@@@8XXSX@S[0;34;40m;;;;;:.......[0;1;30;90;40m8X[0;34;40m...[0;1;30;90;40m8[0;33;5;43;103m@%%[0;32;40mS[0m 
  [0;1;30;90;43m.[0;33;5;43;103m;X[0;1;37;97;47mtX[0;1;30;90;47m%[0;30;5;40;100m8[0;1;30;90;40mS[0;34;40m;[0;30;5;40;100mS[0;1;37;97;47m%[0;30;5;40;100m88[0;1;30;90;40m8[0;36;5;40;100m [0;30;5;40;100mX[0;1;30;90;40m8[0;30;5;40;100m8[0;37;5;47;107m8[0;37;5;40;100mX[0;1;30;90;40m@X@@@@[0;30;5;40;100m8[0;1;30;90;40m@[0;30;5;40;100m@[0;1;30;90;40m88[0;30;5;40;100m8[0;1;30;90;40m8@88[0;30;5;40;100m@[0;1;30;90;43m8[0;1;33;93;43m88X[0;1;30;90;43m8[0;37;5;40;100mX[0;1;37;97;47m.[0;1;30;90;47m8[0;1;30;90;40m%SSS[0;34;40m::::::::.::[0;1;30;90;40m@[0;34;40m;:....[0;1;30;90;40m88[0;34;40m...:[0;1;33;93;43m8[0;33;5;43;103m%[0;1;33;93;43mS[0m  
  [0;32;40mX[0;33;5;43;103m;%[0;1;30;90;47mt[0;33;5;43;103mX[0;33;47m8[0;1;37;97;47mt[0;1;30;90;47m%[0;1;30;90;40mXXXSS[0;37;5;40;100m8[0;1;37;97;47mS[0;30;5;40;100m8[0;1;30;90;40m@S[0;30;5;40;100mS[0;36;5;40;100m [0;1;30;90;40m@XX8@X@8[0;30;5;40;100m88[0;1;30;90;40mXXX888X[0;1;30;90;43m8[0;33;5;43;103m:::@[0;1;30;90;47m;[0;30;5;40;100m88[0;36;5;40;100m:[0;1;30;90;40m@[0;34;40m:;[0;1;30;90;40mS[0;34;40m;;:::.....;...:[0;1;30;90;40m8[0;30;5;40;100m8[0;1;30;90;40mX[0;34;40m...[0;1;30;90;40m8[0;1;30;90;43m;[0;33;5;43;103m%%[0;32;40m8[0m  
   [0;1;30;90;43m.[0;33;5;43;103m;;;[0;1;30;90;47m.[0;1;33;93;43m8[0;33;5;43;103m@8[0;33;5;40;100m:[0;1;30;90;47m:[0;36;5;40;100m.[0;1;30;90;40mS[0;1;30;90;43m8[0;1;30;90;47m.[0;30;5;40;100m8[0;1;30;90;40mX[0;1;30;90;43m8[0;33;5;43;103m8[0;1;30;90;43m@[0;30;5;40;100m@[0;1;30;90;40mX@[0;1;30;90;43m8[0;33;5;43;103m@[0;1;33;93;43mX[0;33;5;40;100m8[0;1;30;90;40m8S[0;30;5;40;100m@[0;1;30;90;43m8@88@@@[0;33;5;43;103mX::::S[0;1;33;93;43m8[0;1;37;97;47mXX[0;1;30;90;47m:[0;30;5;40;100m@[0;1;30;90;40m8[0;34;40m::[0;1;30;90;40m@8[0;32;40m;[0;34;40m..:::;;:::[0;1;30;90;40m8[0;33;5;43;103mX%[0;1;33;93;43mX[0;1;30;90;43m;;[0;1;33;93;43m8[0;33;5;43;103m%%%[0;1;30;90;43m [0m   
    [0;33;5;43;103mX;;;%;%[0;1;37;97;47m%[0;33;47m8[0;33;5;43;103m@S;;S[0;1;33;93;43m8[0;33;5;43;103m8t:;S88@;:t8[0;1;33;93;43m8[0;33;5;43;103m8t:::::::;;;;S[0;37;43mX[0;33;5;43;103mt[0;1;30;90;47m [0;1;37;97;47mXt[0;33;5;40;100m8[0;1;30;90;43mS[0;33;5;43;103mX;[0;1;30;90;43m%[0;32;40mt[0;1;30;90;40mX[0;33;5;43;103m8XS%%%S%ttt%%%%%%@[0m    
    [0;33;5;40;100m8[0;33;5;43;103m;;;;;;X[0;1;33;93;43m8[0;33;5;43;103m;;;;;;;;::::::::::::::::;;;;;;;;;;;[0;1;30;90;43m8[0;33;5;43;103mt;;;;;;%8%ttttttttt%%%%%%S[0;1;30;90;43m.[0m    
     [0;1;30;90;43m.[0;33;5;43;103m;;;;;;;;;;;;;;;;;;;;;;;;;;;;;;;;;;;;;;;;;;;;;;;;;;;;ttttttttt%%%%%%%[0;1;30;90;43m.[0m     
      [0;1;30;90;43m.[0;33;5;43;103m;;;;;;;;;;;;;;;;;;;;;;;;;;;;;;;;;;;;;;;;;;;;;;;;;tttttttttt%%%%%%%[0;1;30;90;43m [0m      
       [0;1;30;90;43m.[0;33;5;43;103m;;;;;;;;;;;;;;;;;;;;;;;;;;;;;;;;;;;;;;;;;;;;;;tttttttttt%%%%%%%%[0;1;30;90;43m [0m       
        [0;1;30;90;43m.[0;33;5;43;103m;;;;;;;;;;;;;;;;;;;;;;;;;;;;;;;;;;;;;;;;;;;ttttttttttt%%%%%%%%[0;1;30;90;43m [0m        
         [0;1;30;90;43m.[0;33;5;43;103mt;;;;;;;;;;;;;;;;;;;;;;;;;;;;;;;;;;;;;;tttttttttttt%%%%%%%%S[0;1;30;90;43m.[0m         
          [0;1;30;90;43m.[0;33;5;43;103mSt;;;;;;;;;;;;;;;;;;;;;;;;;;;;;;;;;ttttttttttttt%%%%%%%%%X[0;1;30;90;43m.[0m          
            [0;1;33;93;43m8[0;33;5;43;103mtttt;;;;;;;;;;;;;;;;;;;;;;;;tttttttttttttttt%%%%%%%%%%[0;1;33;93;43m8[0m            
             [0;1;30;90;43m.[0;33;5;43;103mtttttttttttt;;;;;;;tttttttttttttttttttttt%%%%%%%%%%S[0;1;30;90;43m [0m             
              [0;32;40m@[0;1;33;93;43m8[0;33;5;43;103mtttttttttttttttttttttttttttttttttttt%%%%%%%%%%%%[0;1;33;93;43m@[0;32;40m@[0m              
                [0;1;30;90;43m.[0;33;5;43;103m@tttttttttttttttttttttttttttttt%%%%%%%%%%%%%S@[0;1;30;90;43m [0m                
                  [0;1;30;90;43m.[0;33;5;43;103m%tttttttttttttttttttttttt%%%%%%%%%%%%%%%SS[0;1;30;90;43m [0m                  
                    [0;1;30;90;43m [0;33;5;43;103mSttttttttttttttt%%%%%%%%%%%%%%%%%%%SSX[0;1;30;90;43m [0m                    
                      [0;1;30;90;43m.[0;33;5;43;103mX%%%%%%%%%%%%%%%%%%%%%%%%%%%%%SSSX[0;1;30;90;43m [0m                      
                        [0;1;30;90;43m.[0;33;5;43;103m8%%%%%%%%%%%%%%%%%%%%%%%SSSSS8[0;1;30;90;43m [0m                        
                          [0;32;40m8[0;1;30;90;43m [0;33;5;43;103mS%%%%%%%%%%%%%%%%SSSSSSS[0;1;30;90;43m  [0m                          
                             [0;1;30;90;43m.[0;1;33;93;43m@[0;33;5;43;103mS%%%%%SSSSSSSSSSSS[0;1;33;93;43m@[0;1;30;90;43m [0m                             
                                [0;1;30;90;43m [0;1;33;93;43m8[0;33;5;43;103mSSSSSSSSSSSS[0;1;33;93;43m8[0;1;30;90;43m [0m                                
                                   [0;1;30;90;43m  [0;33;5;43;103mXSSSSS[0;1;33;93;43mS[0;1;30;90;43m [0m                                   
                                      [0;32;40m8[0;1;30;90;43m   [0m                                      
