[0;36;5;40;100mt[0;32;5;40;100m8[0;30;42mSSSSSSSSSSS%%%%%%%%%%%%%%%%%%%%%%%%%%X[0;1;30;90;47m.[0;1;37;97;47m       [0;1;30;90;47m      .........:::::::::;;;;;;[0;37;5;40;100m%[0;32;40mX[0m
[0;37;5;40;100m@[0;37;5;47;107mS[0;1;30;90;47m8[0;1;30;90;42m%::::::::;;;;;;;ttttttttttttttttttttt[0;37;5;47;107mSttttttttttt%%%%%%%%SSSSSSSXXXX@@@@@[0;1;37;97;47mX[0;36;5;40;100m.[0;30;42m:[0;32;40m8[0m
[0;37;5;40;100m@[0;37;5;47;107m%%8[0;36;5;40;100m.[0;1;30;90;42m:::::;;;;;ttttttt%%%%%%%%%%%%%%%ttt[0;37;5;47;107mSttttttttttttt%%%%%%%SSSSSSSXXXX@@8[0;1;30;90;47m8[0;1;30;90;42m;[0;30;42m::[0;32;40m8[0m
[0;37;5;40;100m@[0;37;5;47;107m%%tt[0;1;37;97;47m:[0;32;5;40;100m@[0;1;30;90;42m:;;;;;ttttt%%%%%%%%SS8SSSS%%%%%%%[0;37;5;47;107m%ttttttt@[0;1;37;97;47m8[0;37;5;47;107m8[0;1;37;97;47m.8[0;37;5;47;107mtt%%%%%%%%SSSSSSXXXX[0;1;30;90;47m:[0;1;30;90;42m8[0;30;42m..::[0;32;40m8[0m
[0;37;5;40;100m@[0;37;5;47;107m%tttt%[0;1;30;90;47mS[0;1;30;90;42mX;ttttt%%%%%SSS[0;32;43m8[0;1;33;93;43mS@[0;1;30;90;43mS[0;33;5;40;100mt[0;1;37;97;47mX8[0;37;5;47;107m@8[0;37;5;40;100m%[0;1;30;90;42mXSSSSS%[0;37;5;47;107m%ttttt@[0;1;30;90;47m8[0;1;30;90;42m%;t[0;33;42mX[0;33;5;40;100m8[0;37;43m@[0;1;33;93;43m@@[0;1;30;90;47m [0;37;5;47;107m%X%%%%%SSSSSSX[0;1;37;97;47mX[0;36;5;40;100m;[0;30;42m.....:[0;32;40m8[0m
[0;37;5;40;100m@[0;37;5;47;107mttttttt@[0;37;5;40;100mt[0;1;30;90;42mt@[0;36;5;40;100mt%[0;1;30;90;42m@%%SSS[0;1;30;90;43mSX[0;1;30;90;42mX[0;1;30;90;43mXX[0;1;33;93;43mX[0;33;5;43;103m:X[0;1;33;93;43m@[0;37;5;47;107m8[0;36;5;40;100m [0;1;37;97;47mt[0;37;5;47;107m;[0;1;37;97;47m@[0;1;30;90;47m8[0;1;30;90;42m8XSSS[0;37;5;47;107m%;;t[0;1;37;97;47m:[0;37;5;40;100mt[0;1;30;90;42mXtt[0;32;40m8[0;1;30;90;42m;[0;1;30;90;43m;[0;33;5;43;103m@;[0;1;33;93;43m@[0;1;30;90;47m [0;1;30;90;43m8[0;37;5;47;107mt[0;1;30;90;47mS[0;37;43m8[0;1;37;97;47m:[0;37;5;47;107m%%%X[0;1;37;97;47m;[0;1;30;90;47m%X[0;1;37;97;47m 8[0;1;30;90;47m8[0;1;30;90;42m;..[0;30;42m....:[0;32;40m8[0m
[0;37;5;40;100m8[0;37;5;47;107mttttttt8[0;37;5;40;100m%[0;1;30;90;42m8[0;1;37;97;47m [0;37;5;47;107mt;t[0;1;37;97;47m%[0;36;5;40;100m.[0;1;30;90;42mSXX[0;1;30;90;43mXX@[0;32;5;40;100m8[0;1;30;90;42m@@@[0;1;30;90;43m@[0;33;5;43;103mX[0;33;47mS[0;1;30;90;47m%;[0;37;5;47;107m8S[0;1;30;90;47m8[0;1;30;90;42m8XXXX[0;37;5;47;107m%;;;[0;1;37;97;47m%[0;36;5;40;100m;[0;1;30;90;42m%%S[0;30;42mX[0;1;30;90;43mt[0;33;5;43;103m@[0;37;43m8[0;1;37;97;47m;%X[0;1;30;90;47mt[0;1;37;97;47m%[0;1;33;93;43mX[0;33;47m8[0;37;5;47;107m%%%[0;1;30;90;47m8[0;1;30;90;42mS::.[0;32;5;40;100mX[0;1;30;90;47m:[0;36;5;40;100m [0;1;30;90;42m:...[0;30;42m....8[0m
[0;37;5;40;100m8[0;37;5;47;107mtttttt8[0;1;30;90;42m8%%%[0;36;5;40;100m.[0;1;37;97;47mX[0;37;5;47;107m;;t[0;36;5;40;100m%[0;1;30;90;42mX@@@[0;1;30;90;43m@8888[0;33;5;40;100m88[0;1;30;90;43m8[0;33;5;43;103mX[0;1;33;93;47mX[0;1;37;97;47mS[0;37;5;47;107m::[0;1;37;97;47mX[0;32;5;40;100m8[0;1;30;90;42m@@X[0;37;5;47;107mt;;[0;1;37;97;47m;[0;1;30;90;42mXS%%[0;1;30;90;43m%[0;1;33;93;43m8[0;1;30;90;43mt[0;33;5;40;100m8tS[0;1;30;90;43m8[0;1;30;90;47m;[0;1;37;97;47m%SS[0;37;5;47;107mt%%[0;1;30;90;47m%[0;1;30;90;42m:::S[0;37;5;40;100mS[0;37;5;47;107mSSS[0;1;37;97;47m:[0;30;42m;[0;1;30;90;42m..[0;30;42m....8[0m
[0;37;5;40;100m8[0;37;5;47;107mtttttt[0;1;30;90;47m@[0;1;30;90;42m%%%SSX[0;1;30;90;47m8[0;37;5;47;107m%;[0;36;5;40;100m [0;1;30;90;42m@@8888[0;1;30;90;43m888888[0;1;33;93;43mS[0;33;5;43;103mt[0;1;37;97;47mX[0;37;5;47;107m;::8[0;32;5;40;100mX[0;1;30;90;42m@@[0;37;5;47;107mt;[0;1;37;97;47m%[0;1;30;90;42m8XSSS[0;33;5;43;103m@[0;1;33;93;43m%[0;1;30;90;43m8[0;33;47m8X[0;1;37;97;47mt%tt[0;37;5;47;107mtttt%[0;1;30;90;47m8[0;1;30;90;42m:;[0;37;5;40;100mS[0;37;5;47;107m8X[0;1;30;90;47m [0;37;5;47;107mSSS[0;32;5;40;100m%[0;1;30;90;42m...[0;30;42m...8[0m
[0;37;5;40;100m8[0;37;5;47;107mtttttt[0;36;5;40;100m [0;1;30;90;42m%%S8[0;32;5;40;100m@[0;1;30;90;42mXX[0;32;5;40;100m@[0;1;30;90;47m%[0;1;30;90;42m88888888888888[0;33;5;40;100m;[0;1;37;97;47mS:[0;37;5;47;107m..:[0;1;37;97;47m8[0;1;30;90;42m88[0;37;5;47;107mt[0;1;37;97;47m8[0;1;30;90;42m8@XXXS[0;37;5;40;100m%[0;37;5;47;107mStttttttttttt8[0;1;30;90;42m8[0;1;37;97;47m:[0;37;5;47;107m%S[0;1;37;97;47m.[0;1;30;90;47m@[0;37;5;47;107mSSS[0;37;5;40;100m%[0;1;30;90;42m....[0;30;42m..8[0m
[0;37;5;40;100m8[0;37;5;47;107mtttttt[0;36;5;40;100m [0;1;30;90;42m%SSX[0;1;37;97;47m;X%[0;37;5;47;107m@:[0;1;37;97;47m:[0;36;5;40;100m%[0;1;30;90;42m888888888888[0;36;5;40;100mt[0;1;30;90;47m8[0;32;5;40;100mS[0;1;37;97;47m8[0;37;5;47;107m...[0;1;37;97;47m8[0;36;5;40;100m:[0;1;30;90;47m:[0;32;5;40;100m@[0;1;30;90;42m@@@8[0;1;30;90;47m.[0;32;5;40;100mS[0;1;30;90;47m%[0;37;5;47;107m8;tttttttttt[0;1;37;97;47mS[0;32;5;40;100mS[0;1;30;90;42m::S%%[0;1;37;97;47m%[0;37;5;47;107mSSS[0;37;5;40;100m@[0;1;30;90;42m....[0;30;42m..8[0m
[0;37;5;40;100m8[0;37;5;47;107mtttttt[0;36;5;40;100m [0;1;30;90;42mSSXX@[0;36;5;40;100m [0;1;37;97;47m 8[0;37;5;47;107mX;;[0;1;30;90;47mX[0;1;30;90;42m88888888888888[0;36;5;40;100m.[0;37;5;47;107m....X[0;1;30;90;42m8888@[0;1;30;90;47mS[0;37;5;47;107m;tS;;;ttttttt@[0;37;5;40;100mt[0;1;30;90;42m;::t[0;32;5;40;100m8[0;37;5;40;100mX[0;1;37;97;47m8[0;37;5;47;107m8SSS[0;37;5;40;100mS[0;1;30;90;42m....[0;30;42m..8[0m
[0;37;5;40;100m8[0;37;5;47;107mttttt;[0;1;30;90;47m8[0;1;30;90;42mSXX@@@88888[0;32;5;40;100m@@[0;37;5;40;100mX[0;1;37;97;47mt: [0;1;30;90;47mS8[0;36;5;40;100m.[0;32;5;40;100mXXX[0;1;30;90;42m8888[0;1;37;97;47m%[0;37;5;47;107m ..S[0;1;30;90;42m8888[0;32;5;40;100m8[0;37;5;47;107m%;;;;;S[0;1;37;97;47m:[0;1;30;90;47m@[0;37;5;40;100m%[0;36;5;40;100m.[0;32;5;40;100mS[0;1;30;90;42m8[0;37;5;40;100mS[0;1;37;97;47m%%X8[0;37;5;47;107m8%%%%[0;1;37;97;47m:;[0;37;5;47;107mSS[0;36;5;40;100m [0;1;30;90;42m.....[0;30;42m.8[0m
[0;37;5;40;100m8[0;37;5;47;107mttttt;[0;1;30;90;47mX[0;1;30;90;42mSXX@@888888888[0;36;5;40;100m [0;1;37;97;47m8[0;37;5;47;107m    @[0;1;30;90;47m8[0;32;5;40;100mSSXXX[0;36;5;40;100m [0;37;5;47;107m   S[0;1;30;90;42m8888[0;1;30;90;47m8[0;37;5;47;107m::;;%[0;1;30;90;47m8[0;1;30;90;42m@%%%t8[0;1;37;97;47m:[0;37;5;47;107mttttt8[0;1;37;97;47mS[0;37;5;47;107m%X8[0;1;30;90;47m%[0;1;37;97;47mt[0;37;5;47;107mSS[0;32;5;40;100mS[0;1;30;90;42m.....[0;30;42m.8[0m
[0;37;5;40;100m8[0;37;5;47;107mtttt;;[0;1;37;97;47m [0;1;30;90;42mXX@@@8888888888[0;32;5;40;100mX[0;1;30;90;47m8[0;37;5;47;107mt    [0;1;37;97;47m [0;1;30;90;47m@[0;36;5;40;100m;[0;32;5;40;100mSSX[0;1;37;97;47m8[0;37;5;47;107m  S[0;1;30;90;42m8888[0;1;37;97;47m@[0;37;5;47;107m;:8[0;1;30;90;47m8[0;36;5;40;100m:[0;1;30;90;42mSSS%@[0;1;30;90;47m@[0;37;5;47;107m%ttttttX@[0;1;30;90;47m.[0;1;37;97;47m;;[0;37;5;47;107mS[0;1;30;90;47m [0;37;5;47;107mSS[0;1;30;90;42m8.....[0;30;42m.8[0m
[0;37;5;40;100m8[0;37;5;47;107mtttt;;[0;1;37;97;47m;[0;1;30;90;42mXX@@[0;1;30;90;47mt[0;32;5;40;100mS[0;1;30;90;42m8[0;32;5;40;100m8[0;1;30;90;42m888888[0;32;5;40;100mXSS[0;36;5;40;100m;[0;1;37;97;47m [0;37;5;47;107m.    %[0;1;30;90;47m8[0;1;37;97;47m8[0;37;5;47;107mt   %[0;1;30;90;42m888888[0;37;5;40;100mS[0;1;30;90;42m8@XXSS[0;37;5;40;100mt[0;37;5;47;107m8ttttt%tS%[0;1;30;90;47mX[0;1;37;97;47mS[0;1;30;90;47m8[0;32;5;40;100m@[0;1;37;97;47mX[0;1;30;90;47m [0;37;5;47;107mSS[0;1;30;90;42mS.....[0;30;42m.8[0m
[0;37;5;40;100m8[0;37;5;47;107mtttt;;[0;1;37;97;47m:[0;1;30;90;42mXX@[0;36;5;40;100m [0;37;5;47;107m:[0;36;5;40;100m:[0;1;30;90;42m888[0;32;5;40;100m8[0;1;30;90;42m8[0;32;5;40;100m@[0;1;30;90;42m8[0;32;5;40;100mXSS[0;36;5;40;100m%%t[0;37;5;40;100m;[0;1;37;97;47m@[0;37;5;47;107m   8t     %[0;1;30;90;42m8888888@@XX[0;36;5;40;100m%[0;1;37;97;47mt[0;37;5;47;107m;[0;1;30;90;47mt[0;37;5;47;107m@[0;1;30;90;47mS[0;37;5;47;107m%[0;1;37;97;47m [0;37;5;47;107mt[0;37;5;40;100m8[0;1;37;97;47m@%[0;1;30;90;47m:;[0;37;5;47;107m%[0;1;30;90;47mS[0;1;30;90;42m:[0;36;5;40;100m [0;1;37;97;47m.[0;37;5;47;107m@S[0;1;30;90;42mX......[0;30;42m8[0m
[0;37;5;40;100m8[0;37;5;47;107mtttt;;[0;1;30;90;47m%[0;1;30;90;42mXX@[0;1;30;90;47mX[0;37;5;47;107m@[0;1;30;90;42m888888[0;32;5;40;100m@XXSS[0;36;5;40;100m%tt;;[0;1;30;90;47m8[0;37;5;47;107m@@[0;1;37;97;47m@[0;37;5;47;107m      %[0;1;30;90;42m8888888@@8[0;37;5;40;100mt[0;1;37;97;47m@.:X.8S%S[0;1;30;90;47m:[0;37;5;47;107m8[0;1;37;97;47m@[0;1;30;90;47m:[0;1;37;97;47m@@[0;37;5;47;107m8[0;30;42m;[0;1;30;90;42m8[0;37;5;47;107mS[0;1;30;90;47m.[0;37;5;47;107mS[0;32;5;40;100mX[0;1;30;90;42m......[0;30;42m8[0m
[0;37;5;40;100m8[0;37;5;47;107mtttt;;[0;37;5;40;100mX[0;1;30;90;42mXX@[0;1;37;97;47m@[0;1;30;90;47mt[0;1;30;90;42m888[0;32;5;40;100m8[0;1;30;90;42m8[0;32;5;40;100m8[0;1;30;90;42m88[0;36;5;40;100m;[0;32;5;40;100mSS[0;36;5;40;100m%%tt;;:[0;1;30;90;47m8[0;1;37;97;47mS[0;37;5;47;107m      %[0;1;30;90;42m88888888[0;36;5;40;100m [0;1;30;90;47mX[0;1;37;97;47mS%@[0;1;30;90;47mX[0;37;5;47;107mSt[0;1;37;97;47m.[0;37;5;47;107mt[0;36;5;40;100m [0;37;5;47;107mt%[0;1;37;97;47m:[0;37;5;47;107mt[0;37;5;40;100mS[0;37;5;47;107m%[0;1;30;90;47m:[0;37;5;47;107m%[0;32;5;40;100mS[0;1;30;90;42m:[0;1;37;97;47mX[0;1;30;90;47m [0;37;5;47;107m@[0;36;5;40;100m [0;1;30;90;42m......[0;30;42m8[0m
[0;37;5;40;100m8[0;37;5;47;107mtttt;[0;1;37;97;47mt[0;1;30;90;42m@X@[0;1;30;90;47m@[0;37;5;47;107m;[0;36;5;40;100m;[0;1;30;90;42m888[0;36;5;40;100m%[0;1;30;90;42m8[0;32;5;40;100m8[0;1;30;90;42m8[0;36;5;40;100mt[0;37;5;40;100m%[0;32;5;40;100mXSS[0;36;5;40;100m .%t.:% [0;1;37;97;47m%[0;37;5;47;107m     %[0;1;30;90;42m888888[0;36;5;40;100m.[0;1;30;90;47m%[0;1;37;97;47m; [0;1;30;90;47m;[0;37;5;47;107mt[0;1;37;97;47m;.[0;1;30;90;47mX[0;37;5;47;107mt[0;1;37;97;47m.[0;37;5;47;107mt[0;37;5;40;100m8[0;1;30;90;47m:[0;37;5;47;107mt[0;1;37;97;47m.[0;37;5;47;107m%[0;1;30;90;47m8[0;1;37;97;47m:[0;37;5;47;107mX[0;1;37;97;47mX[0;1;30;90;47m%[0;1;30;90;42m:[0;32;5;40;100mX[0;1;37;97;47m8[0;1;30;90;47m:[0;1;37;97;47mX[0;1;30;90;42mX....[0;30;42m.8[0m
[0;37;5;40;100m8[0;37;5;47;107mtttt;X[0;1;37;97;47m.[0;1;30;90;47m8[0;1;37;97;47m8[0;37;5;47;107m;[0;1;37;97;47m;[0;1;30;90;42m@88[0;37;5;40;100m%[0;1;30;90;42m8888[0;1;30;90;47m%[0;32;5;40;100mXXXS[0;1;30;90;47mS[0;32;5;40;100mSS%[0;36;5;40;100m [0;32;5;40;100m%SSS[0;1;30;90;47m8[0;37;5;47;107m@   S[0;1;30;90;42m8888[0;32;5;40;100mX[0;1;37;97;47m [0;37;5;47;107m;[0;1;37;97;47m;%[0;37;5;47;107m8[0;36;5;40;100m [0;37;5;47;107m;[0;1;37;97;47m:[0;37;5;47;107mX[0;32;5;40;100m8[0;37;5;47;107mS8[0;1;37;97;47mS8[0;32;5;40;100m8[0;37;5;47;107mS%[0;1;37;97;47m.[0;37;5;47;107m8[0;32;5;40;100mX[0;37;5;47;107mS%X[0;1;30;90;42m@:;[0;36;5;40;100m;[0;30;42mS:[0;1;30;90;42m....[0;30;42m.8[0m
[0;37;5;40;100mX[0;37;5;47;107mttttt;;;;%[0;32;5;40;100m%[0;1;30;90;42m@8[0;36;5;40;100m  [0;1;30;90;42m888[0;36;5;40;100m [0;1;30;90;47m8[0;1;30;90;42m8[0;32;5;40;100m@[0;1;30;90;42m8[0;36;5;40;100m [0;1;30;90;47mS[0;32;5;40;100mXXS[0;36;5;40;100m [0;32;5;40;100mSX[0;1;30;90;47m8[0;32;5;40;100mX[0;1;30;90;42m8[0;32;5;40;100mX[0;1;30;90;47mX[0;37;5;47;107m; S[0;1;30;90;42m888[0;1;30;90;47m8[0;37;5;47;107m%:8[0;36;5;40;100mt[0;37;5;47;107mS[0;1;37;97;47mt[0;36;5;40;100m [0;1;37;97;47m888[0;36;5;40;100m.[0;1;30;90;47m8[0;37;5;47;107mt[0;1;37;97;47m.[0;37;5;47;107mt[0;36;5;40;100m [0;37;5;40;100mS[0;37;5;47;107mt[0;1;37;97;47m:[0;37;5;47;107mS[0;37;5;40;100mX%[0;37;5;47;107m%%[0;1;30;90;47m;[0;1;30;90;42m:........[0;30;42m.[0;32;40m8[0m
[0;36;5;40;100m [0;37;5;47;107mttttt;;;t[0;37;5;40;100mt[0;1;30;90;42mX@[0;32;5;40;100mS[0;1;30;90;47m:[0;1;30;90;42m8888[0;1;37;97;47mt[0;1;30;90;42m8888[0;1;37;97;47m%[0;36;5;40;100mt[0;32;5;40;100m@[0;1;30;90;42m8[0;36;5;40;100m t[0;32;5;40;100mX[0;36;5;40;100m [0;1;30;90;47m%[0;32;5;40;100m@[0;1;30;90;42m888[0;36;5;40;100m%[0;1;37;97;47m.[0;37;5;47;107mX[0;1;30;90;42m8[0;37;5;40;100m;[0;37;5;47;107m8::t[0;1;37;97;47m.[0;36;5;40;100m [0;1;30;90;47m8[0;1;37;97;47mt;[0;37;5;40;100mX[0;37;5;47;107mt[0;1;37;97;47m.[0;1;30;90;47m.[0;1;30;90;42mS[0;37;5;47;107m8[0;1;37;97;47m88@[0;1;30;90;42mt[0;1;37;97;47m;[0;37;5;47;107m%[0;1;37;97;47m [0;37;5;47;107m@[0;1;30;90;42mX[0;1;30;90;47m@[0;37;5;47;107m%%[0;36;5;40;100m [0;1;30;90;42m........[0;30;42m.[0;32;40m@[0m
[0;1;30;90;40m8[0;1;30;90;47m8888@@@@X88[0;36;5;40;100mt[0;37;5;40;100mX[0;1;30;90;47m8[0;37;5;40;100m%S[0;1;30;90;47m8[0;36;5;40;100m.[0;1;30;90;47m@888[0;36;5;40;100m [0;1;30;90;47mS888[0;36;5;40;100m [0;1;30;90;47m8[0;36;5;40;100m [0;1;30;90;47m@88888888[0;37;5;40;100m%[0;1;30;90;47m%SSS[0;36;5;40;100m [0;1;30;90;47m88[0;32;5;40;100m8[0;1;30;90;47m%@[0;36;5;40;100m;[0;1;30;90;47m888[0;32;5;40;100mS[0;37;5;40;100m@[0;1;30;90;47m888[0;32;5;40;100m8[0;37;5;40;100mX[0;1;30;90;47m8[0;36;5;40;100m [0;1;30;90;47m8[0;36;5;40;100mt [0;1;30;90;47m@88[0;1;30;90;42mX[0;36;5;40;100m        [0;32;40mX[0m
 [0;1;30;90;42m;;ttt%%8[0;37;5;47;107m@;[0;1;37;97;47m;[0;1;30;90;42m8[0;36;5;40;100m;[0;37;5;47;107m;t:[0;1;30;90;47m@[0;1;30;90;42m8[0;37;5;47;107m@:.8[0;1;30;90;42m8[0;1;30;90;47mS[0;37;5;47;107m..[0;1;30;90;47m@[0;32;5;40;100m%[0;1;30;90;47m;[0;36;5;40;100mt[0;37;5;47;107mS...[0;1;37;97;47m@[0;37;5;47;107mX%[0;1;30;90;47m8[0;1;30;90;42m8[0;37;5;47;107mS[0;1;30;90;47mX[0;1;30;90;42m8@@XXSS[0;1;30;90;47mX[0;36;5;40;100m:[0;1;30;90;47mt[0;36;5;40;100m [0;1;30;90;42mtt[0;32;5;40;100m@[0;37;5;47;107m8[0;1;30;90;42mS;::[0;1;37;97;47m.[0;36;5;40;100m:[0;1;30;90;42m:::[0;37;5;40;100m%[0;1;37;97;47m@[0;1;30;90;42m8.:[0;1;30;90;47mX[0;37;5;47;107mSSXXXX@[0m 
 [0;30;42mt[0;1;30;90;42m;;ttt%[0;36;5;40;100mt[0;1;37;97;47m.[0;37;5;40;100mS[0;1;30;90;42mXX[0;1;37;97;47m%[0;37;5;47;107m;;[0;1;37;97;47m;[0;1;30;90;42m@[0;1;30;90;47mX[0;37;5;47;107m::;[0;36;5;40;100m [0;1;30;90;42m8[0;37;5;47;107mS.[0;1;37;97;47m@[0;1;30;90;42m888[0;1;30;90;47m%[0;37;5;47;107m....:[0;37;5;40;100m@[0;1;30;90;42m888[0;37;5;47;107mt:8[0;32;5;40;100m8[0;1;30;90;42mXXSSS[0;32;5;40;100mS[0;37;5;47;107mtt8[0;1;30;90;42m8t;[0;1;37;97;47m [0;1;30;90;47mX[0;1;30;90;42m:::8[0;37;5;47;107m8[0;1;30;90;42m8::;[0;1;37;97;47m@[0;37;5;47;107m8[0;37;5;40;100mt[0;1;30;90;42m8[0;37;5;40;100mS[0;37;5;47;107mSXXXX@[0;1;37;97;47mt[0m 
 [0;32;40m8[0;1;30;90;42m;;;ttt%%%S[0;1;30;90;47m@[0;37;5;47;107m;;[0;1;37;97;47m8[0;1;30;90;42m8[0;32;5;40;100mS[0;37;5;47;107mt::[0;1;30;90;47mS[0;1;30;90;42m8[0;1;30;90;47m8[0;37;5;47;107m:8[0;32;5;40;100mX[0;1;30;90;42m888[0;1;37;97;47mX[0;37;5;47;107m:::[0;1;37;97;47mS[0;36;5;40;100m;[0;37;5;40;100mX[0;32;5;40;100mX[0;1;30;90;42m@@[0;37;5;47;107mt;[0;1;37;97;47m;[0;36;5;40;100m.[0;1;30;90;47mt[0;32;5;40;100mX[0;1;30;90;42mS%%X[0;1;37;97;47mX[0;37;5;47;107mtt[0;1;37;97;47mt[0;1;30;90;42m%;[0;32;5;40;100mS[0;37;5;47;107mt[0;36;5;40;100mt[0;1;30;90;42m:::[0;1;30;90;47m8[0;1;37;97;47mS[0;1;30;90;42m%::8[0;37;5;47;107m8SSSSXXXX@[0;37;5;40;100m@[0m 
  [0;1;30;90;42m:;;;tttt%[0;1;30;90;47m8[0;37;5;47;107m;;[0;1;37;97;47mX[0;1;30;90;42m8X[0;1;37;97;47m%[0;37;5;47;107m;;[0;1;37;97;47m%[0;1;30;90;42m88[0;37;5;47;107m8[0;1;37;97;47m@[0;32;5;40;100m@[0;1;30;90;42m888[0;1;37;97;47m;[0;37;5;47;107m::@[0;1;30;90;47m8[0;1;30;90;42m@[0;32;5;40;100mS[0;1;37;97;47m [0;1;30;90;47m8[0;1;30;90;42mXX[0;37;5;47;107mt;[0;37;5;40;100mt[0;32;5;40;100m@[0;1;30;90;47m8[0;37;5;47;107m%[0;1;30;90;47mX[0;1;30;90;42m@%t@[0;1;37;97;47mX[0;37;5;47;107mtt[0;1;37;97;47m:[0;1;30;90;42mS:[0;1;37;97;47m;[0;37;5;47;107m8[0;1;30;90;42m@::t[0;1;37;97;47mS:[0;1;30;90;42mt:.8[0;1;37;97;47m8[0;37;5;47;107mSSXXXX@@[0;1;30;90;40m8[0m 
  [0;30;42mX[0;1;30;90;42m:;;;ttt[0;36;5;40;100m [0;37;5;47;107mtX[0;1;30;90;47m%[0;1;30;90;42m@S[0;1;30;90;47m8[0;37;5;47;107m;;[0;1;37;97;47mX[0;1;30;90;42m8X[0;32;5;40;100m@[0;37;5;40;100mS[0;1;30;90;42m@@@[0;32;5;40;100m8[0;1;37;97;47m..[0;37;5;47;107m8[0;1;30;90;47m%[0;1;30;90;42m8@[0;32;5;40;100m8[0;1;37;97;47m8[0;37;5;47;107m;[0;1;37;97;47m.[0;1;30;90;42mXX[0;37;5;47;107m%;[0;32;5;40;100m8[0;1;30;90;42mSX[0;1;37;97;47m 8@[0;36;5;40;100m [0;1;30;90;42mt@S[0;1;30;90;47m%[0;37;5;47;107mtt8[0;1;30;90;47m8%[0;37;5;47;107mt[0;1;37;97;47m%[0;1;30;90;42m%::[0;32;5;40;100m8[0;37;5;47;107mX[0;1;37;97;47mS[0;32;5;40;100mS[0;1;30;90;42m:.[0;36;5;40;100m;[0;37;5;47;107mSXXXX@@[0;1;30;90;47m.[0m  
  [0;32;40mt[0;1;30;90;42m::;;;;t%8%%%[0;36;5;40;100m:[0;37;5;47;107m%;[0;1;37;97;47m;[0;1;30;90;42m8SSSXXXXX[0;1;30;90;43mX@[0;32;5;40;100mS[0;1;30;90;42mX[0;36;5;40;100m%[0;1;37;97;47m [0;37;5;47;107mS;;[0;1;30;90;47mS[0;1;30;90;42mSS[0;37;5;47;107m%;[0;36;5;40;100mt[0;1;30;90;42m%%%8[0;1;30;90;47m8[0;1;37;97;47m.[0;1;30;90;47mt[0;1;30;90;43m88[0;37;5;47;107m%ttttt%%[0;1;37;97;47mS[0;1;30;90;42m8::[0;36;5;40;100m [0;37;5;47;107mSS[0;1;37;97;47m@ @[0;37;5;47;107mXXXXX@@[0;30;5;40;100m@[0m  
   [0;30;42m@[0;1;30;90;42m::;;;;;ttt[0;36;5;40;100m%[0;37;5;47;107mXt[0;1;30;90;47mt[0;1;30;90;42mS%%SSSSSS[0;32;43m8[0;1;33;93;43mS[0;1;30;90;43mS[0;33;5;40;100m@[0;37;5;40;100m;[0;37;5;47;107m8;;;;[0;1;30;90;42m8%%[0;37;5;47;107m%t[0;1;37;97;47m.[0;1;30;90;42mttttt[0;36;5;40;100m [0;33;5;40;100m8[0;33;47mX[0;1;30;90;43m%[0;1;30;90;47m.[0;37;5;47;107mtttt%%%%8[0;32;5;40;100m@[0;1;30;90;42m::[0;37;5;40;100mX[0;37;5;47;107mSSSXXXXX@@[0;1;30;90;47m%[0m   
    [0;1;30;90;42m::::;;;;;X[0;37;5;47;107m@S[0;37;5;40;100mS[0;1;30;90;42mtt%@[0;1;30;90;43m%%%[0;32;43m8[0;1;30;90;42mS[0;33;5;40;100m%[0;33;5;43;103m@t[0;33;47m8[0;37;5;47;107mX;;;;tt[0;1;30;90;42mS%%[0;37;5;47;107m%t[0;1;37;97;47m%[0;1;30;90;42mttt;;;;[0;1;30;90;43m;[0;33;5;43;103mSX[0;1;30;90;47m@[0;37;5;47;107mS[0;1;30;90;47m [0;33;47m8[0;1;33;93;43mS[0;1;30;90;43m8[0;1;30;90;47m@[0;37;5;47;107m%%@[0;36;5;40;100m [0;1;30;90;42m::[0;1;30;90;47mS[0;37;5;47;107mSSXXXX@@[0;1;37;97;47m8[0m    
    [0;32;40mS[0;1;30;90;42m:::::;;;t[0;36;5;40;100m:[0;1;30;90;42m@tttt[0;1;30;90;43mtt[0;33;5;43;103m%%[0;33;5;40;100mt[0;1;37;97;47mS[0;33;47m8[0;33;5;43;103mX[0;1;30;90;47m [0;37;5;47;107mtttttttt[0;1;30;90;42m%tt[0;37;5;47;107mSt[0;1;37;97;47m%[0;1;30;90;42m;;;;;;::[0;32;43m8[0;1;33;93;43m8[0;1;30;90;43m:[0;1;30;90;42m8[0;33;5;40;100mX[0;33;5;43;103mX%[0;1;30;90;43m;[0;33;47m8[0;1;37;97;47m%[0;37;5;47;107mSSS[0;1;37;97;47m;[0;1;30;90;47m8[0;1;37;97;47mS[0;37;5;47;107mXXXXX@@@[0;36;5;40;100mt[0m    
     [0;32;40m8[0;1;30;90;42m:::::::;;;;;[0;1;30;90;43m;[0;1;33;93;43m8[0;33;5;43;103m;%[0;1;30;90;43m;t[0;1;30;90;47mS[0;1;33;93;43m8X[0;1;30;90;47m:[0;1;37;97;47m8%[0;1;33;93;47mX[0;1;37;97;47m@[0;37;5;47;107mt8[0;1;30;90;47m8[0;1;37;97;47m@[0;37;5;47;107m8[0;1;30;90;42mtt;[0;37;5;47;107mSt8[0;1;30;90;42m;;[0;36;5;40;100m:[0;1;30;90;42mt:t[0;1;30;90;43m:[0;33;42m@[0;1;30;90;42m;[0;33;42m@[0;1;33;93;43m%[0;1;30;90;43m:[0;1;30;90;42m8[0;1;30;90;43m:.[0;33;5;43;103mXt[0;1;33;93;43m8[0;33;47m8[0;37;5;47;107m8SSSXXXXX@@@[0;36;5;40;100m [0m     
      [0;30;42m8[0;1;30;90;42m:::::::::;S[0;1;30;90;43m;[0;33;42m8[0;1;33;93;43mX@S[0;1;30;90;43m%[0;1;33;93;43mX[0;33;47m8[0;1;33;93;47mX[0;1;33;93;43m@[0;33;5;43;103mSt;[0;33;47m8[0;37;5;47;107mt[0;36;5;40;100m [0;1;30;90;42m;[0;1;30;90;47m8[0;37;5;40;100mt[0;1;30;90;42m;;;[0;37;5;47;107mStt[0;36;5;40;100m :[0;37;5;47;107m8[0;37;5;40;100m%[0;1;30;90;42m:[0;32;43m8[0;33;5;43;103mttX[0;1;30;90;43m::.[0;1;33;93;43mS[0;1;30;90;43m.[0;1;33;93;43m%XS[0;1;30;90;47m;[0;33;47m8[0;1;30;90;47m:[0;37;5;47;107mSSXXXXX@@@[0;1;30;90;47m@[0m      
       [0;30;42m@[0;1;30;90;42m::::::::::;[0;36;5;40;100m;[0;1;30;90;43m@[0;33;5;43;103m;;;[0;33;47m@[0;37;5;47;107mtt@[0;1;37;97;47m@X[0;37;43m@[0;1;30;90;43mX[0;37;5;47;107mt[0;1;37;97;47m;[0;1;30;90;42m%;;;:;[0;37;5;47;107mS%[0;1;37;97;47m8[0;37;5;47;107mtt[0;1;37;97;47mX[0;1;30;90;42m@:[0;1;30;90;43m::[0;1;30;90;42mSt:::[0;32;43m8[0;33;5;43;103m%tt[0;1;30;90;43mt[0;1;30;90;47m%[0;1;37;97;47m8[0;37;5;47;107m8XXXXXX@@@[0;1;30;90;47m%[0m       
        [0;30;42m8[0;1;30;90;42m::::::::8[0;1;37;97;47m [0;1;30;90;47m [0;33;5;43;103mX[0;1;33;93;43m@8[0;33;47m@[0;37;5;47;107m%ttttt[0;1;37;97;47m:S[0;37;5;47;107mtt8[0;1;30;90;47mS8[0;32;5;40;100mX[0;1;30;90;42m:;[0;37;5;47;107mSt[0;36;5;40;100m .%[0;1;30;90;42m;::[0;33;42m%[0;1;30;90;42mX::::::[0;33;42m8[0;1;33;93;43mX[0;1;30;90;43m.[0;1;33;93;43m@[0;33;42m@[0;32;5;40;100m@[0;1;37;97;47m;[0;37;5;47;107mXXXX@@@@[0;1;30;90;47mX[0m        
         [0;32;40m8[0;1;30;90;42m:::::;[0;1;30;90;47m8[0;37;5;47;107mX%[0;1;30;90;47m:[0;37;43m8[0;37;5;47;107mt%ttttttX[0;1;37;97;47mtX8@:[0;1;30;90;47m8[0;32;5;40;100m8[0;1;30;90;42m:::[0;37;5;47;107mS%%[0;1;30;90;47m;[0;36;5;40;100m;[0;1;30;90;42mX[0;30;42m;[0;1;30;90;42m::%:::......[0;1;30;90;43m:[0;32;43m8[0;1;30;90;42m..[0;36;5;40;100m [0;1;37;97;47m8[0;37;5;47;107mX@@@@[0;37;5;40;100mX[0m         
          [0;32;40mS[0;1;30;90;42m:::[0;36;5;40;100m.[0;1;37;97;47m8[0;37;5;47;107m%%%X[0;1;30;90;47m%[0;37;5;47;107m%%%%%%%[0;1;30;90;47m8[0;1;30;90;42m%::::::::::[0;37;5;47;107mX%%%%%X@SS[0;1;37;97;47mS[0;36;5;40;100m:[0;1;30;90;42m:......[0;30;42mX:[0;1;30;90;42m..[0;30;42m.[0;1;30;90;42m%[0;1;30;90;47m8[0;37;5;47;107m8@[0;1;37;97;47m8[0;36;5;40;100m:[0m          
            [0;1;30;90;42m@[0;1;37;97;47m.[0;37;5;47;107m%%%%%%%%%%%%%[0;1;30;90;47m8[0;1;30;90;42m::::::S[0;37;5;40;100m%[0;1;30;90;47m8[0;32;5;40;100mX[0;1;30;90;42m::[0;37;5;47;107mX%[0;1;30;90;47mS[0;32;5;40;100mS[0;36;5;40;100m [0;1;37;97;47m.[0;37;5;47;107mSSSSSS[0;32;5;40;100mS[0;1;30;90;42m........[0;30;42m.....[0;1;30;90;42m8[0;1;30;90;47mX[0;1;30;90;40m8[0m           
             [0;37;5;40;100m@[0;37;5;47;107mXSSS%%%%%%%%%[0;1;30;90;47mS[0;30;42m%[0;1;30;90;42m::;[0;30;42m;[0;36;5;40;100mt[0;1;37;97;47mX[0;37;5;47;107m%%[0;37;5;40;100mS[0;1;30;90;42m::[0;37;5;47;107mXS[0;36;5;40;100m [0;1;30;90;42m..;[0;37;5;40;100mS[0;1;37;97;47m%%[0;37;5;47;107mSS[0;1;37;97;47m;[0;1;30;90;42m8......[0;30;42m......:8[0m             
              [0;30;5;40;100m8[0;1;37;97;47m;[0;37;5;47;107mSSSSSSSSSSS[0;32;5;40;100mS[0;1;30;90;42m:8[0;1;30;90;47mS[0;37;5;47;107m@SSSS@[0;1;30;90;42mX.[0;30;42m:[0;37;5;47;107m@S[0;1;37;97;47m [0;1;30;90;42m:.....8[0;1;30;90;47mS[0;37;5;47;107mX[0;1;30;90;47m8[0;1;30;90;42m...[0;30;42m.......:%[0;32;40mt[0m              
                [0;36;5;40;100m [0;1;37;97;47m8[0;37;5;47;107mSSSSSSSSS[0;1;30;90;42m@%[0;37;5;47;107m@SSSSSS[0;1;30;90;47m@[0;1;30;90;42m..[0;30;42m:[0;37;5;47;107m@SS[0;32;5;40;100m@[0;1;30;90;42m......[0;30;42m.[0;1;30;90;47m@t[0;30;42m........:;[0;32;40m@[0m                
                  [0;37;5;40;100m8[0;37;5;47;107m@SSSSSSS[0;1;37;97;47m [0;1;30;90;42m@[0;1;37;97;47mt[0;37;5;47;107mSSSSSS[0;1;37;97;47m;[0;1;30;90;42m%.[0;30;42m;[0;37;5;47;107m@X[0;1;37;97;47mt[0;1;30;90;42mS......:[0;37;5;40;100m8[0;1;30;90;42mX[0;30;42m.....:::8[0m                  
                    [0;1;30;90;47m8[0;37;5;47;107m8XXXXXX[0;1;37;97;47m8[0;1;30;90;47m%[0;37;5;47;107m8XXXXXX[0;32;5;40;100mS[0;1;30;90;42m.[0;30;42m;[0;37;5;47;107m8X[0;1;30;90;47m8[0;1;30;90;42m...[0;30;42m...:[0;1;30;90;42mS[0;30;42m;...::::8[0m                    
                      [0;37;5;40;100m@[0;1;37;97;47m8[0;37;5;47;107mXXXXXXXXXXXXX[0;1;37;97;47m@[0;32;5;40;100mS[0;30;42m;[0;37;5;47;107m8[0;1;30;90;47m8[0;30;42m;.........::::;8[0m                      
                        [0;36;5;40;100m [0;1;37;97;47mS[0;37;5;47;107mXXXXXXXXXXX@@[0;1;30;90;47m8[0;1;30;90;42m8[0;30;42m.......::::::t[0;32;40m8[0m                        
                          [0;30;5;40;100mS[0;1;30;90;47m%[0;37;5;47;107m8@@@@@@@@@@[0;1;37;97;47mX[0;30;42m:..:::::::::X[0;32;40mS[0m                          
                             [0;36;5;40;100m [0;1;37;97;47m.[0;37;5;47;107m@@@@@@@@[0;1;37;97;47mX[0;30;42m:::::::::S[0;32;40m8[0m                             
                                [0;36;5;40;100m [0;1;37;97;47m;[0;37;5;47;107m@@@@@[0;1;37;97;47mX[0;30;42m::::::%[0;32;40m8[0m                                
                                   [0;36;5;40;100m [0;1;30;90;47m;[0;37;5;47;107m8@[0;1;37;97;47mX[0;30;42m:::X[0;32;40m8[0m                                   
                                      [0;30;5;40;100mS[0;36;5;40;100m [0;32;40m8S[0m                                      
