[0;34;40m ..................:::::::::::::::::::::..........................              [0m
[0;34;40m.......:::::::::::::;;;;;;;;;;;;;;;;;;;:::::::::::::..................          [0m
[0;34;40m.....:::::::::::;;;;;;;;;;;;;;;;;;;;;;;;;;;::::::::::..................         [0m
[0;34;40m....:::::::::;;;;;;;;;[0;1;30;90;40m%%SSSSSSSSSSS%%[0;34;40m;;;;;;;;;:::::::::.................        [0m
[0;34;40m..:::::::::;;;;;;;[0;1;30;90;40m%SSSSSSSSSXXXSSSSSSSSS%[0;34;40m;;;;;;;:::::::::................       [0m
[0;34;40m.::::::::[0;31;40m;[0;33;5;40;100m8[0;1;30;90;43m%%%%%[0;1;30;90;40m8SSSSXXXXXXXXXXXXXXXXXSSSSS%[0;34;40m;;;;;;::::::::.....[0;31;40mt[0;1;30;90;43m:::::[0;1;30;90;41m8[0;31;40m:[0;34;40m..       [0m
[0;34;40m.:::::::[0;31;40mt[0;30;5;40;100mX[0;33;5;43;103mX;;;X[0;1;30;90;43mS[0;1;30;90;40mXSXXXX@@@@@@@@@@@@@@XXXXXSSSS%[0;34;40m;;;;;::::::::....[0;31;40m.[0;1;30;90;43m:[0;33;5;43;103m8ttt@[0;31;40m@;[0;34;40m..      [0m
[0;34;40m.::::[0;1;30;90;40m8[0;1;30;90;43mttt%%[0;33;5;43;103mt[0;1;30;90;43m%S[0;1;30;90;40mXXXXX@@@@888888888888@@[0;33;5;40;100m8[0;1;30;90;43m@[0;1;30;90;40m@X[0;33;5;40;100m88[0;1;30;90;40mSSSS[0;34;40m;;;;;;:::::::.....[0;31;40m:[0;33;5;40;100m8[0;1;30;90;43m.[0;33;5;43;103mS[0;1;30;90;43m:::..[0;31;40mS[0;34;40m     [0m
[0;34;40m.::[0;31;40m;[0;1;30;90;43m;[0;1;33;93;43m%[0;30;5;40;100m@[0;34;40m;;;[0;1;30;90;40mS@SSXXX@@@88888888[0;33;5;40;100m8[0;1;30;90;43m88[0;33;5;40;100m8[0;1;30;90;40m8888[0;30;5;40;100m8[0;33;5;43;103m%[0;33;5;40;100m8[0;1;30;90;40m@@[0;30;5;40;100m8[0;33;5;43;103mt[0;1;30;90;40m8XSSS[0;31;5;40;100mX[0;1;30;90;43m%%[0;33;5;40;100m8[0;31;40mt[0;34;40m;:::::::.......[0;31;40m::[0;34;40m...[0;31;40mS[0;1;30;90;43m .[0;31;40m:[0;34;40m   [0m
[0;34;40m.::[0;1;30;90;43m;[0;1;33;93;43m%[0;31;40m;[0;34;40m;;;[0;1;30;90;40mSSSXXX@@8[0;33;5;40;100m8[0;1;30;90;43m88[0;1;33;93;43mS@@[0;1;30;90;43m88[0;33;5;40;100m8[0;30;5;40;100m888X[0;1;33;93;43m8[0;1;30;90;43m8[0;30;5;40;100m8[0;1;30;90;40m88[0;1;30;90;43m8[0;33;5;43;103mt[0;1;30;90;40m888@[0;33;5;43;103mX[0;1;30;90;43mX[0;1;30;90;40mXXX[0;33;5;40;100m8[0;1;33;93;43m@[0;1;30;90;40m8[0;34;40m;;;[0;1;30;90;40m8[0;1;30;90;43mt;[0;1;33;93;43m%%[0;1;30;90;43m::;[0;1;30;90;40m8[0;31;40m:[0;34;40m...........[0;31;40m.[0;1;30;90;43m  [0;34;40m   [0m
[0;34;40m.::[0;1;33;93;43m@[0;1;30;90;43m%[0;34;40m;;;[0;1;30;90;40mSSSXX@@[0;33;5;40;100m8[0;1;30;90;43m@[0;33;5;43;103m@[0;1;30;90;43m88[0;33;5;40;100m8[0;30;5;40;100m88@[0;33;5;40;100m8[0;1;30;90;43m8[0;37;5;43;103mS[0;1;30;90;43m8[0;30;5;40;100m@88S[0;33;5;43;103m%[0;33;5;40;100m8[0;30;5;40;100m88[0;1;33;93;43m@8[0;1;30;90;40m8888[0;1;33;93;43mS8[0;1;30;90;40m@X[0;30;5;40;100m@[0;33;5;43;103mX[0;1;30;90;40m8S%[0;31;40mt[0;1;30;90;43m%[0;33;5;43;103m%[0;1;30;90;43mt[0;31;5;40;100mX[0;31;40mt[0;32;40m:[0;31;40m;X[0;1;30;90;43m;:[0;1;33;93;43mX[0;1;30;90;43m:[0;31;5;40;100mS[0;31;40m.[0;34;40m.........[0;31;43m8[0;1;33;93;43m@[0;34;40m   [0m
[0;34;40m.::[0;1;30;90;43mtt[0;31;40m;[0;34;40m;[0;1;30;90;40mSSSXX8[0;1;30;90;43m@[0;33;5;43;103m8[0;1;30;90;43m@[0;33;5;40;100m8[0;1;30;90;40m88[0;30;5;40;100m888@88@[0;33;5;40;100m@[0;37;5;43;103mX[0;37;43mX[0;30;5;40;100m@@@[0;1;30;90;43m8[0;1;33;93;43m@[0;30;5;40;100m88[0;33;5;43;103m%[0;1;30;90;43m8[0;30;5;40;100m8[0;1;30;90;40m888[0;1;30;90;43m8[0;33;5;43;103m;[0;1;30;90;40m@@[0;1;30;90;43mXX[0;1;30;90;40mXSS[0;1;30;90;43m%[0;33;5;43;103mS[0;31;5;40;100mS[0;34;40m;;:[0;31;40mt[0;34;40m::::[0;31;40m:[0;1;30;90;40m8[0;1;30;90;43m:[0;1;33;93;43mX[0;1;30;90;43m:[0;31;40m;[0;34;40m......[0;31;40m.[0;1;30;90;43m .[0;34;40m   [0m
[0;34;40m.:;[0;31;40mt[0;1;30;90;43mt[0;1;33;93;43mX[0;33;5;40;100m8[0;1;30;90;40m8X8[0;33;5;40;100m8[0;1;30;90;43mX[0;1;33;93;43mS[0;1;30;90;43m@[0;30;5;40;100m8[0;1;30;90;40m888[0;30;5;40;100m8888[0;33;5;40;100m@@[0;30;5;40;100m@XX[0;33;5;40;100mX[0;37;5;43;103mX[0;33;5;40;100mX[0;30;5;40;100mXX[0;33;5;40;100mX[0;37;5;43;103mX[0;33;5;40;100mX[0;30;5;40;100m@[0;37;5;43;103mS[0;1;30;90;43m8[0;30;5;40;100m888[0;1;30;90;40m8[0;1;30;90;43m8[0;33;5;43;103m:[0;30;5;40;100m8[0;1;30;90;40m8[0;33;5;43;103mt[0;30;5;40;100m@[0;1;30;90;40mXX[0;33;5;40;100m8[0;33;5;43;103mt[0;31;5;40;100mX[0;34;40m;;;[0;30;5;40;100m@[0;33;5;40;100m8[0;34;40m:::::..[0;31;40m;[0;1;30;90;43m:.:[0;31;5;40;100mS[0;31;40mt:;[0;30;41m8[0;1;30;90;43m. [0;31;40m;[0;34;40m   [0m
[0;34;40m.:;;;[0;30;5;40;100m@[0;1;30;90;43m%[0;1;33;93;43mS@[0;1;30;90;43mSX[0;30;5;40;100mX[0;1;30;90;40m@8888[0;30;5;40;100m8888@X[0;37;43mX[0;33;5;40;100mS[0;30;5;40;100mXSS[0;1;30;90;43m8[0;33;5;43;103m8[0;30;5;40;100mSSS[0;1;33;93;43m8[0;1;30;90;43m8[0;30;5;40;100mX[0;37;5;43;103mX[0;1;30;90;43m8[0;30;5;40;100m8888[0;1;30;90;43m8[0;33;5;43;103m:[0;30;5;40;100m8[0;1;30;90;43m8[0;1;33;93;43m8[0;1;30;90;40m@XX[0;1;33;93;43mS[0;1;30;90;43m%[0;1;30;90;40mS[0;34;40m;;[0;1;30;90;40m8[0;1;30;90;43m;[0;31;40m;[0;34;40m:::::.....[0;31;40m%[0;1;30;90;43m:.[0;1;33;93;43mS[0;1;30;90;43m.:[0;31;40mX[0;34;40m..   [0m
[0;34;40m.;;;;[0;1;30;90;40m%SSXX@@8888[0;30;5;40;100m8888@@X[0;33;5;40;100mS[0;33;5;43;103m8[0;33;5;40;100mS[0;30;5;40;100m%[0;36;5;40;100m%[0;33;5;40;100mS[0;37;5;43;103m@[0;36;5;40;100m%%[0;30;5;40;100mS[0;1;30;90;43m8[0;37;43m@[0;30;5;40;100mX[0;37;5;43;103mX[0;37;43mX[0;30;5;40;100m@888[0;1;30;90;43m8[0;33;5;43;103m:[0;1;30;90;40m8[0;1;30;90;43m@@[0;1;30;90;40m@XX[0;33;5;43;103mt[0;33;5;40;100m8[0;1;30;90;40mS%[0;1;30;90;43m%[0;1;33;93;43mX[0;1;30;90;40m8[0;34;40m;::::::.............   [0m
[0;34;40m.;;;;[0;1;30;90;40m%SSXX@@8888[0;30;5;40;100m888@@XXS[0;33;5;40;100m%[0;1;30;90;43m8[0;37;5;43;103m8[0;1;30;90;43m8[0;33;5;40;100m%[0;37;5;43;103m8[0;33;5;40;100mt[0;36;5;40;100mtt[0;33;5;40;100m%[0;37;5;43;103m@[0;33;5;40;100mS[0;37;5;43;103m@[0;1;33;93;43m8[0;30;5;40;100m@@88[0;37;43mS[0;33;5;43;103m%[0;30;5;40;100m@[0;33;5;43;103mX[0;30;5;40;100m8[0;1;30;90;40m@@8[0;33;5;43;103m8[0;1;30;90;43mXS[0;1;33;93;43mS[0;1;30;90;43mt[0;31;40m%[0;34;40m;;::::::..............  [0m
[0;34;40m.;;;;[0;1;30;90;40mSSSXX@@888[0;30;5;40;100m8888@XXSS[0;36;5;40;100m%t[0;33;5;40;100mtt[0;37;43m8[0;37;5;43;103m8[0;33;47m8[0;37;5;43;103m8[0;37;43m8[0;33;5;40;100m%S[0;37;5;43;103m@@X[0;30;5;40;100mX@88[0;33;5;43;103mSS[0;1;33;93;43m@[0;33;5;40;100m88[0;1;30;90;43m@[0;1;33;93;43m@S@[0;1;30;90;43mS[0;33;5;40;100m8[0;1;30;90;40m@[0;34;40m;;;;::::::..............  [0m
[0;34;40m.;;;;[0;1;30;90;40mSSSXX@@888[0;30;5;40;100m888@@XXSS[0;36;5;40;100m%t;[0;33;5;40;100m;[0;37;5;43;103m8[0;1;30;90;43m8[0;36;5;40;100m:[0;33;5;40;100m;%[0;33;47m8[0;37;5;43;103m@@XX[0;33;5;40;100mX[0;30;5;40;100mX@[0;33;5;40;100m8[0;37;5;43;103mS%[0;33;5;43;103m@[0;1;33;93;43mX@[0;33;5;40;100m8[0;1;30;90;40m@X[0;1;30;90;43mX[0;33;5;43;103mX[0;1;30;90;40mX%[0;34;40m;;;;::::::..............  [0m
[0;34;40m.;;;;[0;1;30;90;40mSSSXX@@888[0;30;5;40;100m8888[0;33;5;40;100m@[0;30;5;40;100mSXSS[0;36;5;40;100m%tt[0;33;5;40;100mt[0;37;5;43;103m8[0;33;47m88[0;1;33;93;47m@[0;37;43m8[0;1;30;90;43m88[0;37;5;43;103m@XX[0;1;33;93;43m8[0;37;43mXSS[0;37;5;43;103mS%[0;33;5;43;103m8[0;1;30;90;43m8@@[0;1;33;93;43mS%[0;1;30;90;43mS[0;33;5;43;103m8[0;1;30;90;43mS[0;1;30;90;40m%[0;34;40m;;;;:[0;31;40m;[0;1;30;90;40m8[0;34;40m:::..............  [0m
[0;34;40m.;;;;[0;1;30;90;40m%SSXX@@8888[0;30;5;40;100m888[0;33;5;40;100m@[0;33;5;43;103m8[0;1;33;93;43m@[0;1;30;90;43m888[0;37;43m@[0;37;5;43;103m8@[0;37;43m8[0;33;5;40;100m%%tt[0;1;30;90;43m8[0;37;43m@[0;33;5;43;103m@[0;37;5;43;103mXXSSSS%[0;33;5;43;103m:[0;1;33;93;43m8S[0;1;30;90;43m8[0;30;5;40;100mS[0;1;30;90;40m8[0;31;5;40;100mS[0;1;30;90;43mXS[0;33;5;43;103m8[0;1;33;93;43mX[0;1;30;90;43mt%%t;[0;1;33;93;43mS[0;31;40mX[0;34;40m:::..............  [0m
[0;34;40m.;;;;[0;1;30;90;40m%SSXX@@8888[0;30;5;40;100m8888@[0;33;5;40;100mX@XXS[0;37;43m@[0;33;5;43;103m8[0;30;5;40;100m%%[0;33;5;40;100m%[0;37;5;43;103m@X@[0;37;43m@X[0;37;5;43;103mXXSSSS%[0;33;5;43;103mS[0;1;30;90;43m8@[0;33;5;43;103m@:[0;1;33;93;43m8[0;33;5;40;100m8[0;1;30;90;40mSS[0;1;30;90;43m%[0;1;33;93;43m%[0;1;30;90;40m8[0;31;5;40;100mS[0;1;30;90;43m%t[0;31;5;40;100mX[0;31;40m:[0;34;40m::::.............   [0m
[0;34;40m.:;;;;[0;1;30;90;40mSSSXX@@8888[0;30;5;40;100m8888@@XX[0;1;30;90;43m8[0;37;5;43;103mX[0;33;5;40;100mS[0;30;5;40;100mS[0;33;5;40;100mS[0;37;5;43;103mXX[0;33;5;40;100mX[0;30;5;40;100mXX@[0;33;5;40;100mX[0;1;33;93;43m@[0;37;5;43;103mSSS%[0;1;33;93;43m@[0;30;5;40;100mS[0;1;30;90;40m88@[0;33;5;40;100m8[0;33;5;43;103m8t[0;30;5;40;100m8[0;1;30;90;40mS8[0;33;5;43;103mt[0;1;30;90;43m%[0;34;40m;;::::::..............   [0m
[0;34;40m.:;;;;[0;1;30;90;40m%SSXXX@@8888[0;30;5;40;100m88888@[0;33;5;40;100mX[0;37;5;43;103mX[0;37;43mX[0;30;5;40;100mXX[0;1;30;90;43m8[0;37;5;43;103mX[0;37;43mX[0;30;5;40;100m@[0;33;5;40;100mX[0;37;43mX[0;33;5;43;103mX[0;37;43mS[0;33;5;40;100m8[0;33;5;43;103mX[0;37;5;43;103m%%[0;33;5;43;103mS[0;30;5;40;100mX[0;1;30;90;43m8[0;33;5;43;103m8[0;1;30;90;43m@[0;30;5;40;100mS[0;1;30;90;40mX[0;1;30;90;43mS[0;33;5;43;103m;[0;1;30;90;43mS[0;1;30;90;40mS[0;34;40m;[0;1;30;90;43m%[0;33;5;43;103mS[0;31;40m%[0;34;40m;::::::..............   [0m
[0;34;40m ::;;;;[0;1;30;90;40m%SSXXX@@88888[0;30;5;40;100m8888[0;1;30;90;43m8[0;37;5;43;103mS[0;33;5;40;100m@[0;30;5;40;100m@@[0;33;5;40;100m@[0;37;5;43;103mSS[0;33;5;40;100m@[0;30;5;40;100m8@[0;1;30;90;43m8[0;37;5;43;103mS[0;1;30;90;43m8[0;1;33;93;43mX[0;33;5;43;103m.:[0;1;33;93;43m8[0;1;30;90;43m8[0;33;5;43;103m:[0;1;30;90;43m@[0;1;30;90;40m@X8[0;33;5;43;103mS;[0;31;5;40;100mS[0;1;30;90;40m%[0;34;40m;[0;1;30;90;40mX[0;33;5;43;103m%[0;1;30;90;43mt[0;34;40m:::::::..............   [0m
 [0;34;40m:::;;;;[0;1;30;90;40m%SSXXX@@888888[0;30;5;40;100m88[0;33;5;43;103m%[0;1;30;90;43m8[0;30;5;40;100m8888[0;1;30;90;43m8[0;37;5;43;103mS[0;37;43mS[0;30;5;40;100m888[0;1;30;90;43m8[0;33;5;40;100m8[0;33;5;43;103m::::[0;33;5;40;100m8[0;1;30;90;43m@[0;1;30;90;40m@XX[0;1;30;90;43mS[0;33;5;43;103m;[0;1;30;90;43m%[0;1;30;90;40m%[0;34;40m;;;[0;1;30;90;43m;[0;33;5;43;103m%[0;31;40mt[0;34;40m:::::..............   [0m 
 [0;34;40m.::;;;;;[0;1;30;90;40m%SSSXX@@@88888[0;33;5;40;100m8[0;33;5;43;103m.[0;33;5;40;100m8[0;30;5;40;100m88888[0;1;33;93;43mX[0;37;5;43;103m%[0;1;30;90;43m8[0;1;30;90;40m88[0;1;33;93;43mS[0;33;5;43;103m:::::;[0;1;33;93;43mX[0;1;30;90;40mXX[0;33;5;40;100m8[0;33;5;43;103m;[0;1;33;93;43mX[0;1;30;90;40mS[0;34;40m;;;;[0;33;5;40;100m8[0;33;5;43;103m;[0;1;30;90;43mt[0;34;40m::::...............   [0m 
 [0;34;40m.:::;;;;;[0;1;30;90;40m%SSSXXX@@@@88[0;1;30;90;43m8[0;33;5;43;103m:[0;33;5;40;100m8[0;1;30;90;40m88888[0;30;5;40;100m8[0;33;5;43;103m@%[0;30;5;40;100m8[0;1;30;90;40m8[0;1;33;93;43mX[0;33;5;43;103m::::::[0;1;33;93;43m8[0;1;30;90;40mXX[0;33;5;43;103m@X[0;1;30;90;40m8[0;34;40m;;;;:[0;1;30;90;40m8[0;33;5;43;103m;[0;1;30;90;43m;[0;34;40m:::...............    [0m 
  [0;34;40m:::::;;;;;[0;1;30;90;40m%SSSXXXX@@@[0;1;30;90;43m@[0;33;5;43;103m:[0;33;5;40;100m8[0;1;30;90;40m888888[0;1;30;90;43m8[0;33;5;43;103m:[0;1;30;90;43m@[0;1;30;90;40m@[0;33;5;43;103m@:::::;S[0;1;30;90;40mS[0;1;30;90;43mS[0;33;5;43;103m;[0;1;30;90;43m%[0;34;40m;;;;::[0;30;5;40;100mX[0;33;5;43;103m;[0;1;30;90;43m:[0;34;40m:::...............    [0m 
  [0;34;40m.:::::;;;;;;[0;1;30;90;40mSSSSXXXXX[0;1;30;90;43mX[0;33;5;43;103m:[0;1;30;90;43mX[0;1;30;90;40m@@@@@@[0;1;30;90;43mX[0;33;5;43;103m:[0;1;30;90;43mX[0;1;30;90;40mX[0;33;5;43;103mt::;;;;;[0;1;30;90;40mX[0;1;30;90;43m%[0;33;5;43;103m;[0;1;30;90;43mt[0;34;40m;;;:::[0;1;30;90;43m;[0;33;5;43;103m;[0;1;30;90;43m:[0;34;40m::...............    [0m  
  [0;34;40m :::::::;;;;;;[0;1;30;90;40m%SSSSSX[0;33;5;40;100m8[0;33;5;43;103m:%[0;30;5;40;100m8[0;1;30;90;40mXXXX@[0;33;5;43;103m8:[0;1;30;90;43mS[0;1;30;90;40mX[0;33;5;43;103m;;;;;;;;[0;1;30;90;40m8[0;1;30;90;43m%[0;33;5;43;103m;@[0;31;40mt[0;34;40m::::[0;31;40m%[0;33;5;43;103m@;[0;1;30;90;43m;[0;34;40m................     [0m  
   [0;34;40m.::::::::;;;;;;;[0;1;30;90;40m%SSSS[0;1;30;90;43mS[0;33;5;43;103m;S[0;1;30;90;43mX[0;1;30;90;40m8X[0;31;5;40;100mS[0;1;33;93;43mS[0;33;5;43;103m;X[0;1;30;90;40m8S[0;33;5;43;103m;;;;;;;;[0;1;30;90;40m@[0;31;40m%[0;1;33;93;43m@[0;33;5;43;103m;[0;1;33;93;43mX[0;30;5;40;100mX[0;31;40m;t[0;1;30;90;43m;[0;33;5;43;103m8;[0;1;30;90;43m:[0;31;40m:[0;34;40m...............     [0m   
    [0;34;40m.:::::::::;;;;;;;;;;[0;1;30;90;40m%[0;1;30;90;43mS[0;1;33;93;43m@[0;33;5;43;103m;;;;%[0;1;30;90;43m%[0;1;30;90;40m8%[0;34;40m;[0;33;5;43;103mX;;;;;;t[0;31;40m;[0;34;40m:[0;31;40mt[0;1;30;90;43m;[0;33;5;43;103mS;;;;[0;1;33;93;43m@[0;1;30;90;43m;[0;32;40m.[0;34;40m................    [0m    
    [0;34;40m .:::::::::::;;;;;;;;;;[0;1;30;90;40m8[0;31;5;40;100mS[0;33;5;40;100m8[0;1;30;90;40m8[0;31;40mt[0;34;40m;;;;[0;1;30;90;43mt[0;33;5;43;103m;;;;;;[0;1;33;93;43mS[0;34;40m::::[0;31;40m:X[0;31;5;40;100mX[0;1;30;90;40m8[0;31;40m%[0;34;40m.................      [0m    
     [0;34;40m...:::::::::::::;;;;;;;;;;;;;;;[0;1;30;90;43mt[0;33;5;43;103m;;;;;;[0;1;30;90;43m;[0;34;40m:::::::..................      [0m     
      [0;34;40m....::::::::::::::::::::::::::[0;31;40m%[0;33;5;43;103mt;;;;;[0;31;40mX[0;34;40m:::::...................      [0m      
       [0;34;40m......:::::::::::::::::::::::[0;31;40mX[0;1;30;90;43m:[0;33;5;43;103m;;;;[0;1;33;93;43m%[0;31;40mX[0;34;40m::.....................      [0m       
        [0;34;40m........::::::::::::::::::::[0;1;30;90;43m:;[0;33;5;43;103m;;;;[0;1;30;90;43m;:[0;34;40m.....................       [0m        
         [0;34;40m.............:::::::::::::[0;31;40m%[0;33;5;43;103mS[0;1;30;90;43m:[0;1;33;93;43mS[0;33;5;43;103mtt[0;1;33;93;43m@[0;1;30;90;43m;[0;33;5;43;103m%[0;31;40mS[0;34;40m...................       [0m         
          [0;34;40m ......................[0;31;40m:[0;31;5;40;100mS[0;1;33;93;43m@[0;33;5;43;103mtX[0;1;30;90;43m;[0;33;5;43;103mtt[0;1;30;90;43m:[0;1;33;93;43m8[0;33;5;43;103mt[0;1;33;93;43m8[0;1;30;90;43m:[0;31;40m.[0;34;40m...............        [0m          
            [0;34;40m......................[0;31;40mX[0;1;30;90;43m.[0;33;5;43;103mtt[0;1;30;90;43m:[0;1;33;93;43mS@[0;1;30;90;43m:[0;33;5;43;103mtt[0;1;30;90;43m.[0;31;40m@[0;34;40m..............        [0m            
             [0;34;40m.......................[0;1;30;90;43m.[0;33;5;43;103mtS[0;1;30;90;43m::[0;33;5;43;103m@t[0;1;30;90;43m.[0;31;40m.[0;34;40m.............         [0m             
              [0;34;40m .....................[0;1;30;90;43m:[0;33;5;43;103mtt[0;1;33;93;43m%[0;1;30;90;43m.[0;33;5;43;103mtt[0;1;30;90;43m:[0;34;40m............          [0m              
                [0;34;40m ...................[0;1;30;90;43m.[0;33;5;43;103mt%%%%%[0;1;33;93;43mt[0;31;40m.[0;34;40m........           [0m                
                  [0;34;40m .................[0;31;40mS[0;1;30;90;43m.[0;33;5;43;103m%%%%[0;1;30;90;43m.[0;31;40mX.[0;34;40m....             [0m                  
                    [0;34;40m .................[0;1;30;90;43m.[0;33;5;43;103m%%[0;1;30;90;43m.[0;34;40m...               [0m                    
                      [0;34;40m ................[0;1;30;90;43m..[0;34;40m                 [0m                      
                        [0;34;40m               [0;31;40m::[0;34;40m               [0m                        
                          [0;34;40m                            [0m                          
                             [0;34;40m                      [0m                             
                                [0;34;40m                [0m                                
                                   [0;34;40m          [0m                                   
                                      [0;34;40m    [0m                                      
