[0;1;30;90;40m8[0;36;5;40;100m............................................................:::::::::::;;;;;;;[0;1;30;90;40m8[0m
[0;30;5;40;100mX[0;37;5;40;100mXXXXXXX@@@@@@@@@@@@@88888888888888888@@@@@@@@@@@@XXXXXXXXXXXSSSSSSSS%[0;36;5;40;100m         [0;30;5;40;100mX[0m
[0;30;5;40;100mX[0;37;5;40;100mXXXXX@@@@@@@@@@@8888888888888888888888888@@@@@@@@@@XXXXXXXXXXSSSSSSSS%[0;36;5;40;100m        [0;30;5;40;100mX[0m
[0;30;5;40;100mX[0;37;5;40;100mXXXX@@@@@@@@@8888888888888888888888888888888@@@@@@@@@XXXXXXXXXXSSSSSSS%[0;36;5;40;100m       [0;30;5;40;100mX[0m
[0;30;5;40;100mX[0;37;5;40;100mXX@@@@@@@@@8888888888[0;1;30;90;47m88888888888888[0;37;5;40;100m88888888888@@@@@@@@@XXXXXXXXXSSSSSSS%[0;36;5;40;100m      [0;30;5;40;100mX[0m
[0;30;5;40;100mX[0;37;5;40;100mX@@@@@@@@88888888[0;1;30;90;47m8888888888888888888888[0;37;5;40;100m888888888@@@@@@@@XXXXXXXXXSSSSSSS%[0;36;5;40;100m     [0;30;5;40;100mX[0m
[0;30;5;40;100mX[0;37;5;40;100m@@@@@@@88888888[0;1;30;90;47m888888888888888888888888888[0;37;5;40;100m88888888@@@@@@@XXXXXXXXXSSSSSS%%[0;36;5;40;100m    [0;30;5;40;100mX[0m
[0;30;5;40;100mX[0;37;5;40;100m@@@@@@8888888[0;1;30;90;47m8888888888888888888888888888888[0;37;5;40;100m8888888@@@@@@@XXXXXXXXSSSSSSS%[0;36;5;40;100m    [0;30;5;40;100mX[0m
[0;30;5;40;100mX[0;37;5;40;100m@@@@@888888[0;1;30;90;47m8888888888888@@@@@@@@@8888888888888[0;37;5;40;100m888888@@@@@@@XXXXXXXXSSSSSSS%[0;36;5;40;100m   [0;30;5;40;100mX[0m
[0;32;5;40;100mX[0;37;5;40;100m@@@@888888[0;1;30;90;47m8888888888@@@@@@@XXX@@@@@@@8888888888[0;37;5;40;100m888888@@@@@@@XXXXXXXXSSSSSS%[0;36;5;40;100m   [0;30;5;40;100mX[0m
[0;32;5;40;100mX[0;37;5;40;100m@@@888888[0;1;30;90;47m888888888@@@@XXXXXXXXXXXXX@@@@888888888[0;37;5;40;100m888888@@@@@@XXXXXXXXSSSSSSS%[0;36;5;40;100m  [0;30;5;40;100mX[0m
[0;32;5;40;100mS[0;37;5;40;100m@@888888[0;1;30;90;47m88888888@@@XXXXSSSSSSSSSSSXXX@@@@88888888[0;37;5;40;100m888888@@@@@@XXXXXXXXSSSSSS%[0;36;5;40;100m  [0;30;5;40;100mX[0m
[0;32;5;40;100mS[0;37;5;40;100m@@88888[0;1;30;90;47m88888888@@@XXXSS8[0;37;5;40;100m88[0;1;30;90;47mX%%%%SSSSSXXX@@@88888888[0;37;5;40;100m8@[0;36;5;40;100m   [0;37;5;40;100m@@@@@@XXXXXXXXSSSSSS%%[0;36;5;40;100m [0;30;5;40;100mX[0m
[0;32;5;40;100mS[0;37;5;40;100m@888888[0;1;30;90;47m8888888@@@X8[0;36;5;40;100m   t;  [0;37;5;40;100m@[0;1;30;90;47mSS@%%%[0;37;5;40;100m8[0;36;5;40;100m [0;1;30;90;47mSSS[0;36;5;40;100m  [0;1;30;90;47m@@@[0;36;5;40;100m  [0;1;30;90;47m888[0;37;5;40;100mX88[0;36;5;40;100m [0;30;5;40;100mS8[0;1;30;90;40m@X[0;30;5;40;100m@8[0;32;5;40;100m%[0;36;5;40;100m [0;37;5;40;100mX@XXXXXXXSSSSSSS%[0;36;5;40;100m [0;30;5;40;100mX[0m
[0;32;5;40;100mS[0;37;5;40;100m@88888[0;1;30;90;47m8888888@@@[0;37;5;40;100m8[0;36;5;40;100m:[0;30;5;40;100m@@[0;36;5;40;100m .t [0;37;5;40;100mXS[0;1;30;90;47m%t8[0;36;5;40;100m;[0;1;30;90;47mX%%[0;37;5;40;100mS[0;30;5;40;100mS[0;1;30;90;47m8SS[0;36;5;40;100mt[0;30;5;40;100mS[0;1;30;90;47m@@8[0;30;5;40;100m8[0;36;5;40;100m.[0;1;30;90;47m88[0;37;5;40;100m8[0;1;30;90;40m8[0;36;5;40;100m [0;1;30;90;47m8[0;37;5;40;100m8[0;36;5;40;100m:.[0;30;5;40;100m@[0;1;30;90;40mX@[0;30;5;40;100m@[0;34;40m::[0;1;30;90;40m8[0;36;5;40;100m [0;37;5;40;100mXXXXXXXXSSSSSS%[0;36;5;40;100m [0;30;5;40;100mX[0m
[0;32;5;40;100mS[0;37;5;40;100m888888[0;1;30;90;47m8888888@@8[0;30;5;40;100mS8@@XX[0;36;5;40;100m [0;1;30;90;47m%t[0;37;5;40;100mXS[0;1;30;90;47mtS[0;36;5;40;100m; [0;1;30;90;47m%%[0;36;5;40;100m ; [0;1;30;90;47mS8[0;30;5;40;100mX@[0;37;5;40;100m8[0;1;30;90;47mX[0;36;5;40;100m [0;30;5;40;100m8[0;36;5;40;100m;[0;1;30;90;47m88[0;30;5;40;100mS[0;1;30;90;40m@[0;37;5;40;100mX[0;1;30;90;47m8[0;36;5;40;100m:t[0;37;5;40;100m88[0;30;5;40;100m8[0;34;40m;::::[0;32;40m;[0;36;5;40;100m [0;37;5;40;100mXXXXXXXSSSSSS%[0;36;5;40;100m [0;30;5;40;100mX[0m
[0;32;5;40;100mS[0;37;5;40;100m888888[0;1;30;90;47m8888888@[0;37;5;40;100mX[0;30;5;40;100mS88@XX[0;36;5;40;100m.[0;1;30;90;47m@ttS[0;36;5;40;100m.[0;37;5;40;100m8[0;1;30;90;47mt[0;36;5;40;100m.:[0;37;5;40;100mS[0;1;30;90;47mt[0;36;5;40;100m tt[0;1;30;90;47m@[0;36;5;40;100m [0;30;5;40;100mXX[0;36;5;40;100m [0;1;30;90;47m8[0;30;5;40;100m@8X[0;1;30;90;47m8[0;36;5;40;100m [0;1;30;90;40m88[0;37;5;40;100m8[0;36;5;40;100m [0;1;30;90;40m@[0;37;5;40;100mS88S[0;1;30;90;40m8[0;34;40m:::::[0;32;40mt[0;36;5;40;100m.[0;37;5;40;100mXXXXXXSSSSSS%[0;36;5;40;100m [0;30;5;40;100mX[0m
[0;32;5;40;100mS[0;37;5;40;100m88888[0;1;30;90;47m8888888[0;37;5;40;100m@[0;36;5;40;100mt[0;30;5;40;100m888@@XX[0;1;30;90;47m8%ttt[0;36;5;40;100m .[0;1;30;90;47m8[0;36;5;40;100m ::[0;1;30;90;47m8[0;36;5;40;100m.%% :[0;30;5;40;100mX@[0;32;5;40;100m%[0;36;5;40;100m [0;30;5;40;100m888[0;37;5;40;100mS[0;1;30;90;40m8@[0;30;5;40;100m8[0;36;5;40;100m [0;1;30;90;40m@8[0;37;5;40;100m8888[0;36;5;40;100m [0;34;40m;::::::[0;1;30;90;40m8[0;36;5;40;100m [0;37;5;40;100mXXXXSSSSSS%[0;36;5;40;100m [0;30;5;40;100mX[0m
[0;32;5;40;100mS[0;37;5;40;100m888888[0;1;30;90;47m88888[0;36;5;40;100m [0;30;5;40;100m8[0;1;30;90;40m8[0;30;5;40;100m8@S@@X[0;36;5;40;100m%[0;1;30;90;47m8%%tt[0;37;5;40;100mX[0;36;5;40;100m;..:;:;[0;30;5;40;100mSS[0;36;5;40;100m%[0;30;5;40;100mS@8@@8[0;1;30;90;40m8[0;30;5;40;100m88[0;1;30;90;40m8888X[0;36;5;40;100m;[0;37;5;40;100m8888[0;36;5;40;100m [0;1;30;90;40mS[0;34;40m:::[0;1;30;90;40mS[0;34;40m;..:[0;36;5;40;100mt[0;37;5;40;100mXXXSSSSSS%[0;36;5;40;100m [0;30;5;40;100mX[0m
[0;32;5;40;100mS[0;37;5;40;100m@88888[0;1;30;90;47m8888[0;36;5;40;100m [0;1;30;90;40m8888[0;30;5;40;100m88S@@S[0;36;5;40;100m [0;1;30;90;47m%%%t@[0;36;5;40;100mt;;:t;;[0;30;5;40;100mSSSS@@@@8[0;1;30;90;40m8[0;30;5;40;100m8[0;1;30;90;40m8888@S[0;36;5;40;100m [0;37;5;40;100m8888[0;36;5;40;100mt[0;34;40m;::[0;1;30;90;40mS[0;34;40m::...:[0;36;5;40;100m;[0;37;5;40;100mXXSSSSSS%[0;36;5;40;100m [0;30;5;40;100mX[0m
[0;32;5;40;100mS[0;37;5;40;100m@88888[0;1;30;90;47m888[0;37;5;40;100m8[0;30;5;40;100m8[0;1;30;90;40m8888[0;30;5;40;100m8@X8@X[0;37;5;40;100m@[0;1;30;90;47m%%%%[0;37;5;40;100m@[0;36;5;40;100m;ttt%[0;30;5;40;100m%SSXX@@8888[0;1;30;90;40m8888@@@@[0;36;5;40;100m.[0;37;5;40;100m8888[0;36;5;40;100m [0;34;40m;::;;:::.:[0;32;40m;[0;36;5;40;100m [0;37;5;40;100mXSSSSSS%[0;36;5;40;100m [0;30;5;40;100mX[0m
[0;30;5;40;100mX[0;37;5;40;100m@888888[0;1;30;90;47m88[0;36;5;40;100m;[0;1;30;90;40m8[0;30;5;40;100m8[0;1;30;90;40m8[0;30;5;40;100m@[0;1;30;90;40m8[0;30;5;40;100m8@88X[0;36;5;40;100m.[0;1;30;90;47m@S%%%%[0;36;5;40;100m;[0;30;5;40;100mSSSXXX@@@8888[0;1;30;90;40m8888@@XXS@[0;37;5;40;100m88888X[0;30;5;40;100m@[0;34;40m;::;;.[0;1;30;90;40mS[0;34;40m:;:[0;30;5;40;100m8[0;37;5;40;100mSSSSSSS%[0;36;5;40;100m [0;30;5;40;100m@[0m
[0;30;5;40;100m8[0;37;5;40;100m@@88888[0;1;30;90;47m8[0;36;5;40;100m [0;1;30;90;40m888[0;30;5;40;100m8[0;1;30;90;40m8[0;30;5;40;100m88[0;1;30;90;40m8[0;30;5;40;100m88[0;36;5;40;100m: [0;1;30;90;47m8SSSSS[0;36;5;40;100m [0;30;5;40;100mSS[0;31;5;40;100mSSSX[0;30;5;40;100mXX@@8888[0;1;30;90;40m88[0;1;30;90;41m888[0;31;5;40;100m8[0;1;30;90;40m@@[0;30;5;40;100m8[0;37;5;40;100m8888@%[0;36;5;40;100m:[0;30;5;40;100m8[0;34;40m:::;;.;;;;[0;36;5;40;100m.[0;37;5;40;100mSSSSS%%[0;36;5;40;100m [0;30;5;40;100m8[0m
[0;1;30;90;40mX[0;37;5;40;100m@@88888X[0;30;5;40;100m@[0;1;30;90;40m@88@[0;30;5;40;100m8[0;1;30;90;40m88[0;30;5;40;100m@8SS[0;36;5;40;100m [0;1;30;90;47mXXX8@[0;36;5;40;100m [0;30;5;40;100m@[0;31;5;40;100m@[0;1;30;90;41m8[0;31;5;41;101mXX8[0;31;5;40;100m8[0;30;5;40;100m888[0;31;5;40;100m8[0;1;30;90;41m888[0;1;30;90;40m88@@[0;1;31;91;41m8[0;31;5;41;101m88[0;1;31;91;41m%[0;30;41m8[0;1;30;90;40m%[0;30;5;40;100mX[0;37;5;40;100mSS@@@[0;36;5;40;100m.[0;1;30;90;40m@X[0;34;40m;[0;1;30;90;40mX[0;34;40m.:;::;:[0;1;30;90;40m@[0;36;5;40;100m [0;37;5;40;100mSSSS%[0;36;5;40;100m  [0;1;30;90;40m@[0m
 [0;37;5;40;100mX@@@S[0;36;5;40;100m [0;30;5;40;100mX[0;1;30;90;40m@88@[0;30;5;40;100m8[0;1;30;90;40m88@88[0;36;5;40;100mtt%.t::%[0;30;5;40;100m@8[0;1;30;90;41m8[0;31;5;41;101mXXXX[0;1;30;90;41m8[0;30;5;40;100m888[0;1;30;90;41m8[0;31;5;41;101m@@@@[0;1;30;90;41m@[0;1;30;90;40m@@X[0;1;30;90;41mX[0;31;5;41;101m8888[0;1;30;90;41m%[0;31;40mS[0;34;40m;[0;1;30;90;40m8[0;30;5;40;100m88[0;1;30;90;40m8[0;30;5;40;100m@[0;1;30;90;40m8[0;30;5;40;100m88[0;34;40m;..:;[0;1;30;90;40mS[0;34;40m:;;;[0;1;30;90;40m8[0;36;5;40;100mt  [0;37;5;40;100m%[0;36;5;40;100m  [0m 
 [0;36;5;40;100m [0;37;5;40;100m@[0;36;5;40;100m [0;30;5;40;100m@8X8[0;1;30;90;40m88@8@[0;30;5;40;100m8[0;36;5;40;100m.[0;30;5;40;100mX[0;36;5;40;100m%[0;1;30;90;40m@[0;30;5;40;100mXS[0;36;5;40;100m. %[0;37;5;40;100mX[0;36;5;40;100m :[0;30;5;40;100m8[0;31;5;40;100m8[0;1;30;90;41m8[0;31;5;41;101m@@@@[0;1;30;90;41m8[0;1;30;90;40m888[0;1;30;90;41m8[0;31;5;41;101m@@@8[0;1;31;91;41mX[0;1;30;90;40mXXX[0;1;30;90;41mX[0;31;5;41;101m8888[0;1;31;91;41mS[0;31;40m@[0;32;40mt[0;30;5;40;100m@[0;36;5;40;100mt [0;1;30;90;40m8[0;32;5;40;100mS[0;30;5;40;100mX[0;1;30;90;40m88[0;34;40m:[0;1;30;90;40m88[0;30;5;40;100mS[0;1;30;90;40mX[0;34;40m:;;;[0;32;40m;[0;1;30;90;40mX[0;30;5;40;100m8[0;1;30;90;40m88[0;36;5;40;100m;  [0m 
 [0;30;5;40;100m@[0;37;5;40;100m@@@[0;36;5;40;100m   .[0;1;30;90;40mS@@[0;36;5;40;100m;[0;37;5;40;100mX@[0;36;5;40;100m [0;1;30;90;47m8[0;36;5;40;100m.[0;37;5;40;100m8[0;36;5;40;100m.tt [0;1;30;90;47m888[0;37;5;40;100m8[0;36;5;40;100mt[0;1;30;90;40m8[0;1;30;90;41m8[0;1;31;91;41m8[0;31;5;41;101m@@[0;1;31;91;41m8[0;1;30;90;40m8888[0;1;30;90;41m@[0;1;31;91;41mSS[0;1;30;90;41mX[0;1;30;90;40mXXXS[0;1;31;91;41mX[0;31;5;41;101m88[0;1;31;91;41m@[0;30;41mS[0;31;40m;[0;1;30;90;40m8[0;36;5;40;100m [0;37;5;40;100m@@X[0;36;5;40;100m;[0;30;5;40;100m88X[0;37;5;40;100mS[0;30;5;40;100mS[0;37;5;40;100mS[0;36;5;40;100m   %[0;34;40m:;.[0;36;5;40;100m%.; [0;37;5;40;100m%[0;36;5;40;100m  [0;30;5;40;100mX[0m 
  [0;37;5;40;100mX@@@@[0;36;5;40;100m [0;1;30;90;40mS@X[0;36;5;40;100m.[0;37;5;40;100m88[0;1;30;90;47m8888[0;36;5;40;100m t[0;37;5;40;100m8[0;1;30;90;47m8888888[0;36;5;40;100m [0;30;5;40;100mX[0;1;30;90;40m8[0;1;30;90;41m88[0;31;5;41;101m8[0;1;31;91;41mX[0;1;30;90;40m@@@@XXXXS[0;31;40m@[0;1;31;91;41m%8[0;1;30;90;41m%[0;30;41m@[0;31;40mt[0;1;30;90;40m8[0;36;5;40;100m.[0;37;5;40;100m@@@@@SXS[0;30;5;40;100m8[0;36;5;40;100m;[0;37;5;40;100mXXXXXS[0;36;5;40;100m;[0;34;40m:;[0;32;40m:[0;36;5;40;100m.[0;37;5;40;100mS%[0;36;5;40;100m   [0;32;40m;[0m 
  [0;36;5;40;100m:[0;37;5;40;100m@@@S[0;1;30;90;40m@X8[0;36;5;40;100m [0;37;5;40;100m888888[0;1;30;90;47m8[0;37;5;40;100m8X[0;1;30;90;47m8888888888[0;37;5;40;100mS[0;36;5;40;100m:[0;1;30;90;40m8@[0;1;30;90;41m@@X[0;1;30;90;40mXXXSS[0;31;40mS[0;30;41m8[0;1;30;90;41mS[0;30;41m8[0;31;40mt[0;1;30;90;40mX[0;30;5;40;100mS[0;36;5;40;100m [0;37;5;40;100m@@@@@@@@XX[0;36;5;40;100m  [0;37;5;40;100mXXXXSSS[0;36;5;40;100m.[0;1;30;90;40mS[0;34;40m;[0;32;40m;[0;36;5;40;100m [0;37;5;40;100m%[0;36;5;40;100m  :[0m  
  [0;32;40mt[0;37;5;40;100mX@@[0;36;5;40;100m %.[0;37;5;40;100mX888888888[0;1;30;90;47m88888888888888[0;37;5;40;100mS[0;36;5;40;100m t[0;30;5;40;100mX8[0;1;30;90;40m8@@@8[0;30;5;40;100m8[0;32;5;40;100mS[0;36;5;40;100m. [0;37;5;40;100m@8@@@@@@@@XXXXXXXXXSSSS[0;36;5;40;100m :[0;30;5;40;100m@[0;36;5;40;100m    [0;1;30;90;40mS[0m  
   [0;36;5;40;100mt[0;37;5;40;100m@@@@@@@@888888888888[0;1;30;90;47m88888888888[0;37;5;40;100m888888888888@@@@@@@@XXXXXXXXXSSSSSSSS%[0;36;5;40;100m   t[0m   
    [0;36;5;40;100m [0;37;5;40;100m@@@@@@@@@@88888888888888888888888888888@@@@@@@@@@XXXXXXXXXSSSSSSSS%[0;36;5;40;100m    [0m    
    [0;1;30;90;40m@[0;37;5;40;100mXX@@@@@@@@@@@88888888888888888888888@@@@@@@@@@@XXXXXXXXXXSSSSSSSS%[0;36;5;40;100m    [0;1;30;90;40m@[0m    
     [0;30;5;40;100m8[0;37;5;40;100mXXX@@@@@@@@@@@@@@8888888888888@@@@@@@@@@@@@@XXXXXXXXXXXSSSSSSS%%[0;36;5;40;100m    [0;30;5;40;100m8[0m     
      [0;32;5;40;100mS[0;37;5;40;100mXXXXX@@@@@@@@@@@@@@@@@@@@@@@@@@@@@@@@@@@XXXXXXXXXXXXSSSSSSSS%%[0;36;5;40;100m    %[0m      
       [0;36;5;40;100mt[0;37;5;40;100mXXXXXXX@@@@@@@@@@@@@@@@@@@@@@@@@@@@@XXXXXXXXXXXXXSSSSSSSSS%[0;36;5;40;100m     t[0m       
        [0;36;5;40;100m%[0;37;5;40;100mXXXXXXXXXX@@@@@@@@@@@@@@@@@@@@XXXXXXXXXXXXXXXXSSSSSSSSS%%[0;36;5;40;100m     %[0m        
         [0;30;5;40;100m@[0;37;5;40;100mXXXXXXXXXXXXXXXXXXXXXXXXXXXXXXXXXXXXXXXXXXXSSSSSSSSSS%[0;36;5;40;100m      [0;30;5;40;100m@[0m         
          [0;1;30;90;40m8[0;36;5;40;100m [0;37;5;40;100mXXXXXXXXXXXXXXXXXXXXXXXXXXXXXXXXXXXXXXSSSSSSSSSSS%%[0;36;5;40;100m      [0;1;30;90;40m8[0m          
            [0;36;5;40;100m.[0;37;5;40;100mXXXXXXXXXXXXXXXXXXXXXXXXXXXXXXXXXXSSSSSSSSSSSS%%[0;36;5;40;100m      .[0m            
             [0;30;5;40;100mX[0;37;5;40;100mSSXXXXXXXXXXXXXXXXXXXXXXXXXXXSSSSSSSSSSSSSS%[0;36;5;40;100m        [0;30;5;40;100mX[0m             
              [0;1;30;90;40mS[0;36;5;40;100m.[0;37;5;40;100mSSSSSSSXXXXXXXXXXXXXSSSSSSSSSSSSSSSSSS%%[0;36;5;40;100m        .[0;1;30;90;40mS[0m              
                [0;1;30;90;40m8[0;36;5;40;100m [0;37;5;40;100mSSSSSSSSSSSSSSSSSSSSSSSSSSSSSSSSS%%[0;36;5;40;100m          [0;30;5;40;100m8[0m                
                  [0;30;5;40;100mX[0;36;5;40;100m [0;37;5;40;100mSSSSSSSSSSSSSSSSSSSSSSSSSSS%%%[0;36;5;40;100m           [0;32;5;40;100mX[0m                  
                    [0;32;5;40;100mS[0;36;5;40;100m [0;37;5;40;100mSSSSSSSSSSSSSSSSSSSS%%%%[0;36;5;40;100m             [0;32;5;40;100mS[0m                    
                      [0;30;5;40;100mX[0;36;5;40;100m [0;37;5;40;100m%%%%%%%%%%%%%%%%[0;36;5;40;100m                 [0;30;5;40;100mX[0m                      
                        [0;30;5;40;100m8[0;36;5;40;100m                              [0;30;5;40;100m8[0m                        
                          [0;1;30;90;40mX[0;36;5;40;100m;                        ;[0;1;30;90;40m@[0m                          
                             [0;30;5;40;100m8[0;36;5;40;100m:                  .[0;30;5;40;100m8[0m                             
                                [0;30;5;40;100m8[0;36;5;40;100m.            .[0;30;5;40;100m@[0m                                
                                   [0;30;5;40;100m8[0;36;5;40;100m;      :[0;30;5;40;100m8[0m                                   
                                      [0;1;30;90;40mX[0;30;5;40;100m@X[0;1;30;90;40mX[0m                                      
