[0;1;30;90;40m8[0;36;5;40;100m;;;;;;;;;;;;;;;;;;;;;;;;::::::::;;;;;;;;;;;;;;;;;;;;;;;;;;;ttttttttttt%%%[0;32;5;40;100m%%%%%[0;1;30;90;40m8[0m
[0;32;5;40;100m8[0;36;5;40;100m       [0;37;5;40;100mt[0;33;5;40;100m%%X%[0;36;5;40;100m [0;37;5;40;100m%%%%%%%%%%%SSSS[0;33;5;40;100mS;S;[0;36;5;40;100m [0;37;5;40;100m%%%%%%%%%%%%tt[0;36;5;40;100m [0;31;5;40;100mS[0;33;5;40;100m%@t[0;36;5;40;100m               [0;33;5;40;100m:[0;31;5;40;100mS[0;33;5;40;100m@[0;31;5;40;100mS[0;33;5;40;100m%[0;36;5;40;100m      [0;30;5;40;100m8[0m
[0;32;5;40;100m8[0;36;5;40;100m   [0;33;5;40;100m.     [0;37;5;40;100mS@[0;1;30;90;47m8[0;37;5;40;100mX[0;33;5;40;100m;[0;37;5;40;100m%%%%SSSSS[0;33;5;40;100m [0;37;5;40;100m%[0;33;5;40;100m [0;37;5;40;100m%[0;33;5;40;100m  [0;37;5;40;100m@8[0;1;30;90;47m@[0;33;5;40;100m  [0;37;5;40;100mSSSSS%%%[0;36;5;40;100m [0;33;5;40;100m      [0;37;5;40;100mX8[0;1;30;90;47m8[0;33;5;40;100m:.[0;36;5;40;100m        [0;33;5;40;100m        [0;37;5;40;100mX@[0;33;5;40;100mS.[0;36;5;40;100m    [0;30;5;40;100m8[0m
[0;32;5;40;100m8[0;36;5;40;100m   [0;1;37;97;47mS[0;37;5;47;107mtttttttt[0;1;30;90;47m8[0;37;5;40;100m%%SSSSSSSX[0;37;5;47;107m@;;;;;;;%[0;36;5;40;100m [0;37;5;40;100mSSSSSSSSS[0;1;30;90;47m8[0;37;5;47;107m%ttttttt[0;1;37;97;47mS[0;36;5;40;100m          [0;1;30;90;47mS[0;37;5;47;107mSSSSSXXX[0;1;30;90;47m%[0;36;5;40;100m      [0;30;5;40;100m8[0m
[0;32;5;40;100m8[0;36;5;40;100m   [0;37;5;47;107mttttttttt[0;1;30;90;47m8[0;37;5;40;100mSSSSSSXXX[0;1;30;90;47m@[0;37;5;47;107m;;;;;;;;t[0;36;5;40;100m [0;37;5;40;100mXXXXXSSSS[0;1;30;90;47m.[0;37;5;47;107mtttttttt[0;1;37;97;47mS[0;36;5;40;100m [0;37;5;40;100mtt[0;36;5;40;100m       [0;1;37;97;47mS[0;37;5;47;107mSSSSSSXX[0;1;30;90;47mS[0;36;5;40;100m      [0;30;5;40;100m8[0m
[0;32;5;40;100m@[0;33;5;40;100m: [0;36;5;40;100m [0;1;37;97;47m [0;37;5;47;107mtttttttt[0;1;37;97;47m;[0;36;5;40;100m [0;37;5;40;100mS%[0;33;5;40;100m%;[0;37;5;40;100mXX[0;33;5;40;100m [0;37;5;40;100mX[0;36;5;40;100m [0;37;5;47;107m8;;;;;;;;[0;1;30;90;47mS[0;37;5;40;100mSX[0;33;5;40;100m % [0;37;5;40;100mXS[0;33;5;40;100m [0;37;5;40;100mS[0;36;5;40;100m [0;37;5;47;107m%tttttttt[0;36;5;40;100m  [0;37;5;40;100mt[0;33;5;40;100mtX.[0;36;5;40;100m [0;33;5;40;100m .[0;36;5;40;100m [0;37;5;40;100m8[0;37;5;47;107m%SSSSSSX[0;1;37;97;47m8[0;36;5;40;100m;  [0;33;5;40;100m88.[0;30;5;40;100m8[0m
[0;32;5;40;100m@[0;33;5;40;100m;[0;1;30;90;41m8[0;33;5;40;100m.[0;36;5;40;100m [0;37;5;47;107m8[0;1;37;97;47m%[0;1;30;90;47m.;:[0;1;37;97;47m..X[0;37;5;47;107m8[0;1;30;90;47m%[0;36;5;40;100m [0;37;5;40;100m%[0;33;5;40;100m.S:[0;37;5;40;100m@[0;33;5;40;100mt@[0;36;5;40;100m [0;1;30;90;47m8[0;37;5;47;107m8[0;1;37;97;47mS.[0;1;30;90;47m. [0;1;37;97;47mtt8[0;37;5;47;107m8[0;37;5;40;100m8S[0;33;5;40;100m  8 [0;37;5;40;100mS[0;33;5;40;100m8S[0;36;5;40;100m [0;1;30;90;47m;[0;1;37;97;47m8:[0;1;30;90;47m.::[0;1;37;97;47m.;@@[0;36;5;40;100m  [0;33;5;40;100m;.[0;1;30;90;41m8[0;36;5;40;100m [0;33;5;40;100m [0;1;30;90;41m8[0;33;5;40;100m%[0;36;5;40;100m [0;1;37;97;47m;%[0;1;30;90;47m:%%;.[0;1;37;97;47m:S [0;36;5;40;100m; [0;33;5;40;100mXX8[0;32;5;40;100m8[0m
[0;32;5;40;100m@[0;33;5;40;100mS[0;31;5;40;100mX[0;33;5;40;100mtt [0;37;5;40;100m%%[0;36;5;40;100mt[0;33;5;40;100mS[0;36;5;40;100m :     [0;33;5;40;100m [0;1;30;90;43m8[0;33;5;40;100m [0;37;5;40;100m@[0;33;5;40;100mSt  [0;37;5;40;100m@[0;1;30;90;47m8[0;37;5;40;100m@[0;36;5;40;100m [0;33;5;40;100m;[0;37;5;40;100mX[0;36;5;40;100m [0;37;5;40;100mSS%[0;36;5;40;100m  [0;33;5;40;100m [0;1;30;90;43m8[0;37;5;40;100mSX[0;33;5;40;100m8;:.[0;37;5;40;100mXS[0;36;5;40;100m .[0;33;5;40;100mX[0;36;5;40;100m t   ; [0;33;5;40;100m@8[0;36;5;40;100m [0;33;5;40;100m.[0;1;30;90;41m8[0;33;5;40;100mt%:[0;36;5;40;100m  t[0;33;5;40;100mSS[0;36;5;40;100m;t ::[0;32;5;40;100mS[0;33;5;40;100m.88[0;32;5;40;100m8[0m
[0;32;5;40;100m@[0;33;5;40;100m%[0;31;43m8[0;1;30;90;41m88[0;31;5;40;100m8[0;33;5;40;100m;:X@:;t.:X@[0;1;30;90;43m@[0;33;5;40;100m.[0;1;30;90;47m88[0;33;5;40;100m%[0;1;30;90;43m8[0;33;5;40;100m8[0;31;5;40;100mS[0;33;5;40;100mS   % .. .%@[0;1;30;90;43m8[0;37;5;40;100mX[0;1;30;90;47m8[0;37;5;40;100m@[0;33;5;40;100m8[0;1;30;90;43mX[0;31;5;40;100mX8[0;33;5;40;100m%.tt8:SttX[0;31;5;40;100mS[0;1;30;90;41m8[0;1;30;90;43mX[0;33;5;40;100m [0;37;5;40;100mt[0;33;5;40;100m [0;33;41m8[0;1;30;90;41m8[0;30;41m8[0;31;40m8[0;33;5;40;100mSt[0;32;5;40;100mS[0;33;5;40;100m@8%[0;30;5;40;100mS[0;33;5;40;100m%S[0;30;5;40;100mX[0;31;5;40;100mX[0;33;41m@[0;33;5;40;100m8[0;36;5;40;100m [0;32;5;40;100m8[0m
[0;32;5;40;100m@[0;37;5;40;100m%[0;33;5;40;100mt[0;1;30;90;43m8[0;31;43m8[0;1;30;90;41m88888[0;31;5;40;100m@XXX@[0;1;30;90;43m@[0;31;5;40;100m@[0;33;5;40;100m8;[0;37;5;40;100m@[0;1;30;90;47m88[0;33;5;40;100m.[0;1;30;90;43m88[0;33;5;40;100m8888888888[0;1;30;90;43m8[0;33;5;40;100m88 [0;1;30;90;47m88[0;37;5;40;100mX[0;33;5;40;100m%[0;1;30;90;43m8X[0;31;5;40;100mXX@[0;1;30;90;41m888888[0;33;41m88[0;1;30;90;41m8[0;31;5;40;100mS[0;33;5;40;100m:[0;37;5;40;100mtt[0;33;5;40;100m.8[0;31;43m8[0;33;41m@[0;30;41m@@@@@@@@@[0;33;41m@[0;30;41mX[0;1;30;90;41m8[0;31;5;40;100mS[0;33;5;40;100m:[0;32;5;40;100m8[0m
[0;32;5;40;100m@[0;37;5;40;100m%%%%%[0;33;5;40;100mtttt;;;;:.[0;37;5;40;100mX[0;33;5;40;100mX[0;37;5;40;100m%[0;1;30;90;47m8888888[0;33;5;40;100m          [0;37;5;40;100m@[0;33;5;40;100mS[0;37;5;40;100m@[0;1;30;90;47m88888[0;37;5;40;100m@[0;33;5;40;100m ;;;ttttt% t8[0;36;5;40;100m [0;37;5;40;100mttt[0;36;5;40;100m   [0;33;5;40;100mtSSXXXXX@@[0;36;5;40;100m [0;33;5;40;100m8@[0;36;5;40;100m [0;32;5;40;100m8[0m
[0;1;30;90;40m8[0;33;5;40;100mS%.[0;37;5;40;100mSSSSXXX@@@[0;1;30;90;47m88888[0;33;5;40;100m.   [0;1;30;90;47m8@@@@@@@@@@@8888[0;33;5;40;100m    [0;1;30;90;47m8888[0;37;5;40;100m@@@@XXXXSSS[0;36;5;40;100m [0;33;5;40;100mS%@t[0;36;5;40;100m               [0;33;5;40;100m%[0;1;30;90;40mX[0m
[0;30;5;40;100mX[0;37;5;40;100m8[0;1;30;90;47m@[0;37;5;40;100m8[0;33;5;40;100m:[0;37;5;40;100m%SXXXX@@[0;1;30;90;47m8[0;37;5;40;100mS[0;1;30;90;47m88888;; [0;1;37;97;47mtt [0;1;30;90;47m:::::::[0;1;37;97;47m:t;[0;1;30;90;47m:;;ttt%t[0;1;37;97;47m .[0;1;30;90;47m:SXXX@@@S::S88[0;37;5;40;100m8[0;1;30;90;47m8@[0;33;5;40;100m; [0;36;5;40;100m        [0;33;5;40;100m.     [0;30;5;40;100m@[0m
[0;37;5;40;100m8[0;37;5;47;107mtt[0;1;30;90;47m@[0;37;5;40;100mSSXXXX@@[0;1;30;90;47m8[0;37;5;40;100m@[0;37;5;47;107mX:....[0;1;30;90;47m;[0;1;37;97;47mt[0;37;5;47;107mXXXX[0;1;37;97;47mS[0;1;30;90;47m:::::[0;1;37;97;47m8[0;37;5;47;107mXXX@[0;1;37;97;47m.[0;1;30;90;47m;;tt:[0;37;5;47;107m8888[0;1;37;97;47mX[0;1;30;90;47mSXXX@ [0;1;37;97;47m8888[0;1;30;90;47m 8[0;37;5;47;107mtt[0;1;37;97;47m.[0;36;5;40;100m          [0;1;37;97;47m [0;37;5;47;107mSXXXX[0;37;5;40;100m8[0m
[0;37;5;40;100m8[0;37;5;47;107mtt[0;1;30;90;47mX[0;37;5;40;100mSSXXX@@@[0;1;30;90;47m88[0;37;5;47;107m:.... [0;1;30;90;47m:[0;1;37;97;47m@[0;37;5;47;107mXXXX[0;1;37;97;47m8[0;1;30;90;47m.....[0;37;5;47;107mXXXXX[0;1;37;97;47mt[0;1;30;90;47m;;;t[0;1;37;97;47m.[0;37;5;47;107m@8888[0;1;30;90;47m%XXX@[0;1;37;97;47mt8888t[0;1;30;90;47m8[0;37;5;47;107mtt[0;1;37;97;47m.[0;36;5;40;100m          [0;37;5;47;107m8SXXXX[0;37;5;40;100m8[0m
[0;37;5;40;100m8[0;37;5;47;107mtt[0;1;37;97;47m@[0;36;5;40;100m [0;37;5;40;100mSS[0;33;5;40;100m%t[0;37;5;40;100mX@[0;33;5;40;100m [0;37;5;40;100mXS[0;1;37;97;47m@[0;37;5;47;107m...  [0;1;30;90;47m:.[0;1;37;97;47mX[0;37;5;47;107m88[0;1;37;97;47m@.[0;1;30;90;47m.....[0;1;37;97;47m:8[0;37;5;47;107m8[0;1;37;97;47m8%[0;1;30;90;47m::;;;t[0;1;37;97;47m:@8S[0;1;30;90;47m:SXXXXX[0;1;37;97;47m:SS:[0;1;30;90;47mX8[0;37;5;47;107mttS[0;36;5;40;100m   [0;33;5;40;100mS@.[0;36;5;40;100m [0;33;5;40;100m:.[0;36;5;40;100m [0;1;30;90;47m8[0;37;5;47;107mSXXXX[0;37;5;40;100m8[0m
[0;36;5;40;100m [0;1;30;90;47m.[0;1;37;97;47mt@[0;1;30;90;47m.[0;36;5;40;100m [0;37;5;40;100mS[0;33;5;40;100m.tt[0;37;5;40;100m@[0;33;5;40;100m 8[0;37;5;40;100mS8[0;37;5;47;107m@[0;1;37;97;47mX:[0;1;30;90;47m [0;1;37;97;47m.[0;1;30;90;47m:::....     ...::::;;;tt%%%SSSXXX@@@@888:[0;1;37;97;47m.S%[0;36;5;40;100m  [0;33;5;40;100m;;8[0;36;5;40;100m [0;33;5;40;100m.[0;1;30;90;41m8[0;33;5;40;100mt[0;36;5;40;100m.[0;1;37;97;47m;.[0;1;30;90;47m%8@[0;36;5;40;100m:[0m
[0;30;5;40;100m8[0;36;5;40;100m:.   .[0;33;5;40;100m [0;1;30;90;43m8[0;33;5;40;100m.[0;37;5;40;100m@[0;33;5;40;100mtS  [0;1;30;90;47m888[0;36;5;40;100m [0;33;5;40;100m.[0;1;30;90;47m:::.... [0;1;37;97;47m  [0;1;30;90;47m  ....:::;;;tt%%%SSSXXX@@@@888[0;36;5;40;100m.t  .t [0;33;5;40;100m88[0;36;5;40;100m [0;33;5;40;100mt[0;1;30;90;41m8[0;33;5;40;100m%S:[0;36;5;40;100m  [0;32;5;40;100mX[0;33;5;40;100mX[0;1;30;90;40mX[0m
[0;30;5;40;100m8[0;33;5;40;100mtStt88[0;1;30;90;43mX[0;33;5;40;100mt[0;37;5;40;100m@@[0;33;5;40;100m:[0;1;30;90;43m8[0;33;5;40;100m88X   ;[0;1;30;90;47m::: [0;1;37;97;47m [0;1;30;90;47m..    ...[0;1;37;97;47m [0;1;30;90;47m.:::;;;ttt;%SSSXXX@@XX888[0;33;5;40;100mt8%%8[0;31;5;40;100mS[0;1;30;90;41m8[0;33;5;40;100m8 [0;36;5;40;100m [0;33;5;40;100m:[0;33;41m8[0;1;30;90;41m8[0;30;41m8[0;31;40m8[0;33;5;40;100mS%[0;30;5;40;100mX[0;33;5;40;100m8[0;1;30;90;40mX[0m
[0;31;40mX[0;1;30;90;41m8888[0;31;43m8[0;1;30;90;41m8[0;31;5;40;100m8[0;33;5;40;100mX[0;37;5;40;100m%@@[0;33;5;40;100m X[0;1;30;90;43m8[0;33;5;40;100m8888@[0;1;30;90;47m:[0;1;37;97;47m.[0;37;5;47;107m8XX@[0;1;37;97;47mt[0;1;30;90;47m.....[0;1;37;97;47mS[0;37;5;47;107m@XX[0;1;37;97;47m8[0;1;30;90;47m.:;;t;[0;1;37;97;47mX[0;37;5;47;107m888[0;1;37;97;47m;[0;1;30;90;47mSXXXX;[0;1;37;97;47m@88X[0;1;30;90;47m%8[0;1;30;90;41m8888[0;33;41m8[0;1;30;90;41m88[0;31;5;40;100mX[0;33;5;40;100m:[0;36;5;40;100m  [0;33;5;40;100m;8[0;31;43m8[0;1;30;90;41m8[0;30;41m8@@@[0;31;40mS[0m
[0;1;30;90;40m8[0;33;5;40;100mtttt;[0;37;5;40;100mS[0;33;5;40;100m@ [0;37;5;40;100mX@@[0;1;30;90;47m8888[0;33;5;40;100m    [0;1;30;90;47m;[0;1;37;97;47m@[0;37;5;47;107mXXXX8[0;1;30;90;47m.....[0;37;5;47;107mXXXXX[0;1;37;97;47m%[0;1;30;90;47m;;;t[0;1;37;97;47m:[0;37;5;47;107m@8888[0;1;30;90;47m%XXX@[0;1;37;97;47mS8888t[0;1;30;90;47m8[0;33;5;40;100m%%%SS S@[0;36;5;40;100m       [0;33;5;40;100mSSX@[0;1;30;90;40m8[0m
[0;30;5;40;100m8[0;37;5;40;100m%%SSSSXX[0;33;5;40;100m;:;. [0;1;30;90;47m888888;[0;1;37;97;47m [0;37;5;47;107m8XX8[0;1;37;97;47m;[0;1;30;90;47m:::::[0;1;37;97;47m%[0;37;5;47;107m@XX[0;1;37;97;47m8[0;1;30;90;47m.;;ttt[0;1;37;97;47mX[0;37;5;47;107m888[0;1;37;97;47m:[0;1;30;90;47mXXXX@;[0;1;37;97;47mX88X[0;1;30;90;47m%8[0;37;5;40;100m%tt[0;36;5;40;100m     [0;33;5;40;100m:[0;31;5;40;100mS[0;33;5;40;100mX@t[0;36;5;40;100m      [0;30;5;40;100m8[0m
[0;30;5;40;100m8[0;37;5;40;100m%%%[0;33;5;40;100m [0;37;5;40;100m88888[0;1;30;90;47m8St8[0;33;5;40;100m [0;1;30;90;47m88888%;;..:::::::::.:;;ttt%%%%tSSXXX@@@@XX888[0;37;5;40;100mtt[0;36;5;40;100m [0;33;5;40;100m [0;37;5;40;100m%XSXSX8[0;1;30;90;47m88[0;33;5;40;100m% [0;36;5;40;100m    [0;1;30;90;40m8[0m
[0;32;40m%[0;37;5;40;100m%%[0;36;5;40;100m [0;1;37;97;47m8[0;37;5;47;107mtt;;;;;;[0;1;30;90;47m8888888Xt;;;;;;;;;;;;;;tttt%%%SSSSXXX@@@@@8888[0;37;5;40;100m8tt[0;36;5;40;100m [0;1;30;90;47m:[0;37;5;47;107m%%%%%SSS[0;1;30;90;47mS[0;36;5;40;100m      [0;1;30;90;40mX[0m
 [0;36;5;40;100m [0;37;5;40;100m%[0;36;5;40;100m [0;37;5;47;107mtttt;;;;;[0;1;30;90;47m8[0;37;5;40;100m@@[0;1;30;90;47m88888ttttt;;;;;;;ttttt%%%%SSSSXXX@@@@@88888[0;37;5;40;100mSt[0;36;5;40;100m  [0;1;37;97;47mS[0;37;5;47;107m%%%%SSSS[0;1;30;90;47m%[0;36;5;40;100m      [0m 
 [0;33;5;40;100mX [0;36;5;40;100m [0;1;30;90;47m.[0;37;5;47;107mtttt;;;;[0;1;37;97;47mS[0;36;5;40;100m [0;37;5;40;100m@S[0;33;5;40;100mt:[0;37;5;40;100m@[0;1;30;90;47m8@%%ttt[0;1;37;97;47m:@8X [0;1;30;90;47mtt%%%t[0;1;37;97;47mt@@t[0;1;30;90;47m%SXXXX;[0;1;37;97;47mtX%[0;1;30;90;47m.88888[0;37;5;40;100m8t[0;33;5;40;100m.;[0;36;5;40;100m [0;37;5;40;100m@[0;37;5;47;107m%%%%SSSS8[0;36;5;40;100m:  [0;33;5;40;100m88%[0m 
 [0;1;30;90;40m8[0;1;30;90;41m8[0;33;5;40;100m.[0;36;5;40;100m [0;1;37;97;47m@:[0;1;30;90;47mtX%.:[0;1;37;97;47mt8[0;1;30;90;47m;[0;36;5;40;100m [0;37;5;40;100mX[0;33;5;40;100m %.[0;1;30;90;47m8[0;37;5;40;100mX[0;1;30;90;47m%%%% [0;37;5;47;107m88888[0;1;30;90;47m;%%%%[0;1;37;97;47mS[0;37;5;47;107m8888[0;1;37;97;47mS[0;1;30;90;47mXXXXX[0;1;37;97;47m88888[0;1;30;90;47m;8888[0;33;5;40;100m@[0;37;5;40;100mt[0;33;5;40;100m [0;1;30;90;41m8[0;33;5;40;100mt[0;36;5;40;100m [0;1;30;90;47m.[0;1;37;97;47m;[0;1;30;90;47mt@8S%.[0;1;37;97;47mt [0;36;5;40;100m; [0;33;5;40;100m%S[0;31;40m8[0m 
  [0;31;5;40;100m@[0;33;5;40;100m%% [0;37;5;40;100m%%[0;36;5;40;100m;[0;33;5;40;100mX[0;36;5;40;100m :     [0;33;5;40;100m [0;1;30;90;43m@[0;33;5;40;100m [0;37;5;40;100m@[0;33;5;40;100mX [0;1;30;90;47mSSS;[0;1;37;97;47m8[0;37;5;47;107m888[0;1;37;97;47m8[0;1;30;90;47m%SSSS[0;1;37;97;47m.[0;37;5;47;107m8888[0;1;37;97;47m.[0;1;30;90;47mXX@@@[0;1;37;97;47mS888@[0;1;30;90;47mS888[0;33;5;40;100m 8[0;36;5;40;100m [0;33;5;40;100m.[0;1;30;90;41m8[0;33;5;40;100m%S:[0;36;5;40;100m  t[0;33;5;40;100mSS[0;36;5;40;100m;t :;[0;32;5;40;100mS[0;33;5;40;100m:[0;1;30;90;41m8[0;31;40mt[0m 
  [0;1;30;90;41m888[0;31;40m8[0;33;5;40;100mtt@8t%%tt88[0;1;30;90;43mX[0;33;5;40;100m.[0;37;5;40;100mXX[0;33;5;40;100mS[0;1;30;90;43m@[0;1;30;90;47m8SSS% [0;1;37;97;47m.[0;1;30;90;47m.SSSSSSXt  tX@@@@@@t.;@888[0;37;5;40;100m8[0;33;5;40;100m8 [0;36;5;40;100m [0;33;5;40;100m [0;33;41m8@[0;1;30;90;41m8[0;31;40m8[0;33;5;40;100m@%[0;30;5;40;100mX[0;33;5;40;100m88S[0;30;5;40;100mX[0;33;5;40;100mXX[0;30;5;40;100m@@[0;33;41mX[0;30;41m8[0m  
  [0;31;40m;[0;33;5;40;100m8[0;31;43m8[0;1;30;90;41m8888888888[0;31;43m8[0;1;30;90;41m88[0;33;5;40;100mX[0;37;5;40;100m%XX[0;33;5;40;100m;S[0;1;30;90;47m8XXXXXXXXXXXXXXXX@@@@@@88888888[0;37;5;40;100m8[0;31;5;40;100mX[0;1;30;90;41m8[0;33;5;40;100mt[0;36;5;40;100m  [0;33;5;40;100m.8[0;31;43m8[0;1;30;90;41m8[0;30;41m@@@@@@@@@[0;33;41m@[0;30;41m@X[0;31;40m;[0m  
   [0;32;5;40;100mS[0;37;5;40;100mt[0;36;5;40;100m [0;33;5;40;100mtt%tttttt:[0;37;5;40;100m%[0;33;5;40;100m8 [0;37;5;40;100mSSXXX@[0;1;30;90;47m@XXXXXXXXXXX@@@@@@@@8888888888[0;33;5;40;100m ;8[0;36;5;40;100m       [0;33;5;40;100mtSSSXSSXXX[0;36;5;40;100m [0;30;5;40;100mX[0m   
    [0;36;5;40;100m [0;37;5;40;100mttt%%%%%%%%%SS[0;33;5;40;100mStS;[0;36;5;40;100m [0;37;5;40;100mSX[0;1;30;90;47m8@@@@@X:[0;1;37;97;47m.[0;1;30;90;47m S@@@@@8X.[0;1;37;97;47m [0;1;30;90;47m:@88888[0;37;5;40;100m8%[0;36;5;40;100m    [0;30;5;40;100m@[0;33;5;40;100mS[0;31;5;40;100mS[0;33;5;40;100m%[0;36;5;40;100m             [0m    
    [0;32;40m;[0;36;5;40;100m  [0;37;5;40;100mtttt%%%[0;33;5;40;100m [0;37;5;40;100m@@@88[0;1;30;90;47m8@%[0;37;5;40;100mX[0;33;5;40;100m.[0;37;5;40;100mSS8[0;1;30;90;47m@@@@[0;1;37;97;47mS8888[0;1;30;90;47mt@888%[0;1;37;97;47m8888S[0;1;30;90;47m8888[0;37;5;40;100m@[0;33;5;40;100m  [0;37;5;40;100mXXXXX8[0;1;30;90;47m8@[0;33;5;40;100mt.[0;36;5;40;100m        [0;33;5;40;100m: [0;32;40m%[0m    
     [0;30;5;40;100m8[0;36;5;40;100m   [0;37;5;40;100mtttt[0;36;5;40;100m [0;37;5;47;107m@tttttttt[0;36;5;40;100m [0;37;5;40;100m%%%%X[0;1;30;90;47m88@[0;1;37;97;47m@8888[0;1;30;90;47m:8888t[0;1;37;97;47m8888@[0;1;30;90;47m888[0;37;5;40;100mS[0;36;5;40;100m [0;1;30;90;47mS[0;37;5;47;107m%%%%%%SS[0;1;30;90;47m.[0;36;5;40;100m          [0;1;37;97;47m.[0;36;5;40;100m [0m     
      [0;32;5;40;100mX[0;36;5;40;100m    [0;37;5;40;100mttX[0;37;5;47;107mttttttttt[0;37;5;40;100mS%%%%%%@[0;1;30;90;47m8X[0;1;37;97;47m.t;[0;1;30;90;47m;888888t[0;1;37;97;47m;t.[0;1;30;90;47mX8[0;37;5;40;100mX[0;36;5;40;100m   [0;1;37;97;47m.[0;37;5;47;107m%%%%SSSS[0;1;37;97;47m [0;36;5;40;100m         :[0;37;5;40;100m8[0m      
       [0;30;5;40;100m@[0;33;5;40;100m@ [0;36;5;40;100m [0;33;5;40;100mt [0;36;5;40;100m [0;1;37;97;47m;[0;37;5;47;107mtttttttt[0;1;30;90;47m.[0;36;5;40;100m [0;37;5;40;100m%[0;33;5;40;100m.@%[0;37;5;40;100mt%[0;33;5;40;100mt[0;37;5;40;100mX[0;1;30;90;47m88888888888888[0;33;5;40;100m t[0;36;5;40;100m [0;33;5;40;100m t [0;36;5;40;100m [0;37;5;47;107mS%SSSSSSX[0;36;5;40;100m   [0;33;5;40;100m88;[0;36;5;40;100m [0;33;5;40;100mtt[0;32;5;40;100mS[0m       
        [0;1;30;90;40m8[0;33;5;40;100m@[0;36;5;40;100m [0;33;5;40;100m%[0;31;5;40;100mX[0;33;5;40;100m [0;36;5;40;100m [0;1;37;97;47mS[0;1;30;90;47m S8@;t[0;1;37;97;47m:X[0;1;30;90;47m8[0;36;5;40;100m [0;33;5;40;100m :8;[0;37;5;40;100mt[0;33;5;40;100m88[0;36;5;40;100m [0;37;5;40;100mX[0;1;30;90;47m8888888888[0;37;5;40;100mS[0;33;5;40;100m .[0;1;30;90;41m8[0;36;5;40;100m [0;33;5;40;100m [0;31;5;40;100mX[0;33;5;40;100mS[0;36;5;40;100m [0;1;30;90;47mS[0;1;37;97;47m:[0;1;30;90;47m%88@S;[0;1;37;97;47m:.[0;36;5;40;100m. [0;33;5;40;100mt%[0;1;30;90;41m8[0;36;5;40;100m [0;33;5;40;100m:[0;31;40m8[0m        
         [0;30;5;40;100m8[0;36;5;40;100m [0;33;5;40;100m8[0;31;5;40;100m@[0;33;5;40;100mXS [0;36;5;40;100m  [0;32;5;40;100m%[0;33;5;40;100m8[0;36;5;40;100m t.  ;;[0;33;5;40;100mt[0;33;41m8[0;33;5;40;100m [0;37;5;40;100mt[0;31;5;40;100mX[0;33;5;40;100m8X%[0;36;5;40;100m [0;37;5;40;100mX8[0;1;30;90;47m8888[0;37;5;40;100m8[0;36;5;40;100m .;:[0;33;5;40;100m@[0;1;30;90;43mS[0;36;5;40;100m  [0;1;30;90;41m8[0;33;5;40;100mX@t[0;36;5;40;100m  :%[0;33;5;40;100m@[0;36;5;40;100m:[0;32;5;40;100mX[0;36;5;40;100m..t[0;32;5;40;100mS[0;33;5;40;100m;88[0;36;5;40;100m [0;30;5;40;100m8[0m         
          [0;1;30;90;40m@[0;33;5;40;100m@[0;33;41m8[0;1;30;90;41m8[0;30;41m8[0;31;40m8[0;33;5;40;100mSX8[0;31;5;40;100mX[0;33;5;40;100m%@@SX[0;30;5;40;100m@[0;31;5;40;100m8[0;31;43m8[0;33;5;40;100m:[0;36;5;40;100m  [0;33;5;40;100m8[0;33;41m8[0;1;30;90;41m8[0;30;41m8[0;31;5;40;100m@[0;33;5;40;100m%@S. %@X8[0;30;5;40;100m8[0;1;30;90;41m8[0;1;30;90;43mS[0;33;5;40;100m [0;36;5;40;100m  [0;33;41m8@[0;1;30;90;41m8[0;31;40m8[0;33;5;40;100m8S[0;30;5;40;100mS[0;33;5;40;100m8[0;31;5;40;100mX[0;33;5;40;100mX[0;30;5;40;100mX[0;33;5;40;100m@@[0;31;5;40;100mX[0;30;5;40;100m8[0;1;30;90;41m8[0;33;5;40;100m8.[0;1;30;90;40m@[0m          
            [0;33;5;40;100m88[0;31;43m8[0;1;30;90;41m8888[0;30;41m@[0;1;30;90;41m88888[0;33;41m8[0;1;30;90;41m88[0;33;5;40;100m8[0;36;5;40;100m   [0;33;5;40;100mS[0;1;30;90;43m@[0;31;43m8[0;1;30;90;41m888[0;30;41m@[0;1;30;90;41m888[0;30;41m@[0;1;30;90;41m8[0;33;41m@8[0;1;30;90;41m88[0;33;5;40;100mS[0;36;5;40;100m  [0;33;5;40;100m 8[0;1;30;90;43mS[0;1;30;90;41m8[0;30;41m888888888[0;33;41mX[0;1;30;90;41m8[0;30;41m@[0;31;40m8[0m            
             [0;32;5;40;100m8[0;36;5;40;100m  [0;33;5;40;100m%%%%t%%%tt 8[0;36;5;40;100m       [0;33;5;40;100m %%%%%%%%%::8[0;36;5;40;100m       [0;33;5;40;100m;SSSXXSSXX.[0;1;30;90;40m8[0m             
              [0;32;40mt[0;36;5;40;100m:             [0;30;5;40;100m@[0;33;5;40;100mS[0;31;5;40;100mS[0;33;5;40;100m%[0;36;5;40;100m                [0;30;5;40;100m8[0;33;5;40;100mS[0;31;5;40;100mX[0;33;5;40;100mS[0;36;5;40;100m           ;[0;32;40mt[0m              
                [0;1;30;90;40m8[0;36;5;40;100m       [0;33;5;40;100m [0;37;5;40;100m@@@@8[0;1;30;90;47m88S[0;33;5;40;100m ;[0;36;5;40;100m         [0;33;5;40;100m [0;37;5;40;100mXX@@@8[0;1;30;90;47m8X[0;33;5;40;100mt:[0;36;5;40;100m       .[0;1;30;90;40m8[0m                
                  [0;32;5;40;100m8[0;36;5;40;100m     [0;37;5;47;107m@SSSSSSS@[0;36;5;40;100m          [0;1;30;90;47m8[0;37;5;47;107mXXXXXXXX[0;1;37;97;47m.[0;36;5;40;100m        [0;32;5;40;100m@[0m                  
                    [0;32;5;40;100m@[0;36;5;40;100m  [0;37;5;40;100m@[0;37;5;47;107mXXXXXXXXX[0;36;5;40;100m          [0;1;30;90;47m%[0;37;5;47;107mXXXXX@@@[0;1;37;97;47mt[0;36;5;40;100m      [0;32;5;40;100m@[0m                    
                      [0;30;5;40;100m8[0;36;5;40;100m;[0;1;37;97;47mt[0;37;5;47;107mXXXXXXXX[0;1;30;90;47mX[0;36;5;40;100m. [0;33;5;40;100m%8@[0;36;5;40;100m  [0;33;5;40;100mX.[0;36;5;40;100m.[0;1;37;97;47m8[0;37;5;47;107m@@@@@@@@[0;36;5;40;100m . [0;33;5;40;100m8[0;1;30;90;40m8[0m                      
                        [0;30;5;40;100m@[0;1;30;90;47m.%8[0;37;5;40;100mX8[0;1;30;90;47mX@.[0;1;37;97;47m;[0;37;5;40;100m%[0;36;5;40;100m:[0;33;5;40;100m.;[0;1;30;90;41m8[0;33;5;40;100m;[0;36;5;40;100m [0;31;5;40;100mS[0;33;5;40;100m8[0;36;5;40;100m.[0;37;5;40;100m8[0;1;30;90;47m X[0;37;5;40;100m8X@[0;1;30;90;47m8X.[0;1;37;97;47m.[0;36;5;40;100m;[0;30;5;40;100m8[0m                        
                          [0;1;30;90;40mS[0;32;5;40;100mSX[0;30;5;40;100mX[0;36;5;40;100m.[0;32;5;40;100m@[0;36;5;40;100m;.;[0;32;5;40;100mS[0;36;5;40;100m%[0;33;5;40;100m@[0;33;41m8[0;36;5;40;100m  [0;1;30;90;41m8[0;30;5;40;100mS[0;32;5;40;100mS[0;33;5;40;100mX[0;36;5;40;100m  ;t[0;30;5;40;100m@[0;36;5;40;100m:[0;32;5;40;100m8@[0;1;30;90;40mX[0m                          
                             [0;31;40mt[0;32;5;40;100mS[0;31;5;40;100mSS[0;33;5;40;100m88[0;1;30;90;40m8[0;30;41m8[0;33;41m8[0;33;5;40;100m:[0;36;5;40;100m  [0;31;5;40;100mX[0;33;41m@[0;30;41m@[0;31;40m8[0;30;5;40;100m8[0;33;5;40;100m8[0;30;5;40;100mS[0;31;5;40;100mS[0;1;30;90;40m8[0;30;5;40;100m8[0m                             
                                [0;31;40mX8[0;30;41m@[0;33;41m@[0;30;41m8@[0;33;5;40;100m8[0;36;5;40;100m  [0;33;5;40;100m @8[0;1;30;90;41m8[0;30;41m8[0;31;40m8X[0m                                
                                   [0;1;30;90;40mX[0;32;5;40;100mX[0;31;5;40;100mX[0;36;5;40;100m     t[0;30;5;40;100m8[0m                                   
                                      [0;32;40m%[0;30;5;40;100m88[0;1;30;90;40mX[0m                                      
