[0;1;30;90;43m................:::::::::::::::::::::::::::....................                [0;31;43m8[0m
[0;31;40m@[0;1;33;93;43m@[0;33;5;43;103mtttt@[0;1;30;90;43m;;[0;33;5;43;103m8;;;;@[0;1;30;90;43mtt[0;1;33;93;43m8[0;33;5;43;103m;;;;X[0;1;30;90;43m%%[0;33;5;43;103m@;;;;X[0;1;30;90;43m%%[0;33;5;43;103m8;;;;@[0;1;30;90;43mtt[0;1;33;93;43m@[0;33;5;43;103m;;;;X[0;1;30;90;43m;;[0;33;5;43;103m8;;tt8[0;1;30;90;43m;:[0;1;33;93;43m@[0;33;5;43;103mtttt8[0;1;30;90;43m::[0;1;33;93;43m@[0;33;5;43;103m%%%%[0;1;33;93;43m@[0;1;30;90;43m..[0;1;33;93;43mX[0;33;5;43;103mSSSS[0;1;33;93;43mX[0;31;40m@[0m
[0;1;30;90;43m.[0;33;5;43;103mtttt;;[0;1;30;90;43m::[0;33;5;43;103m;;;;;;[0;1;30;90;43m;;[0;33;5;43;103m;;;;;;[0;1;30;90;43mtt[0;33;5;43;103m;;;;;;[0;1;33;93;43m%[0;1;30;90;43mt[0;33;5;43;103m;;;;;;[0;1;30;90;43mtt[0;33;5;43;103m;;;;;;[0;1;30;90;43m::[0;33;5;43;103m;;;;;t[0;1;30;90;43m::[0;33;5;43;103mtttttt[0;1;30;90;43m..[0;33;5;43;103m%%%%%%[0;1;30;90;43m .[0;33;5;43;103mSSSSSS[0;1;30;90;43m [0m
[0;31;40m8[0;33;5;43;103mSt;;;t[0;1;30;90;43m;;[0;33;5;43;103m%;;;;t[0;1;30;90;43m%%[0;33;5;43;103m%;;;;t[0;1;30;90;43mSS[0;33;5;43;103mt;;;;t[0;1;30;90;43mSS[0;33;5;43;103mt;;;;t[0;1;30;90;43m%%[0;33;5;43;103m%;;;;t[0;1;30;90;43mtt[0;33;5;43;103m%;;;;%[0;1;30;90;43m;;[0;33;5;43;103m%tttt%[0;1;30;90;43m::[0;33;5;43;103mS%%%%S[0;1;30;90;43m..[0;33;5;43;103mXSSSSX[0;30;41m8[0m
[0;1;30;90;43m:[0;33;5;43;103mt;;;;;;;;;;;;;;;;;;;;;;;;;;;;;;;;;;;;;;;;;;;;;;;;;;;;;;;tttttttttt%%%%%%%SSSSS[0;1;30;90;43m [0m
[0;1;30;90;43m:[0;33;5;43;103m;;[0;1;33;93;43mXX[0;33;5;43;103m;;;;;;[0;1;33;93;43m@X[0;33;5;43;103m;;;;;;[0;1;33;93;43m@@[0;33;5;43;103m;:::::8[0;1;33;93;43m@[0;33;5;43;103m::::::[0;1;33;93;43m8@[0;33;5;43;103m;;;;;;[0;1;33;93;43m@@[0;33;5;43;103m;;;;;;[0;1;33;93;43m@X[0;33;5;43;103m;;;;;t[0;1;33;93;43mXS[0;33;5;43;103mtttttt[0;1;33;93;43mXS[0;33;5;43;103m%%%%%%[0;1;33;93;43mSt[0;33;5;43;103mSS[0;1;30;90;43m [0m
[0;1;30;90;43m:[0;33;5;43;103m;@[0;1;30;90;43m;;[0;33;5;43;103m8;;;;X[0;1;30;90;43m%%[0;33;5;43;103m@;;;;X[0;1;30;90;43mSX[0;33;5;43;103m@::::S[0;1;30;90;43m@@[0;33;5;43;103mX::::X[0;1;30;90;43mXX[0;33;5;43;103m@::;;X[0;1;30;90;43mSS[0;33;5;43;103m@;;;;X[0;1;30;90;43mtt[0;33;5;43;103m8;;;;@[0;1;30;90;43m;;[0;1;33;93;43m@[0;33;5;43;103mtttt@[0;1;30;90;43m::[0;1;33;93;43m@[0;33;5;43;103m%%%%[0;1;33;93;43mX[0;1;30;90;43m..[0;1;33;93;43mS[0;33;5;43;103mS[0;1;30;90;43m.[0m
[0;1;30;90;43m:[0;33;5;43;103m;;[0;1;30;90;43m;;[0;33;5;43;103m;;;;;;[0;1;30;90;43m%S[0;33;5;43;103m;;;:::[0;1;30;90;43m88[0;33;5;43;103m:::[0;37;5;43;103mSSS[0;1;30;90;43m88[0;37;5;43;103mSSSSSS[0;1;30;90;43m88[0;33;5;43;103m::::::[0;1;30;90;43m8@[0;33;5;43;103m;;;;;;[0;1;30;90;43mSX[0;33;5;43;103m;;;;;;[0;1;30;90;43m%%[0;33;5;43;103mtttttt[0;1;30;90;43m::[0;33;5;43;103mt%%%%%[0;1;30;90;43m..[0;33;5;43;103mSS[0;1;30;90;43m.[0m
[0;1;30;90;43m:[0;33;5;43;103m;t[0;1;30;90;43m;;[0;33;5;43;103m%;;;;t[0;1;30;90;43m%S[0;33;47m8[0;1;30;90;47m88888[0;1;37;97;47m                    [0;1;30;90;47m888888888888888888888888888[0;33;47m8[0;1;30;90;43m::[0;33;5;43;103mS%%%%X[0;1;30;90;43m..[0;33;5;43;103mXS[0;1;30;90;43m.[0m
[0;1;30;90;43m:[0;33;5;43;103m;;;;;;;;;;;;[0;1;33;93;47m8[0;1;30;90;47m888[0;1;37;97;47m                         [0;1;30;90;47m888888888888888888888888[0;33;47m8[0;33;5;43;103mtttt%%%%%%SS[0;1;30;90;43m.[0m
[0;1;30;90;43m:[0;33;5;43;103m%;;;;t[0;1;30;90;43m%%[0;33;5;43;103mt;;:[0;1;33;93;47m8[0;1;30;90;47m8[0;1;37;97;47m       [0;1;30;90;47m@@@@@@XXXXX8@@@@8888888888[0;33;47mX@@@@[0;1;30;90;47m8[0;33;47m@88[0;37;43m@[0;1;33;93;43mS[0;1;30;90;43m@8[0;1;30;90;47m88888[0;33;47m8[0;33;5;43;103mttt%[0;1;30;90;43m..[0;33;5;43;103mS%%%%X[0;1;30;90;43m.[0m
[0;31;5;40;100mS[0;33;5;43;103m@;;;;S[0;1;30;90;43m%%[0;33;5;43;103mX;::[0;1;33;93;47m8[0;1;37;97;47m       [0;33;47mX[0;37;5;43;103mSSSS[0;1;30;90;43m8[0;37;43mX[0;37;5;43;103mSSSSS[0;33;5;40;100m@[0;37;5;43;103mSSSS%[0;1;33;93;43mS[0;33;5;40;100m8[0;33;5;43;103m:::::[0;1;30;90;43mXX[0;33;5;43;103m;;;;%[0;30;5;40;100m@[0;33;5;43;103mX;;;;[0;1;30;90;43m:[0;31;5;40;100m8[0;1;30;90;47m88888[0;33;47m8[0;33;5;43;103mttt@[0;1;30;90;43m.:[0;1;33;93;43m@[0;33;5;43;103m%%%%[0;1;33;93;43m@[0;33;41m8[0m
[0;31;5;40;100mS[0;33;5;43;103mt;;;;;[0;1;30;90;43mS[0;33;5;40;100m8[0;33;5;43;103m;:::[0;1;33;93;47m8[0;1;37;97;47m       [0;37;5;43;103m8S[0;33;5;43;103m@[0;37;5;43;103mXXXXXXXXX[0;33;5;43;103mX[0;37;5;43;103mXSSSS[0;33;5;43;103mt@:::::@S:;;;%[0;1;33;93;43m@[0;33;5;43;103m%;;;;S[0;1;30;90;43m8[0;1;30;90;47m88888[0;33;47m8[0;33;5;43;103mttt%[0;1;30;90;43m:[0;31;5;40;100mS[0;33;5;43;103m%%%%%S[0;33;41m8[0m
[0;1;30;90;43m:[0;33;5;43;103mt;;;;;@@;:::[0;1;33;93;47m8[0;1;37;97;47m      [0;1;30;90;47m@[0;37;5;43;103mSX[0;1;30;90;43m8[0;37;5;43;103mXXXXX@@XXXXX[0;33;5;43;103mS[0;37;5;43;103mSSSS%[0;33;5;43;103m.[0;1;33;93;43m@[0;33;5;43;103m:::::%[0;1;33;93;43m@[0;33;5;43;103m;;;;;8X;;[0;1;33;93;43mt[0;1;30;90;47m88888[0;33;47m8[0;33;5;43;103mttt%[0;1;33;93;43m@X[0;33;5;43;103mS%%%%S[0;1;30;90;43m.[0m
[0;1;30;90;43m:[0;33;5;43;103m;;;;;;;;::::[0;1;33;93;47m8[0;1;37;97;47m      [0;33;47mX[0;37;5;43;103mX[0;33;5;43;103m8[0;1;30;90;43m8[0;37;43m@[0;37;5;43;103mXXXX[0;37;43m@[0;1;30;90;43m8[0;37;5;43;103m@XXXX[0;1;30;90;43m88[0;37;5;43;103mSSSS[0;1;33;93;43m8[0;1;30;90;43m8[0;1;33;93;43mX[0;33;5;43;103m::::[0;1;30;90;43mSS[0;33;5;43;103m@;;;%[0;1;30;90;43mt;[0;33;5;43;103m;;[0;1;33;93;43mt[0;1;30;90;47m88888[0;33;47m8[0;33;5;43;103mtttttt%%%%%%[0;1;30;90;43m.[0m
[0;1;30;90;43m:[0;33;5;43;103m;X[0;1;30;90;43m%%[0;33;5;43;103mX;;::%[0;1;30;90;43m@@[0;33;47m8[0;1;37;97;47m      [0;1;33;93;47m8[0;37;5;43;103mXX[0;33;5;40;100mS[0;37;43m@[0;37;5;43;103mXXXX[0;37;43m8[0;33;5;40;100m%[0;37;5;43;103m@XXXX[0;1;30;90;43m88[0;37;5;43;103mXSSS[0;33;5;43;103m%[0;33;5;40;100m8[0;33;5;43;103mX::::[0;1;30;90;43mX[0;33;5;40;100m8[0;33;5;43;103mt;;;;[0;1;30;90;43m%;[0;33;5;43;103m;;[0;1;33;93;43mt[0;1;30;90;47m88888[0;33;47m8[0;1;30;90;43m::[0;33;5;43;103m@ttt%[0;1;33;93;43m8[0;1;30;90;43m:.[0;1;33;93;43m@[0;33;5;43;103m%[0;1;30;90;43m.[0m
[0;1;30;90;43m:[0;33;5;43;103m;t[0;1;30;90;43mt%[0;33;5;43;103mt;;::;[0;1;33;93;43mS[0;1;30;90;43m@[0;1;33;93;47m8[0;1;37;97;47m      [0;1;33;93;47m8[0;37;5;43;103mXX@@XXXX88XXXXXXXXSSSS[0;33;5;43;103m%:::::;X;;;;;S%;;[0;1;33;93;43mt[0;1;30;90;47m88888[0;33;47m8[0;1;30;90;43m..[0;33;5;43;103m%ttt%S[0;1;30;90;43m..[0;33;5;43;103mS%[0;1;30;90;43m.[0m
[0;1;30;90;43m:[0;33;5;43;103m;t[0;33;5;40;100m88[0;33;5;43;103mt;;::;[0;1;30;90;43m8[0;33;5;40;100m8[0;1;33;93;47m@[0;1;37;97;47m      [0;37;43m@[0;37;5;43;103mXXX@X88X[0;1;33;93;47m8[0;1;37;97;47m   [0;1;33;93;47mX8[0;37;5;43;103m88XXS[0;33;5;43;103m@[0;37;5;43;103mSS%[0;33;5;43;103m::@S:::;;[0;1;33;93;43mS[0;33;5;43;103m;;;;;S[0;1;30;90;43m8[0;1;30;90;47m88888[0;33;47m8[0;1;30;90;43m:[0;31;5;40;100mS[0;33;5;43;103mSttt%S[0;31;43m8[0;31;40m8[0;33;5;43;103mX%[0;1;30;90;43m.[0m
[0;1;30;90;43m:[0;33;5;43;103m;;tt;;;:::;;[0;1;33;93;47m8[0;1;37;97;47m      [0;1;30;90;43m8[0;37;5;43;103mXXX@@[0;1;30;90;43m8[0;37;43m8[0;37;5;43;103mX[0;1;33;93;47m8[0;1;37;97;47m         [0;1;30;90;47m88[0;33;47m8[0;37;5;43;103m@[0;33;5;43;103mt:t[0;1;30;90;43m@@[0;33;5;43;103m:::;[0;1;33;93;43mX[0;1;30;90;43m%[0;1;33;93;43mS[0;33;5;43;103m;;;;[0;1;30;90;43m;8[0;1;30;90;47m88888[0;33;47m8[0;33;5;43;103m%%tttt%%%S%%[0;1;30;90;43m.[0m
[0;1;30;90;43m:[0;33;5;43;103m;;;;;;XX::::[0;1;33;93;47m8[0;1;37;97;47m     [0;1;30;90;47m8[0;33;5;40;100m@[0;37;5;43;103mXXX@X[0;33;5;40;100m%[0;37;43m@[0;37;5;43;103mX[0;1;33;93;47m8[0;1;37;97;47m              [0;1;30;90;47m8[0;33;47m@[0;1;30;90;43m88[0;33;5;43;103m::;;X[0;1;30;90;40m8[0;33;5;43;103m8;;;;[0;1;30;90;43m;[0;31;5;40;100m8[0;1;30;90;47m88888[0;33;47m8[0;33;5;43;103mtttt@[0;1;33;93;43m@[0;33;5;43;103m%%%%%%[0;1;30;90;43m.[0m
[0;31;40m@[0;1;33;93;43m@[0;33;5;43;103m;;;;X[0;1;30;90;43mSX[0;33;5;43;103m@:::[0;1;33;93;47m8[0;1;37;97;47m     [0;1;30;90;47m@[0;37;5;43;103mSXXX@X@XX@[0;1;37;97;47m                 [0;1;30;90;47m8[0;33;47m8[0;33;5;43;103mX;;;S;;;;;;[0;1;30;90;43m8[0;1;30;90;47m88888[0;33;47m8[0;33;5;43;103mttt8[0;1;30;90;43m::[0;1;33;93;43mX[0;33;5;43;103m%%%%[0;1;33;93;43mX[0;31;40m@[0m
[0;1;30;90;43m:[0;33;5;43;103m;;;;;;[0;1;30;90;43m%S[0;33;5;43;103m::::[0;1;33;93;47m8[0;1;37;97;47m     [0;33;47m@[0;37;5;43;103mSSX[0;37;43mX[0;37;5;43;103mX[0;1;33;93;43m8[0;37;5;43;103mXXXX[0;1;30;90;47m8[0;1;37;97;47m               [0;1;30;90;47m8888[0;33;47m8[0;33;5;43;103mS;;;;[0;1;33;93;43mX[0;33;5;43;103m@;;[0;1;33;93;43mt[0;1;30;90;47m88888[0;33;47m8[0;33;5;43;103mtttt[0;1;30;90;43m..[0;33;5;43;103m%%%%%%[0;1;30;90;43m.[0m
[0;31;40m@[0;33;5;43;103m%;;;;t[0;1;30;90;43mSS[0;33;5;43;103mt:::[0;37;5;43;103m8[0;1;37;97;47m     [0;33;47m8[0;37;5;43;103mSS[0;33;5;43;103m8[0;1;30;90;43m8[0;1;33;93;43m8[0;33;5;43;103mX[0;37;5;43;103mXXX[0;37;43mX[0;1;30;90;43m8[0;33;47m@[0;1;37;97;47m             [0;1;30;90;47m8888888[0;33;5;43;103mX;;%[0;1;30;90;43mt;[0;33;5;43;103m;;[0;1;33;93;43mt[0;1;30;90;47m88888[0;1;33;93;47m8[0;33;5;43;103mttt%[0;1;30;90;43m::[0;33;5;43;103mS%%%%X[0;31;40m8[0m
[0;31;40m8[0;33;5;43;103m;;;;;;;;;;::[0;37;5;43;103m@[0;1;30;90;47m8[0;1;37;97;47m    [0;33;47m8[0;37;5;43;103m%S[0;33;5;43;103m%[0;33;5;40;100m8[0;33;5;43;103mS[0;37;5;43;103mS[0;33;5;43;103m8[0;37;5;43;103mSS[0;1;30;90;43m8[0;33;5;40;100m@[0;37;5;43;103mSX[0;1;33;93;47m8[0;1;37;97;47m          [0;1;30;90;47m888888888[0;33;5;43;103mX;t[0;1;30;90;43mt;[0;33;5;43;103m;;[0;1;33;93;43mt[0;1;30;90;47m88888[0;33;5;43;103mtttttt%%%%%%S[0;30;41m8[0m
 [0;33;5;43;103mt;[0;1;33;93;43mXS[0;33;5;43;103m;;;;;;[0;1;33;93;43m@X[0;33;5;43;103m:[0;1;30;90;47m88[0;1;37;97;47m   [0;1;33;93;47m8[0;33;5;43;103m:[0;37;5;43;103m%%[0;33;5;43;103m;[0;37;5;43;103mSS[0;1;33;93;43m8[0;37;5;43;103mSSSSSSSS[0;1;33;93;47m8[0;33;47mS[0;1;37;97;47m      [0;1;30;90;47m88888888888[0;33;5;43;103mX;%t;;[0;1;33;93;43mt[0;1;30;90;47m88888[0;33;5;43;103mt[0;1;33;93;43mS%[0;33;5;43;103mtt%%%%[0;1;33;93;43m%[0;1;30;90;43m [0;33;5;43;103m%S[0m 
 [0;1;33;93;43mS[0;33;5;43;103m@[0;1;30;90;43m;t[0;33;5;43;103m@;;;;X[0;1;30;90;43mSS[0;33;5;43;103m@[0;1;33;93;47m8[0;1;30;90;47m888[0;1;37;97;47m [0;37;43m8[0;1;33;93;43mS[0;33;5;43;103m:::.[0;37;5;43;103m%[0;1;30;90;43m8[0;33;5;43;103mS[0;37;5;43;103m%%%%[0;33;5;43;103m:[0;1;30;90;43m8[0;33;5;43;103m:::[0;37;5;43;103m@[0;33;47m@[0;1;37;97;47m  [0;1;30;90;47m88888888888888[0;1;33;93;43mX[0;33;5;43;103m;;;X[0;1;30;90;43m8[0;1;30;90;47m8888[0;33;47m8[0;33;5;43;103m@[0;1;30;90;43m::[0;1;33;93;43m@[0;33;5;43;103mt%%%[0;1;33;93;43m@[0;1;30;90;43m..[0;1;33;93;43mSS[0m 
 [0;1;30;90;43m:[0;33;5;43;103m;[0;1;30;90;43mtt[0;33;5;43;103m;;;;;;[0;1;30;90;43m%S[0;33;5;43;103m;[0;37;5;43;103mX[0;1;30;90;47m8888[0;33;47m8[0;1;30;90;43m@[0;33;5;43;103mS:::t[0;33;5;40;100m8[0;1;30;90;43m8[0;33;5;43;103m::::[0;1;33;93;43m8[0;1;30;90;43m8[0;1;33;93;43m@[0;33;5;43;103m::::[0;37;43m@[0;1;30;90;47m8888888888888888[0;33;5;43;103mX;;[0;1;30;90;43m:8[0;1;30;90;47m8888[0;33;5;43;103mtt[0;1;30;90;43m::[0;33;5;43;103mt%%%%%[0;1;30;90;43m..[0;33;5;43;103mS[0;1;30;90;43m.[0m 
  [0;33;5;43;103m%[0;1;30;90;43m:;[0;33;5;43;103m%;;;;t[0;1;30;90;43m%%[0;33;5;43;103mt;[0;1;33;93;47m8[0;1;30;90;47m8888[0;33;5;40;100m8[0;33;5;43;103mt:::%[0;33;5;40;100m8[0;1;30;90;43m@[0;33;5;43;103m::::S[0;31;5;40;100mS[0;33;5;43;103m@::::[0;1;30;90;43mX[0;31;5;40;100mS[0;33;47m8[0;1;30;90;47m888888888888888[0;1;33;93;43m@[0;33;5;43;103m;[0;1;30;90;43m:[0;31;5;40;100m8[0;1;30;90;47m888[0;33;47m8[0;33;5;43;103mt%[0;1;30;90;43m..[0;33;5;43;103mS%%%%X[0;1;30;90;43m  [0;33;5;43;103mX[0;31;40mS[0m 
  [0;1;30;90;43m.[0;33;5;43;103m;;;;;;;;;;;;;[0;33;47mS[0;1;30;90;47m888[0;33;5;43;103m@:::%[0;1;33;93;43m@[0;33;5;43;103m;::::::;:::::;t;[0;1;33;93;43mS[0;1;30;90;47m888888888888888[0;1;33;93;43m%[0;33;5;43;103mt[0;1;33;93;43mt[0;1;30;90;47m888[0;33;5;43;103mttttt%%%%%%SS[0;1;30;90;43m [0m  
  [0;31;40mX[0;33;5;43;103mt;;%[0;1;30;90;43m;;[0;33;5;43;103m%;;;;%[0;1;30;90;43m%8[0;1;30;90;47m888[0;37;43m@[0;33;5;43;103m;t[0;1;30;90;43mS[0;1;33;93;43m@[0;33;5;43;103m::::X[0;1;30;90;43mX[0;33;5;43;103m;:::;[0;1;33;93;43mS[0;33;5;43;103m8;;;;t[0;1;30;90;43m8[0;1;30;90;47m888888888888888[0;33;47m8[0;1;30;90;43m8[0;1;30;90;47m88[0;1;30;90;43m8:[0;33;5;43;103mStt%%S[0;1;30;90;43m..[0;33;5;43;103mX%SS[0;31;40m8[0m  
   [0;1;30;90;43m.[0;33;5;43;103m;;S[0;1;30;90;43m:;[0;33;5;43;103mS;;;;S[0;1;30;90;43mtt[0;1;33;93;47m8[0;1;30;90;47m888[0;33;5;43;103mX[0;1;33;93;43mX[0;1;30;90;43mS[0;1;33;93;43mX[0;33;5;43;103m;;;;[0;1;30;90;43mSS[0;33;5;43;103mX;;;%[0;1;30;90;43m%%[0;33;5;43;103m;;;;[0;1;33;93;43m@[0;1;30;90;43m%[0;1;30;90;47m888888888888888888[0;33;47m8[0;1;30;90;43m::[0;33;5;43;103m@t%%%@[0;1;30;90;43m..[0;1;33;93;43m8[0;33;5;43;103mSS[0;1;30;90;43m [0m   
    [0;33;5;43;103mX;t[0;33;5;40;100m8[0;31;5;40;100mS[0;33;5;43;103mt;;;;t[0;33;5;40;100m8[0;31;5;40;100mS[0;33;5;43;103mt[0;1;33;93;47m8[0;1;30;90;47m8888[0;33;5;40;100mt[0;1;33;93;43mX[0;33;5;43;103m;;;;[0;1;30;90;43m%[0;33;5;40;100m8[0;33;5;43;103mt;;;;[0;1;30;90;43mSt[0;33;5;43;103m;;;;@[0;1;30;90;40m8[0;1;30;90;47m88888888888888888[0;33;47m8[0;33;5;43;103m%[0;31;5;40;100mS[0;1;30;90;41m8[0;33;5;43;103mS%%%%S[0;33;41m8[0;31;40m8[0;33;5;43;103mXS@[0m    
    [0;30;41m8[0;33;5;43;103mttSXt;;;;;SX;;[0;1;33;93;47m8[0;1;30;90;47m88888[0;33;47m8[0;33;5;43;103mXt;;;;;;;;;;;;;;;[0;1;33;93;43mX[0;1;30;90;47m8888888888888888[0;33;47m8[0;33;5;43;103mt%X@%%%%%S@[0;1;33;93;43m@[0;33;5;43;103mSS[0;30;41m8[0m    
     [0;1;30;90;43m.[0;33;5;43;103mt;;;;t%;;;;;;t[0;1;33;93;47m8[0;1;30;90;47m888888[0;33;47m8[0;1;33;93;43mS[0;33;5;43;103m%;;S[0;1;30;90;43mt[0;33;5;43;103mS;;;;[0;1;33;93;43m@[0;1;30;90;43m;[0;33;5;43;103m%;[0;37;43m@[0;1;30;90;47m888888888888888[0;37;43m@[0;33;5;43;103m%tt%%%%SS%%SSS[0;1;30;90;43m.[0m     
      [0;1;30;90;43m.[0;33;5;43;103mttt@[0;1;30;90;43m;;[0;1;33;93;43m8[0;33;5;43;103m;;;;@[0;1;30;90;43mtt[0;1;33;93;43mt[0;33;47mX[0;1;30;90;47m888888[0;33;47m@[0;37;43mX[0;33;5;43;103m%[0;1;33;93;43m@[0;1;30;90;43m;[0;1;33;93;43m@[0;33;5;43;103m;;;;[0;1;30;90;43m;;[0;33;5;43;103mX[0;1;33;93;43mS[0;1;30;90;47m88888888888888[0;33;47m@[0;37;43mS[0;1;30;90;43m::[0;1;33;93;43mX[0;33;5;43;103m%%%%[0;1;33;93;43m@[0;1;30;90;43m..[0;1;33;93;43mX[0;33;5;43;103mSSS[0;1;30;90;43m [0m      
       [0;1;30;90;43m.[0;33;5;43;103mttt[0;1;30;90;43m::[0;33;5;43;103mt;;;;t[0;1;30;90;43m::[0;33;5;43;103mt;[0;33;47m8[0;1;30;90;47m8888888[0;33;47m@[0;1;30;90;43m8[0;1;30;90;40m8[0;1;33;93;43m8[0;33;5;43;103m;;;;[0;1;30;90;43m:[0;31;5;40;100mS[0;1;33;93;43mt[0;1;30;90;47m88888888888888[0;33;47m8[0;33;5;43;103mt%[0;1;30;90;43m..[0;33;5;43;103m%%%%%%[0;1;30;90;43m .[0;33;5;43;103mSSS[0;1;30;90;43m [0m       
        [0;1;30;90;43m.[0;33;5;43;103mt%[0;1;30;90;43m;;[0;33;5;43;103m%tt;;%[0;1;30;90;43m;;[0;33;5;43;103m%;;;[0;33;47mX[0;1;30;90;47m8888888[0;33;47m8[0;33;5;43;103mX;;;S[0;37;43m@[0;33;47m8[0;1;30;90;47m8888888888888[0;33;47m@[0;33;5;43;103mtttS[0;1;30;90;43m::[0;33;5;43;103mX%%%%S[0;1;30;90;43m.[0;33;41m8[0;33;5;43;103mXS[0;1;30;90;43m [0m        
         [0;1;30;90;43m.[0;33;5;43;103mttttttttttt;;;;;[0;1;33;93;47m8[0;1;30;90;47m88888888[0;1;33;93;43m@[0;1;30;90;43m:[0;1;33;93;43m%[0;33;47m8[0;1;30;90;47m88888888888888[0;33;47m8[0;33;5;43;103mtt%%%%%%%%%%SSSS[0;1;30;90;43m.[0m         
          [0;33;41m8[0;33;5;43;103mXttt[0;1;33;93;43m@X[0;33;5;43;103mtttttt[0;1;33;93;43m8@[0;33;5;43;103mttt[0;33;47m8[0;1;30;90;47m888888[0;33;47m8[0;1;30;90;43m%:[0;37;43mS[0;1;30;90;47m888888888888[0;33;47m8[0;33;5;43;103mtt%[0;1;33;93;43m@X[0;33;5;43;103m%%%%%%[0;1;33;93;43mXS[0;33;5;43;103mSSS@[0;31;43m8[0m          
            [0;1;33;93;43m%[0;33;5;43;103mt[0;1;33;93;43m8[0;1;30;90;43m::[0;1;33;93;43m@[0;33;5;43;103mtttt@[0;1;30;90;43m::[0;1;33;93;43m8[0;33;5;43;103mtttt[0;33;47m8X[0;1;30;90;47m88888[0;1;30;90;43m8[0;1;33;93;43mX[0;37;43m8[0;1;30;90;47m888888888[0;33;47m8[0;33;5;43;103mt%%%[0;1;33;93;43m@[0;1;30;90;43m::[0;1;33;93;43mX[0;33;5;43;103m%%%%[0;1;33;93;43m@[0;1;30;90;43m..[0;1;33;93;43mX[0;33;5;43;103mS[0;1;33;93;43m%[0m            
             [0;1;30;90;43m.[0;33;5;43;103m%[0;1;30;90;43m::[0;33;5;43;103mtttttt[0;1;30;90;43m::[0;33;5;43;103mtttttt[0;1;30;90;43mt[0;33;5;40;100m%[0;33;47m@[0;1;30;90;47m888888888888[0;33;47m@[0;33;5;40;100m%[0;1;30;90;43m%[0;33;5;43;103m%%%%%%[0;1;30;90;43m..[0;33;5;43;103m%%%SSS[0;1;30;90;43m .[0;33;5;43;103mS[0;1;30;90;43m [0m             
              [0;31;40mX[0;1;30;90;43m::[0;33;5;43;103mStttt%[0;1;30;90;43m::[0;33;5;43;103mStttt%[0;1;30;90;43m::[0;33;5;43;103mSt[0;33;47m8[0;1;30;90;47m88888888[0;33;47m8[0;33;5;43;103m%S[0;1;30;90;43m::[0;33;5;43;103mS%%%%X[0;1;30;90;43m..[0;33;5;43;103mXSSSSX[0;1;30;90;43m.[0;30;41m8[0;31;40mX[0m              
                [0;1;30;90;43m.[0;33;5;43;103m@%%%ttttttttttttttttt[0;33;47m8[0;1;30;90;47m88[0;33;47m8[0;33;5;43;103m%%%%%%%%%%%%%SSSSSSS[0;1;33;93;43m8[0;1;30;90;43m [0m                
                  [0;1;30;90;43m...[0;33;5;43;103m%%%%%%[0;1;30;90;43m..[0;33;5;43;103m%%%%%%[0;1;30;90;43m..[0;33;5;43;103m%%%%%%[0;1;30;90;43m. [0;33;5;43;103m%%%%%%[0;1;30;90;43m  [0;33;5;43;103mSSSSSS[0;1;30;90;43m   [0m                  
                    [0;31;40m8[0;1;33;93;43mS[0;33;5;43;103m%%%%[0;1;33;93;43m8[0;1;30;90;43m::[0;1;33;93;43m@[0;33;5;43;103m%%%%[0;1;33;93;43m@[0;1;30;90;43m.:[0;1;33;93;43mX[0;33;5;43;103m%%%%[0;1;33;93;43m@[0;1;30;90;43m..[0;1;33;93;43mX[0;33;5;43;103m%%%S[0;1;33;93;43m@[0;1;30;90;43m..[0;1;33;93;43mX[0;33;5;43;103mSSSS[0;1;33;93;43mS[0;31;40m@[0m                    
                      [0;1;30;90;43m.[0;33;5;43;103m@%%%[0;1;30;90;43m..[0;33;5;43;103m%%%%%%[0;1;30;90;43m.[0;31;43m8[0;33;5;43;103m%%%%%%[0;1;30;90;43m..[0;33;5;43;103mSSSSSS[0;1;30;90;43m.[0;31;43m8[0;33;5;43;103mSSS@[0;1;30;90;43m [0m                      
                        [0;1;30;90;43m.[0;1;33;93;43mX[0;33;5;43;103mS[0;1;33;93;43m%[0;1;30;90;43m [0;33;5;43;103mX%%%%X[0;1;33;93;43m%[0;1;30;90;43m [0;33;5;43;103mXSSSSX[0;1;33;93;43mt[0;1;30;90;43m [0;33;5;43;103mXSSSSX[0;1;33;93;43mt[0;1;30;90;43m [0;33;5;43;103m@[0;1;33;93;43mX[0;1;30;90;43m [0m                        
                          [0;31;40m8[0;1;30;90;43m [0;33;5;43;103mSSSSSSSSSSSSSSSSSSSSSSSX[0;1;30;90;43m [0;30;41m8[0m                          
                             [0;1;30;90;43m. ..[0;1;33;93;43m@[0;33;5;43;103mSSSS[0;1;33;93;43m@[0;1;30;90;43m..[0;1;33;93;43mX[0;33;5;43;103mSSSS[0;1;33;93;43m8[0;1;30;90;43m    [0m                             
                                [0;31;40m8[0;1;30;90;43m [0;33;5;43;103mSSSS@[0;1;30;90;43m  [0;33;5;43;103m@SSSS[0;1;33;93;43m%[0;33;41m8[0m                                
                                   [0;1;30;90;43m  [0;33;5;43;103mXX[0;30;41m8[0;31;40m8[0;33;5;43;103m@X[0;1;30;90;43m  [0m                                   
                                      [0;31;40m8[0;1;30;90;43m  [0;30;41m8[0m                                      
