[0;36;5;40;100m [0;1;30;90;47m....      [0;1;37;97;47m   [0;1;30;90;47m:[0;34;5;40;100m@[0;1;34;94;44m::::::::::::::::::::::::::::::::::................ [0;1;30;90;44m.      [0;30;44m     8[0m
[0;37;5;40;100m@[0;37;5;47;107m%%%%%%ttttttttt[0;1;37;97;47m [0;34;5;44;104m88888888888888888888888888888888888[0;1;34;94;44m888888888888888888888@@@@@@[0;30;44m%[0m
[0;37;5;40;100m@[0;37;5;47;107m%%%%ttttttttttttX[0;1;30;90;47m8[0;34;5;44;104m8888888888888888888888888888888888[0;1;34;94;44m888888888888888888888@@@@@[0;30;44m%[0m
[0;37;5;40;100m@[0;37;5;47;107m%%tttttttttttttttt[0;1;37;97;47mS[0;36;5;44;104m@[0;34;5;44;104m8888888888888888888888888888888888[0;1;34;94;44m88888888888888888888@@@@[0;30;44m%[0m
[0;37;5;40;100m@[0;37;5;47;107m%tttttttttttttttt;;;[0;1;37;97;47m [0;34;5;44;104m88888888888888888888888888888888888[0;1;34;94;44m8888888888888888888@@@[0;30;44m%[0m
[0;37;5;40;100m@[0;37;5;47;107mttttttttttttttt%t;;;;%[0;1;30;90;47m8[0;34;5;44;104m8888888888888888888888888888888888[0;1;34;94;44m8888888888888888888@@[0;30;44m%[0m
[0;37;5;40;100m8[0;37;5;47;107mttttttttttt8[0;1;37;97;47m [0;1;30;90;47m8[0;36;5;44;104m@[0;34;5;44;104m88@[0;1;30;90;47m8[0;1;37;97;47m [0;37;5;47;107mt;;8[0;1;30;90;47m8[0;34;5;44;104m888888888888888888888888888888888[0;1;34;94;44m888888888888888888@@[0;30;44m%[0m
[0;37;5;40;100m8[0;37;5;47;107mttttttttttt%;;;;8[0;1;30;90;47m8[0;34;5;44;104m88[0;36;5;44;104m@[0;37;5;47;107m8:::[0;1;37;97;47mt[0;36;5;44;104m@[0;34;5;44;104m@@@@@@@@888888888888888888888888[0;1;34;94;44m888888888888888888@[0;30;44m%[0m
[0;36;5;40;100m [0;37;5;47;107mttttttttt;;;;;;;;:[0;1;30;90;47m8[0;34;5;44;104m@@X[0;37;5;47;107mt:::;[0;1;37;97;47m [0;34;5;44;104m@@@@@@@@@@8888888888888888888888[0;1;34;94;44m88888888888888888@[0;30;44m%[0m
[0;30;44m%[0;36;5;44;104m8[0;1;37;97;47mX[0;37;5;47;107mtttttt;;;;;;;:::%[0;34;5;44;104m@@@[0;1;37;97;47mt[0;37;5;47;107m.....@[0;1;30;90;47m8[0;34;5;44;104m@@@@@@@@@@888888888888888888888[0;1;34;94;44m88888888888888888[0;30;44m%[0m
[0;30;44m%[0;34;5;44;104m88[0;1;30;90;47m8[0;37;5;47;107mXttt;;;;;;;::::@[0;34;5;44;104m@@@[0;37;5;47;107m8.......8[0;37;5;44;104m8[0;34;5;44;104mXXX@@@@@@@8888888888888888888[0;1;34;94;44m88888888888888888[0;30;44m%[0m
[0;30;44m%[0;34;5;44;104m8888[0;1;37;97;47m [0;37;5;47;107mt;;;;;;:::::t[0;1;30;90;47m8[0;34;5;44;104mXX[0;1;30;90;47m8[0;37;5;47;107m.        .[0;1;37;97;47m [0;34;5;44;104mXXXX@@@@@@8888888888888888888[0;1;34;94;44m8888888888888888[0;30;44m%[0m
[0;30;44m%[0;34;5;44;104m88888[0;36;5;44;104m8[0;1;37;97;47mS[0;37;5;47;107m;;;;8%:;8[0;1;37;97;47m [0;36;5;44;104mX[0;34;5;44;104mXX[0;1;30;90;47m8[0;37;5;47;107m:           %[0;1;30;90;47m8[0;34;5;44;104mXXXX@@@@@888888888888888888[0;1;34;94;44m8888888888888888[0;30;44m%[0m
[0;30;44m%[0;34;5;44;104m8888888[0;1;30;90;47m8[0;37;5;47;107mX;;;[0;1;37;97;47m:[0;1;30;90;47m88[0;37;5;44;104m8[0;1;30;90;47m88[0;1;37;97;47m [0;37;5;47;107mS               8[0;1;30;90;47m8[0;34;5;44;104mXXX@@@@@888888888888888888[0;1;34;94;44m888888888888888[0;30;44m%[0m
[0;30;44m%[0;34;5;44;104m888888888[0;1;37;97;47m [0;37;5;47;107m;:::....                   [0;1;37;97;47m.[0;34;5;44;104mXXX@@@@@88888888888888888[0;1;34;94;44m888888888888888[0;30;44m%[0m
[0;30;44m%[0;34;5;44;104m8888888888[0;36;5;44;104m@[0;1;37;97;47mS[0;37;5;47;107m::...                     t[0;1;30;90;47m8[0;34;5;44;104mX@@@@@88888888888888888[0;1;34;94;44m888888888888888[0;30;44m%[0m
[0;30;44m%[0;34;5;44;104m88888888888@[0;1;30;90;47m8[0;37;5;47;107mX...                       8[0;1;30;90;47m8[0;34;5;44;104m@@@@88888888888888888[0;1;34;94;44m888888888888888[0;30;44m%[0m
[0;30;44m%[0;34;5;44;104m8888888888@@@@[0;1;37;97;47m [0;37;5;47;107m:.                :@88t  ..[0;1;37;97;47m:[0;34;5;44;104mX@@88888888888888888[0;1;34;94;44m888888888888888[0;30;44m%[0m
[0;30;44m%[0;34;5;44;104m88888888888@@@@[0;36;5;44;104mX[0;1;37;97;47m%[0;37;5;47;107m             .[0;1;37;97;47m%[0;1;30;90;47m8[0;36;5;44;104mX[0;34;5;44;104mXXXX[0;36;5;44;104mS[0;1;37;97;47m [0;37;5;47;107mS..t[0;1;30;90;47m@[0;34;5;44;104m@88888888888888888[0;1;34;94;44m888888888888888[0;30;44m%[0m
[0;30;44m%[0;34;5;44;104m88888888888@@@@XX[0;1;30;90;47m8[0;37;5;47;107mX          ;[0;1;30;90;47m8[0;36;5;44;104mX[0;34;5;44;104mSXXXXXXXX[0;1;37;97;47m%[0;37;5;47;107m.::8[0;1;30;90;47m8[0;34;5;44;104m8888888888888888[0;1;34;94;44m888888888888888[0;30;44m%[0m
[0;30;44m%[0;34;5;44;104m88888888888@@@@@XXX[0;1;37;97;47m [0;37;5;47;107m:        [0;1;30;90;47m8[0;34;5;44;104mSXXXXXXXXXXX[0;37;5;47;107mS:::;[0;1;37;97;47m;[0;34;5;44;104m@88888888888888[0;1;34;94;44m888888888888888[0;30;44m%[0m
[0;30;44mS[0;34;5;44;104m888888888888@@@@@XXX[0;36;5;44;104mX[0;1;37;97;47mt[0;37;5;47;107m       [0;36;5;44;104mX[0;34;5;44;104mXXXXXXXXXX@@[0;1;37;97;47m:[0;37;5;47;107m:::;;%[0;1;30;90;47m@[0;34;5;44;104m888888888888[0;1;34;94;44m8888888888888888[0;30;44mS[0m
[0;30;44m8[0;34;5;44;104m8888888888888@@@@@XXXX[0;1;30;90;47m8[0;37;5;47;107m8     [0;1;34;94;47m8[0;34;5;44;104mXXXXXXXXX@@@[0;37;5;47;107m8::;;;;;8[0;1;30;90;47m8[0;34;5;44;104m8888888888[0;1;34;94;44m8888888888888888[0;30;44m8[0m
[0;34;40mX[0;34;5;44;104m88888888888888@@@@@@XXXX[0;1;30;90;47m@[0;37;5;47;107mt   8[0;34;5;44;104mXXXXXXX@@@@[0;1;30;90;47m8[0;37;5;47;107m::;;;;;;;t[0;1;37;97;47mt[0;34;5;44;104m888888888[0;1;34;94;44m8888888888888888[0;34;40m@[0m
 [0;1;34;94;44m8[0;34;5;44;104m88888888888888@@@@@@@@XXX[0;1;37;97;47m [0;37;5;47;107m...8[0;1;30;90;47m8[0;34;5;44;104mXX@@@@@X[0;1;37;97;47m [0;37;5;47;107m;:;;;;;;;ttt%[0;1;30;90;47mX[0;34;5;44;104m888888[0;1;34;94;44m88888888888888888[0m 
 [0;1;34;94;44m;[0;34;5;44;104m8888888888888888@@@@@@@@@@[0;37;5;44;104m8[0;37;5;47;107m8...@[0;1;37;97;47m [0;1;30;90;47m@88[0;1;37;97;47m X[0;37;5;47;107m;:;;;;;;;;tttttt@[0;1;30;90;47m8[0;34;5;44;104m888[0;1;34;94;44m88888888888888888t[0m 
 [0;30;44mS[0;34;5;44;104m888888888888888888@@@@@@@@@@[0;1;30;90;47m8[0;37;5;47;107mS::::::::;;;;;;;;tttttttttt[0;1;37;97;47m%[0;34;5;44;104m88[0;1;34;94;44m88888888888888888[0;30;44m%[0m 
  [0;1;34;94;44m8[0;34;5;44;104m888888888888888888888@@@@@@@@[0;1;37;97;47m [0;37;5;47;107m;:::;;;;;;;;;;tttttttttttt%[0;1;30;90;47mS[0;34;5;44;104m8[0;1;34;94;44m888888888888888@[0;34;40m%[0m 
  [0;1;30;90;44m:[0;34;5;44;104m888888888888888888888888888888[0;36;5;44;104m@[0;1;37;97;47mS[0;37;5;47;107m;;;;;;;;;;tttttttttttttt%%@[0;1;30;90;47m8[0;1;34;94;44m88888888888888.[0m  
  [0;34;40mS[0;1;34;94;44m8[0;34;5;44;104m8888888888888888888888888888888[0;1;30;90;47m8[0;37;5;47;107m8;;;;;;tttttttttt%[0;1;37;97;47mS [0;1;30;90;47mS[0;1;37;97;47m .[0;37;5;47;107m@%%%[0;1;37;97;47m%[0;34;5;44;104m8[0;1;34;94;44m88888888888@[0;34;40mX[0m  
   [0;30;44m:[0;34;5;44;104m888888888888888888888888888888888[0;1;30;90;47m8[0;37;5;47;107m%;tttttttttttX[0;1;30;90;47m8[0;34;5;44;104m888[0;1;30;90;47m8@[0;1;37;97;47m  .[0;37;5;47;107m8%SS[0;1;37;97;47m [0;34;5;44;104m8[0;1;34;94;44m888888888[0;30;44m.[0m   
    [0;1;34;94;44mX[0;34;5;44;104m8888888888888888888888888888888888[0;1;37;97;47m;[0;37;5;47;107mtttttttttt8[0;34;5;44;104m888[0;1;30;90;47m8[0;37;5;47;107mX%%%%%%SSSS@[0;1;30;90;47m8[0;1;34;94;44m8888888S[0m    
    [0;34;40m8[0;1;34;94;44m8[0;34;5;44;104m8888888888888888888888888888888888[0;36;5;40;100m [0;37;5;47;107m8tttttttt[0;36;5;44;104m8[0;34;5;44;104m88[0;36;5;40;100m [0;37;5;47;107m%%%%%%%SSSSSSX[0;1;37;97;47m%[0;34;5;44;104m8[0;1;34;94;44m8888@[0;34;40m8[0m    
     [0;30;44m@[0;1;34;94;44m88[0;34;5;44;104m8888888888888888888888888888888888[0;1;30;90;47m8[0;37;5;47;107mStttttt[0;34;5;44;104m8[0;1;34;94;44m88[0;1;37;97;47m [0;37;5;47;107m%%%%%%SSSSSSXXXX[0;1;37;97;47m [0;1;34;94;44m88@[0;30;44mX[0m     
      [0;30;44mt[0;1;34;94;44m888[0;34;5;44;104m8888888888888888888888888888888888[0;1;37;97;47m [0;37;5;47;107mtttt%[0;36;5;44;104m8[0;1;34;94;44m88[0;37;5;40;100m.[0;37;5;47;107m%%%%SSSSSSSXXXXX@8[0;1;30;90;47m8[0;30;44m;[0m      
       [0;30;44m:[0;1;34;94;44m88888[0;34;5;44;104m88888888888888888888888888888888[0;36;5;44;104m8[0;1;37;97;47mS[0;37;5;47;107m%%%8[0;34;5;44;104m8[0;1;34;94;44m88[0;1;30;90;47m8[0;37;5;47;107mXSSSSSSSXXXXXX@@@[0;1;30;90;47m%[0m       
        [0;30;44m;[0;1;34;94;44m88888888[0;34;5;44;104m8888888888888888888888888[0;1;34;94;44m88888[0;1;30;90;47m8[0;37;5;47;107m8%%8[0;1;30;90;47m8[0;1;34;94;44m888[0;37;5;40;100m.[0;1;30;90;47m8[0;1;37;97;47m [0;1;30;90;47mS[0;1;37;97;47m [0;37;5;47;107m8XXXXX@@@@[0;1;30;90;47mX[0m        
         [0;30;44mS[0;1;34;94;44m888888888888[0;34;5;44;104m888888888888888[0;1;34;94;44m88888888888[0;34;5;44;104m8[0;1;37;97;47m [0;37;5;47;107mS%SX[0;1;37;97;47m;[0;1;30;90;47mS8@[0;1;37;97;47m [0;37;5;47;107m8XXXXXX@@@@[0;37;5;40;100mX[0m         
          [0;34;40m8[0;1;34;94;44m@88888888888888888888888888888888888888[0;34;5;44;104m8[0;1;37;97;47m;[0;37;5;47;107mSSSSSSXXXXXX@@@@[0;1;37;97;47m8[0;36;5;40;100m:[0m          
            [0;1;34;94;44m;888888888888888888888888888888888888888[0;37;5;40;100m.[0;37;5;47;107m8SSXXXXXX@@@@@[0;1;37;97;47m;[0m            
             [0;30;44m%[0;1;34;94;44m8888888888888888888888888888888888888888[0;1;30;90;47m8[0;37;5;47;107mXXXXX@@@@@8[0;37;5;40;100m8[0m             
              [0;34;40mS[0;1;34;94;44m;8888888888888888888888888888888888888888[0;1;37;97;47m [0;37;5;47;107mX@@@@@@[0;1;37;97;47m:[0;30;5;40;100m8[0m              
                [0;30;44m8[0;1;34;94;44mS888888888888888888888888888888888888888[0;36;5;40;100m;[0;1;37;97;47mX[0;37;5;47;107m@@@[0;1;37;97;47m8[0;36;5;40;100m [0m                
                  [0;30;44m%[0;1;34;94;44m@88888888888888888888888888888888888@@@8[0;1;30;90;47m8[0;37;5;47;107m8[0;37;5;40;100m8[0m                  
                    [0;30;44mt[0;1;34;94;44m@888888888888888888888888888888@@@@@@X[0;30;44mt[0m                    
                      [0;30;44m%[0;1;34;94;44mX888888888888888888888888@@@@@@@@X[0;30;44m%[0m                      
                        [0;30;44m@[0;1;34;94;44m%88888888888888888@@@@@@@@@@@%[0;30;44m@[0m                        
                          [0;34;40m@[0;30;44m.[0;1;34;94;44m@888@@@@@@@@@@@@@@@@@@@@[0;30;44m [0;34;40m8[0m                          
                             [0;30;44m@[0;1;34;94;44m:@@@@@@@@@@@@@@@@@@:[0;30;44m@[0m                             
                                [0;30;44mX[0;1;34;94;44m;@@@@@@@@@@@@t[0;30;44mS[0m                                
                                   [0;30;44m@[0;1;34;94;44m X@@@@@.[0;30;44m@[0m                                   
                                      [0;34;40m@[0;30;44mS%[0;34;40m@[0m                                      
