[0;36;5;40;100m.[0;1;30;90;47m;;;;;;;;;;;;;;:::::::::::::::::::::::::::::;;;;;;;;;;;;;;ttttttttt%%%%%%%SSSSS[0;36;5;40;100m.[0m
[0;37;5;40;100mS[0;37;5;47;107m888@@@@@@@@@@@@@@@@@@@XXXXXXXXXXXXX@@@@@@@@@@@@@@@@@@@8888888888888[0;1;37;97;47m88888888888[0;37;5;40;100mX[0m
[0;37;5;40;100mS[0;37;5;47;107m8@@@@@@@@@@@@@@@@XXXXXXXXXXXXXXXXXXXXXX@@@@@@@@@@@@@@@@@888888888888[0;1;37;97;47m8888888888[0;37;5;40;100mX[0m
[0;37;5;40;100mS[0;37;5;47;107m@@@@@@@@@@@@@@XXXXXXXXXXXXXXXXXXXXXXXXXXXXX@@@@@@@@@@@@@@888888888888[0;1;37;97;47m888888888[0;37;5;40;100mX[0m
[0;37;5;40;100mS[0;37;5;47;107m@@@@@@@@@@@@XXXXXXXXXXXXXXXXXXXXXXXXXXXXXXXXX@@@@@@@@@@@@@888888888888[0;1;37;97;47m88888888[0;37;5;40;100mX[0m
[0;37;5;40;100mX[0;37;5;47;107m@@@@@@@@@8888888XXXXXS@888888SSSSSSX888888@XXXX@@88888[0;1;37;97;47m8[0;37;5;47;107m8@@@@88[0;1;37;97;47m88888@@[0;37;5;47;107m88[0;1;37;97;47m8888888[0;37;5;40;100mX[0m
[0;37;5;40;100mX[0;37;5;47;107m@@@@@@@@X[0;34;40m;;;[0;1;30;90;40m%SS[0;36;5;40;100m [0;37;5;47;107mXSSSSS[0;36;5;40;100m [0;1;30;90;40m@@@@@@[0;37;5;47;107mSSSSSS[0;1;37;97;47m.[0;1;30;90;40mXXXXSS[0;1;30;90;47mt[0;37;5;47;107mXXXXXX[0;34;40m;:::::[0;36;5;40;100m;[0;37;5;47;107m@@@@@8[0;36;5;40;100m [0;34;40m......[0;37;5;47;107m88[0;1;37;97;47m8888888[0;37;5;40;100mX[0m
[0;37;5;40;100mX[0;37;5;47;107m@@@@@@XXX[0;34;40m;[0;1;30;90;40m%SSSX[0;36;5;40;100m.[0;1;37;97;47m888888[0;36;5;40;100m [0;1;30;90;40m888888[0;1;37;97;47m888888[0;1;30;90;47m:[0;1;30;90;40m@@@XXX[0;1;30;90;47mX[0;1;37;97;47m88@@@@[0;34;40m;;;:::[0;36;5;40;100m%[0;1;37;97;47mXXXXXX[0;36;5;40;100m:[0;34;40m......[0;37;5;47;107m888[0;1;37;97;47m888888[0;37;5;40;100mX[0m
[0;37;5;40;100mX[0;37;5;47;107m@@@@@XXXX[0;1;30;90;40m%SSSXXX@@@8888888888888888888@@@XXXSSS%[0;34;40m;;;;;:::::::.........[0;37;5;47;107m8888[0;1;37;97;47m88888[0;37;5;40;100mX[0m
[0;37;5;40;100mX[0;37;5;47;107m@@@@XXXXX[0;30;5;40;100m88@[0;1;30;90;40m8X@@@8888888[0;30;5;40;100m888888888[0;1;30;90;40m8[0;30;5;40;100m8[0;36;5;40;100m; [0;37;5;40;100mX[0;1;30;90;47m@SX8[0;36;5;40;100m [0;1;30;90;40m8XXSS%[0;34;40m;;;;;::::::.....:[0;1;30;90;40m@@@[0;37;5;47;107m8888[0;1;37;97;47m88888[0;37;5;40;100mX[0m
[0;37;5;40;100mX[0;37;5;47;107m@@@XXXXXXXSS[0;36;5;40;100m [0;1;30;90;40m@@88888[0;30;5;40;100m88888888888[0;36;5;40;100mt[0;37;5;40;100m8[0;1;37;97;47m [0;37;5;47;107m8X%%[0;1;37;97;47m8[0;1;30;90;47mt[0;37;5;40;100mX[0;36;5;40;100m.[0;30;5;40;100mS[0;1;30;90;40m8XXXSS%[0;34;40m;;;;:::::::....[0;36;5;40;100mt[0;37;5;47;107m88888888[0;1;37;97;47m8888[0;37;5;40;100mX[0m
[0;37;5;40;100mX[0;37;5;47;107m@@@XXXXXXSSS[0;36;5;40;100m [0;1;30;90;40m@8888[0;30;5;40;100m888888@@@@@[0;36;5;40;100m [0;1;37;97;47m [0;37;5;47;107m@%tt@[0;1;30;90;47m%[0;36;5;40;100m.[0;30;5;40;100m8[0;1;30;90;40m8888@@XXXSS%[0;34;40m;;;;:::::::...[0;36;5;40;100mt[0;37;5;47;107m88888888[0;1;37;97;47m8888[0;37;5;40;100mX[0m
[0;37;5;40;100mX[0;37;5;47;107m@@XXXXXXSSSS[0;36;5;40;100m [0;1;30;90;40m8888[0;30;5;40;100m8888@@@XXS[0;37;5;40;100m8[0;1;37;97;47mX[0;37;5;47;107mXt;;[0;1;37;97;47m8[0;37;5;40;100m8[0;30;5;40;100mX8888[0;1;30;90;40m8888@@XXXSS%[0;34;40m;;;;::::::...[0;36;5;40;100mt[0;37;5;47;107m88888888[0;1;37;97;47m8888[0;37;5;40;100mX[0m
[0;37;5;40;100mX[0;37;5;47;107m@@XXXXXXSSSS[0;37;5;40;100m%[0;1;30;90;40m888[0;30;5;40;100m8888@@XXS[0;37;5;40;100m8[0;1;37;97;47m8[0;37;5;47;107m@t;;8[0;37;5;40;100m8[0;30;5;40;100mSX@@8888[0;1;30;90;40m8888@@XXSSS[0;34;40m;;;;::::::...[0;36;5;40;100mt[0;37;5;47;107m888888888[0;1;37;97;47m888[0;37;5;40;100mX[0m
[0;37;5;40;100mX[0;37;5;47;107m@XXXXXXSS[0;36;5;40;100m   [0;30;5;40;100mX[0;1;30;90;40m88[0;30;5;40;100m8888@@XX[0;36;5;40;100m [0;1;37;97;47mX[0;37;5;47;107m@%;;t[0;1;30;90;47m:[0;36;5;40;100m;[0;30;5;40;100mSSXX@@8888[0;1;30;90;40m888@@XXXSS%[0;34;40m;;;;::::::..[0;1;30;90;40mS[0;36;5;40;100mttt[0;37;5;47;107m888888[0;1;37;97;47m888[0;37;5;40;100mX[0m
[0;37;5;40;100mX[0;37;5;47;107m@XXXXXXSS[0;1;30;90;40m@@8888[0;30;5;40;100m888@@X[0;36;5;40;100mt[0;1;30;90;47m.[0;37;5;47;107mXX;;;8[0;37;5;40;100m%[0;36;5;40;100mtt%[0;30;5;40;100mSSXX@@888[0;1;30;90;40m8888@@XXSS%[0;34;40m;;;;::::::......[0;37;5;47;107m888888[0;1;37;97;47m888[0;37;5;40;100mX[0m
[0;37;5;40;100mX[0;37;5;47;107m@XXXXXXSS[0;1;30;90;40m@@888[0;30;5;40;100m8888@X[0;36;5;40;100m [0;37;5;47;107m8@t;;;[0;1;37;97;47m@[0;36;5;40;100m ;;tt[0;30;5;40;100m%SSX@@888[0;1;30;90;40m8888@@XXSS%[0;34;40m;;;;::::::......[0;37;5;47;107m888888[0;1;37;97;47m888[0;37;5;40;100mX[0m
[0;37;5;40;100mX[0;37;5;47;107mXXXXXXXSS[0;1;30;90;40m@@888[0;30;5;40;100m888@@[0;1;30;90;47m@[0;37;5;47;107mXX;;;;8[0;36;5;40;100m ::;tt%[0;30;5;40;100mSSXX@8888[0;1;30;90;40m888@@XXSS%[0;34;40m;;;;::::::......[0;37;5;47;107m888888[0;1;37;97;47m888[0;37;5;40;100mX[0m
[0;37;5;40;100mX[0;37;5;47;107m@XXXXXXSS[0;36;5;40;100m   [0;30;5;40;100mS[0;1;30;90;40m8[0;30;5;40;100m8888[0;36;5;40;100m.[0;37;5;47;107mtS[0;1;37;97;47m8[0;1;30;90;47m8[0;1;37;97;47m:[0;37;5;47;107mt;[0;37;5;40;100m8[0;36;5;40;100m;;;;tt[0;30;5;40;100m%SSX@@888[0;1;30;90;40m8888@@XXSS%[0;34;40m;;;;::::::..[0;1;30;90;40mX[0;36;5;40;100m;;;[0;37;5;47;107m888888[0;1;37;97;47m888[0;37;5;40;100mX[0m
[0;37;5;40;100mX[0;37;5;47;107m@XXXXXXSSSSS[0;37;5;40;100mS[0;1;30;90;40m88[0;30;5;40;100m888@[0;1;30;90;47mt[0;37;5;47;107m@[0;1;37;97;47mS[0;36;5;40;100mt[0;30;5;40;100mS[0;36;5;40;100m  ;ttttt[0;30;5;40;100m%SSXX@@888[0;1;30;90;40m8888@@XXSS%[0;34;40m;;;;::::::..[0;36;5;40;100mt[0;37;5;47;107m888888888[0;1;37;97;47m888[0;37;5;40;100mX[0m
[0;37;5;40;100mX[0;37;5;47;107m@@XXXXXXSSSS[0;37;5;40;100mS[0;1;30;90;40m88[0;30;5;40;100m8888@[0;36;5;40;100m [0;1;30;90;47mX[0;1;37;97;47m [0;36;5;40;100m [0;30;5;40;100mSS%%%%SSSSXX@@888[0;1;30;90;40m8888@@XXSSS[0;34;40m;;;;:::::::..[0;36;5;40;100mt[0;37;5;47;107m888888888[0;1;37;97;47m888[0;37;5;40;100mX[0m
[0;36;5;40;100m [0;37;5;47;107m@@XXXXXXSSSS[0;37;5;40;100mX[0;1;30;90;40m888[0;30;5;40;100m8888@@[0;36;5;40;100m [0;1;37;97;47m [0;1;30;90;47m:[0;36;5;40;100m [0;30;5;40;100mSSSSSXXX@@@8888[0;1;30;90;40m8888@@XXSS%[0;34;40m;;;;::::::...[0;36;5;40;100m:[0;37;5;47;107m888888888[0;1;37;97;47m888[0;36;5;40;100m [0m
[0;36;5;40;100m [0;37;5;47;107m@@XXXXXXXSS@[0;37;5;40;100m8[0;1;30;90;40m8888[0;30;5;40;100m88888@X[0;37;5;40;100m8[0;1;37;97;47m;[0;1;30;90;47mS[0;36;5;40;100m:[0;30;5;40;100mXXX@@@@8888[0;1;30;90;40m88888@@XXSSS[0;34;40m;;;;;::::::...[0;36;5;40;100m [0;1;37;97;47m8[0;37;5;47;107m8888888[0;1;37;97;47m8888[0;36;5;40;100m [0m
[0;30;5;40;100m@[0;37;5;47;107m@@@XXXXXX[0;36;5;40;100m [0;1;30;90;40m@X@@88888[0;30;5;40;100m888888[0;36;5;40;100mt[0;1;30;90;47mS[0;1;37;97;47m;[0;37;5;40;100m8[0;30;5;40;100mX@8888888[0;1;30;90;40m88888@@XXSSS%[0;34;40m;;;;:::::::......[0;36;5;40;100m [0;37;5;47;107m88888[0;1;37;97;47m8888[0;30;5;40;100mS[0m
 [0;37;5;47;107m8@@@XXXXX[0;1;30;90;47mS[0;1;30;90;40mXXX@@888888[0;30;5;40;100m888888[0;36;5;40;100m [0;1;30;90;47m.[0;1;37;97;47m [0;36;5;40;100m [0;30;5;40;100m88888[0;1;30;90;40m88888@@@XXSSS%[0;34;40m;;;;:::::::.......[0;37;5;40;100m8[0;37;5;47;107m8888[0;1;37;97;47m88888[0m 
 [0;1;37;97;47m [0;37;5;47;107m@@@@XXXX[0;1;37;97;47m8[0;1;30;90;40mXSXX@@@88888888[0;30;5;40;100m8888[0;37;5;40;100mX[0;1;37;97;47m.[0;1;30;90;47m;[0;36;5;40;100m.[0;1;30;90;40m888888@@@XXXSSS%[0;34;40m;;;;:::::::........[0;1;37;97;47m%[0;37;5;47;107m8888[0;1;37;97;47m8888.[0m 
 [0;36;5;40;100m [0;37;5;47;107m@@@@@XXXX[0;36;5;40;100m [0;1;30;90;40mSS8XX@@@@8888888888[0;30;5;40;100mX[0;1;30;90;47m@[0;1;37;97;47m:[0;1;30;90;47m8[0;30;5;40;100mX[0;1;30;90;40m88@@@@XXXSSS[0;34;40m;;;;;:::::::.....;..[0;30;5;40;100mS[0;37;5;47;107m8888[0;1;37;97;47m88888[0;37;5;40;100mS[0m 
  [0;37;5;47;107m8@@@@@XXX[0;1;37;97;47mX[0;1;30;90;47m.[0;1;37;97;47m@[0;37;5;47;107mX[0;36;5;40;100m.[0;1;30;90;40mXXXX@@@@@88888888[0;36;5;40;100m.[0;1;30;90;47m;[0;1;37;97;47m [0;37;5;40;100mX[0;30;5;40;100m8[0;1;30;90;40m@XX[0;30;5;40;100m@[0;37;5;40;100m8[0;1;30;90;47mX[0;1;30;90;40m@S%[0;34;40m;;;;;::::::::....[0;30;5;40;100mS[0;37;5;47;107m8[0;1;37;97;47mS[0;1;30;90;47m;[0;1;37;97;47m;[0;37;5;47;107m8888[0;1;37;97;47m88888[0;1;30;90;40m8[0m 
  [0;1;30;90;47mS[0;37;5;47;107m@@@@@@XXXXXX[0;1;37;97;47mX[0;1;30;90;40m@SXXXXXX@@@@@@@@@@8[0;36;5;40;100m [0;1;30;90;47m.:[0;36;5;40;100m [0;1;30;90;40m8[0;36;5;40;100m [0;1;30;90;47m.X[0;30;5;40;100m8[0;1;30;90;40m%[0;34;40m;;;;;;::::::::....:[0;1;37;97;47m;[0;37;5;47;107m8888888[0;1;37;97;47m88888[0;1;30;90;47mt[0m  
  [0;1;30;90;40m8[0;37;5;47;107m@@@@@@@@XXXXX[0;1;30;90;47mS[0;1;30;90;40mSSSSSXXXXXXXXXXXXXX[0;30;5;40;100m8[0;1;30;90;47m8;%:[0;36;5;40;100m [0;1;30;90;40mS[0;34;40m;;;;;;::::::::......[0;37;5;40;100m@[0;37;5;47;107m8888888[0;1;37;97;47m888888[0;30;5;40;100m8[0m  
   [0;1;30;90;47m8[0;37;5;47;107m@@@@@@@@@XXX[0;1;37;97;47m@[0;30;5;40;100mX[0;34;40m;[0;1;30;90;40m%SSSSSSSSSSSSSSSSSS[0;36;5;40;100mt[0;1;30;90;47mX;[0;36;5;40;100m [0;1;30;90;40mS[0;34;40m;;;;:::::::::......[0;1;30;90;40m@[0;1;37;97;47m%[0;37;5;47;107m888888[0;1;37;97;47m888888[0;1;30;90;47m@[0m   
    [0;1;37;97;47mX[0;37;5;47;107m@@@@@@@@@[0;1;37;97;47mt[0;30;5;40;100mS[0;34;40m;;;;;;;;[0;1;30;90;40m%%%SSSSS%%%[0;34;40m;;;;[0;1;30;90;40mS[0;36;5;40;100m [0;1;30;90;47m;X[0;30;5;40;100m@[0;34;40m;::::::::::.........[0;30;5;40;100m8[0;1;37;97;47m.[0;37;5;47;107m888[0;1;37;97;47m888888S[0m    
    [0;30;5;40;100mS[0;37;5;47;107m8@@@@@@@@@[0;36;5;40;100m [0;34;40m:;;;;;;;;;;;;;;;;;;;;;;;;[0;1;30;90;40m@[0;37;5;40;100m@[0;1;30;90;47m:[0;36;5;40;100m [0;1;30;90;40mS[0;34;40m:::::::...........[0;36;5;40;100m [0;37;5;47;107m888[0;1;37;97;47m8888888[0;30;5;40;100mS[0m    
     [0;36;5;40;100m [0;37;5;47;107m@@@@@@@@@@[0;37;5;40;100m@[0;34;40m::::;;;;;;;;;;;;;;;;;:::::[0;30;5;40;100mX[0;1;30;90;47mXt[0;36;5;40;100m:[0;34;40m::::............[0;36;5;40;100m [0;37;5;47;107m888[0;1;37;97;47m8888888[0;36;5;40;100m [0m     
      [0;37;5;40;100m8[0;37;5;47;107m@@@@@@@@@@[0;1;30;90;47m8[0;34;40m:[0;30;5;40;100mX[0;1;30;90;47mt;[0;1;30;90;40mS[0;34;40m:::::::::::::::::::::;[0;36;5;40;100m [0;1;30;90;47m;8[0;1;30;90;40m8[0;34;40m........:[0;1;30;90;47m@%[0;30;5;40;100m@[0;34;40m.[0;37;5;40;100mX[0;37;5;47;107m888[0;1;37;97;47m8888888[0;1;30;90;47m8[0m      
       [0;1;30;90;47m8[0;37;5;47;107m@@@@@@@@@@[0;1;37;97;47mX[0;37;5;47;107m@@@[0;1;37;97;47mS[0;30;5;40;100mS[0;34;40m::::::::::::::::::::::[0;1;30;90;40m@[0;37;5;40;100m8[0;1;30;90;47m;[0;36;5;40;100m [0;34;40m;.....[0;30;5;40;100m8[0;1;37;97;47m;[0;37;5;47;107m888[0;1;37;97;47m%[0;37;5;47;107m888[0;1;37;97;47m8888888[0;1;30;90;47mX[0m       
        [0;37;5;40;100m8[0;37;5;47;107m88@@@@@@@@@@@@@[0;1;30;90;47m8[0;1;30;90;40mS[0;34;40m::::::::::::::::......[0;30;5;40;100mS[0;1;30;90;47mS%[0;36;5;40;100m [0;34;40m;.;[0;37;5;40;100m8[0;37;5;47;107m8888888[0;1;37;97;47m88888888[0;1;30;90;47m8[0m        
         [0;36;5;40;100m [0;37;5;47;107m8888@@@@@@@@@@[0;1;37;97;47mS[0;36;5;40;100mt[0;34;40m:::::::::::............[0;1;30;90;40m8[0;1;30;90;47m88[0;1;30;90;40m@[0;34;40m.[0;30;5;40;100mX[0;1;37;97;47mt[0;37;5;47;107m88888[0;1;37;97;47m888888888[0;37;5;40;100m%[0m         
          [0;36;5;40;100mt[0;1;37;97;47m@[0;37;5;47;107m8888888@@@@[0;1;37;97;47m.[0;34;40m;..............................:[0;1;30;90;47m;[0;37;5;47;107m88[0;1;37;97;47m888888888X[0;36;5;40;100m;[0m          
            [0;1;30;90;47m [0;37;5;47;107m88888888888[0;1;37;97;47m:[0;36;5;40;100mt[0;34;40m.....:................:.....[0;30;5;40;100mS[0;1;30;90;47m [0;37;5;47;107m8[0;1;37;97;47m8888888888[0;1;30;90;47m [0m            
             [0;37;5;40;100mS[0;37;5;47;107m888888888888[0;1;37;97;47m [0;30;5;40;100mS[0;34;40m.;[0;1;30;90;47mt[0;1;37;97;47mX[0;37;5;40;100mS[0;1;30;90;40mS[0;34;40m............;[0;36;5;40;100m [0;1;37;97;47m%[0;1;30;90;47mt[0;34;40m;.[0;30;5;40;100m@[0;1;30;90;47m;[0;37;5;47;107m8[0;1;37;97;47m88888888888[0;37;5;40;100m@[0m             
              [0;30;5;40;100m8[0;1;37;97;47m [0;37;5;47;107m888888888888[0;1;37;97;47m t[0;37;5;47;107m888[0;1;37;97;47m8[0;1;30;90;47mX[0;36;5;40;100m%[0;34;40m:.......[0;30;5;40;100mS[0;1;30;90;47m@[0;1;37;97;47m8[0;37;5;47;107m888[0;1;37;97;47m%[0;1;30;90;47m;[0;1;37;97;47m888888888888[0;1;30;90;47m.[0;30;5;40;100m8[0m              
                [0;36;5;40;100m.[0;1;37;97;47mS[0;37;5;47;107m888888888888888888[0;1;30;90;47m8[0;34;40m......[0;37;5;40;100mS[0;37;5;47;107m88888[0;1;37;97;47m8888888888888%[0;36;5;40;100m [0m                
                  [0;37;5;40;100mX[0;1;37;97;47m8[0;37;5;47;107m888888888888888[0;1;30;90;47mX[0;34;40m........[0;1;30;90;47m8[0;1;37;97;47m888888888888888@[0;37;5;40;100m@[0m                  
                    [0;37;5;40;100m8[0;1;37;97;47m@[0;37;5;47;107m8888888888888[0;1;37;97;47mX[0;1;30;90;47m8[0;36;5;40;100m%[0;34;40m:...[0;30;5;40;100mX[0;37;5;40;100m8[0;1;37;97;47mS8888888888888@[0;37;5;40;100m8[0m                    
                      [0;37;5;40;100mS[0;1;37;97;47mX88888888888888X[0;1;30;90;47mX@[0;1;37;97;47mS88888888888888S[0;37;5;40;100mX[0m                      
                        [0;36;5;40;100m [0;1;37;97;47m;8888888888888888888888888888;[0;36;5;40;100m [0m                        
                          [0;30;5;40;100mX[0;1;30;90;47mX[0;1;37;97;47m88888888888888888888888@[0;1;30;90;47mS[0;30;5;40;100m%[0m                          
                             [0;36;5;40;100m [0;1;30;90;47m:[0;1;37;97;47m888888888888888888[0;1;30;90;47m.[0;36;5;40;100m [0m                             
                                [0;36;5;40;100m [0;1;30;90;47m [0;1;37;97;47m888888888888.[0;36;5;40;100m [0m                                
                                   [0;36;5;40;100m [0;1;30;90;47m%[0;1;37;97;47mX8888@[0;1;30;90;47mt[0;36;5;40;100m [0m                                   
                                      [0;30;5;40;100mX[0;37;5;40;100mSS[0;30;5;40;100mS[0m                                      
