[0;30;5;40;100mS[0;1;30;90;40m8[0;34;40m.................:::::::::::::::::::::..........................              [0m
[0;36;5;40;100m [0;1;37;97;47mX[0;37;5;40;100mS[0;34;40m;...:::::::::::::;;;;;;;;;;;;;;;;;;;:::::::::::::..................          [0m
[0;36;5;40;100m [0;1;37;97;47m88;[0;36;5;40;100m;[0;34;40m:::::::::::;;;;;;;;;;;;;;;;;;;;;;;;;;;::::::::::..................         [0m
[0;36;5;40;100m [0;1;37;97;47m8888[0;1;30;90;47mt[0;30;5;40;100m8[0;34;40m::::::;;;;;;;;;[0;1;30;90;40m%%SSSSSSSSSSS%%[0;34;40m;;;;;;;;;:::::::::.................        [0m
[0;36;5;40;100m [0;1;37;97;47m888888[0;37;5;40;100m8[0;1;30;90;40mS[0;34;40m::;;;;;;;[0;1;30;90;40m%SSSSSSSSSXXXSSSSSSSSS%[0;34;40m;;;;;;;:::::::::................       [0m
[0;36;5;40;100m [0;1;37;97;47m8888888%[0;36;5;40;100m [0;34;40m;;;;;[0;1;30;90;40m%SSSSSXXXXXXXXXXXXXXXXXSSSSS%[0;34;40m;;;[0;1;30;90;40mX8[0;36;5;40;100mt::[0;30;5;40;100mS[0;1;30;90;40mS[0;34;40m::::...............       [0m
[0;36;5;40;100m [0;1;37;97;47m888888888[0;1;30;90;47m.[0;30;5;40;100mS[0;34;40m;[0;1;30;90;40m%SSSSXXXX@@@@@@@@@@@@@@XXXXXSS@[0;36;5;40;100m.[0;37;5;40;100m8[0;1;37;97;47m X8X[0;1;30;90;47mt[0;37;5;40;100mX[0;36;5;40;100m.[0;30;5;40;100mX[0;34;40m:::::...............      [0m
[0;36;5;40;100m [0;1;37;97;47m88888888888[0;1;30;90;47m@[0;1;30;90;40m8SXXXX@@@@888888888888@@@@@X[0;30;5;40;100mS[0;37;5;40;100m8[0;1;37;97;47mt8[0;37;5;47;107m8[0;1;37;97;47m8[0;1;30;90;47m%[0;36;5;40;100m:[0;1;30;90;40mS[0;34;40m;;;:::::::...............     [0m
[0;36;5;40;100m [0;1;37;97;47m8888888888[0;37;5;47;107m88[0;1;37;97;47m@[0;36;5;40;100m [0;1;30;90;40m@X@@@8888888888888888888[0;36;5;40;100m;[0;1;30;90;47m%[0;1;37;97;47mX8[0;37;5;47;107m8[0;1;37;97;47m8[0;1;30;90;47m8[0;30;5;40;100m8[0;1;30;90;40mS%[0;34;40m;;;;;:::::::..............     [0m
[0;36;5;40;100m [0;1;37;97;47m888888888[0;37;5;47;107m88888[0;1;37;97;47m;[0;36;5;40;100m.[0;1;30;90;40m@8888888[0;30;5;40;100m888888888[0;1;30;90;40m888[0;36;5;40;100mt[0;1;30;90;47mt[0;1;37;97;47m@[0;37;5;47;107m888[0;1;30;90;47mt[0;30;5;40;100m@[0;1;30;90;40mXXSS%[0;34;40m;;;;;::::::...............    [0m
[0;36;5;40;100m [0;1;37;97;47m88888888[0;37;5;47;107m88888888[0;1;30;90;47m;[0;30;5;40;100mS[0;1;30;90;40m88[0;30;5;40;100m88888888888888@[0;1;30;90;47m@[0;1;37;97;47mX8[0;37;5;47;107m88[0;1;37;97;47mX[0;36;5;40;100m [0;1;30;90;40m@@XXXSS%[0;34;40m;;;;:::::::..............    [0m
[0;36;5;40;100m [0;1;37;97;47m8888888[0;37;5;47;107m88888888888[0;37;5;40;100m8[0;30;5;40;100m88888@@@@@@@@@[0;36;5;40;100m [0;1;37;97;47mS8[0;37;5;47;107m@@@[0;1;37;97;47m:[0;30;5;40;100mX[0;1;30;90;40m88@@XXXSS%[0;34;40m;;;;:::::::..............   [0m
[0;36;5;40;100m [0;1;37;97;47m888888[0;37;5;47;107m8888888888@@@[0;1;37;97;47mX[0;36;5;40;100m [0;30;5;40;100m@@@XXXXXXXX[0;1;30;90;47m8[0;1;37;97;47m8[0;37;5;47;107m8XXX[0;1;37;97;47m;[0;30;5;40;100m8[0;1;30;90;40m8888@@XXXSS%[0;34;40m;;;;::::::..............   [0m
[0;36;5;40;100m [0;1;37;97;47m888888[0;37;5;47;107m888888888@@@XXX[0;1;37;97;47m:[0;36;5;40;100m.[0;30;5;40;100mXXSSSSSS[0;36;5;40;100m [0;37;5;47;107m@@[0;1;30;90;47mS8[0;37;5;47;107m8X[0;36;5;40;100m [0;30;5;40;100m88[0;1;30;90;40m8888@@XXSSS[0;34;40m;;;;::::::..............   [0m
[0;36;5;40;100m [0;1;37;97;47m88888[0;37;5;47;107m888888888@@@XXXXX@[0;1;30;90;47mS[0;36;5;40;100mt[0;30;5;40;100m%[0;36;5;40;100m%%t%%%[0;1;30;90;47mX[0;1;37;97;47m8[0;37;5;40;100m8[0;30;5;40;100mS[0;36;5;40;100mtt[0;30;5;40;100m@888[0;1;30;90;40m888@@XXXSS%[0;34;40m;;;;::::::.............   [0m
[0;36;5;40;100m [0;1;37;97;47m88888[0;37;5;47;107m88888888@@@XXXXXXXX[0;1;37;97;47m8[0;37;5;40;100m8[0;36;5;40;100mtttttt% [0;1;30;90;47m@;[0;36;5;40;100m [0;30;5;40;100m@@888[0;1;30;90;40m8888@@XXSS%[0;34;40m;;;;::::::..............  [0m
[0;36;5;40;100m [0;1;37;97;47m88888[0;37;5;47;107m88888888@@@XXXXXXXSSS[0;1;37;97;47m%[0;36;5;40;100m ;;;tt[0;30;5;40;100m%S[0;36;5;40;100m [0;1;30;90;47m:%[0;36;5;40;100m:[0;30;5;40;100m888[0;1;30;90;40m8888@@XXSS%[0;34;40m;;;;::::::..............  [0m
[0;36;5;40;100m [0;1;37;97;47m88888[0;37;5;47;107m88888888@@@XX[0;37;5;40;100m8[0;36;5;40;100m.[0;1;30;90;47mS[0;37;5;47;107mXXSSSSX[0;1;30;90;47m:[0;36;5;40;100m ;tt%[0;30;5;40;100mSSS[0;37;5;40;100mX[0;1;37;97;47m:[0;1;30;90;47m8[0;30;5;40;100mS88[0;1;30;90;40m888@@XXSS%[0;34;40m;;;;::::::..............  [0m
[0;36;5;40;100m [0;1;37;97;47m88888[0;37;5;47;107m88888888@@@XX[0;1;37;97;47m%[0;37;5;40;100m8[0;36;5;40;100m;[0;37;5;40;100m8[0;1;37;97;47m8[0;37;5;47;107mSSSSSS8[0;1;30;90;47m8[0;36;5;40;100mtt[0;30;5;40;100m%SSX@[0;36;5;40;100mt[0;1;30;90;47m@[0;1;37;97;47m.[0;36;5;40;100m [0;30;5;40;100m8[0;1;30;90;40m888@@XXSS%[0;34;40m;;;;::::::..............  [0m
[0;36;5;40;100m [0;1;37;97;47m88888[0;37;5;47;107m888888888@@XXXX[0;1;37;97;47m%[0;36;5;40;100m .[0;1;30;90;47m;[0;37;5;47;107mXSSSSSS[0;1;37;97;47mS[0;36;5;40;100m [0;30;5;40;100mSSXX@@8[0;36;5;40;100m:[0;1;30;90;47mt;[0;36;5;40;100m [0;1;30;90;40m88@@XXSS%[0;34;40m;;;;::::::..............  [0m
[0;36;5;40;100m [0;1;37;97;47m88888[0;37;5;47;107m888888888@@@XXXXX[0;1;30;90;47m;[0;36;5;40;100m. [0;1;37;97;47m%[0;37;5;47;107mXSSXXXX[0;1;30;90;47m:[0;36;5;40;100m;[0;30;5;40;100mX@@8888[0;36;5;40;100m [0;1;37;97;47m [0;1;30;90;47mX[0;30;5;40;100mS[0;1;30;90;40m@XXSSXS[0;34;40m;;;:::::::.............   [0m
[0;36;5;40;100m [0;1;37;97;47m888888[0;37;5;47;107m888888888@@@XXXXX[0;1;37;97;47m8[0;37;5;40;100m8[0;36;5;40;100m;[0;1;30;90;47m8[0;37;5;47;107m8XXXXXX8[0;1;30;90;47m8[0;30;5;40;100m@8888[0;1;30;90;40m88[0;30;5;40;100m@[0;37;5;40;100m8[0;1;37;97;47m [0;37;5;40;100m@[0;30;5;40;100m8[0;1;30;90;40mXX[0;36;5;40;100m [0;1;30;90;47m;[0;36;5;40;100m [0;34;40m;;;::::::..............   [0m
[0;36;5;40;100m.[0;1;37;97;47m8888888[0;37;5;47;107m888888888@@@XXXXXX[0;1;37;97;47mt[0;36;5;40;100m .[0;1;30;90;47m:[0;37;5;47;107mXXXXXXX[0;1;37;97;47mS[0;36;5;40;100m [0;30;5;40;100m8[0;1;30;90;40m88888@[0;30;5;40;100m%[0;1;30;90;47mX:[0;36;5;40;100m [0;1;30;90;47mS%[0;30;5;40;100mS[0;34;40m;;;;::::::..............   [0m
[0;30;5;40;100m8[0;1;37;97;47m8888888[0;37;5;47;107m8888888888@@@@XXXXX@[0;1;30;90;47m@[0;36;5;40;100m% [0;1;37;97;47mt[0;37;5;47;107mXXXX@@@[0;1;30;90;47m;[0;30;5;40;100mX[0;1;30;90;40m888@@XX[0;36;5;40;100m.[0;1;30;90;47m;%[0;30;5;40;100mX[0;34;40m;;;;:::::::..............   [0m
 [0;1;37;97;47m88888888[0;37;5;47;107m88888888888@@@@@@X[0;1;37;97;47m8[0;37;5;40;100mX[0;30;5;40;100mS[0;36;5;40;100m:[0;30;5;40;100mS[0;37;5;40;100m@[0;1;37;97;47m8[0;37;5;47;107m@@@@@8[0;1;37;97;47m8[0;37;5;40;100m8[0;1;30;90;40m8@@XXSS8[0;37;5;40;100mS[0;1;30;90;47m:[0;36;5;40;100m [0;1;30;90;40mS[0;34;40m;:::::::..............   [0m 
 [0;1;30;90;47m;[0;1;37;97;47m88888888[0;37;5;47;107m8888888888888@@@[0;1;30;90;47m [0;36;5;40;100m;.[0;1;37;97;47m.[0;37;5;47;107m@[0;1;30;90;47m:[0;36;5;40;100m:%[0;1;30;90;47mS[0;37;5;47;107m8888888[0;1;37;97;47m%[0;36;5;40;100m [0;1;30;90;40mXXSSS%[0;34;40m;[0;30;5;40;100m8[0;1;30;90;47m8S[0;30;5;40;100mX[0;34;40m::::::...............   [0m 
 [0;36;5;40;100m [0;1;37;97;47m8888888888[0;37;5;47;107m88888888888888[0;1;37;97;47m.[0;1;30;90;47m;[0;37;5;47;107m8888[0;1;37;97;47m8[0;1;30;90;47m8[0;30;5;40;100mX[0;36;5;40;100m:[0;1;37;97;47m.[0;37;5;47;107m8888888[0;1;30;90;47m;[0;30;5;40;100m8[0;1;30;90;40mSS[0;34;40m;;;;;[0;36;5;40;100m:[0;1;30;90;47mt[0;37;5;40;100mX[0;1;30;90;40mX[0;34;40m:::...............    [0m 
  [0;1;37;97;47m88888888888[0;37;5;47;107m888888888888888888888[0;1;37;97;47m%[0;36;5;40;100m [0;30;5;40;100m8[0;36;5;40;100m [0;1;37;97;47mX[0;37;5;47;107m888888[0;1;37;97;47m8[0;37;5;40;100m8[0;1;30;90;40mX[0;34;40m;;;;::[0;1;30;90;40mX[0;37;5;40;100mS[0;1;30;90;47mt[0;36;5;40;100m [0;34;40m::...............    [0m 
  [0;1;30;90;47m@[0;1;37;97;47m888888888888[0;37;5;47;107m888888888888888888888[0;1;37;97;47m.[0;36;5;40;100m:[0;30;5;40;100m8[0;1;30;90;47m@[0;1;37;97;47m8[0;37;5;47;107m88[0;1;37;97;47m8888%[0;36;5;40;100m.[0;34;40m;;:::::[0;30;5;40;100m8[0;1;30;90;47m@@[0;30;5;40;100m8[0;34;40m:.............    [0m  
  [0;1;30;90;40m8[0;1;37;97;47m888888888888888[0;37;5;47;107m8888888888888888888[0;1;37;97;47m8[0;1;30;90;47mX[0;30;5;40;100m@[0;36;5;40;100mt[0;1;30;90;47m.[0;1;37;97;47m8888888[0;1;30;90;47mt[0;30;5;40;100m8[0;34;40m:::::::[0;37;5;40;100mS[0;1;30;90;47m:[0;36;5;40;100m [0;34;40m............     [0m  
   [0;37;5;40;100m8[0;1;37;97;47m888888888888888888[0;37;5;47;107m888888888888888[0;1;37;97;47m88@[0;37;5;40;100m@[0;1;30;90;40m8[0;36;5;40;100m [0;1;37;97;47m%8888888[0;37;5;40;100m8[0;1;30;90;40mS[0;34;40m:::..:[0;1;30;90;40m@[0;34;40m;...........     [0m   
    [0;1;37;97;47mt888888888888888888888888888888888888%[0;36;5;40;100m [0;1;30;90;40m8[0;1;30;90;47m8[0;1;37;97;47m8888888%[0;36;5;40;100m [0;34;40m:.................    [0m    
    [0;30;5;40;100mX[0;1;37;97;47m@8888888888888888888888888888888888888[0;1;30;90;47m:[0;30;5;40;100mXX[0;37;5;40;100m8[0;1;37;97;47mS888888[0;1;30;90;47m;[0;30;5;40;100m8[0;34;40m..............      [0m    
     [0;36;5;40;100m [0;1;37;97;47m8888888888888888888888888888888888;[0;36;5;40;100m. [0;1;30;90;47m.X[0;30;5;40;100mXX[0;1;30;90;47m.[0;1;37;97;47m8888888@[0;1;30;90;47m8[0;1;30;90;40mS[0;34;40m...........      [0m     
      [0;37;5;40;100mX[0;1;37;97;47m888888888888888888888888888888888[0;36;5;40;100m [0;30;5;40;100mXXXX8[0;36;5;40;100m;[0;1;37;97;47m;8888888@@%[0;36;5;40;100m [0;34;40m.........      [0m      
       [0;37;5;40;100m8[0;1;37;97;47m8888888888888888888888888888888[0;37;5;40;100m@[0;30;5;40;100mXXX@8[0;36;5;40;100m [0;1;37;97;47m%888888@@@@@@[0;1;30;90;47m:[0;30;5;40;100m@[0;34;40m......      [0m       
        [0;37;5;40;100m@[0;1;37;97;47m8888888888888888888888888888%[0;36;5;40;100m [0;30;5;40;100mXXX8%[0;1;30;90;47m%[0;1;37;97;47m88888@@@@@@@@@XX[0;1;30;90;47m8[0;1;30;90;40mX[0;34;40m..       [0m        
         [0;36;5;40;100m [0;1;37;97;47m@@888888888888888888888888[0;1;30;90;47mX[0;30;5;40;100mSXX@8[0;37;5;40;100mX[0;1;37;97;47mS888@@@@@@@@@@XXXXX%[0;36;5;40;100m [0;34;40m.      [0m         
          [0;30;5;40;100mS[0;1;37;97;47m%@@@8888888888888888888[0;1;30;90;47mt[0;36;5;40;100m.[0;30;5;40;100m@@@8[0;36;5;40;100m [0;1;37;97;47m:88@@@@@@@@@@@XXXXXXXSS[0;1;30;90;47m:[0;30;5;40;100mX[0;34;40m    [0m          
            [0;1;30;90;47m;[0;1;37;97;47m@@@@@@@88888888888S[0;1;30;90;47m@[0;36;5;40;100m:[0;30;5;40;100m@@8@[0;37;5;40;100mS[0;1;37;97;47m;@@@@@@@@@@@@XXXXXXXXSSSSSS[0;1;30;90;47m@[0;1;30;90;40mS[0m            
             [0;36;5;40;100m [0;1;37;97;47mX@@@@@@@@@@@@S[0;1;30;90;47m.8[0;36;5;40;100m [0;30;5;40;100m@@88[0;36;5;40;100m [0;1;30;90;47m@[0;1;37;97;47mS@@@@@@@@@@@XXXXXXXXXSSSSSSS%[0;37;5;40;100m%[0m             
              [0;1;30;90;40m8[0;1;30;90;47m;[0;1;37;97;47m@@@@@@@@@@[0;1;30;90;47m8[0;36;5;40;100m     [0;37;5;40;100m8[0;1;30;90;47mt[0;1;37;97;47m%@@@@@@@@@@XXXXXXXXXXXSSSSSSS%[0;1;30;90;47mt[0;1;30;90;40m8[0m              
                [0;36;5;40;100m:[0;1;37;97;47m;X@@@@@@@@@@@@@@@@@@@@XXXXXXXXXXXXXXSSSSSSS%%:[0;36;5;40;100m.[0m                
                  [0;36;5;40;100m [0;1;37;97;47mSXXXXXXXXXXXXXXXXXXXXXXXXXXXXXSSSSSSSSS%%t[0;37;5;40;100mS[0m                  
                    [0;37;5;40;100mX[0;1;37;97;47m%XXXXXXXXXXXXXXXXXXXXXXXSSSSSSSSSS%%%t[0;37;5;40;100mX[0m                    
                      [0;36;5;40;100m [0;1;37;97;47m;XXXXXXXXXXXXXXXSSSSSSSSSSSSS%%%%;[0;37;5;40;100m%[0m                      
                        [0;36;5;40;100m [0;1;30;90;47m [0;1;37;97;47mSSSSSSSSSSSSSSSSSSSSSS%%%%%%[0;1;30;90;47m.[0;36;5;40;100m [0m                        
                          [0;30;5;40;100m@[0;1;30;90;47m8[0;1;37;97;47m%SSSSSSSSSSSSS%%%%%%%%%%[0;1;30;90;47m8[0;30;5;40;100mS[0m                          
                             [0;36;5;40;100m [0;1;30;90;47m%[0;1;37;97;47m%%%%%%%%%%%%%%%%%%[0;1;30;90;47mt[0;36;5;40;100m [0m                             
                                [0;36;5;40;100m [0;1;30;90;47m;[0;1;37;97;47m%%%%%%%%%%%%[0;1;30;90;47m:[0;36;5;40;100m [0m                                
                                   [0;36;5;40;100m [0;1;30;90;47m@[0;1;37;97;47mt%%%%t[0;1;30;90;47mX[0;36;5;40;100m [0m                                   
                                      [0;30;5;40;100m@[0;36;5;40;100m  [0;30;5;40;100mX[0m                                      
