[0;34;40m ..................:::::::::::::::::::::[0;1;30;90;47mttttttttttttttttt%%%%%%%%%SSSSSSSSXXXXX[0;33;5;40;100mX[0m
[0;34;40m.......:::::::::::;[0;1;30;90;40m8[0;30;5;40;100mS[0;36;5;40;100m  ;[0;1;30;90;40m@[0;34;40m;;;;;;;;;;;;;;:[0;1;37;97;47m8888888888888@8888;t;%8888S8888@@@@@XXX[0;33;5;40;100m:[0m
[0;34;40m.....::::::::::[0;1;30;90;40mX[0;36;5;40;100m [0;1;30;90;47mX[0;1;37;97;47m%8S[0;1;30;90;47m@[0;36;5;40;100m [0;30;5;40;100mX[0;1;30;90;40m8[0;34;40m;;;;;;;;;;;;;;;[0;1;37;97;47m88888888888%[0;1;30;90;47m  X[0;1;37;97;47m%8t[0;1;30;90;47m%; .: [0;1;37;97;47m%[0;1;30;90;47m8:. [0;1;37;97;47m@88@@@@@XX[0;33;5;40;100m:[0m
[0;34;40m....:::::::::[0;30;5;40;100mX[0;37;5;40;100m8[0;1;37;97;47m%88[0;1;30;90;47m%[0;36;5;40;100m;[0;1;30;90;40mS[0;34;40m;[0;1;30;90;40m%%SSSSSSSSSSS%%[0;34;40m;;;[0;1;37;97;47m8888888888[0;1;30;90;47m   t[0;37;5;40;100m@[0;1;30;90;47m%;S8[0;1;30;90;43m88[0;1;30;90;47m8S[0;37;5;40;100m8[0;1;30;90;47m@[0;33;5;40;100m.[0;1;30;90;47mS:.;[0;1;37;97;47m@@X@@@@@X[0;33;5;40;100m:[0m
[0;34;40m..:::::::::[0;30;5;40;100m@[0;1;30;90;47mX[0;1;37;97;47mS88[0;1;30;90;47m%[0;30;5;40;100m@[0;1;30;90;40m%SSSSSSSSSXXXSSSSSSSSS[0;1;37;97;47m888888t[0;1;30;90;47m t%%X8[0;1;32;92;43m8[0;36;5;40;100m.[0;1;30;90;43m8[0;33;5;40;100m.[0;1;30;90;47m8[0;1;30;90;43m8[0;1;30;90;47m8[0;37;46m8[0;1;30;90;43m8[0;1;30;90;47mX[0;33;5;40;100m%[0;1;30;90;43m8[0;36;5;40;100m:[0;1;32;92;43m8[0;1;30;90;47m88@@S; [0;1;37;97;47m@@@@X[0;33;5;40;100m:[0m
[0;34;40m.::::::::[0;1;30;90;40m@[0;1;30;90;47m8[0;1;37;97;47m%88t[0;36;5;40;100m;[0;1;30;90;40mSSSSSXXXXXXXXXXXXXXXXXSS[0;1;37;97;47m88888[0;1;30;90;47m [0;1;37;97;47m%[0;1;30;90;47m.%[0;33;5;40;100m.[0;1;30;90;47m8[0;33;5;40;100mt[0;1;30;90;47m8[0;1;30;90;43m8[0;1;30;90;47m8[0;37;43m8[0;1;30;90;43m8[0;1;30;90;47m8[0;1;30;90;43m8[0;37;43m@[0;1;30;90;43m8[0;33;5;40;100mS[0;1;30;90;47m%[0;33;5;40;100mX[0;37;43m@[0;1;30;90;47m8[0;1;30;90;43m8[0;37;5;40;100m8[0;33;5;40;100m%;;[0;1;30;90;47m@t :[0;1;37;97;47mX@@@[0;33;5;40;100m:[0m
[0;34;40m.::::::;[0;36;5;40;100m [0;1;37;97;47m:X88[0;1;30;90;47m%[0;1;30;90;40m@SSSXXXX@@@@@@@@@@@@@@XXXX[0;1;37;97;47m88888[0;1;30;90;47m ;%[0;1;30;90;43m8[0;37;43m8[0;1;30;90;47m8[0;1;30;90;43m8[0;37;5;40;100m@[0;1;30;90;47m8[0;33;5;40;100m;;ttt% [0;1;30;90;47mX8[0;33;5;40;100m%t%..[0;1;30;90;43m8[0;33;5;40;100m.[0;1;30;90;43m88[0;1;30;90;47m8@t[0;1;37;97;47mS@@@[0;33;5;40;100m:[0m
[0;34;40m.:::::;[0;1;30;90;47m8[0;1;37;97;47m%888[0;1;30;90;47m%[0;1;30;90;40mSSXXXX@@@@888888888888@@@@@[0;1;37;97;47m888%[0;1;30;90;47m.S8[0;37;5;40;100mX[0;33;5;40;100m.[0;1;30;90;43m88[0;37;43m@[0;33;5;40;100mt[0;37;5;40;100m@[0;1;30;90;47m8[0;37;5;40;100m8[0;33;5;40;100m%t[0;32;5;40;100mX[0;33;5;40;100m% [0;1;30;90;47mX[0;33;5;40;100m.S [0;37;5;40;100m8[0;33;5;40;100m.%[0;1;30;90;43m888[0;33;5;40;100mt;.[0;1;30;90;47m8S [0;1;37;97;47mS@[0;33;5;40;100m:[0m
[0;34;40m.::::;[0;30;5;40;100mX[0;1;37;97;47m@ [0;36;5;40;100m;[0;1;30;90;47m%[0;1;37;97;47m%[0;30;5;40;100m8[0;1;30;90;40mSXXX@@@8888888888888888888@[0;1;37;97;47m88@:[0;1;30;90;47m ;[0;1;30;90;43m888[0;33;5;40;100mt:[0;37;5;40;100m@[0;33;5;40;100m:t.:;[0;36;5;40;100m88[0;33;5;40;100m%[0;1;30;90;47m8[0;33;5;40;100m:t.:;%;:%@[0;1;30;90;43m888[0;1;30;90;47m@t; [0;1;37;97;47m@[0;33;5;40;100m:[0m
[0;34;40m.:::;;[0;1;30;90;40mS[0;36;5;40;100m.[0;1;30;90;47mS[0;36;5;40;100m.[0;1;30;90;40mSSXXX@@@8888888[0;30;5;40;100m888888888[0;1;30;90;40m888888[0;1;37;97;47m88S;[0;1;30;90;47m X[0;1;30;90;43m8[0;36;47m8[0;33;47m8[0;37;43m8[0;33;5;40;100mt;: ;[0;32;5;40;100m@X[0;36;5;40;100m8[0;34;46m@[0;36;5;40;100m8[0;1;30;90;47m8[0;33;5;40;100mSttXt:t%S[0;1;30;90;43m8[0;37;43m8[0;1;30;90;46m8[0;1;30;90;43m@[0;33;5;40;100m [0;1;30;90;47mt: [0;1;37;97;47m@[0;33;5;40;100m:[0m
[0;34;40m.::;;;;;[0;1;30;90;40mX[0;36;5;40;100m [0;1;30;90;47mX[0;36;5;40;100m:[0;1;30;90;40mX@@@88888[0;30;5;40;100m8888888888888888[0;1;30;90;40m888[0;1;37;97;47m888t[0;1;30;90;47mt@[0;33;5;40;100m :%..;;SSX8[0;36;5;40;100m8[0;34;46m@[0;32;5;40;100m8[0;33;5;40;100m;@[0;32;5;40;100m88[0;33;5;40;100m@@@%%tt8%:[0;37;5;40;100m8[0;1;30;90;47mt.[0;1;37;97;47m@@[0;33;5;40;100m:[0m
[0;34;40m.::;;;;[0;1;30;90;40mSSS[0;30;5;40;100m8[0;37;5;40;100m8[0;1;30;90;47m@[0;30;5;40;100mX[0;1;30;90;40m@8888[0;30;5;40;100m888888@@@@@@@@@88888[0;1;30;90;40m8[0;37;5;47;107mS[0;1;37;97;47m8%[0;1;30;90;47m ;@[0;1;30;90;43m8[0;33;5;40;100m [0;33;47m8[0;1;30;90;43m8[0;33;5;40;100m%SX[0;32;5;40;100m@[0;1;30;90;42m888[0;34;46mX[0;1;30;90;42m8ttt;tSX88[0;32;5;40;100m8[0;33;5;40;100m@[0;1;30;90;43m8888[0;33;5;40;100m [0;1;30;90;47m8t [0;1;37;97;47m@[0;33;5;40;100m:[0m
[0;34;40m.:;;;;[0;1;30;90;40m%SSXX@[0;36;5;40;100m;[0;1;30;90;47m%[0;37;5;40;100m@[0;30;5;40;100m@[0;1;30;90;40m88[0;30;5;40;100m8888@@@XXXXXXXX@@@8888[0;37;5;47;107mSX[0;1;37;97;47m8tt[0;1;30;90;47m;[0;1;30;90;43m8[0;36;47m8[0;33;47m8[0;1;30;90;43m8[0;1;30;90;47m88[0;37;5;40;100m@[0;33;5;40;100mt@[0;1;30;90;42m8[0;34;46mX@[0;1;30;90;42mt%%t;%S@[0;32;5;40;100m8[0;33;5;40;100m%::[0;1;30;90;43m88[0;1;30;90;46m8[0;1;32;92;43m8[0;1;30;90;47m8%::[0;1;37;97;47m@[0;33;5;40;100m:[0m
[0;34;40m.:;;;;[0;1;30;90;40mSSSXX@@8[0;36;5;40;100m [0;1;30;90;47m.[0;37;5;40;100mX[0;30;5;40;100m8888@@XXXSSSSSSSXXX@@88[0;37;5;47;107mSS[0;1;37;97;47m8@.[0;1;30;90;47m.S8888[0;33;5;40;100m.:;t[0;1;30;90;46m%[0;34;46mSS[0;1;30;90;46mtt[0;34;46m88[0;34;5;40;100mS[0;32;5;40;100mSS[0;33;5;40;100m%SSSSt;;[0;1;30;90;47m8@;:[0;1;37;97;47m%@[0;33;5;40;100m:[0m
[0;34;40m.;;;;[0;1;30;90;40m%SSXX@@888[0;30;5;40;100mX[0;1;30;90;47m8.[0;36;5;40;100m [0;30;5;40;100m8@@X[0;36;5;40;100m .[0;30;5;40;100mS%[0;36;5;40;100m%%t%%[0;30;5;40;100mSSSXX@@8[0;37;5;47;107m%SS[0;1;37;97;47m88[0;1;30;90;47m.%8[0;1;30;90;43m8[0;1;30;90;47m8[0;33;47m88[0;37;5;40;100m@[0;33;5;40;100m;[0;1;30;90;46m%tt[0;34;46mS@8XXX8[0;36;44m8[0;34;46m8[0;36;44m8[0;30;44m8[0;33;5;40;100m8[0;1;33;93;43m%[0;1;30;90;46m8[0;1;30;90;43m8[0;33;5;40;100m. [0;1;30;90;47mt [0;1;37;97;47mS@8[0;33;5;40;100m:[0m
[0;34;40m.;;;;[0;1;30;90;40m%SSXX@@8888[0;30;5;40;100m8[0;36;5;40;100m [0;1;30;90;47m.%[0;36;5;40;100m.t[0;1;30;90;47mX [0;36;5;40;100m %ttttttt%[0;30;5;40;100mSSXX@@[0;37;5;47;107m%%SS[0;1;37;97;47m::[0;1;30;90;47m.S[0;37;43mX[0;36;47m8[0;1;30;90;47m8[0;33;5;40;100m%:X[0;1;30;90;46mS[0;34;5;40;100mX[0;1;30;90;46mt[0;34;46mXSS[0;36;44m8[0;34;46m@XX[0;36;44m8[0;1;30;90;44m8[0;36;44m88[0;1;30;90;44m8[0;36;5;40;100m@[0;33;5;40;100m:[0;1;30;90;43m8[0;37;5;40;100m8[0;1;30;90;47m@t[0;1;37;97;47mS888[0;33;5;40;100m:[0m
[0;34;40m.;;;;[0;1;30;90;40mSSSXX@@888[0;30;5;40;100m888@[0;37;5;40;100m@[0;1;30;90;47m  @[0;36;5;40;100mt%tt;;;;;tt[0;30;5;40;100m%SSX@@[0;37;5;47;107m%%SS[0;1;37;97;47m8X%[0;1;30;90;47m S%8[0;37;5;40;100m@[0;1;30;90;43m8[0;36;47m8[0;1;30;90;47m8[0;1;30;90;43m8[0;36;5;40;100m%[0;34;46m@8XS8[0;36;44m8[0;1;30;90;46mX[0;1;30;90;44m8[0;36;5;40;100m8[0;32;5;40;100mS@[0;33;5;40;100mS:[0;1;30;90;47mXX: .[0;1;37;97;47mS888[0;33;5;40;100m:[0m
[0;34;40m.;;;;[0;1;30;90;40mSSSXX@@888[0;30;5;40;100m888@@[0;36;5;40;100mt[0;1;30;90;47m8[0;1;37;97;47m.[0;36;5;40;100m %t;;:::;tt%[0;30;5;40;100mSSXX@[0;37;5;47;107m%%SSX[0;1;37;97;47m8Xt%[0;1;30;90;47m;;S[0;33;47m8[0;37;43mX[0;1;30;90;43m8[0;1;30;90;47m% [0;36;5;40;100m8S[0;1;30;90;47m.[0;36;5;40;100mS[0;1;30;90;46m%[0;1;37;97;47m%[0;1;30;90;47m;8[0;1;30;90;43m88[0;1;30;90;47m888X:  [0;1;37;97;47m88888[0;33;5;40;100m:[0m
[0;34;40m.;;;;[0;1;30;90;40mSSSXX@@888[0;30;5;40;100m8888@XX[0;36;5;40;100m [0;1;30;90;47m.S[0;36;5;40;100m.t;;;;;tt[0;30;5;40;100m%SSX@@[0;37;5;47;107m%%SSX[0;1;37;97;47m8888X:[0;1;30;90;47m   ;;[0;1;37;97;47mX[0;36;5;40;100m@[0;1;37;97;47mX8[0;1;30;90;47m%[0;36;5;40;100m.[0;1;37;97;47m8@[0;1;30;90;47m 8...:[0;1;37;97;47m@88888888[0;33;5;40;100m:[0m
[0;34;40m.;;;;[0;1;30;90;40m%SSXX@@8888[0;30;5;40;100m888@@XXS[0;37;5;40;100m8[0;1;37;97;47m:[0;37;5;40;100m8[0;36;5;40;100m;ttttt[0;30;5;40;100m%SSXX@@[0;37;5;47;107m%SSSX[0;1;37;97;47m8888888@[0;1;30;90;47m [0;1;37;97;47m;[0;1;30;90;47m [0;33;5;40;100m .[0;1;37;97;47m88[0;37;5;40;100m88[0;1;37;97;47m88@[0;1;30;90;47m [0;1;37;97;47m;t@8888888888[0;33;5;40;100m:[0m
[0;34;40m.;;;;[0;1;30;90;40m%SSXX@@8888[0;30;5;40;100m8888@@XXS[0;36;5;40;100m:[0;1;30;90;47mS [0;36;5;40;100m [0;30;5;40;100m%%SSSSXX@@8[0;37;5;47;107m%SSX[0;1;37;97;47m8888888888[0;33;5;40;100mX[0;30;5;40;100m@[0;33;5;40;100m [0;1;37;97;47m88[0;1;30;90;47m [0;33;5;40;100m.:[0;1;37;97;47m%8888888888888888[0;33;5;40;100m:[0m
[0;34;40m.:;;;;[0;1;30;90;40mSSSXX@@8888[0;30;5;40;100m8888@@XXXX[0;36;5;40;100m [0;1;37;97;47m.[0;1;30;90;47mX[0;36;5;40;100m [0;30;5;40;100mSXXX@@@88[0;37;5;47;107mSSSX[0;1;37;97;47m8888888888@[0;1;30;90;47m;[0;1;37;97;47m88[0;1;30;90;47mt[0;33;5;40;100m@%[0;37;5;40;100m8[0;1;37;97;47m8888888888888888@[0;33;5;40;100m;[0m
[0;34;40m.:;;;;[0;1;30;90;40m%SSXXX@@8888[0;30;5;40;100m88888@@@@X[0;36;5;40;100m;[0;1;30;90;47m8[0;36;5;40;100m [0;30;5;40;100mX@@@@8888[0;37;5;47;107mSSX[0;1;37;97;47m88888888888888888S88888888888888888@[0;33;5;40;100m%[0m
[0;31;40m:[0;33;5;40;100m%ttt;;;;;;:::...                       [0;1;30;90;47m::::;;;;tttt%%%%%%SSSSSSSXXXXXXX@@[0;37;5;40;100m88888[0;1;30;90;40m8[0m
 [0;1;37;97;47m888888888888888888[0;37;5;47;107mXSSS[0;1;37;97;47m88[0;37;5;47;107mS%%%%%%%SSSSSXX[0;1;30;90;40m88@@@XXSSS%[0;34;40m;;;;;::::::..............   [0m 
 [0;1;30;90;47m.[0;1;37;97;47m888888888888888@[0;1;30;90;47m [0;1;37;97;47m@88[0;1;30;90;47m.[0;1;37;97;47m:;S8@SS8[0;37;5;47;107mSSSSXX[0;1;37;97;47m888[0;1;30;90;40m@@@XXXSSS[0;30;5;40;100mS[0;37;5;40;100mS[0;1;30;90;47mt[0;1;37;97;47m;[0;1;30;90;47m:[0;37;5;40;100m@[0;36;5;40;100m.[0;1;30;90;40mS[0;34;40m::::...............   [0m 
 [0;33;5;40;100m;[0;1;37;97;47m8888888888888X[0;1;30;90;47m  t8. 8[0;33;47m8[0;1;30;90;47m%S8SX[0;1;37;97;47m::t88888888[0;1;30;90;40m@@XXXS@[0;36;5;40;100m [0;1;30;90;47m [0;1;37;97;47m@S[0;37;5;40;100mX[0;1;30;90;40m8[0;34;40m:::::::...............    [0m 
  [0;1;37;97;47m8888888888X[0;1;30;90;47m:%888[0;37;43m@[0;1;30;90;47m8[0;1;30;90;43m8[0;1;30;90;47m@[0;1;30;90;43m8[0;1;30;90;47m8[0;1;30;90;43m8[0;1;30;90;47m8[0;33;5;40;100m;[0;1;30;90;43m8[0;33;47m88[0;1;30;90;47mXX%.[0;1;37;97;47mt88888[0;1;30;90;40mXXXSX[0;36;5;40;100m [0;1;37;97;47m.8@[0;37;5;40;100mS[0;1;30;90;40mS[0;34;40m;::::::::...............    [0m 
  [0;1;30;90;47mX[0;1;37;97;47m88888888%[0;1;30;90;47m.t[0;33;47m8[0;1;30;90;43m8[0;33;5;40;100mX[0;37;5;40;100m@[0;33;5;40;100mt[0;33;47m8[0;33;5;40;100mt;t[0;37;43m8[0;33;5;40;100m%[0;1;30;90;47m.[0;33;5;40;100m%[0;33;47m8[0;33;5;40;100m.[0;1;30;90;47m8[0;33;5;40;100mt[0;1;30;90;43m88[0;1;30;90;47mt [0;1;37;97;47m:8888[0;1;30;90;40mSSS[0;36;5;40;100mt[0;1;30;90;47m.[0;1;37;97;47mX8[0;1;30;90;47m.[0;1;30;90;40m8[0;34;40m;;::::::::...............    [0m  
  [0;1;30;90;40m8[0;1;37;97;47m8888888%[0;1;30;90;47m:[0;37;5;40;100m8[0;33;5;40;100m.[0;1;30;90;43m8[0;36;47m8[0;33;47m8[0;33;5;40;100mS[0;37;5;40;100m@[0;33;5;40;100m:%%t;[0;1;30;90;47m88[0;33;5;40;100m%:[0;1;30;90;47m8[0;33;5;40;100m;[0;37;43m8[0;1;30;90;47m8[0;1;30;90;43m8[0;33;5;40;100m [0;1;30;90;47m8X[0;1;37;97;47mt888[0;1;30;90;40mSS[0;37;5;40;100mS[0;1;37;97;47m%88[0;1;30;90;47mt[0;1;30;90;40mS[0;34;40m;::::::::................     [0m  
   [0;37;5;40;100m8[0;1;37;97;47m88888;[0;1;30;90;47m:%[0;1;30;90;43m888[0;33;5;40;100m@t%%;;[0;36;5;40;100mX[0;32;5;40;100m@[0;33;5;40;100mt[0;37;5;40;100mX[0;33;5;40;100mt;:;t:SS[0;1;30;90;43m88[0;1;30;90;47mX:[0;1;37;97;47m:88[0;34;40m;[0;30;5;40;100mS[0;1;37;97;47mX[0;37;5;40;100m88[0;1;37;97;47m.[0;1;30;90;40m@[0;34;40m:::::::::................     [0m   
    [0;1;37;97;47mS8888;[0;1;30;90;47m.8[0;1;30;90;43m8[0;37;46m8[0;33;47m8[0;1;30;90;43m8[0;33;5;40;100m@St@[0;32;5;40;100m8[0;36;5;40;100m8[0;1;30;90;46m%[0;33;5;40;100m%SSt@;tSX[0;37;43m8[0;36;47m8[0;1;30;90;43m8[0;1;30;90;47m8t [0;1;37;97;47m88[0;34;40m;[0;1;30;90;40mS[0;36;5;40;100mt[0;37;5;40;100mX[0;30;5;40;100m8[0;34;40m::::::::::.................    [0m    
    [0;30;5;40;100mX[0;1;37;97;47m8888@[0;1;30;90;47m%[0;37;5;40;100m8[0;33;5;40;100mS[0;32;5;40;100m8[0;1;30;90;42m8[0;33;5;40;100m@@@[0;1;30;90;42m888[0;32;5;40;100mS[0;1;30;90;46m%[0;32;5;40;100m8[0;1;30;90;42m88888[0;33;5;40;100m@@S@S;[0;1;30;90;47m8;[0;1;37;97;47m@88[0;34;40m;;:;[0;36;5;40;100m [0;37;5;40;100mX[0;1;30;90;40m8[0;34;40m::::::.................      [0m    
     [0;33;5;40;100mt[0;1;37;97;47m888[0;1;30;90;47m:%8[0;1;30;90;43m8[0;37;46m8[0;37;43m@[0;1;30;90;43m8[0;33;5;40;100m@@[0;1;30;90;42m8@8[0;34;46mX[0;1;30;90;42m%ttt%S@[0;32;5;40;100m8[0;33;5;40;100mXS[0;37;43m@[0;36;47m8[0;1;30;90;43m8[0;33;5;40;100m.[0;1;30;90;47m8.[0;1;37;97;47m88[0;34;40m:::::[0;1;30;90;40mX[0;37;5;40;100m%[0;36;5;40;100m [0;1;30;90;40m%[0;34;40m::..................      [0m     
      [0;33;5;40;100m [0;1;37;97;47m88%[0;1;30;90;47m.@[0;33;5;40;100m:[0;1;30;90;43m88[0;33;5;40;100mtSX@[0;1;30;90;42m8[0;34;46mXX[0;36;5;40;100m88[0;1;30;90;46mt[0;1;30;90;42m8@8[0;33;5;40;100m@[0;32;5;40;100m8[0;33;5;40;100m@X@[0;1;30;90;43m88[0;1;30;90;47m@. [0;1;37;97;47m88[0;34;40m:::::::[0;30;5;40;100m8[0;1;30;90;47m8[0;36;5;40;100m:[0;34;40m:.................      [0m      
       [0;37;5;40;100m8[0;1;37;97;47m88X[0;1;30;90;47mt[0;33;5;40;100m %[0;1;30;90;43m888[0;33;5;40;100mS[0;32;5;40;100m@[0;36;44m8[0;34;46mSS@8S@8[0;36;44m8[0;1;30;90;44m8[0;30;5;40;100m@[0;32;5;40;100m@[0;37;43m@[0;1;30;90;43m8[0;33;5;40;100mX[0;37;5;40;100m@[0;1;30;90;47mS [0;1;37;97;47m888[0;34;40m::::::..:[0;36;5;40;100m [0;1;30;90;47m8[0;30;5;40;100m@[0;34;40m..;[0;36;5;40;100mt[0;34;40m:..........      [0m       
        [0;33;5;40;100m [0;1;37;97;47m8@[0;1;30;90;47m;X8[0;1;30;90;43m8[0;36;5;40;100m.[0;1;30;90;42m8[0;33;5;40;100m8[0;32;5;40;100mX[0;36;5;40;100m8[0;1;30;90;46mt[0;34;46m@X@[0;36;44m8[0;34;46mX@[0;36;44m88[0;1;30;90;44m8[0;34;40m8[0;36;5;40;100m%[0;1;30;90;43m8[0;33;5;40;100m:[0;1;30;90;47m8t[0;1;37;97;47m8888[0;34;40m::........[0;1;30;90;40mS[0;36;5;40;100m [0;37;5;40;100mX[0;30;5;40;100mS[0;1;30;90;47m8[0;30;5;40;100mX[0;34;40m.........       [0m        
         [0;33;5;40;100m;[0;1;37;97;47m8;[0;1;30;90;47m %8[0;37;5;40;100m8[0;33;5;40;100m%[0;1;30;90;43m8[0;37;5;40;100m.[0;1;30;90;43m8[0;33;5;40;100m%[0;36;5;40;100m8[0;1;30;90;44m8[0;1;30;90;46mX[0;34;46mX[0;36;5;40;100m@%[0;32;5;40;100mX8[0;1;30;90;43m8[0;33;5;40;100mt:[0;1;30;90;47m8;.[0;1;37;97;47m;8888[0;34;40m............[0;1;30;90;40m8[0;37;5;40;100m8[0;36;5;40;100m [0;34;40m.........       [0m         
          [0;33;5;40;100m8[0;1;37;97;47mX8XX[0;1;30;90;47mS@X[0;33;5;40;100m.[0;37;5;40;100m8[0;1;30;90;47m.[0;36;5;40;100m%[0;1;30;90;47m%[0;1;37;97;47m8[0;34;5;40;100m@[0;1;37;97;47m%[0;1;30;90;47m [0;37;5;40;100m8[0;1;30;90;47m8%X8[0;1;37;97;47mSt888888[0;34;40m.............:[0;36;5;40;100m:[0;37;5;40;100m8[0;1;30;90;40m8[0;34;40m.....        [0m          
            [0;1;30;90;47m:[0;1;37;97;47m88@%[0;1;30;90;47m %:@[0;33;5;40;100mX[0;1;37;97;47m88[0;33;5;40;100m@[0;1;37;97;47m88[0;1;30;90;47m ; [0;1;37;97;47m%888888888[0;34;40m...............;[0;36;5;40;100m  [0;34;40m;.        [0m            
             [0;33;5;40;100m:[0;1;37;97;47m8888t[0;1;30;90;40m8[0;30;5;40;100m@[0;1;37;97;47mSS[0;33;5;40;100m:%[0;1;30;90;47m [0;1;37;97;47m88888888888888[0;34;40m.................[0;1;30;90;40m8[0;37;5;40;100m8[0;30;5;40;100mS[0;34;40m.      [0m             
              [0;1;30;90;40m8[0;1;30;90;47m.[0;1;37;97;47m8888[0;1;30;90;47m [0;1;37;97;47m8[0;1;30;90;47m:[0;33;5;40;100m;%[0;1;37;97;47m888888888888888[0;34;40m................  .[0;36;5;40;100m [0;37;5;40;100m@[0;34;40m.    [0m              
                [0;33;5;40;100mS[0;1;37;97;47m%8888888888888888888888[0;34;40m.............           [0m                
                  [0;33;5;40;100m.[0;1;37;97;47m@88888888888888888888[0;34;40m.........             [0m                  
                    [0;33;5;40;100m [0;1;37;97;47mX888888888888888888[0;34;40m.....               [0m                    
                      [0;33;5;40;100m:[0;1;37;97;47m%8888888888888888[0;34;40m                  [0m                      
                        [0;33;5;40;100mt[0;1;30;90;47m [0;1;37;97;47m@88888@@@@@@@@[0;34;40m                [0m                        
                          [0;30;5;40;100mX[0;37;5;40;100m8[0;1;37;97;47mX@@@@@@@@@@@[0;34;40m              [0m                          
                             [0;33;5;40;100m%[0;1;30;90;47m;[0;1;37;97;47mX@@@@@@@@[0;34;40m           [0m                             
                                [0;33;5;40;100mt[0;1;30;90;47m.[0;1;37;97;47mXXXXXX[0;34;40m        [0m                                
                                   [0;33;5;40;100m%[0;1;30;90;47mS[0;1;37;97;47mSXX[0;34;40m     [0m                                   
                                      [0;30;5;40;100m@[0;33;5;40;100m;[0;34;40m  [0m                                      
