[0;30;41m8[0;1;31;91;41m........:::::::::::::::::::::::::::::::::::::::::................ [0;1;30;90;41m.      [0;30;41m     8[0m
[0;30;41m%[0;1;31;91;41m888888[0;31;5;41;101m888888888888888888888888888888888888888888888[0;1;31;91;41m888888888888888888888@@@@@@[0;30;41m%[0m
[0;30;41m%[0;1;31;91;41m8888[0;31;5;41;101m888888888888888888888888888888888888888888888888[0;1;31;91;41m888888888888888888888@@@@@[0;30;41m%[0m
[0;30;41m%[0;1;31;91;41m888[0;31;5;41;101m888888888888888888888888888888888888888888888888888[0;1;31;91;41m88888888888888888888@@@@[0;30;41m%[0m
[0;30;41m%[0;1;31;91;41m8[0;31;5;41;101m8888888888888888888888888888888888888888888888888888888[0;1;31;91;41m8888888888888888888@@@[0;30;41m%[0m
[0;30;41m%[0;31;5;41;101m888888888888888888888888888888888888888888888888888888888[0;1;31;91;41m8888888888888888888@@[0;30;41m%[0m
[0;30;41m%[0;31;5;41;101m8888888888888888888888888888888888888888888888888888888888[0;1;31;91;41m888888888888888888@@[0;30;41m%[0m
[0;30;41m%[0;31;5;41;101m8888888888888888888888@@@@@@@@@@@@@888888888888888888888888[0;1;31;91;41m888888888888888888@[0;30;41m%[0m
[0;30;41m%[0;31;5;41;101m8888888888888888888@@@@@@@@@@@@@@@@@@@8888888888888888888888[0;1;31;91;41m88888888888888888@[0;30;41m%[0m
[0;30;41m%[0;31;5;41;101m8888888888888888@@@@@@@@@@@XXX@@@@@@@@@@888888888888888888888[0;1;31;91;41m88888888888888888[0;30;41m%[0m
[0;30;41m%[0;31;5;41;101m888888888888888@@@@@@@XXXXXXXXXXXXX@@@@@@@8888888888888888888[0;1;31;91;41m88888888888888888[0;30;41m%[0m
[0;30;41m%[0;31;5;41;101m8888888888888@@@@@@[0;35;5;41;101mXXXXSSSSSSSSSSSXXXXXX@@@@[0;31;5;41;101m@@@@@@@88888888888[0;1;31;91;41m8888888888888888[0;30;41m%[0m
[0;30;41m%[0;31;5;41;101m888888888888@@@@@@X[0;37;5;47;107m.                .....::::;;;;;;tttttttt[0;31;5;41;101m888[0;1;31;91;41m8888888888888888[0;30;41m%[0m
[0;30;41m%[0;31;5;41;101m888888888888@@@@@XX[0;37;5;47;107m                   ....::::;;;;;;ttttttt[0;31;5;41;101m8888[0;1;31;91;41m888888888888888[0;30;41m%[0m
[0;30;41m%[0;31;5;41;101m88888888888@@@@@XXX[0;37;5;47;107m                    ;[0;1;37;97;47m88[0;37;5;47;107m:S8S:;;;;;ttttttt[0;31;5;41;101m8888[0;1;31;91;41m888888888888888[0;30;41m%[0m
[0;30;41m%[0;31;5;41;101m88888888888@@@@XXXX[0;37;5;47;107m                  .[0;1;30;90;47m@[0;1;30;90;41m88[0;1;30;90;47m8[0;35;5;40;100m:[0;1;31;91;41m@[0;31;5;41;101m8[0;1;30;90;41m8[0;1;30;90;47m8[0;1;37;97;47m8[0;37;5;47;107m;t;;;tttttt[0;31;5;41;101m8888[0;1;31;91;41m888888888888888[0;30;41m%[0m
[0;30;41m%[0;31;5;41;101m88888888888@@@@XXXX[0;37;5;47;107m            .[0;1;37;97;47m8888[0;37;5;47;107m@[0;1;30;90;47m [0;33;41m8[0;31;5;41;101mXXX@@[0;1;31;91;41m@[0;1;30;90;47m88[0;37;5;40;100mt[0;35;5;40;100m%[0;1;30;90;47mX[0;37;5;47;107m%S[0;1;37;97;47m8X[0;37;5;47;107mttttt[0;31;5;41;101m8888[0;1;31;91;41m888888888888888[0;30;41m%[0m
[0;30;41m%[0;31;5;41;101m8888888888@@@@@XXXX[0;37;5;47;107m            @[0;1;37;97;47m@[0;1;33;93;47m@[0;37;5;43;103mX.@:[0;1;30;90;43m8888[0;31;43m8[0;31;5;41;101m8@@888[0;1;31;91;41mX[0;1;30;90;41mS8[0;37;5;40;100mS[0;1;37;97;47m@[0;37;5;47;107mttttt[0;31;5;41;101m8888[0;1;31;91;41m888888888888888[0;30;41m%[0m
[0;30;41m%[0;31;5;41;101m88888888888@@@@XXXX[0;37;5;47;107m            :88[0;1;37;97;47m@[0;33;47mX[0;37;5;43;103m;[0;33;5;43;103m8[0;33;5;40;100m [0;36;5;40;100m [0;1;37;97;47m:[0;33;5;43;103m%[0;37;5;43;103m:[0;33;5;43;103m@[0;1;30;90;43m8[0;1;31;91;41m@[0;31;5;41;101m88[0;1;31;91;41m@%[0;1;30;90;41mS8[0;31;5;40;100mX[0;35;5;40;100m [0;1;30;90;47mt[0;37;5;47;107mSttt[0;31;5;41;101m8888[0;1;31;91;41m888888888888888[0;30;41m%[0m
[0;30;41m%[0;31;5;41;101m88888888888@@@@XXXX[0;37;5;47;107m             8[0;1;37;97;47m@[0;33;47m88[0;1;30;90;43m8[0;37;43mX[0;37;5;43;103mX[0;1;33;93;47m8[0;37;5;43;103m@::::[0;33;5;43;103mX[0;31;43m8[0;31;5;41;101m8888[0;1;31;91;41mS[0;1;30;90;41m8[0;35;5;40;100m.[0;37;5;40;100m:[0;1;30;90;47m8[0;37;5;47;107mttt[0;31;5;41;101m8888[0;1;31;91;41m888888888888888[0;30;41m%[0m
[0;30;41m%[0;31;5;41;101m88888888888@@@@@XXX[0;37;5;47;107m            8[0;1;30;90;47m;[0;33;47m8[0;1;33;93;47m@[0;33;47m8[0;1;33;93;43m8[0;1;30;90;43m8[0;33;5;43;103mX[0;37;5;43;103m.::::[0;33;5;43;103m.:;[0;33;5;40;100m;[0;1;37;97;47m:;X[0;37;5;47;107mSttttttt[0;31;5;41;101m8888[0;1;31;91;41m888888888888888[0;30;41m%[0m
[0;30;41mS[0;31;5;41;101m888888888888@@@@@XX[0;37;5;47;107m;             :[0;1;37;97;47m@[0;1;33;93;47mX[0;37;5;43;103mX[0;33;5;43;103m8[0;1;33;93;43m@[0;37;5;43;103m::::;[0;33;5;43;103mX[0;1;33;93;43m8[0;33;5;43;103m:X[0;1;37;97;47m;[0;37;5;47;107m;;;ttttttX[0;31;5;41;101m888[0;1;31;91;41m8888888888888888[0;30;41mS[0m
[0;30;41m8[0;31;5;41;101m8888888888888@@@@@X[0;37;5;47;107m8.             :[0;1;30;90;47m:[0;37;5;43;103mS.:::::[0;33;5;43;103m.:[0;1;33;93;43m@[0;33;5;43;103m%:[0;33;5;40;100m:[0;37;5;47;107m;;ttttttt[0;1;37;97;47mS[0;31;5;41;101m888[0;1;31;91;41m8888888888888888[0;30;41m8[0m
[0;31;40mX[0;31;5;41;101m88888888888888@@@@@[0;1;37;97;47m [0;37;5;47;107m...         S[0;1;37;97;47mS[0;1;33;93;47mS[0;1;33;93;43m@[0;37;5;43;103m%::::;[0;33;5;43;103m.:::[0;1;30;90;43mS[0;33;5;43;103m:[0;1;30;90;47m;[0;37;5;47;107m;;ttttttt[0;1;30;90;47mX[0;31;5;41;101m888[0;1;31;91;41m8888888888888888[0;31;40m@[0m
 [0;1;31;91;41m8[0;31;5;41;101m88888888888888@@@@[0;35;5;41;101mX[0;37;5;47;107m........8[0;1;37;97;47m@[0;1;33;93;47m8[0;37;5;43;103m8[0;33;5;43;103m%%[0;1;33;93;43m8[0;33;5;43;103mt[0;37;5;43;103m;[0;33;5;43;103m8S[0;37;5;43;103m:[0;33;5;43;103m.:::::[0;1;30;90;43mS[0;33;5;43;103m:[0;33;47m8[0;37;5;47;107m;tttttttt[0;35;5;41;101m8[0;31;5;41;101m88[0;1;31;91;41m88888888888888888[0m 
 [0;1;31;91;41m;[0;31;5;41;101m8888888888888888@@@[0;1;37;97;47mS[0;37;5;47;107m::....@[0;33;5;43;103m8[0;37;5;43;103m::[0;33;5;43;103m@8X[0;37;5;43;103m:[0;33;5;43;103mX[0;1;33;93;43m8[0;33;5;43;103m;.::::::[0;1;33;93;43m8[0;33;5;43;103m@:[0;1;30;90;47mt[0;37;5;47;107mtttttttt[0;1;37;97;47mX[0;31;5;41;101m88[0;1;31;91;41m88888888888888888t[0m 
 [0;30;41mS[0;31;5;41;101m888888888888888888@[0;35;5;41;101mX[0;37;5;47;107m::::::@[0;33;5;43;103m8[0;37;5;43;103m;[0;1;30;90;43m8[0;33;5;43;103m;[0;37;5;43;103m::[0;33;5;43;103m;[0;1;33;93;43mX[0;33;5;43;103m.:::::::X[0;1;33;93;43m@[0;33;5;43;103m:@[0;1;37;97;47mt[0;37;5;47;107mtttttttt[0;35;5;41;101m8[0;31;5;41;101m88[0;1;31;91;41m88888888888888888[0;30;41m%[0m 
  [0;1;31;91;41m8[0;31;5;41;101m8888888888888888888[0;1;37;97;47m [0;37;5;47;107m::::::[0;1;37;97;47mX[0;1;30;90;47m.[0;33;5;43;103m8..:[0;1;30;90;43m@[0;33;5;43;103m::::::::8[0;1;33;93;43m8[0;33;5;43;103m:X[0;1;30;90;47m.[0;37;5;47;107mtttttttt[0;1;37;97;47m [0;31;5;41;101m88[0;1;31;91;41m88888888888888888@[0;31;40m%[0m 
  [0;1;30;90;41m:[0;31;5;41;101m88888888888888888888[0;37;5;47;107m8;;;;;[0;1;37;97;47m%[0;37;43m@[0;1;33;93;43m@[0;33;5;43;103m88[0;1;33;93;43m8[0;33;5;43;103m@:::::;;[0;1;33;93;43m@[0;33;5;43;103m8:[0;1;33;93;43m8[0;1;37;97;47m;[0;37;5;47;107mtttttttt8[0;31;5;41;101m88[0;1;31;91;41m888888888888888888.[0m  
  [0;31;40mS[0;1;31;91;41m8[0;31;5;41;101m8888888888888888888@[0;37;5;47;107m8;;8[0;33;47m8[0;33;5;43;103m%::::[0;1;33;93;43m8[0;33;5;43;103m8[0;1;33;93;43m8[0;33;5;43;103mt8[0;1;33;93;43mXX[0;33;5;43;103m8[0;1;30;90;43m%[0;33;5;43;103mSt[0;33;47m8[0;37;5;47;107m8tttttttt8[0;31;5;41;101m88[0;1;31;91;41m888888888888888888@[0;31;40mX[0m  
   [0;30;41m:[0;31;5;41;101m88888888888888888888@[0;37;5;47;107m8[0;1;37;97;47mt[0;33;5;43;103m8::::;[0;1;30;90;43mS[0;33;5;43;103m%[0;1;30;90;43m%[0;33;5;43;103m8[0;1;30;90;43m%%%[0;33;5;43;103m;[0;1;33;93;43mX[0;33;5;43;103mS:[0;1;30;90;47m%[0;37;5;47;107mttttttttt8[0;31;5;41;101m8[0;1;31;91;41m88888888888888888888[0;30;41m.[0m   
    [0;1;31;91;41mX[0;31;5;41;101m888888888888888888888[0;1;30;90;43mS[0;33;5;43;103m;:::t[0;1;30;90;43m%[0;33;5;43;103m8[0;1;30;90;43m%[0;33;5;43;103m8[0;1;30;90;43m%tt[0;33;5;43;103mt:[0;1;30;90;43mt[0;33;5;43;103m;;[0;1;30;90;47mS[0;37;5;47;107mtttttttt[0;1;37;97;47mt[0;31;5;41;101m8[0;1;31;91;41m88888888888888888888S[0m    
    [0;31;40m8[0;1;31;91;41m8[0;31;5;41;101m888888888888888888888[0;31;43m8[0;33;5;43;103mX::[0;1;30;90;43mt[0;1;33;93;43mX[0;33;5;43;103m8[0;1;30;90;43mtt[0;33;5;43;103mt[0;1;30;90;43mtt[0;33;5;43;103m;;[0;1;30;90;43m;[0;33;5;43;103m;;%[0;37;43m8[0;1;37;97;47mS[0;37;5;47;107mttttt[0;1;30;90;47m@[0;31;5;41;101m8[0;1;31;91;41m88888888888888888888@[0;31;40m8[0m    
     [0;30;41m@[0;1;31;91;41m88[0;31;5;41;101m88888888888888888888[0;1;31;91;41m%[0;1;30;90;43mt[0;33;5;43;103m;[0;1;30;90;43m%[0;33;5;43;103mS%[0;1;30;90;43mt[0;1;33;93;43mX[0;33;5;43;103m;[0;1;30;90;43m;[0;33;5;43;103m8;;@[0;1;33;93;43mX[0;33;5;43;103mt;;S[0;1;33;93;43m8[0;1;30;90;47m [0;1;37;97;47m%@[0;35;5;41;101m8[0;1;31;91;41m888888888888888888888@[0;30;41mX[0m     
      [0;30;41mt[0;1;31;91;41m888[0;31;5;41;101m8888888888888888888[0;1;31;91;41m8[0;33;41m8[0;1;30;90;43m;[0;33;5;43;103m;;[0;1;30;90;43m;[0;33;5;43;103m;;;;;;;;;;;;;[0;1;33;93;43m8[0;33;41m@[0;1;31;91;41m8888888888888888888888@[0;30;41m;[0m      
       [0;30;41m:[0;1;31;91;41m88888[0;31;5;41;101m888888888888888888[0;1;31;91;41m@[0;31;43m@[0;33;5;43;103m8;;;;;;;;;;;;8[0;31;43mX[0;1;31;91;41mX888888888888888888888@@[0;30;41m.[0m       
        [0;30;41m;[0;1;31;91;41m88888888[0;31;5;41;101m8888888888888888[0;1;31;91;41mX[0;31;43m8[0;1;33;93;43m@[0;33;5;43;103m;;;;;;;;[0;1;33;93;43m8[0;31;43m@[0;1;31;91;41mS8888888888888888888888@@[0;30;41m:[0m        
         [0;30;41mS[0;1;31;91;41m888888888888[0;31;5;41;101m8888888888888[0;1;31;91;41m8[0;33;41mX[0;1;30;90;43m:[0;33;5;43;103m%;;%[0;1;30;90;43m:[0;33;41m@[0;1;31;91;41m@88888888888888888888888@@[0;30;41mS[0m         
          [0;31;40m8[0;1;31;91;41m@88888888888888888888888888t[0;31;43mSS[0;1;31;91;41mt888888888888888888888888@@X[0;31;40m8[0m          
            [0;1;31;91;41m;888888888888888888888888888888888888888888888888888@@@;[0m            
             [0;30;41m%[0;1;31;91;41m888888888888888888888888888888888888888888888888@@@@[0;30;41m%[0m             
              [0;31;40mS[0;1;31;91;41m;88888888888888888888888888888888888888888888@@@@;[0;31;40mS[0m              
                [0;30;41m8[0;1;31;91;41mS8888888888888888888888888888888888888888@@@@S[0;30;41m8[0m                
                  [0;30;41m%[0;1;31;91;41m@88888888888888888888888888888888888@@@@@@[0;30;41mt[0m                  
                    [0;30;41mt[0;1;31;91;41m@888888888888888888888888888888@@@@@@X[0;30;41mt[0m                    
                      [0;30;41m%[0;1;31;91;41mX888888888888888888888888@@@@@@@@X[0;30;41m%[0m                      
                        [0;30;41m@[0;1;31;91;41m%88888888888888888@@@@@@@@@@@%[0;30;41m@[0m                        
                          [0;31;40m@[0;30;41m.[0;1;31;91;41m@888@@@@@@@@@@@@@@@@@@@@[0;30;41m [0;31;40m8[0m                          
                             [0;30;41m@[0;1;31;91;41m:@@@@@@@@@@@@@@@@@@:[0;30;41m@[0m                             
                                [0;30;41mX[0;1;31;91;41m;@@@@@@@@@@@@t[0;30;41mS[0m                                
                                   [0;30;41m@[0;1;31;91;41m X@@@@@.[0;30;41m@[0m                                   
                                      [0;31;40m@[0;30;41mS%[0;31;40m@[0m                                      
