[0;1;30;90;41m8[0;31;43mSSSS[0;33;41m8[0;31;40m:8[0;31;43mSSSSS%%%%%@[0;31;40m%t[0;31;43m@%%%%%%%%%S[0;30;41m8[0;31;40m:[0;33;41m8[0;31;43m%%%%%%%%%%[0;33;41m8[0;31;40m:8[0;31;43mSSSSSSSSSS@[0;31;40mt;[0;31;43m8SSSSXXXXXX[0;31;40m8 [0;33;41m@[0;31;43mXXXX[0;33;41mX[0m
[0;31;43m8[0;1;33;93;43m..[0;1;31;91;43m8[0;1;30;90;41m8[0;34;40m..:[0;31;40mX[0;31;43mS[0;1;33;93;43m.....:.[0;31;43m@[0;31;40mt[0;34;40m:;[0;31;40mt[0;31;43m8[0;1;33;93;43m.::::::[0;31;43mt[0;31;40m8[0;34;40m;;[0;31;40m;[0;1;30;90;41m8[0;1;31;91;43m8[0;1;33;93;43m::::::[0;1;31;91;43m8[0;1;30;90;41m8[0;31;40m:[0;34;40m::[0;31;40mX[0;31;43mS[0;1;33;93;43m......[0;1;31;91;43m8[0;31;43m8[0;31;40m;[0;34;40m..[0;31;40m:[0;33;41m8[0;1;31;91;43m8888888[0;31;43mX[0;31;40mS[0;34;40m  [0;31;40m [0;30;41m8[0;31;43m%[0;1;31;91;43m88[0;33;41m8[0m
[0;31;43m8[0;1;31;91;43m8[0;31;43m8[0;31;40m;[0;34;40m.:::::[0;1;30;90;41m8[0;1;31;91;43m8[0;1;33;93;43m.::[0;31;43mt[0;31;40m@[0;34;40m;;;;;;[0;31;40mX[0;1;30;90;43m%[0;1;33;93;43m:::[0;1;31;91;43m8[0;31;5;40;100m@[0;34;40m;;;;;;[0;31;40mt[0;1;30;90;43mS[0;1;33;93;43m:;;:[0;1;30;90;43m%[0;31;40mt[0;34;40m::::::[0;30;41m8[0;1;31;91;43m8[0;1;33;93;43m...[0;31;43m%[0;31;40mX[0;34;40m......[0;31;40m%[0;31;43mS[0;1;31;91;43m8888[0;30;41m8[0;34;40m.     [0;31;40m.[0;33;41m8[0;1;31;91;43m8[0;33;41m8[0m
[0;30;41m8[0;31;40mX[0;34;40m..:::::::[0;31;40m;[0;31;43m8[0;1;31;91;43m8[0;1;30;90;41m8[0;34;40m;;;;;;;[0;1;30;90;40m%%S[0;31;5;40;100m@[0;1;30;90;43mSS[0;1;30;90;40mXSS[0;30;5;40;100m@[0;36;5;40;100m [0;1;30;90;47m8;[0;1;37;97;47m;@888888@;[0;1;30;90;47m;[0;37;5;40;100m8[0;36;5;40;100m [0;30;5;40;100m8[0;34;40m::[0;31;40m;[0;31;43m8[0;1;31;91;43m8[0;1;30;90;41m8[0;34;40m..........[0;30;41m8[0;31;43mt8[0;31;40m:[0;34;40m...      [0;31;40mt[0;30;41m8[0m
[0;30;41m8[0;31;40m8[0;34;40m:::::::::[0;31;40mt[0;31;43m@[0;1;31;91;43m8[0;1;30;90;41m8[0;31;40m;[0;34;40m;;[0;1;30;90;40m%SSSSSS[0;33;5;40;100m8[0;1;31;91;43m8[0;1;30;90;43mX[0;33;5;40;100m;[0;1;30;90;47m@[0;1;37;97;47mS[0;37;5;47;107m8888888[0;1;37;97;47m88888888888%[0;1;30;90;47m8[0;33;5;40;100m%[0;31;43m8[0;1;31;91;43m8[0;1;30;90;41m8[0;31;40m:[0;34;40m:.......[0;31;40m.[0;1;30;90;41m8[0;1;31;91;43m8[0;31;43m8[0;31;40m;[0;34;40m....     [0;31;40mS[0;30;41m8[0m
[0;31;43m8[0;1;33;93;43m.[0;31;43m@[0;31;40mt[0;34;40m:::::[0;31;40m;[0;1;30;90;41m8[0;1;31;91;43m8[0;1;33;93;43m:::[0;1;30;90;43m%[0;31;5;40;100m8[0;1;30;90;40mSSSSXX[0;30;5;40;100m8[0;1;30;90;43mX[0;33;5;43;103m:[0;37;5;43;103m@[0;1;37;97;47mX[0;37;5;47;107m88888@S%%tttttt%SX88[0;1;37;97;47m8888S[0;1;33;93;43mt.[0;31;43mt[0;31;40m8[0;34;40m:.....[0;31;40mX[0;31;43m%[0;1;31;91;43m8888[0;1;30;90;41m8[0;31;40m.[0;34;40m..   [0;31;40m:[0;31;43m8[0;1;31;91;43m8[0;33;41m8[0m
[0;31;43m8[0;1;33;93;43m..[0;1;31;91;43m8[0;33;41m8[0;31;40m:[0;34;40m::[0;31;40m8[0;31;43mt[0;1;33;93;43m:::::;:[0;1;30;90;43mS[0;1;30;90;40m8XX8[0;1;30;90;43m@[0;1;33;93;43m;[0;33;5;43;103m:[0;1;37;97;47m;[0;37;5;47;107m888@St:;;;;;;;;;;;;;tt%X8[0;1;37;97;47m888[0;1;33;93;47mX[0;1;33;93;43m..[0;31;43m@[0;31;40mt[0;34;40m..[0;31;40m;[0;31;43m8[0;1;31;91;43m8[0;1;33;93;43m..[0;1;31;91;43m8888[0;31;43m%[0;31;40m8[0;34;40m..[0;31;40m.[0;30;41m@[0;1;31;91;43m888[0;31;43m8[0m
[0;31;43m8[0;1;33;93;43m...:[0;1;31;91;43m8[0;1;30;90;41m8[0;31;43mX[0;1;33;93;43m:::::;[0;33;5;43;103m;;::[0;1;33;93;43m:[0;1;30;90;43m@[0;33;5;40;100m8[0;1;33;93;43m:[0;33;5;43;103m::[0;1;33;93;47mS[0;37;5;47;107m88@t:::::::S[0;1;30;90;47m:[0;33;5;40;100m:[0;1;30;90;43m888[0;1;30;90;47mS[0;1;37;97;47m8[0;37;5;47;107m;;;ttttS8[0;1;37;97;47m88[0;1;33;93;47mX[0;1;33;93;43m..[0;1;31;91;43m8[0;33;41m88[0;1;31;91;43m8[0;1;33;93;43m.....[0;1;31;91;43m88888[0;31;43m@[0;31;40m8[0;31;43m%[0;1;31;91;43m8888[0;31;43m8[0m
[0;31;43m8[0;1;33;93;43m..:.[0;31;43mS[0;31;40mS[0;1;30;90;41m8[0;1;31;91;43m8[0;1;33;93;43m::;;[0;33;5;43;103m;::::[0;1;30;90;43m@[0;31;5;40;100mX@[0;1;30;90;43m@[0;33;5;43;103m::[0;37;5;47;107m88S::::::::[0;1;37;97;47mS[0;1;30;90;43m888@@@X@[0;1;30;90;47mt[0;37;5;47;107m;;;;tttt8[0;1;37;97;47m88[0;1;33;93;43m;.[0;31;43mt[0;31;40m8@[0;31;43mt[0;1;33;93;43m......[0;1;31;91;43m8888[0;33;41m8[0;31;40m;[0;31;43m8[0;1;31;91;43m8888[0;31;43m8[0m
[0;31;43m8[0;1;33;93;43m.:[0;31;43m;[0;31;40m8[0;34;40m;;;[0;1;30;90;40mX[0;1;30;90;43mS[0;1;33;93;43m:[0;33;5;43;103m;;:::[0;1;33;93;43m:[0;1;30;90;43m@[0;1;30;90;40m8888[0;33;5;40;100m8[0;33;47m8[0;37;5;47;107m@X:.......[0;1;37;97;47mX[0;1;30;90;43m888888@@@X[0;1;30;90;47m.[0;37;5;47;107m;;;;tttt8[0;1;37;97;47m8[0;33;47m8[0;33;41m8[0;31;40m:[0;34;40m::[0;31;40m:[0;1;30;90;41m8[0;1;31;91;43m8[0;1;33;93;43m....[0;1;31;91;43m88[0;31;43m@[0;31;40mt[0;34;40m...[0;31;40mX[0;31;43mS[0;1;31;91;43m88[0;31;43m8[0m
[0;31;43m8[0;1;31;91;43m8[0;33;41m8[0;31;40m;[0;34;40m;;;;[0;1;30;90;40mSS[0;30;5;40;100m8[0;1;30;90;43mX[0;33;5;43;103m::;[0;1;30;90;43m@[0;30;5;40;100m8[0;1;30;90;40m8888[0;30;5;40;100m88[0;33;5;40;100m [0;37;5;47;107m@t.......:[0;1;30;90;43m88[0;33;5;40;100m8[0;1;30;90;43m888888@@8[0;37;5;47;107mS;;;;tttX[0;1;37;97;47m8[0;37;5;40;100mS[0;34;40m:::::.[0;31;40m;[0;31;43m8[0;1;31;91;43m8[0;1;33;93;43m..[0;31;43m%[0;31;40mX[0;34;40m......[0;31;40m.[0;30;41m8[0;1;31;91;43m8[0;31;43m8[0m
[0;31;40m8t[0;34;40m:;;;;[0;1;30;90;40mSSSXX[0;33;5;40;100m8[0;1;30;90;43m@[0;31;5;40;100m@[0;1;30;90;40m8888[0;30;5;40;100m8888[0;36;5;40;100m [0;37;5;47;107mX;       8[0;1;30;90;43m88[0;33;5;40;100m8[0;1;30;90;43m8888888@@[0;1;37;97;47m%[0;37;5;47;107m;;;;;ttS[0;1;37;97;47m8[0;37;5;40;100m@[0;34;40m::::::..[0;31;40mX[0;31;43mS[0;1;30;90;41m8[0;31;40m.[0;34;40m........ [0;31;40m:@[0m
[0;33;41m8[0;1;30;90;41m8[0;32;40m;[0;34;40m;;;[0;1;30;90;40m%SSXX8[0;1;30;90;43m@[0;1;33;93;43m;[0;1;30;90;43m8[0;1;30;90;40m888[0;30;5;40;100m8888@[0;37;5;40;100m%[0;37;5;47;107mX;       [0;1;37;97;47m8[0;1;30;90;43m8[0;33;5;40;100m@8[0;1;30;90;43m88888888@[0;1;37;97;47m;[0;37;5;47;107m;;;;;tt%[0;1;37;97;47m8[0;37;5;40;100m@[0;34;40m::::::.[0;31;40m;[0;31;43m8[0;1;31;91;43m8[0;31;43mS[0;31;40mS[0;34;40m........ [0;31;40m8[0;33;41m@[0m
[0;31;43m8[0;1;33;93;43m:[0;31;43mt[0;31;40m8[0;34;40m;;[0;1;30;90;40mSSS@[0;1;30;90;43mX[0;1;33;93;43m;[0;33;5;43;103m:::[0;1;33;93;43m:[0;33;5;40;100m8[0;30;5;40;100m8888@@[0;37;5;40;100m8[0;37;5;47;107mX:       ;[0;1;30;90;43m88[0;33;5;40;100mX[0;1;30;90;43m888888888[0;37;5;47;107m8;;;;;;t%[0;1;37;97;47m8[0;1;30;90;47m8[0;31;40m:[0;34;40m:::::[0;1;30;90;41m8[0;1;31;91;43m8[0;1;33;93;43m...[0;1;31;91;43m8[0;31;43m8[0;31;40m;[0;34;40m.....[0;31;40m%[0;31;43mX[0;1;31;91;43m8[0;31;43m8[0m
[0;31;43m8[0;1;33;93;43m:::[0;1;30;90;43m%[0;1;30;90;40mSSS[0;31;5;40;100mS[0;1;33;93;43m.[0;33;5;43;103m:::::..[0;1;30;90;43m8[0;33;5;40;100m8[0;30;5;40;100m8@[0;33;5;40;100mX[0;1;30;90;43m8[0;1;33;93;47mX[0;37;5;47;107mX:        [0;1;30;90;47m;[0;1;30;90;43m8[0;33;5;40;100mX@[0;1;30;90;43m8888888[0;1;30;90;47m8[0;37;5;47;107m::;;;;;t%[0;1;37;97;47m8[0;1;33;93;47mS[0;31;43mt[0;31;40m@[0;34;40m::[0;31;40mS[0;31;43m%[0;1;33;93;43m.......[0;1;31;91;43m8[0;1;30;90;41m8[0;31;40m.[0;34;40m.[0;31;40m:[0;33;41m8[0;1;31;91;43m888[0;31;43m8[0m
[0;31;43m8[0;1;33;93;43m::::[0;1;31;91;43m8[0;31;5;40;100mS[0;1;30;90;43mS[0;33;5;43;103m:::::::...:[0;1;30;90;43m88[0;33;5;43;103m:[0;37;5;43;103mX[0;1;33;93;47mS[0;37;5;47;107mX:        ;[0;1;30;90;47m8[0;1;30;90;43m8[0;33;5;40;100mXX@88[0;1;30;90;43m888[0;37;5;47;107mS::;;;;;;%[0;1;37;97;47m8[0;1;33;93;47mS[0;1;33;93;43m:.[0;31;43m88[0;1;31;91;43m8[0;1;33;93;43m.........[0;1;31;91;43m8[0;31;43m%[0;30;41m8[0;1;31;91;43m88888[0;31;43m8[0m
[0;31;43m8[0;1;33;93;43m:::.[0;1;30;90;43mS[0;1;30;90;40mX[0;31;5;40;100m@[0;1;30;90;43mS[0;33;5;43;103m::::::...[0;1;30;90;43m8[0;33;5;40;100mXX[0;1;30;90;43m8[0;37;5;43;103mX[0;1;33;93;47mS[0;37;5;47;107mS:         ;[0;1;30;90;47m%[0;1;30;90;43m8888888[0;37;5;47;107m@:::;;;;;;%[0;1;37;97;47m8[0;1;33;93;47mS[0;1;33;93;43m:[0;31;43mS[0;31;40mS%[0;31;43mX[0;1;33;93;43m.........[0;1;31;91;43m8[0;30;41m8[0;31;40m.[0;33;41m8[0;1;31;91;43m8888[0;31;43m8[0m
[0;31;43m8[0;1;33;93;43m::[0;1;30;90;43m%[0;1;30;90;40m@SSSX[0;1;30;90;43mX[0;1;33;93;43m:[0;33;5;43;103m::::.[0;1;33;93;43m:[0;33;5;40;100m8[0;30;5;40;100m@@XX[0;33;5;40;100mS[0;33;47m%[0;37;5;47;107mS:           8[0;1;30;90;47m@[0;1;30;90;43m888[0;1;30;90;47mX[0;37;5;47;107m%::::;;;;;;%[0;1;37;97;47m8[0;1;30;90;47m;[0;1;30;90;41m8[0;34;40m::::[0;31;40m8[0;1;31;91;43m8[0;1;33;93;43m.....[0;1;31;91;43m8[0;33;41m8[0;31;40m:[0;34;40m...[0;31;40m;[0;31;43m8[0;1;31;91;43m88[0;31;43m8[0m
[0;31;43m8[0;1;31;91;43m8[0;1;30;90;41m8[0;34;40m;;[0;1;30;90;40mSSSXX8[0;1;30;90;43m@[0;33;5;43;103m::[0;1;33;93;43m;[0;1;30;90;43m8[0;30;5;40;100m888@XXS[0;37;5;40;100m8[0;37;5;47;107mS:            .[0;1;30;90;43m888[0;37;5;47;107m..::::;;;;;;%[0;1;37;97;47m8[0;37;5;40;100m8[0;34;40m;:::::[0;31;40m:[0;33;41m8[0;1;31;91;43m8[0;1;33;93;43m..[0;31;43mX[0;31;40m%[0;34;40m.......[0;31;40m@[0;31;43m%8[0m
[0;31;40mS;[0;34;40m;;;[0;1;30;90;40m%SSXX@@[0;31;5;40;100mX[0;1;30;90;43m8[0;30;5;40;100m8[0;1;30;90;40m8[0;30;5;40;100m888@@XX[0;37;5;40;100m8[0;37;5;47;107mX:             [0;1;30;90;43m888[0;37;5;47;107m..::::;;;;;;%[0;1;37;97;47m8[0;37;5;40;100m@[0;34;40m;::::::.[0;31;40mt[0;31;43mS[0;31;40m8[0;34;40m..........[0;31;40m.%[0m
[0;33;41m8[0;31;43m8[0;31;40m;[0;34;40m;;[0;1;30;90;40m%SSXX@[0;31;5;40;100m@[0;1;30;90;43m@[0;33;5;43;103m:[0;1;30;90;43m8[0;30;5;40;100m@8888@@X[0;37;5;40;100m8[0;37;5;47;107mX:             [0;1;30;90;43m888[0;37;5;47;107m.::::;;;;;;t%[0;1;37;97;47m8[0;37;5;40;100m@[0;34;40m:::::::[0;31;40m%[0;31;43mX[0;1;33;93;43m.[0;1;31;91;43m8[0;31;40m8[0;34;40m........[0;31;40m.[0;33;41m@8[0m
[0;33;41m8[0;1;33;93;43m:[0;1;31;91;43m8[0;1;30;90;41m8[0;34;40m;;[0;1;30;90;40mSSS8[0;1;30;90;43mX[0;33;5;43;103m;:::[0;1;33;93;43m;[0;1;30;90;43m8[0;30;5;40;100m8888@@[0;1;30;90;47mX[0;37;5;47;107mX:             [0;1;30;90;43m888[0;37;5;47;107m:::::;;;;;;t%[0;1;37;97;47m8[0;1;30;90;47m8[0;31;40m;[0;34;40m::::[0;31;40m:[0;33;41m8[0;1;31;91;43m8[0;1;33;93;43m...[0;1;31;91;43m8[0;31;43mX[0;31;40m%[0;34;40m.....[0;31;40m8[0;31;43m%[0;1;31;91;43m8[0;33;41m8[0m
[0;33;41m@[0;1;33;93;43m:::[0;1;30;90;43m%[0;31;40m@[0;1;30;90;40m%S[0;1;30;90;43mS[0;1;33;93;43m:[0;33;5;43;103m:::::::[0;1;33;93;43m:[0;33;5;40;100m8[0;30;5;40;100m88[0;33;5;40;100m8[0;1;33;93;43m:[0;1;33;93;47mS[0;37;5;47;107mX:           ..[0;1;30;90;43m888[0;37;5;47;107m::::;;;;;;tt%[0;1;37;97;47m8[0;1;33;93;47mX[0;1;31;91;43m8[0;1;30;90;41m8[0;34;40m::[0;30;41m8[0;1;31;91;43m8[0;1;33;93;43m.......[0;1;31;91;43m8[0;31;43m8[0;31;40m:[0;34;40m.[0;31;40m%[0;31;43m@[0;1;31;91;43m888[0;33;41m@[0m
[0;31;40m8[0;1;33;93;43m::::.[0;31;5;40;100mX[0;1;31;91;43m8[0;1;33;93;43m;[0;33;5;43;103m;;::::::::[0;1;30;90;43m88[0;33;5;43;103m..[0;1;33;93;47mS[0;37;5;47;107mX:        .....[0;1;30;90;43m888[0;37;5;47;107m:::;;;;;;;tt%[0;1;37;97;47m8[0;1;33;93;47mX[0;1;33;93;43m:.[0;31;43m@8[0;1;33;93;43m........[0;1;31;91;43m8888[0;30;41m@[0;1;31;91;43m88888[0;30;41m8[0m
 [0;1;33;93;43m.::[0;1;31;91;43m8[0;1;30;90;41m8[0;31;40m;[0;1;30;90;40m8[0;1;30;90;43m%[0;1;33;93;43m;[0;33;5;43;103m;;:::::;[0;1;30;90;43m8[0;30;5;40;100m88[0;1;30;90;43m8[0;33;5;43;103m;[0;1;33;93;47mS[0;37;5;47;107m@:............:[0;1;30;90;43m888[0;37;5;47;107m::;;;;;;;ttt%[0;1;37;97;47m8[0;1;33;93;47mX[0;1;33;93;43m.[0;31;43m8[0;31;40m;;[0;31;43m8[0;1;31;91;43m8[0;1;33;93;43m......[0;1;31;91;43m88[0;31;43mS[0;31;40mX.[0;30;41m8[0;1;31;91;43m8888[0m 
 [0;31;43mt[0;1;33;93;43m.[0;31;43m8[0;31;40mt[0;34;40m;;;;[0;31;5;40;100m@[0;1;31;91;43m8[0;1;33;93;43m;[0;33;5;43;103m;:::[0;1;30;90;43m@[0;30;5;40;100m8[0;1;30;90;40m8888[0;30;5;40;100m@[0;1;30;90;47m%[0;37;5;47;107m@;.........:::;[0;1;30;90;43m8@8[0;37;5;47;107m;;;;;;;;tttt%[0;1;37;97;47m8[0;1;30;90;47mS[0;31;40mX[0;34;40m:::.[0;31;40mS[0;31;43mS[0;1;33;93;43m....[0;1;31;91;43m88[0;30;41m8[0;31;40m.[0;34;40m...[0;31;40m.[0;33;41m8[0;1;31;91;43m8[0;31;43mt[0m 
 [0;30;41m8[0;31;40mX[0;34;40m::;;;;;[0;1;30;90;40mS[0;1;30;90;43mS[0;1;33;93;43m:[0;33;5;43;103m;[0;1;31;91;43m8[0;31;5;40;100mS[0;1;30;90;40mX@@@@88[0;37;5;40;100mX[0;37;5;47;107m8;::::::::::::%[0;1;30;90;43m@@@[0;37;5;47;107m;;;;;;tttttt%[0;1;37;97;47m8[0;37;5;40;100mS[0;34;40m:::....[0;30;41m8[0;1;31;91;43m8[0;1;33;93;43m.[0;1;31;91;43m8[0;31;43m8[0;31;40m:[0;34;40m.....  [0;31;40mt[0;30;41m8[0m 
  [0;34;40m:::::;;;;;[0;1;30;90;40m8[0;1;30;90;43mS[0;1;30;90;40mXSXXXX@@@[0;37;5;40;100mX[0;37;5;47;107m8t:::::::::::;S[0;1;30;90;43mXXX[0;37;5;47;107mt;;;;tttttttS[0;1;37;97;47m8[0;37;5;40;100m%[0;34;40m:::.....[0;31;40m:[0;31;43mX[0;31;40m@[0;34;40m.......    [0m 
  [0;34;40m.:::::;;;[0;1;30;90;41m8[0;1;31;91;43m8[0;1;33;93;43m:[0;1;30;90;43mS[0;30;5;40;100m8[0;1;30;90;40mSSXXXXX[0;37;5;40;100mX[0;37;5;47;107m8t;;;;;;;;;;;;X[0;1;30;90;43mXS[0;31;43m8[0;37;5;47;107m%;;tttttttttS[0;1;37;97;47m8[0;36;5;40;100m [0;34;40m::.....[0;31;40mX[0;31;43m%[0;1;31;91;43m88[0;1;30;90;41m8[0;31;40m.[0;34;40m....    [0m  
  [0;31;40mt[0;33;41m8[0;31;40m:[0;34;40m::::[0;31;40m8[0;31;43mt[0;1;33;93;43m:::::[0;1;30;90;43m%[0;1;30;90;40m@SSSS@[0;1;30;90;47m@[0;37;5;47;107m8t;;;;;;;;;;;;@[0;31;43m@@8[0;37;5;47;107mStttttttttttS[0;1;37;97;47m8[0;1;30;90;47m8[0;31;40mt[0;34;40m....[0;31;40m;[0;31;43m8[0;1;31;91;43m88888[0;31;43m%[0;31;40m@[0;34;40m..  [0;31;40m [0;30;41m8[0;31;40m%[0m  
   [0;31;43m@t[0;31;40m8[0;34;40m:[0;31;40mt[0;31;43m@[0;1;33;93;43m.:::::::.[0;1;30;90;43mS[0;1;30;90;40mSS[0;33;5;40;100m8[0;1;33;93;43m.[0;1;33;93;47m@[0;37;5;47;107m8%;;;;;;;;;;;;8[0;31;43m@@8[0;37;5;47;107mXtttttttttttS[0;1;37;97;47m8[0;1;33;93;47m8[0;1;31;91;43m8[0;33;41m8[0;31;40m:.[0;1;30;90;41m8[0;1;31;91;43m8[0;1;33;93;43m.[0;1;31;91;43m8888888[0;31;43m@[0;31;40mt[0;34;40m [0;31;40m@[0;31;43mS@[0m   
    [0;1;31;91;43m8[0;1;33;93;43m.[0;1;30;90;41m8[0;1;31;91;43m8[0;1;33;93;43m...::::::::[0;1;30;90;43m%%[0;1;33;93;43m::[0;1;33;93;47m@[0;1;37;97;47m8[0;37;5;47;107m%;;;;;;;;;ttt[0;1;37;97;47m8[0;31;43m8@8[0;37;5;47;107m@tttttttttttS[0;1;37;97;47m8[0;1;33;93;47m8[0;1;33;93;43m..[0;31;43m@8[0;1;33;93;43m..[0;1;31;91;43m8888888888[0;30;41m8[0;1;31;91;43m88[0m    
    [0;31;40m88[0;34;40m:[0;31;40mt[0;31;43m@[0;1;33;93;43m....::::[0;1;31;91;43m8[0;31;43m8[0;31;40m;;[0;1;30;90;41m8[0;1;31;91;43m8[0;1;33;93;47m@[0;1;37;97;47m8[0;37;5;47;107m%tttttttttttt[0;1;37;97;47m8[0;31;43m888[0;37;5;47;107m8tttttttttt%X[0;1;37;97;47m8[0;1;33;93;47m8[0;1;31;91;43m8[0;33;41m8[0;31;40m:.[0;1;30;90;41m8[0;1;31;91;43m888888888[0;31;43m8[0;31;40m;[0;34;40m [0;31;40mX8[0m    
     [0;34;40m...:[0;31;40m@[0;31;43m%[0;1;33;93;43m.....[0;31;43mX[0;31;40m%[0;34;40m:::;[0;31;40mt[0;1;30;90;47m8[0;1;37;97;47m8[0;37;5;47;107m%tttttttttttt[0;1;37;97;47m@[0;31;43m888[0;37;5;47;107m8tttttttt%%%X[0;1;37;97;47m8[0;37;5;40;100m8[0;31;40mt[0;34;40m....[0;31;40m;[0;31;43m8[0;1;31;91;43m88888[0;31;43mS[0;31;40mX[0;34;40m    [0m     
      [0;34;40m....:[0;1;30;90;41m8[0;1;31;91;43m8[0;1;33;93;43m.[0;31;43mt[0;31;40m@[0;34;40m:::::::[0;36;5;40;100m [0;1;37;97;47m8[0;37;5;47;107m%tttttttttttt[0;1;37;97;47mX[0;31;43m888[0;1;37;97;47m8[0;37;5;47;107mtttttt%%%%%X[0;1;37;97;47m@[0;36;5;40;100m [0;34;40m.......[0;31;40mX[0;31;43mS[0;1;31;91;43m88[0;1;30;90;41m8[0;31;40m [0;34;40m    [0m      
       [0;34;40m.....[0;31;40mX[0;31;43mS[0;31;40m;[0;34;40m::::::::[0;36;5;40;100m [0;1;37;97;47m8[0;37;5;47;107m%tttttttttttt[0;1;37;97;47mS[0;31;43m888[0;1;37;97;47m8[0;37;5;47;107mttt%%%%%%%%X[0;1;37;97;47m@[0;36;5;40;100m [0;34;40m........[0;31;40m.[0;31;43m@[0;31;40m@[0;34;40m     [0m       
        [0;34;40m..[0;31;40m:[0;31;43m8[0;1;31;91;43m8[0;1;33;93;43m.[0;1;31;91;43m8[0;1;30;90;41m8[0;31;40m:[0;34;40m::::::[0;36;5;40;100m [0;1;37;97;47m8[0;37;5;47;107mStttttttttttt[0;1;37;97;47m%[0;31;43m888[0;1;37;97;47m@[0;37;5;47;107m%%%%%%%%%%%@[0;1;37;97;47m@[0;36;5;40;100m [0;34;40m.......[0;30;41m8[0;1;31;91;43m888[0;33;41m8[0;31;40m:[0;34;40m  [0m        
         [0;31;40mt[0;1;31;91;43m8[0;1;33;93;43m.....[0;31;43m%[0;31;40mX[0;34;40m....[0;31;40mS[0;1;30;90;47m8[0;1;37;97;47m8[0;37;5;47;107mStttttttttttt[0;1;37;97;47mt[0;31;43m888[0;1;37;97;47mX[0;37;5;47;107m%%%%%%%%%SS@[0;1;37;97;47m@[0;1;30;90;43m8[0;31;40mS[0;34;40m....[0;31;40m%[0;31;43mX[0;1;31;91;43m888888[0;31;40mt[0m         
          [0;30;41m8[0;1;31;91;43m8[0;1;33;93;43m.....[0;1;31;91;43m8[0;31;43m8[0;31;40m;;[0;31;43m8[0;1;31;91;43m8[0;1;33;93;47m8[0;1;37;97;47m8[0;37;5;47;107mX%%%%%%%%%%%%[0;1;37;97;47m;[0;31;43m888[0;1;37;97;47mS[0;37;5;47;107m%%%%%%SSSSS8[0;1;37;97;47mX[0;33;47m8[0;1;31;91;43m8[0;31;43m8[0;31;40m::[0;33;41m8[0;1;31;91;43m8888888[0;30;41m8[0m          
            [0;31;43m%[0;1;33;93;43m......[0;31;43m88[0;1;33;93;43m..[0;33;47m8[0;1;37;97;47m8[0;37;5;47;107m@%%%%%%%%%%%%[0;1;37;97;47m:[0;31;43m888[0;1;37;97;47m%[0;37;5;47;107m%%SSSSSSSSS8[0;1;37;97;47mX[0;33;47m8[0;1;31;91;43m88[0;31;43m8[0;33;41m8[0;1;31;91;43m888888[0;31;43m%[0m            
             [0;31;43m8[0;1;31;91;43m8888[0;31;40m8[0;34;40m..[0;31;40m8[0;31;43mt[0;33;47m8[0;1;37;97;47m@8[0;37;5;47;107mS%%%%%%%%%%%[0;1;37;97;47m.[0;31;43m888[0;1;37;97;47mt[0;37;5;47;107mSSSSSSSSSS@[0;1;37;97;47mXX[0;37;43mX[0;31;43mt[0;31;40m8[0;34;40m  [0;31;40m@[0;31;43m%[0;1;31;91;43m888[0;31;43m8[0m             
              [0;31;40m@[0;31;43m%[0;33;41m8[0;31;40m:[0;34;40m....[0;31;40m:[0;31;5;40;100mS[0;1;37;97;47mS@8[0;37;5;47;107m@SSSSSSSSSS[0;1;37;97;47m;[0;31;43m888[0;1;37;97;47mS[0;37;5;47;107mSSSSSSSXX8[0;1;37;97;47mXX%[0;33;5;40;100m8[0;31;40m.[0;34;40m    [0;31;40m.[0;33;41m@[0;31;43mX[0;31;40m@[0m              
                [0;34;40m .......[0;36;5;40;100mt[0;1;37;97;47mS@@8[0;37;5;47;107m8SSSSSSSSS[0;1;37;97;47mX:@[0;37;5;47;107mSSSSXXXX8[0;1;37;97;47m@XSt[0;30;5;40;100mS[0;34;40m        [0m                
                  [0;34;40m ......[0;30;5;40;100m8[0;1;37;97;47m;XXX@8[0;37;5;47;107m8@XSSSSSSXXXX@8[0;1;37;97;47m88XSSS:[0;30;5;40;100m8[0;34;40m       [0m                  
                    [0;34;40m ..[0;31;40m.[0;33;41m8[0;1;31;91;43m88[0;37;43m@[0;1;37;97;47m.XXXXXXX@88888@@XSSSSSS.[0;37;43m@[0;1;31;91;43m88[0;33;41m8[0;31;40m.[0;34;40m   [0m                    
                      [0;31;40m:[0;31;43mS[0;1;31;91;43m888888[0;1;30;90;43m8[0;37;5;40;100mX[0;1;30;90;47m%[0;1;37;97;47mtXXXXXSSSSSSSt[0;1;30;90;47mt[0;37;5;40;100mX[0;1;30;90;43m8[0;1;31;91;43m888888[0;31;43m%[0;31;40m:[0m                      
                        [0;33;41m8[0;1;31;91;43m8888888[0;30;41m8[0;31;40m.[0;1;30;90;43m%[0;1;33;93;43m:[0;37;43m@[0;33;47m888888[0;37;43m@[0;1;33;93;43m:[0;1;30;90;43m%[0;31;40m.8[0;31;43m%[0;1;31;91;43m888888[0;33;41m8[0m                        
                          [0;31;40m8[0;31;43m@[0;1;31;91;43m8888[0;31;43mS[0;30;41m8[0;1;31;91;43m888888888888[0;30;41m8[0;31;43m@[0;1;31;91;43m8888[0;31;43mX[0;30;41m8[0m                          
                             [0;33;41m8[0;31;43mX[0;30;41m8[0;31;40m [0;34;40m [0;31;40m.[0;33;41m8[0;1;31;91;43m88888888[0;33;41m8[0;31;40m.[0;34;40m  [0;31;40m8[0;31;43mX[0;33;41m8[0m                             
                                [0;34;40m    [0;31;40m;[0;31;43m@[0;1;31;91;43m8888[0;31;43mX[0;31;40m%[0;34;40m    [0m                                
                                   [0;34;40m   [0;31;40m8[0;31;43m%t[0;30;41m8[0;34;40m   [0m                                   
                                      [0;34;40m [0;31;40mSX[0;34;40m [0m                                      
