[0;31;40m@[0;1;30;90;41m888888888888888888888888888888888888888888888888888888888888888888888888888888[0;31;40mX[0m
[0;30;41m8[0;31;43m888888888888[0;1;30;90;43mXXXXXXX@@@@@@@@@@@@@@@@@@@XXXXXXX[0;31;43m8888888888888888888888[0;33;41m88888888888[0;31;40m8[0m
[0;30;41m8[0;31;43m888888888[0;1;30;90;43mSXXXXX@@@@@@@@88888888888@@@@@@@XXXXXX[0;31;43m888888888888888888888[0;33;41m8888888888[0;31;40m8[0m
[0;30;41m8[0;31;43m8888888[0;1;30;90;43mSXXXX@@@@@@888888888888888888888@@@@@XXXXX[0;31;43m88888888888888888888[0;33;41m888888888[0;31;40m8[0m
[0;30;41m8[0;31;43m888888[0;1;30;90;43mXXXX@@@@@88888888888888888888888[0;33;5;40;100m;:[0;1;30;90;43m88@@@@@XXXX[0;31;43m8888888888888888888[0;33;41m88888888[0;31;40m8[0m
[0;30;41m8[0;31;43m8888[0;1;30;90;43mXXXX@@@@888888[0;33;5;40;100mS [0;1;30;90;43m88888888888888888[0;33;5;40;100m8[0;1;37;97;47mtS[0;33;5;40;100m8[0;1;30;90;43m888@@@@XXXXS[0;31;43m88888[0;33;5;40;100mt@[0;31;43m88888888888[0;33;41m8888888[0;31;40m8[0m
[0;30;41m8[0;31;43m888[0;1;30;90;43mXXXX@@@88888888[0;33;5;40;100m8[0;1;37;97;47m@@[0;1;30;90;47m@[0;33;5;40;100m@[0;1;30;90;43m88888888888888[0;37;5;40;100m8[0;37;5;47;107m%%[0;1;30;90;47m8[0;1;30;90;43m88888@@@@XXXX[0;31;43m8[0;33;5;40;100m8[0;37;5;40;100m@[0;1;37;97;47mtS[0;31;5;40;100m8[0;31;43m888888888888[0;33;41m888888[0;30;41m8[0m
[0;30;41m8[0;31;43m88[0;1;30;90;43mXXX@@@@8888888888[0;37;5;40;100m8[0;37;5;47;107mttX[0;1;30;90;47m:[0;33;5;40;100m:[0;1;30;90;43m88888888888[0;33;5;40;100mX[0;37;5;47;107m8%%@[0;33;5;40;100mX[0;1;30;90;43m888888@@@XX[0;33;5;40;100mX[0;1;30;90;47mS[0;37;5;47;107m8SS[0;37;5;40;100mX[0;31;43m8888888888888[0;33;41m888888[0;30;41m8[0m
[0;30;41m8[0;31;43m8[0;1;30;90;43mXXX@@@888888888888[0;33;5;40;100m@[0;1;37;97;47m8[0;37;5;47;107mt@@t[0;1;37;97;47mS[0;1;30;90;47m8[0;33;5;40;100mX[0;1;30;90;43m88888888[0;1;30;90;47mt[0;37;5;47;107mt[0;1;37;97;47m8@[0;37;5;47;107m%[0;1;30;90;47m:[0;1;30;90;43m8888888@@[0;33;5;40;100m.[0;1;37;97;47m.[0;37;5;47;107mS[0;1;37;97;47m8[0;37;5;47;107m8X[0;1;37;97;47m8[0;31;5;40;100m8[0;31;43m88888888888888[0;33;41m88888[0;30;41m8[0m
[0;30;41m8[0;1;30;90;43mXXX@@@88888888888888[0;1;30;90;47m8[0;37;5;47;107m;[0;1;37;97;47m@[0;37;5;47;107m8[0;1;37;97;47m::%:[0;1;30;90;47m8[0;33;5;40;100m%[0;1;30;90;43m88888[0;33;5;40;100m:[0;37;5;47;107m%@[0;1;37;97;47m  [0;37;5;47;107m8%[0;33;5;40;100m.[0;1;30;90;43m88888[0;33;5;40;100m8 [0;1;30;90;47m;[0;1;37;97;47m:[0;1;30;90;47m:;[0;1;37;97;47m@;[0;37;5;47;107mS[0;1;30;90;47m8[0;31;43m8888888888888888[0;33;41m8888[0;30;41m8[0m
[0;30;41m8[0;1;30;90;43mXX@@@888888888888888[0;33;5;40;100mS[0;37;5;47;107m@t[0;33;5;40;100m [0;37;5;47;107m8[0;1;30;90;47m;[0;33;5;40;100mS[0;1;30;90;43m8[0;33;5;40;100mS%S[0;1;30;90;43m888[0;33;5;40;100mS[0;1;37;97;47m;[0;1;30;90;47m.[0;33;5;40;100m%[0;1;30;90;47m.[0;1;37;97;47m.[0;33;5;40;100mS[0;1;30;90;47mt[0;1;37;97;47mt[0;33;5;40;100m8[0;1;30;90;43m888[0;33;5;40;100m888[0;1;30;90;43m88[0;37;5;40;100m8[0;1;37;97;47m@[0;33;5;40;100mt[0;37;5;47;107m88[0;33;5;40;100m8[0;31;43m8888888888888888[0;33;41m8888[0;30;41m8[0m
[0;30;41m8[0;1;30;90;43mXX@@@8888888888888888[0;1;30;90;47m%[0;1;37;97;47mX[0;33;5;40;100m%:[0;1;37;97;47m@;[0;33;5;40;100mt[0;1;30;90;43m888888[0;33;5;40;100m: [0;1;30;90;43m88[0;1;30;90;47m [0;1;37;97;47m.[0;1;30;90;43m88[0;33;5;40;100m;t[0;1;30;90;43m888888[0;33;5;40;100m8[0;1;30;90;47m%[0;1;37;97;47m%[0;33;5;40;100m@[0;1;30;90;43m@[0;1;30;90;47m:@[0;1;30;90;43mX[0;31;43m88888888888888888[0;33;41m888[0;30;41m8[0m
[0;30;41m8[0;1;30;90;43mX@@@88888888888888888[0;33;5;40;100m;[0;1;30;90;47m@[0;1;30;90;43m88[0;33;5;40;100m;[0;1;37;97;47m;@[0;33;5;40;100m.[0;1;30;90;43m8888[0;33;5;40;100m%%[0;1;30;90;43m888[0;1;37;97;47m .[0;1;30;90;43m888888888[0;33;5;40;100m8[0;1;37;97;47m..[0;33;5;40;100m8[0;1;30;90;43m@@[0;33;5;40;100m 8[0;1;30;90;43mXX[0;31;43m8888888888888888[0;33;41m888[0;30;41m8[0m
[0;30;41m8[0;1;30;90;43mX@@8888888888888888888[0;33;5;40;100mt[0;1;30;90;43m888[0;33;5;40;100m;[0;1;30;90;47m:[0;37;5;47;107m8[0;37;5;40;100m8[0;1;30;90;43m88888888[0;1;37;97;47m :[0;1;30;90;43m88888888[0;33;5;40;100mt[0;1;37;97;47mX[0;1;30;90;47m%[0;33;5;40;100m8[0;1;30;90;43m8@@[0;33;5;40;100m8[0;1;30;90;43mXXX[0;31;43m8888888888888888[0;33;41m888[0;30;41m8[0m
[0;30;41m8[0;1;30;90;43m@@@8888888888888888888888[0;33;5;40;100m;::[0;1;30;90;47mS[0;37;5;47;107mS[0;1;30;90;47m@[0;33;5;40;100m;[0;1;30;90;43m888888[0;1;37;97;47m.:[0;1;30;90;43m8888888[0;33;5;40;100m [0;1;37;97;47m8[0;37;5;40;100m8[0;1;30;90;43m8888@@XXX[0;31;43m8888888888888888[0;33;41m888[0;30;41m8[0m
[0;30;41m8[0;1;30;90;43m@@@88888888888888888888[0;33;5;40;100m;:::::[0;1;30;90;47m8[0;37;5;47;107m@[0;1;30;90;47mt[0;33;5;40;100m:;[0;1;30;90;43m8888[0;1;37;97;47m.:[0;1;30;90;43m888888[0;37;5;40;100m8[0;1;37;97;47m8[0;33;5;40;100m [0;1;30;90;43m88888@@@XXX[0;31;43m8888888888888888[0;33;41m88[0;30;41m8[0m
[0;30;41m8[0;1;30;90;43m@@@88888888888[0;33;5;40;100mXSS%%%[0;1;30;90;43m88[0;33;5;40;100m;:::....[0;37;5;40;100m8[0;1;37;97;47m8:[0;33;5;40;100m:[0;1;30;90;43m8888[0;1;37;97;47m.:[0;1;30;90;43m8888[0;33;5;40;100m@[0;1;30;90;47m%[0;1;37;97;47m@[0;33;5;40;100mt[0;1;30;90;43m888888@@@XX[0;31;5;40;100m88[0;33;5;40;100m8[0;1;30;90;43mS[0;31;43m8888888888888[0;33;41m88[0;30;41m8[0m
[0;30;41m8[0;1;30;90;43m@@@8[0;33;5;40;100m8[0;37;5;40;100m8[0;1;30;90;47mSt:[0;1;37;97;47m :%X8[0;37;5;47;107m8[0;1;37;97;47m@[0;1;30;90;47m;[0;33;5;40;100m %[0;1;30;90;43m888[0;33;5;40;100m;::.. [0;37;5;40;100m8[0;33;5;40;100m . [0;1;37;97;47mSS[0;33;5;40;100m.[0;1;30;90;43m888[0;1;37;97;47m.;[0;1;30;90;43m888[0;33;5;40;100mS[0;1;37;97;47m:%[0;33;5;40;100mS[0;1;30;90;43m8888888@@@XXX[0;33;5;40;100m@[0;1;30;90;47m8[0;1;37;97;47m;X%;.[0;1;30;90;47m.;%X8[0;33;5;40;100m [0;31;5;40;100m@[0;33;41m8[0;31;43m8[0;33;41m88[0;30;41m8[0m
[0;30;41m8[0;1;30;90;43m@@@88[0;33;5;40;100m8[0;37;5;40;100m8[0;1;37;97;47m%[0;37;5;47;107m%%S88[0;1;37;97;47mX[0;1;30;90;47mX[0;33;5;40;100mtS[0;1;30;90;43m888888[0;33;5;40;100m;::.....::[0;1;37;97;47m.[0;37;5;47;107m8[0;37;5;40;100m@[0;1;30;90;43m88[0;1;37;97;47m.:[0;1;30;90;43m88[0;33;5;40;100m;[0;1;37;97;47m@[0;1;30;90;47m.[0;33;5;40;100m@[0;1;30;90;43m88888888@@@XXX[0;31;43m8[0;1;30;90;43mS[0;33;5;40;100m8[0;37;5;40;100m@[0;1;37;97;47m;S@[0;37;5;47;107m8X@[0;1;37;97;47m;[0;37;5;40;100mX[0;31;5;40;100m8[0;31;43m888[0;33;41m88[0;30;41m8[0m
[0;30;41m8[0;1;30;90;43m@@@88888[0;33;5;40;100m;[0;1;30;90;47m;[0;37;5;47;107m8X[0;1;37;97;47m8[0;1;30;90;47m.:[0;1;37;97;47mt%S:[0;1;30;90;47m;@[0;33;5;40;100m ;;;:::::::;;[0;1;30;90;47mS[0;37;5;47;107m@[0;1;30;90;47m8[0;1;30;90;43m8[0;1;37;97;47m.:[0;1;30;90;43m8[0;33;5;40;100m [0;37;5;47;107m8[0;1;30;90;47m@[0;1;30;90;43m8888888888@[0;33;5;40;100m8@.[0;1;30;90;47m8t[0;1;37;97;47m  [0;1;30;90;47m.XX[0;1;37;97;47mt88[0;1;30;90;47mS[0;33;5;40;100mX[0;33;41m8[0;31;43m88888[0;33;41m88[0;30;41m8[0m
[0;30;41m8[0;1;30;90;43mX@@8888888[0;33;5;40;100m@[0;1;30;90;47m8[0;1;37;97;47mX[0;37;5;47;107mS[0;37;5;40;100m@[0;1;30;90;43m88[0;33;5;40;100m% [0;1;30;90;47m@:[0;1;37;97;47mt@@%[0;1;30;90;47m.S[0;37;5;40;100m8[0;33;5;40;100m:;;[0;1;30;90;43m8888[0;37;5;40;100m8[0;37;5;47;107mX[0;1;30;90;47m@[0;1;37;97;47m.:[0;37;5;40;100m8[0;37;5;47;107m@[0;37;5;40;100m8[0;1;30;90;43m888888[0;33;5;40;100m8% [0;1;30;90;47m@.[0;1;37;97;47m;;[0;1;30;90;47m.@[0;33;5;40;100m X8[0;31;43m88[0;33;5;40;100mt[0;37;5;47;107m8[0;1;37;97;47m%[0;37;5;40;100m@[0;33;5;40;100m8[0;31;43m8888888[0;33;41m888[0;30;41m8[0m
[0;31;40m8[0;1;30;90;43mX@@@888888888[0;33;5;40;100m [0;1;30;90;47m;[0;33;5;40;100m [0;1;30;90;43m8888888[0;33;5;40;100mt [0;1;30;90;47m@:[0;1;37;97;47m;XXS.[0;1;30;90;47m%8[0;33;5;40;100m;% [0;37;5;47;107m8[0;1;37;97;47m.:8[0;33;5;40;100m @S.[0;1;30;90;47m8t[0;1;37;97;47m.::[0;1;30;90;47m:@[0;33;5;40;100m X8[0;1;30;90;43m@XXX[0;31;43m888[0;33;5;40;100m@[0;1;30;90;47m@[0;33;5;40;100mt[0;31;43m8888888888[0;33;41m888[0;31;40m8[0m
[0;31;40m@[0;1;30;90;43mX@@@88888888888[0;33;5;40;100mXX[0;1;30;90;43m8888[0;33;5;40;100mSt[0;37;5;40;100m8[0;33;5;40;100m %[0;1;30;90;43m888[0;33;5;40;100mt:[0;1;30;90;47m8%[0;1;37;97;47m %S[0;1;30;90;47m 8[0;1;37;97;47m . tt;[0;1;30;90;47m;8[0;33;5;40;100m @8[0;1;30;90;43m8888[0;33;5;40;100mXt8[0;1;30;90;43mXXS[0;31;43m88[0;33;5;40;100m8[0;31;5;40;100m8[0;31;43m888888888888[0;33;41m888[0;31;40m@[0m
[0;31;40m%[0;1;30;90;43mXX@@@8888888888[0;33;5;40;100m@S[0;37;5;40;100m@[0;1;30;90;47mX.[0;1;37;97;47m%[0;37;5;47;107m8t%%[0;1;37;97;47m@:[0;1;30;90;47m@[0;33;5;40;100m;%% [0;1;30;90;47m8;[0;1;37;97;47m;XXX .[0;1;30;90;47mS:[0;1;37;97;47m% [0;1;30;90;47mS[0;37;5;40;100m8[0;33;5;40;100m%8[0;1;30;90;43m8[0;33;5;40;100m8 [0;1;30;90;47mt[0;1;37;97;47m;[0;37;5;47;107m8@@[0;1;37;97;47m@.[0;1;30;90;47mS[0;37;5;40;100m8[0;33;5;40;100mt8[0;31;43m8888888888888[0;33;41m888[0;31;40mS[0m
 [0;1;30;90;43mXXX@@@888[0;33;5;40;100m8S [0;1;30;90;47mX.[0;1;37;97;47m%8[0;37;5;47;107m%XX8[0;1;37;97;47m8@%[0;1;30;90;47m.t:;[0;1;37;97;47m%%%S:[0;1;30;90;47mt8[0;33;5;40;100m..[0;1;37;97;47m8[0;1;30;90;47mt.[0;1;37;97;47m [0;1;30;90;47m@[0;1;37;97;47m8[0;33;5;40;100m.t[0;37;5;40;100m@[0;1;30;90;47mX:[0;1;37;97;47m::..[0;1;30;90;47mXS8S[0;1;37;97;47m.tS@[0;37;5;47;107m88X[0;1;37;97;47mX:[0;1;30;90;47m%8[0;33;5;40;100m:8[0;1;30;90;41m8[0;31;43m88888[0;33;41m8888[0m 
 [0;1;30;90;41m8[0;1;30;90;43mXX@[0;33;5;40;100m8 [0;1;30;90;47mX.[0;1;37;97;47m%[0;37;5;47;107m@@X[0;1;37;97;47m8[0;37;5;47;107m8[0;1;37;97;47m%X[0;1;30;90;47m ;St.[0;1;37;97;47m:tt%:::[0;1;30;90;47m%[0;33;5;40;100mS[0;1;30;90;43m8888[0;37;5;40;100m@[0;37;5;47;107m8[0;1;30;90;47m8[0;1;30;90;43m8[0;1;30;90;47m: [0;1;30;90;43m8[0;37;5;40;100mX[0;1;37;97;47m8[0;33;5;40;100m [0;1;30;90;43m8888[0;33;5;40;100m8[0;37;5;40;100m8[0;1;30;90;47m ::[0;1;37;97;47m.  [0;1;30;90;47m.S@8X%[0;1;37;97;47mt:@X[0;37;5;47;107m8[0;1;37;97;47m88;[0;1;30;90;47m;8[0;33;5;40;100m.[0;31;5;40;100m@[0;33;41m888[0;1;30;90;41m8[0m 
 [0;31;40m8[0;1;30;90;43mXXX@[0;33;5;40;100m8 [0;1;30;90;47m;[0;1;37;97;47m@8.[0;1;30;90;47m@X@ .[0;1;37;97;47mtt::[0;1;30;90;47m %%[0;1;37;97;47m;S@8[0;1;30;90;47m.[0;33;5;40;100mX[0;1;30;90;43m8888[0;1;30;90;47m@[0;37;5;47;107m8[0;33;5;40;100m [0;1;30;90;43m88[0;1;30;90;47m:.[0;1;30;90;43m88[0;33;5;40;100m;[0;1;37;97;47m8[0;1;30;90;47m8[0;1;30;90;43m8888[0;33;5;40;100m8[0;1;30;90;47mX[0;1;37;97;47m@%; [0;1;30;90;47m8@;::[0;1;37;97;47m..[0;1;30;90;47mt;[0;37;5;40;100m8[0;1;30;90;47m8[0;37;5;40;100m8[0;1;30;90;47m;[0;1;37;97;47mXS[0;1;30;90;47m%[0;33;5;40;100m [0;31;5;40;100m8[0;33;41m8888[0;30;41m8[0m 
  [0;31;43m8[0;1;30;90;43mXXXX@@8[0;33;5;40;100m [0;1;37;97;47m..:.[0;1;30;90;47m%S;[0;1;37;97;47m:%X8[0;37;5;47;107m8XS8[0;1;37;97;47mX[0;1;30;90;47m@[0;33;5;40;100m@t[0;37;5;40;100m8[0;1;30;90;47mS8t[0;1;37;97;47mX[0;33;5;40;100mt[0;1;30;90;43m888[0;1;30;90;47m;.[0;1;30;90;43m888[0;33;5;40;100mS[0;1;37;97;47m%[0;1;30;90;47mt[0;37;5;40;100m@[0;1;30;90;47m@[0;33;5;40;100m X8[0;37;5;40;100mX[0;1;37;97;47m;8[0;37;5;47;107m@8[0;1;37;97;47m8X%; [0;1;30;90;47mS8X::..[0;33;5;40;100m [0;33;41m8[0;31;43m88[0;33;41m88888[0;31;40m;[0m 
  [0;1;30;90;41m8[0;31;43m8[0;1;30;90;43mXXXX@@[0;1;30;90;47m8[0;1;37;97;47mt.tX8[0;37;5;47;107m8@X[0;1;37;97;47m8t[0;1;30;90;47m.X[0;33;5;40;100m S8[0;1;30;90;43m8[0;37;5;40;100m8[0;37;5;47;107m@@[0;1;37;97;47m@[0;1;30;90;47m@[0;1;37;97;47m:;[0;1;30;90;47m;[0;33;5;40;100m8[0;1;30;90;43m888[0;1;30;90;47m;.[0;1;30;90;43m888[0;33;5;40;100m8[0;1;30;90;47mt[0;1;37;97;47m :[0;37;5;40;100m8[0;1;37;97;47mS[0;37;5;47;107m88[0;37;5;40;100m@[0;1;30;90;43mXX[0;33;5;40;100m8;[0;37;5;40;100m8[0;1;30;90;47m%[0;1;37;97;47m:@[0;37;5;47;107m88[0;1;37;97;47m8Xt:[0;1;30;90;47m.[0;1;37;97;47m.[0;37;5;40;100m8[0;33;41m8[0;31;43m88[0;33;41m8888[0;1;30;90;41m8[0m  
  [0;31;40mt[0;31;43m888[0;1;30;90;43mXX[0;33;5;40;100m8[0;1;30;90;47m:[0;37;5;47;107mS8@[0;1;37;97;47mX.[0;1;30;90;47mt8[0;33;5;40;100m.@8[0;1;30;90;43m888888[0;1;30;90;47m@[0;37;5;47;107mS[0;1;37;97;47m8:[0;37;5;40;100m8[0;1;37;97;47m%[0;1;30;90;47m;%[0;37;5;47;107m@[0;33;5;40;100m8[0;1;30;90;43m888[0;1;30;90;47m;:[0;1;30;90;43m888[0;33;5;40;100m8[0;37;5;47;107m8[0;1;30;90;47mtX[0;1;37;97;47mS[0;37;5;40;100mS[0;1;30;90;47m [0;1;37;97;47mS[0;37;5;47;107mX[0;1;30;90;47mX[0;1;30;90;43mX[0;31;43m888888[0;33;5;40;100m8%[0;37;5;40;100m@[0;1;30;90;47mX:[0;1;37;97;47mt88[0;37;5;47;107m8[0;1;30;90;47m;[0;31;5;40;100m8[0;33;41m88888[0;31;40m%[0m  
   [0;1;30;90;41m8[0;31;43m888[0;31;5;40;100m@[0;37;5;40;100m@[0;1;30;90;47m@[0;33;5;40;100m %8[0;1;30;90;43m@@@88888888[0;33;5;40;100m8[0;1;30;90;47m [0;37;5;47;107mX[0;1;37;97;47m8%[0;37;5;40;100m8[0;1;37;97;47m8[0;1;30;90;47mt:[0;1;37;97;47mS[0;37;5;47;107mS[0;33;5;40;100mX[0;1;30;90;43m888[0;1;30;90;47mt:[0;1;30;90;43m8@@[0;33;5;40;100m8[0;37;5;47;107mS[0;1;37;97;47m8[0;1;30;90;47m;8[0;1;37;97;47m@[0;37;5;40;100m@[0;1;37;97;47m:@[0;37;5;47;107m@[0;1;30;90;47m.[0;33;5;40;100m8[0;31;43m8888888888[0;33;41m8[0;1;30;90;41m8[0;33;5;40;100m8.[0;37;5;40;100m8X[0;1;30;90;41m8[0;33;41m888[0;1;30;90;41m8[0m   
    [0;33;41m8[0;31;43m8888[0;1;30;90;43mXXXXX@@@@@@888[0;33;5;40;100m@[0;1;37;97;47m%[0;37;5;47;107mX[0;1;37;97;47mX[0;1;30;90;47m%[0;37;5;40;100m@[0;1;37;97;47m8[0;1;30;90;47mX[0;1;37;97;47m.X[0;37;5;47;107m@[0;1;30;90;47m;[0;33;5;40;100m8[0;1;30;90;43m88[0;33;5;40;100m;[0;1;30;90;47m%:[0;33;5;40;100m.[0;1;30;90;43m@@[0;33;5;40;100m8[0;1;30;90;47m%[0;37;5;47;107m@[0;1;37;97;47mS [0;1;30;90;47m@[0;1;37;97;47m8[0;37;5;40;100m@[0;1;30;90;47mX[0;1;37;97;47m%[0;37;5;47;107m@[0;1;37;97;47m%[0;33;5;40;100m8[0;31;43m8888888888888[0;33;41m888888[0m    
    [0;31;40mS[0;31;43m888888[0;1;30;90;43mXXXXXX@@@@@[0;33;5;40;100m%[0;1;37;97;47m@[0;37;5;47;107m8[0;1;37;97;47m%[0;1;30;90;47mtS[0;1;37;97;47mX[0;1;30;90;47m8[0;1;37;97;47m:8[0;37;5;47;107mX[0;1;30;90;47m8[0;1;30;90;43m8@[0;33;5;40;100m8[0;1;30;90;47m8[0;1;37;97;47m%[0;1;30;90;47m%;:;[0;33;5;40;100m8[0;1;30;90;43mXX[0;37;5;40;100m8[0;37;5;47;107m@[0;1;37;97;47m8:[0;1;30;90;47m8[0;1;37;97;47m%[0;1;30;90;47m%X[0;1;37;97;47mt8@[0;33;5;40;100m%[0;31;43m88888888888[0;33;41m888888[0;31;40mS[0m    
     [0;31;40m8[0;31;43m88888888[0;1;30;90;43mXXXXXXX[0;33;5;40;100m [0;37;5;47;107m88[0;1;37;97;47mt[0;1;30;90;47m8;[0;1;37;97;47m:[0;1;30;90;47m8[0;1;37;97;47mS[0;37;5;47;107m8@[0;33;5;40;100m [0;1;30;90;43m@@[0;33;5;40;100m8[0;1;37;97;47m:8[0;1;30;90;47m %;S[0;1;37;97;47mXX[0;33;5;40;100mX[0;31;43m88[0;33;5;40;100m:[0;37;5;47;107m88[0;1;37;97;47mt[0;1;30;90;47m8 :[0;37;5;40;100m@[0;1;37;97;47m:[0;37;5;47;107m88[0;33;5;40;100m [0;31;43m888888888[0;33;41m888888[0;31;40m8[0m     
      [0;30;41m8[0;31;43m8888888888[0;1;30;90;43mXXX[0;37;5;40;100m8[0;37;5;47;107mX[0;1;37;97;47m@ [0;37;5;40;100m@[0;1;37;97;47m;[0;1;30;90;47m:8[0;1;37;97;47m%[0;37;5;47;107mX[0;1;37;97;47m8[0;33;5;40;100m;[0;1;30;90;43mXXX[0;33;5;40;100mt[0;37;5;47;107mS[0;1;37;97;47m8[0;1;30;90;47m %;%[0;1;37;97;47mS[0;37;5;47;107mX[0;37;5;40;100mX[0;31;43m888[0;33;5;40;100mX[0;1;37;97;47m@[0;37;5;47;107m@[0;1;37;97;47mX[0;1;30;90;47m8S[0;1;37;97;47m;[0;37;5;40;100mX[0;1;30;90;47m:[0;1;37;97;47m%[0;37;5;47;107m8[0;37;5;40;100m8[0;33;41m8[0;31;43m88888[0;33;41m8888888[0;30;41m8[0m      
       [0;1;30;90;41m8[0;31;43m8888888888[0;33;5;40;100m8[0;1;30;90;47m%[0;37;5;47;107mX[0;1;37;97;47m8t[0;37;5;40;100m@[0;1;37;97;47mX[0;1;30;90;47mt;[0;1;37;97;47mt[0;37;5;47;107m8[0;1;37;97;47m%[0;33;5;40;100m8[0;1;30;90;43mXXXX[0;33;5;40;100m%[0;37;5;47;107mS[0;1;37;97;47m@ [0;1;30;90;47mS;S[0;1;37;97;47mS[0;37;5;47;107mX[0;37;5;40;100mX[0;31;43m8888[0;33;5;40;100m8[0;1;37;97;47m;[0;37;5;47;107m8[0;1;37;97;47m;[0;1;30;90;47mtS[0;1;37;97;47mX[0;37;5;40;100mS[0;1;37;97;47m:X[0;37;5;47;107m8[0;1;30;90;47m%[0;31;5;40;100m8[0;31;43m888[0;33;41m8888888[0;1;30;90;41m8[0m       
        [0;30;41m8[0;31;43m88888888[0;33;5;40;100m8[0;1;37;97;47m:[0;37;5;47;107mX8[0;1;37;97;47mt[0;37;5;40;100mS[0;1;37;97;47m@[0;1;30;90;47m8:[0;1;37;97;47mS[0;37;5;47;107m@[0;1;30;90;47m.[0;33;5;40;100m8[0;31;43m88888[0;33;5;40;100m%[0;37;5;47;107mS[0;1;37;97;47mX[0;1;30;90;47m.StX[0;1;37;97;47mS[0;37;5;47;107mX[0;33;5;40;100m [0;31;43m88888[0;33;5;40;100m8[0;1;30;90;47m%[0;37;5;47;107m8[0;1;37;97;47m%[0;1;30;90;47m:[0;37;5;40;100m8[0;1;37;97;47mX[0;37;5;40;100mS[0;1;37;97;47m.8[0;37;5;47;107m8[0;1;37;97;47m:[0;33;5;40;100m8[0;33;41m88888888[0;30;41m8[0m        
         [0;31;40m8[0;31;43m888888[0;31;5;40;100mX[0;1;30;90;47m8@[0;33;5;40;100m S[0;31;5;40;100m8[0;37;5;40;100mX[0;1;30;90;47mS[0;1;37;97;47m:@[0;37;5;47;107mX[0;1;30;90;47mX[0;1;30;90;43mX[0;31;43m888888[0;33;5;40;100m%[0;37;5;47;107mX[0;1;37;97;47m@[0;1;30;90;47m:St@[0;1;37;97;47mS[0;37;5;47;107m@[0;33;5;40;100m [0;31;43m888888[0;33;41m8[0;37;5;40;100m8[0;37;5;47;107m8[0;1;37;97;47mX[0;1;30;90;47m %[0;37;5;40;100mX[0;31;5;40;100mX[0;33;5;40;100m@.[0;1;30;90;47m88[0;31;5;40;100m@[0;33;41m888888[0;31;40m8[0m         
          [0;31;40mS[0;33;41m8[0;31;43m88888888888[0;1;30;90;47m%[0;37;5;47;107m8@[0;37;5;40;100m@[0;31;43m88888888[0;33;5;40;100m%[0;37;5;47;107mX[0;1;37;97;47m@[0;1;30;90;47m:St@[0;1;37;97;47mS[0;37;5;47;107m@[0;33;5;40;100m [0;31;43m88888888[0;33;5;40;100m [0;37;5;47;107m8[0;1;37;97;47m8[0;1;30;90;47m;[0;33;41m8[0;31;43m88[0;33;41m888888888[0;31;40mX[0m          
            [0;1;30;90;41m8[0;31;43m8888888888[0;37;5;40;100m8[0;1;37;97;47m8[0;33;5;40;100m;[0;31;43m888888888[0;33;5;40;100mS[0;37;5;47;107mX[0;1;37;97;47m@[0;1;30;90;47m:St@[0;1;37;97;47mS[0;37;5;47;107m8[0;33;5;40;100m [0;31;43m888888888[0;33;5;40;100m%[0;1;37;97;47mX[0;1;30;90;47m8[0;31;43m8[0;33;41m888888888[0;1;30;90;41m8[0m            
             [0;30;41m8[0;31;43m888888888[0;33;5;40;100mt8[0;31;43m8888888888[0;33;5;40;100mS[0;37;5;47;107m@[0;1;37;97;47m@[0;1;30;90;47m:X%X[0;1;37;97;47m%[0;37;5;47;107m8[0;33;5;40;100m [0;31;43m8888888888[0;33;5;40;100m8t[0;33;41m888888888[0;30;41m8[0m             
              [0;31;40mt[0;1;30;90;41m8[0;31;43m8888888[0;33;41m8[0;31;43m88888888888[0;33;5;40;100mS[0;37;5;47;107m@[0;1;37;97;47mS[0;1;30;90;47m.X%X[0;1;37;97;47mt[0;37;5;47;107m8[0;33;5;40;100m [0;31;43m88888888[0;33;41m88888888888[0;1;30;90;41m8[0;31;40mt[0m              
                [0;31;40m@[0;33;41m8[0;31;43m88888888888888888[0;33;5;40;100mS[0;37;5;47;107m@[0;1;37;97;47mS [0;1;30;90;47mX%S[0;1;37;97;47mt[0;37;5;47;107m8[0;33;5;40;100m [0;31;43m8888[0;33;41m88888888888888[0;31;40m@[0m                
                  [0;30;41m8[0;33;41m8[0;31;43m888888888888888[0;33;5;40;100mS[0;37;5;47;107m8[0;1;37;97;47m8[0;1;30;90;47mt[0;33;5;40;100m@@[0;37;5;40;100m8[0;1;37;97;47m8[0;37;5;47;107m8[0;33;5;40;100m [0;33;41m8888888888888888[0;30;41m8[0m                  
                    [0;30;41m8[0;33;41m8[0;31;43m8888888888888[0;33;5;40;100mX[0;1;37;97;47m8[0;33;5;40;100m [0;33;41m8888[0;33;5;40;100m%[0;1;37;97;47mS[0;33;5;40;100m [0;33;41m88888888888888[0;30;41m8[0m                    
                      [0;31;40m8[0;33;41m888888888888[0;31;5;40;100mX[0;33;5;40;100m8[0;33;41m888888[0;31;5;40;100m8[0;33;5;40;100m@[0;33;41m888888888888[0;30;41m8[0m                      
                        [0;31;40m8[0;33;41m88888888888888888888888888888@[0;31;40m8[0m                        
                          [0;31;40m%[0;1;30;90;41m8[0;33;41m888888888888888888888888[0;1;30;90;41m8[0;31;40mS[0m                          
                             [0;31;40m8[0;1;30;90;41m8[0;33;41m888888888888888888[0;1;30;90;41m8[0;31;40m8[0m                             
                                [0;31;40m8[0;1;30;90;41m8[0;33;41m888888888888[0;1;30;90;41m8[0;31;40m8[0m                                
                                   [0;31;40m@[0;1;30;90;41m8[0;33;41m888888[0;1;30;90;41m8[0;31;40m8[0m                                   
                                      [0;31;40m%88S[0m                                      
