[0;33;5;40;100mt[0;1;30;90;43m8..............::::::::::::::::::::::::[0;1;30;90;47mt[0;1;37;97;47m      [0;1;30;90;47m;t     .t%......%%::::::%X;;;;;t[0;33;5;40;100m8[0m
[0;30;5;40;100m8[0;1;37;97;47mS[0;1;33;93;47mS[0;33;5;43;103mtttt;;;;;;;;;;;;;;;;;;;;;;;;;;;;;;;;;[0;36;5;40;100m [0;1;37;97;47m@[0;37;5;47;107mtttt8[0;36;5;40;100m  [0;1;37;97;47m8[0;37;5;47;107mtt%%[0;1;37;97;47m8[0;36;5;40;100m  [0;1;37;97;47mX[0;37;5;47;107m%%SS[0;1;37;97;47m8[0;36;5;40;100m  [0;1;37;97;47mS[0;37;5;47;107mSXXX[0;1;37;97;47m@[0;36;5;40;100m  [0;1;37;97;47m%[0;37;5;47;107m@@8[0;1;33;93;47mX[0;33;5;43;103mS[0;1;30;90;43m [0m
[0;37;5;40;100mX[0;37;5;47;107m%%S[0;37;5;43;103m8[0;33;5;43;103m;;;;;;;;;;;;;;;;;;;;;;;;;;;;;;;;;;;[0;1;30;90;47m:[0;37;5;47;107mtttttt[0;1;37;97;47m [0;1;30;90;47m;[0;37;5;47;107mttttt%[0;1;37;97;47m [0;1;30;90;47mS[0;37;5;47;107m%%%%SS[0;1;30;90;47m:t[0;37;5;47;107mSSSXXX[0;1;30;90;47m:X[0;37;5;47;107m@@[0;1;37;97;47m8[0;33;5;43;103mSSS[0;1;30;90;43m [0m
[0;30;5;40;100mS[0;37;5;47;107m@%ttS[0;37;5;43;103mS[0;33;5;43;103m;;;;;;;;;;;;;;;;;;;;;;;;;;;;;;;;;[0;36;5;40;100m [0;37;5;47;107mXtttt%[0;36;5;40;100m  [0;37;5;47;107mSttttS[0;36;5;40;100m  [0;37;5;47;107mX%%%%X[0;36;5;40;100m  [0;37;5;47;107m@SSSX@[0;36;5;40;100m .[0;1;37;97;47m8[0;37;5;43;103m@[0;33;5;43;103mSSSS[0;1;30;90;43m [0m
[0;37;5;40;100m@[0;37;5;47;107m%ttttt[0;1;37;97;47m8[0;33;5;43;103m;;;;;;;;;;;;;;;;;;;;;;;;;;;;;;;;[0;37;5;47;107m;tttttttttttttttt%%%%%%%SSSSSSXX[0;1;33;93;47m@[0;33;5;43;103m%SSSSS[0;1;30;90;43m [0m
[0;37;5;40;100m@[0;37;5;47;107mtt[0;1;37;97;47mS%[0;37;5;47;107mttt%[0;37;5;43;103m8[0;33;5;43;103m;;;;;;;;;;;;:::::::::::::::;;;[0;37;5;47;107m;;;[0;1;37;97;47mXS[0;37;5;47;107mtttttt[0;1;37;97;47mX%[0;37;5;47;107mttttt%[0;1;37;97;47m%t[0;37;5;47;107m%%%%SS[0;1;37;97;47m%;[0;37;5;47;107mS[0;1;37;97;47m8[0;33;5;43;103m%%%%SSSS[0;1;30;90;43m [0m
[0;37;5;40;100m8[0;37;5;47;107mt[0;1;37;97;47m8[0;37;5;40;100m@@[0;1;37;97;47m8[0;37;5;47;107mtttt[0;1;37;97;47m8[0;37;5;43;103mX[0;33;5;43;103m;;;;;;;:::::::::::::::::::::[0;37;5;47;107m;;8[0;37;5;40;100m88[0;1;37;97;47m8[0;37;5;47;107mtttt8[0;37;5;40;100m8@[0;1;37;97;47m@[0;37;5;47;107mtttt[0;1;37;97;47m8[0;37;5;40;100m@@[0;1;37;97;47mX[0;37;5;47;107m%%%%[0;1;37;97;47m8[0;37;5;40;100mX[0;33;5;40;100m:[0;33;5;43;103m@%%%%%%SSS[0;1;30;90;43m.[0m
[0;37;5;40;100m8[0;37;5;47;107mtt[0;1;30;90;47m8[0;37;5;40;100m8[0;37;5;47;107mtttttt[0;1;30;90;47mS[0;1;30;90;43m8[0;33;5;43;103m;;;::::::::::::::::::::::::[0;37;5;47;107m;;;[0;1;30;90;47mX8[0;37;5;47;107m;;tttt[0;1;30;90;47mX[0;37;5;40;100m8[0;37;5;47;107mtttttt[0;37;5;40;100m8@[0;37;5;47;107m%%%%%S[0;1;33;93;47m8[0;33;5;43;103m%t%%%%%%SSS[0;1;30;90;43m.[0m
[0;37;5;40;100m8[0;37;5;47;107mtS[0;1;30;90;47mSX[0;37;5;47;107mStttt%[0;1;30;90;47mtS[0;37;5;47;107mS[0;1;33;93;47mX[0;33;5;43;103m:::::::::::::::::::::::::[0;37;5;47;107m:;t[0;1;30;90;47mt%[0;37;5;47;107m%;;;t%[0;1;30;90;47m%X[0;37;5;47;107mSttttS[0;1;30;90;47mX@[0;37;5;47;107m@%%%[0;1;37;97;47m8[0;33;5;43;103mtttt%%%%%%%SS[0;1;30;90;43m.[0m
[0;37;5;40;100m8[0;37;5;47;107mtttttttt;;;;;;t[0;37;5;43;103m@[0;33;5;43;103m::::::.[0;37;5;43;103m%%%%%%%%%%%[0;33;5;43;103m.::::[0;37;5;47;107m:::;;;;;;;tttttttttttt%S[0;37;5;43;103mX[0;33;5;43;103mtttttt%%%%%%SS[0;1;30;90;43m.[0m
[0;36;5;40;100m [0;37;5;47;107mStttt%[0;1;30;90;47m.;[0;37;5;47;107m%;;;;t[0;1;37;97;47m.[0;1;30;90;47m.[0;1;37;97;47m8[0;37;5;43;103m@[0;33;5;43;103m:.[0;37;5;43;103m%%SSSSSSSSSSSSS%%[0;33;5;43;103m.:[0;1;30;90;47m [0;37;5;47;107mt::;;t[0;1;30;90;47m.:[0;37;5;47;107m%;tttS[0;1;30;90;47m:%[0;37;5;47;107mSttt%[0;37;5;43;103m8[0;33;5;43;103mtttttttt%%%%%%%S[0;1;30;90;43m.[0m
[0;36;5;40;100m;[0;1;37;97;47m8[0;37;5;47;107mtttt@[0;1;30;90;47mSX[0;37;5;47;107m8;;;:@[0;1;30;90;47m;S[0;37;5;47;107m@:[0;1;37;97;47m8[0;37;5;43;103mSSSSSSSSSSSSSSSSSS%%[0;1;30;90;47mt[0;37;5;47;107m8:::;X[0;1;30;90;47m%X[0;37;5;47;107m8;;tt8[0;1;30;90;47mS8[0;1;37;97;47m8[0;37;5;47;107mtt[0;1;37;97;47m8[0;33;5;43;103m;;ttttttttt%%%%%%S[0;1;30;90;43m.[0m
[0;36;5;40;100mt[0;37;5;47;107m%ttttt[0;36;5;40;100m  [0;37;5;47;107mt;;;:;[0;37;5;40;100mS[0;36;5;40;100m [0;37;5;47;107m:..:[0;37;5;43;103mSSSXXXXXXXXXXXSSSSS[0;36;5;40;100m [0;37;5;47;107m;::::;[0;37;5;40;100m%[0;36;5;40;100m [0;37;5;47;107mt;;ttt[0;36;5;40;100m .[0;37;5;47;107m%S[0;37;5;43;103mS[0;33;5;43;103m;;;ttttttttt%%%%%%S[0;1;30;90;43m.[0m
[0;37;5;40;100mX[0;37;5;47;107mSttttt[0;1;37;97;47m88[0;37;5;47;107mt;;::;88;..  :[0;37;5;43;103mSXXXXXXXXXXXXXSSS[0;37;5;47;107m8;.:::;8[0;1;37;97;47m8[0;37;5;47;107mt;;;t%[0;1;37;97;47m8X[0;37;5;43;103m8[0;33;5;43;103m;;;;;;tttttttt%%%%%%%[0;1;30;90;43m.[0m
[0;37;5;40;100m8[0;37;5;47;107mtttt;;;;;;::::....    .;[0;37;5;43;103mXXXXXXXXXXXXXSS[0;37;5;47;107m...:::::;;;;;tt[0;1;37;97;47m8[0;33;5;43;103m;;;;;;;;ttttttttt%%%%%%[0;1;30;90;43m.[0m
[0;37;5;40;100m8[0;37;5;47;107mt8[0;37;5;40;100m@@[0;37;5;47;107m8;;;;X[0;1;30;90;47m8[0;37;5;40;100m8[0;37;5;47;107m@:...S[0;1;30;90;47mXX[0;37;5;47;107mX   .[0;1;33;93;47mS[0;37;5;43;103mXXXXXXXXXXXXS[0;37;5;47;107m..S[0;1;30;90;47m88[0;37;5;47;107m@::;;@[0;37;5;40;100m8@[0;1;37;97;47m8[0;37;5;43;103mS[0;33;5;43;103m;;;;;;;;;ttttttttt%%%%%%[0;1;30;90;43m.[0m
[0;37;5;40;100m8[0;37;5;47;107mt%[0;1;30;90;47m.:[0;37;5;47;107m%;;;;;[0;1;37;97;47m:[0;1;30;90;47m.[0;37;5;47;107m;:....[0;1;37;97;47m;;[0;37;5;47;107m:    .[0;1;37;97;47m8[0;37;5;43;103m8XXXXXXXXXXS[0;37;5;47;107m .:[0;1;37;97;47m:.[0;37;5;47;107m;::;;t[0;1;37;97;47mS[0;33;5;43;103m8;;;;;;;;;;;ttttttttt%%%%%%[0;1;30;90;43m.[0m
[0;37;5;40;100m8[0;37;5;47;107mt%[0;36;5;40;100m  [0;37;5;47;107mS;;;;t[0;36;5;40;100m  [0;37;5;47;107mt:...:[0;37;5;40;100mX%[0;37;5;47;107m;    .[0;1;30;90;47m8[0;37;5;40;100m8[0;37;5;47;107m%[0;37;5;43;103mSXXXXXXXXS[0;37;5;47;107m .;[0;36;5;40;100m  [0;37;5;47;107mt::;;[0;1;37;97;47m8[0;33;5;43;103m;;;;;;;;;;;;;ttttttttt%%%%%%[0;1;30;90;43m.[0m
[0;37;5;40;100m8[0;37;5;47;107mtt%%;;;;;;;t::... ..      .. .[0;1;37;97;47m8[0;37;5;43;103mXXXXXXXS[0;37;5;47;107m ..:;:::%[0;37;5;43;103mS[0;33;5;43;103m:;;;;;;;;;;;;;ttttttttt%%%%%%[0;1;30;90;43m.[0m
[0;37;5;40;100m@[0;37;5;47;107mtttt;;88;;::::X@.     SS      %@[0;37;5;43;103mSXXXXSS[0;37;5;47;107mX...::;[0;37;5;43;103m@[0;33;5;43;103m::;;;;;;;;;;;;;;ttttttttt%%%%%%[0;1;30;90;43m.[0m
[0;30;5;40;100m8[0;1;37;97;47mX[0;37;5;47;107mttt;8[0;37;5;40;100mXX[0;1;37;97;47m8[0;37;5;47;107m;:::8[0;1;30;90;47m8[0;37;5;40;100m8[0;37;5;47;107m8.   S[0;1;30;90;47m@@[0;37;5;47;107m@    S[0;1;30;90;47mX@[0;37;5;47;107m@;[0;37;5;43;103mXXXSS[0;1;30;90;47m8[0;37;5;47;107m8.::[0;1;33;93;47mS[0;33;5;43;103m::::;;;;;;;;;;;;;;ttttttttt%%%%%%[0;1;30;90;43m.[0m
[0;37;5;40;100m%[0;37;5;47;107mttttt;[0;1;30;90;47m.t[0;37;5;47;107m;;;:::[0;1;37;97;47m:[0;1;30;90;47m;[0;37;5;47;107m...   [0;1;37;97;47m;.[0;37;5;47;107m      [0;1;37;97;47m% [0;37;5;47;107m  .[0;1;37;97;47m8[0;37;5;43;103mXSS[0;1;30;90;47m.[0;37;5;47;107m.:t[0;37;5;43;103mX[0;33;5;43;103m::::;;;;;;;;;;;;;;;tttttttt%%%%%%%[0;1;30;90;43m.[0m
[0;30;5;40;100m8[0;37;5;47;107mXtttt%[0;37;5;40;100m88[0;37;5;47;107m%;;;:t[0;1;30;90;47m@[0;37;5;40;100m8[0;37;5;47;107mt....:[0;1;30;90;47mSX[0;37;5;47;107m:    .[0;1;30;90;47mtX[0;37;5;47;107m:   :[0;37;5;43;103mS%[0;1;30;90;47m8[0;37;5;47;107mS[0;37;5;43;103m@[0;33;5;43;103m::::::;;;;;;;;;;;;;;ttttttttt%%%%%%S[0;1;30;90;43m.[0m
[0;30;5;40;100m@[0;1;37;97;47m888888[0;37;5;47;107mSSS%%%%%%ttttt;;;;;;;;;;;;;;;;;t[0;1;33;93;47mS[0;37;5;47;107mt[0;1;33;93;47m@[0;37;5;43;103mXXX@@@@@88888888888888888888888888888[0;31;5;40;100mX[0m
 [0;33;5;43;103mt;;;;;;;;;;:::::::::[0;37;5;43;103m%%%SSSSSSSSSSS%%S[0;1;37;97;47m8[0;37;5;47;107m:[0;37;5;43;103mS[0;1;37;97;47m8[0;37;5;47;107m;[0;1;37;97;47mS%[0;37;5;47;107m;;;;;;[0;1;37;97;47mS;[0;37;5;47;107mtttttt[0;1;37;97;47m;:[0;37;5;47;107mt%%%%%[0;1;37;97;47m;.[0;37;5;47;107mSSSSSX[0;1;37;97;47m:[0;1;30;90;47m.[0;37;5;47;107mX@[0m 
 [0;1;33;93;43mS[0;33;5;43;103m;;;;;;;;;;;:::::::::::.[0;37;5;43;103m%%%%%%%%%[0;33;5;43;103m.:[0;37;5;43;103m8[0;37;5;47;107mX::[0;33;5;43;103m::t[0;33;5;40;100m.[0;1;30;90;47m8[0;1;37;97;47m8[0;37;5;47;107m;;;;8[0;1;30;90;47m8[0;37;5;40;100m8[0;1;37;97;47m8[0;37;5;47;107mtttt[0;1;37;97;47m8[0;37;5;40;100m88[0;1;37;97;47mX[0;37;5;47;107m%%%%[0;1;37;97;47m8[0;37;5;40;100m8@[0;1;37;97;47mX[0;37;5;47;107mSSSX[0;1;37;97;47mX[0;37;5;40;100m@S[0;1;37;97;47m%t[0m 
 [0;1;30;90;43m:[0;33;5;43;103m;;;;;;;;;;;;;:::::::::::::::::::[0;37;5;43;103m@[0;33;5;40;100m;[0;37;5;40;100m@[0;37;5;47;107m:::[0;33;5;43;103m::::[0;37;5;43;103m8[0;37;5;47;107mt;;ttt[0;1;30;90;47m8[0;37;5;40;100m%[0;37;5;47;107mtttttt[0;37;5;40;100mX[0;36;5;40;100m [0;37;5;47;107m%%%%%%[0;37;5;40;100m@[0;36;5;40;100m [0;37;5;47;107mSSSSXX[0;37;5;40;100mS[0;36;5;40;100m [0;37;5;47;107m@[0;37;5;40;100m@[0m 
  [0;33;5;43;103mt;;;;;;;;;;;;;;::::::::::::::::[0;1;37;97;47m8[0;37;5;47;107m%[0;1;37;97;47m:[0;1;30;90;47m [0;37;5;47;107m%;;[0;33;5;43;103m::;;;;[0;1;33;93;47mS[0;37;5;47;107mttt%[0;1;30;90;47m :[0;37;5;47;107mSttttS[0;1;30;90;47m:;[0;37;5;47;107m@%%%%X[0;1;30;90;47m;t[0;37;5;47;107m@SSXX8[0;1;30;90;47mtS[0;37;5;47;107m8[0;1;30;90;40m8[0m 
  [0;1;30;90;43m.[0;33;5;43;103m;;;;;;;;;;;;;;;;::::::::::::[0;37;5;43;103m@[0;37;5;47;107mt;;;;;;;[0;33;5;43;103m;;;;;;;;[0;37;5;47;107mStttttttttt%%%%%%%SSSSSXXXX@@[0;1;30;90;47m.[0m  
  [0;31;40mX[0;33;5;43;103mt;;;;;;;;;;;;;;;;;;;;:::::[0;37;5;43;103mX[0;1;37;97;47m8[0;1;30;90;47m;%[0;37;5;47;107mS;;;;S[0;1;30;90;47mt[0;33;5;43;103m;;;;;;;;;[0;37;5;43;103m8[0;37;5;47;107m%tttX[0;1;30;90;47mS@[0;37;5;47;107m@%%%%@[0;1;30;90;47mX@[0;37;5;47;107m8SSSS8[0;1;30;90;47m@8[0;37;5;47;107m8X@@[0;30;5;40;100m@[0m  
   [0;1;30;90;43m.[0;33;5;43;103m;;;;;;;;;;;;;;;;;;;;;;;;[0;1;37;97;47m8[0;37;5;47;107mtX[0;1;30;90;47m;S[0;37;5;47;107m@;;;;@[0;1;30;90;47m%[0;33;5;43;103m;;;;;;;;;;;[0;1;33;93;47m@[0;37;5;47;107m%t8[0;1;30;90;47m%8[0;37;5;47;107m8%%%%8[0;1;30;90;47mX@[0;1;37;97;47m8[0;37;5;47;107mSSSX[0;1;37;97;47m8[0;1;30;90;47mX[0;37;5;40;100m8[0;1;37;97;47m8[0;37;5;47;107m@@[0;1;30;90;47m%[0m   
    [0;33;5;43;103mX;;;;;;;;;;;;;;;;;;;;;[0;37;5;43;103m8[0;37;5;47;107mt;;t[0;36;5;40;100m :[0;37;5;47;107m%;ttt%[0;36;5;40;100m.[0;33;5;43;103m;;;;;;;;;;;;;[0;1;37;97;47m8[0;37;5;47;107mS[0;36;5;40;100m:[0;30;5;40;100mS[0;37;5;47;107mX%%%%X[0;36;5;40;100m;t[0;37;5;47;107m@SSSX@[0;36;5;40;100m:[0;30;5;40;100mX[0;37;5;47;107m8@[0;1;37;97;47m8[0m    
    [0;30;41m8[0;33;5;43;103mt;;;;;;;;;;;;;;;;;;[0;37;5;43;103mX[0;37;5;47;107mSttttt@8tttttt8[0;33;5;43;103m;;;;;;;;;;;;;t[0;37;5;43;103m@[0;1;37;97;47m88[0;37;5;47;107mS%%%SS[0;1;37;97;47m88[0;37;5;47;107mXSXXX@[0;1;37;97;47m8@[0;37;5;47;107m@@[0;36;5;40;100mt[0m    
     [0;1;30;90;43m.[0;33;5;43;103mt;;;;;;;;;;;;;;;;[0;1;37;97;47m8[0;37;5;47;107mttt%Stttttt%Sttt[0;33;5;43;103m;;;;;;;;;;;ttttt[0;37;5;43;103m8[0;37;5;47;107mS%XXSSSSSX@8XX@@@[0;36;5;40;100m [0m     
      [0;1;30;90;43m.[0;33;5;43;103mttt;;;;;;;;;;;[0;37;5;43;103m8[0;37;5;47;107m%ttt8[0;36;5;40;100m  [0;1;37;97;47m8[0;37;5;47;107mtttt[0;1;37;97;47m8[0;36;5;40;100m  [0;1;37;97;47m@[0;37;5;47;107mtt[0;33;5;43;103m;;;;;;;;;ttttttttt[0;1;33;93;47mS[0;33;5;40;100m [0;36;5;40;100m [0;1;37;97;47mS[0;37;5;47;107mSSSX[0;1;37;97;47m@[0;36;5;40;100m  [0;1;37;97;47mS[0;37;5;47;107m@@@[0;1;30;90;47m@[0m      
       [0;1;30;90;43m.[0;33;5;43;103mtttt;;;;;;;[0;1;33;93;43m@[0;1;30;90;47m [0;37;5;47;107m%ttttt[0;1;30;90;47m ;[0;37;5;47;107m%ttttt[0;1;37;97;47m [0;1;30;90;47m%[0;37;5;47;107m%tt[0;33;5;43;103m;;;;;;ttttttttttttt@[0;1;37;97;47mt[0;37;5;47;107mXSXXXX[0;1;30;90;47m;S[0;37;5;47;107m@@@[0;1;30;90;47m%[0m       
        [0;1;30;90;43m.[0;33;5;43;103mttttttt;;[0;1;37;97;47m8[0;33;5;40;100m [0;36;5;40;100m.[0;37;5;47;107mXttttS[0;36;5;40;100m  [0;37;5;47;107mSttttS[0;36;5;40;100m .[0;37;5;47;107mXtt[0;33;5;43;103m;;;ttttttttttttttt%%%[0;37;5;43;103m8[0;37;5;47;107m@XXX8[0;36;5;40;100m :[0;37;5;47;107m8@[0;1;30;90;47mX[0m        
         [0;1;30;90;43m.[0;33;5;43;103mtttttt[0;1;33;93;47m8[0;37;5;47;107m%%%%ttttttttttttttt%t%%[0;33;5;43;103mtttttttttttttttt%%%%%%%[0;1;33;93;47mS[0;37;5;47;107m@X@@@@[0;37;5;40;100mX[0m         
          [0;33;41m8[0;33;5;43;103mXtt[0;37;5;43;103m@[0;1;37;97;47mXS[0;37;5;47;107m%%%%%%[0;1;37;97;47m@X[0;37;5;47;107m%%%%%%[0;1;37;97;47m8X[0;37;5;47;107m%%%%%%[0;1;37;97;47mX[0;33;5;43;103mtttttttttttttt%%%%%%%%%%S[0;1;37;97;47m8[0;37;5;47;107m@@[0;1;37;97;47m8[0;36;5;40;100m:[0m          
            [0;1;33;93;43mS[0;1;37;97;47m8@[0;37;5;40;100mX%[0;1;37;97;47mX[0;37;5;47;107m%%%%[0;1;37;97;47m8[0;37;5;40;100mSS[0;1;37;97;47m@[0;37;5;47;107m%%%%[0;1;37;97;47m8[0;37;5;40;100mXS[0;1;37;97;47mX[0;37;5;47;107m%%%%[0;1;37;97;47m8[0;37;5;40;100mS[0;33;5;43;103mttttttttttt%%%%%%%%%%%SSSS[0;37;5;43;103m@[0;1;37;97;47m:[0m            
             [0;37;5;40;100m@[0;37;5;47;107mX[0;1;30;90;47mX[0;37;5;40;100m8[0;37;5;47;107mS%%%%%[0;1;30;90;47mX8[0;37;5;47;107m%%%%%%[0;1;30;90;47mS[0;37;5;40;100m8[0;37;5;47;107m%%%%%%[0;1;30;90;47m@[0;33;5;43;103mtttttttt%%%%%%%%%%%%SSSSSS[0;1;30;90;43m [0m             
              [0;1;30;90;40m8[0;36;5;40;100m:[0;37;5;40;100mX[0;37;5;47;107m8SSSSX[0;37;5;40;100m8@[0;37;5;47;107m@SSSSX[0;37;5;40;100m8@[0;37;5;47;107m@SSSS@[0;37;5;40;100m8[0;33;5;43;103mtttt%%%%%%%%%%%%%%SSSSSS[0;1;33;93;43m%[0;31;40m@[0m              
                [0;36;5;40;100m [0;1;37;97;47m8[0;37;5;47;107mSSSSSSSSSSSSSSSSSSSSSS[0;33;5;43;103m%%%%%%%%%%%%%%%SSSSSSS[0;1;33;93;43m8[0;1;30;90;43m [0m                
                  [0;37;5;40;100m8[0;1;30;90;47m;;[0;37;5;47;107mXSSSSS[0;1;30;90;47m.;[0;37;5;47;107mXSSSSX[0;1;30;90;47m.t[0;37;5;47;107mXSS[0;33;5;43;103m%%%%%%%%%%%%SSSSSSSSX[0;1;30;90;43m [0m                  
                    [0;30;5;40;100m@[0;1;37;97;47m;[0;37;5;47;107mXXXX[0;1;37;97;47m@[0;37;5;40;100m8@[0;1;37;97;47mX[0;37;5;47;107mXXXX[0;1;37;97;47mX[0;37;5;40;100m8@[0;1;37;97;47mS[0;37;5;47;107mXX[0;33;5;43;103m%%%%%%%%%SSSSSSSSSX[0;1;30;90;43m [0m                    
                      [0;37;5;40;100m@[0;1;37;97;47m8[0;37;5;47;107mXXX[0;36;5;40;100m  [0;37;5;47;107mXXXXXX[0;36;5;40;100m :[0;37;5;47;107mXXX[0;33;5;43;103m%%%%SSSSSSSSSSSS@[0;1;30;90;43m [0m                      
                        [0;36;5;40;100m [0;1;37;97;47mS[0;37;5;47;107m8[0;1;37;97;47m. [0;37;5;47;107m8XXXX8[0;1;37;97;47m:[0;1;30;90;47m [0;37;5;47;107m8@@[0;33;5;43;103mSSSSSSSSSSSSSS[0;1;33;93;43mX[0;1;30;90;43m [0m                        
                          [0;30;5;40;100mS[0;1;30;90;47m%[0;37;5;47;107m8@@@@@@@@@@@[0;33;5;43;103mSSSSSSSSSSSX[0;1;30;90;43m [0;30;41m8[0m                          
                             [0;36;5;40;100m [0;1;30;90;47m:[0;37;5;40;100mX%[0;1;37;97;47mX[0;37;5;47;107m@@@@[0;1;37;97;47m@[0;37;5;40;100mS[0;33;5;43;103mSSSSSSSSS[0;1;33;93;43m%[0;1;30;90;43m [0m                             
                                [0;30;5;40;100m%[0;1;30;90;47m [0;37;5;47;107m@@@@[0;1;37;97;47m8[0;1;30;90;47m@[0;33;5;43;103mSSSSSS[0;1;33;93;43mS[0;1;30;90;43m [0m                                
                                   [0;36;5;40;100m [0;1;30;90;47m;[0;37;5;47;107m88[0;36;5;40;100mt[0;33;5;43;103mSSX[0;1;30;90;43m  [0m                                   
                                      [0;30;5;40;100mS[0;36;5;40;100m [0;1;30;90;43m [0;30;41m8[0m                                      
