[0;30;5;40;100m@[0;36;5;40;100m                   [0;37;5;40;100m%%%%%%%%%%%%%%%%%%%[0;36;5;40;100m                         :[0;1;30;90;40m%[0;1;30;90;47m::::::t[0;34;40m       [0m
[0;36;5;40;100m;[0;1;30;90;47mXSSSSSSSSSSS%%%%%%%%%%%%%%%%%%%%%%%%%%%%%%%%%SSSSSSSSSSSXXXXX8[0;36;5;40;100mt[0;34;40m.[0;1;30;90;40m%[0;37;5;47;107mSXXXX@8[0;34;40m       [0m
[0;36;5;40;100m;[0;1;30;90;47mSSSSSSSSS%%%%%%%%%%%%%ttttttttttttt%%%%%%%%%%%%SSSSSSSSSSXXX[0;36;5;40;100m [0;34;40m;..[0;1;30;90;40m%[0;37;5;47;107mSSXXXX8[0;34;40m       [0m
[0;36;5;40;100m;[0;1;30;90;47mSSSSSSS%%%%%%%%%%tttttttttttttttttttttt%%%%%%%%%%SSSSSSSSS[0;37;5;40;100m@[0;1;30;90;40m8[0;34;40m....[0;1;30;90;40mS[0;37;5;47;107mSSSXXX8[0;34;40m       [0m
[0;36;5;40;100m:[0;1;30;90;47mSSSSSS%%%%%%%%ttttttttttt;;;;;;ttttttttttt%%%%%%%%%SSSSS8[0;36;5;40;100m [0;1;37;97;47m%%%ttt.[0;30;5;40;100m@88888@[0;1;37;97;47m;:::::[0;36;5;40;100m [0m
[0;36;5;40;100m:[0;1;30;90;47mSSSS%%%%%%%%tttttttt;;;;;;;;;;;;;;;;;tttttttt%%%%%%%%SS[0;36;5;40;100m [0;34;40m;[0;30;5;40;100m8[0;37;5;47;107m%%%%%%8[0;34;40m......:[0;37;5;47;107mXX@@@@[0;37;5;40;100m8[0m
[0;36;5;40;100m:[0;1;30;90;47mSSS%%%%%%%tttttt;;;;;;;;;:::::::;;;;;;;;ttttttt%%%%%%[0;37;5;40;100mX[0;1;30;90;40m8[0;34;40m::[0;30;5;40;100m@[0;37;5;47;107m%%%%%%8[0;34;40m......:[0;37;5;47;107mXXX@@@[0;37;5;40;100m8[0m
[0;36;5;40;100m:[0;1;30;90;47mSS%%%%%%%ttttt;;;;;;:::::::::::::::::;;;;;;ttttt%%%8[0;30;5;40;100mS[0;34;40m::::[0;30;5;40;100m@[0;37;5;47;107mt%%%%%8[0;34;40m......:[0;37;5;47;107mXXX@@@[0;37;5;40;100m8[0m
[0;36;5;40;100m:[0;1;30;90;47mS%%%%%%ttttt;;;;;::::::...........::::::;;;;ttttt%[0;37;5;40;100m8[0;1;30;90;47m:tttttX[0;36;5;40;100m       [0;1;30;90;47m%%SSSSX[0;36;5;40;100m      [0;30;5;40;100mX[0m
[0;36;5;40;100m:[0;1;30;90;47m%%%%%%ttttt;;;;:::::......    .......::::;;;;;tt[0;37;5;40;100mX[0;1;30;90;40m8[0;36;5;40;100mt[0;37;5;47;107mtttttt[0;1;37;97;47mX[0;34;40m::....[0;1;30;90;40mS[0;37;5;47;107m%%SSSS@[0;34;40m... [0;1;30;90;40m%[0;36;5;40;100m ;[0m
[0;36;5;40;100m:[0;1;30;90;47m%%%%%ttttt;;;;:::.....  [0;1;37;97;47m         [0;1;30;90;47m  ....::::;;;@[0;36;5;40;100m%[0;1;30;90;40mS%[0;36;5;40;100mt[0;37;5;47;107mtttttt[0;1;37;97;47mX[0;34;40m:::...[0;1;30;90;40mS[0;37;5;47;107m%%SSSS@[0;34;40m..:[0;36;5;40;100m:[0;1;30;90;47m88[0;36;5;40;100m:[0m
[0;36;5;40;100m:[0;1;30;90;47m%%%%%tttt;;;::::...  [0;1;37;97;47m  ..........   [0;1;30;90;47m ....:::t[0;36;5;40;100m [0;1;30;90;40m@XSS[0;36;5;40;100m;[0;37;5;47;107mtttttt[0;1;37;97;47mX[0;34;40m::::..[0;1;30;90;40mS[0;37;5;47;107m%%%SSS@[0;34;40m.[0;30;5;40;100m@[0;37;5;40;100m8[0;1;30;90;47m@@8[0;36;5;40;100m:[0m
[0;36;5;40;100m:[0;1;30;90;47m%%%%tttt;;;;:::... [0;1;37;97;47m  ...............  [0;1;30;90;47m ...:%X[0;37;5;40;100m888888[0;1;30;90;47mSXXXX@8[0;37;5;40;100mXXSSSSS[0;1;30;90;47m888888%[0;37;5;40;100m%[0;1;30;90;47m@@@@@[0;36;5;40;100m:[0m
[0;36;5;40;100m:[0;1;30;90;47m%%%ttttt;;;:::... [0;1;37;97;47m ......:::::::.....  [0;1;30;90;47m .S[0;36;5;40;100m; [0;37;5;47;107m::;;;;[0;1;37;97;47mS[0;1;30;90;40mS[0;34;40m;;;;:[0;30;5;40;100m@[0;37;5;47;107mttttt%8[0;34;40m....;[0;36;5;40;100m [0;1;30;90;47m@@@@@@@[0;36;5;40;100m:[0m
[0;36;5;40;100m:[0;1;30;90;47m%%%tttt;;;:::... [0;1;37;97;47m .....:::::::::::.... [0;1;30;90;47m.[0;36;5;40;100m [0;30;5;40;100m8[0;1;30;90;40m8[0;37;5;40;100m%[0;37;5;47;107m:::;;;[0;1;37;97;47mS[0;1;30;90;40mS%[0;34;40m;;;;[0;30;5;40;100mX[0;37;5;47;107mttttt%8[0;34;40m...[0;30;5;40;100m%[0;1;30;90;47m8XX@@@@@@[0;36;5;40;100m:[0m
[0;36;5;40;100m:[0;1;30;90;47m%%%tttt;;;:::.. [0;1;37;97;47m  ....:::::::::::::...[0;37;5;40;100m8[0;30;5;40;100mS88[0;1;30;90;40m8[0;37;5;40;100mS[0;37;5;47;107m:::;;;[0;1;37;97;47mS[0;1;30;90;40mS%[0;34;40m;;;;[0;30;5;40;100mX[0;37;5;47;107mttttt%8[0;34;40m.[0;1;30;90;40m8[0;37;5;40;100m@[0;1;30;90;47mXXXXX@@@@@[0;36;5;40;100m:[0m
[0;36;5;40;100m:[0;1;30;90;47m%%%tttt;;;::... [0;1;37;97;47m ....:::::;;;;;::::: [0;1;30;90;47m@[0;37;5;40;100mSS[0;36;5;40;100m   [0;1;30;90;47m8[0;1;37;97;47mttt;;;[0;1;30;90;47m:[0;36;5;40;100m     . [0;1;37;97;47m..... .[0;36;5;40;100m [0;1;30;90;47mXXXXXXX@@@@@[0;36;5;40;100m:[0m
[0;36;5;40;100m:[0;1;30;90;47m%%tttt;;;;::... [0;1;37;97;47m ....::::;;;;;;:::[0;1;30;90;47m [0;37;5;40;100m%[0;1;30;90;47m8[0;37;5;47;107m   ...[0;1;37;97;47m:[0;1;30;90;40m88@@XX[0;36;5;40;100m;[0;37;5;47;107m;;tttt[0;1;37;97;47mX[0;34;40m:::::[0;36;5;40;100m;[0;1;30;90;47m@SSXXXXXX@@@@@[0;36;5;40;100m:[0m
[0;36;5;40;100m:[0;1;30;90;47m%%%tttt;;;::... [0;1;37;97;47m  ...:::::;;;;;::[0;1;30;90;47m8[0;36;5;40;100mt[0;30;5;40;100mS[0;1;30;90;47m8[0;37;5;47;107m   ...[0;1;37;97;47m:[0;1;30;90;40m88@@XX[0;36;5;40;100m;[0;37;5;47;107m;;tttt[0;1;37;97;47mX[0;34;40m:::[0;30;5;40;100m8[0;37;5;40;100m8[0;1;30;90;47mSSSSXXXXXX@@@@@[0;36;5;40;100m:[0m
[0;36;5;40;100m:[0;1;30;90;47m%%%tttt;;;:::...[0;1;37;97;47m  ....:::::::::[0;1;30;90;47m%[0;36;5;40;100m [0;30;5;40;100mSSX[0;1;30;90;47m8[0;37;5;47;107m  ....[0;1;37;97;47m:[0;1;30;90;40m88@@XX[0;36;5;40;100m;[0;37;5;47;107m;;tttt[0;1;37;97;47mX[0;34;40m:[0;1;30;90;40mX[0;36;5;40;100m [0;1;30;90;47mSSSSSXXXXXX@@@@@@[0;36;5;40;100m:[0m
[0;36;5;40;100m:[0;1;30;90;47m%%%tttt;;;:::... [0;1;37;97;47m  ....::::::.[0;37;5;40;100m8[0;36;5;40;100m..:::[0;1;30;90;47m8[0;37;5;47;107m%%%SSS[0;1;37;97;47m.[0;30;5;40;100mX@@888[0;36;5;40;100m [0;37;5;47;107m@@8888[0;1;37;97;47mt[0;36;5;40;100m [0;1;30;90;47mSSSSSSSXXXXXX@@@@@@[0;36;5;40;100m:[0m
[0;36;5;40;100m;[0;1;30;90;47m%%%ttttt;;;:::... [0;1;37;97;47m  ........[0;37;5;40;100m8[0;1;30;90;47m%[0;37;5;47;107m      [0;1;37;97;47m:[0;30;5;40;100m8888[0;1;30;90;40m88[0;36;5;40;100m [0;37;5;47;107m::;;;;[0;1;37;97;47mS[0;1;30;90;40m%[0;34;40m;;;;[0;30;5;40;100mX[0;1;30;90;47m8%SSSSSSSXXXXXX@@@@@@[0;36;5;40;100mt[0m
[0;30;5;40;100mX[0;1;30;90;47m%%%%tttt;;;;:::...  [0;1;37;97;47m  ....[0;1;30;90;47m@[0;36;5;40;100m;[0;30;5;40;100mX[0;1;30;90;47mX[0;37;5;47;107m      [0;1;37;97;47m:[0;30;5;40;100m88[0;1;30;90;40m8888[0;36;5;40;100m [0;37;5;47;107m:;;;;;[0;1;37;97;47mS[0;34;40m;;;[0;1;30;90;40m8[0;37;5;40;100mX[0;1;30;90;47m%%%SSSSSSSXXXXXX@@@@@@[0;30;5;40;100mX[0m
[0;1;30;90;40m@[0;1;30;90;47m%%%%%tttt;;;;:::....  [0;1;37;97;47m  [0;1;30;90;47m;[0;36;5;40;100m [0;30;5;40;100m@@@[0;1;30;90;47m@[0;37;5;47;107m   ...[0;1;37;97;47m.[0;30;5;40;100m8[0;1;30;90;40m88888[0;36;5;40;100m [0;37;5;47;107m;;;;;;[0;1;37;97;47mS[0;34;40m;[0;1;30;90;40mS[0;36;5;40;100m [0;1;30;90;47m%%%%SSSSSSSXXXXXX@@@@@@8[0;1;30;90;40m8[0m
 [0;1;30;90;47mS%%%%%tttt;;;;::::....:[0;36;5;40;100m [0;30;5;40;100m88888[0;1;30;90;47m@[0;37;5;47;107m......[0;1;37;97;47m.[0;1;30;90;40m8888@@[0;36;5;40;100m [0;37;5;47;107m;;;;;;[0;1;37;97;47mS[0;36;5;40;100mt[0;1;30;90;47m@%%%%SSSSSSSSXXXXXX@@@@@@8[0m 
 [0;37;5;40;100mX[0;1;30;90;47m%%%%%%tttt;;;;;:::::[0;37;5;40;100m8[0;1;30;90;47mt[0;37;5;47;107m%%%%%%[0;1;30;90;47m;[0;30;5;40;100mXXXX@@[0;37;5;40;100m@[0;37;5;47;107mSSSSSS[0;1;30;90;47m.[0;1;30;90;40m88888[0;30;5;40;100mS[0;1;30;90;47m8%%%%%%SSSSSSSXXXXXX@@@@@@@[0;37;5;40;100mX[0m 
 [0;36;5;40;100mt[0;1;30;90;47m%%%%%%%ttttt;;;;;:X[0;36;5;40;100mt[0;1;30;90;40m8[0;1;30;90;47mS[0;37;5;47;107m::::::[0;1;30;90;47m;[0;1;30;90;40m888888[0;37;5;40;100mX[0;37;5;47;107m::;;;;[0;1;37;97;47m [0;1;30;90;40mSSS@[0;36;5;40;100m [0;1;30;90;47m%%%%%%%SSSSSSSXXXXXXX@@@@@@8[0;36;5;40;100m;[0m 
  [0;1;30;90;47mS%%%%%%%tttttt;;%[0;36;5;40;100m [0;1;30;90;40m@@@[0;1;30;90;47mX[0;37;5;47;107m::::::[0;1;30;90;47mt[0;1;30;90;40m888@@@[0;37;5;40;100mS[0;37;5;47;107m;;;;;;[0;1;37;97;47m [0;1;30;90;40mSS[0;36;5;40;100m:[0;1;30;90;47mX%%%%%%%SSSSSSSSXXXXXX@@@@@@88[0;1;30;90;40mS[0m 
  [0;36;5;40;100m [0;1;30;90;47mS%%%%%%%%ttttt[0;37;5;40;100mS[0;1;30;90;40m8XXXX[0;1;30;90;47m@[0;37;5;47;107m;;;;;;[0;1;30;90;47mt[0;1;30;90;40m@@@@XX[0;37;5;40;100m%[0;37;5;47;107m;;;;;;[0;1;30;90;47m [0;30;5;40;100m8[0;37;5;40;100m8[0;1;30;90;47m%%%%%%%%SSSSSSSSXXXXXX@@@@@@@8[0;36;5;40;100m [0m  
  [0;1;30;90;40mS[0;1;30;90;47mSS%%%%%%%%%t[0;37;5;40;100m8[0;1;30;90;47mX[0;1;37;97;47m;;;;;t[0;1;30;90;47m8[0;36;5;40;100m      [0;1;30;90;47m8[0;1;37;97;47mtttttt[0;1;30;90;47mS[0;36;5;40;100m    . [0;1;30;90;47mX%%%%%%%%SSSSSSSSSXXXXXXX@@@@@@88[0;1;30;90;40m@[0m  
   [0;36;5;40;100m [0;1;30;90;47mSSS%%%%%%@[0;36;5;40;100mt[0;34;40m;[0;1;30;90;47m@[0;37;5;47;107mtt;;;;[0;1;30;90;47m8[0;1;30;90;40mSSSSSS[0;37;5;40;100m@[0;37;5;47;107m;;;;;;[0;1;30;90;47m:[0;1;30;90;40m%%[0;34;40m;[0;1;30;90;40mS[0;36;5;40;100m.[0;1;30;90;47mS%%%%%%%%SSSSSSSSSXXXXXXX@@@@@@88[0;36;5;40;100m [0m   
    [0;1;30;90;47m8SSSS%%S[0;36;5;40;100m [0;1;30;90;40mS[0;34;40m;;[0;1;30;90;47m@[0;37;5;47;107mtttttt[0;1;30;90;47m8[0;1;30;90;40m%%%SSS[0;37;5;40;100m@[0;37;5;47;107m;;;;tt[0;1;30;90;47m:[0;34;40m;;[0;30;5;40;100m@[0;1;30;90;47m8%%%%%%%%SSSSSSSSSXXXXXXXX@@@@@@88[0;37;5;40;100m8[0m    
    [0;1;30;90;40m8[0;1;30;90;47mSSSSS[0;37;5;40;100mX[0;1;30;90;40m8[0;34;40m::::[0;1;30;90;47m@[0;37;5;47;107mtttttt[0;37;5;40;100m8[0;34;40m;;;;;;[0;37;5;40;100mX[0;37;5;47;107mtttttt[0;1;30;90;47m;[0;1;30;90;40m@[0;37;5;40;100m%[0;1;30;90;47m%%%%%%%%SSSSSSSSSSXXXXXXXX@@@@@@@88[0;1;30;90;40m8[0m    
     [0;30;5;40;100mS[0;1;30;90;47mSS8XXXXXXX[0;37;5;40;100m8SSSSSS[0;1;30;90;47m8SSSSSS8[0;37;5;40;100mXXSSSX[0;1;30;90;47mXS%%%%%%SSSSSSSSSSSXXXXXXXX@@@@@@@888[0;30;5;40;100m%[0m     
      [0;36;5;40;100m. [0;34;40m:[0;1;30;90;47m;[0;37;5;47;107mtttttt[0;37;5;40;100mX[0;34;40m::::::[0;1;30;90;47m8[0;37;5;47;107mtttttt[0;1;30;90;47mX[0;34;40m::::[0;30;5;40;100m@[0;1;30;90;47m8%%%%%SSSSSSSSSSSSXXXXXXXXX@@@@@@@888[0;36;5;40;100m [0m      
       [0;34;40m..[0;1;30;90;47m;[0;37;5;47;107m%%tttt[0;37;5;40;100mX[0;34;40m::::::[0;37;5;40;100m8[0;37;5;47;107mtttttt[0;1;30;90;47mX[0;34;40m::[0;1;30;90;40m@[0;37;5;40;100mS[0;1;30;90;47m%SSSSSSSSSSSSSSSSXXXXXXXXXX@@@@@@@888[0;36;5;40;100m [0m       
        [0;34;40m.[0;1;30;90;47m;[0;37;5;47;107m%%%%%%[0;37;5;40;100mX[0;34;40m::::::[0;37;5;40;100m8[0;37;5;47;107mtttttt[0;1;30;90;47mX[0;34;40m;[0;36;5;40;100m [0;1;30;90;47mXSSSSSSSSSSSSSSSSXXXXXXXXXX@@@@@@@@888[0;36;5;40;100m [0m        
         [0;36;5;40;100m [0;1;30;90;47mSSSSSS[0;37;5;40;100m8[0;36;5;40;100m      [0;37;5;40;100m8[0;1;30;90;47m%%%%%%@8SSSSSSSSSSSSSSSXXXXXXXXXXX@@@@@@@@8888[0;36;5;40;100mt[0m         
          [0;34;40m .....[0;1;30;90;47m8[0;37;5;47;107m%%%%%%[0;37;5;40;100m8[0;34;40m....[0;1;30;90;40m8[0;37;5;40;100mX[0;1;30;90;47mSSSSSSSSSSSSSXXXXXXXXXXXXX@@@@@@@@@888[0;37;5;40;100m8[0;30;5;40;100m8[0m          
            [0;34;40m....[0;1;30;90;47m8[0;37;5;47;107m%%%%%%[0;37;5;40;100m@[0;34;40m..;[0;36;5;40;100m [0;1;30;90;47mXSSSSSSSSSXXXXXXXXXXXXXXX@@@@@@@@@@8888[0;37;5;40;100mS[0m            
             [0;34;40m...[0;1;30;90;47m8[0;37;5;47;107mS%%%%%[0;37;5;40;100m@[0;34;40m.[0;30;5;40;100mS[0;1;30;90;47m8XXXXXXXXXXXXXXXXXXXXXXX@@@@@@@@@@@88888[0;36;5;40;100m:[0m             
              [0;34;40m ;[0;37;5;40;100m8[0;1;37;97;47m;;;;;;[0;37;5;40;100m8@[0;1;30;90;47mXXXXXXXXXXXXXXXXXXXXXX@@@@@@@@@@@@88888[0;37;5;40;100m%[0;1;30;90;40mX[0m              
                [0;1;30;90;40mS[0;34;40m....;[0;36;5;40;100m [0;1;30;90;47mXXXXXXXXXXXXXXXXXXX@@@@@@@@@@@@@@888888[0;37;5;40;100m8[0;30;5;40;100mX[0m                
                  [0;34;40m .[0;36;5;40;100mt[0;1;30;90;47m8@@@XXXXXXXXX@@@@@@@@@@@@@@@@@@@88888888[0;36;5;40;100m:[0m                  
                    [0;36;5;40;100m.[0;1;30;90;47m8@@@@@@@@@@@@@@@@@@@@@@@@@@@@888888888[0;36;5;40;100m.[0m                    
                      [0;36;5;40;100m;[0;1;30;90;47m8@@@@@@@@@@@@@@@@@@@@@@8888888888[0;37;5;40;100m8[0;36;5;40;100m:[0m                      
                        [0;30;5;40;100mS[0;37;5;40;100m@[0;1;30;90;47m@@@@@@@@@@@@@888888888888888[0;37;5;40;100m@[0;30;5;40;100mS[0m                        
                          [0;1;30;90;40m8[0;36;5;40;100m [0;1;30;90;47m888888888888888888888888[0;36;5;40;100m [0;1;30;90;40m8[0m                          
                             [0;30;5;40;100mX[0;36;5;40;100m [0;1;30;90;47m888888888888888888[0;36;5;40;100m [0;30;5;40;100mS[0m                             
                                [0;30;5;40;100m%[0;37;5;40;100mS[0;1;30;90;47m888888888888[0;37;5;40;100mX[0;36;5;40;100mt[0m                                
                                   [0;30;5;40;100mX[0;36;5;40;100m [0;1;30;90;47m888888[0;36;5;40;100m [0;30;5;40;100mS[0m                                   
                                      [0;1;30;90;40m8[0;36;5;40;100m;;[0;1;30;90;40m8[0m                                      
