[0;1;30;90;40m8[0;36;5;40;100m;;;;;;;;;;;;;;;;;;;;;;;;::::::::;;;;;;;;;;;;;;;;;;;;;;;;;;;ttttttttttt%%%[0;32;5;40;100m%%%%%[0;1;30;90;40m8[0m
[0;32;5;40;100m8[0;36;5;40;100m       [0;37;5;40;100mtttt%%%%%%%%%%%%%SSSSSSSS%%%%%%%%%%%%%ttttt[0;36;5;40;100m                            [0;30;5;40;100m8[0m
[0;32;5;40;100m8[0;36;5;40;100m     [0;37;5;40;100mtttt%%%%%%%%%SSSSSSSSSSSSSSSSSSSSS%%%%%%%%%tttt[0;36;5;40;100m                          [0;30;5;40;100m8[0m
[0;32;5;40;100m8[0;36;5;40;100m   [0;37;5;40;100mtttt%%%%%%%%SSSSSSSSSSXXXXXXXSSSSSSSSSS%%%%%%%%ttt[0;36;5;40;100m                         [0;30;5;40;100m8[0m
[0;32;5;40;100m8[0;36;5;40;100m  [0;37;5;40;100mttt%%%%%%%SSSSSSSXXXXXXXXXXXXXXXXXXXSSSSSSS%%%%%%%ttt[0;36;5;40;100m                       [0;30;5;40;100m8[0m
[0;32;5;40;100m@[0;36;5;40;100m [0;37;5;40;100mttt%%%%%%SSSSSSXXXXXXXX@@@@@@@@@XXXXXXXXSSSSSS%%%%%%ttt[0;36;5;40;100m                      [0;30;5;40;100m8[0m
[0;32;5;40;100m@[0;37;5;40;100mtt%%%%%%SSSSSXXXXXX@@@@@@@@@@@@@@@@@@@XXXXXSSSSS%%%%%%ttt[0;36;5;40;100m                     [0;32;5;40;100m8[0m
[0;32;5;40;100m@[0;37;5;40;100mt%%%%%%SSSSX8888[0;1;30;90;47m8888888888888888888888888[0;37;5;40;100m88888888888[0;33;5;40;100m              [0;36;5;40;100m            [0;32;5;40;100m8[0m
[0;32;5;40;100m@[0;37;5;40;100m%%%%%%SSSSXX[0;33;5;43;103m8::::::::::::::::::::::::::::::;;;;;;;;;;;;;;;;;ttttt[0;1;33;93;43m8[0;36;5;40;100m            [0;32;5;40;100m8[0m
[0;32;5;40;100m@[0;37;5;40;100m%%%%%SSSSXXX[0;33;5;43;103m8:::::;[0;1;33;93;43m@[0;1;30;90;43m88[0;33;5;40;100m88[0;1;30;90;43m88[0;1;33;93;43m@[0;37;5;43;103mS%%%%%%[0;33;5;43;103m.:::[0;37;5;43;103mS[0;33;5;43;103m%:::::;;;;;t[0;1;33;93;43mS[0;1;30;90;43m%SS%%t[0;1;33;93;43m%[0;33;5;43;103m%;tttt[0;1;33;93;43m8[0;36;5;40;100m            [0;32;5;40;100m8[0m
[0;32;5;40;100m@[0;37;5;40;100m%%%%SSSSXXX@[0;33;5;43;103m8:::%[0;1;30;90;43m8[0;30;5;40;100mX8X@@@@SX[0;33;5;40;100m%[0;1;30;90;43m8[0;37;5;43;103mXSSSSS%%%[0;33;5;40;100m%%[0;33;5;43;103m;:::::;;@[0;1;30;90;43m@[0;1;30;90;40m8XXS%[0;34;40m;;[0;1;30;90;40mS[0;34;40m;[0;1;30;90;40mX[0;1;30;90;43mS[0;33;5;43;103m@ttt[0;1;33;93;43m8[0;36;5;40;100m            [0;32;5;40;100m8[0m
[0;32;5;40;100m@[0;37;5;40;100m%%%SSSSXXX@@[0;37;5;43;103m@[0;33;5;43;103m::X[0;31;5;40;100mS[0;1;30;90;40m8[0;30;5;40;100m888@[0;33;5;40;100mXS[0;31;5;40;100mS[0;30;5;40;100mS@@@S[0;37;43m@[0;37;5;43;103mSSSSSS[0;33;47m8[0;30;5;40;100m8[0;1;30;90;40m8[0;37;43m8[0;33;5;43;103m::::::[0;1;30;90;43m@[0;1;30;90;40m8S%[0;34;40m;[0;1;30;90;40mXX88[0;31;40m;[0;34;40m;:::[0;31;40m%[0;1;33;93;43m@[0;33;5;43;103mtt[0;1;33;93;43m8[0;36;5;40;100m            [0;32;5;40;100m8[0m
[0;32;5;40;100m@[0;37;5;40;100m%%%SSSXXXX@@[0;37;5;43;103m@[0;33;5;43;103m::[0;33;5;40;100m@[0;30;5;40;100m8@8[0;33;5;40;100mX[0;37;43mX[0;37;5;43;103mXSXX@[0;1;30;90;43m8[0;30;5;40;100mS%SS[0;37;5;43;103m@XXSSS[0;1;30;90;43m8[0;30;5;40;100m@8[0;33;5;40;100mt[0;33;5;43;103m:::::@[0;1;30;90;40m8@@S[0;1;30;90;43m@[0;1;33;93;43m8[0;33;5;43;103m;;;%[0;1;30;90;43m%[0;1;30;90;40m8[0;34;40m:;:[0;1;30;90;40m8[0;33;5;43;103mtt[0;1;33;93;43m8[0;36;5;40;100m            [0;32;5;40;100m8[0m
[0;32;5;40;100m@[0;37;5;40;100m%%SSSXXXX@@[0;1;30;90;47m8[0;37;5;43;103m8[0;33;5;43;103m:X[0;30;5;40;100m888[0;33;5;40;100mS[0;37;5;43;103mSSXXXXXX[0;37;43m8[0;30;5;40;100mSSS[0;33;5;40;100mt[0;37;5;43;103mXXXXS[0;1;30;90;43m8[0;30;5;40;100mS8[0;33;5;40;100mt[0;33;5;43;103m.::::[0;1;30;90;43m8[0;1;30;90;40mXXS[0;1;30;90;43m@[0;33;5;43;103m;;;;;;;%[0;30;5;40;100mX[0;34;40m:::[0;1;33;93;43mX[0;33;5;43;103mt[0;1;33;93;43m8[0;36;5;40;100m            [0;32;5;40;100m8[0m
[0;32;5;40;100m@[0;37;5;40;100m%%SSSXXX@@@[0;1;30;90;47m8[0;37;5;43;103m8[0;33;5;43;103m:@[0;30;5;40;100m8X8[0;1;30;90;43m8[0;37;5;43;103mSXXXXXXX@[0;33;5;40;100m:[0;36;5;40;100mtt[0;33;5;40;100mt[0;37;5;43;103mXXXXX[0;1;30;90;43m8[0;36;5;40;100m%[0;30;5;40;100m@[0;33;5;40;100m;[0;37;5;43;103m%[0;33;5;43;103m::::[0;33;5;40;100m8[0;1;30;90;40m@@8[0;33;5;43;103m%;;;;;;;;[0;1;30;90;43mS[0;34;40m:;:[0;1;33;93;43mS[0;33;5;43;103mt[0;1;33;93;43m8[0;36;5;40;100m            [0;32;5;40;100m8[0m
[0;32;5;40;100m@[0;37;5;40;100m%SSSSXXX@@[0;1;30;90;47m88[0;37;5;43;103m8[0;33;5;43;103m:;[0;30;5;40;100mX88[0;1;30;90;43m8[0;37;5;43;103mXXXXXXXX8[0;33;5;40;100m:[0;36;5;40;100m;t[0;33;5;40;100m;[0;37;5;43;103mXXXXX[0;33;5;40;100m.[0;36;5;40;100mt[0;30;5;40;100mX[0;33;5;40;100m;[0;37;5;43;103m%[0;33;5;43;103m.:::[0;1;30;90;43m8[0;1;30;90;40m@@@[0;33;5;43;103mX;;;;;;;;[0;1;30;90;43mS[0;34;40m::[0;31;40m;[0;33;5;43;103mXt[0;1;33;93;43m8[0;36;5;40;100m            [0;32;5;40;100m8[0m
[0;32;5;40;100m@[0;37;5;40;100m%SSSSXXX@@[0;1;30;90;47m88[0;37;5;43;103m8[0;33;5;43;103m:[0;37;5;43;103m%[0;1;30;90;43m8[0;30;5;40;100m8@[0;33;5;40;100m%[0;37;5;43;103mXXXXXXXX[0;33;47m8[0;36;5;40;100m:;;[0;1;33;93;47m8[0;37;5;43;103mXXXXX[0;33;5;40;100m.[0;36;5;40;100mt[0;30;5;40;100mS[0;33;5;40;100m;[0;37;5;43;103mS%[0;33;5;43;103m:::[0;1;33;93;43m8[0;1;30;90;40m@XX[0;1;30;90;43m8[0;33;5;43;103m;;;;;;;%[0;1;30;90;40m@[0;34;40m::[0;33;5;40;100m8[0;33;5;43;103mtt[0;1;33;93;43m8[0;36;5;40;100m            [0;32;5;40;100m8[0m
[0;32;5;40;100m@[0;37;5;40;100m%SSSSXXX@@[0;1;30;90;47m88[0;37;5;43;103m8[0;33;5;43;103m:[0;37;5;43;103m%[0;33;5;43;103m%[0;30;5;40;100mXS@[0;1;30;90;43m8[0;37;5;43;103mXXXXXX8[0;33;5;40;100m:[0;36;5;40;100m..[0;33;5;40;100m.[0;37;5;43;103mXXXXXX[0;33;5;40;100m.[0;36;5;40;100mt%[0;33;5;40;100m;[0;37;5;43;103mS%[0;33;5;43;103m::::[0;33;5;40;100m8[0;1;30;90;40m@88[0;33;5;43;103mX;;;;;;[0;1;30;90;43mS[0;34;40m:[0;1;30;90;40m%[0;31;40m;[0;1;33;93;43m@[0;33;5;43;103mtt[0;1;33;93;43m8[0;36;5;40;100m            [0;32;5;40;100m8[0m
[0;32;5;40;100m@[0;37;5;40;100m%SSSSXXX@@[0;1;30;90;47m88[0;37;5;43;103m8[0;33;5;43;103m:[0;37;5;43;103m%S[0;1;30;90;43m8[0;30;5;40;100m8@S[0;37;5;43;103m@XXXXX[0;33;5;40;100m:[0;36;5;40;100m;;[0;33;5;40;100m:[0;37;5;43;103m8XXXXXX[0;33;5;40;100m.[0;36;5;40;100mtt[0;33;5;40;100m;[0;37;5;43;103mS%[0;33;5;43;103m::::S[0;30;5;40;100m8[0;1;30;90;40mXS[0;33;5;40;100m8[0;33;5;43;103m;;;;;8[0;31;40mt[0;34;40m::[0;1;30;90;43mS[0;33;5;43;103m;tt[0;1;33;93;43m8[0;36;5;40;100m            [0;32;5;40;100m8[0m
[0;32;5;40;100m@[0;37;5;40;100m%SSSSXXX@@[0;1;30;90;47m88[0;37;5;43;103m8[0;33;5;43;103m:[0;37;5;43;103m%%[0;33;5;43;103mS[0;33;5;40;100m%[0;30;5;40;100mS%[0;33;5;40;100mt[0;37;5;43;103mXXXX[0;1;33;93;47m@[0;36;5;40;100m:::[0;33;5;40;100m:[0;37;5;43;103m@XXXXXX[0;33;5;40;100m.[0;36;5;40;100mt%[0;33;5;40;100m;[0;37;5;43;103m%[0;33;5;43;103m.:::::[0;1;30;90;43m8[0;1;30;90;40m888[0;1;30;90;43m@[0;33;5;43;103m;;;;[0;1;30;90;43m@[0;1;30;90;40mS[0;34;40m;[0;1;30;90;40mX[0;1;33;93;43m@[0;33;5;43;103m;tt[0;1;33;93;43m8[0;36;5;40;100m            [0;32;5;40;100m8[0m
[0;32;5;40;100m@[0;37;5;40;100m%%SSSXXXX@@[0;1;30;90;47m8[0;37;5;43;103m8[0;33;5;43;103m::[0;37;5;43;103m%[0;33;5;43;103mS[0;33;5;40;100mXX[0;37;43m@[0;37;5;43;103mXXXXX@[0;33;47m8[0;1;30;90;43m8[0;33;5;40;100mt[0;1;30;90;43m8[0;37;5;43;103mXXXXXXX[0;33;5;40;100m:[0;30;5;40;100m%S[0;33;5;40;100m;[0;37;5;43;103m%[0;33;5;43;103m::::::[0;1;30;90;43m8[0;33;5;40;100m8[0;1;30;90;43m@X[0;33;5;43;103mt;;;;S[0;1;30;90;43m%%[0;33;5;40;100m8[0;1;33;93;43m@[0;33;5;43;103m;tt[0;1;33;93;43m8[0;36;5;40;100m            [0;32;5;40;100m8[0m
[0;30;5;40;100m8[0;37;5;40;100m%%SSSSXXX@@[0;1;30;90;47m8[0;1;33;93;47mX[0;33;5;43;103m::.[0;37;5;43;103m%SSSSSXXX@@@@XXXXXXSS[0;33;5;40;100m:[0;30;5;40;100mSS[0;33;5;40;100m;[0;33;5;43;103m:::::::;tSXS;;;;;;;;;;tt[0;1;33;93;43m8[0;36;5;40;100m            [0;30;5;40;100m8[0m
[0;30;5;40;100m8[0;37;5;40;100m%%%SSSXXXX@@[0;33;47m8[0;33;5;43;103m:::.[0;37;5;43;103m%SSSX[0;1;30;90;43m8[0;33;5;40;100m%t[0;30;5;40;100mXXXS[0;33;5;40;100mt%[0;37;43m@[0;37;5;43;103mXSSSS[0;33;5;40;100m;[0;30;5;40;100mSX[0;33;5;40;100m;[0;33;5;43;103m::::;[0;1;30;90;43m8[0;33;5;40;100m8[0;30;5;40;100mX[0;1;30;90;40m@S%S8[0;33;5;40;100m8[0;1;30;90;43mS[0;1;33;93;43m8[0;33;5;43;103m;;;;;ttt[0;37;43mS[0;36;5;40;100m            [0;1;30;90;40m8[0m
[0;32;40m%[0;37;5;40;100m%%%SSSSXXXX@[0;33;47m8[0;33;5;43;103m:::::[0;37;5;43;103m%S[0;1;30;90;43m8[0;30;5;40;100mXX8SXXXX[0;36;5;40;100m%[0;30;5;40;100m@X[0;33;5;40;100mX[0;37;43mX[0;37;5;43;103mSSS[0;33;5;40;100m;[0;30;5;40;100mXX[0;33;5;40;100mt[0;33;5;43;103m:::[0;1;30;90;43m8[0;30;5;40;100m@[0;1;30;90;40m8@8XXXSX[0;34;40m;[0;1;30;90;40mS%[0;1;30;90;43mS[0;33;5;43;103m%;;;ttt[0;1;30;90;43m8[0;36;5;40;100m            [0;1;30;90;40mX[0m
 [0;36;5;40;100m [0;37;5;40;100m%%%SSSSXXXX8[0;33;5;43;103m;:::::[0;33;5;40;100m@[0;1;30;90;40m8[0;30;5;40;100m888[0;33;5;40;100mX[0;1;30;90;43m8888[0;33;5;40;100mX[0;30;5;40;100m8888[0;1;30;90;43m8[0;37;5;43;103m%[0;33;5;43;103m.[0;33;5;40;100m;[0;30;5;40;100m@@[0;33;5;40;100mt[0;33;5;43;103m::[0;1;30;90;43m8[0;1;30;90;40m@@SS[0;33;5;40;100m8[0;1;30;90;43mXSSS[0;30;5;40;100m@[0;34;40m;:::[0;33;5;40;100m8[0;33;5;43;103mt;tttt[0;33;5;40;100m [0;36;5;40;100m            [0m 
 [0;36;5;40;100m:[0;37;5;40;100m%%%%SSSSXXXX[0;33;5;43;103m8::::[0;1;33;93;43mX[0;1;30;90;40m8[0;30;5;40;100m88X[0;1;33;93;43m@[0;37;5;43;103m%%%%%%[0;33;5;43;103m8[0;31;5;40;100mS[0;30;5;40;100m8[0;1;30;90;40m8[0;30;5;40;100m8[0;1;33;93;43m8[0;33;5;43;103m:[0;33;5;40;100mt[0;30;5;40;100m88S[0;33;5;43;103m:@[0;1;30;90;40m@X@8[0;1;33;93;43mS[0;33;5;43;103m;;;;;;[0;1;33;93;43mS[0;1;30;90;40m8[0;34;40m;;:[0;1;30;90;43m%[0;33;5;43;103m;ttt8[0;36;5;40;100m            :[0m 
 [0;30;5;40;100m8[0;37;5;40;100m%%%%%SSSSXXX[0;1;30;90;47mS[0;33;5;43;103m::::[0;1;30;90;43m8[0;1;30;90;40m@88[0;1;30;90;43m8[0;33;5;43;103m::::::::[0;37;43mS[0;1;30;90;40m888[0;1;30;90;43m8[0;33;5;43;103m:[0;33;5;40;100m%[0;30;5;40;100m88X[0;33;5;43;103m;[0;1;30;90;43m8[0;1;30;90;40mXSS[0;1;30;90;43m@[0;33;5;43;103m;;;;;;;;[0;1;30;90;43m%[0;34;40m:::[0;1;30;90;43m%[0;33;5;43;103mtttt[0;1;30;90;43m8[0;36;5;40;100m            [0;32;5;40;100m8[0m 
  [0;36;5;40;100m [0;37;5;40;100m%%%%%SSSSSXX[0;33;5;43;103m@;::[0;1;30;90;43m8[0;1;30;90;40m@8@[0;1;33;93;43m@[0;33;5;43;103m::::::::X[0;1;30;90;40m8[0;30;5;40;100m8[0;1;30;90;40m8[0;1;30;90;43m8[0;33;5;43;103m:[0;30;5;40;100mS888[0;33;5;43;103mt[0;1;30;90;43m8[0;1;30;90;40mS@%[0;1;33;93;43m@[0;33;5;43;103m;;;;;;;;[0;1;33;93;43m@[0;34;40m:;:[0;1;30;90;43m%[0;33;5;43;103mttt8[0;33;5;40;100m [0;36;5;40;100m            [0;32;40m;[0m 
  [0;36;5;40;100mt[0;37;5;40;100mt%%%%%%SSSSS8[0;33;5;43;103mt;;X[0;1;30;90;40m@XX[0;1;30;90;43m8[0;33;5;43;103m::::::::[0;1;30;90;43m8[0;1;30;90;40m@@@[0;1;33;93;43mS[0;33;5;43;103m;[0;30;5;40;100mX[0;1;30;90;40m88[0;30;5;40;100m8[0;33;5;43;103mt[0;1;33;93;43m@[0;1;30;90;40mS[0;34;40m;;[0;1;30;90;43mX[0;33;5;43;103m;;;;;;;;[0;1;30;90;43m%[0;34;40m::[0;32;40m:[0;1;33;93;43m8[0;33;5;43;103mttt[0;33;5;40;100m.[0;36;5;40;100m            t[0m  
  [0;32;40mt[0;36;5;40;100m [0;37;5;40;100mt%%%%%%%SSSS[0;37;43m8[0;33;5;43;103m;;;[0;33;5;40;100m8[0;1;30;90;40mX8[0;30;5;40;100m8[0;33;5;43;103mt::::::;[0;31;5;40;100mS[0;1;30;90;40m8X[0;31;5;40;100mS[0;33;5;43;103m;;[0;30;5;40;100m8[0;1;30;90;40m888[0;33;5;43;103m%;[0;31;5;40;100mS[0;34;40m;[0;1;30;90;40mX8[0;33;5;43;103m%;;;;;;t[0;1;30;90;40m8[0;34;40m;:[0;33;5;40;100m8[0;33;5;43;103mttt[0;1;30;90;43m8[0;36;5;40;100m             [0;32;40m%[0m  
   [0;32;5;40;100mS[0;37;5;40;100mttt%%%%%%%SSS[0;37;43mX[0;33;5;43;103m;;X[0;1;30;90;40m8SS[0;1;30;90;43m8[0;33;5;43;103m;;;;;;[0;1;30;90;43m8[0;1;30;90;40mSSX[0;1;33;93;43m@[0;33;5;43;103m;t[0;30;5;40;100m8[0;1;30;90;40m88@[0;33;5;43;103m%;[0;1;33;93;43mX[0;1;30;90;40mS[0;34;40m;:[0;1;30;90;43mX[0;33;5;43;103m;;;;;;[0;1;30;90;43mS[0;34;40m::[0;31;40m;[0;1;33;93;43m8[0;33;5;43;103mtt[0;1;33;93;43m8[0;33;5;40;100m [0;36;5;40;100m            [0;32;5;40;100mS[0m   
    [0;36;5;40;100m [0;37;5;40;100mttt%%%%%%%%%S[0;33;5;43;103m8;;[0;1;30;90;43mX[0;1;30;90;40mSXX[0;1;33;93;43m8[0;33;5;43;103m;;;;[0;1;33;93;43m8[0;1;30;90;40mXXS[0;1;30;90;43m@[0;33;5;43;103m;;t[0;1;30;90;40m888X[0;33;5;43;103mS;;[0;1;30;90;43mS[0;34;40m;;[0;31;40m;[0;1;33;93;43mX[0;33;5;43;103m;;;;[0;1;33;93;43m@[0;31;40m;[0;34;40m;:[0;1;30;90;43m%[0;33;5;43;103mtt8[0;33;5;40;100m [0;36;5;40;100m             [0m    
    [0;1;30;90;40mX[0;36;5;40;100m  [0;37;5;40;100mtttt%%%%%%%S[0;33;5;43;103m8;[0;1;30;90;43mX[0;1;30;90;40mX%[0;30;5;40;100m8[0;1;30;90;43mX[0;33;5;43;103m;;;;[0;1;30;90;43mX[0;1;30;90;40m8SX[0;1;30;90;43m@[0;33;5;43;103m;;%[0;1;30;90;40m@@@S[0;33;5;43;103mS;;[0;1;30;90;43mX[0;31;40mt[0;34;40m;[0;1;30;90;40m@[0;1;30;90;43m%[0;33;5;43;103m;;;t[0;1;30;90;43mt[0;1;30;90;40m8[0;34;40m:;[0;1;30;90;43m%[0;33;5;43;103mt[0;1;33;93;43m8[0;33;5;40;100m [0;36;5;40;100m             [0;1;30;90;40mX[0m    
     [0;30;5;40;100m8[0;36;5;40;100m   [0;37;5;40;100mtttt%%%%%%%[0;37;43mX[0;33;5;43;103m%[0;1;30;90;43m%[0;1;33;93;43m@[0;33;5;43;103m;;;;;;;t@[0;1;33;93;43mX[0;33;5;43;103mS%%X[0;1;30;90;40m8[0;30;5;40;100m88[0;1;30;90;40m@[0;33;5;43;103m8%%S[0;1;33;93;43mS8[0;33;5;43;103mt;;ttttt[0;1;33;93;43m@[0;1;30;90;43m;[0;33;5;43;103mX[0;37;43mS[0;33;5;40;100m [0;36;5;40;100m             [0;30;5;40;100m8[0m     
      [0;32;5;40;100mX[0;36;5;40;100m    [0;37;5;40;100mtttttt%%%%[0;1;30;90;43m8[0;33;5;43;103mt;;;;;;;;;;;X[0;33;5;40;100m88[0;31;5;40;100mS[0;30;5;40;100mX[0;1;30;90;40m8[0;30;5;40;100m8@[0;31;5;40;100mSSS[0;33;5;43;103mX;;;tttttttt%[0;1;30;90;43m8[0;36;5;40;100m              [0;32;5;40;100mX[0m      
       [0;32;5;40;100mS[0;36;5;40;100m      [0;37;5;40;100mttttttt%[0;33;5;40;100m [0;33;5;43;103m@;;;;;;;;;;;;;;[0;1;30;90;43m8[0;30;5;40;100m8[0;1;30;90;40m8[0;1;30;90;43m8[0;33;5;43;103m;;;;tttttttttt@[0;33;5;40;100m:[0;36;5;40;100m              [0;32;5;40;100mS[0m       
        [0;32;5;40;100mX[0;36;5;40;100m          [0;37;5;40;100mttttt[0;37;43m@[0;33;5;43;103m%;;;;;;;;;;;;[0;33;5;40;100mX[0;1;30;90;40m88[0;33;5;40;100mS[0;33;5;43;103m;ttttttttttt%[0;1;30;90;43m8[0;33;5;40;100m [0;36;5;40;100m              [0;32;5;40;100mX[0m        
         [0;30;5;40;100m8[0;36;5;40;100m               [0;33;5;40;100m [0;1;33;93;43m8[0;33;5;43;103mt;;;;;;;;;;[0;33;5;40;100m@[0;1;30;90;40m@[0;30;5;40;100m8[0;33;5;40;100mX[0;33;5;43;103mttttttttttt[0;1;33;93;43m@[0;33;5;40;100m [0;36;5;40;100m               [0;30;5;40;100m8[0m         
          [0;1;30;90;40m@[0;36;5;40;100m                [0;33;5;40;100m.[0;1;33;93;43m8[0;33;5;43;103mttttttttt[0;1;30;90;43m8[0;30;5;40;100m8[0;1;30;90;40m@[0;1;30;90;43m8[0;33;5;43;103mttttttttt[0;1;33;93;43m8[0;33;5;40;100m;[0;36;5;40;100m                [0;1;30;90;40m@[0m          
            [0;36;5;40;100m:                [0;33;5;40;100m.[0;1;33;93;43m8[0;33;5;43;103mttttttt[0;1;30;90;43m8[0;30;5;40;100m88[0;1;30;90;43m8[0;33;5;43;103mtttttt%[0;1;33;93;43m@[0;33;5;40;100m:[0;36;5;40;100m                ;[0m            
             [0;32;5;40;100m8[0;36;5;40;100m                 [0;33;5;40;100m [0;37;43mS[0;33;5;43;103mStttt[0;33;5;40;100m8[0;30;5;40;100m88@[0;33;5;43;103mttttS[0;37;43mS[0;33;5;40;100m.[0;36;5;40;100m                 [0;32;5;40;100m8[0m             
              [0;32;40mt[0;36;5;40;100m:                 [0;33;5;40;100m [0;1;30;90;43m8[0;1;33;93;43m8[0;33;5;43;103m%tX[0;1;30;90;43mSS[0;33;5;43;103m@t%[0;1;33;93;43m8[0;1;30;90;43m8[0;33;5;40;100m [0;36;5;40;100m                 ;[0;32;40mt[0m              
                [0;1;30;90;40m8[0;36;5;40;100m                   [0;33;5;40;100m [0;1;30;90;43m8[0;33;5;43;103m8%%8[0;1;30;90;43m8[0;33;5;40;100m.[0;36;5;40;100m                  .[0;1;30;90;40m8[0m                
                  [0;32;5;40;100m8[0;36;5;40;100m                    [0;33;5;40;100m..[0;36;5;40;100m                    [0;32;5;40;100m@[0m                  
                    [0;32;5;40;100m@[0;36;5;40;100m                                      [0;32;5;40;100m@[0m                    
                      [0;30;5;40;100m8[0;36;5;40;100m                                  [0;32;5;40;100m8[0m                      
                        [0;30;5;40;100m8[0;36;5;40;100m.                            :[0;30;5;40;100m8[0m                        
                          [0;1;30;90;40mS[0;32;5;40;100mS[0;36;5;40;100m                        [0;32;5;40;100m%[0;1;30;90;40mX[0m                          
                             [0;30;5;40;100m8[0;36;5;40;100mt                  t[0;30;5;40;100m8[0m                             
                                [0;30;5;40;100m8[0;36;5;40;100m;            :[0;30;5;40;100m8[0m                                
                                   [0;30;5;40;100m8[0;36;5;40;100m%      t[0;30;5;40;100m8[0m                                   
                                      [0;32;40m%[0;30;5;40;100m88[0;1;30;90;40mX[0m                                      
