                                [0;32;40mS8[0;30;42m88XSS%[0;1;32;92;42m:[0;1;30;90;42m:::[0;30;42m;S@[0;32;40m8[0m                                
                          [0;32;40m@[0;30;42mS[0;1;30;90;42m;[0;1;32;92;42mS[0;1;30;90;42mtttttttttt[0;32;5;42;102m888888888[0;1;32;92;42m8[0;1;30;90;42m:[0;30;42mS8[0;32;40mS[0m                          
                      [0;32;40m@[0;30;42mt[0;1;32;92;42m%[0;32;5;42;102m88888[0;1;30;90;42m%%%%%%%ttt[0;32;5;42;102m8888888888[0;1;30;90;42m:::::[0;30;42mt8[0;32;40mS[0m                      
                   [0;32;40mS[0;1;30;90;42m;[0;1;32;92;42m8[0;32;5;42;102m88888888[0;1;30;90;42mSSS%%%%%%%[0;32;5;42;102m8888888888[0;1;30;90;42m;::::::::[0;30;42m@[0;32;40m8[0m                   
                 [0;30;42m8[0;1;30;90;42m%%[0;32;5;42;102m8888888888[0;1;30;90;42mSSSSSSSSS%[0;32;5;42;102m8888888888[0;1;30;90;42m;;;:::::::[0;1;32;92;42m8X[0;30;42mS[0m                 
               [0;30;42m@[0;1;30;90;42m%SSS[0;32;5;42;102m8888888888[0;1;30;90;42mXXXXXXXSSS[0;32;5;42;102m8888888888[0;1;30;90;42m;;;;::::::[0;1;32;92;42m8888[0;30;42m:[0m               
             [0;1;30;90;42m;[0;32;5;42;102m888888[0;1;30;90;42mXXX@@@@@@@[0;32;5;42;102m8888888888[0;1;30;90;42mSSSS%%%%tt[0;32;5;42;102m888888888[0;1;32;92;42m8[0;1;30;90;42m::::::[0;30;42m@[0m             
           [0;30;42m8[0;1;32;92;42m8[0;32;5;42;102m8888888[0;1;30;90;42m@@@@@88888[0;32;5;42;102m@@@@@88888[0;1;30;90;42mXXXSSS%%%t[0;32;5;42;102m8888888888[0;1;30;90;42m::::::::[0;32;40m8[0m           
          [0;1;32;92;42m;[0;32;5;42;102m888888888[0;1;30;90;42m@888888888[0;32;5;42;102m@@@@@@@@@8[0;1;30;90;42m@@XXXSSSS[0;33;42mX8[0;32;43m8S%[0;1;30;90;43m;;;::;::;[0;33;42m%[0;1;30;90;42m::::.[0;30;42m%[0m          
        [0;32;40mX[0;1;30;90;42m%[0;32;5;42;102m88888888@@[0;1;30;90;42m8888888888[0;32;5;42;102m@@@@@@@@@@[0;1;30;90;42m@@@XX[0;1;30;90;43mXS[0;1;33;93;43m8[0;33;5;43;103m%t[0;37;5;43;103mXX@X[0;33;5;43;103mSXXSS[0;1;33;93;43mX[0;32;43mS[0;33;42m;[0;1;30;90;42m:::::::.[0;1;32;92;42m@[0;30;42m8[0m        
       [0;32;40m8[0;1;30;90;42m%S[0;32;5;42;102m888888@@@@[0;1;30;90;42m8888888888[0;32;5;42;102mXXXXXX@@@@[0;1;30;90;42m888[0;1;30;90;43m@[0;33;5;43;103m%[0;37;5;43;103mXXX@@[0;33;5;43;103mXXX[0;37;5;43;103m@8@X[0;1;33;93;43m8[0;32;43m@[0;32;5;42;102m8[0;1;30;90;42m:::::::::.[0;1;32;92;42m88[0;30;42m%[0m       
      [0;30;42m8[0;1;30;90;42m%SS[0;32;5;42;102m88888@@@@@[0;1;30;90;42m8888888888[0;32;5;42;102mXXXXXXXX[0;1;30;90;43m8[0;1;33;93;43m@[0;33;5;43;103mS[0;1;30;90;43m8[0;1;33;93;43m8[0;37;5;43;103mXS@@@@8@@@@@[0;33;5;43;103m%[0;1;30;90;43m;[0;1;32;92;42m8[0;32;5;42;102m88[0;1;30;90;42m::::::::::[0;1;32;92;42m888[0;30;42m;[0m      
     [0;1;30;90;42m;[0;32;5;42;102m8888[0;1;30;90;42mXX@@888888[0;32;5;42;102mXXXXXXXXXX[0;1;30;90;42m888888[0;1;30;90;43m8[0;1;33;93;43m8[0;37;5;43;103m@S[0;33;5;43;103mt[0;1;33;93;43m8[0;37;5;43;103mS8@@8XXXX@@[0;33;5;43;103mt[0;1;30;90;43mt[0;33;42mX[0;1;30;90;42mt;;;[0;32;5;42;102m888[0;1;32;92;42m8888888[0;1;30;90;42m....[0;30;42m8[0m     
    [0;30;42mX[0;32;5;42;102m88888[0;1;30;90;42mX@@8888888[0;32;5;42;102mXXXXXXXXXX[0;32;5;40;100mSSXX[0;33;5;40;100mX[0;1;30;90;43m8[0;37;5;43;103m@%t%S8@8SSSXXXXX[0;1;33;93;43m@[0;1;30;90;43m%[0;1;30;90;42m%tt;;;[0;32;5;42;102m888[0;1;32;92;42m8888888[0;1;30;90;42m:....[0;32;40m8[0m    
   [0;32;40mX[0;32;5;42;102m888888[0;1;30;90;42mX@@8888888[0;32;5;42;102mXXXXXXSS[0;36;5;42;102mXX[0;32;5;40;100m%SS[0;1;30;90;43m8[0;37;5;43;103m@Stt%888%SSSSX@[0;33;5;43;103m%[0;1;33;93;43mX[0;1;30;90;43mS[0;1;30;90;42mS%%ttt;;[0;32;5;42;102m8888[0;1;32;92;42m888888[0;1;30;90;42m:.....[0;32;40mS[0m   
   [0;1;32;92;42mX[0;32;5;42;102m888888[0;1;30;90;42m@@88888888[0;32;5;42;102mXXXXS[0;36;5;42;102mXXXXX[0;33;5;40;100mt%[0;1;30;90;43m8[0;37;5;43;103m@%tt8@8%%%%SXS[0;33;5;43;103mS[0;1;33;93;43m%[0;32;43m8[0;1;30;90;42mXSS%%ttt;;[0;32;5;42;102m8888[0;1;32;92;42m888888[0;1;30;90;42m:.....[0;30;42m;[0m   
  [0;30;42mS[0;32;5;42;102m8888888[0;1;30;90;42m@@88888888[0;32;5;42;102mXXXX[0;36;5;42;102mXXXXX[0;37;43m8[0;33;47m8[0;1;30;90;43m8[0;37;5;43;103m8%tS88Stt%%%SSX[0;1;33;93;43m8[0;32;43m8[0;32;5;42;102m8[0;1;30;90;42mXSS%%ttt;;[0;32;5;42;102m8888[0;1;32;92;42m888888[0;1;30;90;42m:......[0;30;42m8[0m  
  [0;1;32;92;42m8[0;32;5;42;102m8888888[0;1;30;90;42m@@88888888[0;32;5;42;102mXXXS[0;36;5;42;102mXXX[0;33;5;42;102mX[0;33;47m8[0;37;5;43;103m8[0;1;33;93;47m8[0;37;5;43;103m8tt888tttt%%SX[0;1;33;93;43m8[0;32;43mX[0;32;5;42;102m888[0;1;30;90;42mXSS%%%tt;;[0;32;5;42;102m8888[0;1;32;92;42m888888[0;1;30;90;42m:......[0;30;42m:[0m  
 [0;32;40m8[0;1;30;90;42mt%%%SSXX[0;32;5;42;102m88@@@@XXXX[0;1;30;90;42m8[0;32;5;40;100mXSS[0;36;5;40;100m%%[0;33;5;40;100mt[0;33;47m8[0;37;5;43;103mSt8tt88Xtttt%SS[0;1;30;90;43m88[0;1;30;90;42m88@@X[0;32;5;42;102m8888888888[0;1;30;90;42m;:::::::::[0;1;32;92;42m88888888[0;30;42mX[0m 
 [0;30;42mt[0;1;30;90;42mt%%%SSXX[0;32;5;42;102m88@@@@XXXX[0;1;30;90;42m88[0;32;5;40;100mXSS[0;33;5;40;100m%[0;37;43m@[0;37;5;43;103mSttt%88%tt%@X[0;1;33;93;43m8[0;1;30;90;43m8[0;1;30;90;42m88888@@X[0;32;5;42;102m8888888888[0;1;30;90;42m;:::::::::[0;1;32;92;42m88888888t[0m 
 [0;1;30;90;42mttt%%SSXX[0;32;5;42;102m88@@@@@XXX[0;1;30;90;42m888[0;32;5;40;100mXS[0;1;30;90;43m8[0;37;5;43;103mXtttS88t%8[0;37;43mXX[0;1;30;90;43m8[0;32;5;42;102mX[0;1;30;90;42m888888@@XX[0;32;5;42;102m8888888888[0;1;30;90;42m;:::::::::[0;1;32;92;42m888888888[0;32;40m;[0m
[0;32;40mS[0;1;30;90;42mttt%%%SSX[0;32;5;42;102m888@@@@@XX[0;1;30;90;42m888[0;32;5;40;100mXX[0;33;5;43;103m@[0;37;5;43;103m%ttX@8tS88X[0;37;43mX[0;32;5;42;102mXX[0;1;30;90;42m888888@@XX[0;32;5;42;102m8888888888[0;1;30;90;42m;:::::::::[0;1;32;92;42m888888888[0;32;40m8[0m
[0;32;40m8[0;1;30;90;42m;tt%%%SSX[0;32;5;42;102m888@@@@@@X[0;1;30;90;42m888[0;1;30;90;43m88[0;37;5;43;103mXttS@8ttt%X[0;1;30;90;43m8[0;32;5;42;102mXXX[0;1;30;90;42m88888@@XXS[0;32;5;42;102m8888888888[0;1;30;90;42m::::::::::[0;1;32;92;42m888888888[0;30;42m@[0m
[0;30;42m8[0;1;30;90;42m;ttt%%%SS[0;32;5;42;102m8888@@@@@@[0;1;30;90;42m888[0;33;5;43;103mS[0;37;5;43;103m@8t%@@%tt@[0;1;33;93;43m@[0;33;5;42;102m8[0;32;5;42;102mXXX@[0;1;30;90;42m8888@@XXXS[0;32;5;42;102m8888888888[0;1;30;90;42m::::::::::[0;1;32;92;42m888888888[0;30;42m%[0m
[0;30;42m%[0;32;5;42;102m888888888[0;1;30;90;42mSXXX@@8888[0;32;5;42;102m@@X[0;33;5;43;103mS[0;37;5;43;103m%%%@XXtS[0;33;5;43;103mX[0;1;30;90;43m8[0;1;30;90;42m888888[0;32;5;42;102m@@@8888888[0;1;30;90;42m%%%ttt;;;:[0;32;5;42;102m88[0;1;32;92;42m88888888[0;1;30;90;42m.......[0;30;42m..[0;32;40m8[0m
[0;30;42m@[0;32;5;42;102m888888888[0;1;30;90;42mSSXXX@@@88[0;32;5;42;102m@8[0;1;30;90;43m8[0;1;33;93;43m@[0;37;5;43;103mS%8[0;33;5;43;103mt[0;37;5;43;103m8%@[0;1;30;90;43m88[0;1;30;90;42m8888888[0;32;5;42;102m@@88888888[0;1;30;90;42m%%ttt;;;;:[0;32;5;42;102m88[0;1;32;92;42m88888888[0;1;30;90;42m.......[0;30;42m..[0;32;40m8[0m
[0;32;40m8[0;32;5;42;102m888888888[0;1;30;90;42m%SSSXXX@@@[0;32;5;42;102m@[0;1;30;90;43m8[0;37;5;43;103m@XX8[0;33;5;43;103m%[0;37;5;43;103m@SX[0;33;5;43;103m@X[0;1;30;90;43m8[0;1;30;90;42m888888@[0;32;5;42;102m8888888888[0;1;30;90;42m%ttt;;;;::[0;32;5;42;102m8[0;1;32;92;42m888888888[0;1;30;90;42m......[0;30;42m...[0;32;40mS[0m
 [0;1;32;92;42m8[0;32;5;42;102m88888888[0;1;30;90;42m%%SSSSXXX@[0;32;5;42;102m8[0;33;5;43;103mS[0;37;5;43;103mSSS[0;33;5;43;103mS%[0;37;5;43;103mXSS@[0;1;30;90;43m8[0;1;30;90;42m888@@@@@[0;32;5;42;102m8888888888[0;1;30;90;42mttt;;;;:::[0;1;32;92;42m8888888888[0;1;30;90;42m......[0;30;42m...[0;32;40m:[0m
 [0;1;32;92;42m;[0;32;5;42;102m88888888[0;1;30;90;42m%%%%SSSSXX[0;1;30;90;43mX[0;37;5;43;103mXXX@[0;33;5;43;103m%[0;37;5;43;103m8SS@[0;1;33;93;43mS[0;1;30;90;42m@@@@@XXXX[0;32;5;42;102m8888888888[0;1;30;90;42mtt;;;;::::[0;1;32;92;42m8888888888[0;1;30;90;42m.....[0;30;42m...%[0m 
 [0;30;42m@[0;32;5;42;102m88888888[0;1;30;90;42mtt%%%%SSSS[0;1;30;90;43mS[0;37;5;43;103m@X@[0;33;5;43;103mSX[0;37;5;43;103mXX@[0;1;33;93;43m8[0;33;42m@[0;1;30;90;42mXXXXXXXSS[0;32;5;42;102m8888888888[0;1;30;90;42m;;;;::::::[0;1;32;92;42m8888888888[0;1;30;90;42m....[0;30;42m....[0;32;40m8[0m 
  [0;1;30;90;42m::::;;;;[0;32;5;42;102m8888888888[0;1;30;90;43m%[0;37;5;43;103m@X[0;33;5;43;103mSS[0;37;5;43;103m8X@[0;1;33;93;43m8[0;33;42m8[0;32;5;42;102m8888888888[0;1;30;90;42m%%%%ttttt;[0;32;5;42;102m8888888[0;1;32;92;42m888[0;1;30;90;42m:::::.....[0;1;32;92;42m888888@X[0m  
  [0;32;40m8[0;1;30;90;42m::::;;;[0;32;5;42;102m8888888888[0;1;30;90;43m%[0;37;5;43;103m@@[0;33;5;43;103mXX[0;37;5;43;103m@X[0;1;33;93;43mS[0;33;42mX[0;1;30;90;42mS[0;32;5;42;102m8888888888[0;1;30;90;42m%%ttttt;;;[0;32;5;42;102m88888[0;1;32;92;42m88888[0;1;30;90;42m::::......[0;1;32;92;42m88888@@[0;30;42m%[0m  
   [0;30;42m;[0;1;30;90;42m:::::;[0;32;5;42;102m8888888888[0;33;42m%[0;1;33;93;43m@[0;37;5;43;103m@[0;33;5;43;103mX[0;37;5;43;103mX[0;33;5;43;103m8[0;1;30;90;43m%[0;1;30;90;42m%%%[0;32;5;42;102m8888888888[0;1;30;90;42mtttt;;;;;;[0;32;5;42;102m8888[0;1;32;92;42m888888[0;1;30;90;42m:::.......[0;1;32;92;42m8888@@%[0m   
   [0;32;40m%[0;1;30;90;42m::::::[0;32;5;42;102m8888888888[0;1;30;90;42mt[0;33;42m8[0;1;33;93;43mS[0;1;30;90;43mtt[0;1;30;90;42m%tttt[0;32;5;42;102m8888888888[0;1;30;90;42mt;;;;;;:::[0;32;5;42;102m88[0;1;32;92;42m88888888[0;1;30;90;42m::........[0;1;32;92;42m888@@@[0;32;40m8[0m   
    [0;32;40m8[0;1;30;90;42m:::::[0;32;5;42;102m8888888888[0;1;30;90;42m;[0;33;42mS[0;1;33;93;43mS[0;33;42m@[0;1;30;90;42mtttttt[0;32;5;42;102m8888888888[0;1;30;90;42m;;;;;:::::[0;1;32;92;42m8888888888[0;1;30;90;42m.........[0;30;42m.[0;1;32;92;42m88@@@[0;30;42mS[0m    
     [0;30;42m8[0;1;30;90;42m::::[0;1;32;92;42m8[0;32;5;42;102m888888888[0;1;30;90;42m;[0;1;30;90;43m;;[0;1;30;90;42m;;;;;;;[0;32;5;42;102m8888888888[0;1;30;90;42m;:::::::::[0;1;32;92;42m8888888888[0;1;30;90;42m........[0;30;42m..[0;1;32;92;42m8@@@[0;30;42mt[0m     
      [0;30;42mt[0;1;32;92;42m888[0;1;30;90;42m::::::::::[0;32;5;42;102m8[0;1;33;93;43mS[0;32;43mX[0;32;5;42;102m8888888[0;1;30;90;42m;;;;;:::::[0;32;5;42;102m8888[0;1;32;92;42m888888[0;1;30;90;42m:::::::...[0;1;32;92;42m8888888888[0;30;42m..:8[0m      
       [0;30;42mS[0;1;32;92;42m88[0;1;30;90;42m::::::::::[0;33;42m@[0;1;33;93;43m%[0;1;32;92;42m8[0;32;5;42;102m8888888[0;1;30;90;42m::::::::::[0;1;32;92;42m8888888888[0;1;30;90;42m:::::.....[0;1;32;92;42m88888888@@[0;30;42m.:8[0m       
        [0;32;40m8[0;1;32;92;42m@[0;1;30;90;42m::::::::::[0;32;43mX[0;1;33;93;43mS[0;1;32;92;42m888888[0;32;5;42;102m88[0;1;30;90;42m::::::::::[0;1;32;92;42m8888888888[0;1;30;90;42m::........[0;1;32;92;42m8888888@@@[0;30;42m:[0;32;40m@[0m        
          [0;30;42m%[0;1;30;90;42m:::::::::[0;32;43m%[0;1;30;90;43m:[0;1;32;92;42m88888888[0;1;30;90;42m::::::::::[0;1;32;92;42m8888888888[0;1;30;90;42m..........[0;1;32;92;42m88888@@@@:[0m          
           [0;32;40m8[0;1;30;90;42m::::::::[0;32;43m%[0;1;30;90;43m.[0;1;32;92;42m88888888[0;1;30;90;42m::::::::::[0;1;32;92;42m8888888888[0;1;30;90;42m..........[0;1;32;92;42m888@@@@X[0;30;42mX[0m           
             [0;30;42m8[0;1;30;90;42m...:::[0;32;43mX[0;1;30;90;43m.[0;1;32;92;42m88888888[0;1;30;90;42m::::::::::[0;1;32;92;42m8888888888[0;1;30;90;42m........[0;30;42m..[0;1;32;92;42m88@@@@[0;30;42m:[0m             
               [0;30;42m:[0;1;32;92;42m8888[0;32;43m88[0;1;30;90;42m....::::[0;1;32;92;42m8888888888[0;1;30;90;42m..........[0;1;32;92;42m888888888@[0;30;42m..::8[0m               
                 [0;30;42mS[0;1;32;92;42mX8[0;1;30;90;42m..........[0;1;32;92;42m8888888888[0;1;30;90;42m..........[0;1;32;92;42m8888888@@@[0;30;42m:;8[0m                 
                   [0;32;40m8[0;30;42m@:[0;1;30;90;42m........[0;1;32;92;42m8888888888[0;1;30;90;42m.........[0;30;42m.[0;1;32;92;42m8888@@@@X[0;30;42m:[0;32;40mS[0m                   
                      [0;32;40m%[0;30;42m8t[0;1;30;90;42m.....[0;1;32;92;42m8888888888[0;1;30;90;42m....[0;30;42m......[0;1;32;92;42m8@@@@t[0;30;42mt[0;32;40m@[0m                      
                          [0;32;40mS[0;30;42m8X;[0;1;32;92;42m8888888888[0;30;42m..........[0;1;32;92;42mS.[0;30;42m%[0;32;40m8[0m                          
                                [0;32;40m8[0;30;42m8St:.[0;1;30;90;42m [0;1;32;92;42m [0;30;42mXXX@8[0;32;40m8@S[0m                                
