[0;1;30;90;41m8[0;31;43mSSSSSSSSSSSS%%%%%%%%%%%%%%%%%%%%%%%%%%%[0;34;40m..........................              [0m
[0;31;43m8[0;1;33;93;43m..............:::::::::::::::::::::::::[0;34;40m::::::::::::..................          [0m
[0;31;43m8[0;1;33;93;43m............:::::::::::::::::::::::::::[0;34;40m;;;::::::::::..................         [0m
[0;31;43m8[0;1;33;93;43m.........::::.::::[0;1;30;90;43m%[0;1;33;93;43m:::::.::::::::::::::[0;34;40m;;;;;;::::::::[0;31;40m;[0;34;40m....[0;33;41m8[0;34;40m....[0;31;40m.t[0;34;40m......        [0m
[0;31;43m8[0;1;33;93;43m.......::::::[0;31;43m8[0;1;33;93;43m.:::[0;1;30;90;40m8[0;1;31;91;43m8[0;1;33;93;43m;;:[0;33;5;40;100m8[0;1;31;91;43m8[0;33;5;43;103m;;;;;;;;;;[0;1;33;93;43m;;::[0;1;30;90;40m%[0;34;40m;;;;;;;::::::[0;31;43mX[0;31;40mt[0;34;40m:..[0;1;31;91;43m8[0;31;40m8[0;34;40m..[0;31;40m:[0;31;43mX[0;31;40mS[0;34;40m.......       [0m
[0;31;43m8[0;1;33;93;43m......::[0;1;31;91;43m8[0;1;33;93;43m::::[0;1;30;90;43m%[0;1;30;90;40m8[0;1;30;90;43mS[0;1;33;93;43m:;[0;31;5;40;100mS[0;1;30;90;40m8[0;1;31;91;43m8[0;33;5;43;103m:[0;1;30;90;43mX[0;1;30;90;40m8[0;33;5;43;103m:::;[0;1;30;90;43mX[0;1;33;93;43m:[0;33;5;43;103m::::::;;;[0;1;30;90;40mSSS%[0;34;40m;;;;;[0;31;40mS[0;34;40m::::[0;1;30;90;41m8[0;1;31;91;43m8[0;33;41m8[0;31;40m:[0;34;40m.[0;31;43mS[0;1;31;91;43m8[0;31;40mS[0;34;40m.[0;1;30;90;41m8[0;1;31;91;43m8[0;34;40m...[0;31;40m.8;[0;34;40m..       [0m
[0;31;43m8[0;1;33;93;43m....::::[0;1;31;91;43m8[0;33;41m8[0;1;30;90;43m%[0;1;31;91;43m8[0;1;33;93;43m::[0;1;30;90;43mS[0;1;30;90;40mS[0;31;5;40;100m8[0;1;33;93;43m.[0;31;5;40;100m@[0;1;30;90;40mX[0;1;30;90;43mX[0;1;33;93;43m.[0;30;5;40;100m8[0;1;30;90;40m@[0;1;33;93;43m;[0;33;5;43;103m:[0;1;30;90;43m@[0;31;5;40;100mX[0;1;30;90;43m@[0;33;5;43;103m::::::::::[0;1;30;90;40mXSSSS%[0;34;40m;;;[0;31;40m@[0;31;43mS[0;33;41m8[0;31;40m@;[0;34;40m:[0;31;43m8[0;1;33;93;43m.[0;1;31;91;43m8[0;31;40mt[0;31;43mt[0;1;33;93;43m.[0;31;43m@[0;31;40mS[0;1;31;91;43m8[0;1;33;93;43m.[0;31;40m;[0;34;40m.[0;31;40m8[0;31;43m%[0;31;40m8[0;34;40m....      [0m
[0;31;43m8[0;1;33;93;43m...::::::.[0;1;30;90;43m%[0;1;30;90;40m8X[0;33;5;40;100m8[0;1;30;90;43mS[0;1;30;90;40mXX[0;30;5;40;100m8[0;1;30;90;40m@@[0;30;5;40;100m8[0;1;30;90;40m88[0;33;5;40;100m8[0;1;33;93;43m.[0;1;30;90;43m8[0;1;30;90;40m8[0;1;30;90;43m8[0;33;5;43;103m:::::::::::[0;1;30;90;40mXXXSSSS[0;34;40m;;;[0;31;40mt[0;31;43m8[0;1;31;91;43m8[0;1;33;93;43m.[0;31;43mS[0;31;40m8[0;1;33;93;43m..[0;1;31;91;43m8[0;1;33;93;43m..[0;1;31;91;43m88[0;1;33;93;43m.[0;31;43m%[0;31;40mS[0;31;43m8[0;1;31;91;43m8[0;33;41m8[0;34;40m......     [0m
[0;31;43m8[0;1;33;93;43m..:::[0;1;31;91;43m88[0;1;33;93;43m..[0;1;31;91;43m88[0;1;33;93;43m.[0;31;5;40;100m@[0;1;30;90;40mXXX@@@8888[0;30;5;40;100m8[0;1;30;90;40m88[0;33;5;40;100m8[0;33;5;43;103m::[0;1;30;90;43m888[0;1;33;93;43m:[0;33;5;43;103m::::::[0;1;30;90;40m@@XXXS8[0;30;5;40;100m8[0;1;30;90;40mX[0;31;40m%@X%[0;31;43m;[0;1;33;93;43m:.........[0;1;31;91;43m8[0;1;33;93;43m..[0;31;43mS[0;31;40m:.8[0;33;41m88[0;31;40m%[0;34;40m.     [0m
[0;31;43m8[0;1;33;93;43m.:::::[0;1;30;90;43m%S[0;31;5;40;100m@[0;1;30;90;40m@S@[0;30;5;40;100m8[0;1;30;90;40mX@@@8888888[0;30;5;40;100m8[0;31;5;40;100mX[0;1;30;90;43m8[0;33;5;40;100m8[0;31;5;40;100mX[0;33;5;40;100m8[0;37;43m%[0;33;5;43;103m....::::[0;1;30;90;40m8@@@XXX[0;31;5;40;100mX[0;1;30;90;43mS%[0;1;33;93;43m.:.[0;1;31;91;43m8[0;1;33;93;43m::..........[0;1;31;91;43m8[0;31;43m@X[0;1;31;91;43m8[0;31;43mt[0;31;40m@[0;34;40m....    [0m
[0;31;43m8[0;1;33;93;43m.:::::::;:[0;1;30;90;43mX[0;30;5;40;100m8[0;1;30;90;40m@@@88888[0;30;5;40;100m888888@[0;33;5;40;100m@[0;1;30;90;43m8[0;33;5;43;103m:........:[0;1;30;90;40m888@@XXXSSX[0;31;5;40;100mS[0;1;31;91;43m8[0;1;33;93;43m::::..........[0;1;31;91;43m8[0;31;43m%[0;33;41m8[0;31;40m:[0;34;40m.....    [0m
[0;31;43m8[0;1;33;93;43m::::[0;1;31;91;43m88[0;1;30;90;43mSS[0;30;5;40;100m8[0;1;30;90;40mXX@@@8888[0;30;5;40;100m888888@@X[0;33;5;40;100m@[0;1;30;90;43m88[0;33;5;40;100m@@[0;1;30;90;43m8[0;1;33;93;43m;[0;33;5;43;103m.....[0;1;30;90;40m8888@8[0;30;5;40;100m8[0;31;5;40;100m@[0;1;30;90;43mX[0;1;31;91;43m8[0;1;33;93;43m::::::::.........[0;1;31;91;43m8[0;31;43mS88@@[0;33;41m8[0;31;40mX[0;34;40m..   [0m
[0;31;43m8[0;1;33;93;43m::::.[0;1;30;90;43m%SSXXX[0;1;30;90;40m8@8888[0;30;5;40;100m8888@@@XX[0;33;5;40;100mXXX[0;1;30;90;43m8[0;37;43mX[0;33;5;43;103m........[0;30;5;40;100m8[0;1;30;90;40m88888[0;31;5;40;100mS[0;33;5;40;100m88[0;31;5;40;100mX@[0;1;30;90;43mS[0;1;33;93;43m.:::::.........[0;1;31;91;43m8[0;31;43mtS8[0;31;40m8.[0;34;40m....   [0m
[0;31;43m8[0;1;33;93;43m::::::;[0;33;5;43;103m;[0;1;31;91;43m8[0;31;5;40;100mS[0;1;30;90;40m@@8888[0;30;5;40;100m8888@@XXXSS[0;33;5;40;100mS[0;37;43m@[0;33;5;43;103m;[0;37;5;43;103mXXXX[0;33;5;43;103m.....[0;30;5;40;100m88[0;1;30;90;40m8888@@X[0;31;5;40;100m8[0;1;30;90;43mS[0;1;33;93;43m::::::::........[0;1;31;91;43m8[0;31;43m@[0;30;41m8[0;31;40mt.[0;34;40m.....   [0m
[0;31;43m8[0;1;33;93;43m:::::;:[0;1;30;90;43mX[0;1;30;90;40m8[0;33;5;40;100m8[0;1;30;90;43m@@[0;31;5;40;100m@[0;1;30;90;40m88[0;30;5;40;100m8888@@XXSS[0;33;5;40;100m%S%%%S[0;1;30;90;43m8[0;1;33;93;43mt[0;37;5;43;103mXXX[0;33;5;43;103m...[0;30;5;40;100m888[0;1;30;90;40m888@8[0;1;30;90;43mX[0;1;33;93;43m.[0;1;30;90;43mX[0;33;5;40;100m8[0;31;5;40;100mS[0;1;31;91;43m8[0;1;33;93;43m:::::.......[0;31;43m%S[0;1;31;91;43m88[0;31;43m%X8[0;31;40m%[0;34;40m...   [0m
[0;31;43m8[0;1;33;93;43m:::::.[0;1;30;90;43mSS[0;1;33;93;43m;[0;33;5;43;103m:[0;1;33;93;43m:[0;30;5;40;100m8[0;1;30;90;40m8[0;31;5;40;100mS[0;33;5;40;100m8[0;30;5;40;100m888@@XXS[0;33;5;40;100m%[0;36;5;40;100m%[0;33;5;40;100mt[0;37;43m@[0;37;5;43;103m@@@@@@@XXX[0;33;5;43;103m..[0;30;5;40;100m888[0;1;30;90;40m888[0;30;5;40;100m8[0;33;5;40;100m8[0;31;5;40;100m@[0;1;30;90;40m@X8[0;1;31;91;43m8[0;1;33;93;43m:[0;1;31;91;43m88[0;1;33;93;43m:::.....[0;1;31;91;43m8[0;1;33;93;43m.[0;1;31;91;43m8[0;1;30;90;41m8[0;31;40m.[0;34;40m....[0;31;40m;[0;34;40m....  [0m
[0;31;43m8[0;1;33;93;43m:::::;[0;33;5;43;103m;:::[0;1;30;90;43m@[0;30;5;40;100m8[0;1;30;90;43m8[0;33;5;43;103m:[0;31;5;40;100mX[0;30;5;40;100m8[0;33;5;40;100m88[0;30;5;40;100m@X[0;33;5;40;100mX[0;30;5;40;100mSS[0;37;43m@@[0;33;5;40;100m%tt[0;33;47m8[0;37;5;43;103m88@@@@XX[0;33;5;43;103m..[0;30;5;40;100m888[0;1;30;90;40m8888@@XX[0;1;30;90;43mS[0;1;31;91;43m8[0;31;5;40;100m8[0;31;40mt[0;1;31;91;43m8[0;1;33;93;43m:[0;31;43mt%[0;1;33;93;43m..[0;31;43m@[0;1;33;93;43m..[0;31;40m@[0;1;30;90;41m8[0;31;43mX[0;1;31;91;43m8[0;31;43mt[0;30;41m8[0;34;40m........  [0m
[0;31;43m8[0;1;33;93;43m:::::;[0;33;5;43;103m;:[0;1;33;93;43m;[0;1;30;90;43m@@[0;1;33;93;43m;[0;33;5;43;103m:;[0;30;5;40;100m8[0;33;5;40;100m8[0;33;5;43;103m:[0;1;30;90;43m8[0;30;5;40;100m@[0;33;5;40;100mX[0;37;5;43;103mX[0;1;30;90;43m8[0;33;5;40;100m%%[0;37;5;43;103m@888[0;37;43m8[0;33;47m8[0;37;5;43;103m8@@@@XX[0;33;5;43;103m..[0;30;5;40;100m8888[0;1;30;90;40m888@@@[0;1;30;90;43mXS[0;1;30;90;40m@%[0;31;40m%[0;1;33;93;43m:[0;1;31;91;43m8[0;31;40m;[0;33;41m8[0;1;33;93;43m.[0;31;43mt[0;34;40m:[0;31;43m8[0;1;33;93;43m.[0;31;43m%[0;31;40m:[0;34;40m..[0;31;40m;[0;33;41m8[0;31;40m8[0;34;40m.......  [0m
[0;31;43m8[0;1;33;93;43m:::::;[0;33;5;43;103m;:[0;1;33;93;43m;[0;33;5;43;103m:::::[0;30;5;40;100m@[0;1;30;90;43m8[0;33;5;43;103m..[0;33;5;40;100m@X[0;37;5;43;103mXX[0;33;5;43;103mt[0;33;5;40;100mS%[0;37;5;43;103m@88888@@@@XX[0;33;5;43;103m..[0;30;5;40;100m888[0;1;30;90;40m8888@@@XSS%[0;34;40m;[0;1;31;91;43m8[0;1;30;90;41m8[0;34;40m;[0;31;40m;[0;31;43m%[0;1;31;91;43m8[0;34;40m::[0;31;40mS[0;31;43m@X[0;34;40m....[0;31;40m.[0;34;40m.......  [0m
[0;31;43m8[0;1;33;93;43m:::::;[0;33;5;43;103m;::::::[0;1;30;90;43m88[0;33;5;43;103m...;[0;33;5;40;100mX[0;37;5;43;103mXXX@[0;1;30;90;43m8[0;37;5;43;103m@@@@@@@@@XX[0;33;5;43;103m...[0;30;5;40;100m888[0;1;30;90;40m8888@@XXSS%[0;1;30;90;41m88[0;34;40m;;:[0;31;40mt[0;1;31;91;43m8[0;34;40m:::.[0;33;41m8[0;34;40m............  [0m
[0;31;43m8[0;1;33;93;43m:::::;[0;33;5;43;103m;;:::::::....[0;37;43mS[0;33;5;43;103m.[0;37;5;43;103mXXXX@@@@@@@XXX[0;33;5;43;103m....[0;30;5;40;100m88[0;1;30;90;40m8888@@XXSSS[0;34;40m;[0;31;40m;[0;34;40m;;:::[0;31;40m8[0;34;40m:::.............   [0m
[0;33;41m8[0;1;33;93;43m::::::;[0;33;5;43;103m;:::::::........[0;37;5;43;103mXXXXXXXXXXX[0;33;5;43;103m.....[0;30;5;40;100m88[0;1;30;90;40m8888@@XXSS%[0;34;40m;;;;::::::..............   [0m
[0;33;41m@[0;1;33;93;43m:::::::;[0;33;5;43;103m;:::::::...........[0;37;5;43;103mXXX[0;33;5;43;103m.........[0;1;30;90;40m88888@@XXSSS[0;34;40m;;;;;::::::..............   [0m
[0;31;40mX[0;31;43mSS%%[0;1;30;90;43m%%%SSXXX@@8888888888888888888888888[0;33;5;40;100m8888888888[0;31;5;40;100mSSS[0;1;30;90;41m88888888888888888888888[0;30;41m@@@[0;31;40m;[0m
 [0;34;40m:::;;;;[0;1;30;90;40m%SSXXX@@888888[0;30;5;40;100m888888888888888[0;1;30;90;40m888[0;33;5;43;103m:::::::;[0;1;33;93;43m;::::::::............[0;1;31;91;43m8888888888[0m 
 [0;34;40m.::;;;;;[0;1;30;90;40m%SSSXX@@@88888888[0;30;5;40;100m888888[0;1;30;90;40m88888888[0;33;5;43;103m::::::;[0;1;33;93;43m;::::::::............[0;1;31;91;43m8888888888[0;31;43mt[0m 
 [0;34;40m.:::;;;;;[0;1;30;90;40m%SSSXXX@@@@888[0;31;5;40;100mS[0;1;30;90;40m8888888888888@@[0;33;5;43;103m::::;;[0;1;33;93;43m;:::::::.[0;1;31;91;43m8[0;1;33;93;43m...........[0;1;31;91;43m88888888888[0;31;43m8[0m 
  [0;34;40m:::::;;;;;[0;1;30;90;40m%SSSXXX[0;1;30;90;43mX[0;1;30;90;40m8@@8[0;1;30;90;43m@[0;1;30;90;40m888[0;33;5;40;100m88[0;1;30;90;40m8888@@@@@X[0;33;5;43;103m::;;[0;1;33;93;43m;:::::[0;31;43m@[0;1;33;93;43m:::[0;31;43mX@[0;1;33;93;43m...[0;31;43m8[0;1;31;91;43m8[0;1;33;93;43m......[0;1;31;91;43m88888888888[0;31;40mS[0m 
  [0;34;40m.:::::;;;;;;[0;1;30;90;40mS@SSX[0;31;5;40;100m@[0;1;31;91;43m8[0;33;5;40;100m8[0;1;30;90;40m@@[0;1;33;93;43m;[0;1;30;90;43m@[0;1;30;90;40m@8[0;1;33;93;43m:[0;30;5;40;100m8[0;1;30;90;40m@@@[0;31;5;40;100m8[0;1;30;90;40m@XXXXX[0;33;5;43;103m;;[0;1;33;93;43m;:::::::[0;31;43m8[0;1;30;90;41m8[0;1;31;91;43m8[0;1;33;93;43m.[0;31;43m%[0;31;40m;[0;31;43mt[0;1;33;93;43m.[0;31;43mS[0;31;40m8[0;1;33;93;43m...[0;1;31;91;43m88[0;1;33;93;43m.[0;1;31;91;43m88888888888[0;31;43mS[0m  
  [0;34;40m :::::::;;;;;[0;31;5;40;100m@[0;1;30;90;43m%[0;31;5;40;100mX[0;1;30;90;40m8S[0;31;5;40;100mS[0;33;5;43;103m;[0;1;30;90;43mX[0;1;30;90;40m8[0;1;33;93;43m:[0;33;5;43;103m;[0;1;30;90;40m8[0;1;30;90;43mX[0;33;5;43;103m:[0;31;5;40;100m@[0;1;30;90;40mX[0;31;5;40;100mS[0;1;30;90;43mX[0;1;30;90;40m8XXXSSS[0;1;33;93;43m;:::::[0;31;43m@@;[0;1;33;93;43m.:[0;1;30;90;41m8[0;31;40m:[0;31;43m@X[0;34;40m:[0;30;41m8[0;1;31;91;43m8[0;31;40mSS[0;1;33;93;43m.[0;1;31;91;43m8[0;31;43m8[0;33;41m8[0;1;31;91;43m8888888888888[0;31;40m8[0m  
   [0;34;40m.::::::::;;;;[0;31;40mX[0;1;30;90;43m%[0;1;33;93;43m:[0;1;31;91;43m8[0;33;5;40;100m8[0;1;33;93;43m:;.;[0;33;5;43;103m;[0;1;31;91;43m8[0;33;5;43;103m;[0;1;31;91;43m8[0;31;5;40;100mX[0;1;30;90;43mS[0;1;33;93;43m;[0;31;5;40;100m@[0;1;30;90;40mSSSSS%%[0;1;33;93;43m:::::::[0;31;43mt[0;1;30;90;41m8[0;31;40m;[0;1;30;90;41m8[0;31;43m8[0;34;40m:[0;31;40m:t[0;34;40m:[0;31;40mtt[0;34;40m.[0;33;41m8[0;31;43mX[0;31;40m8S[0;1;31;91;43m8888888888888[0;31;43m@[0m   
    [0;34;40m.:::::::[0;31;40m@[0;33;41m8[0;1;30;90;41m88[0;33;41m8[0;1;30;90;41m8[0;31;43m8[0;1;33;93;43m::::::::::::[0;1;30;90;43mS[0;1;30;90;40mS[0;31;5;40;100m@[0;1;30;90;43m%%[0;31;5;40;100m8[0;31;40mt[0;34;40m;;[0;1;33;93;43m:::[0;31;43mtS%SXt[0;1;30;90;41m8[0;34;40m:::::......[0;31;40mX[0;31;43mt[0;1;31;91;43m8[0;31;43m@[0;33;41m8[0;31;43m@[0;1;31;91;43m888888888[0m    
    [0;34;40m .:::::::[0;31;40mt[0;1;30;90;41m8[0;31;43m8%[0;1;33;93;43m.::::::::::::.[0;1;31;91;43m8[0;1;33;93;43m.[0;1;31;91;43m8[0;1;30;90;41m8[0;34;40m;;;;;[0;1;33;93;43m::::[0;1;31;91;43m8[0;31;43mS8[0;31;40m8[0;34;40m:[0;31;40m:[0;34;40m:::........[0;31;40m%%.[0;30;41m@[0;1;31;91;43m8888888888[0;30;41m8[0m    
     [0;34;40m...::::::[0;31;40m%[0;33;41m8[0;31;43m8%[0;1;33;93;43m:::::::::::::[0;1;31;91;43m8[0;31;43m8[0;31;40mSS8@;[0;34;40m::[0;1;33;93;43m:::..[0;1;31;91;43m8[0;31;43m@8[0;31;40mX[0;34;40m::...........[0;31;40m8[0;31;43mS[0;1;31;91;43m88[0;31;43mt[0;1;31;91;43m8888888[0;33;41m8[0m     
      [0;34;40m....:[0;31;40m%[0;1;30;90;41m8[0;31;43m@%S%[0;1;31;91;43m8[0;1;33;93;43m...:::::::::::::[0;1;31;91;43m8[0;31;43m8[0;1;30;90;41m8[0;31;40m8:[0;34;40m:[0;1;33;93;43m..[0;1;31;91;43m8[0;31;43m@[0;33;41m8[0;1;30;90;41m88[0;30;41m8[0;31;40m;[0;34;40m...............[0;31;40m:[0;30;41m8[0;31;43m8S[0;1;31;91;43m88888[0;31;43m8[0m      
       [0;34;40m......::[0;31;40mS[0;31;43m8[0;1;31;91;43m8[0;1;33;93;43m.............[0;1;31;91;43m8[0;33;41m8[0;31;40mt[0;34;40m::::::[0;1;33;93;43m......[0;31;43mt[0;1;30;90;41m8[0;31;40mt[0;34;40m.............[0;30;41m8[0;31;43m%[0;1;31;91;43m88888888[0;31;43m@[0m       
        [0;34;40m.....[0;31;40m:[0;33;41m8[0;1;31;91;43m8[0;31;43mS8%[0;1;33;93;43m...........[0;1;31;91;43m8888[0;31;43mS8[0;31;40m@[0;34;40m:::[0;1;33;93;43m....[0;1;31;91;43m8[0;33;41m8[0;31;40mS[0;33;41m8[0;31;43m8[0;31;40mS[0;34;40m...........[0;31;40m8%:@[0;33;41m@[0;31;43m8[0;1;31;91;43m8888[0;31;43m8[0m        
         [0;34;40m...[0;31;40m%[0;1;30;90;41m8[0;30;41m8[0;31;40m;[0;34;40m.[0;33;41m8[0;1;33;93;43m.[0;1;31;91;43m88[0;1;33;93;43m.......[0;1;31;91;43m8[0;1;33;93;43m.[0;1;31;91;43m8[0;31;40m8[0;34;40m::::[0;31;40mS:[0;34;40m..[0;1;33;93;43m...[0;1;31;91;43m8[0;31;43mX[0;1;31;91;43m8[0;1;33;93;43m.[0;1;31;91;43m8[0;30;41m8[0;34;40m.[0;31;40mSS[0;34;40m.......[0;31;40mt[0;34;40m.[0;30;41m8[0;1;31;91;43m88888888[0;33;41m8[0m         
          [0;34;40m .....[0;31;40m%[0;1;31;91;43m8[0;31;43m8[0;31;40m;[0;31;43m%[0;1;33;93;43m.[0;31;43mS[0;1;31;91;43m8[0;1;33;93;43m.[0;31;43mt[0;1;31;91;43m8[0;1;33;93;43m.[0;33;41m8[0;1;30;90;41m8[0;31;43mX[0;1;31;91;43m8[0;31;43mS[0;31;40mX[0;34;40m......[0;1;33;93;43m.......[0;31;43mX[0;31;40mS[0;31;43m%[0;1;31;91;43m8[0;31;40m;:[0;33;41m8[0;34;40m..[0;33;41m@[0;31;40m.[0;34;40m.[0;1;31;91;43m8[0;31;43m8[0;30;41m8[0;31;40m@[0;33;41m8[0;1;31;91;43m88888[0;30;41m8[0m          
            [0;34;40m...[0;31;40mS[0;31;43m8[0;31;40m8[0;34;40m..[0;1;31;91;43m8[0;31;43m%[0;31;40m:[0;31;43m8[0;1;33;93;43m.[0;1;30;90;41m8[0;31;40mS[0;31;43m%[0;1;31;91;43m8[0;31;40mX[0;34;40m..[0;31;40m;[0;33;41m8[0;31;40m;[0;34;40m.....[0;1;33;93;43m.....[0;1;31;91;43m8[0;31;43m%8[0;1;31;91;43m888[0;34;40m.[0;31;43m@[0;1;31;91;43m8[0;31;40mS.[0;1;31;91;43m8[0;31;43mX[0;31;40m%[0;30;41m8[0;1;31;91;43m888[0;31;43mt@[0;1;31;91;43m88[0;31;43m%[0m            
             [0;34;40m.......[0;31;43m%[0;31;40m8[0;34;40m.[0;31;40m:[0;31;43m%[0;33;41m8[0;34;40m..[0;31;40m8[0;31;43mS[0;34;40m..........[0;1;33;93;43m.[0;1;31;91;43m8888888888[0;31;40mX[0;1;31;91;43m88[0;31;43mt[0;31;40m;[0;1;31;91;43m888[0;31;43m88[0;1;31;91;43m88888[0;31;43m8[0m             
              [0;34;40m ....[0;31;40mt@[0;34;40m...[0;30;41m88[0;34;40m...[0;31;40m@[0;34;40m..........[0;1;31;91;43m8888888888[0;31;43m%[0;1;31;91;43m8888[0;33;41m8[0;1;31;91;43m8888[0;31;43m%[0;1;31;91;43m888[0;31;43m%[0;31;40m@[0m              
                [0;34;40m .......[0;31;40m:[0;34;40m...............[0;1;31;91;43m88888888888888888888888[0;33;41m@[0m                
                  [0;34;40m .....................[0;1;31;91;43m888888888888888888888[0;31;43m8[0m                  
                    [0;34;40m ...................[0;1;31;91;43m8888888888888888888[0;31;43m8[0m                    
                      [0;34;40m ................ [0;1;31;91;43m88888888888888888[0;31;43m8[0m                      
                        [0;34;40m                [0;1;31;91;43m888888888888888[0;33;41m8[0m                        
                          [0;34;40m              [0;1;31;91;43m888888888888[0;31;43mX[0;30;41m8[0m                          
                             [0;34;40m           [0;1;31;91;43m888888888[0;31;43mS[0;33;41m8[0m                             
                                [0;34;40m        [0;1;31;91;43m888888[0;31;43m%[0;33;41m8[0m                                
                                   [0;34;40m     [0;1;31;91;43m888[0;31;43mX[0;33;41m8[0m                                   
                                      [0;34;40m  [0;33;41m8[0;30;41m8[0m                                      
