[0;30;41m8[0;1;31;91;41m........:::::::::::::::::::::::::::::::::::::::::................ [0;1;30;90;41m.      [0;30;41m     8[0m
[0;30;41m%[0;1;31;91;41m888888[0;31;5;41;101m888888888888888888888888888888888888888888888[0;1;31;91;41m888888888888888888888@@@@@@[0;30;41m%[0m
[0;30;41m%[0;1;31;91;41m8888[0;31;5;41;101m888888888888888888888888888888888888888888888888[0;1;31;91;41m888888888888888888888@@@@@[0;30;41m%[0m
[0;30;41m%[0;1;31;91;41m888[0;31;5;41;101m888888888888888888888888888888888888888888888888888[0;1;31;91;41m88888888888888888888@@@@[0;30;41m%[0m
[0;30;41m%[0;1;31;91;41m8[0;31;5;41;101m88888[0;30;41mX[0;31;40m8888888888888888[0;30;41m8888888888[0;31;40m888888888888888888@@@@@@@@@@@@@@@XXXXX[0;30;41m8[0;1;31;91;41m888@@@[0;30;41m%[0m
[0;30;41m%[0;31;5;41;101m888888[0;31;40m8[0;34;40m:;;;;;;[0;1;30;90;40m%SSSSSXXXXXXXXXXXXXXXXXSSSSS%[0;34;40m;;;;;;::::::::..............[0;31;40m%[0;1;31;91;41m8888@@[0;30;41m%[0m
[0;30;41m%[0;31;5;41;101m888888[0;31;40m8[0;34;40m;;;;;[0;1;30;90;40m%SSSSXXXX@@@@@@@@@@@@@@XXXXXSSSS%[0;34;40m;;;;;::::::::.............[0;31;40m%[0;1;31;91;41m8888@@[0;30;41m%[0m
[0;30;41m%[0;31;5;41;101m888888[0;31;40m8[0;34;40m;;;[0;1;30;90;40m%S[0;31;40mSXX[0;1;30;90;40mXX@@@@88888[0;30;5;40;100m88888[0;1;30;90;40m88888@@@@X[0;31;40m@XXXXXSSSSSS%%%%%%%%%%%t;[0;34;40m.....[0;31;40m%[0;1;31;91;41m88888@[0;30;41m%[0m
[0;30;41m%[0;31;5;41;101m888888[0;31;40m8[0;34;40m;;[0;1;30;90;40m%SS[0;1;30;90;41mS[0;31;5;41;101m888888@@@@@@@@@@@@@@@@@@@8888888888888888888888[0;1;31;91;41m88888:[0;34;40m.....[0;31;40mS[0;1;31;91;41m88888@[0;30;41m%[0m
[0;30;41m%[0;31;5;41;101m888888[0;31;40m8[0;34;40m;[0;1;30;90;40mSSSX[0;1;30;90;41mX[0;31;5;41;101m888@@@@@@@@@@@XXX@8[0;1;31;91;41m8X[0;1;30;90;41m888888@@@X[0;1;31;91;41mSX8[0;31;5;41;101m88888888888888[0;1;31;91;41m8888:[0;34;40m.....[0;31;40mS[0;1;31;91;41m888888[0;30;41m%[0m
[0;30;41m%[0;31;5;41;101m888888[0;31;40m8[0;1;30;90;40mSSSXX[0;1;30;90;41mX[0;31;5;41;101m88@@@@@@@XXXXX[0;1;30;90;41m8[0;31;5;40;100m@S[0;35;5;40;100mt[0;36;5;40;100m;:::::::;;tt[0;30;5;40;100m%SX888[0;30;41m8[0;1;30;90;41m%[0;31;5;41;101m8888888888[0;1;31;91;41m8888:[0;34;40m.....[0;31;40mS[0;1;31;91;41m888888[0;30;41m%[0m
[0;30;41m%[0;31;5;41;101m888888[0;30;41m8[0;1;30;90;40mSSXX@[0;1;30;90;41m@[0;31;5;41;101m@@@@@@XXXXXXX@[0;30;5;40;100m@X[0;36;5;40;100m:.         ...:;t[0;30;5;40;100mSX8[0;1;30;90;40mX[0;31;40mt[0;1;31;91;41m8[0;31;5;41;101m8888888888[0;1;31;91;41m888:[0;34;40m.....[0;31;40mS[0;1;31;91;41m888888[0;30;41m%[0m
[0;30;41m%[0;31;5;41;101m888888[0;30;41m8[0;1;30;90;40mSXXX@[0;1;30;90;41m@[0;31;5;41;101m@@@@@XXXXXXXXX[0;1;30;90;41m8[0;30;5;40;100mXXXX@@@@88888[0;1;30;90;40m888@@XXXS[0;1;30;90;41mS[0;31;5;41;101m88888888888[0;1;31;91;41m888:[0;34;40m.....[0;31;40mS[0;1;31;91;41m888888[0;30;41m%[0m
[0;30;41m%[0;31;5;41;101m888888[0;30;41m8[0;1;30;90;40mSXX@@[0;1;30;90;41m8[0;31;5;41;101m@@@@XXXXXXXXXX[0;1;30;90;41m8[0;31;5;40;100mS[0;30;5;40;100mSSSXXX@@8888[0;1;30;90;40m8888@@XX[0;31;40m@[0;1;31;91;41mt[0;31;5;41;101m888888888888[0;1;31;91;41m88:[0;34;40m.....[0;31;40mS[0;1;31;91;41m888888[0;30;41m%[0m
[0;30;41m%[0;31;5;41;101m888888[0;30;41m8[0;1;30;90;40mXX@@8[0;1;30;90;41m8[0;31;5;41;101m@@@XXXXXXXX[0;31;5;40;100mSS[0;35;5;40;100m%[0;36;5;40;100m%[0;35;5;40;100mt%[0;36;5;40;100m%[0;30;5;40;100mSSSXX@@8888[0;1;30;90;40m888@@X[0;1;30;90;41mX[0;31;40m@[0;1;30;90;40mS[0;31;40mS[0;1;30;90;41m%[0;1;31;91;41mt[0;31;5;41;101m888888888[0;1;31;91;41m88:[0;34;40m.....[0;31;40mS[0;1;31;91;41m888888[0;30;41m%[0m
[0;30;41m%[0;31;5;41;101m888888[0;30;41m8[0;1;30;90;40mXX@@8[0;1;30;90;41m8[0;31;5;41;101m@@XXXXXXXX[0;31;5;40;100mS[0;36;5;40;100m%[0;35;5;40;100mttt[0;35;5;41;101mXX[0;35;5;40;100mt[0;36;5;40;100mt%[0;30;5;40;100mSSXX@@888[0;1;30;90;40m8888@[0;1;30;90;41m@[0;31;5;41;101m88[0;1;31;91;41mS[0;1;30;90;41mS[0;31;40m%[0;34;40m;[0;31;40m8[0;31;5;41;101m88888888[0;1;31;91;41m88:[0;34;40m.....[0;31;40mS[0;1;31;91;41m888888[0;30;41m%[0m
[0;30;41m%[0;31;5;41;101m888888[0;30;41m8[0;1;30;90;40mXX@@8[0;1;30;90;41m8[0;31;5;41;101m@@XXXXXXXS[0;35;5;41;101m8[0;35;5;40;100m%tt[0;35;5;41;101mXXXX[0;35;5;40;100mt[0;36;5;40;100mt[0;30;5;40;100m%SSX@@888[0;1;30;90;40m8888[0;1;30;90;41m@[0;31;5;41;101m8888[0;1;30;90;41mS[0;1;30;90;40m%[0;31;40m@[0;1;31;91;41m@[0;31;5;41;101m88888888[0;1;31;91;41m88:[0;34;40m.....[0;31;40mS[0;1;31;91;41m888888[0;30;41m%[0m
[0;30;41m%[0;31;5;41;101m888888[0;30;41m8[0;1;30;90;40mXX@@8[0;1;30;90;41m8[0;31;5;41;101m@@XXXXXXXS[0;35;5;41;101mX@[0;35;5;40;100mt;;[0;35;5;41;101mXX[0;35;5;40;100m;t[0;36;5;40;100mt%[0;30;5;40;100mSSXX@8888[0;1;30;90;40m888[0;1;30;90;41m@[0;1;31;91;41m@[0;31;5;41;101m88[0;1;30;90;41mS[0;1;30;90;40mS[0;31;40m8[0;1;31;91;41m8[0;31;5;41;101m888888888[0;1;31;91;41m88:[0;34;40m.....[0;31;40mS[0;1;31;91;41m888888[0;30;41m%[0m
[0;30;41m%[0;31;5;41;101m888888[0;30;41m8[0;1;30;90;40mXX@@8[0;1;30;90;41m8[0;31;5;41;101m@@XXXXXXXX[0;35;5;41;101mXX@[0;35;5;40;100mt;;;;[0;36;5;40;100mtt[0;30;5;40;100m%SSX@@888[0;1;30;90;40m8888@@[0;1;30;90;41mXX[0;1;30;90;40mX[0;31;40m8[0;1;31;91;41m8[0;31;5;41;101m8888888888[0;1;31;91;41m88:[0;34;40m.....[0;31;40mS[0;1;31;91;41m888888[0;30;41m%[0m
[0;30;41m%[0;31;5;41;101m888888[0;30;41m8[0;1;30;90;40mXX@@8[0;1;30;90;41m8[0;31;5;41;101m@@XXXXXXXXXS[0;35;5;41;101mX8[0;35;5;40;100mt[0;36;5;40;100mtttt[0;30;5;40;100m%SSXX@@888[0;1;30;90;40m8888@@XXS[0;1;31;91;41m@[0;31;5;41;101m88888888888[0;1;31;91;41m88:[0;34;40m.....[0;31;40mS[0;1;31;91;41m888888[0;30;41m%[0m
[0;30;41m%[0;31;5;41;101m888888[0;30;41m8[0;1;30;90;40mXX@@8[0;1;30;90;41m8[0;31;5;41;101m@@@XXXXXXXXX8[0;31;5;40;100m%[0;30;5;40;100m%%%SSSSXX@@888[0;1;30;90;40m8888@@XXSS[0;31;40mX[0;1;31;91;41mS[0;31;5;41;101m8888888888[0;1;31;91;41m88:[0;34;40m.....[0;31;40mX[0;1;31;91;41m888888[0;30;41m%[0m
[0;30;41mS[0;31;5;41;101m888888[0;1;30;90;41mS[0;1;30;90;40mSXX@@[0;1;30;90;41m8[0;31;5;41;101m@@@@XXXXXXX[0;1;31;91;41m8[0;31;5;40;100mS[0;30;5;40;100mSSSSSXXX@@@8888[0;1;30;90;40m8888@@XXSS%[0;31;40m%[0;1;31;91;41m%[0;31;5;41;101m88888888[0;1;31;91;41m888[0;1;30;90;41m:[0;34;40m.....[0;31;40m8[0;1;31;91;41m888888[0;30;41mS[0m
[0;30;41m8[0;31;5;41;101m888888[0;1;30;90;41mS[0;1;30;90;40mSXXX@[0;1;30;90;41m@[0;31;5;41;101m@@@@@XXXXX8[0;31;5;40;100m@[0;30;5;40;100m@XXXXX@@@@8888[0;1;30;90;40m88888@@XXSSS[0;34;40m;;[0;31;40mS[0;1;31;91;41m@[0;31;5;41;101m8888888[0;1;31;91;41m888[0;30;41m;[0;34;40m.....[0;30;41m@[0;1;31;91;41m888888[0;30;41m8[0m
[0;31;40mX[0;31;5;41;101m888888[0;1;30;90;41m%[0;1;30;90;40mSSXXX[0;1;30;90;41m@[0;31;5;41;101m8@@@@@@XXX[0;31;5;40;100m8[0;30;5;40;100m8@@@@@@8888888[0;1;30;90;40m88888@@XXSSS%[0;34;40m;;;[0;30;41m@[0;31;5;41;101m8888888[0;1;31;91;41m888[0;30;41m8[0;34;40m.....[0;30;41m:[0;1;31;91;41m888888[0;31;40m@[0m
 [0;1;31;91;41m8[0;31;5;41;101m88888[0;1;31;91;41m8[0;31;40mt[0;1;30;90;40mSSXX@[0;31;5;41;101m88@@@@@@@@[0;30;5;40;100m8888888888888[0;1;30;90;40m88888@@@XXSSS%[0;34;40m;;;;[0;31;40m;[0;1;31;91;41m8[0;31;5;41;101m88888[0;1;31;91;41m8888[0;31;40m%[0;34;40m....[0;31;40m.[0;1;31;91;41m%888888[0m 
 [0;1;31;91;41m;[0;31;5;41;101m888888[0;30;41m8[0;1;30;90;40m%SSSX[0;1;30;90;41mX[0;31;5;41;101m888@@@@@[0;1;31;91;41m8[0;1;30;90;40m88[0;30;5;40;100m888888[0;1;30;90;40m88888888@@@XXXSSS%[0;34;40m;;;;::[0;1;31;91;41mt[0;31;5;41;101m8888[0;1;31;91;41m8888:[0;34;40m.....[0;31;40mX[0;1;31;91;41m888888t[0m 
 [0;30;41mS[0;31;5;41;101m888888[0;1;30;90;41m%[0;34;40m;[0;1;30;90;40m%SSS[0;30;41m8[0;31;5;41;101m88888@@@[0;1;31;91;41m8[0;1;30;90;40m88888888888888@@@@XXXSSS[0;34;40m;;;;;:::[0;1;31;91;41mt[0;31;5;41;101m8888[0;1;31;91;41m8888[0;31;40m8[0;34;40m.....[0;30;41m;[0;1;31;91;41m888888[0;30;41m%[0m 
  [0;1;31;91;41m8[0;31;5;41;101m888888[0;31;40mX[0;34;40m;;[0;1;30;90;40m%SS[0;1;30;90;41mS[0;31;5;41;101m88888888[0;1;30;90;40m8888888888@@@@@XXXXSSS%[0;34;40m;;;;;:::[0;31;40m:[0;1;31;91;41m@[0;31;5;41;101m888[0;1;31;91;41m8888;[0;31;40m.[0;34;40m....[0;31;40mt[0;1;31;91;41m@88888@[0;31;40m%[0m 
  [0;1;30;90;41m:[0;31;5;41;101m888888[0;1;30;90;41mt[0;34;40m;;;;[0;1;30;90;40mS[0;31;40m@[0;1;31;91;41m8[0;31;5;41;101m8888888[0;1;30;90;41m@[0;1;30;90;40m@@@@@@@@@@XXXXXSSSS%[0;34;40m;;;;;;::::[0;31;40m8[0;31;5;41;101m888[0;1;31;91;41m88888[0;31;40mS[0;34;40m.....[0;30;41m:[0;1;31;91;41m888888.[0m  
  [0;31;40mS[0;1;31;91;41m8[0;31;5;41;101m888888[0;30;41m8[0;34;40m;;;;;[0;1;30;90;41mS[0;31;5;41;101m8888888[0;1;31;91;41mX[0;1;30;90;40mXXXXXXXXXXXXSSSSS%[0;34;40m;;;;;;:::::[0;31;40m:[0;1;31;91;41m%[0;31;5;41;101m88[0;1;31;91;41m88888[0;30;41mS[0;34;40m.....[0;31;40m@[0;1;31;91;41m888888@[0;31;40mX[0m  
   [0;30;41m:[0;31;5;41;101m888888[0;1;31;91;41m@[0;31;40mS[0;34;40m;;;;;[0;1;30;90;41m%[0;31;5;41;101m8888888[0;1;30;90;41mS[0;1;30;90;40mSSSSSSSSSSSS%%[0;34;40m;;;;;;;::::::[0;31;40m:[0;1;30;90;41m;[0;31;5;41;101m8[0;1;31;91;41m888888[0;1;30;90;41m:[0;31;40m.[0;34;40m....[0;31;40m;[0;1;31;91;41mS888888[0;30;41m.[0m   
    [0;1;31;91;41mX[0;31;5;41;101m888888[0;1;31;91;41mt[0;31;40m;[0;34;40m:;;;[0;31;40m;[0;1;30;90;41mt[0;31;5;41;101m8888888[0;1;30;90;41m%[0;1;30;90;40mSSSSS%%%[0;34;40m;;;;;;;;;;:::::::[0;31;40m:[0;30;41mt[0;31;5;41;101m8[0;1;31;91;41m888888;[0;31;40m:[0;34;40m....[0;31;40m.[0;1;30;90;41m.[0;1;31;91;41m888888S[0m    
    [0;31;40m8[0;1;31;91;41m8[0;31;5;41;101m888888[0;1;30;90;41m;[0;31;40m:[0;34;40m:::;[0;31;40m;[0;1;30;90;41mt[0;31;5;41;101m8888888[0;1;31;91;41mt[0;31;40m@[0;34;40m;;;;;;;;;;;;;:::::::::[0;31;40mS[0;1;30;90;41m:[0;1;31;91;41m8888888:[0;31;40m;[0;34;40m.....[0;30;41m%[0;1;31;91;41m888888@[0;31;40m8[0m    
     [0;30;41m@[0;1;31;91;41m88[0;31;5;41;101m88888[0;1;30;90;41m;[0;31;40m:[0;34;40m::::[0;31;40m;[0;1;30;90;41mt[0;31;5;41;101m88888888[0;1;30;90;41mt[0;30;41m8[0;31;40mt[0;34;40m;;;;;;::::::::::[0;31;40m:[0;30;41m8[0;1;30;90;41m:[0;1;31;91;41m88888888[0;30;41m;[0;31;40m.[0;34;40m.....[0;30;41mS[0;1;31;91;41m888888@[0;30;41mX[0m     
      [0;30;41mt[0;1;31;91;41m888[0;31;5;41;101m8888[0;1;30;90;41m;[0;31;40m:[0;34;40m:::::[0;30;41m8[0;1;31;91;41m8[0;31;5;41;101m88888888[0;30;41m%[0;34;40m:::[0;31;40m:[0;34;40m::::::::[0;31;40m:[0;34;40m:::[0;30;41m@[0;1;31;91;41m888888888[0;30;41m8[0;34;40m.....[0;31;40m.[0;30;41m%[0;1;31;91;41m888888@[0;30;41m;[0m      
       [0;30;41m:[0;1;31;91;41m88888[0;31;5;41;101m88[0;1;30;90;41m:[0;31;40m;[0;34;40m:::::[0;31;40mS[0;1;31;91;41mt[0;31;5;41;101m888888[0;1;30;90;41m;[0;31;40m:[0;34;40m::[0;30;41m%[0;1;31;91;41m8;[0;31;40m8[0;34;40m::::[0;31;40m@[0;1;31;91;41m;8[0;30;41mt[0;31;40m.[0;34;40m..[0;30;41m%[0;1;31;91;41m888888t[0;31;40mS[0;34;40m.....[0;31;40m.[0;30;41m:[0;1;31;91;41m88888@@[0;30;41m.[0m       
        [0;30;41m;[0;1;31;91;41m8888888%[0;31;40mS[0;34;40m:::::[0;31;40m:[0;30;41mS[0;1;31;91;41m8[0;31;5;41;101m888[0;30;41mt[0;34;40m:::[0;30;41mS[0;31;5;41;101m888[0;31;40mX[0;34;40m::::[0;31;40m%[0;1;31;91;41m888[0;30;41mt[0;31;40m.[0;34;40m..[0;30;41m%[0;1;31;91;41m888@[0;30;41mS[0;31;40m:[0;34;40m.....[0;31;40mt[0;1;31;91;41m:88888@@[0;30;41m:[0m        
         [0;30;41mS[0;1;31;91;41m8888888@[0;30;41m8[0;34;40m...:::[0;31;40mt[0;1;30;90;41m:[0;1;31;91;41m88[0;30;41m;88t[0;31;5;41;101m888[0;1;31;91;41mS[0;31;40m.[0;34;40m.....[0;1;31;91;41m;888[0;1;30;90;41m:[0;30;41m88t[0;1;31;91;41m88[0;1;30;90;41m:[0;31;40mt[0;34;40m......[0;31;40m@[0;1;31;91;41mS88888@@[0;30;41mS[0m         
          [0;31;40m8[0;1;31;91;41m@8888888[0;1;30;90;41m:[0;31;40m;[0;34;40m......[0;31;40mX[0;1;30;90;41m:[0;1;31;91;41m8888888[0;1;30;90;41m:[0;34;40m......[0;1;30;90;41m:[0;1;31;91;41m8888888:[0;31;40mX[0;34;40m......[0;31;40m:[0;30;41m;[0;1;31;91;41m88888@@X[0;31;40m8[0m          
            [0;1;31;91;41m;8888888X[0;30;41m8[0;31;40m.[0;34;40m......[0;31;40mX[0;1;30;90;41m:[0;1;31;91;41m88888@[0;1;30;90;41m::::::[0;1;31;91;41mX88888[0;1;30;90;41m.[0;31;40mX[0;34;40m.......[0;31;40m8[0;1;31;91;41mS8888@@@;[0m            
             [0;30;41m%[0;1;31;91;41m88888888;[0;31;40mS[0;34;40m.......[0;31;40mt[0;30;41mt[0;1;31;91;41m@888888888888@[0;30;41m;[0;31;40m%[0;34;40m.......[0;31;40m%[0;1;30;90;41m.[0;1;31;91;41m8888@@@@[0;30;41m%[0m             
              [0;31;40mS[0;1;31;91;41m;88888888[0;1;30;90;41m:[0;31;40m%[0;34;40m.......[0;31;40m:[0;30;41m8[0;1;31;91;41m:88888888:[0;30;41m8[0;31;40m:[0;34;40m.......[0;31;40mt[0;30;41m;[0;1;31;91;41m@888@@@@;[0;31;40mS[0m              
                [0;30;41m8[0;1;31;91;41mS88888888[0;1;30;90;41m:[0;31;40m%[0;34;40m........[0;31;40mt[0;30;41mX[0;1;31;91;41m;88t[0;30;41mS[0;31;40m%[0;34;40m........[0;31;40mt[0;30;41mt[0;1;31;91;41m@888@@@@S[0;30;41m8[0m                
                  [0;30;41m%[0;1;31;91;41m@88888888[0;1;30;90;41m.[0;31;40mS[0;34;40m.........[0;31;40mt%[0;34;40m........ [0;31;40m%[0;30;41m;[0;1;31;91;41m@88@@@@@@[0;30;41mt[0m                  
                    [0;30;41mt[0;1;31;91;41m@88888888:[0;30;41m8[0;31;40m.[0;34;40m............  [0;31;40m.8[0;1;31;91;41m @8@@@@@@X[0;30;41mt[0m                    
                      [0;30;41m%[0;1;31;91;41mX88888888S[0;30;41m%[0;31;40m%[0;34;40m....      [0;31;40mt[0;30;41mS[0;1;31;91;41m%@@@@@@@@X[0;30;41m%[0m                      
                        [0;30;41m@[0;1;31;91;41m%888888888:[0;30;41m@[0;31;40m;[0;34;40m    [0;31;40m:[0;30;41m8[0;1;31;91;41m:@@@@@@@@@%[0;30;41m@[0m                        
                          [0;31;40m@[0;30;41m.[0;1;31;91;41m@888@@@@@@.[0;30;41m88[0;1;30;90;41m [0;1;31;91;41m@@@@@@@@@@[0;30;41m [0;31;40m8[0m                          
                             [0;30;41m@[0;1;31;91;41m:@@@@@@@@@@@@@@@@@@:[0;30;41m@[0m                             
                                [0;30;41mX[0;1;31;91;41m;@@@@@@@@@@@@t[0;30;41mS[0m                                
                                   [0;30;41m@[0;1;31;91;41m X@@@@@.[0;30;41m@[0m                                   
                                      [0;31;40m@[0;30;41mS%[0;31;40m@[0m                                      
