[0;34;40m;[0;1;30;90;40m%%%SSSSS@@SS%SSSS@[0;36;5;40;100m [0;32;5;40;100m%8@@[0;32;40m;[0;32;5;40;100m@[0;36;5;40;100m;[0;30;5;40;100m8[0;32;5;40;100mS[0;32;40m%[0;34;40m:::::::::;[0;1;30;90;40m@SSSSSSS8[0;30;5;40;100m88[0;36;5;40;100m [0;30;5;40;100m8[0;1;30;90;40m%S%%%%@[0;34;40m......              [0m
[0;1;30;90;40mS[0;34;40m......::::::::::::[0;36;5;40;100m [0;32;5;40;100mX[0;1;30;90;40mS[0;32;40m;[0;34;40m;;[0;32;40m;[0;1;30;90;40mX[0;34;40m;;;;;;;;[0;32;40m;;[0;34;40m;;[0;1;30;90;40mXX[0;34;40m:::::::[0;32;40mt[0;32;5;40;100mX[0;34;40m:[0;30;5;40;100m8[0;36;5;40;100m.[0;32;40mt[0;34;40m.....[0;1;30;90;40m8[0;34;40m.....[0;36;5;40;100m;[0;1;30;90;40mX[0;32;40mt[0;32;5;40;100m88[0;32;40m;[0;34;40m         [0m
[0;1;30;90;40mS[0;34;40m....:::::::::::;;;[0;32;40mt[0;37;5;40;100m%[0;32;5;40;100mS[0;34;40m;;;;;;;;;;;;;[0;32;5;40;100mX[0;1;30;90;47m8[0;32;5;40;100mX[0;36;5;40;100m [0;37;5;40;100mt[0;36;5;40;100m.[0;34;40m;;:::[0;30;5;40;100m8[0;32;5;40;100mX[0;30;5;40;100m8[0;32;5;40;100mXX[0;1;30;90;47m88[0;32;5;40;100m@[0;36;5;40;100m%[0;32;40m%[0;34;40m...[0;1;30;90;40m8[0;34;40m...[0;32;40m:[0;32;5;40;100m8[0;1;30;90;47m888[0;37;5;40;100m%[0;1;30;90;47m8[0;32;40m:[0;34;40m         [0m
[0;1;30;90;40mX[0;34;40m...:::::::::;;;;;;[0;1;30;90;40m%[0;30;5;40;100m8[0;36;5;40;100m; [0;1;30;90;40m8SSSSSSSSSS[0;32;5;40;100mX[0;1;30;90;47m88888[0;32;5;40;100mS[0;34;40m;;;;;[0;32;5;40;100mX[0;1;30;90;47m88[0;36;5;40;100m .[0;1;30;90;47m8888[0;36;5;40;100m :[0;32;40m%[0;34;40m.[0;1;30;90;40m8[0;34;40m:..[0;32;40m.[0;32;5;40;100mX[0;36;5;40;100m %[0;37;5;40;100mt[0;1;30;90;47m8[0;30;5;40;100m8[0;34;40m..        [0m
[0;1;30;90;40mX[0;34;40m.:[0;1;30;90;40mX[0;36;5;40;100m;[0;32;40m:[0;1;30;90;40m8[0;32;5;40;100m@8[0;34;40m::;;;;;;;[0;1;30;90;40m%S[0;30;5;40;100m@[0;1;30;90;40mS8[0;36;5;40;100m  [0;32;5;40;100m@[0;1;30;90;40mSSXXXSSSS[0;32;5;40;100m%[0;36;5;40;100m [0;37;5;40;100mS[0;1;30;90;47m@8[0;30;5;40;100m8[0;34;40m;;;;;[0;36;5;40;100mt[0;1;30;90;47mX8X[0;36;5;40;100m [0;1;30;90;47m@X[0;36;5;40;100m%[0;1;30;90;40m8[0;32;40m:t[0;36;5;40;100m:t[0;1;30;90;40m8[0;34;40m:..[0;32;40m.[0;36;5;40;100m%[0;32;5;40;100m8[0;1;30;90;47m8[0;36;5;40;100m.  [0;34;40m...       [0m
[0;1;30;90;40mX[0;34;40m:[0;32;40m%[0;36;5;40;100m:[0;1;30;90;47m8888[0;36;5;40;100m [0;34;40m;;;;;;[0;1;30;90;40m%SSSX[0;30;5;40;100mX[0;1;30;90;40mXXX8[0;36;5;40;100m:[0;37;5;40;100mt[0;36;5;40;100m;[0;1;30;90;40m@XXXX@[0;36;5;40;100m.:[0;32;5;40;100mX[0;1;30;90;47m8[0;32;5;40;100m%[0;36;5;40;100m [0;32;5;40;100mX[0;1;30;90;40mSS%[0;34;40m;[0;32;40mt[0;1;30;90;47m88[0;36;5;40;100m:[0;1;30;90;47m8@8X[0;32;5;40;100m8[0;34;40m::::[0;30;5;40;100m8[0;36;5;40;100m [0;1;30;90;40m@[0;34;40m.[0;32;40m:[0;36;5;40;100m:[0;30;5;40;100m8[0;34;40m.[0;32;40m%;[0;34;40m.....       [0m
[0;1;30;90;40mX[0;34;40m;[0;1;30;90;40m@[0;36;5;40;100m . [0;1;30;90;47m88[0;1;30;90;40mXSXXX@@@@888[0;30;5;40;100mS[0;1;30;90;40m888888[0;36;5;40;100mt[0;1;30;90;47m8[0;32;5;40;100mS[0;1;30;90;40m88[0;36;5;40;100mt [0;32;5;40;100mX[0;1;30;90;40m8888[0;30;5;40;100m88[0;1;30;90;40m8@@@XXXX8[0;36;5;40;100m [0;1;30;90;47m88[0;1;30;90;40mX[0;34;40m;;;;;[0;1;30;90;40m8[0;36;5;40;100m : [0;30;5;40;100m8[0;34;40m;;;;;::[0;1;30;90;40m@[0;32;5;40;100m8[0;32;40m;[0;32;5;40;100mS[0;36;5;40;100m [0;32;40m%[0;34;40m::.[0m
[0;1;30;90;40m@[0;32;5;40;100m8[0;36;5;40;100m%[0;32;5;40;100mS[0;36;5;40;100m%[0;1;30;90;47m8[0;36;5;40;100m [0;1;30;90;47m8[0;36;5;40;100m%[0;1;30;90;40mX[0;30;5;40;100m@[0;1;30;90;40mX@@@888888888[0;30;5;40;100m8888[0;36;5;40;100m  [0;37;5;40;100mXS[0;36;5;40;100mt[0;1;30;90;40m8[0;30;5;40;100m8[0;1;30;90;40m88888888@@@@XX[0;30;5;40;100m8[0;1;30;90;40m@S@S[0;34;40m;;;;;;;[0;32;5;40;100m8[0;36;5;40;100m [0;32;5;40;100m8[0;32;40m;[0;34;40m;;::[0;1;30;90;40m8[0;34;40m:[0;32;5;40;100mS[0;1;30;90;47m8[0;37;5;40;100m%[0;1;30;90;47m88[0;32;40m;[0;34;40m::;[0m
[0;1;30;90;40m@[0;32;40m%[0;34;40m::[0;32;40m;[0;30;5;40;100m8[0;34;40m;;;;[0;30;5;40;100m@[0;1;30;90;40mSSSXXX@@@88888888[0;36;5;40;100m [0;30;5;40;100m8[0;36;5;40;100m:[0;37;5;40;100m%[0;30;5;40;100m8[0;1;30;90;40m888888@@@XX[0;36;5;40;100mt[0;32;5;40;100m8[0;1;30;90;40mS8[0;30;5;40;100m8@[0;1;30;90;40mX[0;34;40m;;;:::::::.[0;32;40m:[0;32;5;40;100m@[0;36;5;40;100m.t[0;30;5;40;100m8[0;32;5;40;100m8[0;30;5;40;100m8[0;32;5;40;100m@[0;1;30;90;40m8[0;32;5;40;100m8S[0;37;5;40;100m;%[0;1;30;90;47m88[0;32;5;40;100mX[0;32;40m [0;34;40m;[0m
[0;1;30;90;40m@[0;34;40m:::;;;;;[0;1;30;90;40mS[0;30;5;40;100mX[0;1;30;90;40mSXX8[0;1;30;90;47m8[0;32;5;40;100mS[0;36;5;40;100m:  [0;1;30;90;40m88888[0;30;5;40;100m@[0;36;5;40;100m;%.t[0;1;30;90;47m@[0;1;37;97;47m [0;36;5;40;100m  [0;30;5;40;100m@[0;1;30;90;40m888888@@[0;30;5;40;100m8[0;1;30;90;47m8888X[0;36;5;40;100m;[0;1;30;90;40mX[0;34;40m;;;;::::::....[0;32;40m;[0;32;5;40;100m8[0;36;5;40;100m%t;[0;32;5;40;100mS[0;1;30;90;47m8[0;37;5;40;100m%[0;1;30;90;47m88888[0;32;5;40;100m8[0;34;40m;[0m
[0;32;5;40;100m8[0;36;5;40;100m [0;1;30;90;40m8[0;34;40m;;;;;[0;1;30;90;40mSS[0;30;5;40;100mX[0;1;30;90;40mXX[0;30;5;40;100m8[0;37;5;40;100m%[0;1;30;90;47m8[0;1;37;97;47m [0;1;30;90;47m8@[0;37;5;40;100mS[0;1;30;90;40m8[0;30;5;40;100m8888[0;36;5;40;100m.[0;1;30;90;47m@[0;1;37;97;47m [0;1;30;90;47m8[0;37;5;40;100m%[0;1;30;90;47mXSS88[0;37;5;40;100m%[0;32;5;40;100mX[0;1;30;90;40m888888[0;36;5;40;100m:[0;1;30;90;47m8[0;36;5;40;100m.[0;1;30;90;47m8S[0;36;5;40;100m [0;30;5;40;100m8[0;1;30;90;40m@[0;34;40m;;;;:::::::.......[0;1;30;90;40m8[0;32;40mtt[0;36;5;40;100m.[0;1;30;90;47m8[0;36;5;40;100mt.t[0;32;40mS[0;34;40m ;[0m
[0;1;30;90;40mX[0;32;40m%[0;36;5;40;100m. [0;30;5;40;100m8[0;34;40m;;[0;1;30;90;40mSSS[0;30;5;40;100mX[0;1;30;90;40mX@@[0;36;5;40;100m% [0;37;5;40;100m%[0;1;30;90;47mX[0;1;37;97;47m [0;32;5;40;100mS[0;30;5;40;100m88888[0;36;5;40;100m;[0;1;37;97;47m   [0;1;30;90;47m8[0;1;37;97;47m  [0;1;30;90;47m8[0;36;5;40;100m [0;30;5;40;100mXX[0;37;5;40;100mSt[0;30;5;40;100m8[0;1;30;90;40m8888[0;32;5;40;100mS[0;36;5;40;100m [0;1;30;90;47m8888[0;30;5;40;100mX[0;1;30;90;40m@%[0;34;40m;;;;:::::::......[0;1;30;90;40m8[0;34;40m..[0;32;40m.[0;32;5;40;100m8[0;32;40m.[0;34;40m.[0;32;40m;[0;32;5;40;100mX[0;36;5;40;100m [0;30;5;40;100m8[0m
[0;1;30;90;40mX[0;34;40m:;[0;1;30;90;40mX[0;36;5;40;100m: %[0;1;30;90;40mXSX[0;30;5;40;100mS[0;1;30;90;40mX@[0;32;5;40;100mS[0;36;5;40;100m [0;32;5;40;100mS[0;1;37;97;47m [0;36;5;40;100m [0;37;5;40;100mS[0;36;5;40;100m [0;30;5;40;100m88@@@[0;1;30;90;47m8[0;1;37;97;47m [0;1;30;90;47m8X[0;1;37;97;47m [0;1;30;90;47m@[0;1;37;97;47m [0;1;30;90;47m8[0;30;5;40;100m@@@8[0;36;5;40;100m;[0;1;30;90;47m8[0;36;5;40;100mt[0;30;5;40;100m8[0;1;30;90;40m8[0;36;5;40;100m;[0;37;5;40;100m%[0;1;30;90;40m8[0;30;5;40;100m@[0;32;5;40;100m@[0;1;30;90;40mXX[0;30;5;40;100m8[0;1;30;90;40m@S%[0;34;40m;;;;::::::......[0;1;30;90;40m8[0;34;40m....... [0;32;40m.[0;1;30;90;40mX[0m
[0;1;30;90;40mX@@888[0;32;5;40;100m@[0;37;5;40;100m%[0;36;5;40;100m;[0;30;5;40;100m88[0;32;5;40;100mS[0;36;5;40;100m :[0;30;5;40;100m@XSSS[0;36;5;40;100m%.t;;;:::.[0;1;30;90;47m8[0;1;37;97;47m  [0;36;5;40;100m :;;ttt[0;37;5;40;100mXXX[0;36;5;40;100m [0;30;5;40;100mX@@8888@[0;36;5;40;100m:[0;1;30;90;40m8[0;36;5;40;100m;[0;37;5;40;100mt[0;32;5;40;100mX[0;1;30;90;40m@@@[0;30;5;40;100m8[0;1;30;90;40mXXXXXXSSSXSSS%%[0;34;40m;;;;:[0m
[0;1;30;90;40mX[0;34;40m;;;;[0;1;30;90;40m%S[0;36;5;40;100m :   [0;1;30;90;40m8888[0;30;5;40;100m888@[0;36;5;40;100m.[0;30;5;40;100m@XXSS%[0;36;5;40;100m%%tt [0;30;5;40;100mSSSXX@@S[0;36;5;40;100m [0;1;30;90;47m8[0;36;5;40;100m;[0;1;30;90;40m888@@XX[0;32;5;40;100m@[0;1;37;97;47m [0;1;30;90;47m8@X[0;30;5;40;100m8[0;34;40m;;:[0;1;30;90;40m8[0;34;40m::::.............   [0m
[0;1;30;90;40mX[0;34;40m;;;;[0;1;30;90;40m%S[0;36;5;40;100m.[0;1;30;90;40mX[0;32;5;40;100m@[0;36;5;40;100m [0;30;5;40;100m8[0;1;30;90;40m8888[0;30;5;40;100m888@[0;36;5;40;100m.[0;30;5;40;100mXX[0;36;5;40;100m: %t::tttt%[0;30;5;40;100mSSXX@[0;36;5;40;100m%[0;30;5;40;100m%8[0;36;5;40;100m [0;37;5;40;100mS[0;36;5;40;100m [0;32;5;40;100mX[0;36;5;40;100mt[0;32;5;40;100m%SX@[0;36;5;40;100m.[0;37;5;40;100mt[0;1;30;90;47m8@8[0;36;5;40;100m;[0;32;40m;[0;34;40m:[0;1;30;90;40m8[0;34;40m::::..............  [0m
[0;1;30;90;40mX[0;34;40m;;;[0;32;40m;[0;1;30;90;40m88[0;30;5;40;100m8[0;32;5;40;100m@[0;36;5;40;100m [0;1;30;90;47mX[0;36;5;40;100m  [0;30;5;40;100m@[0;1;30;90;40m8[0;30;5;40;100m8888@[0;36;5;40;100m [0;30;5;40;100mXS[0;1;30;90;47m8[0;1;37;97;47m [0;1;30;90;47mS[0;1;37;97;47m  [0;1;30;90;47m8[0;36;5;40;100m;;;tt[0;30;5;40;100m%SSX@[0;36;5;40;100mt%[0;30;5;40;100m88[0;1;30;90;40m8[0;30;5;40;100m@[0;36;5;40;100m:   ;[0;1;30;90;47m888[0;1;37;97;47m [0;1;30;90;47m88X[0;36;5;40;100m [0;34;40m:[0;1;30;90;40m8[0;34;40m::::..............  [0m
[0;1;30;90;40mX[0;34;40m;;;[0;32;5;40;100m8[0;1;30;90;47m8[0;1;37;97;47m [0;1;30;90;47m8[0;36;5;40;100m:[0;1;30;90;47m88888[0;37;5;40;100mt[0;30;5;40;100mX88@@[0;36;5;40;100m [0;30;5;40;100mX[0;36;5;40;100m [0;1;30;90;47mS8S[0;1;37;97;47m [0;1;30;90;47m%[0;36;5;40;100m.::;tt%[0;30;5;40;100mSSXX[0;36;5;40;100mt%[0;30;5;40;100m888[0;1;30;90;40m888@@[0;30;5;40;100m8[0;32;5;40;100m@[0;36;5;40;100m [0;1;30;90;47m888[0;36;5;40;100m [0;30;5;40;100m8[0;34;40m;:[0;1;30;90;40m8[0;34;40m::::..............  [0m
[0;1;30;90;40mX[0;34;40m;;;[0;1;30;90;40mS[0;37;5;40;100m%[0;1;30;90;47mX888[0;1;37;97;47m [0;1;30;90;47m8[0;36;5;40;100m ;[0;30;5;40;100m@[0;37;5;40;100m%%[0;30;5;40;100m@8@[0;36;5;40;100m [0;30;5;40;100mX[0;32;5;40;100m%[0;1;30;90;47m88%[0;1;37;97;47m  [0;36;5;40;100m ;;;tt[0;30;5;40;100m%SSX@[0;36;5;40;100mt%[0;30;5;40;100m88[0;1;30;90;40m8888@@XXS[0;36;5;40;100m;[0;1;30;90;40m8[0;32;40m;[0;1;30;90;40m8[0;36;5;40;100m; [0;32;5;40;100m%[0;30;5;40;100m8[0;34;40m::::..............  [0m
[0;1;30;90;40mX@88[0;36;5;40;100m [0;1;30;90;47mS88[0;1;37;97;47m [0;1;30;90;47m8[0;1;37;97;47m [0;1;30;90;47m8[0;30;5;40;100m@@XX[0;36;5;40;100m:[0;1;30;90;47m8[0;36;5;40;100m.t.:[0;1;30;90;47m8[0;36;5;40;100m  [0;37;5;40;100mS[0;36;5;40;100m.    ...::;;t;;[0;30;5;40;100mSSXX@@8888[0;1;30;90;40m888888@[0;32;5;40;100m%[0;36;5;40;100m .[0;32;5;40;100m@[0;1;30;90;40m@8[0;36;5;40;100m;[0;1;30;90;40mXSSSXSSSS%%[0;34;40m;;;:[0m
[0;1;30;90;40mX[0;34;40m;;;;[0;1;30;90;40m%SX[0;36;5;40;100m [0;1;30;90;47m@[0;1;37;97;47m [0;37;5;40;100mt[0;1;30;90;40m8888[0;30;5;40;100m88[0;37;5;40;100m%S[0;36;5;40;100m [0;1;30;90;47m8[0;36;5;40;100mt[0;30;5;40;100mXSSS%%[0;36;5;40;100m; [0;30;5;40;100m%[0;36;5;40;100m;[0;37;5;40;100m%[0;36;5;40;100m [0;30;5;40;100mXX@@888[0;1;30;90;40m8888@@X[0;30;5;40;100m8[0;1;30;90;40m8SS[0;34;40m;;;;::[0;32;40m:[0;1;30;90;40m8[0;36;5;40;100m.[0;1;30;90;47m8[0;37;5;40;100m%[0;1;30;90;47m8[0;36;5;40;100m [0;32;5;40;100m8[0;1;30;90;40m@[0;32;40m:[0;1;30;90;40m8[0;34;40m.......  [0;1;30;90;40m%[0m
[0;1;30;90;40mX[0;34;40m;;;;;[0;1;30;90;40mSSS8[0;36;5;40;100m [0;30;5;40;100m8[0;1;30;90;40m@8888[0;30;5;40;100m88[0;36;5;40;100m:[0;1;30;90;47m@[0;36;5;40;100m.[0;30;5;40;100m@XXXXSS[0;36;5;40;100mt[0;1;37;97;47m [0;1;30;90;47mX[0;1;37;97;47m  [0;37;5;40;100mS[0;30;5;40;100m@@@8888[0;1;30;90;40m8888@@X[0;30;5;40;100m8[0;1;30;90;40m@S%[0;34;40m;;;;::[0;36;5;40;100m:[0;1;30;90;47m@888888[0;32;5;40;100m8[0;36;5;40;100m%;:%[0;1;30;90;40m@[0;32;40m.[0;34;40m...  ;[0m
[0;1;30;90;40m%[0;34;40m;[0;32;40m;[0;30;5;40;100m8[0;34;40m;;[0;1;30;90;40m%SSX[0;30;5;40;100mX[0;1;30;90;40mX@@8888[0;30;5;40;100m888[0;36;5;40;100m [0;1;30;90;47m8[0;36;5;40;100m t; ...[0;37;5;40;100mSX[0;1;30;90;47m%[0;1;37;97;47m [0;1;30;90;47mX[0;37;5;40;100m%[0;30;5;40;100mX888[0;1;30;90;40m88888@@XX[0;30;5;40;100m8[0;1;30;90;40m@S[0;34;40m;;;;;:::[0;32;5;40;100m8[0;37;5;40;100mt[0;1;30;90;47m88[0;36;5;40;100m :[0;1;30;90;40m8[0;30;5;40;100m88[0;32;5;40;100m@[0;1;30;90;40m8[0;32;40m;[0;32;5;40;100m8[0;36;5;40;100m;%[0;32;40m;[0;34;40m. .;[0m
[0;34;40m:[0;1;30;90;40mS[0;30;5;40;100m8[0;1;30;90;47m8[0;37;5;40;100m;[0;1;30;90;47m888[0;1;30;90;40mSS[0;30;5;40;100mX[0;1;30;90;40mXX@@88888[0;30;5;40;100m888[0;32;5;40;100m%[0;36;5;40;100m [0;1;30;90;47m8[0;37;5;40;100mS%[0;36;5;40;100m.[0;1;30;90;47m8[0;1;37;97;47m [0;1;30;90;47m8[0;1;37;97;47m [0;1;30;90;47mSS[0;1;37;97;47m [0;1;30;90;47mX[0;30;5;40;100m@8[0;1;30;90;40m88888@@XXS[0;30;5;40;100m8[0;1;30;90;40m@%[0;34;40m;;;;:::::[0;1;30;90;40mX[0;1;30;90;47m@8[0;37;5;40;100m%[0;1;30;90;47m8[0;32;5;40;100mX[0;34;40m..[0;1;30;90;40m8[0;34;40m....[0;32;40m%[0;36;5;40;100m [0;32;5;40;100mX[0;32;40m.[0;34;40m::[0m
 [0;30;5;40;100m8[0;1;30;90;47m8[0;37;5;40;100mt[0;1;30;90;47m888[0;32;5;40;100m@[0;1;30;90;40m%S[0;30;5;40;100mX[0;1;30;90;40mXXX@@888888[0;30;5;40;100m88888@[0;32;5;40;100mS[0;36;5;40;100m [0;37;5;40;100mS[0;1;30;90;47mSS@8[0;36;5;40;100m [0;30;5;40;100m@[0;1;30;90;40m88888@@@XXSS[0;30;5;40;100m8[0;1;30;90;40mX[0;34;40m;;;;::::::[0;32;40mS[0;36;5;40;100m;[0;1;30;90;40m8[0;34;40m.[0;1;30;90;40m8[0;32;40mt[0;34;40m..[0;1;30;90;40m8[0;34;40m...[0;32;40m.[0;32;5;40;100mS[0;36;5;40;100mt[0;32;5;40;100m@[0;36;5;40;100m.[0;1;30;90;40mX[0m 
 [0;1;30;90;40m@[0;32;5;40;100mX[0;36;5;40;100m:[0;1;30;90;47m88X[0;36;5;40;100m;[0;1;30;90;40m@@[0;30;5;40;100mX[0;1;30;90;40m888888[0;30;5;40;100m8888888@@@@@X[0;36;5;40;100m;  [0;30;5;40;100m@[0;36;5;40;100m:[0;37;5;40;100m%[0;1;30;90;47m8[0;36;5;40;100m.[0;30;5;40;100m8888[0;1;30;90;40m888888@[0;30;5;40;100m8[0;1;30;90;40m8XXXSSS%[0;34;40m;;;;;;;;;;[0;32;40m:[0;1;30;90;40m8@[0;30;5;40;100m8[0;32;40m:[0;36;5;40;100m:[0;30;5;40;100m8[0;34;40m::[0;1;30;90;40mS[0;36;5;40;100m%[0m 
 [0;32;5;40;100m8X[0;1;30;90;40mS[0;36;5;40;100m:[0;32;40m;[0;1;30;90;40mXXSXX@@@@88888[0;36;5;40;100mt[0;1;30;90;40m8[0;30;5;40;100m88888888888888[0;1;30;90;40m8[0;36;5;40;100mt[0;37;5;40;100mSS[0;36;5;40;100mt[0;1;30;90;40m88[0;36;5;40;100m.[0;1;30;90;40m8@@XXXSSSS%[0;34;40m;;;;[0;1;30;90;40m8[0;34;40m;;;;;;:[0;32;40m;[0;1;30;90;47m88[0;36;5;40;100m  :[0;1;30;90;40mX[0;34;40m::::.[0m 
  [0;1;30;90;40mX[0;34;40m::::;;[0;1;30;90;40m@[0;32;40mt;[0;32;5;40;100m8S[0;1;30;90;40mSSXXX@[0;30;5;40;100mS[0;1;30;90;40m@@@@888888888@@@@@[0;30;5;40;100m8[0;36;5;40;100m [0;1;30;90;47m8[0;36;5;40;100m [0;1;30;90;47m@8[0;30;5;40;100m88[0;32;40m;[0;34;40m;;;;:::::::[0;1;30;90;40m8[0;34;40m:.......[0;36;5;40;100m%[0;1;30;90;47m8[0;37;5;40;100m%[0;36;5;40;100mt[0;37;5;40;100m%[0;36;5;40;100m%[0;34;40m.    [0m 
  [0;1;30;90;40mX[0;34;40m:::::;[0;1;30;90;47m8[0;37;5;40;100m%[0;1;30;90;47m8[0;1;37;97;47m [0;1;30;90;47m8[0;1;30;90;40mSSSSXX[0;30;5;40;100mX[0;1;30;90;40mXXX@@@@@@@@@@@XXX[0;36;5;40;100mt[0;1;37;97;47m [0;1;30;90;47m88[0;1;37;97;47m [0;1;30;90;47mX8S[0;36;5;40;100m:...%[0;1;30;90;40m@[0;34;40m:::::::[0;1;30;90;40m8[0;34;40m:......[0;1;30;90;40m@[0;1;30;90;47m888[0;37;5;40;100m%t[0;32;40m:[0;34;40m    [0m  
  [0;34;40m:[0;1;30;90;40mS[0;32;40m:[0;1;30;90;40m@[0;32;5;40;100m8[0;30;5;40;100m88[0;36;5;40;100mt [0;1;30;90;47m8[0;1;37;97;47m [0;1;30;90;47m8[0;36;5;40;100mt[0;1;30;90;40mS%SSS[0;30;5;40;100m@[0;1;30;90;40mSXXXXXXXXXXXXXXXSS[0;36;5;40;100mt[0;1;30;90;47m8@88[0;36;5;40;100m:[0;32;5;40;100mS[0;30;5;40;100m8[0;32;5;40;100m88@[0;30;5;40;100m8[0;32;5;40;100mS[0;36;5;40;100m.t[0;32;40mt[0;34;40m::..[0;1;30;90;40m8[0;34;40m:......[0;32;40m;St[0;34;40m.[0;32;40m%[0;32;5;40;100m8[0;34;40m     [0m  
   [0;32;5;40;100mS[0;36;5;40;100m  [0;32;5;40;100mS8@[0;1;30;90;47m8[0;36;5;40;100m [0;1;30;90;47m88888[0;1;30;90;40m8[0;34;40m;;[0;1;30;90;40mS[0;30;5;40;100m@[0;1;30;90;40mSSSSSSSSSSSSSSSSS%88[0;1;30;90;47m8[0;1;37;97;47m [0;1;30;90;47m8@[0;36;5;40;100m [0;34;40m;::::::[0;1;30;90;40mX[0;36;5;40;100m %[0;32;40m:[0;34;40m..[0;1;30;90;40m8[0;34;40m:...[0;1;30;90;40mX[0;32;40mt[0;34;40m......     [0m   
    [0;1;30;90;40mX[0;34;40m:[0;32;40m%[0;30;5;40;100m8[0;36;5;40;100mt;[0;1;30;90;47m8888[0;36;5;40;100m;[0;32;5;40;100m8[0;32;40mt[0;34;40m;;;[0;30;5;40;100m8[0;34;40m;;;[0;1;30;90;40m%%%SSSSS%%%[0;34;40m;;;;[0;1;30;90;40m@8[0;36;5;40;100m ;[0;32;40mt[0;30;5;40;100m88[0;34;40m:::::::[0;1;30;90;40m8[0;36;5;40;100m % [0;32;40m%[0;34;40m.[0;1;30;90;40m8[0;34;40m:..[0;32;40m:[0;1;30;90;47m88[0;36;5;40;100m [0;32;40mS[0;34;40m....    [0m    
    [0;34;40m:[0;1;30;90;40m8XXXX[0;36;5;40;100mt [0;1;30;90;40m@[0;32;5;40;100m@[0;36;5;40;100m: ;[0;1;30;90;40m8@@8888888888[0;30;5;40;100m8[0;1;30;90;40m8888888@88@@@@@XXX8[0;32;5;40;100mX[0;1;30;90;40mX[0;32;5;40;100mX[0;36;5;40;100m:[0;1;30;90;40mXX@[0;36;5;40;100m.[0;32;5;40;100m%[0;1;30;90;40mXSSS[0;30;5;40;100m8[0;1;30;90;47m8888[0;36;5;40;100m:[0;37;5;40;100mt%[0;1;30;90;40mX[0;34;40m;;[0;1;30;90;40mX[0;34;40m:[0m    
     [0;34;40m;;.::[0;1;30;90;40m8[0;34;40m::::[0;32;40m:[0;32;5;40;100m@[0;36;5;40;100m :[0;1;30;90;40m8[0;34;40m:;[0;30;5;40;100m8[0;1;30;90;40mX[0;34;40m;;;;;[0;1;30;90;40mS8[0;34;40m;;;;;;;:::::::::[0;36;5;40;100m [0;1;30;90;47m8[0;36;5;40;100m [0;1;30;90;47m8[0;32;5;40;100mX[0;36;5;40;100m%[0;32;40m.[0;34;40m....[0;32;5;40;100m8[0;36;5;40;100m [0;1;30;90;40m@[0;32;40m.[0;30;5;40;100m8[0;32;5;40;100mS[0;1;30;90;47m88[0;36;5;40;100m [0;1;30;90;47m888[0;32;5;40;100mX[0;34;40m  .;[0m     
      [0;1;30;90;40mS[0;34;40m:..[0;1;30;90;40m8[0;34;40m:::::::[0;32;40m%[0;36;5;40;100m% %[0;1;30;90;47m88[0;32;40m%[0;1;30;90;40mS[0;34;40m:::[0;1;30;90;40mS8[0;34;40m::::::::::::::::[0;1;30;90;40m8[0;1;30;90;47m88[0;36;5;40;100m..t[0;32;40m:[0;34;40m.....[0;32;40m:[0;32;5;40;100mS[0;36;5;40;100m [0;37;5;40;100mt[0;1;30;90;47m88[0;37;5;40;100m%[0;36;5;40;100m.%[0;1;30;90;47m88[0;32;5;40;100mS[0;32;40m [0;34;40m.;[0m      
       [0;1;30;90;40mS[0;34;40m:.[0;1;30;90;40m8[0;34;40m..::::[0;1;30;90;40mX[0;1;30;90;47m888XX[0;37;5;40;100mt[0;1;30;90;47mX[0;37;5;40;100mt[0;36;5;40;100m%;;[0;32;5;40;100mX[0;1;30;90;40m8[0;34;40m:::::::::::::::[0;32;40m:[0;1;30;90;47m88888[0;30;5;40;100m8[0;32;40m:[0;34;40m.......[0;32;40m:[0;32;5;40;100m@@[0;1;30;90;47m88[0;32;5;40;100m@8[0;32;40mS[0;32;5;40;100mX[0;32;40mS[0;34;40m.;[0m       
        [0;1;30;90;40mS[0;34;40m:[0;1;30;90;40m8[0;34;40m.....::[0;32;5;40;100m8[0;1;30;90;47m8888[0;36;5;40;100mtt[0;30;5;40;100m888[0;32;5;40;100m8X[0;36;5;40;100m:.t[0;32;40mt[0;34;40m::::::::....[0;32;40m:[0;30;5;40;100m8[0;1;30;90;40m88X[0;36;5;40;100mt[0;34;40m...........[0;32;40m:[0;32;5;40;100mX8[0;32;40m.[0;32;5;40;100m8[0;32;40mt[0;1;30;90;40m@[0;34;40m.;[0m        
         [0;34;40m;[0;1;30;90;40m8[0;34;40m.........[0;36;5;40;100m.[0;1;30;90;47m@88[0;37;5;40;100mt[0;34;40m::::;[0;1;30;90;40m@[0;34;40m:[0;1;30;90;40mX[0;36;5;40;100m %[0;32;40m:[0;34;40m:......[0;32;40m;;[0;34;40m....[0;1;30;90;40mX[0;34;40m;............[0;32;40mt[0;36;5;40;100mt::[0;30;5;40;100m88[0;1;30;90;40m@[0;34;40m;[0m         
          [0;34;40m:[0;1;30;90;40mXSSSSSSXX[0;36;5;40;100m  [0;32;5;40;100mX[0;30;5;40;100m8[0;36;5;40;100m;[0;1;30;90;40mXXXX@8XX[0;36;5;40;100m:  [0;1;30;90;40m8SSXXSS[0;36;5;40;100m [0;1;30;90;47m8[0;36;5;40;100m [0;30;5;40;100m8[0;1;30;90;40mSS@XSSSSSSS%S%[0;32;40mt[0;32;5;40;100mX[0;36;5;40;100mt[0;1;30;90;40mX[0;34;40m;[0;1;30;90;40m@[0;36;5;40;100m [0;32;5;40;100m8[0;34;40m:[0m          
            [0;1;30;90;40mS[0;34;40m:.....:[0;1;30;90;40m8[0;34;40m........[0;1;30;90;40mX[0;34;40m.[0;32;40mt[0;36;5;40;100m [0;32;40mS[0;34;40m.[0;32;40m;[0;36;5;40;100m:[0;32;5;40;100mS[0;32;40m.[0;1;30;90;40mSS[0;34;40m..[0;1;30;90;47m8888[0;32;5;40;100mS[0;36;5;40;100m [0;37;5;40;100m;[0;1;30;90;40m8[0;34;40m....[0;32;40m;[0;32;5;40;100mX8[0;36;5;40;100mt:[0;1;30;90;40m@[0;36;5;40;100m%[0;32;40m%[0;34;40m     [0m            
             [0;34;40m;;.....[0;1;30;90;40m8[0;34;40m.....[0;32;5;40;100mX[0;37;5;40;100mt[0;36;5;40;100m:[0;1;30;90;47m8[0;32;5;40;100m@[0;36;5;40;100m.[0;32;40mt[0;34;40m....[0;32;5;40;100m8[0;36;5;40;100m [0;30;5;40;100m8[0;1;30;90;40mS[0;32;40m;[0;30;5;40;100m8[0;1;30;90;47m88[0;36;5;40;100m [0;1;30;90;47m888[0;37;5;40;100m;[0;32;40m:[0;34;40m....[0;32;40m.[0;36;5;40;100m:[0;1;30;90;47m8[0;37;5;40;100mt[0;32;5;40;100mS[0;36;5;40;100m%[0;32;40m.[0;34;40m     [0m             
              [0;34;40m:[0;1;30;90;40mS[0;34;40m:...[0;1;30;90;40m8[0;34;40m.....[0;32;40m;[0;1;30;90;47m88[0;36;5;40;100m.:%[0;32;40m;[0;34;40m.....[0;32;40m:[0;36;5;40;100m%:[0;37;5;40;100m%[0;1;30;90;47m888[0;37;5;40;100mt[0;32;5;40;100m%[0;37;5;40;100m%[0;1;30;90;47m8[0;32;5;40;100mX[0;32;40m:[0;34;40m....[0;32;40m;[0;37;5;40;100m%%%[0;36;5;40;100m [0;1;30;90;47m8[0;32;5;40;100mS[0;34;40m    [0m              
                [0;34;40m;;..[0;1;30;90;40m8[0;34;40m.....[0;36;5;40;100m.[0;1;30;90;47m888[0;37;5;40;100m%[0;36;5;40;100m;[0;32;40m%[0;34;40m......;[0;1;30;90;40mS[0;32;5;40;100m@S[0;36;5;40;100m [0;1;30;90;47m8[0;36;5;40;100m [0;32;5;40;100m8[0;1;30;90;40m@[0;32;5;40;100m@8[0;32;40m.[0;34;40m..  [0;1;30;90;40m8[0;36;5;40;100m .[0;32;5;40;100m8[0;36;5;40;100m:.[0;34;40m   [0m                
                  [0;34;40m;;[0;1;30;90;40m8[0;34;40m.....[0;32;5;40;100m88[0;1;30;90;40m@[0;32;40m;[0;36;5;40;100m.[0;32;40m%[0;34;40m.......;;.[0;32;40m:[0;32;5;40;100m@S[0;34;40m.[0;32;40mt[0;32;5;40;100m8[0;34;40m.          [0;1;30;90;40mX[0;32;40m [0;34;40m [0m                  
                    [0;34;40m;::::::::::::::::::[0;1;30;90;40mSS[0;34;40m:[0;32;40m:[0;32;5;40;100m8[0;36;5;40;100m .[0;32;40mt[0;36;5;40;100mt[0;34;40m:::::::::::;[0m                    
                      [0;1;30;90;40mSS[0;34;40m:::::;[0;1;30;90;40mX[0;34;40m::::::::::[0;1;30;90;40m8[0;36;5;40;100m;[0;1;30;90;40m@[0;34;40m.[0;32;40m;[0;36;5;40;100m;;[0;32;40m:[0;1;30;90;40mX[0;34;40m;.....;[0;1;30;90;40m%[0m                      
                        [0;34;40m;;.  :[0;1;30;90;40mS[0;34;40m    [0;30;5;40;100m8[0;1;30;90;40m@@[0;36;5;40;100m:[0;32;40m:[0;32;5;40;100mS8[0;32;40m [0;34;40m    [0;1;30;90;40m@[0;36;5;40;100mt%[0;32;40mt[0;34;40m  .;;[0m                        
                          [0;34;40m:;::[0;1;30;90;40mS[0;34;40m    [0;36;5;40;100m%[0;1;30;90;47m88[0;36;5;40;100m.[0;32;5;40;100mS[0;32;40m;[0;34;40m        [0;1;30;90;40m@[0;36;5;40;100mt;[0;32;40mt[0;34;40m:[0m                          
                             [0;34;40m;[0;1;30;90;40mS[0;34;40m:   [0;36;5;40;100m;[0;1;30;90;47m8[0;37;5;40;100m;t%[0;36;5;40;100m.[0;32;40m.[0;34;40m      :[0;1;30;90;40mS[0;34;40m;[0m                             
                                [0;34;40m;;[0;32;40mS[0;37;5;40;100mt[0;36;5;40;100m ;;[0;37;5;40;100mt[0;34;40m     :;;[0m                                
                                   [0;34;40m;;:.[0;32;40m;[0;34;40m .:;;[0m                                   
                                      [0;34;40m:;;:[0m                                      
