[0;31;40m8[0;1;30;90;41m88888888888888888888@@@@@@@@@@@@@@@@@8888888888888888888888888888888@@@@@@@@@@[0;31;40m8[0m
[0;30;41m8[0;35;41m888888888888888888888888888[0;31;45m888[0;35;41m88888888888888888888888888888888888@@@@@@@@@@@@@[0;30;41m8[0m
[0;30;41m8[0;35;41m8888888888888888888[0;31;45m88888[0;1;30;90;45m88888888[0;31;45m888888[0;35;41m8888888888888888888888888888@@@@@@@@@@@@[0;30;41m8[0m
[0;30;41m8[0;35;41m888888888888888[0;31;45m8888[0;1;30;90;45m8888888888888888888[0;35;5;40;100m:S[0;31;45m8[0;35;41m888888888888888888888888888@@@@@@@@@@[0;30;41m8[0m
[0;30;41m8[0;35;41m8888888888888[0;31;45m88[0;1;30;90;45m88888888888888888888888[0;1;37;97;47mX.[0;1;30;90;45m88[0;31;45m88[0;35;41m888888888888888888888888@@@@@@@@@@[0;30;41m8[0m
[0;30;41m@[0;35;41m88888888888[0;31;45m88[0;1;30;90;45m8888888888888888888888[0;35;5;40;100m [0;1;37;97;47m [0;37;5;47;107m8;;8[0;1;37;97;47m [0;35;5;40;100m;[0;1;30;90;45m8[0;31;45m88[0;35;41m88888888888888888888888@@@@@@@@@[0;30;41m8[0m
[0;30;41m@[0;35;41m888888888[0;31;45m88[0;1;30;90;45m88888888888888888888888888[0;35;5;40;100m;[0;37;5;47;107m8[0;1;37;97;47m@[0;35;5;40;100mt[0;1;30;90;45m88888[0;31;45m88[0;35;41m8888888888888888888888@@@@@@@@[0;30;41m8[0m
[0;30;41m@[0;35;41m8888888[0;31;45m88[0;1;30;90;45m8888888888888888[0;35;5;40;100mSSSSSSS[0;1;30;90;45m8[0;35;5;40;100mS[0;1;30;90;47m@[0;1;30;90;45m888[0;1;30;90;47m8[0;35;5;40;100m [0;1;30;90;45m888[0;1;30;90;47m8[0;1;30;90;45m8888[0;31;45m8[0;35;41m8888888888888888888888@@@@@@@[0;30;41m8[0m
[0;30;41m@[0;35;41m888888[0;31;45m88[0;1;30;90;45m888888888888[0;35;5;40;100mSS S%%%%%%%%%[0;1;30;90;47mS[0;37;5;47;107m;[0;35;5;40;100m [0;1;30;90;45m888888[0;1;30;90;47m8[0;37;5;47;107m;[0;37;5;40;100mS[0;1;30;90;45m8888[0;31;45m88[0;35;41m8888[0;35;5;40;100m%[0;35;41m8888888888888888@@@@@@[0;30;41m8[0m
[0;30;41m@[0;35;41m88888[0;31;45m8[0;1;30;90;45m8[0;35;5;40;100mt[0;1;30;90;45m8888888888[0;35;5;40;100mSS%;[0;37;5;47;107mS[0;1;30;90;47m8[0;35;5;40;100mtttttt:[0;1;30;90;47m%[0;37;5;47;107m8:.:[0;1;37;97;47mX[0;1;30;90;47m8[0;35;5;40;100m%%[0;1;30;90;47m8[0;1;37;97;47mX[0;37;5;47;107m;;;[0;1;37;97;47mX[0;1;30;90;47m8[0;35;5;40;100mX[0;1;30;90;45m88[0;31;45m88[0;35;41m88[0;1;30;90;47m8[0;1;37;97;47m8[0;35;41m88888888888888[0;35;5;40;100mX[0;35;41m8@@@@@@[0;30;41m8[0m
[0;30;41m@[0;35;41m8888[0;31;45m88[0;1;30;90;47m8[0;1;37;97;47m%[0;1;30;90;45m88888888[0;35;5;40;100m;St[0;1;30;90;47m8[0;1;37;97;47m.[0;37;5;47;107m8.S[0;1;37;97;47mt[0;1;30;90;47mt[0;35;5;40;100m.;;;;tt[0;1;37;97;47m [0;37;5;47;107m:[0;1;30;90;47m8[0;35;5;40;100m%%%SS[0;1;30;90;45m8[0;1;30;90;47m8[0;37;5;47;107m;[0;1;30;90;47m8[0;1;30;90;45m888[0;35;5;40;100mX[0;1;30;90;45m88[0;35;5;40;100mS[0;1;30;90;47m@[0;1;37;97;47m.[0;37;5;47;107m@t[0;1;37;97;47mS[0;1;30;90;47mt[0;35;5;40;100m [0;35;41m88[0;1;30;90;45m8[0;35;41m88888888[0;1;37;97;47mS[0;35;5;40;100m.[0;35;41m8@@@@@[0;30;41m8[0m
[0;30;41m@[0;35;41m888[0;35;5;40;100m%[0;1;30;90;47m8[0;1;37;97;47m [0;37;5;47;107mX;[0;1;37;97;47mt[0;1;30;90;47m%8[0;1;30;90;45m8888[0;1;30;90;47m8[0;1;37;97;47mX[0;35;5;40;100m%tt[0;1;30;90;47m8[0;1;37;97;47m [0;37;5;47;107m [0;1;37;97;47m%[0;1;30;90;47m8[0;35;5;40;100m:;;[0;1;37;97;47m  [0;35;5;40;100m;;;;[0;1;30;90;47m;[0;35;5;40;100mttt%%%S[0;1;30;90;45m8[0;1;30;90;47mX[0;1;30;90;45m8888[0;1;37;97;47m [0;1;30;90;47m8[0;1;30;90;45m888[0;35;5;40;100m [0;1;37;97;47m%[0;37;5;47;107mt[0;1;30;90;47m8[0;35;5;40;100m%[0;35;41m888[0;1;37;97;47mX[0;35;5;40;100mS[0;35;41m8888[0;35;5;40;100m [0;1;30;90;47mX[0;1;37;97;47m;[0;37;5;47;107mS[0;1;37;97;47m8[0;1;30;90;47mt8[0;35;5;40;100m8[0;35;41m@@@[0;30;41m@[0m
[0;30;41m@[0;35;41m888[0;31;45m8[0;35;5;40;100m%[0;1;30;90;47m8[0;1;37;97;47m@[0;37;5;47;107m%[0;1;30;90;47m8[0;35;5;40;100m..%t[0;1;30;90;47m8t[0;37;5;47;107m8.[0;1;37;97;47m:[0;1;30;90;47mS8[0;35;5;40;100m;;[0;1;37;97;47mX[0;35;5;40;100m :.[0;1;30;90;47m8[0;1;37;97;47m [0;37;5;47;107m;;[0;1;37;97;47m [0;1;30;90;47m8[0;35;5;40;100m.;;;;ttt%%S[0;1;30;90;45m88[0;35;5;40;100m%[0;1;30;90;47m8S[0;37;5;47;107mt8[0;1;30;90;47m8[0;35;5;40;100m.[0;1;30;90;45m8[0;31;45m8[0;35;5;40;100m%[0;1;37;97;47m [0;35;41m88[0;35;5;40;100m;[0;1;30;90;47m8[0;1;37;97;47m [0;37;5;47;107mt[0;1;37;97;47mX[0;1;30;90;47m8[0;35;5;40;100m.[0;35;41m8[0;35;5;40;100mXX;[0;1;30;90;47m8[0;37;5;47;107mS[0;1;37;97;47m:[0;35;5;40;100m.8[0;35;41m@@@@[0;30;41m@[0m
[0;1;30;90;41mX[0;35;41m88[0;31;45m88[0;1;30;90;45m88[0;35;5;40;100m [0;1;37;97;47m [0;1;30;90;45m88[0;1;37;97;47mS [0;35;5;40;100m%[0;1;30;90;47m8S[0;37;5;47;107m8.[0;1;37;97;47m.[0;1;30;90;47m@8[0;35;5;40;100m;;:::[0;1;30;90;47m8t[0;1;37;97;47m;[0;37;5;47;107m::[0;1;37;97;47m;[0;1;30;90;47mt8[0;35;5;40;100m::;;;ttt%%S[0;1;30;90;45m8[0;35;5;40;100m [0;1;30;90;47m8[0;1;37;97;47m [0;37;5;47;107m;X[0;1;30;90;47m;8[0;35;5;40;100m%[0;31;45m8[0;35;41m8[0;31;45m8[0;35;41m88[0;35;5;40;100m%[0;1;30;90;47m8[0;1;37;97;47m [0;37;5;47;107mt[0;1;37;97;47m%[0;1;30;90;47m8[0;35;5;40;100mt[0;35;41m8[0;1;37;97;47m  [0;35;41m88[0;1;30;90;47m;[0;35;5;40;100mX[0;35;41m88@@@@[0;30;41m@[0m
[0;1;30;90;41mX[0;35;41m88[0;31;45m8[0;1;30;90;45m8888[0;1;30;90;47m8[0;1;37;97;47m.[0;37;5;47;107m8:;[0;1;37;97;47m8 [0;37;5;40;100m%[0;1;30;90;47m8[0;1;37;97;47mX[0;35;5;40;100m;;;:::...  [0;1;37;97;47m;:[0;35;5;40;100m ...::;;;tt%%S[0;1;30;90;45m8888[0;1;37;97;47m;[0;1;30;90;47m8[0;1;30;90;45m888[0;31;45m88[0;35;41m888888[0;1;37;97;47mS[0;35;5;40;100mX;[0;1;30;90;47mt[0;1;37;97;47mS[0;37;5;47;107m%S[0;1;37;97;47m%[0;1;30;90;47m%[0;35;5;40;100mt[0;35;41m888@@@@[0;30;41m@[0m
[0;1;30;90;41mX[0;35;41m88[0;31;45m8[0;1;30;90;45m88888[0;35;5;40;100mS[0;1;30;90;47m8[0;37;5;47;107mX8[0;1;30;90;47m8[0;35;5;40;100m%[0;1;30;90;47m@[0;35;5;40;100mt:;;:::..  [0;37;5;40;100m%%[0;1;30;90;47m88[0;37;5;40;100m%[0;35;5;40;100m  ..::;;;tt%%S[0;1;30;90;45m888[0;35;5;40;100mt[0;1;30;90;45m88888[0;31;45m8[0;35;41m888888[0;1;30;90;45m8[0;35;41m8[0;35;5;40;100m [0;35;41m8[0;35;5;40;100m;[0;1;37;97;47m8@[0;35;5;40;100mt[0;35;41m88888@@@@[0;30;41m@[0m
[0;1;30;90;41mX[0;35;41m88[0;31;45m8[0;1;30;90;45m8888888[0;1;30;90;47m@8[0;35;5;40;100mS[0;37;5;40;100m%[0;37;5;47;107m:[0;1;30;90;47mS[0;35;5;40;100mt;;::.. [0;37;5;40;100m%%[0;1;30;90;47m88888[0;37;5;40;100m%[0;35;5;40;100m  ..::;;tt%%S[0;1;30;90;45m888888888[0;31;45m8[0;35;41m8888888[0;1;30;90;47mX[0;37;5;47;107m8[0;35;41m88[0;37;5;40;100mS[0;35;5;40;100m [0;35;41m888888@@@@[0;30;41m@[0m
[0;1;30;90;41mX[0;35;41m88[0;31;45m8[0;1;30;90;45m8888888[0;35;5;40;100mS[0;1;30;90;47m8[0;1;37;97;47m@[0;37;5;47;107m;..@[0;1;37;97;47m [0;35;5;40;100m ::.. [0;37;5;40;100m%S[0;1;30;90;47m88888[0;37;5;40;100mS%[0;35;5;40;100m [0;1;30;90;47mX[0;35;5;40;100m.::;;tt%[0;1;30;90;47m8[0;35;5;40;100mS[0;1;30;90;45m888888888[0;31;45m8[0;35;41m8888[0;35;5;40;100mX[0;1;30;90;47mX[0;37;5;47;107m8t%X[0;1;37;97;47m:[0;35;5;40;100m [0;35;41m8888888@@@@[0;30;41m@[0m
[0;1;30;90;41mX[0;35;41m88[0;31;45m8[0;1;30;90;45m888888888[0;35;5;40;100m%[0;1;30;90;47m8[0;37;5;47;107m:[0;1;37;97;47m [0;35;5;40;100m;;;::.. [0;1;30;90;47m8%8888[0;37;5;40;100mS%[0;35;5;40;100m [0;1;30;90;47m%[0;37;5;47;107m:[0;1;30;90;47m8[0;35;5;40;100m::;;tt[0;1;30;90;47m8[0;37;5;47;107m;[0;37;5;40;100m%[0;1;30;90;45m8888888[0;1;30;90;47m8[0;1;30;90;45m8[0;31;45m8[0;35;41m8888888[0;1;37;97;47m [0;37;5;47;107m@[0;35;5;40;100mS[0;35;41m888888888@@@@[0;30;41m@[0m
[0;1;30;90;41mX[0;35;41m88[0;31;45m8[0;1;30;90;45m888888888[0;35;5;40;100mS%[0;1;37;97;47m [0;1;30;90;47m%8[0;35;5;40;100m;;;::. [0;1;37;97;47mX[0;37;5;47;107mS[0;1;30;90;47m8[0;37;5;40;100m%%%[0;1;30;90;47m8[0;1;37;97;47m [0;37;5;47;107m8: t[0;1;37;97;47m@[0;1;30;90;47mX[0;35;5;40;100m;;[0;1;30;90;47mS[0;1;37;97;47m@[0;37;5;47;107mt:%[0;1;37;97;47mX[0;1;30;90;47m@[0;35;5;40;100mS[0;1;30;90;45m888[0;35;5;40;100m%[0;37;5;47;107mX[0;1;30;90;47m%[0;31;45m8[0;35;41m888888[0;35;5;40;100m [0;1;30;90;47m88[0;35;41m8888888888@@@@[0;30;41m@[0m
[0;1;30;90;41mX[0;35;41m88[0;31;45m8[0;1;30;90;45m888888888[0;35;5;40;100mS%[0;37;5;40;100m%[0;37;5;47;107mS[0;1;37;97;47m@[0;35;5;40;100m.;;;[0;1;30;90;47m8[0;1;37;97;47m:[0;37;5;47;107mt  :[0;1;37;97;47mS[0;1;30;90;47m8[0;35;5;40;100m ..[0;37;5;40;100mS[0;1;37;97;47m;[0;37;5;47;107m [0;1;30;90;47mX[0;35;5;40;100m:;;tt;[0;1;30;90;47m%[0;37;5;47;107m:[0;1;30;90;47mS[0;35;5;40;100m%[0;1;30;90;45m888[0;1;30;90;47m8[0;1;37;97;47m;[0;37;5;47;107mttt8[0;1;30;90;47m%[0;35;5;40;100mS[0;35;41m888[0;35;5;40;100mX[0;1;37;97;47mX@[0;35;5;40;100mX[0;35;41m8888888888@@@@[0;30;41m8[0m
[0;30;41m8[0;35;41m888[0;31;45m8[0;1;30;90;45m88888888[0;1;30;90;47m8[0;1;37;97;47m;[0;37;5;47;107mX.:8[0;1;37;97;47m [0;1;30;90;47m8[0;35;5;40;100m;;::[0;1;37;97;47mX[0;37;5;47;107mS[0;37;5;40;100m%[0;35;5;40;100m....:: [0;1;37;97;47m:[0;35;5;40;100m;;;tt%%%[0;1;37;97;47m [0;1;30;90;45m8888888[0;35;5;40;100mS[0;37;5;47;107mX[0;1;30;90;47m%[0;31;45m8[0;35;41m888[0;35;5;40;100m;[0;1;30;90;47mt[0;1;37;97;47m8[0;37;5;47;107mt%[0;1;37;97;47m8[0;1;30;90;47mt[0;35;5;40;100mt[0;35;41m8888888@@@@@[0;30;41m8[0m
[0;31;40m8[0;35;41m888[0;31;45m8[0;1;30;90;45m8888888888[0;35;5;40;100mS[0;37;5;47;107m8[0;1;37;97;47m [0;35;5;40;100mttt;;;;[0;1;30;90;47m8X[0;35;5;40;100m::::::;;;;ttt%%SS[0;1;30;90;45m888888888[0;1;30;90;47m8[0;1;30;90;45m8[0;35;41m8888888[0;1;37;97;47m .[0;35;41m8888888888@@@@@[0;31;40m8[0m
[0;31;40mS[0;35;41m8888[0;31;45m8[0;1;30;90;45m8888888888[0;1;30;90;47m8[0;35;5;40;100m;%%tttt;;;;;;;;;;;tttt%%SS[0;1;30;90;45m8888888888[0;31;45m8[0;35;41m88888888[0;35;5;40;100mXS[0;35;41m8888888888@@@@@[0;31;40mX[0m
 [0;35;41m88888[0;31;45m8[0;1;30;90;45m8888888888[0;35;5;40;100mSS%%%tttttttttttttt%%%SS[0;1;30;90;45m88888888888[0;31;45m8[0;35;41m88888888888888888888@@@@@@[0m 
 [0;31;40m@[0;1;30;90;41m8[0;35;41m888[0;31;45m88[0;1;30;90;45m88[0;35;5;40;100m8[0;31;5;40;100m88[0;1;30;90;40m8[0;30;5;40;100m8[0;31;5;40;100m88[0;35;5;40;100mX[0;1;30;90;45m8[0;35;5;40;100mSSS%%S@[0;31;5;40;100m@8@X[0;35;5;40;100mX%%%%%%SX[0;31;5;40;100mX8[0;30;5;40;100m88[0;31;5;40;100m88[0;35;5;40;100m@[0;1;30;90;45m88888[0;31;45m8[0;1;30;90;41m88[0;31;40m@XX8[0;1;30;90;41m8[0;35;41m8888888[0;1;30;90;41mX[0;30;41m8[0;31;40mX%S8[0;1;30;90;41m8[0;35;41m@@@@@[0;1;30;90;41mS[0m 
 [0;34;40m.:[0;31;40mt[0;1;30;90;41m@8888@[0;1;30;90;40mSSSSXXX@[0;31;5;40;100m88[0;35;5;40;100m@@[0;31;5;40;100m@8[0;1;30;90;40m8888888[0;30;5;40;100m8[0;31;5;40;100mX[0;35;5;40;100m@X@[0;31;5;40;100m@8[0;1;30;90;40m8@@@XXXX[0;31;5;40;100m888[0;1;30;90;41m88[0;31;40m8;[0;34;40m::::::[0;31;40m%[0;1;30;90;41m@8X@@[0;31;40mX.[0;34;40m......[0;31;40mt[0;30;41m8[0;1;30;90;41m88@[0;31;40m8[0m 
  [0;34;40m:::::;;;;;[0;1;30;90;40m%SSSXXXX@@@@@888888888@@@@@XXXXSSS%[0;34;40m;;;;;::::::::...............    [0m 
  [0;34;40m.:::::;;;;;;[0;1;30;90;40mSSSSXXXXXX@@@@@@@@@@@XXXXXSSSS%[0;34;40m;;;;;;::::::::...............    [0m  
  [0;34;40m :::::::;;;;;;[0;1;30;90;40m%SSSSSXXXXXXXXXXXXXXXSSSSS%[0;34;40m;;;;;;::::::::................     [0m  
   [0;34;40m.::::::::;;;;;;;[0;1;30;90;40m%SSSSSSSSSSSSSSSSSS%%[0;34;40m;;;;;;;:::::::::................     [0m   
    [0;34;40m.:::::::::;;;;;;;;;;[0;1;30;90;40m%%%SSSSS%%%[0;34;40m;;;;;;;;;;::::::::::.................    [0m    
    [0;34;40m .:::::::::::;;;;;;;;;;;;;;;;;;;;;;;;;:::::::::::.................      [0m    
     [0;34;40m...:::::::::::::;;;;;;;;;;;;;;;;;:::::::::::::..................      [0m     
      [0;34;40m....:::::::::::::::::::::::::::::::::::::::...................      [0m      
       [0;34;40m......:::::::::::::::::::::::::::::::::.....................      [0m       
        [0;34;40m........::::::::::::::::::::::::::.......................       [0m        
         [0;34;40m.............:::::::::::::::...........................       [0m         
          [0;34;40m ...................................................        [0m          
            [0;34;40m................................................        [0m            
             [0;34;40m.............................................         [0m             
              [0;34;40m .........................................          [0m              
                [0;34;40m ....................................           [0m                
                  [0;34;40m ..............................             [0m                  
                    [0;34;40m ........................               [0m                    
                      [0;34;40m ................                   [0m                      
                        [0;34;40m                                [0m                        
                          [0;34;40m                            [0m                          
                             [0;34;40m                      [0m                             
                                [0;34;40m                [0m                                
                                   [0;34;40m          [0m                                   
                                      [0;34;40m    [0m                                      
