[0;31;40m8[0;30;41m:[0;1;30;90;41m::::::::::::::::::;;;;;;;;;;;;;;;;;;;:::::::::::::::::.[0;30;41m::::::::::::;;;;;;;;;;[0;31;40m8[0m
[0;30;41mX[0;1;31;91;41mSSSSSSSXXXXXXXXXXXXXXXXXXXXXXXXXXXXXXXXXXXXXXXXXXXSSSSSSSSSSSSS%%%%%%%%%tttttt[0;30;41mX[0m
[0;30;41mX[0;1;31;91;41mSSSSSXXXXXXXXXXXXXXXXXXXXXXXXXXXXXXXXXXXXXXXXXXXXXXXSSSSSSSSSSSS%%%%%%%%%ttttt[0;30;41mX[0m
[0;30;41mX[0;1;31;91;41mSSSXXXXXXXXXXXXXXXXXX@@@@@@@@@@@@@@@XXXXXXXXXXXXXXXXXSSSSSSSSSSSS%%%%%%%%%tttt[0;30;41mX[0m
[0;30;41mX[0;1;31;91;41mSSXXXXXXXXXXXXXXX@@@@@@@@@@@@@@@@@@@@@X%[0;33;41m%[0;31;43m8[0;1;30;90;43mtttt[0;31;43mS[0;1;31;91;41m%XXXXXXXSSSSSSSSSSS%%%%%%%%%ttt[0;30;41mX[0m
[0;30;41mX[0;1;31;91;41mXXXXXXXXXXXXXX@@@@@@@@@@@@@@@@@@@@@@[0;33;41m%[0;31;43m@[0;1;30;90;43mS88[0;33;5;43;103m@;%S;[0;1;33;93;43m%[0;33;5;43;103m@[0;1;30;90;43mt[0;33;41m@[0;1;31;91;41m%XXXXXSSSSSSSSSSS%%%%%%%%%tt[0;30;41mX[0m
[0;30;41mX[0;1;31;91;41mXXXXXXXXXXXX@@@@@@@@@@@@88888888@X@[0;1;30;90;41m@[0;1;33;93;43mX[0;33;5;43;103m;%[0;1;30;90;43m@[0;1;33;93;43m8[0;33;5;43;103mS;;;;;[0;1;33;93;43m@[0;1;30;90;43mt[0;1;33;93;43m%[0;33;41m;[0;1;31;91;41mXXXXXXSSSSSSSSSSS%%%%%%%%%t[0;30;41mX[0m
[0;30;41mX[0;1;31;91;41mXXXXXXXXXX@@@@@@@@@@888888888888[0;1;30;90;43m8[0;1;30;90;41m8[0;1;31;91;41m8[0;31;43m8[0;33;5;43;103m:X[0;1;33;93;43mt[0;1;30;90;43mX[0;1;33;93;43m@[0;33;5;43;103m8;;;;;[0;1;33;93;43mSX@[0;31;43m@[0;1;31;91;41mXXXXXX[0;33;41mt@[0;1;31;91;41m;SSSSSSSSS%%%%%%%%t[0;30;41mX[0m
[0;30;41mX[0;1;31;91;41mXXXXXXXXX@@@@@@@@888888888888888[0;1;30;90;43m88[0;33;41m8@[0;1;30;90;43m8@@@[0;1;30;90;41m@[0;1;33;93;43m8[0;33;5;43;103m:;;;@@[0;1;33;93;43m%[0;33;5;43;103mX[0;1;33;93;43mX[0;33;41m%[0;1;31;91;41mXXXS[0;31;43m@[0;1;33;93;43m%[0;1;30;90;43m:[0;1;30;90;41mt[0;1;31;91;41mSSSSSSSSS%%%%%%%%%[0;30;41mX[0m
[0;30;41mX[0;1;31;91;41mXXXXXXXX@@@@@@@88X[0;1;30;90;41m8[0;1;30;90;43m8[0;1;31;91;41m8X88888888888[0;31;43m8[0;1;30;90;43m88888[0;1;33;93;43m@X[0;33;5;43;103m::@:S[0;1;33;93;43mS@X[0;33;5;43;103m%[0;1;30;90;43m%[0;33;41m8[0;1;31;91;41mSX[0;33;41mt[0;1;30;90;43m;:[0;1;33;93;43m%[0;31;43m8[0;1;31;91;41mtSSSSSSSSSS%%%%%%%%[0;30;41mX[0m
[0;30;41mX[0;1;31;91;41mXXXXXXX@@@@@@@[0;31;43m8[0;1;30;90;43m@88[0;33;5;43;103m%[0;1;33;93;43m8[0;1;30;90;43m888[0;1;31;91;41m8888888888888[0;1;30;90;43m888[0;1;33;93;43mS[0;33;5;43;103mX@[0;1;33;93;43mSX@[0;1;30;90;43mX[0;1;33;93;43m%[0;33;5;43;103m;;;;[0;31;43m@[0;1;31;91;41mXt[0;1;30;90;43m;;[0;1;33;93;43mX[0;1;30;90;43m:[0;1;31;91;41mtXXSSSSSSSSS%%%%%%%%[0;30;41mX[0m
[0;30;41mX[0;1;31;91;41mXXXXXX@@@@@@88[0;1;30;90;41m8[0;1;33;93;43mS@[0;33;5;43;103m;[0;1;33;93;43mX[0;33;5;43;103mt[0;1;33;93;43mX[0;37;5;43;103mS[0;1;30;90;43m8[0;1;31;91;41m88[0;31;5;41;101m888888[0;1;31;91;41m88[0;1;30;90;43m8888[0;1;33;93;43m%[0;33;5;43;103m::::[0;1;33;93;43mXX[0;33;5;43;103m:X;;;;;[0;1;30;90;43m%[0;1;31;91;41mX[0;33;41m8[0;1;33;93;43m%%X[0;1;30;90;43m;[0;1;31;91;41mXXXSSSSSSSSSS%%%%%%%[0;30;41mX[0m
[0;30;41mX[0;1;31;91;41mXXXXX@@@@@@88@[0;1;30;90;43m88[0;33;5;43;103m:X%%[0;37;5;43;103mS[0;33;5;43;103mS[0;37;43mX[0;1;30;90;43m88[0;1;30;90;41m8[0;31;5;41;101m888[0;1;30;90;43m8[0;37;43mXXX[0;1;30;90;43m8[0;1;33;93;43m8[0;33;5;43;103m%%[0;37;5;43;103mSS%[0;33;5;43;103m.:::::::;[0;1;33;93;43mX[0;33;5;43;103mX[0;33;41m8[0;1;31;91;41mX[0;33;41m8[0;1;33;93;43m%[0;33;5;43;103mS[0;1;33;93;43mS[0;33;41m8[0;1;31;91;41mXXXXSSSSSSSSS%%%%%%%[0;30;41mX[0m
[0;30;41mX[0;1;31;91;41mXXXXX@@@@@@88[0;1;30;90;41m8[0;1;30;90;43m88[0;33;5;43;103mSX[0;37;5;43;103mSSSXXX@[0;33;5;43;103m8[0;37;43m@[0;1;30;90;43m88[0;37;5;43;103m@@XXXX[0;33;5;43;103mX[0;1;33;93;43m8[0;37;5;43;103mSS[0;33;5;43;103mtS.:::::::[0;1;33;93;43m@[0;1;31;91;41mt%X[0;1;30;90;41m%[0;33;5;43;103mX[0;1;33;93;43mS[0;33;41m@[0;1;31;91;41mXXXXXSSSSSSSSS%%%%%%%[0;30;41mX[0m
[0;30;41mX[0;1;31;91;41mXXXX@@@@@@8888888[0;1;30;90;41m88[0;1;30;90;43m8[0;33;5;43;103mX[0;37;5;43;103mXXXXX@@@@@XX@[0;1;33;93;43m8[0;37;5;43;103mX[0;33;5;43;103mSS[0;1;33;93;43m@[0;1;30;90;43m8[0;37;5;43;103mS%[0;33;5;43;103m:8::;;:[0;1;30;90;43mS[0;1;31;91;41mX@@[0;31;43mS[0;33;5;43;103m%[0;33;41m%[0;1;31;91;41mXXXXXXSSSSSSSSSS%%%%%%[0;30;41mX[0m
[0;30;41mX[0;1;31;91;41mXXXX@@@@@@88888888[0;31;5;41;101m88[0;1;31;91;41m8[0;33;5;40;100mX[0;37;43m@[0;37;5;43;103m@@8[0;33;47m8[0;37;5;43;103m@8@@@XXXXXX[0;37;43mX[0;33;5;43;103mSSXXt::t[0;1;33;93;43mS[0;33;5;43;103m;[0;33;41m8[0;1;31;91;41m@@S[0;1;33;93;43mX[0;1;30;90;43mt[0;1;31;91;41mXXXXXXXXSSSSSSSSS%%%%%%[0;30;41mX[0m
[0;30;41mX[0;1;31;91;41mXXXX@@@@@@88888888[0;31;5;41;101m888[0;31;5;40;100mS[0;1;30;90;43m88[0;37;5;43;103m88[0;33;47m8[0;37;5;43;103m888[0;37;43m8[0;37;5;43;103m@XXXXXXSSSS%[0;33;5;43;103m;:::[0;1;30;90;43m@X[0;1;31;91;41mX@@[0;1;30;90;41mS[0;33;5;43;103mt[0;31;43mX[0;1;31;91;41mXXXXXXXXSSSSSSSSS%%%%%%[0;30;41mX[0m
[0;30;41mX[0;1;31;91;41mXXXX@@@@@@88888888[0;31;5;41;101m88888[0;35;5;40;100m%[0;1;30;90;43m8[0;35;5;40;100mt[0;33;5;40;100m;[0;1;33;93;47m8[0;1;30;90;43m8[0;37;43m8[0;33;47m8[0;37;5;43;103mXX@XXXX[0;33;5;43;103m@[0;37;5;43;103mSSS%[0;1;30;90;43m8[0;33;5;43;103m::[0;1;33;93;43m%[0;1;31;91;41mS@@@@[0;1;30;90;41mS[0;33;5;43;103mt[0;31;43m8[0;1;31;91;41mXXXXXXXXSSSSSSSSS%%%%%%[0;30;41mX[0m
[0;30;41mX[0;1;31;91;41mXXXX@@@@@@88888888[0;31;5;41;101m88888[0;35;5;41;101m888[0;33;5;40;100mtt[0;33;47m8[0;37;5;43;103m8[0;1;33;93;47m@[0;37;5;43;103m@8[0;37;43m@[0;37;5;43;103mXXXX[0;1;30;90;43m8[0;37;5;43;103mSSS[0;33;5;43;103m%[0;1;33;93;43m@[0;33;5;43;103m8[0;1;33;93;43mX[0;1;31;91;41mS@@@@@S[0;1;33;93;43mS[0;1;30;90;43mt[0;1;31;91;41mXXXXXXXXSSSSSSSSS%%%%%%[0;30;41mX[0m
[0;30;41mX[0;1;31;91;41mXXXX@@@@@@8888888[0;1;30;90;41m8[0;1;30;90;43m88[0;1;31;91;41m8[0;31;5;41;101m888[0;33;5;40;100m%[0;1;30;90;43m8[0;33;47m8[0;37;5;43;103m88@88X[0;1;33;93;43m8[0;37;5;43;103mXXXXS[0;33;5;43;103mX[0;37;5;43;103mS[0;33;5;43;103mt[0;1;33;93;43m8[0;33;5;43;103m:X[0;1;33;93;43mS[0;1;30;90;41m@[0;1;31;91;41m@@@@@@[0;31;43m8[0;33;5;43;103mt[0;33;41m@[0;1;31;91;41mXXXXXXXSSSSSSSSS%%%%%%[0;30;41mX[0m
[0;30;41mX[0;1;31;91;41mXXXX@@@@@@88888888[0;1;30;90;43m8[0;33;5;43;103m@X[0;1;30;90;43m888[0;37;5;43;103m@XXX@@@@[0;37;43m@[0;33;5;43;103m@[0;37;43mX[0;37;5;43;103mX[0;33;5;43;103m@[0;37;5;43;103mSS[0;33;5;43;103mS@[0;1;30;90;43m8[0;1;33;93;43m@[0;33;5;43;103m%::[0;1;30;90;43mX[0;1;31;91;41m@@@@@XS[0;1;30;90;43mt[0;1;33;93;43mX[0;1;31;91;41mtXXXXXSSSSSSSSSS%%%%%%[0;30;41mX[0m
[0;30;41m@[0;1;31;91;41mXXXXX@@@@@@888888[0;33;41m@[0;1;33;93;43mX[0;33;5;43;103mX@S[0;37;5;43;103mXXXXXXXX[0;37;43m@X[0;1;30;90;43m8[0;33;5;40;100mX[0;1;30;90;41m8[0;1;30;90;43m8[0;33;5;43;103mXX[0;37;5;43;103mSS%[0;33;5;43;103m::X[0;1;33;93;43m8[0;33;5;43;103m:;[0;1;30;90;43mX[0;1;31;91;41m@@@@XX[0;33;41mt[0;33;5;43;103m@[0;1;30;90;43mt[0;1;31;91;41mXXXXXSSSSSSSSS%%%%%%%[0;30;41m@[0m
[0;31;40m8[0;1;31;91;41mXXXXX@@@@@@@8888[0;33;41m@[0;1;30;90;43m8[0;33;5;43;103m%[0;37;5;43;103mS[0;33;5;43;103mXS[0;37;5;43;103mSXXX[0;33;5;43;103mX[0;1;30;90;43m8888[0;1;30;90;41m8[0;1;31;91;41m8[0;31;5;41;101m8[0;1;31;91;41m88[0;1;30;90;43m8[0;1;33;93;43mX[0;37;5;43;103m%%[0;33;5;43;103m::::;%:;[0;1;30;90;43mS[0;1;31;91;41mS@XXXX[0;31;43mX[0;33;5;43;103m%[0;31;43m8[0;1;31;91;41m;XXXSSSSSSSSS%%%%%%%[0;30;41m8[0m
[0;31;40mS[0;1;31;91;41mXXXXXX@@@@@@@888[0;1;30;90;43m88[0;33;5;43;103m@[0;1;33;93;43mX[0;33;5;43;103m;[0;37;5;43;103mS[0;33;5;43;103m@[0;1;30;90;43m8[0;33;5;43;103m@[0;1;33;93;43m@[0;1;30;90;43m8[0;1;31;91;41m88888888888[0;1;30;90;43m8[0;1;33;93;43mX[0;33;5;43;103m:::::::;;[0;1;33;93;43mS[0;33;41mS[0;1;31;91;41mXXXX[0;33;41m;[0;33;5;43;103mX[0;1;30;90;43m;[0;33;41mS[0;1;31;91;41mXXSSSSSSSSSS%%%%%%%[0;31;40mX[0m
 [0;1;31;91;41mSXXXXXX@@@@@@@8888[0;33;41mX[0;1;30;90;43m8[0;33;5;43;103m8S[0;1;30;90;43m8[0;1;31;91;41m8@[0;1;30;90;43m8[0;33;41m@[0;1;31;91;41m888888888[0;33;41m@[0;31;43m8[0;1;30;90;43m88[0;1;33;93;43m@[0;33;5;43;103mX::::;;t[0;1;33;93;43mS[0;33;5;43;103m@[0;33;41m%[0;1;31;91;41mXXXX[0;1;30;90;43m;:[0;33;41m%[0;1;31;91;41mSXSSSSSSSSS%%%%%%%%[0m 
 [0;1;30;90;41m:[0;1;31;91;41mXXXXXXX@@@@@@@@888[0;31;43m8[0;1;30;90;43m8[0;33;41m@[0;1;31;91;41m8888888888@[0;1;30;90;43m8[0;1;33;93;43m;[0;33;5;43;103mX::::@[0;1;33;93;43mSX[0;33;5;43;103m::;;;;;[0;1;33;93;43m%[0;1;30;90;43mt[0;1;31;91;41mSXXX[0;1;30;90;43m:[0;1;33;93;43m@[0;33;41m8[0;1;31;91;41mtSSSSSSSSSS%%%%%%% [0m 
 [0;30;41m@[0;1;31;91;41mXXXXXXXX@@@@@@@@@88@8888888888[0;33;41m8[0;33;5;43;103m@S%;:::::%[0;1;30;90;43mS[0;1;33;93;43m@[0;33;5;43;103m;;;;;;[0;1;33;93;43m8[0;33;5;43;103mX[0;1;30;90;43mt[0;1;31;91;41mt%[0;33;41mX[0;33;5;43;103mS[0;1;30;90;43m:[0;1;31;91;41mXSSSSSSSSSS%%%%%%%%[0;30;41mX[0m 
  [0;1;31;91;41mSXXXXXXXXX@@@@@@@@@@888888888@[0;1;33;93;43mX[0;33;5;43;103mS%:::::::;t[0;1;33;93;43m%[0;33;5;43;103m;;;;;;%[0;33;41m@[0;1;33;93;43mS[0;33;5;43;103mSXS[0;1;30;90;43m:[0;1;31;91;41mtSSSSSSSSSS%%%%%%%%%[0;31;40mt[0m 
  [0;30;41m;[0;1;31;91;41mXXXXXXXXXX@@@@@@@@@@@@@@@88@[0;1;30;90;41m@[0;33;5;43;103mSt:::::;;;;[0;1;33;93;43mS[0;33;5;43;103mt;;;;;;[0;1;30;90;43m;[0;1;31;91;41mSS[0;33;41m;t[0;1;31;91;41mtXSSSSSSSSSSS%%%%%%%%[0;30;41m:[0m  
  [0;31;40m%[0;1;31;91;41mSXXXXXXXXXXXX@@@@@@@@@@@@@@@@[0;1;30;90;43mX[0;33;5;43;103m::;;;;%[0;1;30;90;43mS[0;33;41m@t[0;1;30;90;43m%[0;33;5;43;103m8;;;;;;[0;31;43m8[0;1;31;91;41mXXXXXSSSSSSSSSSS%%%%%%%%%[0;31;40mS[0m  
   [0;30;41m%[0;1;31;91;41mXXXXXXXXXXXXXXX@@@@@@@@@@@@@X[0;1;30;90;43mS[0;33;5;43;103m;;;;;[0;31;43m8[0;1;31;91;41mXXt[0;33;5;43;103m@[0;1;30;90;43mt[0;33;5;43;103m;;;;;;[0;33;41m%[0;1;31;91;41mXXXXSSSSSSSSSSS%%%%%%%%%[0;30;41mt[0m   
    [0;1;31;91;41mtXXXXXXXXXXXXXXXXXX@@@@@@@@@@t[0;33;5;43;103m@;;;[0;1;33;93;43mXX[0;1;30;90;43m%[0;1;31;91;41mS%[0;1;33;93;43mX[0;1;30;90;43m;[0;33;5;43;103mt;;;;;[0;1;33;93;43m%[0;33;41mt[0;1;31;91;41mXSSSSSSSSSSSS%%%%%%%%%;[0m    
    [0;31;40mX[0;1;31;91;41mSXXXXXXXXXXXXXXXXXXXXXXXXXX[0;33;41mS[0;1;33;93;43mt[0;33;5;43;103m;;;S[0;1;33;93;43mSS[0;33;41m8[0;1;31;91;41mXX[0;33;41mX[0;1;33;93;43mXS[0;33;5;43;103mt;;;;;X[0;31;43mt[0;33;41m888[0;1;31;91;41mSSSSSSSS%%%%%%%%%t[0;31;40mX[0m    
     [0;30;41m8[0;1;31;91;41mSSSXXXXXXXXXXXXXXXXXXXXX%[0;1;30;90;43mt[0;33;5;43;103m%;;;tS[0;1;30;90;43m;[0;1;31;91;41mtXXXX%[0;33;41m@[0;31;43mS[0;1;30;90;43m:[0;1;33;93;43mt8[0;33;5;43;103mtttt[0;1;30;90;43m:[0;33;5;43;103mt[0;1;30;90;43m:[0;1;31;91;41mSSSSSS%%%%%%%%%%t[0;30;41m8[0m     
      [0;30;41mS[0;1;31;91;41mSSSSXXXXXXXXXXXXXXSSX[0;33;41m%8[0;1;33;93;43m%[0;33;5;43;103m;;;@X[0;1;33;93;43m8[0;1;30;90;43m;;[0;33;41m%[0;1;31;91;41mXXXXXXXXS%[0;33;41m%[0;1;33;93;43m%[0;33;5;43;103mtt[0;1;33;93;43m8[0;33;5;43;103mt[0;1;30;90;43m.[0;33;41mt[0;1;31;91;41mSSSS%%%%%%%%%%t[0;30;41m%[0m      
       [0;30;41mt[0;1;31;91;41mSSSSSSXXXXXXXX[0;33;41m@[0;1;30;90;43m:;[0;33;5;43;103m@@[0;1;33;93;43mX[0;33;5;43;103mt;;;S[0;31;43mX[0;1;31;91;41m%[0;33;41mS[0;31;43m%[0;33;41m;[0;1;31;91;41mSXXXXXXSSSSSS[0;33;41m8[0;33;5;43;103mtttt[0;1;33;93;43m@[0;1;30;90;43m.[0;33;41mX[0;1;31;91;41mS%%%%%%%%%%%t[0;30;41mt[0m       
        [0;30;41m%[0;1;31;91;41mSSSSSSSSSXXXX[0;1;30;90;43m:;[0;1;33;93;43mS[0;1;30;90;43m:[0;1;33;93;43mX[0;33;5;43;103mS;@;@[0;1;33;93;43m8[0;33;41mt[0;1;31;91;41mXXXXXXXSSSSSSSSSS[0;31;43m@[0;33;5;43;103mtttt[0;1;33;93;43m@[0;1;30;90;43m.[0;33;41m.[0;1;31;91;41m%%%%%%%%%%tt[0;30;41m%[0m        
         [0;30;41m@[0;1;31;91;41mSSSSSSSSSSSS;[0;33;41m;@[0;1;30;90;41m8[0;33;5;43;103m%[0;1;30;90;43m::[0;33;41mt[0;31;43m8[0;1;30;90;43m::[0;1;31;91;41mSSSSSSSSSSSSSSSSS[0;33;41m;[0;1;33;93;43m@[0;33;5;43;103mttt[0;31;43m8[0;33;41m;[0;1;31;91;41m:%%%%%%%%%%tt[0;30;41m@[0m         
          [0;31;40m@[0;1;31;91;41mtSSSSSSSSSSSSSS[0;33;41mS[0;1;31;91;41m%SSSttSSSSSSSSSSS[0;31;43m@[0;1;33;93;43mS[0;1;30;90;43m:.[0;1;33;93;43mS[0;1;30;90;43m.[0;33;5;43;103m@ttt8[0;33;41m:[0;1;31;91;41m%%%%%%%%%%%t;[0;31;40m@[0m          
            [0;1;30;90;41m.[0;1;31;91;41mSSSSSSSSSSSSSSSSSSSSSSSSSSSSSSS[0;1;30;90;43m::.[0;1;33;93;43mSS[0;1;30;90;43m.[0;33;5;43;103m%%[0;1;33;93;43m%[0;33;5;43;103m@[0;1;33;93;43mX[0;31;43m8[0;1;31;91;41m%%%%%%%%%tt[0;30;41m.[0m            
             [0;30;41m@[0;1;31;91;41m%SSSSSSSSSSSSSSSSSSSSSSSSSSSSS[0;33;41m;[0;1;31;91;41m%[0;31;43m@[0;33;41m8%[0;1;33;93;43mX[0;1;30;90;43m..[0;33;41mt[0;31;43m8[0;1;30;90;43m.[0;1;31;91;41m;%%%%%%%ttt[0;30;41mX[0m             
              [0;31;40m%[0;1;30;90;41m.[0;1;31;91;41mSSSSSSSSSSSSSSSSSSSSSSSSSSSS%%;%%[0;33;41mt[0;1;31;91;41mt%%t:%%%%%%ttt[0;30;41m.[0;31;40m%[0m              
                [0;31;40m8[0;1;31;91;41m;%%%SSSSSSSSSSSSSSSSS%%%%%%%%%%%%%%%%%%%%tttt:[0;30;41m8[0m                
                  [0;30;41mX[0;1;31;91;41mt%%%%%%%%%%%%%%%%%%%%%%%%%%%%%%%%%%%%ttttt[0;30;41mX[0m                  
                    [0;30;41mS[0;1;31;91;41mt%%%%%%%%%%%%%%%%%%%%%%%%%%%%%%%ttttt;[0;30;41mS[0m                    
                      [0;30;41mX[0;1;31;91;41m;%%%%%%%%%%%%%%%%%%%%%%%%%ttttttt;[0;30;41mX[0m                      
                        [0;30;41m8[0;1;31;91;41m.%%%%%%%%%%%%%%%%%%tttttttttt.[0;30;41m8[0m                        
                          [0;31;40mX[0;30;41mt[0;1;31;91;41mt%%%%%%%%ttttttttttttttt[0;30;41m;[0;31;40m@[0m                          
                             [0;30;41m8.[0;1;31;91;41mtttttttttttttttttt[0;30;41m.8[0m                             
                                [0;30;41m8 [0;1;31;91;41mtttttttttttt [0;30;41m@[0m                                
                                   [0;30;41m8;[0;1;31;91;41m;ttttt[0;30;41m:8[0m                                   
                                      [0;31;40mX[0;30;41m@@[0;31;40mX[0m                                      
