[0;1;30;90;41m8[0;31;43mSSSSSSSSSSSS%%%%%%%%%%%%%%%%%%%%%%%%%%%%%%%%SSSSSSSSSSSSSSSSSSSSSXXXXXXXXXXXXX[0;33;41mX[0m
[0;31;43m8[0;1;33;93;43m..............::::::::::::::::::::::::::::.................[0;1;31;91;43m8888888888888888888[0;33;41m8[0m
[0;31;43m8[0;1;33;93;43m............:::::::::::::::::::::::::::::::::................[0;1;31;91;43m88888888888888888[0;33;41m8[0m
[0;31;43m8[0;1;33;93;43m.........::::::::::::::::::::::::::::::::::::::...............[0;1;31;91;43m8888888888888888[0;33;41m8[0m
[0;31;43m8[0;1;33;93;43m.......:::::::::::[0;1;30;90;43mS[0;1;33;93;43m:;;[0;33;5;43;103m;;;;;;;;;;;;;[0;1;33;93;43m;;::::::::::::..............[0;1;31;91;43m8[0;31;43mS[0;1;31;91;43m8888888888888[0;33;41m8[0m
[0;31;43m8[0;1;33;93;43m......::::::::::;[0;1;30;90;43mSS[0;33;5;43;103m;;:::::::::::::::;;;[0;1;33;93;43m;:::::::::::............[0;1;31;91;43m8[0;31;43m8[0;1;31;91;43m8888888888888[0;33;41m8[0m
[0;31;43m8[0;1;33;93;43m....::::::::::;[0;33;5;43;103m;;[0;31;5;40;100mX[0;1;33;93;43m:[0;33;5;43;103m::::::::::::::::::::;;[0;1;33;93;43m;;:::::::::...........[0;33;41m8[0;31;43m%[0;1;31;91;43m8888888888888[0;31;43m8[0m
[0;31;43m8[0;1;33;93;43m...:::::::::;[0;33;5;43;103m;;:[0;1;30;90;43mX[0;31;5;40;100m@[0;33;5;43;103m::::::::::::::::::::::::;;[0;1;33;93;43m;:::::::::........[0;1;31;91;43m8[0;31;40mt[0;1;31;91;43m8[0;1;33;93;43m.[0;1;31;91;43m888888888888[0;31;43m8[0m
[0;31;43m8[0;1;33;93;43m..::::::::;;[0;33;5;43;103m;:::[0;31;5;40;100mX[0;1;30;90;43m@[0;33;5;43;103m:::::::::::::::::::::::::;;[0;1;33;93;43m;:::::::::.......[0;33;41m8[0;30;41m8[0;1;33;93;43m...[0;1;31;91;43m88888888888[0;31;43m8[0m
[0;31;43m8[0;1;33;93;43m.::::::::;[0;33;5;43;103m;;:::[0;1;30;90;43m@[0;1;30;90;40m@[0;1;30;90;43m@[0;33;5;43;103m::::.............::::::::::;;[0;1;33;93;43m;:::::::......[0;1;31;91;43m8[0;31;40m:[0;31;43m8[0;1;33;93;43m...[0;1;31;91;43m88888888888[0;31;43m8[0m
[0;31;43m8[0;1;33;93;43m.:::::::;[0;33;5;43;103m;;::::[0;31;5;40;100mX[0;1;30;90;40m8[0;1;33;93;43m;[0;33;5;43;103m:...................::::::::;;[0;1;33;93;43m;:::::::.....[0;33;41m8[0;34;40m.[0;31;43m%[0;1;33;93;43m....[0;1;31;91;43m8888888888[0;31;43m8[0m
[0;31;43m8[0;1;33;93;43m:::::::;[0;33;5;43;103m;;::::[0;1;30;90;43m@[0;1;30;90;40m8[0;31;5;40;100mX[0;33;5;43;103m......................::::::::;;[0;1;33;93;43m;:::::::...[0;1;31;91;43m8[0;31;40m::[0;1;31;91;43m8[0;1;33;93;43m....[0;1;31;91;43m8888888888[0;31;43m8[0m
[0;31;43m8[0;1;33;93;43m::::::;[0;33;5;43;103m;;:::::[0;31;5;40;100m@[0;1;30;90;40m8[0;33;5;40;100m8[0;33;5;43;103m........[0;37;5;43;103mXXXXXXX[0;33;5;43;103m.........:::::::;[0;1;33;93;43m;:::::::...[0;33;41m8[0;34;40m:[0;31;40m8[0;1;33;93;43m......[0;1;31;91;43m888888888[0;31;43m8[0m
[0;31;43m8[0;1;33;93;43m::::::;[0;33;5;43;103m;:::::[0;1;30;90;43m8[0;1;30;90;40m88[0;1;30;90;43m8[0;33;5;43;103m.....[0;37;5;43;103mXXXXXX@XXXXX[0;33;5;43;103m........:::::::;[0;1;33;93;43m;:::::::.[0;1;31;91;43m8[0;31;40m:[0;34;40m:[0;31;43m8[0;1;33;93;43m......[0;1;31;91;43m888888888[0;31;43m8[0m
[0;31;43m8[0;1;33;93;43m:::::;[0;33;5;43;103m;;:::::[0;31;5;40;100m@[0;1;30;90;40m8[0;30;5;40;100m8[0;1;33;93;43m;[0;33;5;43;103m....[0;37;5;43;103mXXX@@@@@@@@@XXX[0;33;5;43;103m......:::::::;[0;1;33;93;43m;:::::::.[0;1;30;90;41m8[0;34;40m::[0;31;43m%[0;1;33;93;43m......[0;1;31;91;43m888888888[0;31;43m8[0m
[0;31;43m8[0;1;33;93;43m:::::;[0;33;5;43;103m;:::::[0;1;30;90;43m8[0;1;30;90;40m88[0;31;5;40;100mX[0;33;5;43;103m....[0;37;5;43;103mXX[0;1;33;93;43mt[0;1;30;90;43m8[0;37;5;43;103m@@@@@@@@@@XXX[0;33;5;43;103m....:.::::::;;[0;1;33;93;43m;::::::[0;31;43m;[0;31;40m:[0;34;40m:[0;31;40m:[0;1;31;91;43m8[0;1;33;93;43m.....[0;1;31;91;43m8[0;31;43mX[0;1;31;91;43m88888888[0;31;43m8[0m
[0;31;43m8[0;1;33;93;43m:::::;[0;33;5;43;103m;::::;[0;31;5;40;100m@[0;1;30;90;40m8[0;30;5;40;100m8[0;33;5;40;100m8[0;33;5;43;103m...[0;37;43mX[0;1;30;90;43m8[0;33;5;40;100mS[0;30;5;40;100mS[0;1;30;90;43m8[0;37;5;43;103m@@88888@@@@XX[0;33;5;43;103m...:[0;1;30;90;43m8[0;33;5;43;103m.:::::::;[0;1;33;93;43m;::::::[0;1;30;90;41m8[0;34;40m::[0;31;40m@[0;1;33;93;43m...[0;1;31;91;43m8[0;31;43m8[0;31;40m8.[0;33;41m8[0;1;31;91;43m88888888[0;31;43m8[0m
[0;31;43m8[0;1;33;93;43m:::::;[0;33;5;43;103m;::::[0;1;30;90;43m8[0;1;30;90;40m88[0;30;5;40;100m8[0;1;30;90;43m88[0;33;5;40;100m@[0;31;5;40;100mX[0;30;5;40;100mXXS[0;33;5;40;100m%[0;37;5;43;103m@@888888@@@@XX[0;33;5;43;103m...[0;1;30;90;43m8[0;1;33;93;43m:[0;33;5;43;103m.:::::::;[0;1;33;93;43m;:::::[0;31;43m;[0;31;40m:[0;34;40m::[0;33;41m8[0;31;43m%[0;33;41m8[0;31;40m%[0;34;40m...[0;31;40m;[0;1;31;91;43m888888888[0;31;43m8[0m
[0;31;43m8[0;1;33;93;43m:::::;[0;33;5;43;103m;:::;[0;30;5;40;100m8[0;1;30;90;40m88[0;30;5;40;100m8888@XXS[0;37;43m@[0;37;5;43;103m@@@88888@@@@XX[0;33;5;43;103m..:[0;33;5;40;100m8[0;33;5;43;103m..:::::::;[0;1;33;93;43m;:::::[0;1;30;90;41m8[0;34;40m:::[0;31;40m:[0;34;40m:.....[0;31;43m8[0;1;33;93;43m.[0;1;31;91;43m88888888[0;31;43m8[0m
[0;31;43m8[0;1;33;93;43m:::::;[0;33;5;43;103m;:::[0;1;30;90;43m@[0;1;30;90;40m8888[0;30;5;40;100m888@@X[0;33;5;40;100mX[0;37;5;43;103mX@@@@@@@@@@@XX[0;33;5;43;103m...[0;1;30;90;43m8[0;33;5;40;100m8[0;33;5;43;103m..::::::;;[0;1;33;93;43m;::::[0;31;43mt[0;31;40m:[0;34;40m:::::....[0;31;40mS[0;1;31;91;43m8[0;1;33;93;43m.[0;1;31;91;43m88888888[0;31;43m8[0m
[0;31;43m8[0;1;33;93;43m:::::;[0;33;5;43;103m;;:[0;1;33;93;43m;[0;30;5;40;100m8[0;1;30;90;40m8888[0;30;5;40;100m8[0;33;5;40;100m8[0;31;5;40;100mS[0;30;5;40;100m8@@[0;37;43mX[0;37;5;43;103mXXX@@@@@@@XXX[0;33;5;43;103m...;[0;30;5;40;100m@[0;1;30;90;43m8[0;33;5;43;103m.:::::::;[0;1;33;93;43m;:::::[0;1;30;90;41m8[0;34;40m:::::[0;31;40mX8[0;34;40m...[0;31;43mX[0;1;33;93;43m.[0;1;31;91;43m888888888[0;31;43m8[0m
[0;33;41m8[0;1;33;93;43m::::::;[0;33;5;43;103m;:[0;1;30;90;43mX[0;1;30;90;40m@@[0;30;5;40;100m8[0;33;5;40;100m8[0;1;30;90;43m8[0;1;33;93;43m;[0;33;5;43;103m.[0;31;5;40;100mS[0;30;5;40;100m88[0;33;5;40;100m@[0;33;5;43;103m..[0;37;5;43;103mXXXXXXXXXXX[0;33;5;43;103m....[0;1;30;90;43m8[0;30;5;40;100m8[0;1;33;93;43m.[0;33;5;43;103m:::::::;;[0;1;33;93;43m;::::[0;31;43mt[0;31;40m:[0;34;40m:[0;31;40mt[0;1;30;90;41m8[0;31;43m@[0;1;31;91;43m8[0;1;33;93;43m.[0;1;30;90;41m8[0;34;40m..[0;31;40m8[0;1;31;91;43m8[0;1;33;93;43m.[0;1;31;91;43m888888888[0;33;41m8[0m
[0;33;41m@[0;1;33;93;43m:::::::;:[0;33;5;40;100m8[0;1;30;90;43mXX[0;33;5;43;103m::::[0;1;30;90;43m8[0;30;5;40;100m88@[0;1;33;93;43m;[0;33;5;43;103m......[0;37;5;43;103mXXX[0;33;5;43;103m.......[0;1;33;93;43mt[0;30;5;40;100m8@[0;33;5;43;103m::::::::;[0;1;33;93;43m;:::::[0;31;43m88t[0;1;33;93;43m....[0;1;31;91;43m8[0;31;40m;[0;34;40m.[0;31;40m.[0;31;43m%[0;1;33;93;43m..[0;1;31;91;43m888888888[0;33;41m@[0m
[0;31;40m8[0;1;33;93;43m:::::::;[0;33;5;43;103m;;::::::[0;1;30;90;43m8[0;1;30;90;40m88[0;1;30;90;43m8[0;33;5;43;103m.................[0;1;30;90;43m8[0;1;30;90;40m8[0;33;5;40;100m8[0;33;5;43;103m:::::::;[0;1;33;93;43m;::::::::.....[0;31;43mX[0;34;40m..[0;30;41m8[0;1;33;93;43m..[0;1;31;91;43m8888888888[0;30;41m8[0m
 [0;1;33;93;43m.:::::::;[0;33;5;43;103m;;:::::[0;31;5;40;100m@[0;1;30;90;40m8[0;31;5;40;100m@[0;33;5;43;103m;................[0;1;33;93;43m;[0;30;5;40;100m8[0;1;30;90;40m8[0;1;30;90;43m8[0;33;5;43;103m::::::;[0;1;33;93;43m;::::::::......[0;1;30;90;41m8[0;34;40m.[0;31;40m:[0;1;31;91;43m8[0;1;33;93;43m..[0;1;31;91;43m8888888888[0m 
 [0;31;43mt[0;1;33;93;43m.:::::::;;[0;33;5;43;103m;:::[0;1;30;90;43mX[0;1;30;90;40m@8[0;1;30;90;43m8[0;33;5;43;103m::::...........::[0;1;30;90;43m8[0;1;30;90;40m88[0;1;33;93;43m.[0;33;5;43;103m:::::;[0;1;33;93;43m;::::::::......[0;1;31;91;43m8[0;31;40m;[0;34;40m.[0;33;41m8[0;1;33;93;43m..[0;1;31;91;43m8888888888[0;31;43mt[0m 
 [0;33;41m8[0;1;33;93;43m.:::::::::;[0;33;5;43;103m;;:[0;1;30;90;43mX[0;1;30;90;40m@[0;31;5;40;100mX[0;33;5;43;103m:::::::::::::::::[0;1;33;93;43m:[0;1;30;90;40m8@[0;30;5;40;100m8[0;33;5;43;103m::::;;[0;1;33;93;43m;::::::::.......[0;31;43mS[0;34;40m.[0;31;40mt[0;1;31;91;43m8[0;1;33;93;43m.[0;1;31;91;43m88888888888[0;31;43m8[0m 
  [0;1;33;93;43m...::::::::;;[0;33;5;43;103m;[0;30;5;40;100m8[0;1;30;90;40mX[0;1;30;90;43mX[0;33;5;43;103m:::::::::::::::::[0;1;30;90;43m@[0;1;30;90;40m@@[0;33;5;40;100m8[0;33;5;43;103m::;;[0;1;33;93;43m;:[0;1;30;90;43m%%[0;1;33;93;43m::::::........[0;1;30;90;41m8[0;34;40m.[0;31;43m@[0;1;33;93;43m..[0;1;31;91;43m88888888888[0;31;40mS[0m 
  [0;31;43mX[0;1;33;93;43m...:::::::::[0;1;31;91;43m8[0;1;30;90;40mS[0;31;5;40;100mS[0;33;5;43;103m;::::::::::::::::[0;1;33;93;43m.[0;1;30;90;40m@XX[0;1;30;90;43mX[0;33;5;43;103m;;[0;1;33;93;43m:[0;1;30;90;43mS[0;31;5;40;100mS[0;31;40mS;[0;1;30;90;43m%[0;1;33;93;43m:::::........[0;1;31;91;43m8[0;31;40m;X[0;1;31;91;43m8[0;1;33;93;43m.[0;1;31;91;43m88888888888[0;31;43mS[0m  
  [0;31;40mX[0;1;33;93;43m....::::::::[0;1;30;90;43m%[0;1;30;90;40mS[0;1;31;91;43m8[0;1;33;93;43m;;[0;33;5;43;103m;;;;:::::::::::[0;1;30;90;43mX[0;1;30;90;40mXSS[0;1;30;90;43mSS[0;31;5;40;100m@[0;1;30;90;40mS[0;34;40m;;;[0;1;30;90;41m8[0;1;33;93;43m:::::.........[0;31;43mS[0;34;40m.[0;31;43mS[0;1;33;93;43m.[0;1;31;91;43m888888888888[0;31;40m8[0m  
   [0;31;43m@[0;1;33;93;43m.....::::::[0;31;40m@[0;1;30;90;43m%[0;1;33;93;43m:::::;;;[0;33;5;43;103m;;;;;;;;[0;1;33;93;43m;[0;1;31;91;43m8[0;1;30;90;40mSSS%%[0;34;40m;;;;;[0;31;40mt[0;1;31;91;43m8[0;1;33;93;43m:::...........[0;1;30;90;41m8[0;31;40m8[0;1;31;91;43m8888888888888[0;31;43m@[0m   
    [0;1;31;91;43m8[0;1;33;93;43m......:::[0;1;31;91;43m8[0;31;40m%[0;1;31;91;43m8[0;1;33;93;43m:::::::::::::::::[0;31;5;40;100mX[0;34;40m;;;;;;;;;;[0;31;43m8[0;1;33;93;43m::............[0;1;31;91;43m8[0;31;40mt[0;31;43mt[0;1;31;91;43m8888888888888[0m    
    [0;30;41m8[0;1;33;93;43m........:[0;31;43m8@[0;1;33;93;43m:::::::::::::::::[0;1;31;91;43m8[0;31;40mt[0;34;40m;;;;[0;31;40m%[0;1;30;90;41m8[0;31;40mS[0;34;40m::[0;31;40mS[0;1;31;91;43m8[0;1;33;93;43m..............[0;31;43mS[0;1;30;90;41m8[0;1;31;91;43m8888888888888[0;30;41m8[0m    
     [0;33;41m8[0;1;33;93;43m........[0;1;30;90;41m8[0;1;33;93;43m.:::::::::::::::::[0;1;30;90;41m8[0;34;40m;[0;31;40m;8[0;31;43m8t[0;1;33;93;43m.[0;1;31;91;43m8[0;31;40m;[0;34;40m::[0;31;43mX[0;1;33;93;43m...............[0;1;30;90;41m8[0;1;31;91;43m8888888888888[0;33;41m8[0m     
      [0;31;43m8[0;1;33;93;43m......[0;1;31;91;43m8[0;31;43m%[0;1;33;93;43m......:::::::::::[0;1;31;91;43m8[0;1;30;90;41m8[0;31;43mS[0;1;31;91;43m8[0;1;33;93;43m::..[0;31;43mX[0;34;40m::[0;31;40m@[0;1;33;93;43m..............[0;1;31;91;43m88[0;31;43m8[0;1;31;91;43m888888888888[0;31;43m8[0m      
       [0;31;43m@[0;1;33;93;43m.....[0;31;43m%[0;1;33;93;43m..........................[0;30;41m8[0;34;40m::[0;31;43m%[0;1;33;93;43m............[0;1;31;91;43m888[0;31;43m%[0;1;31;91;43m888888888888[0;31;43m@[0m       
        [0;31;43m8[0;1;33;93;43m..............................[0;1;31;91;43m8[0;31;40m:[0;34;40m:[0;30;41m8[0;1;33;93;43m...........[0;1;31;91;43m88888888888888888[0;31;43m8[0m        
         [0;33;41m8[0;1;33;93;43m.............................[0;31;43m@[0;34;40m.[0;31;40m:[0;1;31;91;43m8[0;1;33;93;43m.........[0;1;31;91;43m888888888888888888[0;33;41m8[0m         
          [0;30;41m8[0;1;31;91;43m8[0;1;33;93;43m...........................[0;30;41m8[0;34;40m.[0;1;30;90;41m8[0;1;33;93;43m.......[0;1;31;91;43m88888888888888888888[0;30;41m8[0m          
            [0;31;43m%[0;1;33;93;43m.........................[0;1;31;91;43m8[0;31;40m:;[0;1;31;91;43m8[0;1;33;93;43m....[0;1;31;91;43m888888888888888888888[0;31;43m%[0m            
             [0;31;43m8[0;1;31;91;43m888[0;1;33;93;43m.....................[0;31;43m@[0;34;40m.[0;31;43m8[0;1;31;91;43m8888888888888888888888888[0;31;43m8[0m             
              [0;31;40m@[0;31;43m%[0;1;31;91;43m8888888888[0;1;33;93;43m.......[0;1;31;91;43m88888[0;30;41m8[0;31;40mS[0;1;31;91;43m888888888888888888888888[0;31;43m%[0;31;40m@[0m              
                [0;33;41m@[0;1;31;91;43m888888888888888888888[0;31;40m:[0;31;43mX[0;1;31;91;43m88888888888888888888888[0;33;41m@[0m                
                  [0;31;43m8[0;1;31;91;43m888888888888888888[0;31;43m@[0;31;40m8[0;1;31;91;43m8888888888888888888888[0;31;43m8[0m                  
                    [0;31;43m8[0;1;31;91;43m8888888888888888[0;30;41m8[0;31;43mS[0;1;31;91;43m88888888888888888888[0;31;43m8[0m                    
                      [0;33;41m8[0;1;31;91;43m88888888888888[0;1;30;90;41m8[0;1;31;91;43m8888888888888888888[0;31;43m8[0m                      
                        [0;33;41m8[0;1;31;91;43m88888888888[0;31;43m@t[0;1;31;91;43m88888888888888888[0;33;41m8[0m                        
                          [0;31;40m8[0;31;43m@[0;1;31;91;43m88888888[0;31;43mS[0;1;31;91;43m888888888888888[0;31;43mX[0;30;41m8[0m                          
                             [0;33;41m8[0;31;43mS[0;1;31;91;43m888888888888888888[0;31;43mS[0;33;41m8[0m                             
                                [0;33;41m8[0;31;43m%[0;1;31;91;43m888888888888[0;31;43m%[0;33;41m8[0m                                
                                   [0;33;41m@[0;31;43mX[0;1;31;91;43m888888[0;31;43mX[0;33;41m8[0m                                   
                                      [0;31;40m8[0;33;41m88[0;30;41m8[0m                                      
