[0;36;5;40;100m [0;1;30;90;47m....      [0;1;37;97;47m                     [0;1;30;90;47mX[0;1;30;90;42m8[0;30;42m%%%%%%%%%%%SSSSSSSSSSSSSSSSSSSSSXXXXXXXXXXXXX[0;32;40mX[0m
[0;37;5;40;100m@[0;37;5;47;107m%%%%%%tttttttttttttttttttttttttt%[0;1;30;90;47mX[0;1;30;90;42m8t[0;1;30;90;47m8[0;36;5;40;100mt[0;1;30;90;42mt;;;;;;;::::::::::::::.........[0;30;42m.....::::[0;32;40m8[0m
[0;37;5;40;100m@[0;37;5;47;107m%%%%ttttttttttttttttt8[0;1;37;97;47mX[0;37;5;47;107mttttttttttt%[0;1;30;90;47mSX[0;37;5;47;107mt[0;1;37;97;47m:[0;32;5;40;100mS[0;1;30;90;42mt[0;37;5;40;100m;t[0;1;30;90;42mt;;;;::::::::::::::........[0;30;42m.....:::[0;32;40m8[0m
[0;37;5;40;100m@[0;37;5;47;107m%%tttttttttttttttt[0;1;37;97;47m@[0;1;30;90;47m.:[0;33;5;40;100m.%[0;1;30;90;47m:.[0;1;37;97;47mX[0;37;5;47;107m;;;;;;;;;ttttt[0;1;37;97;47m.[0;1;30;90;47m8[0;37;5;47;107mt[0;1;37;97;47m8[0;37;5;40;100m;[0;1;30;90;42mt;;;;:::::::::::::........[0;30;42m.....::[0;32;40m8[0m
[0;37;5;40;100m@[0;37;5;47;107m%tttttttttttttttX[0;1;30;90;47m8[0;1;30;90;43m888[0;33;5;40;100m88[0;1;30;90;43m888[0;1;30;90;47m8[0;37;5;47;107m%;;;;;;;;;;;;ttttt8[0;37;5;40;100m;[0;1;30;90;42m;;;;;::::::::::::........[0;30;42m.....:[0;32;40m8[0m
[0;37;5;40;100m@[0;37;5;47;107mtttttttttttttt;8[0;33;5;40;100mX[0;1;30;90;43m88[0;33;5;40;100m88[0;1;30;90;43m88[0;33;5;40;100m88[0;1;30;90;43m88[0;33;5;40;100m;[0;37;5;47;107mS;;;;;;;;;;;;tttt[0;1;37;97;47m:[0;32;5;40;100mX[0;1;30;90;42mtt;;;;::::::::::::........[0;30;42m....:[0;32;40m8[0m
[0;37;5;40;100m8[0;37;5;47;107mtttttttttttt;;;[0;1;37;97;47m;[0;1;30;90;43m8[0;33;5;40;100m88[0;1;30;90;43m88[0;33;5;40;100m88[0;1;30;90;43m888[0;33;5;40;100m8[0;1;30;90;43m8[0;1;37;97;47m.[0;37;5;47;107m:::;;;;t;;%[0;1;30;90;47mS8[0;37;5;47;107m;[0;1;37;97;47m.[0;36;5;40;100mt[0;1;30;90;42m%%tttt;;;;:::::::::::........[0;30;42m....8[0m
[0;37;5;40;100m8[0;37;5;47;107mtttttttttt;;;;;[0;33;5;40;100m%[0;1;30;90;43m8[0;33;5;40;100m88[0;1;30;90;43m8[0;33;5;40;100m8[0;1;30;90;43m88[0;33;5;40;100m8[0;1;30;90;43m8[0;33;5;40;100m88[0;1;30;90;43m88[0;37;5;47;107mS::::8[0;1;30;90;47m8S[0;37;5;47;107m%[0;1;30;90;47mS[0;1;30;90;42m8X[0;36;5;40;100m t[0;1;30;90;42mSS%%%%ttt;;;;:::::::::::.......[0;30;42m....8[0m
[0;37;5;40;100m8[0;37;5;47;107mttttttttt;;;;;;[0;33;5;40;100m 8[0;1;30;90;43m88[0;33;5;40;100m88[0;1;30;90;43m88[0;33;5;40;100m@@[0;1;30;90;43m88[0;33;5;40;100m@[0;1;30;90;47m8[0;37;5;47;107mt::@[0;1;30;90;47m8[0;1;30;90;42m88[0;1;30;90;47m8[0;1;30;90;42m8@@@XXXSSS%%%ttt;;;;::::::::::........[0;30;42m...8[0m
[0;37;5;40;100m8[0;37;5;47;107mtttttttt;;;;;;;[0;1;30;90;47m@[0;1;30;90;43m8[0;33;5;40;100m88[0;1;30;90;43m88[0;33;5;40;100m@@[0;1;30;90;43m88[0;33;5;40;100mXX[0;1;30;90;43m8[0;1;37;97;47m [0;37;5;47;107m..[0;1;37;97;47m [0;1;30;90;42m88888888@@@XXSSS%%%ttt;;;:::::::::::........[0;30;42m..8[0m
[0;37;5;40;100m8[0;37;5;47;107mttttttt;;;;;;;:[0;1;37;97;47m@[0;37;5;40;100m@[0;1;30;90;43m8[0;33;5;40;100m@@X[0;1;30;90;43m88[0;33;5;40;100mXX[0;1;30;90;43m88[0;1;30;90;47mS[0;37;5;47;107m@...[0;1;37;97;47m.[0;36;5;40;100m;[0;1;30;90;42m88[0;36;5;40;100m:[0;1;30;90;42m8888@@@XXSSS%%%ttt;;;::::::::::........[0;30;42m..8[0m
[0;37;5;40;100m8[0;37;5;47;107mtttttt;;;;;;::::[0;1;37;97;47m%[0;33;5;40;100mSX[0;1;30;90;43m8[0;33;5;40;100mXSSS[0;1;30;90;43m8[0;33;5;40;100mS%[0;37;5;47;107m@     .[0;1;37;97;47m.[0;36;5;40;100m;[0;1;37;97;47m [0;37;5;47;107m8[0;37;5;40;100m;[0;1;30;90;42m88[0;36;5;40;100mt[0;1;30;90;42m8@@XXSSS%%%ttt;;;::::::::::.......[0;30;42m..8[0m
[0;37;5;40;100m8[0;37;5;47;107mttttt;;;;;;;::::.X[0;1;37;97;47m [0;1;30;90;43m8[0;33;5;40;100mS[0;1;30;90;43m88[0;33;5;40;100m%%[0;1;30;90;47m.[0;37;5;47;107mS        .8..[0;1;37;97;47mX[0;37;5;40;100m;[0;1;30;90;47m8[0;37;5;47;107m@[0;1;30;90;47m8[0;1;30;90;42m8@XXSSS%%ttt;;;::::::::::........[0;30;42m.8[0m
[0;37;5;40;100m8[0;37;5;47;107mttttt;;;;;;::::....X[0;1;37;97;47m%[0;1;30;90;47m@@[0;1;37;97;47m@[0;37;5;47;107m%             ...8::X[0;1;30;90;47m8[0;1;30;90;42m8XXSS%%%tt;;;;::::::::::.......[0;30;42m.8[0m
[0;37;5;40;100m8[0;37;5;47;107mtttt;;;;;;::::....                     ...:::;[0;1;30;90;47mS[0;1;30;90;42mXXSSS%%ttt;;;::::::::::.......[0;30;42m.8[0m
[0;37;5;40;100m8[0;37;5;47;107mtttt;;;;;;::::...                      .t[0;1;37;97;47m;[0;37;5;47;107m.:[0;1;37;97;47m.[0;36;5;40;100m;[0;1;30;90;42m@@XXSS%%ttt;;;::::::::::.......[0;30;42m.8[0m
[0;37;5;40;100m8[0;37;5;47;107mtttt;;;;;;[0;1;30;90;47m8[0;1;37;97;47m8[0;37;5;47;107m::...                  8[0;1;37;97;47mS[0;37;5;47;107m t[0;1;30;90;47m%[0;32;5;40;100mS[0;1;30;90;47m8[0;1;37;97;47m:[0;36;5;40;100m;[0;1;30;90;42m88@@XXSS%%ttt;;;::::::::::........[0;30;42m8[0m
[0;37;5;40;100m8[0;37;5;47;107mtttt;t[0;1;37;97;47m.[0;33;5;40;100m %S8St[0;37;5;40;100m8[0;1;37;97;47m:[0;37;5;47;107m:.                @[0;1;30;90;47m8[0;32;5;40;100mS[0;1;37;97;47m  [0;32;5;40;100mS[0;1;30;90;42m8888888@@XXSS%%%tt;;;::::::::::........[0;30;42m8[0m
[0;37;5;40;100m8[0;37;5;47;107mttttX[0;1;30;90;47m8[0;1;30;90;43m888[0;33;5;40;100m8[0;1;30;90;43m8[0;33;5;40;100m8[0;1;30;90;43m8[0;33;5;40;100m@X[0;1;30;90;47mS[0;37;5;47;107mt              X[0;1;30;90;47m8[0;36;5;40;100m%[0;32;5;40;100mSXS[0;1;30;90;42m888888888@@XXSS%%ttt;;;::::::::::........[0;30;42m8[0m
[0;37;5;40;100m8[0;37;5;47;107mtttt[0;37;5;40;100m@[0;1;30;90;43m88[0;33;5;40;100m888[0;1;30;90;43m88[0;33;5;40;100m8@[0;1;30;90;43m8[0;33;5;40;100mX[0;1;30;90;47m@[0;37;5;47;107m              [0;1;37;97;47mX[0;37;5;40;100mt[0;32;5;40;100mSSX[0;1;30;90;42m888888888@@XXXSS%%ttt;;;::::::::::.......[0;30;42m.8[0m
[0;37;5;40;100m8[0;37;5;47;107mttt8[0;33;5;40;100m@[0;1;30;90;43m8[0;33;5;40;100m8[0;1;30;90;43m888[0;33;5;40;100m88[0;1;30;90;43m88[0;33;5;40;100m@[0;1;30;90;43m88[0;1;37;97;47m@[0;37;5;47;107m               [0;1;37;97;47m%[0;36;5;40;100m [0;1;30;90;42m8[0;1;37;97;47m [0;1;30;90;47m8[0;1;30;90;42m8888888@@XXSSS%%ttt;;;::::::::::.......[0;30;42m.8[0m
[0;37;5;40;100mX[0;37;5;47;107mttt[0;1;30;90;47m:[0;1;30;90;43m8[0;33;5;40;100m8[0;1;30;90;43m88[0;33;5;40;100m8[0;1;30;90;43m888[0;33;5;40;100m88[0;1;30;90;43m8[0;33;5;40;100m@X[0;1;30;90;47mS[0;37;5;47;107m.               .[0;1;37;97;47mt.[0;37;5;47;107m 8[0;1;30;90;47m8[0;1;30;90;42m8[0;1;30;90;47m8@[0;1;30;90;42m8@@@XXSS%%%tt;;;;:::::::::........[0;30;42m.[0;32;40m8[0m
[0;36;5;40;100m [0;37;5;47;107mttt[0;1;37;97;47m8[0;1;30;90;43m@8[0;33;5;40;100m8[0;1;30;90;43m88[0;33;5;40;100m8[0;1;30;90;43m8[0;33;5;40;100m8[0;1;30;90;43m8[0;33;5;40;100m88@S[0;37;5;47;107mS...               ....8[0;1;30;90;47mt[0;37;5;47;107m:S[0;1;30;90;47m@[0;1;30;90;42m8XXSS%%%ttt;;;::::::::::........[0;30;42m.[0;32;40m@[0m
[0;30;5;40;100m@[0;37;5;47;107mttt8[0;1;30;90;43m8[0;33;5;40;100m8[0;1;30;90;43m8888[0;33;5;40;100m88[0;1;30;90;43m88[0;33;5;40;100m88%[0;37;5;47;107m:.....          ......:::::;S[0;1;30;90;47m8[0;1;30;90;42mSSS%%ttt;;;;::::::::::.......[0;30;42m..[0;32;40mS[0m
 [0;37;5;47;107m%ttt8[0;1;30;90;43m88[0;33;5;40;100m88[0;1;30;90;43m888[0;33;5;40;100m88[0;1;30;90;43m8[0;33;5;40;100mS[0;37;5;47;107m%:::.................::::%:;t[0;1;37;97;47m [0;1;30;90;42m8SS%%%ttt;;;::::::::::........[0;30;42m..[0m 
 [0;1;37;97;47m;[0;37;5;47;107mtttt[0;1;30;90;47m;[0;37;5;40;100m8[0;1;30;90;43m88[0;33;5;40;100m8[0;1;30;90;43m8[0;33;5;40;100m8[0;1;30;90;43m88[0;33;5;40;100m [0;1;37;97;47m.[0;37;5;47;107m:::::::...........::S::X[0;1;30;90;47m88[0;37;5;47;107mt[0;1;30;90;47mt[0;1;30;90;42m8SSS%%%ttt;;;:::::::::::.......[0;30;42m..t[0m 
 [0;37;5;40;100mS[0;37;5;47;107mtttttt[0;1;30;90;47m:[0;33;5;40;100m;[0;1;30;90;43m888[0;37;5;40;100m8[0;1;30;90;47mt[0;37;5;47;107m;;;;::::::::::::::::[0;1;37;97;47m@[0;37;5;40;100m;[0;1;30;90;47m%[0;37;5;47;107mX[0;1;30;90;47m8[0;1;30;90;42m8X[0;36;5;40;100m.[0;1;30;90;42m8SSS%%%tttt;;;:::::::::::........[0;30;42m..8[0m 
  [0;37;5;47;107m%ttttttt[0;1;37;97;47mX X[0;37;5;47;107m;;;;;;;;;:::::::::::[0;1;37;97;47m@[0;37;5;40;100m;[0;1;30;90;42m@@[0;36;5;40;100m [0;1;30;90;42m8XXXSSSS%%%tttt;;;:::::::::::........[0;30;42m...[0;32;40m;[0m 
  [0;1;30;90;47m;[0;37;5;47;107mttttttttttt;;;;;;;;;;;;;;;;;;[0;1;30;90;47mX[0;1;30;90;42m@XXXXXXSSSS%%%%ttt;;;;::::::::::::........[0;30;42m..S[0m  
  [0;1;30;90;40m8[0;37;5;47;107m%tttttttttttt;;;;;;%@;;;;;;;;;[0;1;37;97;47m:[0;36;5;40;100mt[0;1;30;90;42mXS[0;36;5;40;100mt[0;1;30;90;42mXSS%%%%%tttt;;;;::::::::::::........[0;30;42m...[0;32;40m%[0m  
   [0;1;30;90;47mX[0;37;5;47;107mtttttttttttttttX[0;1;37;97;47mS%[0;37;5;40;100m8[0;33;5;40;100m;[0;1;37;97;47mtS[0;37;5;47;107mX;;;;;;;;[0;1;37;97;47m:[0;36;5;40;100mt[0;1;30;90;47mX[0;37;5;47;107m8[0;37;5;40;100mt[0;1;30;90;42mS%[0;36;5;40;100m%[0;1;30;90;42m8tttt;;;;:::::::::::::........[0;30;42m...@[0m   
    [0;37;5;47;107m8ttttttttttttt[0;1;30;90;47mt[0;1;30;90;43m888[0;33;5;40;100m88[0;1;30;90;43m888[0;1;30;90;47mt[0;37;5;47;107m;;;;;;;tt8tt8[0;37;5;40;100m;;[0;37;5;47;107mS[0;1;30;90;47m8[0;1;30;90;42mX;;;;;:::::::::::::........[0;30;42m...;[0m    
    [0;36;5;40;100m%[0;37;5;47;107m%ttttttttttS[0;33;5;40;100m:[0;1;30;90;43m@X[0;33;5;40;100m88[0;1;30;90;43m@@[0;33;5;40;100m88[0;1;30;90;43m@@[0;37;5;40;100m8[0;37;5;47;107m%tttttttttttt8ttX[0;1;30;90;47m8[0;1;30;90;42mS;:::::::::::::.........[0;30;42m...:[0;32;40mS[0m    
     [0;36;5;40;100m [0;37;5;47;107m%ttttttttt[0;1;37;97;47mt[0;1;30;90;43mXXXXXXXX@XX@[0;1;37;97;47m;[0;37;5;47;107mttttttttttttttttS[0;1;30;90;47m8[0;1;30;90;42m:::::::::::::.........[0;30;42m....[0;32;40m8[0m     
      [0;1;30;90;47m8[0;37;5;47;107m%%%tttttt[0;33;5;40;100m%[0;1;30;90;43mS[0;33;41m8[0;31;43m8[0;1;30;90;43mXXXXXXX[0;33;5;40;100m8[0;1;30;90;43mX8[0;37;5;47;107mXtttttttttt8[0;1;30;90;47mS[0;37;5;47;107mtS[0;1;30;90;47m@[0;1;30;90;42m@::::::::::::..........[0;30;42m....8[0m      
       [0;1;30;90;47mX[0;37;5;47;107m%%%%tttt[0;33;5;40;100mS[0;1;30;90;41m8[0;31;43m88[0;1;30;90;41m88[0;1;30;90;43mSX[0;33;41m8[0;1;30;90;41m8[0;1;30;90;43mXX[0;1;30;90;41m@[0;33;5;40;100m%[0;37;5;47;107m@ttttt[0;1;37;97;47m; [0;37;5;47;107mt8[0;1;30;90;47m8[0;1;30;90;42mt[0;37;5;40;100mt[0;1;30;90;47mX[0;1;30;90;42m@:::::::::::::.........[0;30;42m.....@[0m       
        [0;1;30;90;47m8[0;37;5;47;107m%%%%%%%[0;37;5;40;100m8[0;31;43m8[0;1;30;90;41m8[0;33;41m8[0;31;43m88[0;1;30;90;41m@@[0;31;43m88[0;33;41m8[0;1;30;90;41m8[0;31;43m8[0;1;30;90;47m%[0;37;5;47;107mtttt[0;1;37;97;47m:[0;36;5;40;100m%[0;1;30;90;42m:[0;1;30;90;47m8[0;37;5;40;100mt[0;1;30;90;42mt::;:::::::::::::..........[0;30;42m.....8[0m        
         [0;37;5;40;100mX[0;37;5;47;107m%%%%%%[0;1;37;97;47m [0;33;5;40;100m@[0;31;43m8[0;33;41m8[0;1;30;90;41m8[0;33;41m8[0;31;43m88[0;33;41m8[0;1;30;90;41m8[0;31;43m88[0;33;5;40;100m;[0;1;37;97;47m%[0;37;5;47;107mtt[0;1;37;97;47mt[0;36;5;40;100m%[0;1;30;90;42m:::::::::::::::::::...........[0;30;42m.....:[0;32;40m8[0m         
          [0;36;5;40;100m;[0;37;5;47;107m8%%%%%[0;1;30;90;47mt[0;31;43m8[0;33;41m8[0;31;43m8[0;33;41m8[0;31;43m88[0;33;41m8[0;31;43m8[0;33;41m8[0;31;43m8[0;1;37;97;47m%[0;37;5;47;107m%%%[0;1;37;97;47m;[0;36;5;40;100m%[0;1;30;90;42m:::::::::::::::::............[0;30;42m.....:[0;32;40mX[0m          
            [0;1;37;97;47m:[0;37;5;47;107mS%%%S[0;1;37;97;47mt[0;37;5;40;100m@[0;31;43m8[0;33;41m8[0;31;43m88[0;33;41m8[0;31;43m8[0;33;5;40;100m.[0;1;37;97;47m;[0;37;5;47;107m%%%%%%[0;1;37;97;47m:[0;36;5;40;100m%[0;1;30;90;42m:[0;1;30;90;47m8[0;37;5;40;100m%[0;1;30;90;42m;::::::::.............[0;30;42m......%[0m            
             [0;37;5;40;100m@[0;37;5;47;107mXSSS%S[0;1;37;97;47m.[0;1;30;90;47m8[0;1;30;90;43m@@[0;1;30;90;47mS[0;1;37;97;47m;[0;37;5;47;107mS%%%%%%%%%[0;1;37;97;47m:[0;1;30;90;47mt[0;37;5;47;107m%[0;1;37;97;47m8[0;37;5;40;100m;[0;1;30;90;42m;[0;37;5;40;100mt[0;1;30;90;47m@[0;1;30;90;42mS..............[0;30;42m......:8[0m             
              [0;30;5;40;100m8[0;1;37;97;47m;[0;37;5;47;107mSSSSSSSSSSSSSSSSSSSSSSSSS[0;1;37;97;47m@[0;1;30;90;47m@[0;37;5;47;107mS@[0;1;30;90;47m8[0;1;30;90;42mX.........[0;30;42m.......:%[0;32;40mt[0m              
                [0;36;5;40;100m [0;1;37;97;47m8[0;37;5;47;107mSSSSSSSSSSSSSSSSSSSSSSSSSSSS@[0;1;30;90;47m8[0;1;30;90;42m.....[0;30;42m........:;[0;32;40m@[0m                
                  [0;37;5;40;100m8[0;37;5;47;107m@SSSSSSSSSSSSSSSSSSSSSX[0;1;37;97;47m8[0;37;5;47;107mXX8[0;1;30;90;47m8[0;1;30;90;42mt..[0;30;42m........:::8[0m                  
                    [0;1;30;90;47m8[0;37;5;47;107m8XXXXXXXXXXXXXXX[0;1;37;97;47m@[0;37;5;47;107mXX[0;1;37;97;47mS[0;36;5;40;100m .[0;37;5;47;107m8[0;1;30;90;47m8[0;1;30;90;42mt[0;30;42m.........::::8[0m                    
                      [0;37;5;40;100m@[0;1;37;97;47m8[0;37;5;47;107mXXXXXXXXXXX[0;1;30;90;47m;[0;1;30;90;42m8[0;1;30;90;47m8[0;1;37;97;47m%[0;36;5;40;100m:[0;1;30;90;42m.[0;30;42m.[0;1;30;90;42m8t[0;30;42m........::::;8[0m                      
                        [0;36;5;40;100m [0;1;37;97;47mS[0;37;5;47;107mXXXXXXX[0;1;37;97;47m [0;1;30;90;42m8[0;30;42m..[0;1;30;90;42m8.[0;30;42m.........::::::t[0;32;40m8[0m                        
                          [0;30;5;40;100mS[0;1;30;90;47m%[0;37;5;47;107m8@@@[0;1;30;90;47m8[0;30;42m..........:::::::::X[0;32;40mS[0m                          
                             [0;36;5;40;100m [0;1;37;97;47m.[0;37;5;47;107m@@[0;1;37;97;47m:[0;36;5;40;100mt[0;30;42m.:[0;32;5;40;100mS[0;1;30;90;42m;[0;30;42m::::::::::S[0;32;40m8[0m                             
                                [0;36;5;40;100m [0;1;37;97;47m;[0;37;5;47;107m@[0;1;37;97;47m:[0;36;5;40;100m%[0;1;30;90;47m8[0;1;37;97;47m8[0;37;5;40;100mt[0;1;30;90;42m:[0;30;42m:[0;32;5;40;100m@[0;1;30;90;42mX[0;30;42m::%[0;32;40m8[0m                                
                                   [0;36;5;40;100m [0;1;30;90;47m;[0;1;37;97;47mX[0;37;5;47;107m@@[0;1;37;97;47m@[0;37;5;40;100mt[0;36;5;40;100m:[0;1;30;90;47m:[0;30;42m8[0m                                   
                                      [0;30;5;40;100mS[0;37;5;40;100m@@[0;36;5;40;100m%[0m                                      
