[0;36;5;40;100m [0;1;30;90;47m....      [0;1;37;97;47m                                     [0;1;30;90;47m      .........:::::::::;;;;;;;[0;36;5;40;100m [0m
[0;37;5;40;100m@[0;37;5;47;107m%%%%%%ttttttttttttttttttttttttttttttttttttttttttttt%%%%%%%%SSSSSSSXXXX@@@@@@@@[0;37;5;40;100m8[0m
[0;37;5;40;100m@[0;37;5;47;107m%%%%ttttttttttttttttttttttttttttttttttttttttttttttttt%%%%%%%SSSSSSSXXXX@@@@@@@[0;37;5;40;100m8[0m
[0;37;5;40;100m@[0;37;5;47;107m%%tttttttttttttttttttttttttttttttttttttttttttttttttttt%%%%%%%%SSSSSSXXXX@@@@@@[0;37;5;40;100m8[0m
[0;37;5;40;100m@[0;37;5;47;107m%tttttttttttt[0;1;37;97;47mt;;;;;;;;;;;;;8[0;37;5;47;107m;;;;;;;ttttttttttttttt[0;1;37;97;47mS:::::....... t[0;37;5;47;107mSSSSXXXX@@@@@[0;37;5;40;100m8[0m
[0;37;5;40;100m@[0;37;5;47;107mtttttttttttt[0;1;30;90;47m8[0;33;41m8[0;31;43m888888[0;1;30;90;43mSSXXXXX[0;33;5;40;100m8[0;1;37;97;47m;[0;37;5;47;107m;;;;;;;;;;tttttttttt[0;1;30;90;47mt[0;1;30;90;41m8[0;33;41m8888888888888[0;1;30;90;41m8[0;1;30;90;47m@[0;37;5;47;107mSSSSXXXX@@@@[0;37;5;40;100m8[0m
[0;37;5;40;100m8[0;37;5;47;107mttttttttttt[0;1;37;97;47m.[0;31;43m88@8X[0;33;5;40;100m8[0;1;30;90;43mX[0;33;5;40;100m8[0;1;30;90;43mX[0;33;5;40;100m8[0;1;30;90;43mX[0;33;5;40;100m8[0;1;30;90;43m@@@@[0;33;5;40;100m8[0;1;37;97;47m8[0;37;5;47;107m;;;;;;;;;;;ttttttt[0;1;37;97;47m%[0;31;43m8[0;33;41m8[0;31;43m8[0;33;41m8[0;31;43m8[0;1;30;90;41m8[0;31;43m8[0;33;41m@[0;31;43m8[0;33;41m@[0;31;43m8[0;33;41m@[0;31;43m8[0;33;41m888@[0;1;30;90;47m.[0;37;5;47;107mSSSXXXXX@@@[0;37;5;40;100m8[0m
[0;37;5;40;100m8[0;37;5;47;107mttttttttttS[0;33;5;40;100m8[0;1;30;90;41m8[0;31;43m@[0;31;5;40;100m8[0;1;30;90;43mSXXX[0;33;5;40;100m8[0;1;30;90;43m@[0;33;5;40;100m8[0;1;30;90;43m@@@@[0;33;5;40;100m8[0;1;30;90;43m8[0;33;5;40;100m8t[0;37;5;47;107mt;;;;;;;;;;;;ttttt[0;33;5;40;100mX[0;33;41m8[0;31;43m8[0;33;41m8[0;31;43m88[0;33;41m8[0;31;43m8[0;33;41m@[0;31;43m8[0;33;41m@[0;31;43m88[0;33;41m8[0;31;43m8[0;33;41m@[0;31;43m8[0;33;41m@[0;31;5;40;100m8[0;37;5;47;107m8SSSXXXX@@@[0;37;5;40;100m8[0m
[0;37;5;40;100m8[0;37;5;47;107mtttttttttt[0;1;30;90;47mt[0;31;43m8[0;1;30;90;43mSS[0;33;5;40;100m8[0;1;30;90;43mX[0;33;5;40;100m8[0;1;30;90;43m@@[0;33;5;40;100m8[0;1;30;90;43m@[0;33;5;40;100m8[0;1;30;90;43m88[0;33;5;40;100m8[0;1;30;90;43m8[0;33;5;40;100m8[0;1;30;90;43m888[0;1;37;97;47m [0;37;5;47;107m::::;;;;;;;;;;tt[0;1;37;97;47m [0;31;43m8[0;33;41m8[0;31;43m@[0;33;41m8[0;31;43m8[0;33;41m8[0;31;43m88[0;33;41m@[0;31;43m8[0;33;41m@[0;31;43m88[0;33;41m@[0;31;43m8[0;33;41m8888[0;1;30;90;47m8[0;37;5;47;107mSSSSXXXX@@[0;37;5;40;100m8[0m
[0;37;5;40;100m8[0;37;5;47;107mtttttttttt[0;33;5;40;100m%8[0;1;30;90;43mXXX@[0;33;5;40;100m8[0;1;30;90;43m@8[0;33;5;40;100m8[0;1;30;90;43m8[0;33;5;40;100m8[0;1;30;90;43m88[0;33;5;40;100m8[0;1;30;90;43m88[0;33;5;40;100m8[0;1;30;90;43m8[0;33;5;40;100m8 [0;37;5;47;107m:::::::;;;;;;;;;[0;33;5;40;100m [0;33;41m8[0;31;43m@888[0;33;41m8[0;31;43m88[0;33;41m8[0;31;43m8[0;33;41m8[0;31;43m88[0;33;41m@[0;31;43m88[0;1;30;90;41m8[0;31;43m8[0;33;41m@[0;33;5;40;100m8[0;37;5;47;107mSSSSXXXX@@[0;37;5;40;100m8[0m
[0;37;5;40;100m8[0;37;5;47;107mttttttttt8[0;31;5;40;100m8@[0;1;30;90;43mX[0;31;5;40;100m8[0;1;30;90;43m@@[0;33;5;40;100m8[0;1;30;90;43m88[0;33;5;40;100m8[0;1;30;90;43m8[0;33;5;40;100m8[0;1;30;90;43m88[0;33;5;40;100m8[0;1;30;90;43m88[0;33;5;40;100m8[0;1;30;90;43m8[0;33;5;40;100m88[0;37;5;47;107mS.:::::::;;;;;;%[0;31;5;40;100mX[0;1;30;90;41m8[0;31;43m8[0;1;30;90;41m8[0;31;43m88[0;1;30;90;41m8[0;33;41m88[0;1;30;90;41m8[0;33;41m8[0;1;30;90;41m8[0;33;41m88[0;1;30;90;41m8[0;33;41m88[0;1;30;90;41m8[0;33;41m8[0;1;30;90;41m8[0;33;41m@[0;1;37;97;47mt[0;37;5;47;107mSSSSXXXX@[0;37;5;40;100m8[0m
[0;37;5;40;100m8[0;37;5;47;107mtttttttt;[0;1;30;90;47m.[0;1;30;90;43mXX@@@888888888888888[0;33;5;40;100m8[0;1;37;97;47m%[0;37;5;47;107m....::::::;;;;[0;1;37;97;47mS[0;31;5;40;100m8[0;31;43m88888[0;33;41m88888888888888@[0;1;30;90;47mX[0;37;5;47;107mSSSSXXXX@[0;37;5;40;100m8[0m
[0;37;5;40;100m8[0;37;5;47;107mttttttt;;[0;1;30;90;47mS[0;33;5;40;100m8[0;1;30;90;43m@@@88888[0;33;5;40;100m8[0;1;30;90;43m8[0;33;5;40;100m8[0;1;30;90;43m888[0;33;5;40;100m@[0;1;30;90;43m8888[0;33;5;40;100m@[0;1;37;97;47m [0;37;5;47;107m......:::::;;;[0;1;37;97;47m [0;1;30;90;43mX[0;31;43m@@[0;33;41m8[0;31;43m@8888[0;33;41m8[0;31;43m8[0;33;41m88[0;31;43m88[0;33;41m@[0;31;43m88[0;33;41m@[0;31;43m8[0;33;41m@[0;37;5;40;100m8[0;37;5;47;107mSSSSSXXX@[0;37;5;40;100m8[0m
[0;37;5;40;100m8[0;37;5;47;107mttttttt;;[0;1;30;90;47m8[0;33;5;40;100m8[0;1;30;90;43m@@88[0;33;5;40;100m8[0;1;30;90;43m88888[0;33;5;40;100m@[0;1;30;90;43m888[0;33;5;40;100mX[0;1;30;90;43m8888[0;33;5;40;100mX[0;1;30;90;47m:[0;37;5;47;107m.......:::::;;[0;1;30;90;47m;[0;33;5;40;100m8[0;1;30;90;43mS[0;31;43m@8@88@8[0;33;41m8[0;31;43m8[0;33;41m88[0;31;43m88[0;33;41m@[0;31;43m88[0;33;41m@[0;31;43m8[0;33;41m@[0;33;5;40;100m [0;37;5;47;107mSSSSSXXXX[0;37;5;40;100m8[0m
[0;37;5;40;100m8[0;37;5;47;107mtttttt;;;[0;1;30;90;47m8[0;33;5;40;100m8[0;1;30;90;43m@[0;33;5;40;100m8[0;1;30;90;43m88[0;33;5;40;100m8[0;1;30;90;43m88888[0;33;5;40;100m@[0;1;30;90;43m888[0;33;5;40;100mS[0;1;30;90;43m88[0;33;5;40;100mS[0;1;30;90;43m8[0;33;5;40;100mS[0;1;30;90;47m.[0;37;5;47;107m........::::;;[0;1;30;90;47m;[0;33;5;40;100m8[0;1;30;90;43mX[0;31;43m88@88@8[0;33;41m8[0;31;43m8[0;33;41m88[0;31;43m88[0;33;41m@[0;31;43m88[0;33;41m@[0;31;43m8[0;33;41m@[0;33;5;40;100m [0;37;5;47;107mSSSSSXXXX[0;37;5;40;100m8[0m
[0;37;5;40;100m8[0;37;5;47;107mtttttt;;;[0;1;30;90;47mX[0;33;5;40;100m8[0;1;30;90;43m@888[0;33;5;40;100m8[0;1;30;90;43m888[0;33;5;40;100m@[0;1;30;90;43m8[0;33;5;40;100mX[0;1;30;90;43m888[0;33;5;40;100mS[0;1;30;90;43m88[0;33;5;40;100m%[0;1;30;90;43m8[0;33;5;40;100m%[0;1;37;97;47m.[0;37;5;47;107m........:::::;[0;1;30;90;47m.[0;33;5;40;100m8[0;1;30;90;43mXS[0;31;43m8@88@8[0;33;41m8[0;31;43m8[0;33;41m88[0;31;43m88[0;33;41m@[0;31;43m88[0;33;41m@[0;31;43m8[0;33;41m@[0;37;5;40;100m8[0;37;5;47;107mSSSSSXXXX[0;37;5;40;100m8[0m
[0;37;5;40;100m8[0;37;5;47;107mtttttt;;;[0;1;30;90;47m;[0;33;5;40;100m8[0;1;30;90;43m@[0;33;5;40;100m8[0;1;30;90;43m88[0;33;5;40;100m8[0;1;30;90;43m888[0;33;5;40;100m@[0;1;30;90;43m8[0;33;5;40;100mX[0;1;30;90;43m88[0;33;5;40;100mS%[0;1;30;90;43m8[0;33;5;40;100mtttt[0;1;37;97;47mS[0;37;5;47;107m.........::::;[0;1;37;97;47mt[0;31;5;40;100mX[0;1;30;90;43mXS[0;31;5;40;100m8[0;31;43m88[0;33;41m8[0;31;43m88[0;1;30;90;41m8[0;33;41m88888[0;1;30;90;41m8[0;33;41m88[0;1;30;90;41m8[0;33;41m8[0;1;30;90;41m8[0;1;30;90;47mX[0;37;5;47;107mSSSSSXXXX[0;37;5;40;100m8[0m
[0;37;5;40;100m8[0;37;5;47;107mtttttt;;;[0;1;37;97;47mS[0;33;5;40;100m8[0;1;30;90;43m@8888[0;33;5;40;100m8[0;1;30;90;43m88[0;33;5;40;100m@[0;1;30;90;43m8[0;33;5;40;100mX[0;1;30;90;43m88[0;33;5;40;100m%%t;;tt[0;37;5;47;107mS.........::::;@[0;33;5;40;100m8[0;1;30;90;43mXS[0;31;43m888[0;33;41m8[0;31;43m88[0;33;41m88888888888[0;1;30;90;41m8[0;1;37;97;47m;[0;37;5;47;107mSSSSSXXXX[0;37;5;40;100m8[0m
[0;37;5;40;100m8[0;37;5;47;107mtttttt;;;t[0;33;5;40;100m88[0;1;30;90;43m8[0;33;5;40;100m8[0;1;30;90;43m88[0;33;5;40;100m8[0;1;30;90;43m88[0;33;5;40;100m@[0;1;30;90;43m8[0;33;5;40;100mX[0;1;30;90;43m88[0;33;5;40;100m%[0;1;30;90;43m88[0;33;5;40;100mt[0;1;30;90;43m8[0;33;5;40;100mt[0;37;5;40;100m8[0;37;5;47;107m.........:::::;;[0;33;5;40;100mS8[0;1;30;90;43mS[0;1;30;90;41m@[0;31;43m@@[0;33;41m8[0;31;43m@8[0;33;41m8[0;31;43m8[0;33;41m8[0;31;43m88[0;33;41m8[0;31;43m88[0;1;30;90;41m8[0;31;43m8[0;33;41m8[0;31;5;40;100m@[0;37;5;47;107mSSSSSSXXXX[0;37;5;40;100m8[0m
[0;37;5;40;100m8[0;37;5;47;107mtttttt;;;;[0;1;30;90;47m8[0;33;5;40;100m8[0;1;30;90;43m8888[0;33;5;40;100m8[0;1;30;90;43m88[0;33;5;40;100m8[0;1;30;90;43m8[0;33;5;40;100mX[0;1;30;90;43m88[0;33;5;40;100mS[0;1;30;90;43m88[0;33;5;40;100m%[0;1;30;90;43m8[0;33;5;40;100m%[0;1;37;97;47m [0;37;5;47;107m.........::::;;;[0;1;30;90;47mS[0;33;5;40;100m8[0;31;43mX88@[0;33;41m8[0;31;43m@8[0;33;41m8[0;31;43m8[0;33;41m8[0;31;43m88[0;33;41m@[0;31;43m88[0;33;41m@[0;31;43m8[0;33;41m@[0;37;5;40;100m@[0;37;5;47;107m%SSSSSXXXX[0;37;5;40;100m8[0m
[0;37;5;40;100m8[0;37;5;47;107mttttttt;;;[0;1;37;97;47m8[0;33;5;40;100m8[0;1;30;90;43m88[0;33;5;40;100m8[0;1;30;90;43m8888[0;33;5;40;100m8[0;1;30;90;43m8[0;33;5;40;100m@[0;1;30;90;43m88[0;33;5;40;100mX[0;1;30;90;43m8[0;33;5;40;100mS[0;1;30;90;43m8[0;33;5;40;100mS;[0;37;5;47;107mt........:::::;;;@[0;33;5;40;100m8[0;1;30;90;43mS[0;31;43m@[0;1;30;90;41m8[0;31;43m@888[0;33;41m8[0;31;43m8[0;33;41m8[0;31;43m88[0;33;41m@[0;31;43m8[0;33;41m8[0;31;43m8[0;33;41m8[0;1;30;90;41m8[0;1;37;97;47m@[0;37;5;47;107m%SSSSSXXXX[0;37;5;40;100m8[0m
[0;37;5;40;100mX[0;37;5;47;107mttttttt;;;;[0;1;30;90;47m8[0;33;5;40;100m8[0;1;30;90;43m8888[0;33;5;40;100m8[0;1;30;90;43m8[0;33;5;40;100m8[0;1;30;90;43m8[0;33;5;40;100m8[0;1;30;90;43m8[0;33;5;40;100m@[0;1;30;90;43m88[0;33;5;40;100mX[0;1;30;90;43m8[0;33;5;40;100mX[0;1;37;97;47m;[0;37;5;47;107m........:::::;;;;;[0;1;30;90;47mX[0;1;30;90;41m@[0;31;43m@88@[0;1;30;90;41m8[0;31;43m8[0;33;41m8[0;31;43m8[0;33;41m8[0;31;43m8[0;33;41m88[0;31;43m8[0;33;41m@[0;31;43m8[0;1;30;90;41m8[0;37;5;40;100m8[0;37;5;47;107m%SSSSSSXXXX[0;37;5;40;100mX[0m
[0;36;5;40;100m [0;37;5;47;107mtttttttt;;;S[0;33;5;40;100m%8[0;1;30;90;43m8[0;33;5;40;100m8[0;1;30;90;43m8[0;33;5;40;100m8[0;1;30;90;43m8[0;33;5;40;100m8[0;1;30;90;43m8[0;33;5;40;100m8[0;1;30;90;43m8[0;33;5;40;100m8[0;1;30;90;43m8[0;33;5;40;100m@[0;1;30;90;43m8[0;33;5;40;100m@[0;1;30;90;47mS[0;37;5;47;107m........:::::;;;;;;%[0;33;5;40;100m;[0;1;30;90;41m8[0;31;43m8[0;1;30;90;41m8[0;31;43m8[0;1;30;90;41m8[0;33;41m8[0;1;30;90;41m8[0;33;41m8[0;1;30;90;41m8[0;33;41m8[0;1;30;90;41m8[0;33;41m8[0;1;30;90;41m8[0;33;41m8@[0;33;5;40;100mS[0;37;5;47;107mS%SSSSSXXXX@[0;36;5;40;100m [0m
[0;30;5;40;100m@[0;37;5;47;107mtttttttt;;;;8[0;37;5;40;100m888888[0;1;30;90;47m88888888%[0;37;5;47;107m:......::::::;;;;;;;tX[0;37;5;40;100m8[0;33;5;40;100m:::;;;;;ttttt [0;37;5;47;107m@%%SSSSSXXXX@[0;36;5;40;100m%[0m
 [0;37;5;47;107m%tttttttt;;;;;;;;:::::::::.....:::::::::;;;;;;;tttttttttttttt%%%%%%SSSSSSXXXX@[0m 
 [0;1;37;97;47m;[0;37;5;47;107mtttttttttt;;;;;;;;::::::::::::[0;1;37;97;47m.[0;1;30;90;47m88[0;37;5;40;100m8888888[0;33;5;40;100m     [0;1;37;97;47m;[0;37;5;47;107mtttttttttttttt%%%%%%SSSSSXXXX@[0;1;37;97;47mt[0m 
 [0;37;5;40;100mS[0;37;5;47;107mttttttttttt;;;;;;;;;;;:::::::[0;1;37;97;47m;[0;33;5;40;100m8[0;1;30;90;43m8[0;33;5;40;100m8[0;1;30;90;43m8@[0;33;5;40;100m8[0;1;30;90;43m@[0;33;5;40;100m8[0;1;30;90;43mX[0;33;5;40;100m8[0;1;30;90;43mXXS[0;1;30;90;41m8[0;31;43m8[0;31;5;40;100m@[0;1;37;97;47m;[0;37;5;47;107mtttttttttttt%%%%%%SSSSSSXXXX@[0;37;5;40;100m@[0m 
  [0;37;5;47;107m%tttttttttttt;;;;;;;;;;;;;;;@[0;33;5;40;100m88[0;1;30;90;43m@[0;33;5;40;100m8[0;1;30;90;43m@@XXXXX[0;31;43mX[0;1;30;90;41m@[0;31;43m@[0;1;30;90;41m8[0;31;43m@[0;1;30;90;41m8[0;33;5;40;100m8[0;37;5;47;107m8tttttttttt%%%%%%SSSSSSXXXX@@[0;1;30;90;40m8[0m 
  [0;1;30;90;47m;[0;37;5;47;107mtttttttttttttt;;;;;;;;;;;;;[0;37;5;40;100m8[0;1;30;90;43mXXXXX[0;33;5;40;100m8[0;1;30;90;43mXXS[0;31;43mX[0;1;30;90;41m@[0;31;43m@[0;1;30;90;41m8[0;31;43m@8[0;33;41m8[0;31;43m8[0;33;41m8[0;37;5;40;100m@[0;37;5;47;107mttttttttt%%%%%%%SSSSSXXXX@@[0;1;30;90;47m.[0m  
  [0;1;30;90;40m8[0;37;5;47;107m%tttttttttttttttt;;;;;;;;;8[0;1;30;90;43m@[0;33;5;40;100m8[0;1;30;90;43mX[0;33;5;40;100m8[0;1;30;90;43mS[0;31;43mX[0;1;30;90;43mX[0;31;43mX[0;33;41m8[0;31;43m@@[0;1;30;90;41m8[0;31;43m@88@[0;1;30;90;41m8[0;31;43m8[0;33;41m88[0;37;5;47;107m8ttttttt%%%%%%%SSSSSXXXXX@@[0;30;5;40;100m@[0m  
   [0;1;30;90;47mX[0;37;5;47;107mttttttttttttttttttttt;;;;[0;1;30;90;47mt[0;31;43m88@[0;33;41m8[0;31;43m@88@[0;1;30;90;41m8[0;31;43m@@[0;33;41m8[0;31;43m@8[0;33;41m8[0;31;43m8[0;33;41m8[0;31;43m88[0;33;41m8[0;1;30;90;47m@[0;37;5;47;107mtttttt%%%%%%SSSSSSXXXXX@@[0;1;30;90;47m%[0m   
    [0;37;5;47;107m8tttttttttttttttttttttttt[0;33;5;40;100m [0;33;41m8[0;31;43m8888[0;33;41m8[0;31;43m88[0;33;41m8[0;31;43m88[0;33;41m8[0;31;43m8[0;33;41m8888888[0;33;5;40;100m%[0;37;5;47;107mtttt%%%%%%%SSSSSSSXXXX@@[0;1;37;97;47m8[0m    
    [0;36;5;40;100m%[0;37;5;47;107m%ttttttttttttttttttttttt[0;33;5;40;100m8[0;1;30;90;41m8[0;31;43m8[0;1;30;90;41m8[0;31;43m88[0;1;30;90;41m8[0;31;43m88[0;1;30;90;41m8[0;31;43m8[0;33;41m8[0;1;30;90;41m8[0;33;41m88[0;1;30;90;41m8[0;33;41m88[0;1;30;90;41m8[0;33;41m8[0;1;30;90;41m88[0;37;5;47;107mtt%%%%%%%%SSSSSSXXXXX@@@[0;36;5;40;100mt[0m    
     [0;36;5;40;100m [0;37;5;47;107m%tttttttttttttttttttttt[0;1;30;90;41m88[0;31;43m8[0;33;41m8[0;31;43m88[0;1;30;90;41m8[0;31;43m88[0;33;41m8[0;31;43m88[0;33;41m8[0;31;43m88[0;33;41m8[0;31;43m88[0;33;41m@[0;31;43m8[0;33;41m8@[0;37;5;47;107m@%%%%%%%%SSSSSSXXXXX@@@[0;36;5;40;100m [0m     
      [0;1;30;90;47m8[0;37;5;47;107m%%%tttttttttttttttttt%[0;1;30;90;41m8[0;33;41m8[0;31;43m8[0;33;41m8[0;31;43m88[0;1;30;90;41m8[0;31;43m88[0;33;41m8[0;31;43m88[0;33;41m8[0;31;43m88[0;33;41m@[0;31;43m88[0;33;41m@[0;31;43m8[0;33;41m8[0;1;30;90;41m8[0;37;5;47;107m8%%%%%%SSSSSSSXXXXX@@@[0;1;30;90;47m@[0m      
       [0;1;30;90;47mX[0;37;5;47;107m%%%%tttttttttttttttt%[0;1;30;90;41m8[0;33;41m8[0;31;43m8[0;33;41m8[0;31;43m88[0;1;30;90;41m8[0;31;43m88[0;33;41m@[0;31;43m88[0;33;41m@[0;31;43m88[0;33;41m@[0;31;43m88[0;33;41m@[0;31;43m8[0;33;41m8[0;1;30;90;41m8[0;37;5;47;107m8%%%%SSSSSSSXXXXXX@@@[0;1;30;90;47m%[0m       
        [0;1;30;90;47m8[0;37;5;47;107m%%%%%%%ttttttttttttt[0;31;5;40;100m8[0;33;41m@[0;31;43m8[0;33;41m@[0;31;43m88[0;1;30;90;41m8[0;31;43m88[0;33;41m@[0;31;43m88[0;33;41m@[0;31;43m88[0;33;41m@[0;31;43m88[0;33;41m@[0;31;43m8[0;33;41m8[0;1;30;90;41m8[0;37;5;47;107mS%%SSSSSSSSXXXXX@@@@[0;1;30;90;47mX[0m        
         [0;37;5;40;100mX[0;37;5;47;107m%%%%%%%%%%%tttttttt[0;33;5;40;100m@[0;33;41m8888888888888888888@[0;33;5;40;100m8[0;37;5;47;107m%SSSSSSSSXXXXXX@@@@[0;37;5;40;100mX[0m         
          [0;36;5;40;100m;[0;37;5;47;107m8%%%%%%%%%%%%%%%%%[0;37;5;40;100mX[0;1;30;90;41m8[0;33;41m8@88[0;1;30;90;41m8[0;33;41m88[0;1;30;90;41m8[0;33;41m88[0;1;30;90;41m8[0;33;41m88[0;1;30;90;41m8[0;33;41m88[0;1;30;90;41m8[0;33;41m8[0;1;30;90;41m8[0;37;5;40;100mX[0;37;5;47;107mSSSSSSSXXXXXX@@@@[0;1;37;97;47m8[0;36;5;40;100m:[0m          
            [0;1;37;97;47m:[0;37;5;47;107mS%%%%%%%%%%%%%%%[0;1;30;90;47m [0;33;41m@8[0;31;43m8[0;33;41m@[0;31;43m8[0;33;41m88[0;31;43m8[0;33;41m@[0;31;43m88[0;33;41m@[0;31;43m88[0;33;41m@[0;31;43m8[0;33;41m88[0;31;43m8[0;30;41m@[0;1;37;97;47m;[0;37;5;47;107mSSSSSXXXXXX@@@@@[0;1;37;97;47m;[0m            
             [0;37;5;40;100m@[0;37;5;47;107mXSSS%%%%%%%%%%%S[0;33;5;40;100m8[0;33;41m@[0;31;43m8[0;33;41m@[0;31;43m88[0;33;41m@[0;31;43m8[0;33;41m@[0;31;43m88[0;33;41m@[0;31;43m8[0;33;41m@8[0;31;43m8[0;33;41mX[0;31;43m8[0;33;41m@[0;33;5;40;100m8[0;37;5;47;107mSSSXXXXXXX@@@@@8[0;37;5;40;100m8[0m             
              [0;30;5;40;100m8[0;1;37;97;47m;[0;37;5;47;107mSSSSSSSSSSSSSS[0;1;30;90;47mS[0;33;41m@888[0;31;43m8[0;33;41m@[0;31;43m8[0;33;41m88[0;31;43m8[0;33;41m@[0;31;43m8[0;33;41m@[0;31;43m8[0;33;41m8@8[0;1;30;90;41m8[0;1;30;90;47m.[0;37;5;47;107mXXXXXXXX@@@@@@[0;1;37;97;47m:[0;30;5;40;100m8[0m              
                [0;36;5;40;100m [0;1;37;97;47m8[0;37;5;47;107mSSSSSSSSSSSSS[0;33;5;40;100m%[0;1;30;90;41m8[0;31;43m8[0;33;41mX[0;31;43m8[0;33;41m88888@8@[0;31;43m8[0;1;30;90;41m8[0;31;43m8[0;33;41mX[0;33;5;40;100m.[0;37;5;47;107mXXXXXX@@@@@@@[0;1;37;97;47m8[0;36;5;40;100m [0m                
                  [0;37;5;40;100m8[0;37;5;47;107m@SSSSSSSSSSS[0;1;37;97;47m8[0;31;5;40;100m@[0;33;41m8@@8@@@@@@@@@@[0;33;5;40;100m@[0;37;5;47;107m8XXX@@@@@@@@8[0;37;5;40;100m8[0m                  
                    [0;1;30;90;47m8[0;37;5;47;107m8XXXXXXXXXX[0;1;37;97;47m8[0;1;30;90;47m....::::::::::[0;37;5;47;107m8X@@@@@@@@@8[0;1;30;90;47m8[0m                    
                      [0;37;5;40;100m@[0;1;37;97;47m8[0;37;5;47;107mXXXXXXXXXXXXXXXXXXXX@@@@@@@@@@@@[0;1;37;97;47m8[0;37;5;40;100m8[0m                      
                        [0;36;5;40;100m [0;1;37;97;47mS[0;37;5;47;107mXXXXXXXXXXX@@@@@@@@@@@@@@@@@[0;1;37;97;47mS[0;36;5;40;100m [0m                        
                          [0;30;5;40;100mS[0;1;30;90;47m%[0;37;5;47;107m8@@@@@@@@@@@@@@@@@@@@@@8[0;1;30;90;47m;[0;36;5;40;100mt[0m                          
                             [0;36;5;40;100m [0;1;37;97;47m.[0;37;5;47;107m@@@@@@@@@@@@@@@@@@[0;1;37;97;47m:[0;36;5;40;100m [0m                             
                                [0;36;5;40;100m [0;1;37;97;47m;[0;37;5;47;107m@@@@@@@@@@@@[0;1;37;97;47mt[0;37;5;40;100mX[0m                                
                                   [0;36;5;40;100m [0;1;30;90;47m;[0;37;5;47;107m8@@@@8[0;1;30;90;47m.[0;36;5;40;100m [0m                                   
                                      [0;30;5;40;100mS[0;37;5;40;100m@@[0;36;5;40;100m%[0m                                      
