[0;1;30;90;43m.[0;1;33;93;43mSXXXXXXXXXXXXXXXXXXXXXXXX[0;1;30;90;43m:[0;34;40m:::::::::::::.............[0;1;30;90;43m.[0;1;33;93;43mXXXSSSSSSSSSSSSS%%%[0;1;30;90;43m       [0m
[0;1;30;90;43m.[0;33;5;43;103mS[0;1;31;91;43m88[0;1;33;93;43m;[0;33;5;43;103m%;;;%[0;1;31;91;43m88[0;1;33;93;43m%[0;33;5;43;103m%S[0;1;31;91;43m88[0;33;5;43;103mS;;;t[0;1;33;93;43mS[0;1;31;91;43m8[0;1;33;93;43m.[0;33;5;43;103m%[0;1;33;93;43mS[0;34;40m;[0;32;40m;[0;30;5;40;100mS[0;1;30;90;43m%%%[0;1;30;90;40m8[0;32;40m;[0;34;40m;;[0;32;40m;[0;30;5;40;100mX[0;33;5;40;100m8[0;1;30;90;43mt[0;30;5;40;100mX[0;32;40m;[0;34;40m:::[0;1;30;90;40m8[0;1;30;90;43m;;;[0;1;30;90;40m8[0;32;40m:[0;34;40m.[0;1;30;90;43m:[0;33;5;43;103mS[0;1;31;91;43m88[0;1;33;93;43mt[0;33;5;43;103m%tt%[0;1;33;93;43mS[0;1;31;91;43m88[0;1;33;93;43mt[0;33;5;43;103mS[0;1;33;93;43mt[0;1;31;91;43m88[0;1;33;93;43mS[0;33;5;43;103mS%%X[0;1;33;93;43m:[0;1;31;91;43m88[0;1;33;93;43m%[0;1;30;90;43m [0m
[0;30;41m%[0;31;5;41;101m88888[0;1;33;93;43m.[0;33;5;43;103mt[0;31;5;41;101m88888888888[0;33;5;43;103m%%[0;31;5;41;101m88888[0;1;31;91;41mX[0;1;30;90;40m8[0;33;5;43;103m@:::::[0;1;33;93;43m8[0;32;40mt[0;1;30;90;43m%[0;33;5;43;103m%;;;;%[0;1;30;90;43mt[0;32;40m;[0;1;33;93;43m@[0;33;5;43;103m;;;;;@[0;32;40mS[0;33;41m%[0;31;5;41;101m88888[0;1;33;93;43m%[0;33;5;43;103m%[0;31;5;41;101m8888[0;1;31;91;41m8888888[0;33;5;43;103mX[0;1;33;93;43m:[0;1;31;91;41m88888[0;30;41m%[0m
[0;30;41m%[0;31;5;41;101m888[0;1;31;91;43m8[0;33;5;43;103m%;;t[0;1;33;93;43m.[0;33;5;41;101m@[0;31;5;41;101m88888[0;33;5;41;101m@[0;1;31;91;43m8[0;33;5;43;103mt::t[0;1;31;91;43m8[0;33;5;41;101m@[0;31;5;41;101m88[0;33;41m@[0;1;30;90;43mS[0;33;5;43;103mX:::::X[0;33;5;40;100m8[0;1;30;90;43m%[0;33;5;43;103m;::::;[0;1;33;93;43mX[0;30;5;40;100mX[0;33;5;43;103m@;;;;;@[0;1;30;90;43m;[0;33;41mS[0;31;5;41;101m888[0;1;31;91;43m8[0;33;5;43;103m%;;%[0;1;31;91;43m8[0;33;5;41;101m8[0;31;5;41;101m8[0;1;31;91;41m8[0;31;5;41;101m8[0;1;31;91;41m8[0;31;5;41;101m8[0;1;31;91;43m88[0;33;5;43;103mS%%X[0;1;31;91;43m8[0;1;31;91;41m888[0;30;41m%[0m
[0;1;30;90;43m:[0;33;5;43;103m;;;;;;;;;;;;;::::::::::::@[0;1;30;90;40m@[0;1;33;93;43mX[0;33;5;40;100m8[0;1;30;90;43mX[0;33;5;43;103m:[0;33;5;40;100m88[0;1;30;90;43mS[0;1;30;90;40mS[0;33;5;40;100m8[0;1;30;90;43m%[0;30;5;40;100mS[0;1;33;93;43m8[0;33;5;43;103m8[0;30;5;40;100mS[0;1;30;90;43mt[0;33;5;40;100m8[0;32;40m;[0;1;30;90;43mt%[0;30;5;40;100mS[0;33;5;43;103mt[0;1;30;90;43mt[0;1;30;90;40m8[0;1;33;93;43mS[0;32;40mt[0;1;33;93;43m8[0;33;5;43;103m;;;;;;;;tttttttt%%%%%%%%S[0;1;30;90;43m [0m
[0;1;30;90;43m:[0;33;5;43;103mt[0;1;33;93;43mS[0;1;31;91;43m8[0;31;5;41;101m88[0;1;31;91;43m888[0;31;5;41;101m8[0;33;5;41;101m8[0;1;31;91;43m8[0;33;5;43;103mt;t[0;1;33;93;43m;[0;33;5;41;101m@[0;31;5;41;101m@[0;1;31;91;43m888[0;33;5;41;101m@[0;31;5;41;101m@[0;1;31;91;43m8[0;33;5;43;103m%;@[0;1;30;90;40mX[0;1;30;90;43m@[0;1;33;93;43m8[0;33;5;43;103m@[0;1;30;90;43m@[0;33;5;43;103mS[0;1;33;93;43m8[0;33;5;40;100m8[0;1;30;90;40mXX[0;1;30;90;43mS[0;33;5;43;103m8[0;1;30;90;43mS%[0;33;5;43;103m8[0;1;33;93;43mX[0;1;30;90;40mX[0;34;40m;[0;30;5;40;100mX[0;1;33;93;43mX[0;33;5;43;103mS[0;1;30;90;43m%[0;33;5;43;103m8[0;1;33;93;43m8[0;1;30;90;43mt[0;34;40m:[0;1;33;93;43m8[0;33;5;43;103mt[0;1;33;93;43mt[0;1;31;91;43m8[0;31;5;41;101m88[0;1;31;91;43m88[0;33;5;41;101m8[0;31;5;41;101m8[0;33;5;41;101m8[0;1;33;93;43m.[0;33;5;43;103mS%S[0;1;31;91;43m8[0;31;5;41;101m88[0;1;31;91;43m888[0;1;31;91;41m88[0;1;31;91;43m8[0;1;33;93;43m;[0;33;5;43;103mX[0;1;30;90;43m [0m
[0;1;30;90;43m:[0;33;5;43;103m%[0;33;5;41;101m8[0;31;5;41;101m888888888[0;1;33;93;43m.[0;33;5;43;103m;[0;1;33;93;43mt[0;31;5;41;101m@8@@@@@@@[0;33;5;41;101m@[0;33;5;43;103mt@[0;1;30;90;40m@@[0;1;30;90;43m@@@@X[0;1;30;90;40m@@X8[0;1;30;90;43mXSSS[0;30;5;40;100mX[0;1;30;90;40mSS%[0;1;30;90;43mSttt;[0;34;40m::[0;1;33;93;43m8[0;33;5;43;103m%[0;31;5;41;101m8888888888[0;1;33;93;43m:[0;33;5;43;103mt[0;1;31;91;43m8[0;31;5;41;101m8[0;1;31;91;41m888888888[0;33;5;43;103m@[0;1;30;90;43m.[0m
[0;1;30;90;43m:[0;33;5;43;103m;;%[0;1;33;93;43m:[0;1;31;91;43m88888[0;33;5;43;103mSt:::;%[0;1;33;93;43m:[0;1;31;91;43m8888[0;1;33;93;43m;[0;33;5;43;103mt:.X[0;1;30;90;40m88[0;30;5;40;100m@[0;1;30;90;43m88@[0;1;30;90;40m88@@@[0;33;5;40;100m8[0;1;30;90;43mXX@[0;1;30;90;40mXSSSS[0;1;30;90;43mSt%[0;1;30;90;40m@[0;34;40m;;[0;1;33;93;43m8[0;33;5;43;103m;;%[0;1;33;93;43m.[0;1;31;91;43m88888[0;1;33;93;43m%[0;33;5;43;103m%ttt%[0;1;33;93;43mt[0;1;31;91;43m888888[0;1;33;93;43mS[0;33;5;43;103mS%[0;1;30;90;43m.[0m
[0;1;30;90;43m:[0;33;5;43;103m;;t;;;:::;t:::;;:::.[0;37;5;43;103m;;[0;33;5;43;103m::[0;37;5;43;103m:[0;33;5;43;103mX[0;1;30;90;40m888888888888@@@XXXSSS%[0;34;40m;;;;[0;1;33;93;43m8[0;33;5;43;103m;tt;;;;;;t%;tt%%ttt%%%SS%[0;1;30;90;43m.[0m
[0;1;30;90;41m@[0;33;5;41;101m8[0;31;5;41;101m888[0;1;31;91;43m8[0;33;5;43;103m%t[0;1;33;93;43m;[0;33;5;41;101m@[0;31;5;41;101m8@[0;33;5;41;101m@@@[0;31;5;41;101m@@[0;33;5;41;101mX[0;1;33;93;43mt[0;33;5;43;103m;;[0;1;33;93;43m;[0;33;5;41;101mX@XX[0;1;31;91;43m8[0;37;5;43;103m;[0;33;5;43;103m%[0;1;33;93;43m8[0;33;5;40;100m8[0;30;5;40;100m8[0;33;5;40;100m8[0;1;33;93;43m@[0;33;5;43;103mX%S8[0;1;30;90;43m8[0;1;30;90;40m88[0;1;30;90;43m@[0;33;5;43;103m8t;%[0;1;33;93;43m8[0;33;5;40;100m8[0;1;30;90;40mS8[0;1;30;90;43m%[0;33;5;43;103m8X[0;1;31;91;43m8[0;33;5;41;101m8[0;31;5;41;101m888[0;1;31;91;43m8[0;33;5;43;103m%t[0;1;33;93;43m:[0;33;5;41;101m8[0;31;5;41;101m888888[0;1;31;91;41m8[0;31;5;41;101m8[0;1;33;93;43m.[0;33;5;43;103mSX[0;1;31;91;43m8[0;1;31;91;41m8888[0;33;41m%[0m
[0;30;41m%[0;31;5;41;101m8888[0;1;31;91;43m8[0;33;5;43;103mt;[0;1;33;93;43mt[0;31;5;41;101m@888@88@@[0;1;33;93;43m;[0;37;5;43;103mt%[0;1;33;93;43m.[0;31;5;41;101mXXXX[0;1;31;91;43m8[0;37;5;43;103m...[0;33;5;43;103mS[0;30;5;40;100mX[0;37;5;43;103mS...::[0;33;5;43;103m;[0;1;30;90;43m88[0;33;5;43;103mt.::::%[0;1;30;90;40m8[0;1;33;93;43m8[0;33;5;43;103m:::[0;1;31;91;43m8[0;31;5;41;101m8888[0;1;31;91;43m8[0;33;5;43;103mt;[0;1;33;93;43m:[0;31;5;41;101m8[0;1;31;91;41m888[0;31;5;41;101m8[0;1;31;91;41m888[0;31;5;41;101m8[0;1;33;93;43m.[0;33;5;43;103m%S[0;1;31;91;43m8[0;1;31;91;41m8888[0;30;41m%[0m
[0;1;30;90;43m:[0;33;5;43;103m%%t;:::::;ttttt;[0;37;5;43;103m::::.:SSSSX[0;1;30;90;43m8[0;33;5;43;103m8[0;1;30;90;43m8[0;30;5;40;100m@[0;1;33;93;43m8[0;33;5;43;103m8[0;1;30;90;43m8[0;37;5;43;103m;[0;33;5;43;103m8[0;1;30;90;43m8[0;33;5;43;103m@[0;33;5;40;100m88[0;33;5;43;103m8[0;1;30;90;43m8@[0;33;5;43;103m;[0;1;30;90;43mXX[0;1;33;93;43m@[0;1;30;90;40m@[0;1;30;90;43mS[0;33;5;43;103m8[0;1;30;90;43m%[0;33;5;43;103m@t%%t;;;;;;%SSSSS%ttttt%S[0;1;33;93;43mS%[0;1;30;90;43m.[0m
[0;1;30;90;43m:[0;33;5;43;103m;;%[0;1;33;93;43mt[0;33;5;43;103m%t;%[0;1;33;93;43m%[0;33;5;43;103m%;::[0;37;5;43;103m;[0;33;5;43;103m:tt;[0;37;5;43;103mSS[0;33;5;43;103m;;[0;37;5;43;103mS:.S[0;1;33;93;43m8[0;37;43mX[0;37;5;43;103m@[0;33;5;40;100mX[0;30;5;40;100mX[0;33;5;40;100m@[0;1;33;93;43m8[0;1;30;90;43m8[0;1;33;93;43m88[0;1;30;90;43m8[0;1;33;93;43m8[0;30;5;40;100m88[0;1;30;90;43m88[0;1;33;93;43m8[0;1;30;90;43m@[0;1;33;93;43mX@[0;1;30;90;43m@[0;1;30;90;40mX8[0;33;5;43;103m8[0;1;30;90;43m%[0;1;33;93;43m@[0;33;5;43;103mX:;%[0;1;33;93;43mt[0;33;5;43;103mStt%[0;1;33;93;43m;[0;33;5;43;103mSt;;;%[0;1;33;93;43m%:[0;33;5;43;103mS%S[0;1;33;93;43mt:[0;33;5;43;103mX%%[0;1;30;90;43m.[0m
[0;1;30;90;43m:[0;33;5;43;103m%[0;31;5;41;101m888888@@@@[0;1;31;91;43m8[0;33;5;43;103m;[0;1;33;93;43m.[0;33;5;41;101m@@XXXXXSSS[0;37;5;43;103mXt[0;37;43m@@[0;33;5;40;100mS[0;30;5;40;100mSSS[0;1;30;90;43m8[0;37;43mXXX[0;1;30;90;43m8[0;30;5;40;100m@888[0;1;30;90;43m88[0;1;33;93;43mX[0;1;30;90;43m@8[0;1;30;90;40m@XX[0;33;5;40;100m8[0;1;30;90;43m%%[0;33;5;43;103mS[0;1;33;93;43mt[0;31;5;41;101m8888888888[0;1;31;91;43m8[0;33;5;43;103mt[0;1;31;91;43m8[0;31;5;41;101m888[0;1;31;91;41m8888888[0;1;33;93;43mt[0;1;30;90;43m.[0m
[0;1;30;90;43m:[0;33;5;43;103m;%[0;1;31;91;43m8[0;31;5;41;101m888888[0;33;5;41;101m@[0;1;33;93;43m.[0;33;5;43;103m;[0;37;5;43;103m:t[0;1;33;93;43mt[0;1;31;91;43m8[0;31;5;41;101mXXXXX[0;33;5;41;101mX[0;1;31;91;43m8[0;37;5;43;103mX.t[0;37;43m@@[0;33;5;40;100mt[0;36;5;40;100m%%[0;30;5;40;100mS[0;33;5;40;100m%[0;37;43m@[0;33;5;43;103m8[0;37;43mX[0;1;30;90;43m8[0;30;5;40;100m@888[0;1;30;90;43m88[0;1;33;93;43mX[0;1;30;90;43m@[0;33;5;40;100m8[0;1;30;90;40m@XX@[0;1;30;90;43mS%[0;33;5;43;103m%;[0;1;33;93;43mS[0;1;31;91;43m8[0;31;5;41;101m8888888[0;1;33;93;43m.[0;33;5;43;103mt;t[0;1;31;91;43m8[0;31;5;41;101m8[0;1;31;91;41m888888[0;1;31;91;43m8[0;1;33;93;43m%[0;33;5;43;103m%[0;1;30;90;43m.[0m
[0;1;30;90;43m:[0;33;5;43;103m;;::;;:;:::.[0;37;5;43;103m::::.::::....@[0;36;5;40;100mtttttt%[0;30;5;40;100mSSXX@@888[0;1;30;90;40m8888@@XXSS[0;1;33;93;43m8[0;33;5;43;103m::;;;;;;;;;;;;;tt%t%%t%%%[0;1;30;90;43m.[0m
[0;31;43m@[0;1;33;93;43m;[0;1;31;91;43m888[0;33;5;43;103m%;:;[0;1;33;93;43mt[0;1;31;91;43m88[0;1;33;93;43m:[0;33;5;43;103mt[0;1;33;93;43m;[0;1;31;91;43m88[0;33;5;43;103mt[0;37;5;43;103mS.:X[0;33;5;43;103mt[0;37;43m@@[0;37;5;43;103m@[0;33;47m8[0;36;5;40;100m;[0;33;5;40;100mt[0;1;30;90;43m8[0;37;43m8[0;33;47m8[0;37;43m8[0;1;30;90;43m8[0;33;5;40;100m%[0;30;5;40;100mSS[0;33;5;40;100mS[0;1;30;90;43m8888[0;33;5;40;100m8[0;1;30;90;40m88[0;30;5;40;100m8[0;1;30;90;43m@@XXS[0;30;5;40;100mX[0;1;30;90;40mS[0;1;30;90;43m%[0;1;33;93;43m:[0;1;31;91;43m888[0;33;5;43;103m%;;t[0;1;33;93;43m.[0;1;31;91;43m888[0;1;33;93;43mt[0;1;31;91;43m888[0;1;33;93;43m.[0;33;5;43;103mSt%X[0;1;31;91;43m8888[0;31;43m@[0m
[0;30;41m%[0;31;5;41;101m88888[0;1;33;93;43mt[0;33;5;43;103m;[0;1;31;91;43m8[0;31;5;41;101m@@@XX[0;33;5;41;101m@XXX[0;1;31;91;43m8[0;37;5;43;103mXX[0;33;5;41;101mSSSSS[0;1;30;90;43m8[0;33;5;40;100mt[0;37;5;43;103mt.....X[0;33;5;40;100m%[0;1;30;90;43m8[0;37;5;43;103m.....:[0;1;30;90;43m8[0;30;5;40;100mX[0;33;5;43;103mS.::::t[0;33;5;40;100m8[0;33;41mX[0;31;5;41;101m88888[0;33;5;43;103m%t[0;33;5;41;101m8[0;31;5;41;101m8888888888[0;33;5;43;103mS[0;1;33;93;43mt[0;1;31;91;41m88888[0;30;41m%[0m
[0;33;41mX[0;33;5;41;101m@[0;1;31;91;43m88[0;1;33;93;43m;[0;33;5;43;103mt:::%[0;1;33;93;43m.[0;1;31;91;43m88888[0;1;33;93;43m.[0;33;5;43;103m;[0;37;5;43;103m;..tX[0;37;43m@@@@[0;33;5;40;100mt[0;37;5;43;103mX%S.XtX[0;33;5;40;100m%[0;37;43m@[0;37;5;43;103m;t::t;[0;1;33;93;43m8[0;33;5;40;100m8[0;33;5;43;103mXtX:SSX[0;1;30;90;43mS[0;31;43m8[0;33;5;41;101m@[0;1;31;91;43m88[0;1;33;93;43mt[0;33;5;43;103mt;;;S[0;1;31;91;43m88[0;33;5;41;101m888[0;1;31;91;43m88[0;1;33;93;43mS[0;33;5;43;103m%ttS[0;1;33;93;43m.[0;1;31;91;43m88[0;31;5;41;101m8[0;33;41mS[0m
[0;1;30;90;43m:[0;33;5;43;103m;;:;:::::::.[0;37;5;43;103m:::::....:...@[0;36;5;40;100mt[0;37;43m8[0;33;5;40;100m%[0;1;30;90;43m8[0;37;5;43;103m@[0;1;30;90;43m8[0;33;5;40;100mS[0;1;30;90;43m8[0;30;5;40;100mS[0;33;5;40;100mS[0;37;43mX[0;33;5;40;100mX[0;33;5;43;103m88[0;33;5;40;100m8[0;1;30;90;43m8[0;33;5;40;100m8[0;1;30;90;40m8[0;1;30;90;43m8@8[0;33;5;43;103m@[0;1;30;90;43mX[0;33;5;40;100m8[0;1;30;90;43mS[0;1;30;90;40mS[0;1;33;93;43m8[0;33;5;43;103m::;;;;;;;;;;;;;tttttt%%%%[0;1;30;90;43m.[0m
[0;1;30;90;43m:[0;33;5;43;103mt[0;1;33;93;43m:[0;33;5;41;101m@[0;31;5;41;101m8@[0;33;5;41;101m@[0;1;31;91;43m8[0;33;5;41;101m@[0;31;5;41;101m@[0;33;5;41;101m@[0;1;31;91;43m8[0;33;5;43;103mt:t[0;1;33;93;43m.[0;33;5;41;101mXXS[0;1;31;91;43m88[0;33;5;41;101mSS[0;1;31;91;43m8[0;33;5;43;103mt[0;37;5;43;103mX@[0;30;5;40;100m%[0;33;5;40;100m%[0;37;43m@[0;37;5;43;103m@[0;1;30;90;43m8[0;37;5;43;103mS[0;37;43m@[0;33;5;40;100mS[0;30;5;40;100mXX[0;1;30;90;43m8[0;37;5;43;103mX[0;37;43mS[0;1;30;90;43m8[0;33;5;43;103mS[0;1;30;90;43m8[0;1;30;90;40m88[0;30;5;40;100m@[0;1;30;90;43m@[0;33;5;43;103mS[0;1;30;90;43mX[0;33;5;43;103m8[0;1;33;93;43mX[0;33;5;40;100m8[0;1;30;90;40mS[0;1;33;93;43m8[0;33;5;43;103mt[0;1;31;91;43m8[0;33;5;41;101m8[0;31;5;41;101m88[0;33;5;41;101m8[0;1;31;91;43m8[0;31;5;41;101m888[0;1;31;91;43m8[0;33;5;43;103mStS[0;1;31;91;43m8[0;31;5;41;101m888[0;1;31;91;43m8[0;33;5;41;101m8[0;31;5;41;101m8[0;1;31;91;41m8[0;31;5;41;101m8[0;1;31;91;43m8[0;33;5;43;103mX[0;1;30;90;43m.[0m
[0;1;30;90;43m:[0;33;5;43;103mt[0;1;31;91;43m8[0;31;5;41;101m88888888@[0;33;5;43;103m%:t[0;33;5;41;101mX[0;31;5;41;101m@@X[0;33;5;41;101mXX[0;31;5;41;101mXXX[0;1;31;91;43m8[0;37;5;43;103mX@[0;30;5;40;100mSS[0;1;30;90;43m88[0;37;43m@[0;1;30;90;43m88[0;30;5;40;100mX@@X[0;1;33;93;43m@[0;1;30;90;43m888[0;30;5;40;100mS[0;1;30;90;40m888[0;1;30;90;43m8XXSS[0;1;30;90;40mS%[0;1;33;93;43m8[0;33;5;43;103m%[0;33;5;41;101m@[0;31;5;41;101m888888888[0;1;33;93;43m%[0;33;5;43;103mt[0;1;33;93;43mt[0;31;5;41;101m8[0;1;31;91;41m88888888[0;1;31;91;43m8[0;33;5;43;103mX[0;1;30;90;43m.[0m
[0;1;30;90;43m:[0;33;5;43;103m;;t%[0;1;33;93;43mtt%t[0;33;5;43;103m%t:::.[0;37;5;43;103m;[0;33;5;43;103m;ttttt;[0;37;5;43;103mS..X[0;30;5;40;100mXXX[0;33;5;40;100mX@X[0;30;5;40;100m@@@88[0;33;5;40;100m888[0;30;5;40;100mS[0;1;30;90;40m888@@[0;30;5;40;100m@[0;33;5;40;100m8[0;30;5;40;100mS[0;1;30;90;40mSS[0;34;40m;[0;1;33;93;43m8[0;33;5;43;103m:;t%[0;1;33;93;43m;;;;S[0;33;5;43;103m%;;;;tS[0;1;33;93;43mt::.:S[0;33;5;43;103mS%%[0;1;30;90;43m.[0m
[0;32;40mX[0;1;33;93;43mXXXX@@@@@@@888888888888[0;33;5;43;103m88[0;1;33;93;43m@[0;33;5;40;100m8888888888888888[0;1;30;90;43m88@@XXXSS%t[0;1;33;93;43mXXXXXXXXXXXSSSSSSSSS%[0;1;30;90;43m    [0;32;40m@[0m
 [0;34;40m:::;;;;[0;1;30;90;40m%SSXXX@@888888[0;30;5;40;100m8888[0;33;5;40;100m8[0;37;5;43;103m..;:...:::t:::[0;33;5;43;103m.::::::::;::[0;33;5;40;100m8[0;34;40m;:::::::..............   [0m 
 [0;32;40mt[0;1;30;90;43m;[0;1;33;93;43m8[0;33;5;43;103m@@[0;1;33;93;43m8[0;1;30;90;43mt[0;1;30;90;40m@%[0;33;5;40;100m8[0;1;30;90;43mS[0;1;33;93;43m8[0;33;5;43;103m8[0;1;33;93;43m8[0;1;30;90;43mX[0;33;5;40;100m8[0;1;30;90;40m@8[0;1;30;90;43m@[0;1;33;93;43m8[0;33;5;43;103mXS8[0;1;30;90;43m8[0;33;5;40;100m8[0;31;5;40;100m@[0;1;31;91;43m8[0;33;5;41;101mXXX[0;1;31;91;43m8[0;33;5;43;103mt[0;37;5;43;103m%[0;33;5;43;103m;[0;1;33;93;43m;[0;33;5;41;101mX[0;31;5;41;101mX[0;33;5;41;101m@[0;1;31;91;43m88[0;33;5;41;101m@[0;31;5;41;101m@[0;33;5;41;101m@[0;1;33;93;43m.[0;33;5;43;103mt;%[0;1;31;91;43m8[0;31;5;41;101m88[0;33;5;41;101m8@[0;30;41m8[0;1;30;90;40m8[0;1;30;90;43m;[0;1;33;93;43m8[0;33;5;43;103m@8[0;1;33;93;43m@[0;1;30;90;43m;[0;32;40m;[0;34;40m.[0;30;5;40;100mS[0;1;30;90;43m.[0;1;33;93;43m@8@[0;1;30;90;43m.[0;1;30;90;40m8[0;34;40m.[0;32;40m;[0;1;30;90;43m:[0;1;33;93;43mX[0;33;5;43;103m88[0;1;33;93;43m@[0;1;30;90;43m.[0;32;40mt[0m 
 [0;1;30;90;43m:[0;33;5;43;103m;;;;;;[0;1;30;90;43mt[0;30;5;40;100m@[0;33;5;43;103m%:::::t[0;33;5;40;100m8[0;1;30;90;43mX[0;33;5;43;103m;:.[0;37;5;43;103m;::[0;33;5;43;103mX[0;31;5;40;100m8[0;31;5;41;101mX@@@@[0;1;33;93;43m%[0;37;5;43;103m;[0;33;5;43;103m;[0;33;5;41;101mX[0;31;5;41;101m@@8@@888[0;33;5;41;101m@[0;33;5;43;103mt:[0;1;33;93;43m%[0;31;5;41;101m88888[0;31;40m8[0;33;5;43;103m8;;;;;;[0;1;30;90;43m:[0;1;30;90;40m8[0;33;5;43;103mS;;tttS[0;32;40mX[0;1;30;90;43m.[0;33;5;43;103mt%%%%%[0;1;30;90;43m.[0m 
  [0;1;33;93;43m8[0;1;30;90;43m:[0;33;5;43;103m@@[0;1;30;90;43m;[0;33;5;43;103m8[0;1;30;90;43mt[0;1;30;90;40m8[0;33;5;43;103m88[0;1;33;93;43mX[0;33;5;43;103m:[0;1;33;93;43m88[0;33;5;43;103m@[0;33;5;40;100m8[0;1;30;90;43mX[0;33;5;43;103m8[0;1;30;90;43mX[0;33;5;43;103m8t[0;1;30;90;43m@[0;33;5;43;103m8[0;1;33;93;43mX[0;31;5;40;100mS[0;33;5;43;103m%%t;:..::;t%%%%%t::::;t%[0;1;33;93;43mt%[0;1;30;90;41m8[0;1;30;90;43m;[0;33;5;43;103m8[0;1;30;90;43m:[0;33;5;43;103mX[0;1;33;93;43m8[0;1;30;90;43m:[0;1;33;93;43m8[0;1;30;90;43m;[0;1;30;90;40m8[0;33;5;43;103m8[0;1;33;93;43m@X[0;33;5;43;103mt[0;1;33;93;43mS@8[0;32;40mS[0;1;30;90;43m:[0;1;33;93;43m@[0;1;30;90;43m [0;1;33;93;43m8[0;33;5;43;103m8[0;1;30;90;43m [0;1;33;93;43m8[0;32;40m;[0m 
  [0;1;30;90;43m:;[0;1;33;93;43m@X[0;1;30;90;43mt[0;1;33;93;43m8[0;32;40mt[0;34;40m;[0;1;30;90;43m%tt[0;1;33;93;43m@[0;1;30;90;43m%SS[0;1;30;90;40mSX[0;1;33;93;43m8[0;1;30;90;43mX[0;1;33;93;43mX8[0;1;30;90;43mX[0;1;33;93;43m@[0;33;5;40;100m88[0;33;5;43;103m:::tt;:;tt;::::;%%;:t%%;;;[0;33;5;40;100m8[0;1;30;90;40m8[0;1;33;93;43m@[0;1;30;90;43m;[0;1;33;93;43m@[0;1;30;90;43m:;[0;1;33;93;43m8[0;32;40m.[0;34;40m.[0;1;30;90;43m.:.[0;1;33;93;43mX[0;1;30;90;43m:::[0;34;40m.[0;32;40m.[0;1;33;93;43m@[0;1;30;90;43m. [0;1;33;93;43mS[0;1;30;90;43m..[0m  
  [0;32;40m%[0;1;30;90;43m:::;[0;30;5;40;100mS[0;34;40m::[0;32;40mt[0;1;30;90;43mt[0;1;33;93;43m8[0;1;30;90;43mt[0;1;33;93;43m8[0;1;30;90;43m%[0;1;30;90;40m8SS8[0;1;30;90;43mSSSSX[0;1;30;90;40mX[0;33;5;40;100m8[0;33;5;43;103m;[0;1;31;91;43m8[0;31;5;41;101m@@@@@@@@@[0;1;31;91;43m8[0;33;5;43;103mtt[0;1;31;91;43m8[0;31;5;41;101m888888888[0;1;31;91;43m8[0;33;5;43;103mt[0;33;5;40;100m8[0;34;40m:[0;1;30;90;43m;::::[0;32;40m%[0;34;40m..[0;32;40mt[0;1;30;90;43m:[0;1;33;93;43m@[0;1;30;90;43m:[0;1;33;93;43mX[0;1;30;90;43m:[0;32;40m;[0;34;40m..[0;32;40mS[0;1;30;90;43m    [0;32;40mX[0m  
   [0;1;30;90;43m::[0;1;33;93;43mS[0;1;30;90;43m:[0;32;40m;[0;34;40m:::[0;33;5;40;100m8[0;1;30;90;43m;[0;1;33;93;43mX[0;1;30;90;43mt%[0;34;40m;;;[0;1;30;90;40m%[0;1;30;90;43m%%[0;1;33;93;43mX[0;1;30;90;43m%[0;1;30;90;40m8S[0;30;5;40;100mS[0;33;5;43;103m:t[0;1;31;91;43m8[0;31;5;41;101m8888888[0;33;5;41;101m@[0;33;5;43;103m%::%[0;33;5;41;101m@[0;31;5;41;101m8888888[0;1;31;91;43m8[0;33;5;43;103m%;[0;33;5;40;100m8[0;34;40m:[0;32;40mt[0;1;30;90;43m::::[0;34;40m....[0;1;30;90;43m:...:[0;34;40m...[0;32;40m.[0;1;30;90;43m   .[0m   
    [0;34;40m.:::::::[0;32;40m;%;[0;34;40m;;;;;;;;;[0;1;30;90;40m%%[0;30;5;40;100mX[0;33;5;43;103m::::;t;t;:::::;;;tttt;;;;;[0;33;5;40;100m8[0;34;40m:..........[0;32;40m:;.[0;34;40m....    [0m    
    [0;34;40m .[0;32;40m:[0;30;5;40;100mS[0;1;30;90;43m;;;[0;1;30;90;40m8[0;34;40m:::[0;1;30;90;40m8[0;1;30;90;43mttt%[0;1;30;90;40m8[0;34;40m;;[0;32;40m;[0;30;5;40;100mS[0;1;30;90;43m%%[0;33;5;43;103m%[0;1;33;93;43m;[0;1;31;91;43m88[0;33;5;43;103m%;:;t[0;1;33;93;43m:[0;1;31;91;43m88[0;33;5;43;103m%%[0;1;33;93;43m.[0;1;31;91;43m8[0;1;33;93;43m.[0;33;5;43;103m%;;;%[0;1;31;91;43m88[0;1;33;93;43m:[0;33;5;43;103m%[0;1;30;90;43m:;[0;1;30;90;40m8[0;32;40m:[0;34;40m..[0;32;40m%[0;1;30;90;43m::::[0;32;40mX[0;34;40m...[0;32;40m%[0;1;30;90;43m...[0;32;40m8.[0;34;40m  [0m    
     [0;32;40mt[0;33;5;43;103mX;;;;;[0;1;30;90;43m:[0;32;40m:[0;1;30;90;43m:[0;33;5;43;103m;;;;;;[0;1;30;90;43mt[0;1;30;90;40m@[0;33;5;43;103m8;;t[0;31;5;41;101m88888[0;33;5;41;101m@[0;33;5;43;103mt[0;1;33;93;43m.[0;31;5;41;101m8888888888[0;1;31;91;43m8[0;33;5;43;103mt[0;1;31;91;43m8[0;31;5;41;101m88888[0;33;5;43;103m%;;8[0;32;40mS[0;1;30;90;43m:[0;33;5;43;103m%ttttt[0;1;30;90;43m.[0;32;40m.[0;1;30;90;43m [0;33;5;43;103m%%%%%@[0;32;40m%[0m     
      [0;1;30;90;43m.[0;33;5;43;103m;;;;;@[0;32;40m%[0;1;33;93;43m8[0;33;5;43;103m;;;;;%[0;1;30;90;43m;t[0;33;5;43;103m@;;t[0;31;5;41;101m88[0;33;5;41;101m8[0;1;31;91;43m8[0;1;33;93;43m%[0;33;5;43;103m;;;%[0;1;31;91;43m8[0;33;5;41;101m8[0;31;5;41;101m8888[0;33;5;41;101m8[0;1;31;91;43m8[0;33;5;43;103m%;;;[0;1;33;93;43mS[0;1;31;91;43m8[0;31;5;41;101m888[0;33;5;43;103m%;;8[0;1;30;90;43m:.[0;33;5;43;103mXttttt[0;1;33;93;43m8[0;32;40m:[0;33;5;43;103m8%%%%%[0;1;30;90;43m [0m      
       [0;32;40m%[0;1;30;90;43m:[0;33;5;43;103mS[0;32;40mX[0;1;30;90;43m;;[0;34;40m:[0;33;5;40;100m8[0;1;30;90;43m:[0;32;40mt[0;33;5;43;103m8[0;1;30;90;43m:[0;32;40m;[0;1;33;93;43mS[0;32;40mS:[0;1;30;90;43m:[0;1;30;90;40m8[0;1;30;90;43m;[0;33;5;43;103m;;;;;;;;;;;;;;;;;;;;;;;;;;;t[0;1;30;90;43m:[0;32;40mX[0;1;30;90;43m.[0;32;40m:t[0;1;30;90;43m.[0;32;40m;[0;1;30;90;43m.[0;33;5;43;103m8[0;32;40mt[0;1;30;90;43m.[0;33;5;40;100m8[0;34;40m.[0;1;30;90;43m..[0;32;40mS[0;33;5;43;103m@[0;1;30;90;43m [0;32;40mt[0m       
        [0;1;30;90;43m::[0;33;5;43;103mS[0;1;30;90;43m:[0;32;40mX[0;34;40m.[0;32;40m;[0;1;30;90;43m:[0;33;5;43;103m@[0;1;30;90;43m::[0;33;5;43;103m8[0;1;30;90;43m;[0;34;40m::[0;33;5;40;100m8[0;1;33;93;43mX[0;33;5;43;103mX[0;1;30;90;43m;[0;33;5;43;103mtS[0;1;31;91;43m8[0;31;5;41;101m88[0;33;5;41;101m8[0;1;31;91;43m88[0;33;5;41;101m8[0;31;5;41;101m8[0;1;31;91;43m8[0;1;33;93;43mt[0;33;5;43;103mtt[0;1;33;93;43mt[0;1;31;91;43m8[0;31;5;41;101m88[0;1;31;91;43m88[0;33;5;41;101m8[0;31;5;41;101m88[0;1;31;91;43m8[0;1;33;93;43mS[0;33;5;43;103m%[0;1;30;90;43m.[0;33;5;43;103m8[0;1;33;93;43mS[0;1;30;90;43m:[0;34;40m..[0;1;30;90;43m:[0;1;33;93;43m8[0;1;30;90;43m.:[0;33;5;43;103m8[0;1;30;90;43m [0;32;40m:[0;34;40m [0;32;40mt[0;1;30;90;43m [0;33;5;43;103m8[0;1;30;90;43m..[0m        
         [0;1;30;90;43m.::[0;34;40m...[0;32;40mX[0;1;30;90;43m::::[0;34;40m..::[0;1;30;90;43m;;:[0;33;5;43;103m;[0;1;33;93;43m.[0;31;5;41;101m888888888[0;1;31;91;43m8[0;33;5;43;103m%t[0;1;31;91;43m8[0;31;5;41;101m88[0;1;31;91;41m8[0;31;5;41;101m888[0;1;31;91;41m88[0;31;5;41;101m8[0;1;31;91;43m8[0;33;5;43;103m%[0;1;33;93;43mS[0;1;30;90;43m::[0;34;40m....[0;1;30;90;43m... [0;32;40m@[0;34;40m   [0;1;30;90;43m...[0m         
          [0;32;40mX:[0;34;40m....[0;1;30;90;40m8[0;1;30;90;43m:;[0;32;40m%[0;34;40m....[0;32;40mt[0;1;30;90;43m;:[0;33;5;43;103m;;t[0;1;33;93;43mS[0;1;31;91;43m88888[0;1;33;93;43m;[0;33;5;43;103m%;;;;%[0;1;33;93;43m;[0;1;31;91;43m88888[0;1;33;93;43m%[0;33;5;43;103m%tt[0;1;30;90;43m.:[0;32;40m;[0;34;40m....[0;32;40mt[0;1;30;90;43m..[0;32;40m@[0;34;40m    [0;32;40m X[0m          
            [0;32;40m.:.[0;34;40m.....[0;32;40m.t%:[0;34;40m..[0;32;40m@[0;33;5;43;103m;t%%;;;;;t%%;;%S%ttttt%S%t[0;1;30;90;40m8[0;34;40m..[0;32;40m.t;.[0;34;40m     [0;32;40m . [0m            
             [0;1;30;90;43m.[0;33;5;43;103m%8[0;1;30;90;43m:[0;32;40m:%[0;1;33;93;43mS[0;33;5;43;103m%ttt[0;1;33;93;43m8[0;33;5;40;100m8[0;31;40mX[0;31;5;41;101m88888[0;1;31;91;43m8[0;33;5;43;103m%[0;1;33;93;43mt[0;1;31;91;43m8[0;31;5;41;101m88888888[0;1;31;91;43m8[0;1;33;93;43m;[0;33;5;43;103m%[0;1;31;91;43m8[0;31;5;41;101m8[0;1;31;91;41m888[0;31;5;41;101m8[0;31;40m8[0;30;5;40;100mS[0;1;33;93;43m8[0;33;5;43;103m%%%S[0;1;30;90;43m [0;32;40m% [0;1;30;90;43m.[0;1;33;93;43m8[0;33;5;43;103mX[0;1;30;90;43m [0m             
              [0;32;40m@[0;1;33;93;43m8[0;33;5;43;103mX[0;1;30;90;43m:.[0;33;5;43;103mSttttt8[0;31;40m@[0;1;31;91;41m8888[0;31;5;41;101m8[0;1;33;93;43mS[0;33;5;43;103mt%[0;1;31;91;43m8[0;1;31;91;41m88888888[0;1;31;91;43m8[0;33;5;43;103mStX[0;31;5;41;101m8[0;1;31;91;41m8888[0;31;40m@[0;1;33;93;43m8[0;33;5;43;103m%%%%%S[0;1;30;90;43m [0;1;30;90;40m8[0;33;5;43;103m@[0;1;33;93;43m@[0;32;40m@[0m              
                [0;1;30;90;43m.[0;32;40mX[0;33;5;40;100m8[0;1;30;90;43m.:.[0;33;5;43;103m@[0;1;30;90;43m:.:[0;31;40mX[0;33;5;43;103mSSS%ttttttSSSSSS%tttt%%SXX[0;31;40m8[0;1;30;90;43m. .[0;1;33;93;43m8[0;1;30;90;43m . .[0;32;40mt[0;1;30;90;43m [0m                
                  [0;34;40m [0;1;30;90;43m.....[0;1;33;93;43m@[0;32;40mXX[0;33;5;43;103mttS[0;1;33;93;43m:[0;1;31;91;43m8[0;1;33;93;43mS[0;33;5;43;103mSS[0;1;33;93;43m.[0;1;31;91;43m8[0;33;5;43;103mX%tt%X[0;1;31;91;43m8[0;1;33;93;43m.[0;33;5;43;103mXS[0;1;33;93;43mS[0;1;31;91;43m8[0;1;33;93;43m:[0;33;5;43;103mX%%[0;32;40m8S[0;1;33;93;43mX[0;1;30;90;43m    [0;1;33;93;43mS[0;34;40m [0m                  
                    [0;30;5;40;100mS[0;1;30;90;43m .:[0;1;30;90;40m8[0;34;40m.[0;32;40mX[0;33;5;43;103m%[0;1;31;91;43m8[0;1;31;91;41m8888888888[0;33;5;43;103mXX[0;1;31;91;41m8888888888[0;1;31;91;43m8[0;33;5;43;103mS[0;32;40m8[0;34;40m [0;32;40m@[0;1;30;90;43m.   [0m                    
                      [0;1;30;90;43m..[0;32;40m:[0;34;40m.[0;32;40mX[0;33;5;43;103m%S[0;1;31;91;43m8[0;31;5;41;101m8[0;1;31;91;41m888888[0;1;31;91;43m8[0;33;5;43;103mX%%X[0;1;31;91;43m8[0;1;31;91;41m8888888[0;1;31;91;43m8[0;33;5;43;103mX%[0;32;40m8[0;34;40m [0;32;40m.[0;1;30;90;43m  [0m                      
                        [0;34;40m  [0;32;40mX[0;33;5;43;103m%%%%%%%%%%%%%%%%%%%%%%SSSS[0;32;40m8[0;34;40m  [0m                        
                          [0;32;40m;[0;1;30;90;43m [0;1;31;91;43m8[0;1;31;91;41m8[0;1;31;91;43m88[0;33;5;43;103mX%S[0;1;33;93;43mt[0;1;31;91;43m8[0;1;31;91;41m8[0;1;31;91;43m8888[0;1;31;91;41m8[0;1;31;91;43m8[0;1;33;93;43m;[0;33;5;43;103mXSX[0;1;31;91;43m8[0;31;43m8[0;1;31;91;41m8[0;1;31;91;43m8[0;1;30;90;43m [0;32;40mt[0m                          
                             [0;30;41mX[0;33;41mt[0;1;31;91;41m8[0;1;31;91;43m8[0;33;5;43;103mX[0;1;33;93;43m.[0;1;31;91;41m8888888888[0;1;31;91;43m8[0;33;5;43;103mX[0;1;31;91;43m8[0;1;31;91;41m8[0;33;41mt[0;30;41mX[0m                             
                                [0;1;30;90;43m [0;1;33;93;43m8[0;33;5;43;103mSX[0;1;33;93;43m:[0;1;31;91;43m888888[0;1;33;93;43m.[0;33;5;43;103mXS[0;1;33;93;43m8[0;1;30;90;43m [0m                                
                                   [0;1;30;90;43m  [0;33;5;43;103mXSSSSS[0;1;33;93;43mS[0;1;30;90;43m [0m                                   
                                      [0;32;40m8[0;1;30;90;43m   [0m                                      
