[0;34;40m@[0;1;30;90;44m8888888888888888888888888888888888888888888888888888888888888888[0;30;44mSXXXXXXXXXXXXX[0;34;40mX[0m
[0;30;44m8[0;35;44m888888888888888888888888888888888888888888888888888888888888@@@@@@@@@@@@@XXXXX[0;34;40m8[0m
[0;30;44m8[0;35;44m888888888888888888888888[0;34;45m88888888[0;35;44m88888888888888888888888888888@@@@@@@@@@@@@XXXX[0;34;40m8[0m
[0;30;44m8[0;35;44m8888888888888888888[0;34;45m8888888888888888888[0;35;44m8888888888888888888888888@@@@@@@@@@@@XXX[0;34;40m8[0m
[0;30;44m8[0;35;44m888888888[0;1;30;90;44m@S[0;35;44m8888[0;34;45m88888888888888888888888[0;35;44m88888888888888888888888888@@@@[0;1;30;90;44m8[0;35;44m@@@@@@@XX[0;34;40m8[0m
[0;30;44m8[0;35;44m8888888888[0;1;30;90;47m%[0;1;37;97;47mt[0;1;30;90;47m;%@88888888[0;37;5;40;100m@[0;35;5;40;100m8[0;34;45m88888888[0;1;30;90;45mX[0;35;5;40;100m% [0;37;5;40;100mX8[0;1;37;97;47mX:t:[0;1;30;90;47m:8[0;37;5;40;100m@[0;34;5;40;100mX[0;35;44m8888888[0;1;30;90;44mS[0;35;5;40;100m.[0;37;5;40;100m8888@@X@[0;1;30;90;47m8@S[0;1;37;97;47m.[0;1;30;90;47m%[0;35;44m@@@@@@@@XX[0;34;40m8[0m
[0;30;44m8[0;35;44m88888888888[0;37;5;40;100m8[0;1;37;97;47mt.::::;X[0;37;5;47;107m8888[0;1;37;97;47m8[0;37;5;40;100m@[0;1;30;90;45m@@@@@[0;35;5;40;100m@[0;1;30;90;45m@[0;1;30;90;47m%[0;37;5;47;107m888[0;1;37;97;47mX[0;1;30;90;47m:[0;1;37;97;47mX[0;36;5;40;100m;[0;37;5;40;100m@[0;1;37;97;47m888[0;1;30;90;47m%[0;1;30;90;44m8[0;35;44m88888[0;35;5;40;100m:[0;1;37;97;47mX8888%[0;1;30;90;47m    ..[0;1;37;97;47m.[0;37;5;40;100m@[0;35;44m@@@@@@@@@@X[0;30;44m8[0m
[0;30;44m8[0;35;44m888888888[0;34;45m8888[0;35;5;40;100mS [0;1;30;90;47m8:[0;37;5;47;107m88888888[0;1;37;97;47m;[0;1;30;90;45m88888[0;35;5;40;100m [0;37;5;40;100m@[0;35;5;40;100m.;;[0;37;5;40;100m8[0;1;30;90;47m;[0;1;37;97;47mS[0;1;30;90;47mt[0;1;37;97;47mt[0;1;30;90;47m [0;1;37;97;47m8[0;37;5;47;107m88[0;1;37;97;47m8[0;37;5;40;100m8[0;1;30;90;44mX[0;35;44m8888[0;1;30;90;47m;[0;1;37;97;47m88888888[0;1;30;90;47mt[0;37;5;40;100mX[0;35;5;40;100m;8[0;35;44m@@@@@@@@@@@@@[0;30;44m8[0m
[0;30;44m8[0;35;44m8888888[0;35;5;40;100m8@t [0;1;30;90;47m8%[0;1;37;97;47m X[0;37;5;47;107m88[0;1;37;97;47m8[0;37;5;47;107m8888888[0;1;30;90;47m:[0;1;30;90;45m888888[0;35;5;40;100m@.:[0;37;5;40;100mX[0;1;30;90;47m8@[0;37;5;40;100mX[0;1;37;97;47m [0;1;30;90;47m:[0;37;5;47;107m88888[0;1;37;97;47m;[0;35;5;40;100m%[0;35;44m8888[0;1;30;90;47m8[0;1;37;97;47m8888888X@8%[0;1;30;90;47m:@[0;37;5;40;100mX[0;35;5;40;100m;@8[0;1;30;90;44m8[0;35;44m@@@@@@@[0;30;44m8[0m
[0;30;44m8[0;35;44m8888888[0;35;5;40;100m8[0;1;30;90;47mS[0;1;37;97;47m@%:;;;;;8[0;37;5;47;107m888@@[0;1;37;97;47m8[0;1;30;90;47mX[0;35;5;40;100m@[0;1;30;90;45m88888888888[0;35;5;40;100m8 [0;1;30;90;47mX[0;1;37;97;47m8[0;37;5;47;107m8888[0;1;37;97;47m8[0;37;5;40;100m8[0;34;5;40;100m8[0;34;45m88[0;35;44m888[0;37;5;40;100m@[0;1;37;97;47m%88888X [0;1;30;90;47m   ..[0;1;37;97;47m.S[0;1;30;90;47m@[0;34;5;40;100m8[0;35;44m@@@@@@@[0;30;44m8[0m
[0;30;44m8[0;35;44m888888[0;34;45m888[0;1;30;90;45m@[0;35;5;40;100m%. .t [0;1;37;97;47m:[0;37;5;47;107m88@@[0;1;37;97;47m@[0;35;5;40;100mt[0;1;30;90;45m888888888888888[0;35;5;40;100m8[0;1;30;90;47m8[0;37;5;47;107m88888[0;1;37;97;47m%[0;35;5;40;100m [0;34;45m8888[0;35;44m8888[0;35;5;40;100m8[0;1;37;97;47m.8888 [0;35;5;40;100m.8St%8[0;35;44m@@@@@@@@@@[0;30;44m8[0m
[0;30;44m8[0;35;44m88888[0;34;45m8888888[0;1;30;90;45m@[0;35;5;40;100m [0;1;37;97;47m;t.t[0;1;30;90;47m.[0;1;37;97;47m8[0;37;5;47;107m@8[0;35;5;40;100m@[0;1;30;90;45m888888888888[0;35;5;40;100m8;[0;1;30;90;47mX[0;37;5;47;107m8@8888[0;1;30;90;47m;[0;35;5;40;100m [0;35;44m8[0;34;45m88888[0;35;44m888@[0;1;37;97;47mt8X[0;1;30;90;47mX:.:[0;1;37;97;47m [0;35;5;40;100mt[0;35;44m@888@@@@@@@@@[0;30;44m8[0m
[0;30;44m8[0;35;44m8888[0;34;45m888888[0;1;30;90;45m@[0;35;5;40;100mt[0;1;37;97;47m S.t[0;1;30;90;47m@[0;1;37;97;47m:[0;1;30;90;47m:[0;37;5;47;107m8XX[0;1;30;90;47m8[0;1;30;90;45m888888888888[0;35;5;40;100m%[0;1;30;90;47mS[0;1;37;97;47m8[0;37;5;47;107m@@@888[0;35;5;40;100m@[0;1;30;90;45m@[0;34;45m888888[0;35;44m888[0;35;5;40;100m;[0;1;37;97;47m88@[0;1;30;90;47mS%[0;37;5;40;100m@[0;1;37;97;47m [0;1;30;90;47m;[0;1;37;97;47m.[0;1;30;90;47m:[0;35;5;40;100mX[0;35;44m@8@@@@@@@@@[0;30;44m8[0m
[0;30;44m8[0;35;44m8888[0;34;45m8888[0;1;30;90;45m@[0;35;5;40;100m [0;1;30;90;47m [0;1;37;97;47m%.;[0;1;30;90;47m8[0;35;5;40;100mX[0;1;37;97;47mt[0;1;30;90;47m.:.[0;37;5;47;107mXX8[0;37;5;40;100mX[0;1;30;90;45m8888888888[0;35;5;40;100mS[0;1;30;90;47mS[0;37;5;47;107mXXX@@@88[0;35;5;40;100m;[0;1;30;90;45m@@[0;34;45m888888[0;35;44m8[0;35;5;40;100m@[0;1;37;97;47mS88[0;1;30;90;47m%88[0;1;37;97;47m:[0;34;5;40;100m@[0;35;5;40;100m [0;1;30;90;47m ; ;[0;35;5;40;100m;[0;35;44m@@@@@@@@@[0;30;44m8[0m
[0;30;44m8[0;35;44m888[0;34;45m8888[0;35;5;40;100mS[0;1;30;90;47m.[0;1;37;97;47mX;[0;1;30;90;47m;8[0;35;5;40;100m88[0;1;37;97;47m.@[0;1;30;90;47mXt:[0;1;37;97;47mS[0;37;5;47;107mXX@[0;1;30;90;47m%[0;35;5;40;100m%[0;1;30;90;45m8888888[0;35;5;40;100m:[0;1;37;97;47m:[0;37;5;47;107mXXXXX@@@[0;1;37;97;47m8[0;35;5;40;100m [0;1;30;90;45m@@[0;34;45m88888[0;35;44m8[0;37;5;40;100m@[0;1;37;97;47m888;[0;1;30;90;47m@8[0;37;5;40;100mX[0;1;37;97;47m [0;1;30;90;47m.[0;35;44m88[0;35;5;40;100m.[0;1;30;90;47mX:[0;1;37;97;47mt[0;1;30;90;47m;[0;35;5;40;100m@[0;35;44m@@@@@@@[0;30;44m8[0m
[0;30;44m8[0;35;44m888[0;34;45m888888[0;1;30;90;45m@@888[0;1;30;90;47m [0;1;37;97;47m8:[0;37;5;47;107mX8[0;1;30;90;47m [0;1;37;97;47m [0;37;5;47;107mXXXS[0;1;37;97;47m8[0;1;30;90;47m:[0;37;5;40;100m8[0;35;5;40;100mt%[0;1;30;90;45m88[0;35;5;40;100m:[0;1;37;97;47m.[0;37;5;47;107mXXXXXXX@@8[0;1;30;90;47m.[0;35;5;40;100m@[0;1;30;90;45m@@[0;34;45m8[0;1;30;90;45mX[0;35;5;40;100mX[0;1;30;90;47m8[0;1;37;97;47mt8888[0;1;30;90;47m;@[0;1;37;97;47mt8[0;1;30;90;47m.[0;1;37;97;47m:[0;1;30;90;47mt[0;35;44m888@@@@@@@@@@@[0;30;44m8[0m
[0;30;44m8[0;35;44m888[0;34;45m888888[0;1;30;90;45m@@88[0;1;30;90;47m.[0;1;37;97;47m8.[0;37;5;47;107mX[0;1;37;97;47m@:t[0;1;30;90;47m:[0;1;37;97;47m:[0;37;5;47;107m@SSSSSX8[0;1;37;97;47m8tt[0;37;5;47;107mSXXXXXXX@@88[0;1;37;97;47mt[0;1;30;90;47m;[0;1;37;97;47mtX8[0;37;5;47;107m88[0;1;37;97;47m8888[0;1;30;90;47mt@tt[0;1;37;97;47m.8[0;1;30;90;47m:[0;1;37;97;47m:[0;1;30;90;47m%[0;35;44m88888@@@@@@@@[0;30;44m8[0m
[0;30;44m8[0;35;44m888[0;34;45m888888[0;1;30;90;45m@@8[0;1;30;90;47mt[0;1;37;97;47m@ [0;37;5;47;107m@[0;1;37;97;47mt[0;37;5;40;100m8[0;37;5;47;107mX[0;1;37;97;47m tt[0;1;30;90;47m:[0;1;37;97;47m%[0;37;5;47;107mSSSSSSS[0;1;37;97;47mS[0;37;5;47;107m8SXXXXXXX@@@88[0;1;30;90;47m:[0;37;5;47;107m88888[0;1;37;97;47m88[0;1;30;90;47m:X:;X[0;1;37;97;47m8[0;35;5;40;100m [0;1;30;90;47mt[0;1;37;97;47m8[0;1;30;90;47m;[0;1;37;97;47m:[0;1;30;90;47mS[0;35;44m@888@@@@@@@@[0;30;44m8[0m
[0;30;44m8[0;35;44m888[0;34;45m888888[0;1;30;90;45m@@[0;1;30;90;47mS[0;1;37;97;47mX.[0;37;5;47;107m@[0;1;30;90;47mt[0;35;5;40;100mt[0;1;37;97;47m8[0;37;5;47;107mX[0;1;30;90;47m.[0;37;5;47;107mX[0;1;37;97;47m%8X[0;1;30;90;47m%[0;37;5;47;107mX[0;1;37;97;47m;S[0;37;5;47;107mS8X[0;1;37;97;47mS8[0;37;5;47;107mXXXXXXXX@@88[0;1;37;97;47m8[0;1;30;90;47m.[0;1;37;97;47m8X[0;37;5;47;107m8[0;1;37;97;47m.[0;1;30;90;47m:[0;1;37;97;47m8[0;37;5;40;100m8[0;1;37;97;47m:%[0;1;30;90;47m%[0;1;37;97;47m8[0;1;30;90;47mS[0;1;37;97;47m8X[0;34;5;40;100mS[0;37;5;40;100m@[0;1;37;97;47m8[0;1;30;90;47m:[0;1;37;97;47m.[0;1;30;90;47m@[0;35;44m@88@@@@@@@@[0;30;44m8[0m
[0;30;44m8[0;35;44m888[0;34;45m888888[0;1;30;90;45m@[0;1;30;90;47m@[0;1;37;97;47m%:8[0;37;5;40;100m@[0;1;30;90;45m8[0;1;37;97;47m [0;37;5;47;107mX[0;1;37;97;47mXX[0;37;5;47;107mX[0;1;37;97;47m@S@.%X[0;1;30;90;47mS[0;37;5;47;107m@[0;1;37;97;47m;t8t[0;37;5;47;107mXXXXXXX@@@88[0;1;37;97;47mt%[0;1;30;90;47m;[0;1;37;97;47m 8[0;37;5;40;100m8[0;1;37;97;47m.[0;1;30;90;47m.X[0;1;37;97;47m;..8t[0;1;30;90;47m.[0;1;37;97;47m8[0;1;30;90;47m:[0;35;44m@[0;35;5;40;100mt[0;1;37;97;47mS [0;1;30;90;47m.8[0;35;44m@8@@@@@@@@[0;30;44m8[0m
[0;30;44m8[0;35;44m888[0;34;45m888888[0;1;30;90;47m@[0;1;37;97;47m;tt[0;35;5;40;100m%[0;1;30;90;45m8[0;35;5;40;100mt[0;37;5;47;107m@X[0;1;37;97;47m [0;37;5;47;107mXX[0;35;5;40;100m [0;37;5;47;107mXX[0;1;37;97;47m.[0;37;5;47;107m88X[0;1;37;97;47m;.8[0;37;5;47;107mX[0;1;30;90;47m [0;37;5;47;107mXXXXXXX@@@88[0;1;30;90;47mt[0;37;5;47;107m8[0;1;37;97;47mX[0;1;30;90;47mt.[0;1;37;97;47m@X%[0;1;30;90;47m%[0;1;37;97;47m88[0;35;5;40;100mt[0;1;37;97;47m@8[0;1;30;90;47mX[0;1;37;97;47m88[0;35;5;40;100m8[0;35;44m8[0;34;5;40;100m8[0;1;30;90;47m:[0;1;37;97;47m:[0;1;30;90;47m;8[0;35;44m@@@@@@@@@[0;30;44m8[0m
[0;34;40m8[0;35;44m8888[0;34;45m8888[0;1;30;90;47m@[0;37;5;47;107m8[0;1;37;97;47m;[0;37;5;40;100m8[0;1;30;90;45m888[0;1;30;90;47m8[0;37;5;47;107m@[0;1;37;97;47m8;[0;37;5;47;107mX[0;1;30;90;47m.[0;35;5;40;100m%[0;37;5;47;107mXX[0;1;37;97;47m [0;37;5;47;107mXX[0;1;37;97;47m8[0;37;5;47;107mX[0;1;37;97;47m [0;37;5;47;107mX@[0;37;5;40;100m8[0;37;5;47;107mXXXXXX@@@888[0;37;5;40;100m@[0;1;37;97;47mX[0;37;5;47;107m8[0;1;30;90;47m;[0;37;5;47;107m8[0;1;37;97;47mS88[0;1;30;90;47m%[0;1;37;97;47m88[0;35;5;40;100m8[0;1;30;90;47m8[0;1;37;97;47m8:.8[0;37;5;40;100mX[0;35;44m88@[0;35;5;40;100m:[0;1;30;90;47m:[0;1;37;97;47m@[0;1;30;90;47m8[0;35;44m@@@@@@@@[0;34;40m8[0m
[0;34;40m@[0;35;44m8888[0;34;45m888[0;35;5;40;100m8t8[0;34;45m8[0;1;30;90;45m@@88[0;1;30;90;47m;[0;37;5;47;107m@[0;1;30;90;47m.[0;37;5;47;107m@8[0;35;5;40;100mt%[0;37;5;47;107mXX[0;1;30;90;47m [0;37;5;47;107mXX[0;1;30;90;47m%[0;37;5;47;107m@[0;1;30;90;47m [0;37;5;47;107mX[0;1;37;97;47mX[0;35;5;40;100m:[0;37;5;47;107mXXXX@@@@8888[0;35;5;40;100m;[0;1;37;97;47m [0;37;5;47;107m8[0;1;30;90;47mt[0;37;5;47;107m8[0;37;5;40;100m8[0;1;37;97;47m88[0;1;30;90;47m%[0;1;37;97;47m88[0;35;5;40;100m8[0;1;30;90;44m8[0;1;37;97;47mX8[0;1;30;90;47mS[0;1;37;97;47m8[0;1;30;90;47m%[0;35;44m8888@[0;1;30;90;44m@[0;35;5;40;100m@[0;1;30;90;44m8[0;35;44m@@@@@@@[0;34;40m@[0m
[0;34;40m%[0;35;44m88888[0;34;45m8888888[0;1;30;90;45m@@[0;35;5;40;100m8[0;1;37;97;47mS[0;37;5;47;107m8[0;1;30;90;47m.[0;37;5;47;107m@[0;1;30;90;47mS[0;1;30;90;45m8[0;35;5;40;100mS[0;37;5;47;107mX@[0;1;37;97;47m.[0;37;5;47;107mXX[0;1;30;90;47m8[0;1;37;97;47m%[0;1;30;90;47m [0;37;5;47;107mX[0;1;37;97;47m.[0;35;5;40;100m8[0;1;37;97;47m8[0;37;5;47;107mX@@@@88888[0;1;37;97;47m8[0;34;5;40;100m8[0;1;30;90;47mS[0;37;5;47;107m8[0;1;30;90;47mt[0;1;37;97;47mt[0;35;5;40;100m [0;1;37;97;47m88[0;1;30;90;47m.[0;1;37;97;47mS8[0;35;5;40;100m8[0;35;44m8[0;37;5;40;100m@[0;1;37;97;47m8[0;1;30;90;47m.[0;1;37;97;47mtS[0;1;30;90;44m8[0;35;44m88888@@@@@@@@@[0;34;40mS[0m
 [0;35;44m888888[0;34;45m8888888[0;1;30;90;45m@[0;35;5;40;100m%[0;37;5;47;107m8[0;1;30;90;47m.[0;37;5;47;107m8[0;1;37;97;47m@[0;35;5;40;100m@[0;1;30;90;45m8[0;35;5;40;100mt[0;37;5;47;107m@[0;1;37;97;47m%X[0;37;5;47;107mXX[0;37;5;40;100mX[0;1;30;90;47mt.[0;37;5;47;107mX[0;1;30;90;47m%[0;1;30;90;45m8[0;1;30;90;47m.[0;37;5;47;107m@@@@888888[0;1;30;90;47m.[0;34;45m8[0;1;30;90;47m8[0;37;5;47;107m8[0;1;30;90;47mtX[0;35;5;40;100mS[0;1;37;97;47m88X[0;1;30;90;47m;[0;1;37;97;47m8[0;35;5;40;100mS[0;35;44m8[0;1;30;90;44m8[0;1;37;97;47mt8[0;1;30;90;47mX[0;1;37;97;47m8[0;35;5;40;100m@[0;35;44m8888@@@@@@@@@@[0m 
 [0;35;44mX888888[0;34;45m8888888[0;1;30;90;47m8[0;37;5;47;107m8[0;1;30;90;47m:[0;37;5;47;107m8[0;37;5;40;100m8[0;1;30;90;45m88[0;35;5;40;100m [0;37;5;47;107m@[0;1;30;90;47m.[0;37;5;47;107m8@8[0;35;5;40;100mX[0;37;5;40;100m@[0;1;30;90;47m:[0;37;5;47;107m@[0;1;30;90;47m8[0;1;30;90;45m8[0;1;30;90;47m8[0;37;5;47;107m@888888888[0;37;5;40;100m8[0;34;45m8[0;35;5;40;100m [0;1;37;97;47m8[0;1;30;90;47mt[0;35;5;40;100m [0;1;30;90;44m8[0;1;37;97;47m@88[0;1;30;90;47mX[0;1;37;97;47m8[0;35;5;40;100m:[0;35;44m88[0;35;5;40;100m:[0;1;37;97;47m8[0;1;30;90;47m;[0;1;37;97;47m%[0;37;5;40;100m8[0;35;44m8888@@@@@@@@@S[0m 
 [0;34;40m8[0;35;44m8888888[0;34;45m88888[0;35;5;40;100m8[0;1;37;97;47mX[0;1;30;90;47m:[0;1;37;97;47m8;[0;1;30;90;45m8@8[0;37;5;40;100m8[0;37;5;47;107m8[0;1;30;90;47m:[0;37;5;47;107m88[0;1;37;97;47m.[0;1;30;90;45m8[0;35;5;40;100mX[0;37;5;47;107m88[0;35;5;40;100m.[0;1;30;90;45m8[0;35;5;40;100m;[0;37;5;47;107m8888888888[0;35;5;40;100m%[0;34;45m8[0;35;5;40;100mX[0;1;37;97;47m88[0;34;5;40;100m8[0;35;44m8[0;1;30;90;47m%[0;1;37;97;47m88[0;1;30;90;47mX[0;1;37;97;47m8[0;37;5;40;100m@[0;35;44m88@[0;1;30;90;47m;[0;1;37;97;47m8[0;1;30;90;47mX[0;1;37;97;47mt[0;1;30;90;44m8[0;35;44m88@@@@@@@@@@[0;30;44m8[0m 
  [0;35;44m888888888[0;34;45m888[0;37;5;40;100m8[0;1;37;97;47m8[0;1;30;90;47m:[0;37;5;47;107m8[0;35;5;40;100m;[0;34;45m8[0;1;30;90;45m@@[0;1;30;90;47mS[0;37;5;47;107m8[0;1;30;90;47m:[0;37;5;47;107m88[0;37;5;40;100m@[0;1;30;90;45m88[0;1;30;90;47m.8[0;1;30;90;45m88[0;1;30;90;47m8[0;37;5;47;107m8888888888[0;37;5;40;100m8[0;34;45m8[0;35;44m8[0;35;5;40;100m [0;1;30;90;47m;[0;35;44m88[0;35;5;40;100m;[0;1;37;97;47m88[0;1;30;90;47mX[0;1;37;97;47m8[0;1;30;90;47mX[0;35;44m888[0;35;5;40;100m8[0;1;37;97;47m@[0;1;30;90;47m:[0;1;37;97;47m;[0;37;5;40;100mX[0;35;44m@@@@@@@@@@@@[0;34;40m;[0m 
  [0;1;30;90;44m8[0;35;44m888888888[0;34;45m8[0;35;5;40;100m8[0;1;37;97;47m@[0;1;30;90;47m:[0;1;37;97;47m8[0;1;30;90;47mX[0;34;45m8888[0;1;37;97;47m:[0;37;5;47;107m8[0;1;30;90;47m:[0;37;5;47;107m8[0;1;37;97;47m%[0;35;5;40;100m8[0;1;30;90;45m@@@@@[0;35;5;40;100m [0;1;37;97;47m8[0;37;5;47;107m88[0;1;37;97;47m8[0;37;5;47;107m8888[0;1;37;97;47m8888[0;35;5;40;100m [0;35;44m888888[0;1;37;97;47m 8[0;1;30;90;47m:[0;1;37;97;47mt;[0;35;44m@888[0;37;5;40;100m@[0;1;37;97;47m@[0;1;30;90;47mt[0;1;37;97;47mX[0;34;5;40;100m8[0;35;44m@@@@@@@@@@[0;30;44mS[0m  
  [0;34;40mt[0;35;44m8888888888[0;1;30;90;47mt[0;1;37;97;47m88:[0;35;5;40;100m8[0;34;45m888[0;34;5;40;100m8[0;1;37;97;47m8@@8[0;35;5;40;100m:[0;34;45m8888[0;35;5;40;100m8[0;1;30;90;47m%[0;37;5;47;107m888[0;1;30;90;47m:[0;35;5;40;100mt[0;37;5;47;107m888[0;1;37;97;47m8[0;35;5;40;100m;[0;1;30;90;47mt[0;1;37;97;47m888[0;1;30;90;47m%[0;35;5;40;100m8[0;35;44m8888[0;35;5;40;100m@[0;1;37;97;47m@8;8[0;34;5;40;100m@[0;35;44m888@[0;1;30;90;47m;[0;1;37;97;47m@@[0;1;30;90;47mt[0;35;44m@@@@@@@@@@[0;34;40m%[0m  
   [0;30;44m@[0;35;44m88888888[0;35;5;40;100m:[0;1;37;97;47m88[0;1;30;90;47m.[0;35;5;40;100m8[0;34;45m8888[0;35;5;40;100m%[0;37;5;47;107m88[0;1;37;97;47m8[0;35;5;40;100m [0;34;45m8888[0;35;44m8[0;37;5;40;100m8[0;1;37;97;47m8[0;37;5;47;107m88[0;1;30;90;47m:[0;35;44m8[0;34;5;40;100m8[0;1;37;97;47m8888[0;35;5;40;100m8[0;35;44m8[0;1;30;90;47m%[0;1;37;97;47m888[0;37;5;40;100m8[0;35;44m@8888[0;35;5;40;100m:[0;1;37;97;47m@88[0;35;5;40;100mt[0;35;44m8888[0;1;30;90;44m@[0;1;30;90;47mt[0;1;37;97;47m@@[0;35;5;40;100m.[0;35;44m@@@@@@@@[0;30;44m@[0m   
    [0;35;44m@888888[0;1;30;90;44m@[0;1;37;97;47m:[0;1;30;90;47mt[0;35;5;40;100m;[0;35;44m888888[0;37;5;40;100m@[0;1;37;97;47m8t[0;35;5;40;100mt[0;34;45m88888[0;35;5;40;100m8[0;1;37;97;47m.[0;1;30;90;47mt[0;35;5;40;100m [0;1;30;90;47m:[0;35;5;40;100mS[0;34;45m8[0;35;5;40;100m%[0;1;37;97;47m8888[0;35;5;40;100m:[0;35;44m8[0;35;5;40;100m@[0;1;30;90;47m;[0;35;5;40;100m.[0;1;30;90;47mX[0;1;37;97;47m [0;35;5;40;100m8[0;35;44m88888[0;35;5;40;100m@[0;1;37;97;47m.8[0;37;5;40;100m@[0;35;44m8888@@[0;35;5;40;100mS[0;1;30;90;47mX[0;1;37;97;47m.[0;1;30;90;44m8[0;35;44m@@@@@@X[0m    
    [0;34;40mS[0;35;44m8888888888888888[0;35;5;40;100m:;[0;35;44m888888[0;35;5;40;100mt[0;1;37;97;47mS[0;1;30;90;47mt[0;35;5;40;100m8[0;35;44m8[0;1;30;90;44m@[0;35;44m8[0;35;5;40;100m8[0;1;37;97;47m:8888t[0;35;5;40;100m8[0;35;44m8[0;1;30;90;44m8[0;35;44m88[0;1;30;90;47mS[0;1;37;97;47m%[0;35;5;40;100mS[0;35;44m88888@[0;35;5;40;100mS:[0;35;44m@88@@@@@XX@@@@@X[0;34;40mS[0m    
     [0;34;40m8[0;35;44m8888888888888[0;35;5;40;100m@[0;37;5;40;100m8[0;35;5;40;100m ;8[0;35;44m8888[0;37;5;40;100mX[0;1;37;97;47mX[0;35;5;40;100m [0;35;44m88[0;35;5;40;100mS[0;1;30;90;47m8t[0;1;37;97;47mX888888X[0;1;30;90;47mt[0;37;5;40;100m8[0;35;5;40;100mS[0;35;44m88[0;35;5;40;100m [0;1;37;97;47mX[0;37;5;40;100mX[0;35;44m@88@[0;1;30;90;44m@[0;35;5;40;100m%:[0;37;5;40;100mS[0;34;5;40;100mS[0;35;44m@@@@@@@@@@@@@[0;34;40m8[0m     
      [0;30;44m8[0;35;44m8888888888888[0;34;5;40;100mS[0;37;5;40;100m8[0;35;5;40;100m [0;1;37;97;47mS[0;1;30;90;47m [0;1;30;90;44mX[0;35;44m8[0;1;30;90;47mX[0;1;37;97;47m;[0;35;5;40;100m8[0;35;44m8[0;35;5;40;100m8[0;1;30;90;47mt[0;1;37;97;47m;;.[0;37;5;40;100m88[0;1;37;97;47m8888[0;1;30;90;47m8[0;37;5;40;100m@[0;1;37;97;47m ;:[0;1;30;90;47m;[0;35;5;40;100m8[0;35;44m8[0;35;5;40;100m8[0;1;37;97;47m:[0;1;30;90;47mX[0;35;44m@[0;1;30;90;44m8[0;1;30;90;47m.[0;1;37;97;47m%[0;35;5;40;100m [0;37;5;40;100m@[0;34;5;40;100mX[0;35;44m@@@@@@@@@@@@@[0;30;44m8[0m      
       [0;30;44m@[0;35;44m888888888X[0;35;5;40;100m:[0;1;30;90;47mX[0;1;37;97;47mt[0;1;30;90;47mt[0;37;5;40;100m8@[0;1;37;97;47m8[0;1;30;90;47mt:;[0;1;30;90;44mX[0;35;44m88[0;1;30;90;44m8[0;35;44m88888[0;1;30;90;47m [0;1;37;97;47m8888:[0;1;30;90;44m@[0;35;44m888@[0;1;30;90;44m8[0;35;44m888[0;1;30;90;47m%:%[0;1;37;97;47m@[0;37;5;40;100m@X[0;1;30;90;47mS[0;1;37;97;47m:[0;1;30;90;47m@[0;35;5;40;100m;[0;1;30;90;44m8[0;35;44m@@@@@@@@X[0;30;44m@[0m       
        [0;30;44m8[0;35;44m8888888[0;35;5;40;100m  [0;1;37;97;47m:[0;37;5;40;100m8[0;35;5;40;100mXX;[0;1;37;97;47m.8S[0;1;30;90;47m;X[0;37;5;40;100m8[0;1;30;90;47mt[0;35;5;40;100m .[0;1;30;90;44m8[0;35;44m8[0;1;30;90;44mX[0;35;5;40;100m [0;1;30;90;47mt[0;1;37;97;47m%[0;1;30;90;47m%[0;1;37;97;47m88[0;1;30;90;47m%[0;1;37;97;47mS[0;1;30;90;47mt[0;35;5;40;100m [0;1;30;90;44m@[0;35;44m8[0;1;30;90;44m8[0;35;5;40;100m: [0;1;30;90;47mt[0;37;5;40;100m8[0;1;30;90;47m@t[0;1;37;97;47m%@ [0;35;5;40;100m;@@[0;37;5;40;100m@[0;1;37;97;47m.[0;35;5;40;100m..[0;35;44m@@@@@@X[0;30;44m8[0m        
         [0;34;40m8[0;35;44m888888@8@88[0;35;5;40;100m [0;1;37;97;47m.%[0;35;5;40;100mt[0;35;44m@888@[0;34;5;40;100mS[0;35;5;40;100m@ [0;1;30;90;47m%[0;1;37;97;47mS[0;37;5;40;100m8[0;35;5;40;100mS[0;1;30;90;47m:[0;1;30;90;44m8[0;1;37;97;47m@8[0;34;5;40;100mX[0;1;30;90;47m%[0;35;5;40;100mt[0;37;5;40;100m@[0;1;37;97;47mS[0;1;30;90;47mt[0;35;5;40;100m @[0;34;5;40;100mX[0;1;30;90;44m8[0;35;44m@8@@[0;35;5;40;100m%[0;1;37;97;47m:.[0;35;5;40;100m.[0;35;44m@@X@X@@@@@X[0;34;40m8[0m         
          [0;34;40mS[0;35;44m@88888888[0;37;5;40;100m8[0;1;30;90;47m:8[0;34;5;40;100m8[0;35;44m88@[0;35;5;40;100mX[0;1;30;90;47m8[0;1;37;97;47m.88t[0;1;30;90;47m8[0;34;5;40;100m8[0;1;30;90;44m8[0;1;37;97;47m.[0;35;5;40;100m@[0;35;44m@[0;1;30;90;47m [0;1;37;97;47m;[0;35;44mX[0;35;5;40;100m8[0;1;37;97;47m:[0;1;30;90;44m8@[0;37;5;40;100m@[0;1;37;97;47m;@@ [0;1;30;90;47m8[0;35;5;40;100mX[0;35;44m@@@[0;1;30;90;44m8[0;37;5;40;100m@[0;1;30;90;47m;[0;37;5;40;100mX[0;35;44mX@@@@@@XX[0;34;40mX[0m          
            [0;35;44mX888888@[0;34;5;40;100m@[0;35;44m@888[0;35;5;40;100mS[0;1;30;90;47m. X[0;37;5;40;100m@[0;35;5;40;100m;@[0;35;44m@@[0;35;5;40;100m [0;1;37;97;47m;[0;37;5;40;100m8[0;35;44m@@[0;1;30;90;47m%:[0;35;44m@@[0;35;5;40;100m [0;1;37;97;47m;[0;35;5;40;100m [0;35;44m@@[0;35;5;40;100m8;[0;37;5;40;100mX[0;1;30;90;47m8:.[0;35;5;40;100mS[0;35;44m@@@X[0;1;30;90;44m8[0;35;44mX@@@@XXS[0m            
             [0;30;44m8[0;35;44m@@88888888[0;1;30;90;44m8[0;35;5;40;100m@[0;35;44m@@8888[0;35;5;40;100m8[0;1;37;97;47m.@[0;1;30;90;47mS[0;35;44m@8@[0;1;30;90;47mt.[0;35;44mX8@[0;1;30;90;47m@[0;1;37;97;47m@:[0;35;5;40;100m8[0;35;44m@@@@@X[0;35;5;40;100m8[0;1;30;90;44m8[0;35;44m@@@@@@@@XX[0;30;44m8[0m             
              [0;34;40mt[0;35;44mX@@@@@@@88888888[0;1;30;90;44m8[0;1;37;97;47m;@[0;37;5;40;100m8[0;35;44m@@@[0;1;30;90;44m8[0;1;37;97;47m%S[0;1;30;90;44m8[0;35;44m@@@[0;37;5;40;100mX[0;1;37;97;47mXt[0;1;30;90;44m8[0;35;44m@@@@@@@@@@@@@XXS[0;34;40mt[0m              
                [0;34;40m@[0;35;44mX@@@@@@@@@@@@@[0;35;5;40;100m8[0;1;37;97;47m:[0;35;5;40;100mX[0;35;44m@@@@[0;35;5;40;100m [0;1;37;97;47mXX[0;35;5;40;100m [0;35;44m@@@@[0;35;5;40;100m8[0;1;37;97;47m [0;35;5;40;100mS[0;35;44m@@@@@@@@@@XXXX[0;34;40m@[0m                
                  [0;30;44m8[0;35;44m@@@@@@@@@@@@[0;1;30;90;44m88[0;35;44m@@@@[0;34;5;40;100m@[0;1;37;97;47m;XX%[0;34;5;40;100m@[0;35;44m@@@@[0;1;30;90;44m8[0;34;5;40;100m@[0;35;44m@@@@@@@@XXXX[0;30;44m8[0m                  
                    [0;30;44m8[0;35;44m@@@@@@@@@@@@@@@X[0;35;5;40;100mX[0;37;5;40;100mX[0;1;37;97;47mXX[0;37;5;40;100m8[0;35;5;40;100mX[0;35;44mS@@@@@@@@@@XXXXX[0;30;44m8[0m                    
                      [0;34;40m8[0;35;44mX@@@@@@@@@@@@@@X[0;1;30;90;47m:[0;1;37;97;47m [0;1;30;90;44m8[0;35;44m@@@@@@@@XXXXXXX[0;30;44m8[0m                      
                        [0;34;40m8[0;35;44mX@@@@@@@@@@@@@[0;35;5;40;100mXS[0;35;44m@@@@@XXXXXXXXS[0;34;40m8[0m                        
                          [0;34;40m%[0;30;44m@[0;35;44m@@@@@@@@@@@XXXXXXXXXXXXX[0;30;44mX[0;34;40mS[0m                          
                             [0;34;40m8[0;1;30;90;44m@[0;35;44mXXXXXXXXXXXXXXXXXXS[0;34;40m8[0m                             
                                [0;34;40m8[0;35;44mSXXXXXXXXXXXXS[0;34;40m8[0m                                
                                   [0;34;40m@[0;30;44mX[0;35;44mXXXXXX[0;30;44mX[0;34;40m8[0m                                   
                                      [0;34;40m%88S[0m                                      
