[0;34;40m8[0;1;30;90;46m:::::::::::::::;;;;;;;;;;;;;;;;;;;;;;;;;;;::::::::::::::::::::............    [0;34;40m8[0m
[0;1;30;90;46m...:::::[0;1;36;96;46mSSSSSSSSS[0;1;30;90;46m%t[0;1;36;96;46mSSSSSS[0;1;30;90;46m%%[0;1;36;96;46mSSSSSSSSSSSSSSSSSSSSSSSS[0;1;30;90;46m:::::...........             [0m
[0;1;30;90;46m.:::::[0;1;36;96;46mSSSSSSSSSS[0;1;30;90;46mt[0;30;5;40;100m8[0;36;5;40;100m8[0;1;36;96;46mSSSSS[0;1;30;90;46m@[0;1;30;90;40m@[0;1;30;90;46mX[0;1;36;96;46mXXXXXSSSSSSSSSSSSSSSSSSSSS[0;1;30;90;46m::::............           [0m
[0;1;30;90;46m::::[0;1;36;96;46mSSSSSSSSSSSS[0;1;30;90;46m@[0;1;30;90;40mX[0;30;5;40;100mX[0;1;36;96;46mSXX[0;1;30;90;46mX[0;30;5;40;100mS[0;1;30;90;40mSS[0;1;30;90;46m@[0;1;36;96;46mXXXXXXXXXXXXSSSSSSSSSSSSSSSS[0;1;30;90;46m::::...........          [0m
[0;1;30;90;46m::[0;1;36;96;46mSSSSSSSSSSSSSS[0;1;30;90;46mX[0;30;5;40;100mS[0;36;5;40;100m8[0;1;36;96;46mXXX[0;1;30;90;46mX[0;36;5;40;100m8[0;1;30;90;40m8[0;36;5;40;100m8[0;1;30;90;46m8[0;1;36;96;46mXXXX[0;1;30;90;46mXX[0;1;36;96;46mXXXXXXXXXSSSSSSSSSSSSSS[0;1;30;90;46m::::..........          [0m
[0;1;30;90;46m:[0;1;36;96;46mSSSSSSSSSSSSSX[0;1;30;90;46m%[0;36;5;40;100m8[0;30;5;40;100m@[0;1;30;90;46mS[0;1;36;96;46mXXX[0;1;30;90;46m@[0;1;30;90;40m@[0;1;30;90;46m8[0;1;36;96;46mXXXX[0;1;30;90;46m@[0;36;5;40;100m8[0;30;5;40;100m8[0;1;30;90;46m@[0;1;36;96;46mXXXXXXXXXXXXSSSSSSSSSSSSS[0;1;30;90;46m:::..........         [0m
[0;1;30;90;46m:[0;1;36;96;46mSSSSSSSSSSSXX[0;1;30;90;46mX[0;30;5;40;100m@@[0;1;30;90;46mX[0;1;36;96;46mXXXX[0;36;5;40;100m88[0;1;36;96;46mX@@@[0;1;30;90;46m8[0;30;5;40;100m@[0;1;30;90;40m8[0;1;30;90;46m8[0;1;36;96;46m@@[0;1;30;90;46mX@XX[0;36;42m88[0;1;30;90;46mS[0;1;36;96;46mXXXXXXSSSSSSSSSSSS[0;1;30;90;46m:::..........       .[0m
[0;1;30;90;46m:[0;1;36;96;46mSSSSSSSSSXXX[0;1;30;90;46mX[0;1;30;90;40m8[0;30;5;40;100mS[0;1;30;90;46mX[0;1;36;96;46mXX@@[0;1;30;90;46m8[0;1;30;90;40m8[0;1;30;90;46m8[0;1;36;96;46m@@@X[0;30;5;40;100m@[0;1;30;90;46m88[0;1;36;96;46m@@@[0;36;42m@[0;1;30;90;42m@[0;1;30;90;47m8[0;1;37;97;47mX[0;32;5;40;100mX[0;1;30;90;42m@@@[0;32;46m@[0;1;30;90;46mS[0;1;36;96;46mXXX[0;1;30;90;46m%%t[0;1;36;96;46mS[0;1;30;90;46mt[0;1;36;96;46mSSSSSSSS[0;1;30;90;46m:::..........      .[0m
[0;1;30;90;46m:[0;1;36;96;46mSSSSSSSSXXXX[0;36;5;40;100m8[0;1;30;90;40mX[0;1;30;90;46m8[0;1;36;96;46mX@@@[0;1;30;90;46m8[0;30;5;40;100m8[0;1;30;90;46m8[0;1;36;96;46m@@@@[0;1;30;90;46m8[0;30;5;40;100m8[0;1;30;90;46m8[0;1;36;96;46m8@@[0;1;30;90;46m8[0;36;5;40;100m [0;1;37;97;47m [0;37;5;47;107m%;[0;1;37;97;47m@[0;37;5;40;100m;[0;1;30;90;42m8@X[0;36;42m@[0;1;30;90;46mS[0;1;36;96;46mX[0;1;30;90;46mS[0;36;42m88X[0;1;30;90;46m%t[0;1;36;96;46mSSSSSSSSS[0;1;30;90;46m:::.........      .[0m
[0;1;30;90;46m:[0;1;36;96;46mSSSSSSSXXXXX[0;1;30;90;46m8[0;1;30;90;40m@[0;36;5;40;100m8[0;1;36;96;46mX@@@[0;36;5;40;100m@@[0;1;36;96;46m@8888[0;36;5;40;100m@[0;30;5;40;100mX[0;1;36;96;46m8888[0;36;42m8[0;1;30;90;47m8[0;1;37;97;47mS[0;37;5;47;107mt:[0;1;37;97;47mX[0;37;5;47;107mt@[0;32;5;40;100m%[0;1;30;90;42m@@X[0;36;42mX[0;1;30;90;42mX[0;1;30;90;46mSS[0;32;46m8@[0;1;30;90;46m%t[0;1;36;96;46mSSSSSSSS[0;1;30;90;46m:::..........     .[0m
[0;1;30;90;46m:[0;1;36;96;46mSSSSSSXXXXXXX[0;1;30;90;46m8[0;1;30;90;40m8[0;30;5;40;100mX[0;1;30;90;46m888[0;30;5;40;100m8[0;1;30;90;46m8[0;1;36;96;46m8888[0;37;46mX[0;30;5;40;100mS[0;36;5;40;100mS[0;1;36;96;46m8888X[0;36;47m8[0;37;5;47;107m:;;.::[0;1;30;90;47m@[0;1;30;90;42m@[0;36;42m8[0;1;30;90;46m@[0;1;30;90;42mX[0;36;42mX[0;1;30;90;46mS[0;1;36;96;46mXX[0;1;30;90;46m%%[0;1;36;96;46mSSSSSSSSSS[0;1;30;90;46m:::.........     .[0m
[0;1;30;90;46m:[0;1;36;96;46mSSSSSXXXXXX@@@[0;1;30;90;46m8[0;36;5;40;100m8[0;30;5;40;100m8[0;1;30;90;40m8[0;30;5;40;100m8@[0;1;30;90;46m8888[0;36;5;40;100mXS[0;30;5;40;100mS[0;1;30;90;46m8[0;1;36;96;46m888888[0;1;37;97;47m%[0;37;5;47;107m.:;[0;1;37;97;47m;[0;1;30;90;47m8[0;36;5;40;100m;[0;1;30;90;42m8[0;36;42mX[0;1;30;90;46m@X[0;1;36;96;46mXXXXXXSSSSSSSSSSS[0;1;30;90;46m::..........    .[0m
[0;1;30;90;46m:[0;1;36;96;46mSSSSSXXXXXX@@@@[0;37;46m@[0;1;37;97;47m:[0;36;5;40;100m [0;30;5;40;100m8@[0;36;5;40;100mXSSSS[0;1;30;90;46m8[0;37;46m@[0;1;36;96;46m888888[0;1;30;90;46m88[0;1;30;90;47m8%@[0;37;5;47;107m%:[0;1;37;97;47m:[0;32;46m8[0;1;30;90;46m8[0;1;36;96;46m@@@XXXXXXSSSSSSSSSS[0;1;30;90;46m:::.........    .[0m
[0;1;30;90;46m:[0;1;36;96;46mSSSSXXXXXX@@@@[0;36;47m8[0;37;5;47;107mS[0;1;37;97;47m%[0;37;5;40;100m8[0;36;5;40;100m;[0;1;30;90;46m8[0;1;36;96;46m8888888888[0;36;47m8[0;1;36;96;47mXX[0;37;5;40;100m%[0;1;30;90;47m8[0;1;37;97;47mS[0;37;5;47;107m8 ..;[0;1;37;97;47m8[0;36;47m@[0;1;36;96;46m@@@@XXXXXXSSSSSSSSS[0;1;30;90;46m:::.........    .[0m
[0;1;30;90;46m:[0;1;36;96;46mSSSSXXXXX@@@@[0;37;46m@[0;37;5;47;107mSt[0;1;37;97;47m88@[0;36;47m8[0;1;36;96;46m88888[0;37;46m@@[0;1;36;96;47mS[0;1;37;97;47m8[0;37;5;47;107m%.. .S.   ...:t[0;1;37;97;47m8[0;36;47m8[0;1;36;96;46m@XXXXXXSSSSSSSSSS[0;1;30;90;46m:::.........   .[0m
[0;1;30;90;46m:[0;1;36;96;46mSSSXXXXXX@@@@[0;1;36;96;47mX[0;37;5;47;107mX[0;36;5;40;100m [0;30;5;40;100m@[0;1;30;90;46m8[0;36;47m8[0;1;36;96;46m88888[0;36;47m8[0;1;36;96;47mS[0;1;37;97;47m8[0;37;5;47;107m:           ....::;[0;1;37;97;47m8[0;37;46mX[0;1;36;96;46mXXXXXSSSSSSSSSS[0;1;30;90;46m:::.........   .[0m
[0;1;30;90;46m:[0;1;36;96;46mSSSXXXXXX@@@@@[0;36;5;40;100m.[0;30;5;40;100m8[0;1;30;90;47m8[0;37;5;47;107mt[0;1;37;97;47m8[0;36;47m8[0;1;36;96;46m888[0;36;47m8[0;1;36;96;47mX[0;37;5;47;107mX.             ...:::;X[0;37;46mX[0;1;36;96;46mXXXXSSSSSSSSSS[0;1;30;90;46m:::.........   .[0m
[0;1;30;90;46m:[0;1;36;96;46mSSSXXXXXX@@@@[0;1;30;90;46m8[0;30;5;40;100m8S[0;1;37;97;47m8[0;37;5;47;107m. ;[0;1;37;97;47m8[0;1;36;96;47m@S[0;1;37;97;47m8[0;37;5;47;107m;               ...::::;X[0;37;46mX[0;1;36;96;46mXXXSSSSSSS[0;1;30;90;46m:[0;1;36;96;46mSS[0;1;30;90;46m:::.........   .[0m
[0;1;30;90;46m:[0;1;36;96;46mSSSXXXXXX@@@X[0;36;5;40;100m@[0;30;5;40;100m8[0;1;30;90;46m8[0;1;36;96;46m8[0;1;37;97;47m8[0;37;5;47;107m.  ...   .@:          ...:;::;;@[0;1;36;96;46mXXXSSSSSS[0;1;30;90;46m:[0;32;46m8[0;1;36;96;46mSS[0;1;30;90;46m:::.........   .[0m
[0;1;30;90;46m:[0;1;36;96;46mSSSSXXXXX@@@[0;36;5;40;100m8[0;1;30;90;40m8[0;36;5;40;100mX[0;1;36;96;46m888[0;1;36;96;47m@[0;37;5;47;107mt.  ...t[0;1;36;96;47mSS[0;37;5;47;107m....      ....:[0;1;37;97;47m8[0;37;5;47;107mS;;;t[0;1;37;97;47m8[0;1;36;96;46mXXSSSSSS[0;1;30;90;46m;[0;36;42m;[0;1;30;90;46m:[0;1;36;96;46mS[0;1;30;90;46m:::.........   .[0m
[0;1;30;90;46m:[0;1;36;96;46mSSSSXXXXXX@[0;1;30;90;46m8[0;1;30;90;40m8[0;30;5;40;100mX[0;37;46mS[0;1;36;96;46m8888[0;37;46m@[0;1;37;97;47m8[0;37;5;47;107m;:tX[0;1;37;97;47m8[0;36;47m8[0;37;46m@[0;36;47m8[0;37;5;47;107mt....   .:::::%[0;37;46m8[0;1;36;96;46m@[0;1;37;97;47m@[0;37;5;47;107mXt;t[0;1;37;97;47m@[0;1;36;96;46mXSSSSS[0;1;30;90;46m;[0;36;42m%[0;1;30;90;42m:[0;1;30;90;46m:[0;1;36;96;46mS[0;1;30;90;46m::.........    .[0m
[0;1;30;90;46m:[0;1;36;96;46mSSSSXXXXXXX[0;36;5;40;100m8[0;1;30;90;40m8[0;1;30;90;46m8[0;1;36;96;46m@88888888888888[0;1;37;97;47m8[0;37;5;47;107m        ...:;[0;1;36;96;47mS[0;1;36;96;46m@@[0;37;46m@[0;37;5;47;107m@t;;%[0;37;46mS[0;1;36;96;46mSSSSS[0;32;46m%[0;1;30;90;42m;[0;1;32;92;42m:[0;36;42m8[0;1;30;90;46m:::.........    .[0m
[0;30;5;40;100mS[0;1;36;96;46mSSSSSXXXXX[0;1;30;90;46m8[0;1;30;90;40m@[0;36;5;40;100m8[0;1;36;96;46m@@@8888888888888[0;1;37;97;47m8[0;37;5;47;107m.     ....:;8[0;1;36;96;46m@@[0;37;46mX[0;37;5;47;107mXt;;S[0;1;36;96;47mS[0;1;36;96;46mSSSSS[0;1;30;90;46m;[0;36;42m;[0;1;32;92;42m:t[0;1;30;90;42m:[0;32;46m%[0;1;30;90;46m::.........    [0;30;5;40;100mS[0m
[0;34;40mS[0;1;36;96;46mSSSSSXXXX[0;1;30;90;46m@[0;1;30;90;40m88[0;1;30;90;46m8[0;1;36;96;46m@@@@@88888888888[0;1;37;97;47m8[0;37;5;47;107m.  ......::t[0;1;36;96;47mS[0;1;36;96;46m@@[0;1;37;97;47m8[0;37;5;47;107mt;t@[0;37;46m8[0;1;36;96;46mSSSSS[0;1;30;90;46m;[0;36;42mX[0;1;30;90;42m;[0;1;32;92;42m%S;[0;36;42m:[0;1;30;90;46m:..........    [0;34;40mX[0m
 [0;1;30;90;46m;[0;1;36;96;46mSSSSSXXS[0;30;5;40;100mS[0;1;30;90;40mX[0;1;30;90;46m8[0;1;36;96;46mX@@@@@@8888888888[0;37;5;47;107mS.......::;;t[0;37;46mS[0;1;36;96;46m@[0;1;37;97;47m8[0;37;5;47;107mt;%[0;1;37;97;47mX[0;1;36;96;46mXSSSSSS[0;32;46m@[0;1;30;90;42m;[0;1;32;92;42m;X8;[0;1;30;90;42m:[0;32;46mX[0;1;30;90;46m.........     [0m 
 [0;1;30;90;46m:[0;1;36;96;46mSSSSSSX[0;1;30;90;46m8[0;1;30;90;40mS[0;36;5;40;100m8[0;1;36;96;46mXXX@@@@@@@@888888[0;1;30;90;46m8[0;37;5;47;107m;....:::::t%X[0;1;37;97;47m8[0;37;5;47;107mS;%[0;1;37;97;47m@[0;37;46mS[0;1;36;96;46mXSSSSSS[0;1;30;90;46m;[0;1;30;90;42m;[0;1;32;92;42m:%88;[0;1;30;90;42m:[0;32;46m@[0;1;30;90;46m.........     [0m 
 [0;1;30;90;46m:[0;1;36;96;46mSSSSSS[0;1;30;90;46mS[0;1;30;90;40mXX[0;1;30;90;46mX[0;1;36;96;46mXXXXX@@@@@@@@@@@[0;1;30;90;46m8[0;1;30;90;42m8[0;1;30;90;47m8[0;37;5;47;107m;::::::%%XXt;X[0;1;36;96;47mS[0;1;36;96;46mXXXSSSSSS[0;1;30;90;46m;[0;1;30;90;42m;:[0;1;32;92;42mt@[0;32;5;42;102m8[0;1;32;92;42m@:[0;1;30;90;42m:[0;32;46m8[0;1;30;90;46m........     .[0m 
  [0;1;30;90;46m:[0;1;36;96;46mSSSSS[0;30;5;40;100mS[0;34;40m;[0;1;30;90;46m8[0;1;36;96;46mXXXXXXXXX@@@@@@@@[0;36;42m@[0;1;30;90;42m88[0;36;5;40;100m [0;1;37;97;47mt[0;37;5;47;107mt;;;t@8@88[0;1;36;96;47mS[0;1;36;96;46mXXXXSSSSSS[0;1;30;90;46m;[0;36;42m;[0;1;30;90;42m:[0;1;32;92;42mt8[0;32;5;42;102m8[0;1;32;92;42m8S;:.[0;1;30;90;42m:[0;36;42mX[0;1;30;90;46m:.....     [0;34;40mt[0m 
  [0;1;30;90;46m:[0;1;36;96;46mSSSS[0;1;30;90;46mX[0;34;40m;[0;30;5;40;100m@[0;1;30;90;46mt[0;1;36;96;46mSSXXXXXXXXXXX@@@[0;1;30;90;46mX[0;1;32;92;42m@[0;1;30;90;42m@@[0;1;32;92;42m8[0;1;30;90;42m@8[0;37;5;40;100m;[0;1;30;90;47m888888[0;36;5;40;100m:[0;36;42m8[0;1;36;96;46mXXXSSSSSSSS[0;32;46mX[0;1;30;90;42m:[0;1;32;92;42mt8[0;32;5;42;102m8[0;1;32;92;42m88888@%:[0;1;30;90;42m:[0;1;30;90;46m....     .[0m  
  [0;34;40m%[0;1;30;90;46m:[0;1;36;96;46mSS[0;1;30;90;46mt[0;1;30;90;40mX[0;34;40m;[0;1;30;90;46m%[0;1;36;96;46mSSSSSXXXXXXXXXXXX[0;32;46m@[0;1;30;90;42mX[0;1;32;92;42m@[0;1;30;90;42mXX[0;1;32;92;42mS%%%%X[0;1;30;90;42mSS[0;1;32;92;42m@[0;1;30;90;42m%[0;1;30;90;46m%[0;1;36;96;46mXSSSSSSSSSS[0;32;46m8[0;1;30;90;42m:[0;1;32;92;42mt@@@888888%[0;1;30;90;42m.[0;36;42m%[0;1;30;90;46m..      [0;34;40mS[0m  
   [0;1;30;90;46m:[0;1;36;96;46mSS[0;36;5;40;100m8[0;34;40m:[0;1;30;90;46mX[0;1;36;96;46mSSSSSSSSXXXXXXXXXX[0;36;42m@[0;1;32;92;42m%X[0;1;30;90;42mSS[0;1;32;92;42m@[0;1;30;90;42mSS[0;1;32;92;42m@[0;1;30;90;42mSS[0;1;32;92;42m@[0;1;30;90;42m%%[0;1;32;92;42m%[0;1;30;90;46mt[0;1;36;96;46mSSSSSSSSSSS[0;32;46m8[0;1;32;92;42mt%ttt::::;%%.[0;1;30;90;42m.[0;1;30;90;46m.      .[0m   
    [0;1;30;90;46m::%[0;36;5;40;100m8[0;1;30;90;46m;[0;1;36;96;46mSSSSSSSSSSSSXXXXXX[0;1;32;92;42mX[0;1;30;90;42m%%[0;1;32;92;42m@t[0;1;30;90;42m%[0;1;32;92;42mS%t%tS[0;1;30;90;42m%t[0;36;42mX[0;1;36;96;46mSSSSSSSSSSSS[0;32;46mt[0;1;30;90;42m:[0;1;32;92;42mt%;[0;36;42m8[0;1;30;90;46m:.::[0;32;46m8[0;36;42m;[0;1;32;92;42m:.[0;1;30;90;42m.[0;1;30;90;46m       [0m    
    [0;34;40mX[0;1;30;90;46m:[0;1;36;96;46mSSSSSSSSSSSSSSSSSSSSS[0;1;32;92;42mS[0;1;30;90;42m%[0;1;32;92;42m%S[0;1;30;90;42m%[0;1;32;92;42m;X[0;1;30;90;42m%t[0;1;32;92;42m@[0;1;30;90;42mtt[0;1;32;92;42mX;[0;1;30;90;46mt[0;1;36;96;46mSSSSSSSSSSS[0;1;30;90;46m::[0;1;30;90;42m:[0;1;32;92;42mt%[0;36;42m8[0;1;30;90;46m.......[0;32;46m8[0;1;30;90;42m..[0;1;30;90;46m.     [0;34;40mX[0m    
     [0;1;30;90;46m.::[0;1;36;96;46mSSSSSSSSSSSSSSSSSSS[0;36;42m%[0;1;32;92;42mX[0;1;30;90;42mtt[0;1;32;92;42mX[0;36;42m;[0;1;30;90;42mt[0;1;32;92;42mSt[0;1;30;90;42mt[0;1;32;92;42m%t[0;1;30;90;42m;[0;36;42m8[0;1;36;96;46mSSSSSSSSSS[0;1;30;90;46m::::[0;36;42m@[0;1;32;92;42m:.[0;1;30;90;46m:........[0;32;46m8[0;1;30;90;42m.[0;32;46m@[0;1;30;90;46m    .[0m     
      [0;1;30;90;46m:::::[0;1;36;96;46mSSSSSSSSSSSSSSSS[0;36;42mX[0;1;32;92;42m%;;%t;%t[0;1;30;90;42m;[0;1;32;92;42m%t[0;1;30;90;42m;[0;1;30;90;46m:[0;1;36;96;46mSSSSSSS[0;1;30;90;46m:::::..:[0;1;30;90;42m:[0;1;32;92;42m:[0;32;46m8[0;1;30;90;46m.......  [0;36;42m8%[0;1;30;90;46m   .[0m      
       [0;1;30;90;46m::::::[0;1;36;96;46mSSSSSSSSSSSSSS[0;32;46m8[0;1;30;90;42m;[0;1;32;92;42m;S[0;1;30;90;42m;;[0;1;32;92;42mX[0;1;30;90;42m;;[0;1;32;92;42m@[0;1;30;90;42m;:[0;36;42m@[0;1;36;96;46mSSSSS[0;1;30;90;46m::::::.....[0;1;32;92;42mt[0;1;30;90;42m:[0;36;42mt[0;1;30;90;46m.....     [0;32;46mt[0;1;30;90;46m  .[0m       
        [0;1;30;90;46m:.:::::::[0;1;36;96;46mSSSSSSSSSS[0;1;30;90;46m;[0;1;32;92;42m;t;;tt;;t;;[0;32;46m@[0;1;36;96;46mS[0;1;30;90;46m::::::::.......[0;1;32;92;42m%[0;1;30;90;42m.[0;1;32;92;42m:[0;1;30;90;46m....        .[0m        
         [0;1;30;90;46m....:::::::::::[0;1;36;96;46mSSS[0;1;30;90;46m:[0;1;32;92;42m%[0;1;30;90;42m::[0;1;32;92;42mS[0;1;30;90;42m::[0;1;32;92;42mS[0;1;30;90;42m::[0;1;32;92;42m%;[0;32;46mX[0;1;30;90;46m:::::...........[0;36;42m:[0;1;32;92;42mS[0;1;30;90;42m.[0;1;30;90;46m..         .[0m         
          [0;34;40m@[0;1;30;90;46m......:::::::::::[0;32;46mX[0;1;32;92;42m;;;tt;;%::[0;36;42m@[0;1;30;90;46m:...............[0;1;32;92;42m:t[0;1;30;90;42m.[0;1;30;90;46m.         [0;34;40m@[0m          
            [0;1;30;90;46m:............::::[0;36;42m%[0;1;32;92;42mX[0;1;30;90;42m::[0;1;32;92;42mS:[0;1;30;90;42m:[0;1;32;92;42m%;;;[0;1;30;90;46m...............[0;36;42mX[0;1;30;90;42m.[0;1;32;92;42m.t[0;1;30;90;46m        .[0m            
             [0;1;30;90;46m.................[0;1;32;92;42m;;%[0;1;30;90;42m:[0;1;32;92;42m.S[0;1;30;90;42m::[0;1;32;92;42mt;t[0;1;30;90;46m.............[0;32;46m8[0;1;32;92;42mt:;[0;36;42mS[0;1;30;90;46m        [0m             
              [0;34;40m%[0;1;30;90;46m:..............:[0;36;42m;[0;1;32;92;42mt;[0;1;30;90;42m:[0;1;32;92;42mt:;%[0;1;30;90;42m.[0;1;32;92;42m.;[0;32;46m@[0;1;30;90;46m..........[0;36;42mS[0;1;32;92;42m:t[0;30;42m.[0;1;30;90;42m.[0;32;46mt[0;1;30;90;46m      [0;34;40m%[0m              
                [0;34;40m8[0;1;30;90;46m...............[0;36;42m%[0;1;30;90;42m.[0;1;32;92;42m:S.[0;1;30;90;42m.[0;1;32;92;42mt:S:;t[0;36;42mS[0;32;46m8XSS@[0;36;42m8t[0;1;32;92;42mt..t.[0;32;46m8[0;1;30;90;46m     [0;34;40m8[0m                
                  [0;1;30;90;46m...............[0;32;46m8[0;1;30;90;42m.[0;1;32;92;42mt[0;1;30;90;42m.[0;1;32;92;42mt;.%[0;1;30;90;42m..[0;1;32;92;42mt[0;1;30;90;42m..[0;1;32;92;42m%:.::;[0;1;30;90;42m.[0;30;42m.[0;1;32;92;42mt[0;30;42m.[0;32;46m@[0;1;30;90;46m     [0m                  
                    [0;1;30;90;46m. .............[0;36;42m8.[0;1;30;90;42m.[0;1;32;92;42m;[0;1;30;90;42m.[0;1;32;92;42m.t.:t.[0;1;30;90;42m.[0;1;32;92;42m;;:..;;[0;36;42mt[0;1;30;90;46m     [0m                    
                      [0;1;30;90;46m.              [0;32;46m@[0;36;42mS[0;1;32;92;42m:.;;.:;;.[0;30;42m.[0;1;32;92;42m ;:[0;36;42m@[0;1;30;90;46m     [0m                      
                        [0;1;30;90;46m.                [0;32;46mX8[0;36;42m8@@@8[0;32;46m8S[0;1;30;90;46m      [0m                        
                          [0;34;40mX[0;1;30;90;46m.                         [0;34;40mX[0m                          
                             [0;1;30;90;46m..                    [0m                             
                                [0;1;30;90;46m                [0m                                
                                   [0;1;30;90;46m          [0m                                   
                                      [0;34;40mX[0;1;30;90;46m  [0;34;40mX[0m                                      
