[0;36;5;40;100m [0;1;30;90;47m....      @[0;34;40m.......::::[0;36;5;40;100m [0;1;37;97;47m                        [0;1;30;90;47m      ..[0;37;5;40;100mX[0;34;40m.........  [0;37;5;40;100m8[0;1;30;90;47m:::;;;;;;;[0;36;5;40;100m [0m
[0;37;5;40;100m@[0;37;5;47;107m%%%%%%tttt[0;1;37;97;47mS[0;34;40m::::::::;;;[0;1;30;90;47mS[0;37;5;47;107mtttttttttttttttttttttttttttt%%%%[0;1;30;90;47m;[0;34;40m...........[0;1;30;90;47m [0;37;5;47;107mXX@@@@@@@@[0;37;5;40;100m8[0m
[0;37;5;40;100m@[0;37;5;47;107m%%%%tttttt[0;1;37;97;47mS[0;34;40m::::;;;;;;;[0;1;30;90;47m%[0;37;5;47;107mtttttttttttttttttttttttttttttt%%[0;1;30;90;47m;[0;34;40m...........[0;1;30;90;47m [0;37;5;47;107mXXX@@@@@@@[0;37;5;40;100m8[0m
[0;37;5;40;100m@[0;37;5;47;107m%%tttttttt[0;1;37;97;47mS[0;34;40m:;;;;;;;;;[0;1;30;90;40m%[0;1;30;90;47m%[0;37;5;47;107m;;;;;;;;;;;;ttttttttttttttttttt%[0;1;30;90;47m:[0;34;40m...........[0;1;30;90;47m [0;37;5;47;107mXXXX@@@@@@[0;37;5;40;100m8[0m
[0;37;5;40;100m@[0;37;5;47;107m%ttttttttt[0;1;37;97;47mX[0;34;40m;;;;;;[0;1;30;90;40m%SSSS[0;1;30;90;47mt[0;37;5;47;107m;;;;;;;;;;;;;;;;;ttttttttttttttt[0;1;30;90;47m:[0;34;40m...........[0;1;30;90;47m [0;37;5;47;107mSXXXX@@@@@[0;37;5;40;100m8[0m
[0;37;5;40;100m@[0;37;5;47;107mtttttttttt[0;1;37;97;47mX[0;34;40m;;;[0;1;30;90;40m%SSSSSXX[0;1;30;90;47mt[0;37;5;47;107m;;;;;;;;;;;;;;;;;;;ttttttttttttt[0;1;30;90;47m:[0;34;40m:..........[0;1;37;97;47m [0;37;5;47;107mSSXXXX@@@@[0;37;5;40;100m8[0m
[0;37;5;40;100m8[0;37;5;47;107mtttttttttt[0;1;37;97;47mX[0;34;40m;[0;1;30;90;40m%SSSSXXXX@[0;1;30;90;47m;[0;37;5;47;107m;;:::::::;;;;;;;;;;;;;tttttttttt[0;1;30;90;47m:[0;34;40m::.........[0;1;37;97;47m [0;37;5;47;107mSSXXXXX@@@[0;37;5;40;100m8[0m
[0;37;5;40;100m8[0;37;5;47;107mtttttttttt[0;1;37;97;47mX[0;1;30;90;40mSSSXXXX@@@@[0;1;30;90;47m;[0;37;5;47;107m::::%[0;1;37;97;47m8[0;37;5;47;107m%[0;1;37;97;47m [0;1;30;90;47m;[0;37;5;47;107m;::::;;;;;;;;8[0;1;37;97;47m.8[0;37;5;47;107mttttttt[0;1;30;90;47m:[0;34;40m:::........[0;1;37;97;47m [0;37;5;47;107mSSSXXXX@@@[0;37;5;40;100m8[0m
[0;37;5;40;100m8[0;37;5;47;107mttttttttt;[0;1;37;97;47mX[0;1;30;90;40mSSXXX@@@888[0;1;30;90;47m:[0;37;5;47;107m:::t[0;1;37;97;47m;[0;33;5;40;100m.[0;1;31;91;41m@[0;33;5;40;100m [0;1;30;90;41m8[0;33;5;40;100m:[0;1;37;97;47m8[0;37;5;47;107m::;[0;1;37;97;47m8@t[0;1;30;90;47mt[0;33;5;40;100m [0;1;30;90;41m8[0;1;31;91;41mXX@[0;1;30;90;41m8[0;33;5;40;100m:[0;1;30;90;47m8[0;1;37;97;47m [0;37;5;47;107mttttt[0;1;30;90;47m:[0;34;40m::::.......[0;1;37;97;47m [0;37;5;47;107mSSSSXXXX@@[0;37;5;40;100m8[0m
[0;37;5;40;100m8[0;37;5;47;107mtttttttt;;[0;1;37;97;47m@[0;1;30;90;40mXXX@@@88888[0;1;30;90;47m:[0;37;5;47;107m..[0;1;37;97;47m%[0;1;30;90;47m8[0;1;30;90;41m8[0;1;31;91;41m8[0;1;30;90;41m88[0;1;31;91;41m88[0;1;37;97;47m@[0;37;5;47;107m.:[0;1;30;90;47m;[0;1;30;90;41m8[0;31;5;41;101m8@8[0;1;30;90;41m8[0;31;5;40;100m8@[0;1;31;91;41mS[0;31;5;41;101m8[0;1;31;91;41mt[0;1;30;90;41mS[0;30;41m8[0;1;30;90;47m8[0;37;5;47;107mttttt[0;1;30;90;47m:[0;34;40m::::.......[0;1;37;97;47m.[0;37;5;47;107mSSSSXXXX@@[0;37;5;40;100m8[0m
[0;37;5;40;100m8[0;37;5;47;107mttttttt;;;[0;1;37;97;47m@[0;1;30;90;40mX@@@88888[0;30;5;40;100m88[0;1;30;90;47m.[0;37;5;47;107m.:[0;1;30;90;47m%[0;1;30;90;41m8[0;1;31;91;41m8[0;1;30;90;41m8[0;31;5;41;101m8X[0;1;30;90;41m88[0;37;5;47;107m;[0;1;37;97;47m8@[0;1;30;90;47m;[0;1;30;90;41m88[0;1;30;90;47m88[0;31;5;41;101m8[0;1;31;91;41mXS%[0;1;30;90;41mX@XX[0;33;5;40;100mX[0;1;37;97;47m.[0;37;5;47;107mtttt[0;1;30;90;47m:[0;34;40m:::::......[0;1;37;97;47m.[0;37;5;47;107mSSSSSXXXX@[0;37;5;40;100m8[0m
[0;37;5;40;100m8[0;37;5;47;107mtttttt;;;;[0;1;37;97;47m@[0;1;30;90;40m@@@8888[0;30;5;40;100m8888[0;1;30;90;47m [0;37;5;47;107m ;S8[0;1;37;97;47m8[0;1;30;90;47m:[0;33;5;40;100m%[0;31;5;41;101m8[0;1;31;91;41m8[0;31;5;41;101m@[0;1;30;90;47m%[0;37;5;47;107m@[0;31;5;40;100m8[0;1;30;90;47m%%8[0;37;5;40;100mSS[0;31;5;41;101m@8[0;1;31;91;41m8[0;1;30;90;41m8@XXXXX[0;1;37;97;47m.[0;37;5;47;107mttt[0;1;30;90;47m:[0;34;40m::::::.....[0;1;37;97;47m.[0;37;5;47;107mSSSSSXXXX@[0;37;5;40;100m8[0m
[0;37;5;40;100m8[0;37;5;47;107mttttt;;;;;[0;1;37;97;47m@[0;1;30;90;40m@@8888[0;30;5;40;100m8888@[0;1;37;97;47m [0;37;5;47;107m      %[0;33;5;40;100m.[0;31;5;41;101m8[0;1;31;91;41m8[0;31;5;41;101m@[0;1;30;90;47m@[0;1;37;97;47m;[0;1;30;90;47m%[0;1;30;90;41m8[0;31;5;40;100m@@[0;1;31;91;41m@[0;31;5;41;101m88[0;1;30;90;41m88@@[0;33;41mX[0;1;30;90;41mXXSX[0;37;5;40;100m%[0;1;37;97;47m%[0;37;5;47;107mt[0;1;30;90;47m.[0;34;40m::::::.....[0;1;37;97;47m.[0;37;5;47;107mSSSSSSXXX@[0;37;5;40;100m8[0m
[0;37;5;40;100m8[0;37;5;47;107mttttt;;;;;[0;1;37;97;47m@[0;1;30;90;40m@8888[0;30;5;40;100m8888@@[0;1;37;97;47m [0;37;5;47;107m       @[0;33;5;40;100m;[0;31;5;41;101mXXX8[0;1;30;90;47m8[0;37;5;40;100mX[0;33;5;40;100m .[0;1;30;90;41m888888@[0;33;41mX[0;1;30;90;41m@X[0;33;5;40;100m.[0;1;30;90;47m@[0;1;37;97;47m [0;37;5;47;107mtt[0;1;30;90;47m.[0;34;40m::::::.....[0;1;37;97;47m.[0;37;5;47;107m%SSSSSXXXX[0;37;5;40;100m8[0m
[0;37;5;40;100m8[0;37;5;47;107mtttt;;;;;;[0;1;37;97;47m8[0;1;30;90;40m8888[0;30;5;40;100m8888@@X[0;1;37;97;47m.[0;37;5;47;107m      8[0;33;5;40;100m t[0;31;5;41;101mXXXX[0;1;31;91;41m8[0;31;5;40;100m@[0;33;41m8[0;31;5;40;100m@8[0;1;30;90;41m88888@@X@[0;33;5;40;100mt[0;1;37;97;47m8[0;37;5;47;107mttt[0;1;30;90;47m.[0;34;40m;::::::....[0;1;37;97;47m.[0;37;5;47;107m%SSSSSXXXX[0;37;5;40;100m8[0m
[0;37;5;40;100m8[0;37;5;47;107mtttt;;;;;;[0;1;37;97;47m8[0;1;30;90;40m8888[0;30;5;40;100m888@@XX[0;1;37;97;47m.[0;37;5;47;107m       %[0;37;5;40;100m;[0;33;5;41;101m8[0;31;5;41;101mXXX[0;31;5;40;100mXXX[0;1;30;90;41m8[0;31;5;40;100m8[0;1;30;90;41m88888[0;33;41mX[0;1;30;90;41m@88[0;1;30;90;47m8S[0;37;5;47;107mStt[0;1;30;90;47m.[0;34;40m;::::::....[0;1;37;97;47m.[0;37;5;47;107m%SSSSSXXXX[0;37;5;40;100m8[0m
[0;37;5;40;100m8[0;37;5;47;107mtttt;;;;;;[0;1;37;97;47m8[0;1;30;90;40m888[0;30;5;40;100m8888@XXS[0;1;37;97;47m.[0;37;5;47;107m   %[0;1;37;97;47m.@[0;37;5;47;107m;[0;1;37;97;47m;[0;37;5;47;107m:[0;1;30;90;47m8[0;33;5;40;100m [0;1;30;90;47mt[0;33;5;40;100m%X[0;31;5;40;100mX@@88[0;1;30;90;41m88888@@8[0;1;30;90;47m@[0;37;5;47;107mS;tt[0;1;30;90;47m.[0;34;40m;::::::....[0;1;37;97;47m.[0;37;5;47;107m%SSSSSXXXX[0;37;5;40;100m8[0m
[0;37;5;40;100m8[0;37;5;47;107mtttt;;;;;;[0;1;37;97;47m8[0;1;30;90;40m888[0;30;5;40;100m888@@XXS[0;1;37;97;47m.[0;37;5;47;107m [0;1;37;97;47m8[0;1;30;90;47m:[0;1;37;97;47m%[0;1;30;90;47m8[0;35;5;41;101mX[0;37;5;40;100mX[0;33;5;40;100m:[0;1;30;90;47mX[0;37;5;47;107m.X[0;1;30;90;47m%[0;33;5;40;100m%XX[0;31;5;40;100m@[0;31;43m8[0;31;5;40;100m8[0;1;30;90;41m8[0;31;5;40;100m8[0;1;30;90;41m8888@@[0;33;5;40;100m:[0;37;5;47;107m;;;tt[0;1;30;90;47m.[0;34;40m;::::::....[0;1;37;97;47m.[0;37;5;47;107m%SSSSSXXXX[0;37;5;40;100m8[0m
[0;37;5;40;100m8[0;37;5;47;107mtttt;;;;;;[0;1;37;97;47m8[0;1;30;90;40m888[0;30;5;40;100m8888@XXS[0;1;37;97;47m.[0;37;5;47;107m  [0;1;37;97;47m.[0;33;5;40;100m;[0;37;5;40;100m;t[0;33;5;40;100m [0;35;5;41;101m8[0;1;37;97;47m%[0;37;5;47;107m :[0;1;37;97;47m8[0;37;5;40;100m%[0;33;5;40;100m:[0;31;5;40;100mX@[0;33;41m8[0;31;5;40;100m8[0;1;30;90;41m888888[0;1;31;91;41m@8[0;1;30;90;47m8[0;37;5;47;107m;;;tt[0;1;30;90;47m.[0;34;40m;::::::....[0;1;37;97;47m.[0;37;5;47;107m%SSSSSXXXX[0;37;5;40;100m8[0m
[0;37;5;40;100m8[0;37;5;47;107mtttt;;;;;;[0;1;37;97;47m8[0;1;30;90;40m8888[0;30;5;40;100m888@@XX[0;1;37;97;47m.[0;37;5;47;107m 8[0;1;30;90;47m8[0;37;5;40;100m.[0;33;5;40;100m [0;35;5;41;101mXX[0;35;5;40;100m%[0;1;30;90;47m888[0;31;5;41;101m8X[0;1;30;90;41m8[0;31;5;41;101m8[0;1;30;90;41m88888[0;1;31;91;41mX[0;1;30;90;41m88@[0;1;31;91;41m8[0;37;5;40;100m%[0;37;5;47;107m;;;;tt[0;1;30;90;47m.[0;34;40m;::::::....[0;1;37;97;47m.[0;37;5;47;107m%SSSSSXXXX[0;37;5;40;100m8[0m
[0;37;5;40;100m8[0;37;5;47;107mtttt;;;;;;[0;1;37;97;47m@[0;1;30;90;40m8888[0;30;5;40;100m8888@@X[0;1;37;97;47m.[0;37;5;47;107m%[0;1;37;97;47mSX[0;1;30;90;47m%S[0;1;37;97;47m [0;1;30;90;47m8[0;31;5;41;101m@XXXXXXX@[0;1;31;91;41m8[0;31;5;41;101mX@8@8888[0;31;5;40;100mX[0;33;5;40;100m [0;1;30;90;47m8[0;37;5;47;107m@ttt[0;1;30;90;47m.[0;34;40m:::::::....[0;1;37;97;47m.[0;37;5;47;107m%SSSSSXXXX[0;37;5;40;100m8[0m
[0;37;5;40;100mX[0;37;5;47;107mttttt;;;;;[0;1;37;97;47m@[0;1;30;90;40m@8888[0;30;5;40;100m8888@@[0;1;37;97;47m [0;37;5;47;107m       X[0;33;5;40;100m;[0;31;5;41;101mXXXXXXX[0;37;5;40;100m%[0;1;31;91;41m8[0;31;5;41;101m@@@@888[0;1;31;91;41m8[0;1;30;90;41mS[0;1;31;91;41mX[0;1;30;90;41m8[0;37;5;47;107m@tt[0;1;30;90;47m.[0;34;40m::::::.....[0;1;37;97;47m.[0;37;5;47;107mSSSSSSXXXX[0;37;5;40;100mX[0m
[0;36;5;40;100m [0;37;5;47;107mttttt;;;;;[0;1;37;97;47m@[0;1;30;90;40m@@8888[0;30;5;40;100m88888[0;1;37;97;47m [0;37;5;47;107m       S[0;1;31;91;41m8[0;31;5;41;101m8X[0;1;31;91;41m8[0;1;30;90;47m@[0;33;5;40;100mt[0;1;30;90;47m%[0;1;37;97;47m [0;37;5;47;107m@[0;1;37;97;47m%[0;1;30;90;41m8[0;31;5;41;101m@@8[0;1;31;91;41m@XS[0;31;5;41;101m88[0;1;30;90;41m%[0;1;31;91;41mX[0;33;5;40;100mt[0;1;37;97;47m8[0;37;5;47;107mt[0;1;30;90;47m.[0;34;40m::::::.....[0;1;37;97;47m.[0;37;5;47;107mSSSSSXXXX@[0;36;5;40;100m [0m
[0;30;5;40;100m@[0;37;5;47;107mtttttt;;;;[0;1;37;97;47m@[0;1;30;90;40mX@@88888[0;30;5;40;100m888[0;1;30;90;47m [0;37;5;47;107m       ;8@[0;1;30;90;47mt[0;37;5;47;107mX...X[0;1;30;90;47m8[0;37;5;47;107m:t[0;1;37;97;47m [0;33;5;40;100m;[0;33;41mX[0;1;31;91;41mX[0;33;41mXS[0;1;30;90;41mS[0;31;5;41;101m88[0;33;5;40;100m [0;1;37;97;47m;8[0;37;5;47;107mt[0;1;30;90;47m:[0;34;40m::::::.....[0;1;37;97;47m.[0;37;5;47;107mSSSSSXXXX@[0;36;5;40;100m%[0m
 [0;37;5;47;107m%tttttt;;;[0;1;37;97;47m@[0;1;30;90;40mXX@@888888[0;30;5;40;100m8[0;1;30;90;47m.[0;37;5;47;107m.........X[0;37;5;40;100mt[0;37;5;47;107mX.[0;1;37;97;47m [0;33;5;40;100m:[0;1;30;90;41m8[0;33;5;40;100m;[0;37;5;47;107m;;:%[0;1;30;90;47m;[0;33;5;40;100m%[0;33;41mSSSt[0;31;5;41;101m8[0;1;31;91;41mS[0;1;37;97;47m8[0;37;5;47;107mtt[0;1;30;90;47m:[0;34;40m:::::......[0;1;37;97;47m.[0;37;5;47;107mSSSSSXXXX@[0m 
 [0;1;37;97;47m;[0;37;5;47;107mttttttt;;[0;1;37;97;47mX[0;1;30;90;40mSXX@@@88888[0;1;30;90;47m:[0;37;5;47;107m........:[0;37;5;40;100m%[0;1;31;91;41m8[0;1;30;90;47m8[0;1;37;97;47m:[0;1;30;90;41m8[0;1;31;91;41m@[0;1;30;90;41m8[0;37;5;40;100mS[0;31;5;40;100m8[0;1;30;90;41m@[0;31;5;40;100mX[0;1;30;90;47m8%[0;37;5;47;107m@[0;37;5;40;100m%[0;33;41mSS[0;1;30;90;41m%[0;1;31;91;41m8[0;31;5;41;101m8[0;1;30;90;47m8[0;37;5;47;107mtt[0;1;30;90;47m:[0;34;40m::::.......[0;1;37;97;47m.[0;37;5;47;107mSSSSXXXX@[0;1;37;97;47mt[0m 
 [0;37;5;40;100mS[0;37;5;47;107mtttttttt;[0;1;37;97;47mX[0;1;30;90;40mSSXXX@@@@88[0;1;30;90;47m:[0;37;5;47;107m::::::::%[0;1;30;90;41m888[0;31;5;41;101m8@8888[0;1;31;91;41m8[0;1;30;90;41m8[0;1;30;90;47m8[0;1;37;97;47mX[0;37;5;47;107m;t[0;31;5;40;100m8[0;33;41m%%[0;1;31;91;41mt[0;31;5;41;101m8[0;37;5;40;100mt[0;37;5;47;107mtt[0;1;30;90;47m:[0;34;40m:::........[0;1;37;97;47m [0;37;5;47;107mSSSSXXXX@[0;37;5;40;100m@[0m 
  [0;37;5;47;107m%tttttttt[0;1;37;97;47mX[0;1;30;90;40m%SSSXXXX@@@[0;1;30;90;47m;[0;37;5;47;107m::::::[0;1;37;97;47m [0;37;5;40;100mt[0;1;37;97;47m8[0;33;5;40;100m:[0;31;5;41;101m888[0;1;31;91;41m@[0;33;41mS[0;1;30;90;41m@[0;1;31;91;41mSS8[0;31;5;41;101m8[0;33;5;40;100m.[0;37;5;47;107mS;t[0;37;5;40;100mS[0;33;41m%%[0;1;31;91;41m;[0;31;5;41;101m8[0;37;5;40;100mt[0;37;5;47;107mtt[0;1;30;90;47m:[0;34;40m:::........[0;1;37;97;47m [0;37;5;47;107mSSSXXXX@@[0;1;30;90;40m8[0m 
  [0;1;30;90;47m;[0;37;5;47;107mtttttttt[0;1;37;97;47mX[0;34;40m;;[0;1;30;90;40mSSSSXXXXX[0;1;30;90;47m;[0;37;5;47;107m;;;;;;[0;1;37;97;47m [0;1;31;91;41mS[0;1;30;90;41m8[0;31;5;41;101m888[0;1;30;90;41m@@XX[0;33;41mSS[0;1;30;90;41mS[0;1;31;91;41mS[0;31;5;41;101m8[0;33;5;40;100m [0;37;5;47;107mtt[0;37;5;40;100mS[0;33;41m%%[0;1;31;91;41mt[0;31;5;41;101m8[0;1;30;90;47m8[0;37;5;47;107mtt[0;1;30;90;47m:[0;34;40m::.........[0;1;37;97;47m [0;37;5;47;107mSSXXXX@@[0;1;30;90;47m.[0m  
  [0;1;30;90;40m8[0;37;5;47;107m%ttttttt[0;1;37;97;47mX[0;34;40m;;;;[0;1;30;90;40m%SSSSSX[0;1;30;90;47mt[0;37;5;47;107m;;;;;;[0;1;37;97;47m%[0;1;30;90;41m@X[0;31;5;41;101m88[0;1;30;90;41mXX[0;33;41mS[0;1;30;90;41m8[0;37;5;40;100mX[0;1;30;90;47m8[0;1;30;90;41m8[0;33;41mS[0;1;30;90;41mS[0;1;31;91;41mX@[0;1;37;97;47mt[0;37;5;47;107mX[0;1;30;90;41m8[0;33;41m%[0;1;30;90;41m%[0;31;5;41;101m8[0;1;31;91;41mX[0;1;37;97;47mX[0;37;5;47;107mtt[0;1;30;90;47m:[0;34;40m...........[0;1;37;97;47m [0;37;5;47;107mSXXXXX@@[0;30;5;40;100m@[0m  
   [0;1;30;90;47mX[0;37;5;47;107mttttttt[0;1;37;97;47mX[0;34;40m;;;;;;;[0;1;30;90;40m%SSS[0;1;30;90;47mt[0;37;5;47;107m;;;;;S[0;1;37;97;47m8%[0;31;5;40;100m@[0;31;5;41;101m88[0;1;30;90;41mS[0;33;41mSS[0;1;30;90;47m%[0;37;5;47;107m;t8[0;1;30;90;41mX[0;33;41m%[0;1;30;90;41m%[0;31;5;41;101m8[0;37;5;40;100m%[0;33;5;40;100m [0;33;41mt[0;1;30;90;41mt[0;1;31;91;41m%[0;31;5;41;101m8[0;37;5;40;100mt[0;37;5;47;107mttt[0;1;30;90;47m:[0;34;40m...........[0;1;30;90;47m [0;37;5;47;107mXXXXX@@[0;1;30;90;47m%[0m   
    [0;37;5;47;107m8tttttt[0;1;37;97;47mS[0;34;40m::;;;;;;;;;[0;1;30;90;47m%[0;37;5;47;107m;;;;;8[0;33;5;40;100m:[0;1;31;91;41m%[0;1;30;90;41mX[0;31;5;41;101m88[0;1;30;90;41m%[0;33;41mS[0;1;30;90;41m%[0;33;5;40;100m:[0;1;37;97;47m8[0;37;5;47;107mtt[0;33;5;40;100m:[0;33;41m%[0;1;30;90;41m%[0;31;5;41;101m8[0;1;30;90;41m%[0;33;41mtt[0;1;31;91;41m:[0;31;5;41;101m8[0;31;5;40;100mX[0;37;5;47;107mStt%[0;1;30;90;47m:[0;34;40m...........[0;1;30;90;47m [0;37;5;47;107mXXXX@@[0;1;37;97;47m8[0m    
    [0;36;5;40;100m%[0;37;5;47;107m%ttttt[0;1;37;97;47mS[0;34;40m:::::;;;;;;[0;1;30;90;47m%[0;37;5;47;107mttttttX[0;31;5;40;100mX[0;1;31;91;41m%;[0;31;5;41;101m88[0;1;30;90;41m%[0;33;41m%[0;1;30;90;41m%[0;33;41m%[0;1;30;90;41m8[0;33;5;40;100mS[0;1;30;90;41m@[0;33;41mt[0;1;30;90;41m%[0;31;5;41;101m8[0;1;30;90;41mt;[0;1;31;91;41m%8[0;33;5;40;100m:[0;37;5;47;107m@t%%%[0;1;30;90;47m;[0;34;40m...........[0;1;30;90;47m [0;37;5;47;107mXXX@@@[0;36;5;40;100mt[0m    
     [0;36;5;40;100m [0;37;5;47;107m%tttt[0;1;37;97;47mS[0;34;40m:::::::::;;[0;1;30;90;47mS[0;37;5;47;107mttttttt%[0;1;37;97;47mt[0;1;30;90;47mt[0;1;30;90;41m8[0;31;5;41;101m88[0;1;31;91;41mt[0;33;41mt[0;1;30;90;41m%[0;1;31;91;41m%[0;1;30;90;41mt%[0;33;41mt[0;1;30;90;41mt[0;31;5;41;101m8[0;1;30;90;41m;[0;1;31;91;41m8S[0;1;30;90;47m%[0;37;5;47;107mt%%%%%[0;1;30;90;47m;[0;34;40m...........[0;1;30;90;47m.[0;37;5;47;107mXX@@@[0;36;5;40;100m [0m     
      [0;1;30;90;47m8[0;37;5;47;107m%%%t[0;1;37;97;47mS[0;34;40m:::::::::::[0;1;30;90;47mS[0;37;5;47;107mtttttttt[0;1;30;90;47m@[0;1;30;90;41mX[0;1;31;91;41mt%%8[0;31;5;41;101m8[0;1;31;91;41m8S%:[0;1;30;90;41m;;[0;1;31;91;41m%[0;1;30;90;41mS[0;1;30;90;47m8[0;37;5;47;107mX%[0;1;37;97;47m@t8[0;37;5;47;107m%%%[0;1;30;90;47m;[0;34;40m...........[0;1;30;90;47m.[0;37;5;47;107mX@@@[0;1;30;90;47m@[0m      
       [0;1;30;90;47mX[0;37;5;47;107m%%%[0;1;37;97;47mS[0;34;40m.::::::::::[0;1;30;90;47mS[0;37;5;47;107mtttttttttS[0;1;30;90;47m%[0;33;5;40;100m  [0;1;30;90;47m8[0;1;30;90;41m8[0;1;31;91;41m%St[0;1;30;90;41m8[0;33;5;40;100m;[0;1;30;90;41m;tt[0;33;5;40;100m  [0;33;41m%[0;1;31;91;41m;%;[0;1;30;90;41mX[0;1;30;90;47m8[0;37;5;47;107mS[0;1;30;90;47m;[0;34;40m.......... [0;1;30;90;47m.[0;37;5;47;107m@@@[0;1;30;90;47m%[0m       
        [0;1;30;90;47m8[0;37;5;47;107m%%[0;1;37;97;47m%[0;34;40m....:::::::[0;1;30;90;47mS[0;37;5;47;107mttttttttttttt[0;37;5;40;100m%[0;33;5;40;100m.;%[0;37;5;40;100mX[0;37;5;47;107m8%[0;1;30;90;47mS[0;1;30;90;41m8t[0;30;41mX[0;1;30;90;41m:[0;1;31;91;41m%888S[0;37;5;40;100mS[0;1;37;97;47m@[0;1;30;90;47mt[0;34;40m........   [0;1;30;90;47m.[0;37;5;47;107m@@[0;1;30;90;47mX[0m        
         [0;37;5;40;100mX[0;37;5;47;107m%[0;1;37;97;47m%[0;34;40m..........:[0;1;30;90;47mX[0;37;5;47;107mtttttttttttttt%%%%%%@[0;1;30;90;41m8:[0;1;31;91;41mt::XS[0;1;30;90;41m8[0;1;37;97;47m;[0;37;5;47;107mSS[0;1;30;90;47mt[0;34;40m.......    [0;1;30;90;47m.[0;37;5;47;107m@[0;37;5;40;100mX[0m         
          [0;36;5;40;100m;[0;1;37;97;47m.[0;34;40m...........[0;1;30;90;47mX[0;37;5;47;107m%%%%%%%%%%%%%%%%%%%%[0;37;5;40;100m%[0;1;31;91;41mX;88[0;1;30;90;41m@[0;1;37;97;47m8[0;37;5;47;107m8SSSS[0;1;30;90;47mt[0;34;40m.....      [0;1;30;90;47mt[0;36;5;40;100m:[0m          
            [0;34;40m...........[0;1;30;90;47mX[0;37;5;47;107m%%%%%%%%%%%%%%%%%%%%[0;33;5;40;100m [0;1;30;90;41m:[0;1;31;91;41m88@[0;37;5;40;100m%[0;37;5;47;107mSSSSSS[0;1;30;90;47mt[0;34;40m...        [0m            
             [0;34;40m..........[0;1;30;90;47mX[0;37;5;47;107m%%%%%%%%%%%%%%%%SSSS[0;1;37;97;47mS[0;1;30;90;41mS[0;1;31;91;41m%[0;1;30;90;41m8[0;1;37;97;47m [0;37;5;47;107mSSSSXXX[0;1;30;90;47mt[0;34;40m.         [0m             
              [0;34;40m ........[0;1;30;90;47m@[0;37;5;47;107mSSSSSSSSSSSSSSSSSSSSS[0;1;37;97;47m8[0;1;30;90;47m8[0;37;5;47;107m8SSXXXXXX[0;1;30;90;47m%[0;34;40m         [0m              
                [0;34;40m ......[0;1;30;90;47m@[0;37;5;47;107mSSSSSSSSSSSSSSSSSSSSSSXXXXXXXXX@[0;1;30;90;47m%[0;34;40m       [0m                
                  [0;34;40m ....[0;1;30;90;47m@[0;37;5;47;107mSSSSSSSSSSSSSSSSSXXXXXXXXXXX@@@@[0;1;30;90;47m%[0;34;40m     [0m                  
                    [0;34;40m ..[0;1;30;90;47m@[0;37;5;47;107mXXXXXXXXXXXXXXXXXXXXXXXXX@@@@@@@[0;1;30;90;47mS[0;34;40m   [0m                    
                      [0;34;40m [0;1;30;90;47m8[0;37;5;47;107mXXXXXXXXXXXXXXXXXXXX@@@@@@@@@@@@[0;1;30;90;47mS[0;34;40m [0m                      
                        [0;36;5;40;100m [0;1;37;97;47mS[0;37;5;47;107mXXXXXXXXXXX@@@@@@@@@@@@@@@@@[0;1;37;97;47mS[0;36;5;40;100m [0m                        
                          [0;30;5;40;100mS[0;1;30;90;47m%[0;37;5;47;107m8@@@@@@@@@@@@@@@@@@@@@@8[0;1;30;90;47m;[0;36;5;40;100mt[0m                          
                             [0;36;5;40;100m [0;1;37;97;47m.[0;37;5;47;107m@@@@@@@@@@@@@@@@@@[0;1;37;97;47m:[0;36;5;40;100m [0m                             
                                [0;36;5;40;100m [0;1;37;97;47m;[0;37;5;47;107m@@@@@@@@@@@@[0;1;37;97;47mt[0;37;5;40;100mX[0m                                
                                   [0;36;5;40;100m [0;1;30;90;47m;[0;37;5;47;107m8@@@@8[0;1;30;90;47m.[0;36;5;40;100m [0m                                   
                                      [0;30;5;40;100mS[0;37;5;40;100m@@[0;36;5;40;100m%[0m                                      
