[0;1;30;90;40m8[0;36;5;40;100m............................................................:::::::::::;;;;;;;[0;1;30;90;40m8[0m
[0;30;5;40;100mX[0;37;5;40;100mXXXXXXX@@@@@@@@@@@@@88888888888888888@@@@@@@@@@@@XXXXXXXXXXXSSSSSSSS%[0;36;5;40;100m         [0;30;5;40;100mX[0m
[0;30;5;40;100mX[0;37;5;40;100mXXXXX@@@@@@@@@@@888888888888888@@88888888@@@@@@@@@SXXXXXXXXXXSSSSSSSS%[0;36;5;40;100m        [0;30;5;40;100mX[0m
[0;30;5;40;100mX[0;37;5;40;100mXXXX@@@@@@@@@888888888888888888[0;36;5;40;100m [0;31;5;40;100m@[0;37;5;40;100mS8888888888@X@@@@[0;30;5;40;100m@[0;36;5;40;100m [0;37;5;40;100m@XXXXXXXXXXSSSSSSS%[0;36;5;40;100m       [0;30;5;40;100mX[0m
[0;30;5;40;100mX[0;37;5;40;100mXX@@@@@@@@@8888888888[0;30;5;40;100mS[0;37;5;40;100m@[0;1;30;90;47m88888888[0;36;5;40;100m [0;1;30;90;43mS@[0;33;5;40;100m [0;37;5;40;100m888888888S[0;30;5;40;100m8[0;37;5;40;100m@@@@[0;1;30;90;41m88[0;37;5;40;100mX@@[0;36;5;40;100m  [0;37;5;40;100mXX[0;36;5;40;100m.[0;37;5;40;100mXXXXSSSSSSS%[0;36;5;40;100m      [0;30;5;40;100mX[0m
[0;30;5;40;100mX[0;37;5;40;100mX@@@@@@@@88888888[0;1;30;90;47m8888[0;1;30;90;41m8[0;31;5;40;100m8[0;37;5;40;100m@[0;1;30;90;47m8888888[0;36;5;40;100m [0;33;5;43;103mXt[0;1;33;93;43mX[0;33;5;40;100m [0;1;30;90;47m888[0;37;5;40;100m8@[0;33;5;40;100m@[0;37;5;40;100mS8[0;33;5;40;100m8[0;1;30;90;43m%[0;37;5;40;100m@8@X[0;1;30;90;43mt[0;1;31;91;43m8[0;33;5;40;100mt[0;37;5;40;100mS[0;33;5;40;100mS[0;1;30;90;41m8[0;37;5;40;100mSX[0;36;5;40;100m [0;31;40mX[0;37;5;40;100mXXXXXSSSSSSS%[0;36;5;40;100m     [0;30;5;40;100mX[0m
[0;30;5;40;100mX[0;37;5;40;100m@@@@@@@88888888[0;1;30;90;47m888888[0;33;5;40;100m8[0;1;31;91;43m8[0;1;30;90;43m8[0;37;5;40;100mS[0;1;30;90;47m8[0;37;5;40;100mS8[0;1;30;90;47m888[0;33;5;40;100m:[0;33;5;43;103m;;t[0;1;33;93;43mS[0;33;5;40;100m [0;1;30;90;47m88[0;37;5;40;100m@[0;33;5;40;100m8[0;1;30;90;43mS[0;37;5;40;100mX[0;33;5;40;100m;[0;33;5;43;103mX[0;1;30;90;43m%[0;37;5;40;100mS88[0;36;5;40;100m [0;1;33;93;43mS[0;33;5;43;103mS[0;1;30;90;43m%%[0;1;33;93;43m:[0;33;5;40;100mS[0;37;5;40;100m@X[0;31;5;40;100mX[0;33;41mS[0;36;5;40;100m [0;37;5;40;100mXXXXXSSSSSS%%[0;36;5;40;100m    [0;30;5;40;100mX[0m
[0;30;5;40;100mX[0;37;5;40;100m@@@@@@8888888[0;1;30;90;47m8888[0;36;5;40;100m [0;1;30;90;47m888[0;33;5;40;100m%[0;33;5;43;103m%t[0;1;33;93;43mX[0;33;5;40;100m :[0;1;30;90;43m8[0;37;5;40;100mX[0;1;30;90;47m88[0;33;5;40;100m%[0;33;5;43;103mS[0;1;30;90;43m8[0;1;33;93;43m%t[0;33;5;40;100m8[0;1;30;90;47m8[0;37;5;40;100m8[0;33;5;40;100m8[0;1;30;90;43m88[0;36;5;40;100m [0;1;30;90;43m@[0;1;33;93;43m;[0;1;30;90;43mX[0;36;5;40;100m [0;37;5;40;100m88[0;33;5;40;100mt[0;1;30;90;43mt;[0;33;5;43;103mX[0;1;30;90;43m;@[0;37;5;40;100mX@[0;33;5;40;100m.[0;31;43mt@[0;36;5;40;100m [0;37;5;40;100mXXXXSSSSSSSS%[0;36;5;40;100m    [0;30;5;40;100mX[0m
[0;30;5;40;100mX[0;37;5;40;100m@@@@@888888[0;1;30;90;47m88888[0;37;5;40;100m8[0;33;5;40;100m8.[0;1;30;90;47m88[0;33;5;40;100m [0;33;5;43;103mt:8S[0;33;5;40;100m8[0;33;5;43;103m%[0;1;30;90;43m8[0;33;5;40;100m [0;1;30;90;47m8[0;33;5;40;100mS[0;1;30;90;43m8[0;33;5;40;100m8[0;1;30;90;43m888[0;33;5;40;100m %[0;1;31;91;43m88[0;31;43m8[0;31;5;40;100m8[0;1;31;91;43m888[0;33;5;40;100m:[0;37;5;40;100m8[0;33;5;40;100m:[0;31;5;40;100mS[0;31;43m8[0;33;41m@[0;33;5;43;103mS[0;33;5;40;100m8[0;37;5;40;100mS@S[0;1;30;90;43m%[0;33;5;43;103mS[0;1;30;90;43m:[0;36;5;40;100m.[0;37;5;40;100mXXX[0;36;5;40;100m [0;1;30;90;40m8[0;36;5;40;100m [0;37;5;40;100mSSSSSSS%[0;36;5;40;100m   [0;30;5;40;100mX[0m
[0;32;5;40;100mX[0;37;5;40;100m@@@@888888[0;1;30;90;47m888888[0;37;5;40;100mS[0;1;30;90;43m@[0;1;33;93;43mt[0;33;5;40;100m.[0;1;30;90;47m8[0;37;5;40;100m8[0;1;33;93;43m@[0;33;5;43;103m;[0;33;5;40;100m8[0;1;30;90;43m88[0;37;43mSX[0;1;30;90;43m8[0;33;5;40;100mtX[0;1;30;90;43m88[0;1;33;93;43m@[0;33;5;40;100m@[0;1;30;90;43m8[0;31;5;40;100mX[0;1;30;90;43m8[0;1;31;91;43m8[0;31;5;40;100m8[0;1;30;90;43m8[0;31;5;40;100m8[0;31;43m88[0;33;41m8[0;31;5;40;100m@8[0;33;41m8[0;31;5;40;100m@[0;31;40m8[0;31;43m@[0;1;30;90;43m%[0;33;5;40;100m8[0;37;5;40;100m@@[0;33;5;40;100mX[0;33;5;43;103m%t[0;1;33;93;43mS[0;36;5;40;100m.[0;37;5;40;100mXX[0;33;5;40;100m;[0;33;41m@[0;1;30;90;41mS[0;37;5;40;100mSXSSSSSS%[0;36;5;40;100m   [0;30;5;40;100mX[0m
[0;32;5;40;100mX[0;37;5;40;100m@@@888888[0;1;30;90;47m8888888[0;36;5;40;100m [0;33;5;43;103mX;%[0;33;5;40;100m:[0;1;30;90;47m@[0;33;5;40;100mt[0;33;5;43;103m%[0;1;30;90;43m88[0;33;5;40;100m@[0;1;31;91;43m88[0;1;30;90;43m8[0;33;5;40;100mS@@[0;1;30;90;43m8[0;33;5;43;103mt[0;1;30;90;43m8[0;37;43mX[0;33;5;40;100m8[0;1;33;93;43mt[0;1;30;90;43m88[0;1;33;93;43m:[0;1;30;90;43m888@[0;1;30;90;41m@[0;1;30;90;43m@[0;1;33;93;43m%[0;1;30;90;41m@S[0;1;33;93;43mt[0;1;30;90;43mS[0;33;5;40;100m8[0;37;5;40;100m@[0;36;5;40;100m [0;1;30;90;43mtt[0;33;5;43;103mt[0;1;33;93;43m@[0;36;5;40;100m  [0;1;30;90;43m@[0;1;31;91;43m88[0;1;30;90;41m8[0;37;5;40;100mXXSSSSSSS%[0;36;5;40;100m  [0;30;5;40;100mX[0m
[0;32;5;40;100mS[0;37;5;40;100m@@888888[0;1;30;90;47m88888888[0;36;5;40;100m [0;33;5;43;103mS[0;37;5;43;103m%%[0;33;5;43;103m%[0;33;5;40;100m.[0;37;5;40;100m8[0;1;30;90;43m88[0;33;5;40;100m@X[0;31;5;40;100mX[0;33;5;41;101m@[0;1;30;90;43m8[0;33;5;40;100mX[0;1;30;90;43m888[0;1;31;91;43m8[0;1;30;90;43m888888[0;33;5;43;103m8[0;1;30;90;43m8[0;33;5;43;103mX[0;1;30;90;43m@XX[0;33;5;43;103m%[0;1;30;90;43mX[0;1;30;90;41m8[0;33;41m8[0;1;30;90;43m%S[0;33;5;40;100mX[0;37;5;40;100m8[0;33;5;40;100m@[0;1;30;90;43m%[0;1;30;90;41m8[0;33;5;43;103mS[0;1;30;90;43m:[0;33;5;40;100mS[0;1;33;93;43mSX[0;1;30;90;43m:[0;1;31;91;43m8[0;33;5;40;100m8[0;37;5;40;100mXXS[0;36;5;40;100m [0;37;5;40;100mSSSSS%[0;36;5;40;100m  [0;30;5;40;100mX[0m
[0;32;5;40;100mS[0;37;5;40;100m@@88888[0;1;30;90;47m88888888@[0;37;5;40;100m8[0;1;33;93;43m8[0;37;5;43;103mt[0;37;43mSX[0;1;33;93;43mS[0;33;5;40;100m  [0;1;30;90;43m8[0;33;5;40;100mS[0;1;30;90;43m8[0;33;5;40;100mS[0;1;31;91;43m8[0;37;43mX[0;1;30;90;43m8[0;37;43mX[0;1;30;90;43m888[0;37;5;43;103mS[0;1;33;93;43mS[0;1;30;90;43m888[0;33;5;43;103m8[0;1;30;90;43m8[0;33;5;43;103m;[0;1;30;90;43m@@@X@@[0;1;30;90;40m8[0;1;31;91;43m8[0;1;30;90;43m@[0;33;41m8[0;31;5;40;100m8[0;33;5;40;100m@[0;1;30;90;41mX[0;1;30;90;43m%;[0;1;33;93;43m%[0;1;30;90;43mt[0;33;5;43;103m@[0;1;30;90;43m:[0;1;30;90;41m8[0;1;30;90;43m:[0;1;33;93;43m;[0;33;5;40;100mX[0;37;5;40;100mX[0;36;5;40;100m [0;31;5;40;100m8[0;36;5;40;100m%[0;37;5;40;100mSSSSS%%[0;36;5;40;100m [0;30;5;40;100mX[0m
[0;32;5;40;100mS[0;37;5;40;100m@888888[0;1;30;90;47m8888888[0;33;5;40;100mt[0;1;30;90;47m8@[0;1;30;90;43m8[0;37;5;43;103mS[0;1;33;93;43m8[0;1;30;90;43m888[0;37;5;40;100m@[0;33;5;40;100m [0;1;30;90;43m88[0;33;5;40;100m%[0;1;30;90;43m8[0;33;47m8[0;1;30;90;43m8[0;37;5;43;103mX[0;1;30;90;43m8[0;37;5;43;103mS[0;1;30;90;43m8[0;33;5;43;103mt[0;33;5;40;100m@[0;1;30;90;43m8[0;1;33;93;43mt[0;1;30;90;43m888[0;1;33;93;43m%[0;31;43m88[0;1;33;93;43m@[0;1;30;90;43mX[0;33;5;43;103mX[0;1;30;90;43mX[0;33;5;40;100m8[0;1;30;90;43m@[0;1;31;91;43m8[0;31;43m@[0;33;41m8[0;1;30;90;40m8[0;33;41m8[0;1;30;90;43mtt%[0;1;33;93;43m;[0;1;30;90;43m;[0;1;31;91;43m8[0;31;43m8[0;33;5;43;103m%[0;1;30;90;43mt[0;36;5;40;100m [0;33;5;40;100m:[0;33;41m@[0;1;30;90;41mS[0;36;5;40;100m [0;37;5;40;100mSSSSSS%[0;36;5;40;100m [0;30;5;40;100mX[0m
[0;32;5;40;100mS[0;37;5;40;100m@88888[0;1;30;90;47m8888888@[0;33;5;40;100mSS[0;1;30;90;47m8[0;33;5;40;100m@[0;1;33;93;43m@[0;37;5;43;103mX[0;1;30;90;43m8[0;37;5;43;103mX[0;1;30;90;43m8[0;33;5;40;100m:[0;1;30;90;47m%[0;33;5;40;100m.[0;1;30;90;43m88[0;33;5;40;100m..[0;37;5;43;103m8[0;37;43m@[0;37;5;43;103m@[0;37;43m@[0;1;30;90;43m8[0;33;5;40;100mX[0;1;30;90;43m888[0;33;5;40;100m:[0;37;5;40;100m@[0;33;5;40;100m@[0;1;30;90;43m8[0;1;31;91;43m8[0;1;30;90;43m8[0;33;5;43;103mt[0;1;30;90;43m@[0;33;5;40;100m8[0;33;5;43;103m@[0;1;30;90;43m8[0;33;5;40;100mt[0;1;30;90;43m@[0;1;31;91;43m8[0;31;43m%[0;33;5;40;100m8[0;33;41m@[0;1;30;90;43mtt[0;31;43m8[0;1;30;90;43mt:[0;1;33;93;43m.[0;1;30;90;43m:t[0;36;5;40;100m.[0;33;5;40;100m8[0;31;43mS[0;33;5;41;101m8[0;31;5;40;100mS[0;37;5;40;100mXSSSSSS%[0;36;5;40;100m [0;30;5;40;100mX[0m
[0;32;5;40;100mS[0;37;5;40;100m888888[0;1;30;90;47m8888888@[0;33;5;40;100m%[0;33;5;43;103mt[0;33;5;40;100m:[0;37;5;40;100m@[0;1;30;90;43m888[0;37;5;43;103m@X[0;33;5;40;100m%[0;1;30;90;47m8X[0;33;5;40;100mt[0;1;30;90;43m8[0;37;5;40;100m8X8[0;37;5;43;103m@:X[0;33;5;40;100mX[0;33;5;43;103mS[0;37;43mX[0;37;5;40;100m@8[0;33;5;40;100m [0;37;5;40;100m@[0;1;30;90;43m888[0;1;33;93;43mt[0;1;30;90;43m@[0;33;5;40;100m8[0;1;30;90;43m@[0;33;5;43;103mt[0;1;30;90;43m@[0;36;5;40;100m [0;33;5;40;100mX[0;1;31;91;43m8[0;33;5;40;100m@[0;36;5;40;100m [0;1;30;90;41mS[0;1;30;90;43m%S%t[0;1;33;93;43m%[0;1;30;90;43m;S[0;33;5;40;100mS[0;1;30;90;43m;[0;1;30;90;41m8[0;31;43mS[0;33;41m8[0;36;5;40;100m [0;37;5;40;100mXSSSSSS%[0;36;5;40;100m [0;30;5;40;100mX[0m
[0;32;5;40;100mS[0;37;5;40;100m888888[0;1;30;90;47m8888[0;37;5;40;100m@[0;1;30;90;47m88@[0;33;5;40;100mS[0;33;5;43;103m;@[0;37;5;40;100m@8[0;1;30;90;43m8[0;37;43m@[0;1;30;90;43m888[0;37;5;40;100mSX[0;1;30;90;47m8[0;33;5;40;100m:[0;1;30;90;43m8[0;33;5;40;100m  [0;37;5;40;100m@[0;33;47m8[0;37;5;43;103m@[0;37;43m@[0;37;5;43;103mXX[0;33;5;40;100m [0;1;30;90;47m8[0;1;30;90;43m8[0;33;5;40;100m8[0;37;43mS[0;33;5;43;103mt%[0;1;30;90;43m8[0;33;5;40;100m88[0;1;30;90;43m@[0;33;5;43;103m%[0;33;5;40;100m8:8[0;1;30;90;41m8[0;33;5;40;100mt8[0;33;41m8[0;1;31;91;43m88[0;1;30;90;43mt[0;1;33;93;43mSS[0;1;30;90;43m:[0;33;5;40;100m8[0;1;30;90;43m:[0;33;41m8[0;31;43m@X[0;33;5;40;100mt[0;37;5;40;100mXXSSSSSS%[0;36;5;40;100m [0;30;5;40;100mX[0m
[0;32;5;40;100mS[0;37;5;40;100m88888[0;1;30;90;47m88888[0;33;5;40;100mt [0;1;30;90;47m8@[0;33;5;40;100m%[0;1;30;90;43m8[0;33;5;43;103m%[0;1;30;90;43m8[0;1;30;90;47m8[0;33;5;40;100m [0;1;30;90;43m8[0;33;5;43;103m%[0;37;43m@[0;33;5;40;100mt[0;1;30;90;47m%t[0;37;5;40;100m8%[0;1;30;90;43m88[0;33;5;40;100m.[0;1;30;90;47m8[0;1;30;90;43m88[0;37;5;43;103mXX[0;1;30;90;43m8[0;33;5;40;100m:[0;1;30;90;47m8[0;37;43mS[0;33;5;43;103mt[0;33;5;40;100mS[0;1;30;90;43m8[0;1;33;93;43m:.[0;33;5;40;100mt[0;1;30;90;43m8[0;31;5;40;100m8[0;1;33;93;43mt[0;33;5;40;100m8[0;1;30;90;43m8[0;1;33;93;43m:[0;1;30;90;41m@[0;1;31;91;41mX[0;1;30;90;41m8[0;33;5;40;100mt..[0;31;5;40;100mX[0;33;5;40;100m88[0;1;30;90;43m::[0;31;43mS[0;33;41m8[0;1;31;91;43m8[0;33;5;40;100m8[0;37;5;40;100mS[0;30;5;40;100m8[0;36;5;40;100m [0;37;5;40;100mSSSSSS%[0;36;5;40;100m [0;30;5;40;100mX[0m
[0;32;5;40;100mS[0;37;5;40;100m888888[0;1;30;90;47m8888[0;31;5;40;100m8[0;1;30;90;41m8[0;37;5;40;100m@[0;1;30;90;47m@[0;33;5;40;100m;[0;1;30;90;43m88[0;37;43mS[0;36;5;40;100m [0;37;5;40;100m8[0;1;30;90;47m8[0;33;5;40;100m:[0;37;43m@[0;33;5;40;100m [0;1;30;90;47m%[0;37;5;40;100m8[0;33;5;40;100m... t[0;1;30;90;43m8[0;37;43m8[0;33;5;40;100mt[0;37;5;43;103m@[0;1;30;90;43m88[0;33;5;40;100m%[0;37;5;40;100mX[0;1;33;93;43m@[0;37;5;43;103mS[0;33;5;43;103m@[0;33;5;40;100m;;[0;1;33;93;43m:[0;33;5;40;100m8[0;1;30;90;43m8[0;1;30;90;41m@[0;1;30;90;43m8X[0;1;31;91;43m8[0;33;5;40;100mX[0;1;30;90;41m@[0;31;43m8[0;1;31;91;43m8[0;33;5;40;100m8[0;36;5;40;100m [0;37;5;40;100m@[0;36;5;40;100m :[0;1;30;90;43mS[0;1;33;93;43m@[0;31;43mX8S[0;33;5;40;100m8[0;36;5;40;100m [0;31;5;40;100m8[0;1;30;90;41m:[0;36;5;40;100m [0;37;5;40;100mSSSSSS%[0;36;5;40;100m [0;30;5;40;100mX[0m
[0;32;5;40;100mS[0;37;5;40;100m@88888[0;1;30;90;47m8888[0;1;30;90;41m@[0;31;5;41;101m@[0;31;5;40;100m8[0;1;30;90;47m8[0;37;5;40;100mS[0;1;30;90;43m888[0;37;5;40;100mX[0;1;30;90;47mSSS[0;33;5;40;100m:[0;37;43m@[0;1;30;90;43m8[0;33;5;40;100m:[0;1;30;90;43m8[0;33;5;40;100mt [0;37;5;40;100mX[0;1;31;91;43m8[0;33;5;40;100m%[0;1;30;90;47mX[0;33;5;40;100m.[0;1;30;90;43m8[0;37;43mX[0;1;30;90;43m8[0;33;5;40;100m%;[0;1;30;90;43m88[0;1;33;93;43mt[0;1;30;90;43m8[0;37;5;40;100m@[0;33;5;40;100m8[0;1;30;90;43m8@[0;1;30;90;41m@@[0;1;33;93;43m.[0;33;5;40;100m;[0;36;5;40;100m [0;31;43m8[0;1;31;91;43m88[0;1;33;93;43m:[0;1;30;90;43m@[0;36;5;40;100m :[0;33;5;40;100m8[0;33;5;43;103m%[0;1;30;90;43m:[0;31;43mt@[0;33;5;40;100mS[0;36;5;40;100m [0;1;30;90;41m8[0;1;31;91;41m8%[0;36;5;40;100m.[0;37;5;40;100mSSSSSS%[0;36;5;40;100m [0;30;5;40;100mX[0m
[0;32;5;40;100mS[0;37;5;40;100m@88888[0;1;30;90;47m8888[0;1;30;90;41m@[0;31;5;41;101m@[0;1;31;91;41m8[0;31;5;40;100mX[0;36;5;40;100m [0;33;5;40;100m8[0;1;30;90;43m888[0;33;5;40;100m [0;1;30;90;47mS[0;37;5;40;100m8[0;33;5;43;103m8[0;33;5;40;100mS[0;37;43mX[0;1;30;90;43m888[0;37;5;40;100m8[0;33;5;40;100m.[0;1;31;91;43m8[0;1;30;90;43m8[0;33;5;40;100mtt%X[0;1;30;90;43m8[0;33;5;40;100m [0;37;5;40;100m8[0;1;30;90;43m8[0;31;5;40;100m@[0;1;30;90;43m88[0;33;5;40;100mt [0;31;5;40;100mS[0;33;41m8[0;31;43m8[0;1;30;90;43mX[0;31;5;40;100mS[0;33;5;40;100m:t[0;1;30;90;43mXS%[0;33;5;43;103m%%[0;33;5;40;100m8[0;30;5;40;100mX[0;1;33;93;43mS[0;33;5;43;103mS[0;1;33;93;43m;[0;31;43m%[0;33;5;40;100mtX[0;30;41m@[0;1;31;91;41m888[0;32;5;40;100m%[0;37;5;40;100mSSSSSS%[0;36;5;40;100m [0;30;5;40;100mX[0m
[0;30;5;40;100mX[0;37;5;40;100m@888888[0;1;30;90;47m888[0;31;5;40;100m8[0;31;5;41;101m8[0;1;30;90;41m88[0;31;5;40;100m@[0;1;30;90;43m8[0;33;5;40;100m8[0;1;30;90;43m8[0;37;5;40;100m@[0;1;30;90;47mX[0;37;5;40;100m8[0;37;43mX[0;37;5;43;103mX[0;33;5;40;100m.;[0;37;5;43;103mX[0;33;5;40;100mS[0;37;5;40;100m8[0;1;30;90;47mS[0;1;30;90;43m8[0;37;43m@X[0;33;5;40;100mX[0;37;43mX[0;1;31;91;43m8[0;1;30;90;43m8[0;33;5;40;100m.[0;1;30;90;47m8[0;37;5;40;100mS[0;33;5;40;100mX8[0;1;30;90;43m88[0;33;5;40;100m:[0;1;30;90;47m8[0;33;5;40;100mX[0;1;30;90;43m@[0;1;31;91;43m8[0;33;5;40;100m;[0;37;5;40;100m@X[0;33;5;40;100m%[0;33;5;43;103mS[0;1;30;90;43m%[0;1;33;93;43m;[0;1;30;90;43mt[0;33;5;43;103mt[0;1;30;90;43m;[0;31;5;40;100mS[0;1;33;93;43mt[0;1;31;91;43m88[0;33;41m8[0;31;43mX8[0;1;31;91;41m;8[0;1;30;90;41m:[0;1;31;91;41mS[0;31;5;40;100m8[0;37;5;40;100mSSSSSS%[0;36;5;40;100m [0;30;5;40;100m@[0m
[0;30;5;40;100m8[0;37;5;40;100m@@88888[0;1;30;90;47m888[0;33;5;40;100m;[0;31;5;41;101m8[0;1;30;90;43m@8[0;1;30;90;41m8[0;1;30;90;43m8[0;33;5;40;100mt[0;1;30;90;47m8X[0;37;5;40;100m@[0;1;30;90;43m8[0;1;33;93;43mt[0;33;5;43;103m;[0;33;5;40;100m; [0;1;30;90;43m88[0;1;30;90;47m88[0;37;43mX[0;37;5;43;103mX[0;33;5;40;100mX[0;37;43mX[0;33;5;40;100mX[0;1;33;93;43m;[0;1;30;90;43m88[0;33;5;40;100mX[0;36;5;40;100m [0;33;5;40;100m [0;1;30;90;43m8888[0;33;5;40;100m%[0;1;33;93;43m.[0;1;30;90;43m@[0;33;5;40;100m [0;1;30;90;47m8[0;37;5;40;100m88[0;33;5;40;100m:[0;33;5;43;103mt[0;1;30;90;43mt[0;1;31;91;43m8[0;31;43m8[0;1;30;90;43m;t[0;33;41m8[0;1;31;91;43m88[0;1;30;90;43m%X[0;31;5;40;100m88[0;1;31;91;41m8:[0;30;41m8[0;1;31;91;41m@[0;31;5;40;100m8[0;37;5;40;100mSSSSS%%[0;36;5;40;100m [0;30;5;40;100m8[0m
[0;1;30;90;40mX[0;37;5;40;100m@@888888[0;1;30;90;47m8[0;37;5;40;100m8[0;36;5;40;100m [0;1;30;90;41m@[0;1;30;90;43m@@[0;1;31;91;41m8[0;1;30;90;43m8[0;36;5;40;100m [0;33;5;40;100m [0;36;5;40;100m [0;1;30;90;41m8[0;33;5;40;100m8[0;1;30;90;43m8[0;1;31;91;43m8[0;33;5;40;100m.[0;37;5;40;100m8[0;1;30;90;43m8[0;33;5;43;103m.[0;33;5;40;100m [0;1;30;90;47m@[0;1;30;90;43m8[0;33;5;43;103mX[0;1;30;90;43m8[0;1;33;93;43m8[0;33;5;40;100m [0;37;5;40;100m@[0;1;30;90;43m8[0;33;5;43;103m.[0;1;33;93;43m:[0;1;30;90;43m8[0;37;5;40;100m8[0;33;5;40;100mt[0;1;30;90;43m8[0;33;5;43;103m%t[0;1;30;90;43mX[0;33;5;40;100mX[0;37;5;40;100m@[0;1;30;90;47m88[0;37;5;40;100m88[0;33;5;40;100mt[0;1;30;90;43mt[0;33;41m8[0;31;5;41;101m88[0;33;41m8[0;31;43m%[0;1;30;90;43mS[0;33;5;40;100mS[0;36;5;40;100m [0;37;5;40;100mXX[0;36;5;40;100m [0;30;41m@[0;1;31;91;41mt.[0;30;41mt[0;1;31;91;41mX[0;36;5;40;100mt[0;37;5;40;100mSSSSS%[0;36;5;40;100m  [0;1;30;90;40m@[0m
 [0;37;5;40;100mX@@888888[0;36;5;40;100m [0;31;5;40;100mS[0;33;5;40;100mS[0;1;30;90;41m@[0;1;30;90;43m@[0;1;31;91;41mX[0;1;30;90;43m8[0;33;5;40;100m8 %[0;1;30;90;41m8[0;1;30;90;43m8[0;1;30;90;41m8[0;33;5;40;100m8[0;1;30;90;47m8@[0;1;30;90;43m8[0;33;5;43;103m.[0;33;5;40;100mt[0;1;30;90;47mX[0;33;5;40;100mS[0;1;30;90;43m8[0;33;5;43;103mX[0;1;30;90;43m8[0;33;5;40;100m;[0;1;30;90;47m@[0;33;5;40;100m [0;33;5;43;103m::[0;1;33;93;43m:[0;36;5;40;100m [0;1;30;90;47m8[0;33;5;40;100m8[0;33;5;43;103m%[0;1;30;90;43m@[0;33;5;40;100m. [0;36;5;40;100m [0;33;5;40;100m t[0;1;30;90;43m88%[0;33;5;40;100m8[0;31;43m@[0;33;41mS[0;33;5;41;101m@[0;1;31;91;43m8[0;33;5;40;100mt[0;37;5;40;100mX[0;36;5;40;100m .[0;37;5;40;100mXX[0;36;5;40;100m [0;1;30;90;41mS[0;30;41m;[0;1;31;91;41m:;[0;1;30;90;41mS[0;37;5;40;100m%SSSSS%[0;36;5;40;100m  [0m 
 [0;36;5;40;100m [0;37;5;40;100m@@@8888[0;33;5;40;100m;8[0;1;30;90;43m8[0;33;5;40;100m8[0;33;41m8[0;31;5;41;101m8[0;1;30;90;41m@[0;33;5;40;100m8[0;1;30;90;43m@[0;37;5;40;100mS[0;31;5;40;100m8[0;1;30;90;41m8[0;1;30;90;43m8[0;1;30;90;41m8[0;33;5;40;100m.[0;37;5;40;100mX[0;33;5;40;100m.[0;1;33;93;43m:[0;33;5;43;103m.[0;1;30;90;43m8[0;33;5;40;100m;@[0;1;30;90;43m888[0;33;5;40;100m [0;1;30;90;47m@[0;33;5;40;100m [0;33;5;43;103m::[0;1;30;90;43m@[0;36;5;40;100m [0;33;5;40;100mX[0;33;5;43;103m;[0;1;31;91;43m8[0;33;5;40;100m [0;37;5;40;100m8[0;33;5;40;100mS[0;1;30;90;43mS[0;1;33;93;43m.:[0;1;31;91;43m8[0;1;30;90;43mS@X[0;31;43m8[0;33;41m8[0;1;31;91;43m88[0;1;30;90;43m8[0;33;5;40;100m8[0;1;30;90;41m8[0;33;5;40;100m;[0;36;5;40;100m [0;33;5;40;100m@[0;30;5;40;100mX[0;1;30;90;41m;[0;1;31;91;41m8[0;1;30;90;41m:X[0;36;5;40;100m  [0;37;5;40;100mSSSS%[0;36;5;40;100m   [0m 
 [0;30;5;40;100m@[0;37;5;40;100m@@@@8888888@[0;33;5;40;100m [0;1;30;90;43m8X[0;1;33;93;43m:[0;1;30;90;43m8[0;33;5;40;100m8[0;33;41mS[0;31;5;41;101mX[0;1;31;91;43m8[0;1;30;90;43m888888[0;1;33;93;43m;.[0;1;31;91;43m8[0;33;5;41;101m8[0;1;30;90;43m8888[0;33;5;43;103m::[0;33;5;40;100m@;[0;1;33;93;43m:[0;33;5;43;103m:[0;1;30;90;43m8[0;33;5;40;100m [0;1;30;90;43m8[0;1;33;93;43m::[0;1;30;90;43m@[0;33;5;40;100mX[0;31;5;40;100m8[0;36;5;40;100m [0;37;5;40;100m8@@[0;36;5;40;100m  [0;33;5;40;100m;S@[0;1;30;90;43m8[0;31;43mX88[0;1;30;90;41m8[0;33;41m@@[0;1;30;90;41m8[0;33;41m8[0;1;30;90;43mS[0;33;5;40;100m%[0;37;5;40;100mSSS%%[0;36;5;40;100m  [0;30;5;40;100mX[0m 
  [0;37;5;40;100mX@@@@8888888[0;1;30;90;47m88[0;33;5;40;100m ;%%;  @ [0;1;30;90;47m8888[0;37;5;40;100mX[0;33;5;40;100m ;[0;1;30;90;43m8[0;1;33;93;43m:[0;33;5;43;103m:::::[0;33;5;40;100m8[0;1;31;91;43m8[0;33;5;43;103m:;[0;1;31;91;43m8[0;1;33;93;43m:[0;1;31;91;43m8[0;1;30;90;43m%[0;33;5;40;100m%[0;37;5;40;100m@8X[0;36;5;40;100m [0;37;5;40;100m@@@@@@@XX[0;33;5;40;100m [0;30;5;40;100m@[0;37;5;40;100mXXXXSSSSSSS%[0;36;5;40;100m   [0;32;40m;[0m 
  [0;36;5;40;100m:[0;37;5;40;100m@@@@@@88888888[0;1;30;90;47m888888[0;37;5;40;100m@[0;1;30;90;47m888888888[0;33;5;40;100m [0;1;30;90;43mX[0;33;5;43;103m:::[0;1;30;90;43mX[0;1;31;91;43m8[0;33;5;43;103m;;[0;1;33;93;43m;:[0;1;30;90;43m@[0;33;5;40;100m; t[0;37;5;40;100mX8@@@@@@@@XXXXXXXXSSSSSSS%%[0;36;5;40;100m  :[0m  
  [0;32;40mt[0;37;5;40;100mX@@@@@@888888888[0;1;30;90;47m888888888888888[0;33;5;40;100m8[0;33;5;43;103m;;;[0;1;30;90;43mS[0;1;33;93;43m;;:[0;1;30;90;43mS[0;33;5;40;100m;[0;37;5;40;100m@8888@@@@@@@@XXXXXXXXXSSSSSS%%[0;36;5;40;100m   [0;1;30;90;40mS[0m  
   [0;36;5;40;100mt[0;37;5;40;100m@@@@@@@@888888888888[0;1;30;90;47m8888888888[0;33;5;40;100m.[0;1;33;93;43m:;::::[0;1;31;91;43m8[0;33;5;40;100m.[0;37;5;40;100m8888@@@@@@@@XXXXXXXXXSSSSSSSS%[0;36;5;40;100m   t[0m   
    [0;36;5;40;100m [0;37;5;40;100m@@@@@@@@@@8888888888888888888X[0;1;30;90;43mX[0;1;33;93;43m:::::[0;1;30;90;43mt[0;36;5;40;100m [0;37;5;40;100m8@@@@@@@@@@XXXXXXXXXSSSSSSSS%[0;36;5;40;100m    [0m    
    [0;1;30;90;40m@[0;37;5;40;100mXX@@@@@@@@@@@88888888888888888[0;33;5;40;100mX[0;1;33;93;43m:::::[0;1;31;91;43m8[0;36;5;40;100m [0;37;5;40;100m@@@@@@@@@XXXXXXXXXXSSSSSSSS%[0;36;5;40;100m    [0;1;30;90;40m@[0m    
     [0;30;5;40;100m8[0;37;5;40;100mXXX@@@@@@@@@@@@@@888888888888[0;33;5;40;100mS[0;1;33;93;43m::::::[0;33;5;40;100mS[0;37;5;40;100m@@@@@@@XXXXXXXXXXXSSSSSSS%%[0;36;5;40;100m    [0;30;5;40;100m8[0m     
      [0;32;5;40;100mS[0;37;5;40;100mXXXXX@@@@@@@@@@@@@@@@@@@@@@@[0;33;5;40;100mX[0;1;33;93;43m::....[0;1;30;90;43mS[0;37;5;40;100m@@@@XXXXXXXXXXXXSSSSSSSS%%[0;36;5;40;100m    %[0m      
       [0;36;5;40;100mt[0;37;5;40;100mXXXXXXX@@@@@@@@@@@@@@@@@@@@[0;33;5;40;100m8[0;1;33;93;43m......[0;31;43m%[0;36;5;40;100m [0;37;5;40;100mXXXXXXXXXXXXXSSSSSSSSS%[0;36;5;40;100m     t[0m       
        [0;36;5;40;100m%[0;37;5;40;100mXXXXXXXXXX@@@@@@@@@@@@@@@@[0;33;5;40;100m8[0;1;33;93;43m......[0;1;31;91;43m8[0;36;5;40;100m.[0;37;5;40;100mXXXXXXXXXXXSSSSSSSSS%%[0;36;5;40;100m     %[0m        
         [0;30;5;40;100m@[0;37;5;40;100mXXXXXXXXXXXXXXXXXXXXXXXXS[0;31;43m@[0;1;33;93;43m......[0;1;31;91;43m8[0;33;5;40;100m;[0;37;5;40;100mXXXXXXXXXSSSSSSSSSS%[0;36;5;40;100m      [0;30;5;40;100m@[0m         
          [0;1;30;90;40m8[0;36;5;40;100m [0;37;5;40;100mXXXXXXXXXXXXXXXXXXXXXX[0;33;5;40;100mS[0;1;31;91;43m8[0;1;33;93;43m.......[0;33;5;40;100m8[0;37;5;40;100mSXXXXXSSSSSSSSSSS%%[0;36;5;40;100m      [0;1;30;90;40m8[0m          
            [0;36;5;40;100m.[0;37;5;40;100mXXXXXXXXXXXXXXX[0;36;5;40;100m  [0;33;5;40;100m.tS[0;1;30;90;43m8[0;1;31;91;43m8[0;1;33;93;43m........[0;1;31;91;43m8[0;1;30;90;43m%[0;33;5;40;100mS[0;36;5;40;100m [0;37;5;40;100mSSSSSSSSSSSS%%[0;36;5;40;100m      .[0m            
             [0;30;5;40;100mX[0;37;5;40;100mSSXXXXXXXX[0;36;5;40;100m [0;33;5;40;100m;[0;1;30;90;43m8[0;31;43mSSt[0;1;31;91;43m8[0;1;33;93;43m.....[0;31;43mt[0;1;33;93;43m....[0;1;31;91;43m888888[0;31;43mS[0;1;30;90;43m@[0;33;5;40;100m88X:[0;36;5;40;100m   [0;33;5;40;100mt[0;30;5;40;100mX[0;36;5;40;100m        [0;30;5;40;100mX[0m             
              [0;1;30;90;40mS[0;36;5;40;100m.[0;37;5;40;100mSSSSSS[0;36;5;40;100m.[0;32;5;40;100mS[0;33;5;40;100mXXS:[0;36;5;40;100m  [0;33;5;40;100m t[0;31;5;40;100mX[0;31;43mX[0;1;31;91;43m8[0;31;43mt8[0;1;31;91;43m88[0;1;30;90;41m8[0;1;31;91;43m8[0;31;43mt[0;1;30;90;43m%[0;31;43mt@@[0;1;30;90;43m%[0;31;43mSS[0;1;30;90;43mS[0;33;5;40;100m88[0;1;30;90;43m8[0;33;5;40;100m888t[0;36;5;40;100m       .[0;1;30;90;40mS[0m              
                [0;1;30;90;40m8[0;36;5;40;100m [0;37;5;40;100mSSSSSSSSSS[0;33;5;40;100m:[0;1;30;90;43m8%[0;31;43mS[0;1;31;91;43m88[0;1;30;90;43m@[0;36;5;40;100m [0;33;5;40;100m8[0;1;31;91;43m88[0;32;5;40;100mS[0;33;5;40;100m8[0;1;31;91;43m8[0;33;5;40;100m8:[0;1;30;90;43m%[0;31;43mt[0;33;5;40;100m8[0;36;5;40;100m [0;37;5;40;100mSSS%%[0;36;5;40;100m          [0;30;5;40;100m8[0m                
                  [0;30;5;40;100mX[0;36;5;40;100m [0;37;5;40;100mSSS%[0;36;5;40;100m%[0;30;5;40;100m@[0;1;30;90;43mX[0;31;43m@X[0;33;5;40;100m8t[0;31;5;40;100m8[0;31;43mt[0;33;5;40;100mS[0;37;5;40;100mSSS[0;33;5;40;100m@[0;1;31;91;43m8[0;31;43m@[0;36;5;40;100m [0;33;5;40;100m8[0;1;31;91;43m8[0;33;5;40;100m8[0;36;5;40;100m [0;33;5;40;100mX[0;31;43m%t[0;1;30;90;43mX[0;33;5;40;100mX;[0;36;5;40;100m          [0;32;5;40;100mX[0m                  
                    [0;32;5;40;100mS[0;36;5;40;100m [0;37;5;40;100mSSS%[0;36;5;40;100m   [0;37;5;40;100mS[0;33;5;40;100mS[0;31;43mt[0;33;5;40;100mX[0;37;5;40;100mSS[0;33;5;40;100m:[0;1;30;90;43m@[0;31;43mS[0;1;31;91;43m8[0;31;43mX[0;36;5;40;100m:[0;37;5;40;100m%[0;33;5;40;100m8[0;31;43mX[0;36;5;40;100m [0;37;5;40;100m%[0;33;5;40;100mt[0;31;43mt[0;31;5;40;100m8[0;33;5;40;100mS@@[0;32;5;40;100mS[0;36;5;40;100mt     [0;32;5;40;100mS[0m                    
                      [0;30;5;40;100mX[0;36;5;40;100m [0;37;5;40;100m%%%%%%[0;33;5;40;100m8[0;31;43m8[0;36;5;40;100m [0;37;5;40;100m%%[0;33;41m8[0;31;43mS[0;33;5;40;100mX[0;36;5;40;100m    [0;31;5;40;100mS[0;33;5;40;100m8[0;36;5;40;100m   [0;31;43m8[0;33;5;40;100m8[0;36;5;40;100m        [0;30;5;40;100mX[0m                      
                        [0;30;5;40;100m8[0;36;5;40;100m      [0;1;30;90;40m8[0;36;5;40;100m    [0;30;5;40;100m8[0;36;5;40;100m%   ;[0;30;5;40;100m8[0;36;5;40;100m   :[0;1;30;90;41m8[0;33;5;40;100m.[0;36;5;40;100m      [0;30;5;40;100m8[0m                        
                          [0;1;30;90;40mX[0;36;5;40;100m;         %   ;          ;[0;1;30;90;40m@[0m                          
                             [0;30;5;40;100m8[0;36;5;40;100m:                  .[0;30;5;40;100m8[0m                             
                                [0;30;5;40;100m8[0;36;5;40;100m.            .[0;30;5;40;100m@[0m                                
                                   [0;30;5;40;100m8[0;36;5;40;100m;      :[0;30;5;40;100m8[0m                                   
                                      [0;1;30;90;40mX[0;30;5;40;100m@X[0;1;30;90;40mX[0m                                      
