                                [0;30;41m8[0;33;41m8[0;31;43m88XSS%%SSX88[0;33;41m8[0;30;41m8[0m                                
                          [0;31;40m8[0;31;43m8S[0;1;31;91;43m8[0;1;33;93;43m:::::::::::::.......[0;1;31;91;43m8[0;31;43mS8[0;30;41m8[0m                          
                      [0;31;40m8[0;31;43m8[0;1;31;91;43m8[0;1;33;93;43m:::::::::::::::::::::.........[0;31;43mt8[0;30;41m8[0m                      
                   [0;30;41m8[0;31;43mX[0;1;33;93;43m.::::::::::::::::::::::::::..........[0;1;31;91;43m8[0;31;43m@[0;30;41m8[0m                   
                 [0;31;43m8[0;1;31;91;43m8[0;1;33;93;43m::;;;[0;33;5;43;103m;;;;;;;;;;;[0;1;33;93;43m;;;::::::::::::...........[0;1;31;91;43m8[0;33;41m8[0m                 
               [0;31;43m@[0;1;33;93;43m.:;[0;33;5;43;103m;;;;:::::::::::::;;;[0;1;33;93;43m;;:::::::::::...........[0;1;31;91;43m8[0;31;43m@[0m               
             [0;31;43m@[0;1;33;93;43m:;;[0;33;5;43;103m;;::::::::::::::::::::[0;33;5;41;101mS[0;33;5;43;103m;;[0;1;33;93;43m;;:::::::::............[0;1;31;91;43m8[0;31;43m@[0m             
           [0;1;30;90;41m8[0;1;33;93;43m.;[0;33;5;43;103m;;::::::::::::[0;1;33;93;43m.[0;33;5;43;103m:::::::::[0;1;31;91;43m8[0;31;5;41;101m@[0;33;5;43;103m::;;[0;1;33;93;43m;;::::[0;1;31;91;43m88[0;1;33;93;43m::.............[0;1;31;91;43m8[0;33;41m8[0m           
          [0;31;43mt[0;1;33;93;43m:;[0;33;5;43;103m;::::::::::::::[0;33;5;41;101mS[0;1;33;93;43m.[0;33;5;43;103m::::::::[0;33;5;41;101mS[0;31;5;41;101m@[0;1;33;93;43m:[0;33;5;43;103m:::;;[0;1;33;93;43m;:.[0;31;5;41;101mX[0;33;5;41;101mX[0;1;33;93;43m::::.............[0;1;31;91;43m8[0;31;43m%[0m          
        [0;30;41m8[0;1;33;93;43m.;[0;33;5;43;103m;;::::::::::[0;37;5;43;103m%[0;33;5;43;103m....[0;33;5;41;101m%[0;31;5;41;101mX[0;33;5;43;103m:....:::[0;33;5;41;101mS[0;31;5;41;101m@[0;33;5;41;101mS[0;33;5;43;103m:::::;[0;1;33;93;43m:[0;31;5;41;101m@8[0;1;33;93;43m.:::::............[0;1;31;91;43m888[0;1;30;90;41m8[0m        
       [0;33;41m8[0;1;33;93;43m:;[0;33;5;43;103m;;:::::::::...[0;37;5;43;103m%S[0;33;5;43;103m..[0;1;33;93;43m:[0;31;5;41;101mXX[0;1;31;91;43m8[0;33;5;43;103m......[0;33;5;41;101m%[0;31;5;41;101m@@[0;33;5;41;101m%[0;33;5;43;103m:::::[0;33;5;41;101mS[0;31;5;41;101m8@[0;1;33;93;43m:::::::............[0;1;31;91;43m888[0;31;43m8[0m       
      [0;31;43m8[0;1;33;93;43m:;[0;33;5;43;103m;;::::::::[0;1;33;93;43m.[0;33;5;43;103m.....[0;37;5;43;103mSt[0;33;5;43;103m..[0;1;31;91;43m8[0;31;5;41;101mXX[0;33;5;41;101mX[0;1;31;91;43m8[0;33;5;43;103m....[0;1;31;91;43m8[0;31;5;41;101m@@@[0;1;31;91;43m8[0;33;5;43;103m::::[0;31;5;41;101m@8@[0;1;33;93;43m;:::::::[0;1;31;91;43m8[0;33;5;41;101mX[0;1;31;91;43m8[0;1;33;93;43m........[0;1;31;91;43m8888[0;31;43m8[0m      
     [0;31;43m8[0;1;33;93;43m:;[0;33;5;43;103m;;:::::::..[0;33;5;41;101m%%[0;33;5;43;103m:....[0;37;5;43;103mX;XX[0;1;31;91;43m8[0;31;5;41;101mXXX[0;33;5;41;101mS[0;33;5;43;103m:..[0;1;31;91;43m8[0;31;5;41;101mX@@X[0;33;5;43;103m:::[0;33;5;41;101m%[0;31;5;41;101m888[0;1;33;93;43m.:::::[0;33;5;41;101m%[0;31;5;41;101m88[0;1;31;91;43m8[0;1;33;93;43m..........[0;1;31;91;43m8888[0;31;43m8[0m     
    [0;33;41m8[0;1;33;93;43m::;[0;33;5;43;103m;:::::::....[0;33;5;41;101m%[0;31;5;41;101mX[0;33;5;41;101m%[0;1;31;91;43m8[0;33;5;43;103m:.[0;37;5;43;103mXX:XX[0;33;5;41;101m%[0;31;5;41;101mXXXS[0;33;5;43;103m:.[0;33;5;41;101m%[0;31;5;41;101mXX@@[0;1;33;93;43m.[0;33;5;43;103m:[0;1;31;91;43m8[0;31;5;41;101m@888[0;1;33;93;43m.;::.[0;31;5;41;101mX88[0;1;31;91;43m8[0;1;33;93;43m...........[0;1;31;91;43m88888[0;33;41m8[0m    
   [0;31;40m8[0;1;33;93;43m::;[0;33;5;43;103m;;:::::::.....[0;1;31;91;43m8[0;33;5;41;101mS[0;31;5;41;101mXXX[0;33;5;41;101mS%[0;37;5;43;103m@:@@[0;31;5;41;101mSXXX[0;33;5;41;101mS[0;1;31;91;43m8[0;31;5;41;101mXXXX@[0;1;31;91;43m8[0;33;5;41;101mS[0;31;5;41;101m@@88@[0;33;5;43;103m;[0;1;33;93;43m;:[0;1;31;91;43m8[0;31;5;41;101m888[0;1;31;91;43m8[0;1;33;93;43m:...........[0;1;31;91;43m888888[0;30;41m8[0m   
   [0;1;31;91;43m8[0;1;33;93;43m::;[0;33;5;43;103m;:::::::......[0;37;5;43;103mXX[0;37;43mX[0;33;5;41;101mS[0;35;5;41;101mXXXX[0;33;47m8[0;37;5;43;103m.@[0;35;5;41;101mX[0;31;5;41;101mSXXXXXXXX@@@@@88[0;1;31;91;43m8[0;33;5;43;103m;[0;1;31;91;43m8[0;33;5;41;101mX[0;31;5;41;101m888@[0;1;33;93;43m::............[0;1;31;91;43m888888[0m   
  [0;33;41m8[0;1;33;93;43m:::;[0;33;5;43;103m;:::::::......[0;37;5;43;103mXX@@[0;37;43m@[0;33;5;41;101mX[0;35;5;41;101mXXX[0;37;43m8[0;37;5;43;103m;@[0;33;5;41;101mX[0;31;5;41;101mSXXXXXXXX@@@@8@[0;33;5;41;101mX[0;31;5;41;101m@88888[0;1;31;91;43m8[0;1;33;93;43m::............[0;1;31;91;43m888888[0;31;43m8[0m  
  [0;1;31;91;43m8[0;1;33;93;43m:::;[0;33;5;43;103m;::::[0;1;33;93;43m:[0;33;5;41;101m%[0;1;31;91;43m8[0;33;5;43;103m:......[0;37;5;43;103mX@@@[0;33;47m8[0;33;5;41;101mX[0;35;5;41;101mXXX[0;37;43m8[0;37;5;43;103m%@[0;33;5;41;101mX[0;31;5;41;101mXXXXXXXX@@@@88888888[0;1;31;91;43m8[0;1;33;93;43m:::.[0;1;31;91;43m8[0;33;5;41;101mS[0;31;5;41;101m@88@[0;33;5;41;101mS[0;1;31;91;43m8[0;1;33;93;43m...[0;1;31;91;43m8888888[0m  
 [0;33;41m8[0;1;33;93;43m::::;[0;33;5;43;103m;:::::[0;1;33;93;43m:[0;33;5;41;101mS[0;31;5;41;101mXXS[0;33;5;41;101mX[0;31;5;41;101mSXXXS[0;33;5;41;101mS%[0;33;47m8[0;33;5;41;101m%[0;35;5;41;101mXXXX[0;33;5;41;101mS[0;37;5;43;103mX@[0;33;5;41;101mX[0;31;5;41;101mXXXXXXX@@@@888888[0;33;5;41;101mX[0;1;33;93;43m.:.[0;1;31;91;43m8[0;33;5;41;101mS[0;31;5;41;101m@888[0;33;5;41;101m%[0;1;33;93;43m.......[0;1;31;91;43m8888888[0;33;41m8[0m 
 [0;31;43mt[0;1;33;93;43m::::;[0;33;5;43;103m;::::::::[0;1;31;91;43m8[0;33;5;41;101mt%S[0;31;5;41;101mXXXXS[0;35;5;41;101mXXXXXXXX[0;33;5;41;101mS[0;37;5;43;103m@X[0;33;5;41;101mX[0;31;5;41;101mXXXXX@@@@@88888888888888X[0;1;33;93;43m.........[0;1;31;91;43m8888888[0;31;43mt[0m 
 [0;1;33;93;43m.::::;[0;33;5;43;103m;;::::::......[0;1;33;93;43m.[0;33;5;41;101m%[0;31;5;41;101mSXXS[0;35;5;41;101mXXXXX[0;31;5;41;101mSX[0;33;5;41;101mX[0;37;5;43;103mXX[0;33;5;41;101mS[0;31;5;41;101mXXXX@@@@@8888888888888[0;33;5;41;101mS[0;1;33;93;43m.........[0;1;31;91;43m888888888[0;31;40mt[0m
[0;31;40m8[0;1;33;93;43m::::::;[0;33;5;43;103m;:::::::........[0;33;5;41;101m%[0;31;5;41;101mXXXXXXXXXXX[0;33;5;43;103m;[0;37;5;43;103m%[0;33;5;41;101mS[0;31;5;41;101mXX@@@@@88888888888@[0;33;5;41;101mS[0;1;33;93;43m...........[0;1;31;91;43m888888888[0;30;41m8[0m
[0;33;41m8[0;1;33;93;43m::::::;[0;33;5;43;103m;;:::::::.[0;1;33;93;43m:[0;33;5;41;101mt%SSXS[0;31;5;41;101mXXXXXXXXXXXX[0;33;5;43;103mt[0;37;5;43;103mt[0;33;5;41;101mX[0;31;5;41;101m@@@@@8888888888@[0;1;31;91;43m8[0;1;33;93;43m.............[0;1;31;91;43m888888888[0;33;41m8[0m
[0;31;43m8[0;1;33;93;43m:::::::;[0;33;5;43;103m;::::[0;1;33;93;43m:[0;1;31;91;43m8[0;33;5;41;101m%[0;31;5;41;101mX@@XXXXXXXXXXXXXXXXXX[0;33;5;41;101mX[0;31;5;41;101m@@@@@88888888888888888888[0;1;31;91;41m88[0;31;5;41;101m88[0;33;5;41;101mX[0;1;31;91;43m8888888888[0;33;41m8[0m
[0;31;43m8[0;1;33;93;43m.:::::::;[0;1;31;91;43m8[0;33;5;41;101mS[0;31;5;41;101mX@88@@XXSXXXXXXXXXXXXXXX@@@@@@@88888888888888888888[0;33;5;41;101m@[0;1;31;91;43m88[0;1;33;93;43m...[0;1;31;91;43m8888888888[0;33;41m8[0m
[0;33;41m8[0;1;33;93;43m.::::::::;[0;33;5;43;103m;;:;[0;1;33;93;43m:[0;33;5;43;103m:::::::[0;1;33;93;43m.[0;33;5;41;101mS[0;31;5;41;101m@@XXXXX@@@@@@@@@@88888888888888888@[0;33;5;41;101mX[0;1;31;91;43m8[0;1;33;93;43m......[0;1;31;91;43m88888888888[0;33;41m8[0m
[0;30;41m8[0;1;33;93;43m..::::::::;[0;33;5;43;103m;;:::::::[0;1;31;91;43m8[0;33;5;41;101mS[0;31;5;41;101m@@@@@@@@@@@@@@@@8888888888888888@[0;1;31;91;43m8[0;1;33;93;43m...........[0;1;31;91;43m88888888888[0;30;41m8[0m
 [0;1;33;93;43m...:::::::::;[0;33;5;43;103m;;:::[0;1;31;91;43m8[0;31;5;41;101m@8@@@@@@@@@@@@@@888888888888888888888X[0;1;31;91;43m8[0;1;33;93;43m........[0;1;31;91;43m888888888888[0;31;40mt[0m
 [0;31;43mt[0;1;33;93;43m...:::::::::;;[0;33;5;43;103m;;[0;33;5;41;101mS[0;31;5;41;101m88888@@@8888888888888888888888888888888888@[0;33;5;41;101mX[0;1;31;91;43m88[0;1;33;93;43m.[0;1;31;91;43m888888888888[0;31;43m%[0m 
 [0;33;41m8[0;1;33;93;43m.....:::::::::[0;1;31;91;43m8[0;31;5;41;101m@88@[0;33;5;41;101mS[0;1;31;91;43m8[0;1;33;93;43m:[0;33;5;43;103m:[0;1;33;93;43m:[0;33;5;41;101mS[0;31;5;41;101m88888888888888888888888888[0;33;5;41;101mS[0;31;5;41;101m@888[0;1;31;91;41m88[0;31;5;41;101m8888[0;1;31;91;41m8[0;31;5;41;101m@[0;1;31;91;43m888888888888[0;33;41m8[0m 
  [0;1;31;91;43m8[0;1;33;93;43m.....::::[0;1;31;91;43m88[0;33;5;41;101mX[0;31;5;41;101m88@[0;33;5;41;101mS[0;1;31;91;43m8[0;1;33;93;43m;;[0;33;5;43;103m;;[0;1;31;91;43m8[0;31;5;41;101m@888888888888888888888888888[0;33;5;41;101mS[0;1;33;93;43m...[0;1;31;91;43m888[0;1;33;93;43m....[0;1;31;91;43m88[0;33;5;41;101m@[0;1;31;91;43m88888888888[0m  
  [0;33;41m8[0;1;33;93;43m.......:::.[0;1;31;91;43m8[0;1;33;93;43m.:::::::[0;1;31;91;43m8[0;31;5;41;101m888888X88888888888888888888888[0;33;5;41;101mX[0;1;33;93;43m........[0;1;31;91;43m88888888888888[0;31;43m8[0m  
   [0;1;31;91;43m8[0;1;33;93;43m........:::::::::::[0;31;5;41;101mX888X[0;1;31;91;43m8[0;1;33;93;43m:[0;1;31;91;43m8[0;31;5;41;101m88888888888888888[0;33;5;43;103m%[0;1;33;93;43mt[0;31;5;41;101m8888[0;1;31;91;41m8[0;31;5;41;101m8[0;33;5;41;101mS[0;1;33;93;43m.....[0;1;31;91;43m888888888888888[0m   
   [0;31;40m8[0;1;33;93;43m...........:::::::[0;1;31;91;43m8[0;31;5;41;101m888[0;1;31;91;43m8[0;1;33;93;43m:::[0;31;5;41;101m88888X[0;1;31;91;43m8[0;31;5;41;101m88888[0;33;5;41;101mS[0;31;5;41;101m88888[0;33;5;41;101m%[0;33;5;43;103m;;[0;1;33;93;43mt[0;31;5;41;101m@8[0;1;31;91;41m888[0;31;5;41;101m8[0;33;5;41;101mX[0;1;31;91;43m8[0;1;33;93;43m.[0;1;31;91;43m888888888888888[0;30;41m8[0m   
    [0;33;41m8[0;1;33;93;43m.............:::.[0;31;5;41;101m@8@[0;1;31;91;43m8[0;1;33;93;43m:::[0;1;31;91;43m8[0;31;5;41;101m8888[0;33;5;41;101mS[0;1;33;93;43m:[0;1;31;91;43m8[0;31;5;41;101m8888@[0;1;33;93;43m.[0;1;31;91;43m8[0;31;5;41;101m8888@[0;1;33;93;43m.[0;33;5;43;103mt;t[0;1;33;93;43m.[0;1;31;91;43m88[0;33;5;41;101mX[0;31;5;41;101m8[0;1;31;91;41m8[0;31;5;41;101m8[0;1;31;91;43m888888888888888[0;33;41m8[0m    
     [0;31;43m8[0;1;33;93;43m..............[0;1;31;91;43m8[0;31;5;41;101m88[0;33;5;41;101mS[0;1;33;93;43m.::::[0;1;31;91;43m8[0;31;5;41;101m888[0;33;5;41;101mX[0;1;33;93;43m:..[0;31;5;41;101m8888[0;33;5;41;101mS[0;1;33;93;43m..[0;1;31;91;43m8[0;31;5;41;101m88[0;1;31;91;41m88[0;33;5;41;101mX[0;1;33;93;43m.[0;33;5;43;103mttt[0;1;33;93;43m...[0;1;31;91;43m88[0;31;5;41;101m@8[0;1;31;91;43m8888888888888[0;31;43m8[0m     
      [0;31;43m8[0;1;33;93;43m............[0;1;31;91;43m8[0;33;5;41;101mX[0;1;31;91;43m8[0;1;33;93;43m........[0;31;5;41;101m888[0;1;31;91;43m8[0;1;33;93;43m...[0;33;5;41;101mS[0;31;5;41;101m888[0;33;5;41;101mS[0;1;33;93;43m...[0;1;31;91;43m8[0;33;5;41;101mX[0;31;5;41;101m8[0;1;31;91;41m88[0;33;5;41;101mX[0;1;33;93;43m.[0;33;5;43;103mtttt[0;1;33;93;43m:.[0;1;31;91;43m888888888888888[0;31;43m8[0m      
       [0;33;41m8[0;1;33;93;43m......................[0;31;5;41;101m88[0;33;5;41;101mX[0;1;33;93;43m.....[0;33;5;41;101mX[0;31;5;41;101m8[0;1;31;91;41m8[0;31;5;41;101mX[0;1;33;93;43m.....[0;1;31;91;43m8[0;33;5;41;101mX[0;31;5;41;101m8[0;1;31;91;41m8[0;1;31;91;43m8[0;1;33;93;43m.[0;33;5;43;103mttttt[0;1;31;91;43m88888888888888[0;31;43m8[0m       
        [0;30;41m@[0;1;31;91;43m8[0;1;33;93;43m...................[0;1;31;91;43m8[0;31;5;41;101m88[0;1;31;91;43m8[0;1;33;93;43m......[0;31;5;41;101mX[0;1;31;91;41m8[0;31;5;41;101m8[0;1;33;93;43m.......[0;1;31;91;43m8[0;31;5;41;101m88[0;1;31;91;43m8[0;33;5;43;103mtt%%t[0;1;33;93;43m;[0;1;31;91;43m888888888888[0;33;41m@[0m        
          [0;31;43m%[0;1;33;93;43m..................[0;33;5;41;101m@[0;31;5;41;101m@[0;1;31;91;43m8[0;1;33;93;43m.......[0;1;31;91;43m8[0;1;31;91;41m8[0;31;5;41;101m8[0;1;33;93;43m......[0;1;31;91;43m888[0;31;5;41;101m8[0;1;31;91;43m88[0;1;33;93;43mt[0;33;5;43;103m%%%%[0;1;31;91;43m8888888888[0;31;43mS[0m          
           [0;33;41m8[0;1;31;91;43m88[0;1;33;93;43m..............[0;1;31;91;43m88[0;1;33;93;43m..........[0;31;5;41;101m8[0;33;5;41;101mX[0;1;33;93;43m..[0;1;31;91;43m888888888888[0;1;33;93;43m;[0;33;5;43;103m%%[0;1;33;93;43m;[0;1;31;91;43m88888888[0;33;41m8[0m           
             [0;31;43m8[0;1;31;91;43m888888[0;1;33;93;43m...................[0;1;31;91;43m8[0;33;5;41;101m@[0;1;31;91;43m88888888888888888[0;1;33;93;43m;[0;33;5;43;103mS[0;1;31;91;43m888888[0;31;43m8[0m             
               [0;31;43m@[0;1;31;91;43m888888888888888888888888888888888888888888888888[0;31;43m8[0m               
                 [0;33;41m8[0;1;31;91;43m88888888888888888888888888888888888888888888[0;31;43m8[0m                 
                   [0;30;41m8[0;31;43m@[0;1;31;91;43m88888888888888888888888888888888888888[0;31;43m@[0;30;41m8[0m                   
                      [0;31;40m8[0;31;43m8t[0;1;31;91;43m888888888888888888888888888888[0;31;43m%8[0;30;41m8[0m                      
                          [0;30;41m8[0;31;43m8X[0;1;31;91;43m8888888888888888888888[0;31;43mX8[0;30;41m8[0m                          
                                [0;30;41m8[0;33;41m@8[0;31;43m8@XXXXXX@8[0;33;41m8@[0;30;41m8[0m                                
