[0;1;30;90;43m.[0;1;33;93;43mSXXXXXXXXXXXXXXXXXXXXXXXXXXXXXXXXXXXXXXXXXXXXXXXXXXXXXXXSSSSSSSSSSSSS%%%[0;1;30;90;43m       [0m
[0;1;30;90;43m.[0;33;5;43;103m;;;;;;;;;X[0;37;43m@8[0;1;30;90;43m8[0;37;43m8[0;33;5;43;103m8;;;;;;;;;;;;:::;;;;;;S[0;37;43m@[0;33;47m88[0;37;43m8[0;33;5;43;103m8;;;;;;;;;;;;;;;tttttt@[0;37;43mX[0;1;30;90;43m8[0;33;5;40;100m;[0;1;30;90;43m8[0;1;33;93;43m8[0;33;5;43;103m%%%%%SSSS[0;1;30;90;43m [0m
[0;1;30;90;43m.[0;33;5;43;103m;;;;;;;[0;1;30;90;43m8[0;1;30;90;44m8[0;34;5;44;104m888888[0;1;34;94;44m8[0;37;5;40;100mX[0;33;5;43;103mS;;:::::::::::::;[0;33;47m8[0;36;5;40;100m%[0;34;5;44;104m888888[0;1;34;94;44m8[0;37;5;40;100mX[0;33;5;43;103mS;;;;;;;;;;;;;;tt[0;1;30;90;43m8[0;1;30;90;44m8[0;1;34;94;44m888888X[0;36;5;40;100m [0;33;5;43;103m8%%%SSS[0;1;30;90;43m [0m
[0;1;30;90;43m:[0;33;5;43;103m;;;;;%[0;36;5;40;100mt[0;34;5;44;104m8888888888[0;1;34;94;44m8[0;37;43m8[0;33;5;43;103m:::::::::::::%[0;36;5;40;100m;[0;34;5;44;104m8888888888[0;1;34;94;44m8[0;37;43m8[0;33;5;43;103m;;;;;;;;;;;;;%[0;36;5;40;100mt[0;1;34;94;44m8888888888X[0;1;30;90;43m8[0;33;5;43;103m%%%SS[0;1;30;90;43m [0m
[0;1;30;90;43m:[0;33;5;43;103m;;;;;[0;36;5;40;100m [0;34;5;44;104m888888888888[0;1;34;94;44m8[0;33;5;43;103mX::::::::::::[0;36;5;40;100m [0;34;5;44;104m888888888888[0;1;34;94;44m8[0;33;5;43;103m@;;;;;;;;;;;;[0;36;5;40;100m:[0;1;34;94;44m888888888888@[0;33;5;43;103m8%%%S[0;1;30;90;43m [0m
[0;1;30;90;43m:[0;33;5;43;103m;;;;%[0;34;5;44;104m88888888888888[0;1;30;90;47m@[0;33;5;43;103m:::::::::::t[0;34;5;44;104m88888888888888[0;37;5;40;100m8[0;33;5;43;103m;;;;;;;;;;;S[0;1;34;94;44m88888888888888[0;33;5;40;100m [0;33;5;43;103m%%%%[0;1;30;90;43m [0m
[0;1;30;90;43m:[0;33;5;43;103m;;;;t[0;1;34;94;44m8[0;34;5;44;104m8888888888888[0;1;30;90;47mS[0;33;5;43;103m:::::::::::t[0;34;5;44;104m88888888888888[0;37;5;40;100m8[0;33;5;43;103m:;;;;;;;;;;S[0;1;34;94;44m88888888888888[0;33;5;40;100m.[0;33;5;43;103m%%%%[0;1;30;90;43m.[0m
[0;1;30;90;43m:[0;33;5;43;103m;;;;;[0;37;5;40;100mS[0;34;5;44;104m888888888888[0;1;34;94;44m8[0;37;5;43;103mS[0;33;5;43;103m::...[0;37;5;43;103m;;;:;;;[0;37;5;40;100m@[0;34;5;44;104m@@8888888888[0;1;34;94;44m8[0;33;5;43;103mS::;;;;;;;;;;[0;36;5;40;100m [0;1;34;94;44m888888888888X[0;33;5;43;103m@%%%%[0;1;30;90;43m.[0m
[0;1;30;90;43m:[0;33;5;43;103m;;;;;;[0;36;5;40;100m [0;34;5;44;104m8888888888[0;1;30;90;44m8[0;37;5;43;103m8[0;33;5;43;103m.[0;37;5;43;103m;:::::::::::t[0;37;5;40;100mS[0;34;5;44;104m@@@@888888[0;1;34;94;44m8[0;37;5;43;103m@[0;33;5;43;103m:::::;;;;;;;;t[0;36;5;40;100m [0;1;34;94;44m8888888888S[0;1;33;93;43m8[0;33;5;43;103m%%%%%[0;1;30;90;43m.[0m
[0;1;30;90;43m:[0;33;5;43;103m;;;;;::[0;37;43m8[0;36;5;40;100m [0;1;34;94;44m8[0;34;5;44;104m88888[0;36;5;40;100m;[0;1;30;90;47m%[0;37;5;43;103m%::::::::::::::::[0;1;33;93;47mX[0;37;5;40;100mX[0;34;5;44;104m8@@@88[0;36;5;40;100m;[0;1;30;90;47m%[0;33;5;43;103mt:::::::;;;;;;;;;[0;37;43mX[0;36;5;40;100m [0;1;34;94;44m888888[0;1;30;90;44m8[0;33;5;40;100m [0;33;5;43;103mSt%%%%%[0;1;30;90;43m.[0m
[0;1;30;90;43m:[0;33;5;43;103m;;;;::::::X[0;1;33;93;47mS[0;33;47m8[0;37;5;43;103m@%[0;33;5;43;103m.[0;37;5;43;103m::::::.............::@[0;1;33;93;47mXS[0;37;5;43;103m8%[0;33;5;43;103m::::::::::;;;;;;;;;;;t8[0;1;33;93;43m8[0;37;43mX[0;1;33;93;43m8[0;33;5;43;103mStttt%%%%%[0;1;30;90;43m.[0m
[0;1;30;90;43m%[0;33;5;43;103mttttt[0;37;5;43;103mSSSSXXXXXX@@@XXXXXSSSSSSSSSSSXXXXX@@@XXXXXSSSSS[0;33;5;43;103mttttttttttttt%%%%%%%%SSSSS[0;1;30;90;43mt[0m
[0;1;30;90;46m8[0;37;5;46;106m8888888888[0;1;36;96;47m888888888888888@@@@@@@888888888888888[0;37;5;46;106m888888888888888888@@@@@@@[0;36;5;46;106m88888[0;1;36;96;46m8[0;1;30;90;46m@[0m
[0;1;30;90;46m8[0;37;5;46;106m888888888[0;1;36;96;47m8888888888888@@@@@@@@@@@@88[0;36;47m8[0;1;30;90;47m8[0;37;5;40;100m8[0;33;5;40;100m [0;37;5;40;100m8[0;36;47m8[0;1;36;96;47m88888[0;37;5;46;106m888888888888888888@@@@@@@[0;36;5;46;106m88888[0;1;36;96;46m8[0;1;30;90;46m@[0m
[0;1;30;90;46m8[0;37;5;46;106m888888888[0;1;36;96;47m888888888888@@@@@@@@@@@@@8[0;37;5;40;100m8[0;1;30;90;43m8[0;33;5;40;100m:[0;1;30;90;47m88[0;33;5;40;100m:[0;1;30;90;43m8[0;33;5;40;100m:[0;1;36;96;47m88888[0;37;5;46;106m888888888888888888@@@@@@[0;36;5;46;106m888888[0;1;30;90;46m@[0m
[0;1;30;90;46m8[0;37;5;46;106m888888888[0;1;36;96;47m88888888888@@@@@@XXXXX@@@[0;1;30;90;47mS[0;1;30;90;43m8[0;33;5;40;100m [0;1;36;96;47m8888[0;33;5;40;100m [0;1;30;90;43m8[0;36;5;40;100m.[0;1;36;96;47m8888[0;37;5;46;106m888888888888888888@@@@@@[0;36;5;46;106m888888[0;1;30;90;46m@[0m
[0;1;30;90;46m8[0;37;5;46;106m88888888[0;1;36;96;47m888888888888@@@@XXXXXXXX@@[0;1;30;90;47mt[0;1;30;90;43m8[0;33;5;40;100m [0;1;36;96;47m8[0;1;30;90;47mS@[0;1;36;96;47m8[0;33;5;40;100m [0;1;30;90;43m8[0;36;5;40;100m:[0;1;36;96;47m8888[0;37;5;46;106m888888888888888888@@@@@@[0;36;5;46;106m888888[0;1;30;90;46m@[0m
[0;1;30;90;46m8[0;37;5;46;106m88888888[0;1;36;96;47m888888888888@@@@XXXXXXXX@@@[0;37;5;40;100m8[0;1;30;90;43m8[0;33;5;40;100m%[0;1;30;90;43m88[0;33;5;40;100mX[0;1;30;90;43m8[0;33;5;40;100m [0;1;36;96;47m88888[0;37;5;46;106m888888888888888888@@@@@@[0;36;5;46;106m888888[0;1;30;90;46m@[0m
[0;1;30;90;46m8[0;37;5;46;106m88888888[0;1;36;96;47m888888888888@@@@@XXXXXXX@@@@[0;36;47m@[0;37;5;40;100m@[0;1;30;90;43m88[0;36;5;40;100m.[0;36;47m8[0;1;36;96;47m888888[0;37;5;46;106m888888888888888888@@@@@@[0;36;5;46;106m888888[0;1;30;90;46m@[0m
[0;1;30;90;46m8[0;37;5;46;106m888888888[0;1;36;96;47m88888888888@@@@@@XXXX@@@@@8[0;36;47m@[0;33;5;40;100m [0;1;30;90;43m88[0;33;5;40;100mt[0;1;30;90;47mS[0;36;47m8[0;1;36;96;47m88888[0;37;5;46;106m888888888888888888@@@@@@[0;36;5;46;106m888888[0;1;30;90;46m@[0m
[0;1;30;90;46m8[0;37;5;46;106m888888888[0;1;36;96;47m8888888888888@@@@[0;36;47m@[0;1;30;90;47mt%S@8@@@[0;33;5;40;100m:[0;1;30;90;43m888888[0;33;5;40;100mX[0;37;5;40;100m88@XX@8[0;36;5;40;100m [0;37;46m888[0;36;47m888[0;1;36;96;47m@[0;37;5;46;106m88888888@@@@@@[0;36;5;46;106m888888[0;1;30;90;46m@[0m
[0;36;5;40;100m8[0;37;5;46;106m8888888888[0;1;36;96;47m888888888[0;37;5;40;100m@[0;1;30;90;43m888888[0;33;5;40;100m%[0;1;30;90;43m88888888[0;33;5;40;100mS[0;1;30;90;43m888888[0;33;5;40;100m8[0;1;30;90;43m88888[0;31;43mX@@[0;1;30;90;41m@[0;31;43m888[0;33;41m888[0;36;5;40;100m:[0;37;5;46;106m888888@@@@@@@[0;36;5;46;106m88888[0;1;36;96;46m8[0;1;30;90;46m@[0m
[0;36;5;40;100m8[0;37;5;46;106m8888888888[0;1;36;96;47m888888888[0;36;47m8[0;37;5;40;100m8@@@XX[0;33;5;40;100m t%SSSS[0;1;30;90;43m88[0;33;5;40;100mX[0;1;30;90;43m888888[0;33;5;40;100m8[0;1;30;90;43m8888[0;31;5;40;100m888[0;33;5;40;100m8%..[0;36;5;40;100m    [0;1;30;90;46m8[0;37;5;46;106m888888@@@@@@[0;36;5;46;106m888888[0;1;36;96;46m8[0;36;5;40;100m8[0m
[0;1;30;90;40m8[0;37;5;46;106m88888888888[0;1;36;96;47m8888888888888888888888X[0;36;47m88[0;33;5;40;100m%[0;1;30;90;43m8888[0;33;5;40;100m8[0;37;46m8[0;36;47m888[0;1;36;96;47mX88[0;37;5;46;106m888888888888888@@@@@@@[0;36;5;46;106m888888[0;1;36;96;46m8[0;1;30;90;40m8[0m
 [0;37;5;46;106m888888888888[0;1;36;96;47m888888888888888888888888[0;33;5;40;100mt[0;1;30;90;43m8888[0;31;5;40;100m8[0;1;36;96;47m88[0;37;5;46;106m88888888888888888888@@@@@@@[0;36;5;46;106m88888[0;1;36;96;46m88[0m 
 [0;1;30;90;46m8[0;37;5;46;106m8888888888888[0;1;36;96;47m8888888[0;36;47m8[0;37;5;40;100m8S[0;1;36;96;47m888888888888[0;33;5;40;100mt[0;1;30;90;43m8888[0;31;5;40;100m8[0;1;36;96;47m8[0;37;5;46;106m88888888888[0;36;5;40;100m  [0;37;46m@[0;37;5;46;106m888888@@@@@@@[0;36;5;46;106m888888[0;1;36;96;46m8[0;1;30;90;46m8[0m 
 [0;36;5;40;100m8[0;37;5;46;106m888888888888888[0;1;36;96;47m888[0;36;47m8[0;33;5;40;100m [0;1;30;90;43m888[0;36;47m8[0;1;36;96;47m88888888888[0;33;5;40;100m%[0;1;30;90;43m8888[0;31;5;40;100m@[0;37;5;46;106m88888888888[0;37;46mX[0;33;41m8[0;31;43m88[0;33;5;40;100m%[0;37;46m@[0;37;5;46;106m8888@@@@@@@[0;36;5;46;106m88888[0;1;36;96;46m88[0;1;30;90;46m@[0m 
  [0;37;5;46;106m8888888888888888[0;36;47m8[0;33;5;40;100m [0;1;30;90;43m88888[0;36;47m8[0;1;36;96;47m88888888888[0;33;5;40;100mS[0;1;30;90;43m888[0;31;43mX[0;31;5;40;100m@[0;37;5;46;106m88888888888[0;37;46m@[0;33;41m8[0;31;43m8[0;33;41m8[0;31;43m8[0;33;41m8[0;33;5;40;100mt[0;37;46m@[0;37;5;46;106m8@@@@@@@[0;36;5;46;106m888888[0;1;36;96;46m88[0;32;40m%[0m 
  [0;1;30;90;46m8[0;37;5;46;106m88888888888888[0;36;5;40;100m.[0;1;30;90;43m8[0;31;43m@[0;1;30;90;43m88888[0;36;47m8[0;1;36;96;47m8888888888[0;37;5;46;106m8[0;33;5;40;100mS[0;31;43mX88@[0;1;30;90;41m8[0;37;5;46;106m88888888888[0;37;46mX[0;33;41m8[0;31;43m88[0;33;41m@8[0;31;43m8[0;33;41m8[0;36;5;40;100m;[0;37;5;46;106m@@@@@@[0;36;5;46;106m888888[0;1;36;96;46m88[0;1;30;90;46m8[0m  
  [0;32;40mS[0;37;5;46;106m888888888888[0;36;47m8[0;33;5;40;100mt[0;31;43m@@[0;33;41m8[0;31;43m@8@X[0;1;30;90;43m8[0;1;30;90;46m8[0;37;5;46;106m88888888888[0;33;5;40;100mX[0;31;43m@88@[0;1;30;90;41m8[0;37;5;46;106m88888888888[0;1;30;90;46m8[0;33;41m8[0;31;43m88[0;33;41m88@[0;31;43m88[0;33;5;40;100m8[0;37;46mX[0;37;5;46;106m@@@[0;36;5;46;106m888888[0;1;36;96;46m888[0;1;30;90;40m8[0m  
   [0;1;30;90;46m8[0;37;5;46;106m8888888888[0;37;46m@[0;33;5;40;100m8[0;31;43m8@[0;33;41m8[0;31;43m8[0;1;30;90;41m@[0;31;43m@@@@[0;36;5;40;100m%[0;37;5;46;106m88888888888[0;33;5;40;100m@[0;31;43m@88@[0;1;30;90;41m8[0;37;5;46;106m88888888888[0;36;5;40;100m@[0;31;43m8888[0;1;30;90;41m8[0;33;41m8@[0;31;43m88[0;33;41m8[0;37;46mX[0;37;5;46;106m@[0;36;5;46;106m8888888[0;1;36;96;46m88[0;1;30;90;46m8[0m   
    [0;37;46m@[0;37;5;46;106m888888888[0;36;47m8[0;36;5;40;100m:[0;33;5;40;100m.[0;36;5;40;100mt[0;33;5;40;100m@[0;31;43m8[0;33;5;40;100mt[0;36;5;40;100m;[0;33;41m8[0;31;43m@@[0;33;5;40;100m8[0;37;5;46;106m88888888888[0;33;5;40;100m@[0;31;43m@888[0;1;30;90;41m8[0;37;5;46;106m88888888888[0;33;5;40;100m8[0;31;43m88[0;33;41m8[0;36;5;40;100m;[0;33;5;40;100m%[0;31;43m8[0;31;5;40;100m8[0;36;5;40;100mX[0;33;5;40;100m;[0;36;5;40;100m;[0;37;46mX[0;36;5;46;106m8888888[0;1;36;96;46m88[0;37;46mX[0m    
    [0;30;5;40;100m@[0;37;5;46;106m888888888888[0;36;47m8[0;33;41m8[0;31;43m8[0;36;5;40;100m;[0;37;5;46;106m8[0;36;47m8[0;1;30;90;46m8[0;36;5;40;100m.[0;1;30;90;46m8[0;37;5;46;106m88888888888[0;33;5;40;100m@[0;31;43m8888[0;1;30;90;41m8[0;37;5;46;106m88888888888[0;1;30;90;46m8[0;36;5;40;100m;[0;1;30;90;46m8[0;37;46mX[0;37;5;46;106m@[0;36;5;40;100mt[0;31;43m8[0;33;41m@[0;1;30;90;46m8[0;37;5;46;106m@@[0;36;5;46;106m8888888[0;1;36;96;46m888[0;1;30;90;40m8[0m    
     [0;36;5;40;100m8[0;37;5;46;106m88888888888[0;1;30;90;46m8[0;31;43m8[0;33;41m8[0;31;5;40;100mS[0;37;5;46;106m8888888888888888[0;33;5;40;100m8[0;31;43m8888[0;1;30;90;41m8[0;37;5;46;106m888888888888@@@@[0;33;5;40;100mS[0;33;41m88[0;1;30;90;46m8[0;37;5;46;106m@[0;36;5;46;106m8888888[0;1;36;96;46m888[0;36;5;40;100m8[0m     
      [0;1;30;90;46m8[0;37;5;46;106m8888888888[0;1;30;90;46m8[0;31;43m8[0;33;41m88[0;1;30;90;46m8[0;37;5;46;106m888888888888888[0;33;5;40;100m8[0;31;43m8[0;33;41m88[0;31;43m8[0;1;30;90;41m8[0;37;5;46;106m8888888888@@@@@[0;37;46mX[0;33;41m@@8[0;36;5;40;100m8[0;36;5;46;106m888888[0;1;36;96;46m8888[0;1;30;90;46m@[0m      
       [0;1;30;90;46m8[0;37;5;46;106m888888888[0;1;30;90;46m8[0;31;43m8[0;33;41m8[0;31;43m8[0;31;5;40;100mX[0;37;46m@[0;37;5;46;106m88888888888888[0;33;5;40;100m8[0;31;43m8[0;33;41m88[0;31;43m8[0;1;30;90;41m8[0;37;5;46;106m88888888@@@@@@[0;36;5;46;106m8[0;33;5;40;100mS[0;33;41m8@8[0;36;5;40;100m8[0;36;5;46;106m88888[0;1;36;96;46m8888[0;1;30;90;46m8[0m       
        [0;1;30;90;46m8[0;37;5;46;106m@8888888[0;37;46m@[0;33;41m8[0;31;43m8[0;33;41m@[0;31;43m8[0;31;5;40;100mS[0;37;46mX[0;37;5;46;106m8888888888888[0;33;5;40;100m8[0;31;43m8[0;33;41m88[0;31;43m8[0;1;30;90;41m8[0;37;5;46;106m888888@@@@@@@[0;37;46mX[0;33;5;40;100mS[0;33;41m8@8@[0;1;30;90;46m8[0;36;5;46;106m8888[0;1;36;96;46m8888[0;1;30;90;46m@[0m        
         [0;1;30;90;46m@[0;37;5;46;106m@@@88888[0;36;5;40;100m%[0;31;43m88[0;33;41m8[0;31;43m8[0;1;30;90;41m@[0;36;5;40;100m@[0;37;46m@[0;37;5;46;106m88888888888[0;33;5;40;100m8[0;31;43m8[0;33;41m88[0;31;43m8[0;1;30;90;41m8[0;37;5;46;106m888@@@@@@@@[0;1;36;96;46m8[0;36;5;40;100m@[0;1;30;90;41m@[0;33;41m8@88[0;30;5;40;100m8[0;36;5;46;106m888[0;1;36;96;46m88888[0;1;30;90;46m@[0m         
          [0;30;5;40;100mX[0;37;46m@[0;37;5;46;106m@@@@@8[0;36;5;46;106m8[0;33;5;40;100mX[0;31;43m88[0;33;41m88[0;31;43m8[0;1;30;90;41m@[0;36;5;40;100m;[0;1;30;90;46m8[0;37;5;46;106m@88888888[0;33;5;40;100m8[0;31;43m8[0;33;41m88[0;31;43m8[0;1;30;90;41m8[0;37;5;46;106m@@@@@@@@@[0;1;30;90;46m8[0;36;5;40;100m;[0;1;30;90;41m@[0;33;41m88@88[0;30;5;40;100m8[0;37;46mX[0;36;5;46;106m88[0;1;36;96;46m8888[0;37;46mX[0;32;5;40;100mS[0m          
            [0;1;30;90;46m8[0;37;5;46;106m@@@@@@[0;36;5;46;106m8[0;36;5;40;100mS[0;33;41m8[0;31;43m8[0;33;41m888[0;31;43m8[0;33;41m8[0;1;30;90;41mS[0;33;5;40;100mt[0;36;5;40;100mt[0;1;30;90;46m8[0;37;46mX[0;37;5;46;106m@8@@[0;31;5;40;100mS[0;31;43m8[0;33;41m88[0;31;43m8[0;1;30;90;41m@[0;37;5;46;106m@@@[0;36;5;46;106m8[0;37;46mX[0;1;30;90;46m8[0;36;5;40;100m%[0;33;5;40;100m%[0;1;30;90;41mX[0;33;41m888@88@[0;36;5;40;100m@[0;37;46mX[0;36;5;46;106m8[0;1;36;96;46m88888[0;1;30;90;46m8[0m            
             [0;1;30;90;46m@[0;37;5;46;106m@@@@@@@[0;1;30;90;46m8[0;33;5;40;100m@[0;33;41m8[0;31;43m8[0;33;41m8888[0;31;43m888[0;33;41m88[0;33;5;40;100m8X%[0;33;41m8[0;31;43m8[0;33;41m88[0;31;43m8[0;33;41m@[0;33;5;40;100mX8[0;31;5;40;100m8[0;33;41m@88888@@888[0;31;5;40;100m@[0;1;30;90;46m8[0;36;5;46;106m8[0;1;36;96;46m888888[0;1;30;90;46m@[0m             
              [0;32;40mX[0;1;30;90;46m8[0;37;5;46;106m@@@@@@@[0;1;30;90;46m8[0;33;5;40;100m;[0;1;30;90;41m@[0;33;41m8[0;31;43m8[0;33;41m8888888[0;31;43m888[0;33;41m888888888@@@@888[0;1;30;90;41m8[0;33;5;40;100m%[0;1;30;90;46m8[0;1;36;96;46m8888888[0;1;30;90;46m8[0;32;40mX[0m              
                [0;36;5;40;100m8[0;37;46mX[0;37;5;46;106m@@@@@@@[0;1;36;96;46m8[0;1;30;90;46m8[0;36;5;40;100m%[0;31;5;40;100mX[0;33;41m@8[0;31;43m88[0;33;41m88888@XX@@@@88888@[0;31;5;40;100mX[0;36;5;40;100mt[0;1;30;90;46m8[0;37;46mX[0;1;36;96;46m8888888[0;37;46mX[0;36;5;40;100m8[0m                
                  [0;1;30;90;46m@[0;1;36;96;46m8[0;36;5;46;106m888888888[0;37;46mX[0;1;30;90;46m8[0;36;5;40;100mX[0;33;5;40;100mS[0;31;5;40;100m8[0;33;41m@8888[0;1;30;90;41m88[0;33;41m8888@[0;31;5;40;100m8[0;33;5;40;100mS[0;36;5;40;100mS[0;1;30;90;46m8[0;37;46mX[0;36;5;46;106m8[0;1;36;96;46m888888888[0;1;30;90;46m@[0m                  
                    [0;1;30;90;46m@[0;1;36;96;46m8[0;36;5;46;106m888888888888[0;37;46mX[0;1;30;90;46m88[0;36;5;40;100m:[0;33;5;40;100m8[0;33;41m88[0;31;5;40;100m8[0;36;5;40;100m:[0;1;30;90;46m88[0;37;46mX[0;36;5;46;106m88[0;1;36;96;46m8888888888@[0;1;30;90;46m@[0m                    
                      [0;1;30;90;46m@[0;37;46mX[0;36;5;46;106m8888888888888[0;37;46mX[0;36;5;40;100mS[0;33;41m@@[0;36;5;40;100m8[0;1;30;90;46m8[0;1;36;96;46m8888888888888[0;37;46mX[0;1;30;90;46m@[0m                      
                        [0;36;5;40;100m8[0;1;30;90;46m8[0;36;5;46;106m88888888[0;1;36;96;46m88[0;1;30;90;46m8[0;33;41m8[0;1;30;90;41m8[0;33;41mX@[0;1;30;90;41m8[0;33;41m@[0;36;5;40;100m8[0;1;36;96;46m8888888888[0;1;30;90;46m8[0;36;5;40;100m8[0m                        
                          [0;1;30;90;40m8[0;1;30;90;46m8[0;1;36;96;46m88888888[0;1;30;90;41m88[0;1;30;90;46m8[0;36;5;40;100mXS[0;37;46mX[0;31;5;40;100m@[0;1;30;90;41m8[0;1;30;90;46m8[0;1;36;96;46m8888888[0;1;30;90;46m8[0;30;5;40;100mX[0m                          
                             [0;36;5;40;100m8[0;1;30;90;46m8[0;1;36;96;46m88888[0;31;5;40;100m@[0;33;41m@[0;1;30;90;46m8[0;1;36;96;46m88[0;1;30;90;46m8[0;33;41m8[0;1;30;90;41m8[0;37;46mX[0;1;36;96;46m8888[0;1;30;90;46m8[0;36;5;40;100m8[0m                             
                                [0;36;5;40;100m8[0;1;30;90;46m8[0;1;36;96;46m88[0;1;30;90;46m8[0;33;5;40;100m@[0;33;41mX@@X[0;33;5;40;100m8[0;1;30;90;46m8[0;1;36;96;46m88[0;1;30;90;46m8X[0m                                
                                   [0;36;5;40;100m8[0;1;30;90;46m8[0;37;46mXS[0;1;30;90;46m888[0;1;36;96;46m@[0;1;30;90;46m8[0;36;5;40;100m8[0m                                   
                                      [0;1;30;90;40m8[0;1;30;90;46m@@[0;1;30;90;40m8[0m                                      
