[0;31;43m8[0;1;30;90;43m...............:::::::::::::::::::::::::::....................                [0;31;43m8[0m
[0;1;30;90;43m.[0;33;5;43;103mtttttt;;;;;;;;;;;;;;;;;;;;;;;;;;;;;;;;;;;;;;;;;;;;;tttttttttttt%%%%%%%SSSSSSSS[0;1;30;90;43m [0m
[0;1;30;90;43m.[0;33;5;43;103mtttt;;;;;;;;;;;;;;;;;;;;;;;;;;;;;;;;;;;;;;;;;;;;;;;;;ttttttttttt%%%%%%%SSSSSSS[0;1;30;90;43m [0m
[0;1;30;90;43m:[0;33;5;43;103mtt;;;;;;;;;;;;;;;;;;;;;;;;;;;;;;;;;;;;;;;;;;;;;;;;;;;;ttttttttttt%%%%%%%SSSSSS[0;1;30;90;43m [0m
[0;1;30;90;43m:[0;33;5;43;103mt;;;;;;;;;;;;;;;;;;;;;;;;;;;;;;;;;;;;;;;;;;;;;;;;;;;;;;;tttttttttt%%%%%%%SSSSS[0;1;30;90;43m [0m
[0;1;30;90;43m:[0;33;5;43;103m;;;;;;;;;;;;;;;;;;;;;:::::::::::::::;;;;;;;;;;;;;;;;;;;;;tttttttttt%%%%%%%SSSS[0;1;30;90;43m [0m
[0;1;30;90;43m:[0;33;5;43;103m;;;;;;;;;;;;;;;;;;:::::::::::::::::::::;;;;;;;;;;;;;;;;;;;tttttttttt%%%%%%%SSS[0;1;30;90;43m.[0m
[0;1;30;90;43m:[0;33;5;43;103m;;;;;;;;;;;;;[0;37;5;43;103mSSSSSXXXXXXXXXXXXXXXXXXXXXSSSSSS[0;33;5;43;103m;;;;;;;;;;;;;ttttttttttt%%%%%%SSS[0;1;30;90;43m.[0m
[0;1;30;90;43m:[0;33;5;43;103m;;;;;;;;;;;;[0;1;37;97;47m8[0;37;5;47;107m%%%%tttttt;;;;;;;;;;ttttttt%%%%%%%%SSSSSSSSSSSSXXXXX[0;1;37;97;47m8[0;33;5;43;103mttt%%%%%%%SS[0;1;30;90;43m.[0m
[0;1;30;90;43m:[0;33;5;43;103m;;;;;;;;;;;;[0;1;37;97;47m8[0;37;5;47;107m%%ttttt;;;;;;;;;;;;;;;;;ttttt%%%%%%%SSSSSSSSSSSSXXXX[0;1;37;97;47m8[0;33;5;43;103mtttt%%%%%%SS[0;1;30;90;43m.[0m
[0;1;30;90;43m:[0;33;5;43;103m;;;;;;;;;;;:[0;1;37;97;47m8[0;37;5;47;107mttttt;;;;;;:::::::::;;;;;;tttt%%%%%%%SSSSSSSSSSSSXXX[0;1;37;97;47m8[0;33;5;43;103mtttt%%%%%%%S[0;1;30;90;43m.[0m
[0;1;30;90;43m:[0;33;5;43;103m;;;;;;;;;;::[0;1;37;97;47m8[0;37;5;47;107mttt;;;;;:::::::::::::::;;;;;ttt%%%%%%%SSSSSSSSSSSXXX[0;1;37;97;47m8[0;33;5;43;103mttttt%%%%%%S[0;1;30;90;43m.[0m
[0;1;30;90;43m:[0;33;5;43;103m;;;;;;;;;:::[0;1;37;97;47m8[0;37;5;47;107mtt;;;;:::::::::::::::::::;;;;ttt%%%%%%X[0;1;37;97;47m8[0;1;33;93;47m@[0;33;5;43;103mX@@X[0;37;5;43;103m@[0;1;33;93;47m@[0;1;37;97;47m8[0;37;5;47;107mXSXX[0;1;37;97;47m8[0;33;5;43;103mttttt%%%%%%S[0;1;30;90;43m.[0m
[0;1;30;90;43m:[0;33;5;43;103m;;;;;;;;::::[0;37;5;47;107mSt;;;;:::::::::::::::::::::;;;;ttt%%%%[0;1;37;97;47m8[0;37;5;43;103m@[0;33;5;43;103m%%%SS@XSS@[0;1;37;97;47mS[0;37;5;47;107mXX[0;1;37;97;47m8[0;33;5;43;103mttttt%%%%%%%[0;1;30;90;43m.[0m
[0;1;30;90;43m:[0;33;5;43;103m;;;;;;;;::::[0;37;5;47;107mS;;;;:::::::::::::::::::::::;;;tttt%%[0;1;37;97;47m@[0;33;5;43;103m%%%%%X[0;1;37;97;47m8[0;37;5;47;107mX@8[0;1;37;97;47mS[0;1;33;93;43m8[0;33;5;43;103m@[0;1;37;97;47mX[0;37;5;47;107mX[0;1;37;97;47m8[0;33;5;43;103mtttttt%%%%%%[0;1;30;90;43m.[0m
[0;1;30;90;43m:[0;33;5;43;103m;;;;;;;:::::[0;37;5;47;107mS;;;::::::::::::::::::::::::;;;;ttt%[0;1;37;97;47m8[0;33;5;43;103m%%%%%t[0;1;33;93;47m8[0;37;5;47;107mSSSSSX[0;1;33;93;47mX[0;1;37;97;47m8[0;37;5;47;107mX[0;1;37;97;47m8[0;33;5;43;103mtttttt%%%%%%[0;1;30;90;43m.[0m
[0;1;30;90;43m:[0;33;5;43;103m;;;;;;;:::::[0;37;5;47;107mS;;;:::::::::::::::::::::::::;;;ttt%[0;1;33;93;47m8[0;33;5;43;103mt%%%tt[0;1;33;93;47m8[0;37;5;47;107mSSSSSSSXX[0;1;37;97;47m8[0;33;5;43;103mtttttt%%%%%%[0;1;30;90;43m.[0m
[0;1;30;90;43m:[0;33;5;43;103m;;;;;;;:::::[0;37;5;47;107mS;;;:::::::::::::::::::::::::;;;tttX[0;33;5;43;103mS;;;;t%@[0;37;5;47;107mSSSSSSSXX[0;1;37;97;47m8[0;33;5;43;103mtttttt%%%%%%[0;1;30;90;43m.[0m
[0;1;30;90;43m:[0;33;5;43;103m;;;;;;;:::::[0;37;5;47;107mS;;;:::::::::::::::::::::::::;;;ttt[0;1;33;93;47mS[0;33;5;43;103mttt%%%%S[0;37;5;47;107mXSSSSSSXX[0;1;37;97;47m8[0;33;5;43;103mtttttt%%%%%%[0;1;30;90;43m.[0m
[0;1;30;90;43m:[0;33;5;43;103m;;;;;;;:::::[0;37;5;47;107mS;;;;:::::::::::::::::::::::;;;;tt[0;1;37;97;47m8[0;33;5;43;103m%tt%%%tt8[0;37;5;47;107mSSSSSSSXX[0;1;37;97;47m8[0;33;5;43;103mtttttt%%%%%%[0;1;30;90;43m.[0m
[0;1;30;90;43m:[0;33;5;43;103m;;;;;;;;::::[0;37;5;47;107mS;;;;:::::::::::::::::::::::;;;%[0;1;37;97;47m8[0;1;33;93;47m8[0;33;5;43;103mS%t%%%;tSS[0;37;5;47;107mXSSSSSSXX[0;1;37;97;47m8[0;33;5;43;103mtttttt%%%%%%[0;1;30;90;43m.[0m
[0;1;30;90;43m:[0;33;5;43;103m;;;;;;;;::::[0;1;37;97;47m8[0;37;5;47;107mt;;;;:::::::::::::::;X[0;1;37;97;47m8[0;1;33;93;47mX[0;1;37;97;47m8888[0;1;33;93;47mS8[0;33;5;43;103mXttt;%%t;%%;[0;1;33;93;47m8[0;37;5;47;107mSSSSSSSXX[0;1;37;97;47m8[0;33;5;43;103mttttt%%%%%%%[0;1;30;90;43m.[0m
[0;1;30;90;43m:[0;33;5;43;103m;;;;;;;;;:::[0;1;37;97;47m8[0;37;5;47;107mtt;;;;;::::::::::::t[0;1;33;93;47m8[0;37;5;43;103mS[0;33;5;43;103m@[0;1;33;93;43mX[0;33;5;43;103mX[0;37;5;43;103m%[0;33;5;43;103mt:;t:t%:%%;tS;;X[0;37;5;43;103m8[0;37;5;47;107mSSSSSSXXX[0;1;37;97;47m8[0;33;5;43;103mttttt%%%%%%S[0;1;30;90;43m.[0m
[0;31;40m8[0;33;5;43;103m;;;;;;;;;;::[0;37;5;43;103m8[0;37;5;47;107mtttt;;;;;::::::::::[0;1;33;93;47m8[0;33;5;43;103mS[0;33;5;40;100m8[0;1;30;90;43m8[0;33;5;40;100m8[0;1;30;90;43m88[0;33;5;43;103mtS::S:;S;;S;;X;t[0;1;37;97;47m8[0;37;5;47;107mSSSSSSXXX[0;37;5;43;103m8[0;33;5;43;103mttttt%%%%%%S[0;30;41m8[0m
 [0;33;5;43;103mt;;;;;;;;;;::[0;37;5;47;107m%tttt;;;;;;;;::::[0;1;37;97;47m88[0;33;5;43;103mS[0;1;30;90;43m8[0;32;5;40;100m8[0;1;30;90;42m8[0;33;5;40;100m8[0;1;30;90;43m888@[0;1;33;93;43mXS[0;33;5;43;103m;%:;S;;S;;SS[0;37;5;47;107m@SSSSSXXXX[0;33;5;43;103mttttt%%%%%%%S[0m 
 [0;1;33;93;43m%[0;33;5;43;103m;;;;;;;;;;;:[0;1;37;97;47m8[0;37;5;47;107m%tttttt;;;;;;;%;[0;33;47m8[0;1;30;90;43m8[0;33;5;43;103mS[0;1;30;90;43m88[0;1;33;93;43m%[0;1;30;90;43m888@@XX[0;1;33;93;43mS[0;33;5;43;103m@;;S;;%%;@[0;1;37;97;47m8[0;37;5;47;107mSSSSSSXXX[0;1;37;97;47m8[0;33;5;43;103mttttt%%%%%%S[0;1;33;93;43mS[0m 
 [0;1;30;90;43m:[0;33;5;43;103m;;;;;;;;;;;;[0;37;5;43;103m8[0;37;5;47;107m%%%%ttttttt;;tS[0;1;37;97;47m;[0;1;30;90;43m88[0;1;33;93;43m%[0;33;5;43;103m:::::[0;1;30;90;43m@@XX[0;32;43m8[0;1;33;93;43mX[0;33;5;43;103mS;;;S;;S%[0;1;37;97;47m8[0;37;5;47;107mSSSSSSXXXX[0;37;5;43;103m8[0;33;5;43;103mtttt%%%%%%%S[0;1;30;90;43m.[0m 
  [0;33;5;43;103mt;;;;;;;;;;;;[0;37;5;47;107mX%%%%%t[0;1;37;97;47m8.%8[0;37;5;47;107mS8[0;1;30;90;47m8@[0;33;5;40;100mX[0;1;30;90;43m8@[0;33;5;43;103m::::::t[0;1;30;90;43m8[0;33;47m88[0;33;5;40;100m:[0;33;5;43;103mXSt8[0;1;33;93;43mS[0;1;30;90;43mt[0;33;5;43;103mtt[0;1;33;93;47m@[0;37;5;47;107m8SSSSSSXXXX[0;1;37;97;47m8[0;33;5;43;103mtttt%%%%%%%SS[0;31;40mS[0m 
  [0;1;30;90;43m.[0;33;5;43;103m;;;;;;;;;;;;[0;37;5;43;103mS[0;37;5;47;107mS%%%%%%[0;37;5;40;100m%[0;1;30;90;42mX@8[0;33;5;40;100mS[0;1;31;91;41m8888[0;31;43mS[0;33;5;43;103m;t[0;1;30;90;43mXXXS[0;1;33;93;43m;[0;1;37;97;47m ... [0;1;30;90;43m8[0;1;30;90;42m%%t[0;1;33;93;43mS[0;33;5;43;103m%[0;1;37;97;47m8[0;37;5;47;107mX[0;1;37;97;47m8X;X[0;37;5;47;107mSSXXXXX[0;33;5;43;103mttttt%%%%%%SS[0;1;30;90;43m [0m  
  [0;31;40mX[0;33;5;43;103mt;;;;;;;;;;;;[0;1;33;93;47m8[0;37;5;47;107m%%%%%%X[0;37;5;40;100m%[0;35;5;40;100mX[0;1;30;90;45m@X[0;1;31;91;41m88[0;1;33;93;43mt[0;33;5;43;103m;:%[0;33;42m8[0;1;32;92;42m%%%%t[0;32;5;40;100m8[0;1;30;90;47m;;[0;1;37;97;47m [0;1;30;90;47m;[0;33;5;40;100mS[0;1;30;90;42mtt[0;33;5;40;100mt[0;1;33;93;47m@[0;33;47mX[0;37;43m8[0;1;33;93;43mXX[0;1;30;90;47m;[0;1;37;97;47mt8[0;37;5;47;107mSXXXXX[0;1;33;93;47m@[0;33;5;43;103mtttt%%%%%%%SS[0;31;40m8[0m  
   [0;1;30;90;43m.[0;33;5;43;103m;;;;;;;;;;;;;[0;1;37;97;47m8[0;37;5;47;107mS%%X[0;1;37;97;47m;[0;1;30;90;45m8SXSXS[0;1;33;93;43m%[0;33;5;43;103m;;;;[0;1;30;90;43mS[0;1;30;90;42mS[0;1;32;92;42mt[0;1;30;90;42mSSS%%[0;1;30;90;43m@8@[0;32;43m8[0;1;32;92;42m;t[0;33;42mt[0;1;30;90;43m;%[0;1;33;93;43m8[0;33;47m8[0;1;33;93;47mS[0;1;37;97;47m;S%[0;37;5;47;107m@XXXX[0;1;37;97;47m8[0;33;5;43;103mtttt%%%%%%%SS[0;1;30;90;43m [0m   
    [0;33;5;43;103mX;;;;;;;;;;;;;[0;1;37;97;47m8[0;37;5;47;107mSS[0;1;30;90;47m [0;1;30;90;45m8%%%S%%[0;33;5;40;100m:[0;33;5;43;103m8[0;1;33;93;43m8@[0;1;30;90;43m%[0;1;31;91;41mS%%SSS@[0;33;41mt[0;1;31;91;41mS[0;33;41mX[0;1;30;90;43m@@S[0;1;32;92;42m;;;[0;1;30;90;43mt[0;1;33;93;43mSX8[0;1;30;90;47m [0;1;37;97;47m:%[0;37;5;47;107mXXXX[0;1;37;97;47m8[0;33;5;43;103mtttt%%%%%%%SS@[0m    
    [0;30;41m8[0;33;5;43;103mt;;;;;;;;;;;;;[0;1;37;97;47m8[0;37;5;47;107mSSS[0;1;37;97;47m@XX%t[0;1;30;90;47m [0;1;37;97;47m;[0;1;30;90;43m8[0;37;43m8[0;33;47m8[0;1;30;90;43m8[0;1;31;91;41mS@[0;1;30;90;41m@[0;1;31;91;41mSXX[0;33;5;40;100m;[0;1;31;91;41m@%X[0;33;5;40;100m@.[0;1;30;90;47mt88[0;1;37;97;47mt[0;37;5;47;107mSSSXXXXXXX[0;1;37;97;47m8[0;33;5;43;103mtttt%%%%%%%SSS[0;30;41m8[0m    
     [0;1;30;90;43m.[0;33;5;43;103mt;;;;;;;;;;;;;[0;1;37;97;47m8[0;37;5;47;107mSSSSSSSSSSSSS[0;1;37;97;47m@ [0;37;5;47;107m8[0;1;37;97;47m8 .[0;37;5;47;107mS8XSSSSSSSSSXXXXXXX[0;1;37;97;47m8[0;33;5;43;103mttt%%%%%%%%SSS[0;1;30;90;43m.[0m     
      [0;1;30;90;43m.[0;33;5;43;103mttt;;;;;;;;;;;[0;37;5;43;103m8[0;37;5;47;107mSSSSSSSSSSSSSSSSSSSSSSSSSSSXXXXXXXX@[0;37;5;43;103m8[0;33;5;43;103mttt%%%%%%%%SSS[0;1;30;90;43m [0m      
       [0;1;30;90;43m.[0;33;5;43;103mtttt;;;;;;;;;;;[0;37;5;47;107m@SSSSSSSSSSSSSSSSSSSSSSSXXXXXXXXX[0;1;37;97;47m8[0;33;5;43;103m%tt%%%%%%%%%SSS[0;1;30;90;43m [0m       
        [0;1;30;90;43m.[0;33;5;43;103mttttttt;;;;;;;;[0;1;33;93;47m8[0;37;5;47;107mXSSSSSSSSSSSSSSSSSXXXXXXXXXXX@[0;1;33;93;47m@[0;33;5;43;103mtt%%%%%%%%%SSSS[0;1;30;90;43m [0m        
         [0;1;30;90;43m.[0;33;5;43;103mttttttttttt;;;;;[0;1;37;97;47m8[0;37;5;47;107mSSSSSSSSSSSXXXXXXXXXXXXXX@[0;1;37;97;47m8[0;33;5;43;103m%t%%%%%%%%%%SSSS[0;1;30;90;43m.[0m         
          [0;33;41m8[0;33;5;43;103mXtttttttttttttttt[0;1;37;97;47m8[0;37;5;47;107mXXXXXXXXXXXXXXXXXXXX@@[0;1;37;97;47m8[0;37;5;43;103mX[0;33;5;43;103mt%%%%%%%%%%SSSS@[0;33;41m8[0m          
            [0;1;33;93;43m%[0;33;5;43;103mttttttttttttttttt[0;1;37;97;47m8[0;37;5;47;107mXXXXXXXXXXXXXXX@@@[0;1;37;97;47m8[0;33;5;43;103m%%%%%%%%%%%%SSSSS[0;1;33;93;43m%[0m            
             [0;1;30;90;43m.[0;33;5;43;103m%ttttttttttttttttt[0;1;33;93;47mS[0;37;5;47;107m@XXXXXXX@@@@@@[0;1;37;97;47m8[0;33;5;43;103m%%%%%%%%%%%%SSSSSS[0;1;30;90;43m [0m             
              [0;31;40m@[0;1;33;93;43m%[0;33;5;43;103mtttttttttttttttttt[0;37;5;43;103m8[0;1;37;97;47m8[0;37;5;47;107m@@@@@@@@[0;1;37;97;47m8[0;1;33;93;47m8[0;33;5;43;103m%%%%%%%%%%%%SSSSSS[0;1;33;93;43mt[0;31;40m@[0m              
                [0;31;43m8[0;33;5;43;103m@%%%ttttttttttttttt%[0;1;33;93;47m8[0;1;37;97;47m8[0;37;5;47;107m@@[0;1;37;97;47m8[0;1;33;93;47m@[0;33;5;43;103m%%%%%%%%%%%%SSSSSSS[0;1;33;93;43m@[0;31;43m@[0m                
                  [0;1;30;90;43m.[0;33;5;43;103mS%%%%%%%%%%%%%%%%%%%%%%%%%%%%%%%%SSSSSSSSX[0;1;30;90;43m [0m                  
                    [0;1;30;90;43m.[0;33;5;43;103mS%%%%%%%%%%%%%%%%%%%%%%%%%%%SSSSSSSSSX[0;1;30;90;43m [0m                    
                      [0;1;30;90;43m.[0;33;5;43;103m@%%%%%%%%%%%%%%%%%%%%SSSSSSSSSSSS@[0;1;30;90;43m [0m                      
                        [0;1;30;90;43m.[0;1;33;93;43mX[0;33;5;43;103m%%%%%%%%%%%SSSSSSSSSSSSSSSSS[0;1;33;93;43mS[0;1;30;90;43m [0m                        
                          [0;31;40m8[0;1;30;90;43m [0;33;5;43;103mSSSSSSSSSSSSSSSSSSSSSSSX[0;1;30;90;43m [0;30;41m8[0m                          
                             [0;1;30;90;43m.[0;1;33;93;43mt[0;33;5;43;103mSSSSSSSSSSSSSSSSSS[0;1;33;93;43mt[0;1;30;90;43m [0m                             
                                [0;1;30;90;43m [0;1;33;93;43m%[0;33;5;43;103mSSSSSSSSSSSS[0;1;33;93;43mS[0;1;30;90;43m [0m                                
                                   [0;1;30;90;43m  [0;33;5;43;103mXSSSSX[0;1;30;90;43m  [0m                                   
                                      [0;31;40m8[0;1;30;90;43m  [0;30;41m8[0m                                      
