[0;31;5;40;100mX[0;1;30;90;43mXXXXXXXXXXXXXXXXXXXXXXXXXX@@@@@XXXXXXXXXXXXXXXXXXXXXXXXXXSSSSSSSSSSSSSSS%%%%%%[0;1;30;90;41m8[0m
[0;1;30;90;43m%[0;1;33;93;43mSSSSSSSSSSSSSSSSXXXXXXXXXXXXXXXXXXXXXXXXXSSSSSSSSSSSSSSSSS%%%%%%%%%%tttttttttt[0;1;30;90;43mt[0m
[0;1;30;90;43m%[0;1;33;93;43mSSSSSSSSSSSSSXXXXXXXXXXXXXXXXXXXXXXXXXXXXXXXSSSSSSSSSSSSSSS%%%%%%%%%%ttttttttt[0;1;30;90;43mt[0m
[0;1;30;90;43m%[0;1;33;93;43mSSSSSSSSSSXXXXXXXXXXXXXXXXXXXXXXXXXXXXXXXXXXXXXSSSSSSSSSSSSS%%%%%%%%%%tttttttt[0;1;30;90;43mt[0m
[0;1;30;90;43m%[0;1;33;93;43mSSSSSSSSXXXXXXXXXXXXXX[0;33;5;43;103mXXXXXXXXXXXXX[0;1;33;93;43mXXXXXXXXXXXXXXSSSSSSSSSSSS%%%%%%%%%%ttttttt[0;1;30;90;43mt[0m
[0;1;30;90;43m%[0;1;33;93;43mSSSSSSXXXXX@[0;33;5;43;103m@XXX[0;1;33;93;43mXX[0;33;5;43;103mXXXX[0;37;5;43;103m@888888[0;33;5;43;103mXXXXXXX[0;37;5;43;103m8@@@[0;33;5;43;103mXX[0;1;33;93;43mXXXXXXXXXXXXXXSSSSSSSSSSSSS%%%tttttt[0;1;30;90;43mt[0m
[0;1;30;90;43mS[0;1;33;93;43mSSSSSXXXX[0;37;5;47;107mttt;;;@[0;33;5;43;103mXXXXXX[0;1;37;97;47m8[0;37;5;47;107m;;::::[0;33;5;43;103mXXXXXX[0;1;33;93;47mX[0;37;5;47;107m;;;;;;[0;1;33;93;47mS[0;1;33;93;43mXXXXXX[0;37;5;47;107mtttttt[0;1;37;97;47m8[0;1;33;93;43mSSSSSS[0;1;37;97;47m8[0;37;5;47;107m%%SSSS[0;1;33;93;43m%%%%ttttt[0;1;30;90;43m%[0m
[0;1;30;90;43mS[0;1;33;93;43mSSSSXXXXX[0;37;5;47;107mt;;;;;X[0;1;33;93;47m888888[0;37;5;47;107m@::::::[0;1;33;93;47m888888[0;1;37;97;47mX[0;37;5;47;107m:;;;;;[0;1;37;97;47m@[0;1;33;93;47m888888[0;37;5;47;107mtttttt8[0;1;33;93;43m@@@XXX[0;1;37;97;47m8[0;37;5;47;107m%%%SSS[0;1;33;93;43m%%%%ttttt[0;1;30;90;43m%[0m
[0;1;30;90;43mS[0;1;33;93;43mSSSXXXXXX[0;37;5;47;107m;;;;;;;;:::::::::::::::::::::::;;;;;;;;tttttttttttt%%%%%%SSS[0;1;33;93;43m%%%%%tttt[0;1;30;90;43m%[0m
[0;1;30;90;43mS[0;1;33;93;43mSSXXXXXXX[0;37;5;47;107mS%%t;;:::::::.............:::::::;;;;;;;tttttttttttt%%%%S@@@[0;1;33;93;43m%%%%%tttt[0;1;30;90;43m%[0m
[0;1;30;90;43mS[0;1;33;93;43mSXXXXXXXX[0;33;5;43;103mXXX[0;1;37;97;47m8[0;37;5;47;107m;:::::...................:::::;;;;;;;ttttttttttt%%%%[0;1;37;97;47m8[0;1;33;93;43m%%%%%%%%%ttt[0;1;30;90;43m%[0m
[0;1;30;90;43mS[0;1;33;93;43mXXXXXXXX[0;33;5;43;103mXXXX[0;1;37;97;47m8[0;37;5;47;107m::::..... .[0;1;37;97;47m8[0;37;5;47;107m         .....:::::;;;;;;;tt[0;1;37;97;47m8[0;37;5;47;107mtttttttt%%%[0;1;37;97;47m8[0;1;33;93;43mS%%%%%%%%ttt[0;1;30;90;43m%[0m
[0;1;30;90;43mS[0;1;33;93;43mXXXXXXX[0;33;5;43;103mXXXXX[0;1;37;97;47m8[0;37;5;47;107m:::....   X[0;1;33;93;47m8[0;37;5;47;107m;          .....::::;;;;;;tS[0;1;33;93;43mX[0;1;37;97;47m8[0;37;5;47;107mttttttt%%%[0;1;37;97;47m8[0;1;33;93;43mS%%%%%%%%%tt[0;1;30;90;43m%[0m
[0;1;30;90;43mS[0;1;33;93;43mXXXXXXX[0;33;5;43;103mXXXX[0;37;5;43;103m@[0;37;5;47;107m@::....   .[0;1;33;93;47m8X[0;1;37;97;47m8[0;37;5;47;107m            ....::::;;;;;;[0;1;37;97;47mX[0;1;33;93;47m8[0;1;33;93;43m@[0;37;5;47;107m%ttttttt%%[0;1;37;97;47m8[0;1;33;93;43mS%%%%%%%%%tt[0;1;30;90;43m%[0m
[0;1;30;90;43mS[0;1;33;93;43mXXXXXX[0;33;5;43;103mXXX[0;37;5;47;107m@XXt:....    X[0;1;33;93;47m8[0;1;37;97;47m8[0;1;33;93;47m8[0;37;5;47;107m;            ...:::::;;;;%[0;1;33;93;43mX[0;1;33;93;47mS[0;1;33;93;43mX[0;1;37;97;47m@[0;37;5;47;107mttttttt%%S[0;1;37;97;47m888[0;1;33;93;43m%%%%%%%tt[0;1;30;90;43m%[0m
[0;1;30;90;43mS[0;1;33;93;43mXXXXXX[0;33;5;43;103mXXX[0;37;5;47;107m;::::...    .[0;1;33;93;47m@8[0;1;37;97;47m8[0;1;33;93;47m8[0;1;37;97;47m8[0;37;5;47;107m            ....::::;;;;[0;1;37;97;47mX[0;1;33;93;43mX[0;1;33;93;47mS[0;1;33;93;43mXX[0;37;5;47;107m%tttttt%%%%%%[0;1;33;93;43m%%%%%%%tt[0;1;30;90;43m%[0m
[0;1;30;90;43mS[0;1;33;93;43mXXXXXX[0;33;5;43;103mXXX[0;37;5;47;107m;::::...    @[0;1;33;93;47m88[0;1;37;97;47m8[0;1;33;93;47m88[0;37;5;47;107m;            ...::::;;;S[0;33;5;43;103mX[0;1;33;93;43mX[0;1;33;93;47mS[0;1;33;93;43mXX[0;1;37;97;47mX[0;37;5;47;107mtttttt%%%%%%[0;1;33;93;43m%%%%%%%tt[0;1;30;90;43m%[0m
[0;1;30;90;43mS[0;1;33;93;43mXXXXXX[0;33;5;43;103mXXX[0;37;5;47;107m;::::...   .[0;1;33;93;47m888[0;1;37;97;47m8[0;1;33;93;47m88[0;1;37;97;47m8[0;37;5;47;107m            ...::::;;;[0;1;33;93;47mS[0;1;33;93;43mXX[0;1;33;93;47mS[0;1;33;93;43mXXX[0;37;5;47;107m%ttttt%%%%%%[0;1;33;93;43m%%%%%%%tt[0;1;30;90;43m%[0m
[0;1;30;90;43mS[0;1;33;93;43mXXXXXX[0;33;5;43;103mXXX[0;37;5;47;107m@@Xt:...   @[0;1;33;93;47m888[0;1;37;97;47m8[0;1;33;93;47m888[0;37;5;47;107m;           ...::::;;S[0;33;5;43;103mX[0;1;33;93;43mXX[0;1;33;93;47mS[0;1;33;93;43mXXX[0;1;37;97;47mX[0;37;5;47;107mttttt%%S[0;1;37;97;47m888[0;1;33;93;43m%%%%%%%tt[0;1;30;90;43m%[0m
[0;1;30;90;43mS[0;1;33;93;43mXXXXXX[0;33;5;43;103mXXXXX[0;37;5;43;103m@[0;37;5;47;107m@:...  .[0;1;33;93;47m8888[0;1;37;97;47m8[0;1;33;93;47m888[0;1;37;97;47m8[0;37;5;47;107m          ....::::;;[0;1;33;93;47mX[0;33;5;43;103mX[0;1;33;93;43mXX[0;1;33;93;47mS[0;1;33;93;43mXXXX[0;37;5;47;107mStttt%%[0;1;37;97;47m8[0;1;33;93;43mSS%%%%%%%%tt[0;1;30;90;43m%[0m
[0;1;30;90;43mS[0;1;33;93;43mXXXXXX[0;33;5;43;103mXXXXX[0;37;5;43;103m@[0;37;5;47;107m@::... [0;1;37;97;47m8[0;1;33;93;47m8888[0;1;37;97;47m8[0;1;33;93;47m8888[0;37;5;47;107mt         ...::::;;X[0;33;5;43;103mX[0;1;33;93;43mXXX[0;1;33;93;47mS[0;1;33;93;43mXXXX[0;1;37;97;47mX[0;37;5;47;107mtttt%%[0;1;37;97;47m8[0;1;33;93;43mSS%%%%%%%%tt[0;1;30;90;43m%[0m
[0;1;30;90;43mS[0;1;33;93;43mXXXXXXX[0;33;5;43;103mXXXXX[0;1;37;97;47m8[0;37;5;47;107m::....@[0;1;33;93;47mS888[0;1;37;97;47m8[0;1;33;93;47m888[0;1;37;97;47m8[0;37;5;47;107m%        ...:::::;;@[0;1;33;93;47mS[0;37;5;43;103m@[0;1;33;93;43mXX[0;1;33;93;47mS[0;1;33;93;43mXXX[0;1;33;93;47m8[0;1;37;97;47m8[0;37;5;47;107mtttt%%[0;1;37;97;47m8[0;1;33;93;43mS%%%%%%%%%tt[0;1;30;90;43mt[0m
[0;31;5;40;100mS[0;1;33;93;43mXXXXXXXX[0;33;5;43;103mXXX[0;37;5;43;103m8[0;1;37;97;47m8[0;37;5;47;107m:::.....t[0;1;33;93;47m88[0;1;37;97;47m8[0;1;33;93;47m8S[0;37;5;47;107m:        ....:::::;;;;;%[0;1;33;93;47m@[0;1;33;93;43mX[0;1;33;93;47mS[0;1;33;93;43mXX[0;37;5;47;107m8ttttt%%%[0;1;37;97;47m8[0;1;33;93;43mS%%%%%%%%%tt[0;31;5;40;100mS[0m
[0;31;40m@[0;1;33;93;43mSXXXXXXX[0;33;5;43;103mX[0;1;37;97;47m8[0;37;5;47;107m;;;:::::....%[0;1;33;93;47mX[0;37;5;47;107m@[0;1;33;93;47mS[0;37;5;47;107m:      .....::::::;;;;;;;%[0;1;33;93;47m@[0;1;37;97;47m8[0;1;33;93;47m8[0;1;37;97;47m8[0;37;5;47;107mtttttt%%%%%S[0;1;37;97;47m8[0;1;33;93;43m%%%%%%ttt[0;31;40m8[0m
 [0;1;33;93;43mSXXXXXXXX[0;1;37;97;47mX[0;37;5;47;107m;;;;::::::..X[0;1;33;93;47mXXX[0;37;5;47;107mt..........:[0;1;37;97;47m88[0;37;5;47;107m:::;;;;;;;tX[0;1;33;93;47mX88[0;1;37;97;47m8[0;37;5;47;107mttttt%%%%%%S[0;1;33;93;47mS[0;1;33;93;43m%%%%%%ttt[0m 
 [0;1;30;90;43mX[0;1;33;93;43mSXXXXXXX[0;1;33;93;47m8[0;37;5;47;107mt;;;;;::::::S[0;37;5;43;103m888[0;37;5;47;107m;.......:::;[0;1;33;93;47m88[0;37;5;47;107mt;;;;;;;;ttt[0;1;33;93;43m@XX[0;1;37;97;47m8[0;37;5;47;107mttttt%%%%%%S[0;37;43m@[0;1;33;93;43m%%%%%ttt[0;1;30;90;43mS[0m 
 [0;1;30;90;43m%[0;1;33;93;43mSSXXXXXXX[0;1;37;97;47m8[0;37;5;47;107m;;t;;;;::::[0;1;37;97;47m8[0;37;5;43;103m@88[0;37;5;47;107mX::::::::::[0;1;37;97;47m8[0;1;33;93;47m88[0;1;37;97;47m8[0;37;5;47;107m;;;;;;ttttS[0;1;33;93;43mXXS[0;1;33;93;47mX[0;37;5;47;107mtttt%%%%S%S[0;1;37;97;47m8[0;1;33;93;43m%%%%%%ttt[0;1;30;90;43m%[0m 
  [0;1;33;93;43mSSSXXXXXX[0;1;33;93;47m8@8[0;33;5;43;103mX[0;37;5;47;107m@;;;;;;:X[0;1;37;97;47m888[0;37;5;47;107m%:::::::::;[0;1;33;93;47m88@[0;37;5;43;103m8[0;37;5;47;107m%;;;;tttttS[0;1;37;97;47m8888[0;37;5;47;107mttt%%%%[0;1;37;97;47m8[0;1;33;93;43m%X[0;1;33;93;47m8[0;33;47m8[0;1;33;93;43m%%%%%tttt[0;31;40m%[0m 
  [0;1;30;90;43mX[0;1;33;93;43mSSSXXXXXXXXX[0;1;33;93;47m8[0;37;5;47;107mt;;;;;;;;;;;;;;;;;;;;[0;1;37;97;47m8[0;33;5;43;103mX[0;1;33;93;47m88[0;33;5;43;103mX[0;1;37;97;47m@[0;37;5;47;107m;;tttttttttttttt%%%%S[0;33;47m8[0;1;33;93;43m%%%%%%%%%ttt[0;1;30;90;43mS[0m  
  [0;31;40mS[0;1;33;93;43mSSSSSXXXXXXXX[0;1;33;93;47mS[0;37;5;47;107m;;;;;;;;;;;;;;;;;;;t[0;1;33;93;47m8[0;33;5;43;103mX[0;1;33;93;47m88[0;1;33;93;43mX[0;33;5;43;103mX[0;37;5;47;107m%tttttttttttttt%%%%%[0;1;37;97;47mS[0;1;33;93;43m%%%%%%%%%tttt[0;31;40m@[0m  
   [0;1;30;90;43mS[0;1;33;93;43mSSSSSSXXXXXX[0;1;33;93;47m8[0;37;5;47;107mXt;;;;;;;;;;;;;;;;;[0;1;37;97;47m8[0;1;33;93;43mXX[0;1;33;93;47m88[0;1;33;93;43mXX[0;1;37;97;47mX[0;37;5;47;107mttttttttttttt%%%%%@[0;37;43m@[0;1;33;93;43m%%%%%%%%tttt[0;1;30;90;43m%[0m   
    [0;1;30;90;43m@[0;1;33;93;43mSSSSSSSXX[0;1;33;93;47m8[0;37;5;47;107m@tttttttt;;;;;;;;;;;%[0;33;5;43;103mX[0;1;33;93;43mXX[0;1;33;93;47m88[0;1;33;93;43mXXX[0;37;5;47;107mStttttttttt%%%%%%%SS[0;1;37;97;47m8[0;33;47m8[0;1;33;93;43m%%%%%tttt[0;1;30;90;43mX[0m    
    [0;31;40m8[0;1;33;93;43mSSSSSSSSSX[0;1;37;97;47m8[0;37;5;47;107mttttttttttttttttttt[0;1;37;97;47mX[0;1;33;93;43mXXX[0;1;33;93;47m88[0;1;33;93;43mXXX[0;1;33;93;47mS[0;37;5;47;107mtttttttt%%%%%%%%SSS[0;1;37;97;47m@[0;1;33;93;43m%%%%%ttttt[0;31;40m8[0m    
     [0;33;5;40;100m8[0;1;33;93;43mSSSSSSSSSS[0;1;37;97;47m@[0;37;5;47;107mtttttttttttttttttS[0;1;33;93;43mXXXX[0;1;33;93;47m88[0;1;33;93;43mSSSX[0;37;5;47;107mSttttt%%%%%%%%%SSS[0;1;37;97;47mX[0;1;33;93;43m%%%%%ttttt[0;1;30;90;43mt[0m     
      [0;1;30;90;43mS[0;1;33;93;43mSSSSSSSSSS[0;1;33;93;47mS[0;37;5;47;107mt@[0;1;33;93;47m@@[0;37;5;47;107m%ttttttttttttS[0;1;37;97;47m@[0;1;33;93;43mXS[0;1;33;93;47m88[0;1;33;93;43mSX[0;1;37;97;47m@[0;37;5;47;107mXtttt%%%%%%%%S[0;1;33;93;47mX8[0;1;37;97;47m8[0;37;5;47;107mS[0;1;37;97;47m%[0;1;33;93;43m%%%%%ttttt[0;1;30;90;43m%[0m      
       [0;1;30;90;43mS[0;1;33;93;43mSSSSSSSSSS@SSS[0;1;33;93;47m8[0;37;5;47;107m@tttttttttttttX[0;1;33;93;43mX[0;1;33;93;47m88[0;1;33;93;43mX[0;37;5;47;107mXttt%%%%%%%%%%8[0;33;47m8[0;1;33;93;43m%%%[0;37;43mX[0;1;33;93;43m%%%%tttttt[0;1;30;90;43m%[0m       
        [0;1;30;90;43m%[0;1;33;93;43mSSSSSSSSSSSSSSS[0;1;33;93;47mS[0;37;5;47;107m%ttttttttttt%[0;1;33;93;47mSXXS[0;37;5;47;107mS%%%%%%%%%%%X[0;1;33;93;47mS[0;1;33;93;43mS%%%%%%%%tttttt[0;1;30;90;43m%[0m        
         [0;1;30;90;43m%[0;1;33;93;43m%SSSSSSSSSSSSS[0;1;33;93;47m8[0;1;37;97;47m8[0;37;5;47;107mtttttttttttt[0;1;37;97;47m8[0;1;33;93;47m88[0;1;37;97;47mS[0;37;5;47;107m%%%%%%%%%%SS[0;1;37;97;47m8[0;37;43m@[0;1;33;93;43m%%%%%%%ttttttt[0;1;30;90;43mt[0m         
          [0;31;40m8[0;1;30;90;43m@[0;1;33;93;43mSSSSSSSSSSS[0;1;33;93;47m8[0;37;5;47;107m%%%%%%%%%%%%%%[0;1;33;93;47m@[0;1;33;93;43mSS[0;33;47m8[0;37;5;47;107m%%%%%%%SSSSSSX[0;33;47m8[0;1;33;93;43m%%%%ttttttt[0;1;30;90;43mX[0;30;41m8[0m          
            [0;1;30;90;43mX[0;1;33;93;43m%%%SSSSSSSS[0;1;33;93;47m8[0;1;37;97;47m8[0;37;5;47;107m%%%%%%%%%%%%[0;33;47m8[0;1;33;93;43mSSS[0;37;5;47;107mS%%SSSSSSSSS[0;1;37;97;47m8[0;33;47m8[0;1;33;93;43m%%%tttttttt[0;1;30;90;43mS[0m            
             [0;1;30;90;43m%[0;1;33;93;43m%%%%%%%%%SSS[0;1;33;93;47m8[0;1;37;97;47m8[0;37;5;47;107m%S[0;1;33;93;47m8[0;1;33;93;43mX[0;1;37;97;47mX[0;37;5;47;107mX%%%%%%SSSSSSX[0;1;37;97;47mX[0;37;43m@[0;1;33;93;47m8[0;37;5;47;107m@S[0;1;37;97;47m8[0;33;47m8[0;1;33;93;43m%%%ttttttttt[0;1;30;90;43m%[0m             
              [0;31;40mX[0;1;30;90;43mS[0;1;33;93;43m%%%%%%%%%%%%[0;1;33;93;47m8[0;37;43m@[0;1;33;93;43m%%%S[0;1;33;93;47m@[0;1;37;97;47m8[0;37;5;47;107mSSSSSSSS[0;1;37;97;47m8[0;1;33;93;47m@[0;1;33;93;43mS%%%[0;37;43mX[0;33;47m8[0;1;33;93;43m%%%ttttttttt[0;1;30;90;43m%[0;31;40mX[0m              
                [0;31;5;40;100mX[0;1;30;90;43mX[0;1;33;93;43m%%%%%%%%%%%%%%%%%%[0;1;33;93;47mS[0;37;5;47;107mSSSSSS[0;1;37;97;47m%[0;1;33;93;43m%%%%%%%%tttttttttt[0;1;30;90;43mS[0;31;5;40;100mS[0m                
                  [0;1;30;90;43m%[0;1;33;93;43mt%%%%%%%%%%%%%%%[0;1;33;93;47m@[0;37;5;47;107mXSSSSXXX[0;1;33;93;47mX[0;1;33;93;43m%%%tttttttttttt[0;1;30;90;43mX%[0m                  
                    [0;1;30;90;43m%[0;1;33;93;43mt%%%%%%%%%%%%%S[0;1;33;93;47m@[0;1;37;97;47m8[0;37;5;47;107mXXXX[0;1;37;97;47m8[0;1;33;93;47mX[0;1;33;93;43m%ttttttttttttt[0;1;30;90;43mX%[0m                    
                      [0;1;30;90;43m%X[0;1;33;93;43m%%%%%%%%%%%%tt%[0;33;47m8[0;1;33;93;47m8[0;1;33;93;43m%tttttttttttttt[0;1;30;90;43mX%[0m                      
                        [0;33;5;40;100m8[0;1;30;90;43mS[0;1;33;93;43mtttttttttttttttttttttttttttt[0;1;30;90;43mSt[0m                        
                          [0;31;40m8[0;1;30;90;43m%[0;1;33;93;43mttttttttttttttttttttttt;[0;1;30;90;43m%[0;31;40m8[0m                          
                             [0;33;5;40;100m8[0;1;30;90;43mS[0;1;33;93;43mtttttttttttttttttt[0;1;30;90;43m%[0;33;5;40;100m8[0m                             
                                [0;1;30;90;43mtS[0;1;33;93;43mtttttttttttt[0;1;30;90;43mSt[0m                                
                                   [0;33;5;40;100m8[0;1;30;90;43m%X[0;1;33;93;43mtttt[0;1;30;90;43mX%[0;33;5;40;100m8[0m                                   
                                      [0;31;40m@[0;1;30;90;43mtt[0;31;40m8[0m                                      
