[0;36;5;40;100m [0;1;30;90;47m....      [0;1;37;97;47m                                     [0;1;30;90;47m      .........:::::::::;;;;;;;[0;36;5;40;100m [0m
[0;37;5;40;100m@[0;37;5;47;107m%%%%%%ttttttttttttttttttttttttttttttttttttttttttttt%%%%%%%%SSSSSSSXXXX@@@@@@@@[0;37;5;40;100m8[0m
[0;37;5;40;100m@[0;37;5;47;107m%%%%ttttttttttttttttttttttttttttttttttttttttttttttttt%%%%%%%SSSSSSSXXXX@@@@@@@[0;37;5;40;100m8[0m
[0;37;5;40;100m@[0;37;5;47;107m%%ttttttttttttttttttt;;;;;;;;;;;;;;ttttttttttttttttttt%%%%%%%%SSSSSSXXXX@@@@@@[0;37;5;40;100m8[0m
[0;37;5;40;100m@[0;37;5;47;107m%ttttt[0;33;5;43;103m;;;;;;;[0;37;5;43;103mSSSSSSSSSSSXXXXXXXXSSSSSSSSSSS[0;33;5;43;103m;;;;;;;;;;;;;tttttttttt%%%%%%[0;37;5;47;107m@@@@@@[0;37;5;40;100m8[0m
[0;37;5;40;100m@[0;37;5;47;107mtttttt[0;33;5;43;103m;;;;;;;;;;;;;;;:::::::::::::::;;;;;;;;;;;;;;;;;;;;;tttttttttt%%%%%[0;37;5;47;107m@X@@@@[0;37;5;40;100m8[0m
[0;37;5;40;100m8[0;37;5;47;107mtttttt[0;33;5;43;103m;;;;;;;;;;;;:::::::::::::::::::::;;;;;;;;;;;;;;;;;;;tttttttttt%%%%[0;37;5;47;107m@XX@@@[0;37;5;40;100m8[0m
[0;37;5;40;100m8[0;37;5;47;107mtttttt[0;33;5;43;103m;;;;;;;;;:::::::::::::::::::::::::::;;;;;;;;;;;;;;;;;tttttttttt%%%[0;37;5;47;107m@XX@@@[0;37;5;40;100m8[0m
[0;37;5;40;100m8[0;37;5;47;107mtttttt[0;33;5;43;103m;;;;;;[0;37;5;43;103m@[0;37;5;47;107m;;;;;;;::::::::::::::::;;;;;;;;ttttttttttttt%%%%%%SS[0;1;33;93;47m8[0;33;5;43;103mttt%%%[0;37;5;47;107m@XXX@@[0;37;5;40;100m8[0m
[0;37;5;40;100m8[0;37;5;47;107mtttttt[0;33;5;43;103m;;;;;;[0;1;33;93;47m@[0;37;5;47;107m;[0;1;37;97;47mXS [0;35;5;40;100m.[0;1;37;97;47m [0;37;5;47;107mX::.............:::::::;;;;;;;tttttttttttt%%%%[0;1;33;93;47m@[0;33;5;43;103mtttt%%[0;37;5;47;107mXXXX@@[0;37;5;40;100m8[0m
[0;37;5;40;100m8[0;37;5;47;107mtttttt[0;33;5;43;103m;;;;;:[0;1;33;93;47m@[0;37;5;47;107m;[0;1;30;90;47mX[0;35;5;40;100m [0;37;5;47;107m;[0;1;30;90;47m8[0;31;5;41;101m@[0;1;30;90;41m8[0;35;5;40;100m;[0;1;30;90;47m@[0;37;5;47;107m8...............:::::;;;;;;;ttttttttttt%%%%[0;1;33;93;47m@[0;33;5;43;103mtttt%%[0;37;5;47;107mXXXXX@[0;37;5;40;100m8[0m
[0;37;5;40;100m8[0;37;5;47;107mtttttt[0;33;5;43;103m;;;;::[0;1;33;93;47m@[0;37;5;47;107m:X[0;31;5;41;101m8[0;35;5;40;100m.[0;1;30;90;41m8[0;31;5;41;101m8[0;1;30;90;41m88[0;31;5;41;101m8@[0;1;30;90;47m8[0;1;37;97;47m [0;37;5;47;107m8        .....:::::;;;;;;;ttttttttttt%%%[0;1;33;93;47m@[0;33;5;43;103mttttt%[0;37;5;47;107mXXXXX@[0;37;5;40;100m8[0m
[0;37;5;40;100m8[0;37;5;47;107mtttttt[0;33;5;43;103m;;;:::[0;1;33;93;47mX[0;37;5;47;107m::[0;1;37;97;47m [0;31;5;41;101m8[0;1;31;91;41m8[0;31;5;41;101mX@[0;1;31;91;41m8[0;31;5;41;101m888[0;1;31;91;41m8[0;31;5;41;101mX[0;35;5;40;100m.[0;1;37;97;47m [0;37;5;47;107m8       .....::::;;;;;;ttttttttttt%%%[0;1;33;93;47m@[0;33;5;43;103mttttt%[0;37;5;47;107mXSXXX@[0;37;5;40;100m8[0m
[0;37;5;40;100m8[0;37;5;47;107mtttttt[0;33;5;43;103m;;::::[0;1;33;93;47mX[0;37;5;47;107m::.[0;1;37;97;47m [0;1;31;91;41m8[0;31;5;41;101m88@X8[0;1;31;91;41m888[0;31;5;41;101m@XX[0;1;30;90;47m8[0;1;37;97;47m.[0;37;5;47;107m:      ....::::;;;;;;ttttttttttt%%[0;1;33;93;47m@[0;33;5;43;103mttttt%[0;37;5;47;107mXSXXXX[0;37;5;40;100m8[0m
[0;37;5;40;100m8[0;37;5;47;107mtttt;t[0;33;5;43;103m;;::::[0;1;33;93;47mX[0;37;5;47;107m:...[0;1;37;97;47m [0;31;5;41;101m8888[0;1;31;91;41m88[0;31;5;41;101m88[0;35;5;41;101m@@XXX@[0;1;37;97;47m [0;37;5;47;107m;     ...:::::;;;;;ttttttttttt%%[0;1;33;93;47m@[0;33;5;43;103mtttttt[0;37;5;47;107mXSXXXX[0;37;5;40;100m8[0m
[0;37;5;40;100m8[0;37;5;47;107mtttt;t[0;33;5;43;103m;:::::[0;1;33;93;47mX[0;37;5;47;107m:... [0;1;37;97;47mt[0;31;5;41;101m8[0;1;30;90;41m88[0;31;5;41;101m8@[0;35;5;41;101mXX@88XXXX@[0;1;37;97;47m [0;37;5;47;107m:   ....::::;;;;;;tttttttttt%%[0;1;33;93;47m@[0;33;5;43;103mtttttt[0;37;5;47;107mXSXXXX[0;37;5;40;100m8[0m
[0;37;5;40;100m8[0;37;5;47;107mtttt;t[0;33;5;43;103m;:::::[0;1;33;93;47mX[0;37;5;47;107m:...  @[0;37;5;40;100m;[0;31;5;40;100mSS[0;35;5;41;101m888XXX[0;35;5;40;100m;[0;35;5;41;101mX@X[0;31;5;41;101mSX[0;35;5;41;101m@[0;1;37;97;47m%[0;37;5;47;107mt8[0;1;37;97;47mS;;X[0;37;5;47;107m%:::;;;;;;tttttttttt%%[0;1;33;93;47m@[0;33;5;43;103mtttttt[0;37;5;47;107mXSXXXX[0;37;5;40;100m8[0m
[0;37;5;40;100m8[0;37;5;47;107mtttt;t[0;33;5;43;103m;:::::[0;1;33;93;47mX[0;37;5;47;107m:...   :[0;1;30;90;47mX[0;1;30;90;41m8[0;35;5;40;100m%tt[0;35;5;41;101m8XXXXXXX[0;31;5;41;101mXXX888888[0;1;30;90;47m%[0;37;5;47;107m:::;;;;;;tttttttttt%%[0;1;33;93;47m@[0;33;5;43;103mtttttt[0;37;5;47;107mXSXXXX[0;37;5;40;100m8[0m
[0;37;5;40;100m8[0;37;5;47;107mtttt;t[0;33;5;43;103m;:::::[0;1;33;93;47mX[0;37;5;47;107m:...     [0;1;37;97;47mX[0;35;5;41;101m@XXXXXXXX@[0;31;5;41;101m@XX@X8[0;1;31;91;41m8[0;31;5;41;101m888[0;1;37;97;47mS[0;37;5;47;107m:::;;;;;;tttttttttt%%[0;1;33;93;47m@[0;33;5;43;103mtttttt[0;37;5;47;107mXSXXXX[0;37;5;40;100m8[0m
[0;37;5;40;100m8[0;37;5;47;107mtttt;t[0;33;5;43;103m;:::::[0;1;33;93;47mX[0;37;5;47;107m:...      ;[0;1;30;90;47mX[0;35;5;41;101mXXXXXXX[0;31;5;41;101mXXXXXXXX[0;1;31;91;41m8[0;1;30;90;47m8[0;1;31;91;41m8[0;37;5;47;107m;:::;;;;;;tttttttttt%%[0;1;33;93;47m@[0;33;5;43;103mtttttt[0;37;5;47;107mXSXXXX[0;37;5;40;100m8[0m
[0;37;5;40;100m8[0;37;5;47;107mtttt;t[0;33;5;43;103m;;::::[0;1;33;93;47mX[0;37;5;47;107m::...       8[0;1;30;90;47m8[0;31;5;41;101mSSSSXXXXX@X8X8[0;35;5;40;100m.[0;37;5;47;107m@:::;;;;;;ttttttttttt%%[0;1;33;93;47m@[0;33;5;43;103mtttttt[0;37;5;47;107mXSXXXX[0;37;5;40;100m8[0m
[0;37;5;40;100mX[0;37;5;47;107mttttt;[0;33;5;43;103m;;::::[0;37;5;43;103mX[0;37;5;47;107m::....       .[0;1;37;97;47m [0;35;5;41;101m@[0;31;5;41;101mXXXXXXX@XXX@@8[0;1;37;97;47mX[0;37;5;47;107m::;;;;;;ttttttttttt%%[0;1;33;93;47m8[0;33;5;43;103mttttt%[0;37;5;47;107mXSXXXX[0;37;5;40;100mX[0m
[0;36;5;40;100m [0;37;5;47;107mttttt;[0;37;5;43;103mS[0;33;5;43;103m;;:::[0;37;5;43;103m@[0;37;5;47;107m:::.....       %[0;35;5;40;100m.[0;31;5;41;101m@XXXXXX@@@@888[0;1;37;97;47m.[0;37;5;47;107m;;;;;;ttttttttttt%%%[0;37;5;43;103m8[0;33;5;43;103mttttt%[0;37;5;47;107mSXXXX@[0;36;5;40;100m [0m
[0;30;5;40;100m@[0;37;5;47;107mtttttt[0;37;5;43;103m8[0;33;5;43;103m;;;:::[0;37;5;47;107m;::::.....      [0;37;5;40;100m:[0;1;31;91;41m8[0;31;5;41;101m8@XXXX@@8@@@[0;1;31;91;41m8[0;31;5;41;101m8[0;1;30;90;47mt[0;37;5;47;107m;;;;;ttttttttttt%%%[0;33;5;43;103mtttttt%[0;37;5;47;107mSXXXX@[0;36;5;40;100m%[0m
 [0;37;5;47;107m%ttttt[0;1;37;97;47m8[0;33;5;43;103m;;;;::[0;37;5;47;107mt::::::.........[0;37;5;40;100m;[0;31;5;41;101m888[0;1;30;90;47m8[0;35;5;41;101m8[0;31;5;41;101m@@@@@888888[0;35;5;40;100m;[0;1;30;90;47m%[0;37;5;47;107m8;ttttttttttt%%%S[0;33;5;43;103mttttt%[0;1;33;93;47m8[0;37;5;47;107mSXXXX@[0m 
 [0;1;37;97;47m;[0;37;5;47;107mttttt%[0;33;5;43;103m;;;;;:[0;1;33;93;47mS[0;37;5;47;107m;;:::::::......[0;1;30;90;47mt[0;31;5;41;101m88[0;1;30;90;47m8[0;37;5;47;107mS:[0;1;37;97;47mt[0;35;5;40;100m.[0;31;5;41;101m@@@8888[0;1;31;91;41m8[0;31;5;41;101m88[0;1;31;91;41m@8[0;1;37;97;47m;[0;37;5;47;107mttttttttttt%%%[0;1;33;93;47mX[0;33;5;43;103mttttt%[0;1;37;97;47m8[0;37;5;47;107mXXXX@[0;1;37;97;47mt[0m 
 [0;37;5;40;100mS[0;37;5;47;107mtttttt[0;37;5;43;103mS[0;33;5;43;103m;;;;;;[0;37;5;47;107m;;;;::::::::::::tt:::::[0;1;37;97;47m:[0;1;30;90;47m8[0;1;31;91;41m8[0;31;5;41;101m88888888[0;1;30;90;47m8[0;37;5;47;107mttttttttttt%%%S[0;33;5;43;103mttttt%%[0;37;5;47;107mXXXXX@[0;37;5;40;100m@[0m 
  [0;37;5;47;107m%ttttt[0;1;37;97;47m8[0;33;5;43;103m;;;;;;[0;1;37;97;47m8[0;37;5;47;107m;;;;;;:::::::::::::::;;[0;1;30;90;47m@[0;1;31;91;41m8@@88[0;31;5;41;101m8888[0;1;31;91;41m88[0;1;30;90;47m8[0;1;37;97;47m  .%8[0;37;5;47;107m%tt%%%%[0;1;33;93;47mS[0;33;5;43;103mtttt%%[0;1;33;93;47mX[0;37;5;47;107mXXXX@@[0;1;30;90;40m8[0m 
  [0;1;30;90;47m;[0;37;5;47;107mtttttt[0;33;5;43;103m;;;;;;;[0;37;5;47;107m%;;;;;;;;;;;;;;;;;;;;;;[0;1;30;90;47m%[0;1;31;91;41m88[0;31;5;41;101m888[0;1;30;90;47mS8[0;1;31;91;41m8[0;31;5;41;101m8[0;1;31;91;41m88[0;31;5;41;101m8[0;1;31;91;41m@@@@@@8[0;37;5;40;100m:[0;1;37;97;47m [0;37;5;47;107m%%S[0;33;5;43;103mttttt%%[0;37;5;47;107mXXXX@@[0;1;30;90;47m.[0m  
  [0;1;30;90;40m8[0;37;5;47;107m%ttttt[0;1;37;97;47m8[0;33;5;43;103m;;;;;;[0;37;5;43;103m@[0;37;5;47;107mt;;;;;;;;;;;;;;;;;;;;;X[0;35;5;40;100m;[0;1;31;91;41m8[0;35;5;40;100m [0;1;30;90;47mX[0;1;37;97;47m;[0;37;5;47;107mSt[0;1;37;97;47m8[0;1;31;91;41m8[0;31;5;41;101m888[0;1;31;91;41m8SX@@@@8[0;1;30;90;41m8[0;37;5;47;107m@%[0;37;5;43;103m@[0;33;5;43;103mtttt%%[0;1;37;97;47m8[0;37;5;47;107mXXXX@@[0;30;5;40;100m@[0m  
   [0;1;30;90;47mX[0;37;5;47;107mtttttt[0;37;5;43;103m8[0;33;5;43;103m;;;;;;[0;37;5;43;103m8[0;37;5;47;107mt;;;;;;;;;;;;;;;;;;;;;tttttttt[0;1;30;90;47m8[0;1;31;91;41m88XSX@@888[0;1;37;97;47m [0;37;5;47;107m%%[0;1;33;93;47m8[0;33;5;43;103mtttt%%[0;37;5;43;103m8[0;37;5;47;107mXXXX@@[0;1;30;90;47m%[0m   
    [0;37;5;47;107m8tttttt[0;37;5;43;103mS[0;33;5;43;103m;;;;;;[0;1;33;93;47mX[0;37;5;47;107mttttt;;;;;;;;;;;ttttttttttttt[0;1;37;97;47m%[0;1;31;91;41m8XX@@88[0;1;30;90;47m8[0;1;37;97;47mS[0;37;5;47;107m%%%[0;1;33;93;47mS[0;33;5;43;103mtttt%%%[0;37;5;47;107mXXXX@@[0;1;37;97;47m8[0m    
    [0;36;5;40;100m%[0;37;5;47;107m%ttttt%[0;33;5;43;103m;;;;;;;[0;1;33;93;47m@[0;37;5;47;107mttttttttttttttttttttttttttttt[0;1;31;91;41mX@@@88[0;1;37;97;47m@[0;37;5;47;107m%%%%[0;1;33;93;47m@[0;33;5;43;103mtttt%%%[0;1;37;97;47m8[0;37;5;47;107mXXX@@@[0;36;5;40;100mt[0m    
     [0;36;5;40;100m [0;37;5;47;107m%ttttt%[0;33;5;43;103m;;;;;;;[0;37;5;43;103m8[0;37;5;47;107mtttttttttttttttttttttttttttt[0;1;30;90;47m8[0;1;31;91;41m@@88[0;1;37;97;47mS[0;37;5;47;107m%%%S[0;37;5;43;103m8[0;33;5;43;103mttt%%%%[0;1;37;97;47m8[0;37;5;47;107mXXX@@@[0;36;5;40;100m [0m     
      [0;1;30;90;47m8[0;37;5;47;107m%%%tttS[0;33;5;43;103m;;;;;;;;[0;37;5;47;107m%ttttttttttttttttttttttttttS[0;35;5;40;100mt[0;1;31;91;41m8[0;1;30;90;47m8[0;37;5;47;107mX%%%X[0;33;5;43;103mtttt%%%%[0;1;37;97;47m8[0;37;5;47;107mXXX@@@[0;1;30;90;47m@[0m      
       [0;1;30;90;47mX[0;37;5;47;107m%%%%tt%[0;33;5;43;103m;;;;;;;;[0;1;37;97;47m8[0;37;5;47;107mtttttttttttttttttttttt%%%%S8%%%S[0;1;37;97;47m8[0;33;5;43;103mttt%%%%%[0;37;5;47;107m@XXX@@@[0;1;30;90;47m%[0m       
        [0;1;30;90;47m8[0;37;5;47;107m%%%%%%%[0;37;5;43;103m8[0;33;5;43;103m;;;;;;;[0;37;5;43;103mX[0;37;5;47;107mSttttttttttttttttt%%%%%%%%%%%X[0;37;5;43;103mX[0;33;5;43;103mtt%%%%%[0;37;5;43;103m8[0;37;5;47;107mXXX@@@@[0;1;30;90;47mX[0m        
         [0;37;5;40;100mX[0;37;5;47;107m%%%%%%%[0;1;37;97;47m8[0;33;5;43;103mttt;;;;;[0;37;5;43;103m8[0;37;5;47;107m%tttttttttt%%%%%%%%%%%%%%S[0;37;5;43;103m8[0;33;5;43;103mtt%%%%%%[0;1;33;93;47mS[0;37;5;47;107mXXX@@@@[0;37;5;40;100mX[0m         
          [0;36;5;40;100m;[0;37;5;47;107m8%%%%%%S[0;37;5;43;103mX[0;33;5;43;103mtttttttt[0;1;33;93;47m@[0;37;5;47;107m%%%%%%%%%%%%%%%%%%%%SS[0;1;33;93;47mX[0;33;5;43;103mtt%%%%%%%[0;1;37;97;47m8[0;37;5;47;107mXX@@@@[0;1;37;97;47m8[0;36;5;40;100m:[0m          
            [0;1;37;97;47m:[0;37;5;47;107mS%%%%%%[0;1;37;97;47m8[0;33;5;43;103mttttttttt[0;1;33;93;47m8[0;37;5;47;107mS%%%%%%%%%%%%%SSSX[0;1;33;93;47m8[0;33;5;43;103mt%%%%%%%%[0;1;37;97;47m8[0;37;5;47;107mXX@@@@@[0;1;37;97;47m;[0m            
             [0;37;5;40;100m@[0;37;5;47;107mXSSS%%%S[0;1;33;93;47m@[0;33;5;43;103mttttttttt[0;37;5;43;103m8[0;1;37;97;47m8[0;37;5;47;107m%%%%%%SSSSSS[0;1;37;97;47m8[0;37;5;43;103m8[0;33;5;43;103m%%%%%%%%%[0;1;33;93;47m8[0;37;5;47;107m@X@@@@@8[0;37;5;40;100m8[0m             
              [0;30;5;40;100m8[0;1;37;97;47m;[0;37;5;47;107mSSSSSSSX[0;37;5;43;103m8[0;33;5;43;103mtttttttttt[0;1;33;93;47mS[0;37;5;47;107mXSSSSSSX[0;1;33;93;47mS[0;33;5;43;103m%%%%%%%%%%[0;37;5;43;103m8[0;1;37;97;47m8[0;37;5;47;107mX@@@@@@[0;1;37;97;47m:[0;30;5;40;100m8[0m              
                [0;36;5;40;100m [0;1;37;97;47m8[0;37;5;47;107mSSSSSSSX[0;1;33;93;47m@[0;33;5;43;103mtttttttttt[0;37;5;43;103mX[0;1;37;97;47m8[0;37;5;47;107mXX[0;1;37;97;47m8[0;37;5;43;103m@[0;33;5;43;103m%%%%%%%%%%[0;1;33;93;47m8[0;37;5;47;107m@@@@@@@@[0;1;37;97;47m8[0;36;5;40;100m [0m                
                  [0;37;5;40;100m8[0;37;5;47;107m@SSSSSSSX[0;1;33;93;47mS[0;33;5;43;103m%%%%%%%%%%%%%%%%%%%%%%[0;1;33;93;47m@[0;37;5;47;107m@@@@@@@@8[0;37;5;40;100m8[0m                  
                    [0;1;30;90;47m8[0;37;5;47;107m8XXXXXXXX[0;1;37;97;47m8[0;37;5;43;103m8[0;33;5;43;103m%%%%%%%%%%%%%%%%[0;37;5;43;103m@[0;1;37;97;47m8[0;37;5;47;107m@@@@@@@@8[0;1;30;90;47m8[0m                    
                      [0;37;5;40;100m@[0;1;37;97;47m8[0;37;5;47;107mXXXXXXXX@[0;1;37;97;47m8[0;37;5;43;103mX[0;33;5;43;103m%%%%%%%%%SS[0;1;33;93;47mS[0;37;5;47;107m@@@@@@@@@[0;1;37;97;47m8[0;37;5;40;100m8[0m                      
                        [0;36;5;40;100m [0;1;37;97;47mS[0;37;5;47;107mXXXXXXXXX@[0;1;37;97;47m8[0;37;5;43;103mX[0;33;5;43;103mSSSSS[0;1;33;93;47mS[0;37;5;47;107m8@@@@@@@@@[0;1;37;97;47mS[0;36;5;40;100m [0m                        
                          [0;30;5;40;100mS[0;1;30;90;47m%[0;37;5;47;107m8@@@@@@@@@@[0;1;37;97;47m88[0;37;5;47;107m8@@@@@@@@@8[0;1;30;90;47m;[0;36;5;40;100mt[0m                          
                             [0;36;5;40;100m [0;1;37;97;47m.[0;37;5;47;107m@@@@@@@@@@@@@@@@@@[0;1;37;97;47m:[0;36;5;40;100m [0m                             
                                [0;36;5;40;100m [0;1;37;97;47m;[0;37;5;47;107m@@@@@@@@@@@@[0;1;37;97;47mt[0;37;5;40;100mX[0m                                
                                   [0;36;5;40;100m [0;1;30;90;47m;[0;37;5;47;107m8@@@@8[0;1;30;90;47m.[0;36;5;40;100m [0m                                   
                                      [0;30;5;40;100mS[0;37;5;40;100m@@[0;36;5;40;100m%[0m                                      
