[0;32;5;40;100m8[0;36;5;40;100m [0;37;5;40;100m;;;;tttttttttttttttttttttttttttttttttttttttttttttt;;;;;[0;36;5;40;100m                      [0;32;5;40;100m8[0m
[0;36;5;40;100mt[0;1;30;90;47m@@@@@@@@@@XXXXXXXXXXXXXX[0;1;37;97;47m        [0;1;30;90;47mXXXXXXXXXXXXXXX@@@@@@@@@@@88888888888888888888[0;36;5;40;100mt[0m
[0;36;5;40;100mt[0;1;30;90;47m@@@@@@@@XXXXXXXXXX[0;1;37;97;47m                     [0;1;30;90;47mXXXXXXXXXX@@@@@@@@@@8888888888888888888[0;36;5;40;100mt[0m
[0;36;5;40;100mt[0;1;30;90;47m@@@@@@XXXXXXXXX[0;1;37;97;47m                           [0;1;30;90;47mXX8[0;36;5;40;100m ;[0;37;5;40;100m%[0;1;30;90;47m@XX@@@@@@@@@@88888888888888888[0;36;5;40;100mt[0m
[0;36;5;40;100mt[0;1;30;90;47m@@@@XXXXXXXX[0;1;37;97;47m                              [0;1;30;90;47m@8[0;1;30;90;40m8SS[0;34;40m;[0;32;5;40;100mS[0;1;30;90;47mXXXX@@@@@@@@@8888888888888888[0;36;5;40;100mt[0m
[0;36;5;40;100mt[0;1;30;90;47m@@@XXXXXXX[0;1;37;97;47m                              [0;1;30;90;47mS[0;36;5;40;100mt[0;1;30;90;40mS[0;34;40m;;;;;[0;1;30;90;40mS[0;36;5;40;100m%[0;30;5;40;100m8[0;1;30;90;40m@[0;30;5;40;100m8[0;37;5;40;100m%[0;1;30;90;47m@@@@@@@@@888888888888888[0;36;5;40;100mt[0m
[0;36;5;40;100mt[0;1;30;90;47m@@XXXXXX[0;1;37;97;47m                            [0;1;30;90;47mSX[0;37;5;40;100mS[0;36;5;40;100m [0;32;5;40;100mX[0;1;30;90;40mS8[0;30;5;40;100m8[0;1;30;90;40m8X[0;34;40m;;;;[0;30;5;40;100mS[0;1;30;90;40m8SX[0;1;30;90;47m@@@@@@@@@@88888888888888[0;36;5;40;100mt[0m
[0;36;5;40;100mt[0;1;30;90;47m@XXXXXX[0;1;37;97;47m                            [0;1;30;90;47m8[0;30;5;40;100m@[0;1;30;90;40m@@XX@[0;30;5;40;100mX[0;36;5;40;100m:[0;1;30;90;40mXS[0;34;40m;;;;[0;30;5;40;100m88[0;1;30;90;40mS[0;36;5;40;100mt[0;1;30;90;47mXX@@@@@@@@@8888888888888[0;36;5;40;100mt[0m
[0;36;5;40;100mt[0;1;30;90;47mXXXXXX[0;1;37;97;47m                              [0;30;5;40;100mX[0;1;30;90;40m8@@@XXXSSS%[0;34;40m;;;;;[0;36;5;40;100m.[0;1;30;90;47mXXX@@@@@@@@8888888888888[0;36;5;40;100mt[0m
[0;36;5;40;100mt[0;1;30;90;47mXXXXX[0;1;37;97;47m               [0;1;30;90;47mXX[0;1;37;97;47m              [0;1;30;90;47m8[0;32;5;40;100m%[0;30;5;40;100m@@[0;1;30;90;40m8@@XXXSS%[0;34;40m;;[0;1;30;90;40mS[0;34;40m;[0;36;5;40;100m [0;1;30;90;47mXXXX@@@@@@@@888888888888[0;36;5;40;100mt[0m
[0;36;5;40;100mt[0;1;30;90;47mXXXX[0;1;37;97;47m             [0;1;30;90;47m8[0;36;5;40;100m;[0;30;5;40;100m8888[0;36;5;40;100m [0;1;37;97;47m             [0;1;30;90;47mS[0;36;5;40;100m:[0;30;5;40;100m@8[0;1;30;90;40m8@@XXXSSS%8[0;34;40m;[0;1;30;90;47m8XXXXX@@@@@@@@88888888888[0;36;5;40;100mt[0m
[0;36;5;40;100mt[0;1;30;90;47mXXX[0;1;37;97;47m              [0;1;30;90;47m8[0;36;5;40;100m ..[0;30;5;40;100mS@@X[0;37;5;40;100mX[0;1;37;97;47m               [0;1;30;90;47m8[0;36;5;40;100m;[0;1;30;90;40m88@XXS88S[0;34;40m;[0;1;30;90;47m8XXXXX@@@@@@@@88888888888[0;36;5;40;100mt[0m
[0;36;5;40;100mt[0;1;30;90;47mXX[0;1;37;97;47m                [0;1;30;90;47mX[0;37;5;40;100m@[0;36;5;40;100m [0;37;5;40;100m%[0;36;5;40;100m;[0;30;5;40;100mXXX[0;36;5;40;100m. [0;37;5;40;100mS[0;1;30;90;47m8S[0;1;37;97;47m      [0;1;30;90;47m8[0;37;5;40;100m%[0;36;5;40;100m;[0;30;5;40;100mX[0;1;30;90;40m888@[0;30;5;40;100m8[0;1;30;90;40m888[0;30;5;40;100m8[0;1;30;90;40m@%8[0;37;5;40;100mS[0;1;30;90;47mXXXXXX@@@@@@@88888888888[0;36;5;40;100mt[0m
[0;36;5;40;100m;[0;1;30;90;47mXX[0;1;37;97;47m                   [0;36;5;40;100m [0;30;5;40;100mXXXSSSSSS[0;36;5;40;100mt [0;1;30;90;47m88[0;36;5;40;100m [0;30;5;40;100mX8888[0;1;30;90;40m8888888X8SS[0;36;5;40;100m.[0;1;30;90;47m@[0;1;37;97;47m [0;1;30;90;47mXXXXX@@@@@@@@8888888888[0;36;5;40;100mt[0m
[0;36;5;40;100m;[0;1;30;90;47mXX[0;1;37;97;47m                    [0;37;5;40;100mS[0;36;5;40;100m [0;30;5;40;100m%%[0;36;5;40;100m%%t%%[0;30;5;40;100mS[0;36;5;40;100mtt[0;30;5;40;100mXX@@8888[0;1;30;90;40m888@@XXXS[0;30;5;40;100m8[0;1;37;97;47m   [0;1;30;90;47mXXXXX@@@@@@@@8888888888[0;36;5;40;100mt[0m
[0;36;5;40;100m;[0;1;30;90;47mX[0;1;37;97;47m                      [0;1;30;90;47mS[0;37;5;40;100m@[0;36;5;40;100mtttttt.t[0;30;5;40;100mSSXX[0;36;5;40;100mt%[0;30;5;40;100m@88[0;1;30;90;40m8888@@XXS8[0;1;30;90;47m@[0;1;37;97;47m  [0;1;30;90;47mXXXXXX@@@@@@@8888888888[0;36;5;40;100mt[0m
[0;36;5;40;100m;[0;1;30;90;47mX[0;1;37;97;47m                      . [0;1;30;90;47m%[0;37;5;40;100mS[0;36;5;40;100m. ;;:t[0;30;5;40;100m%SS[0;36;5;40;100mt[0;30;5;40;100mX@888[0;1;30;90;40m8888@@XXSS[0;36;5;40;100m:[0;1;37;97;47m   [0;1;30;90;47mXXXXX@@@@@@@8888888888[0;36;5;40;100mt[0m
[0;36;5;40;100m;[0;1;30;90;47mX[0;1;37;97;47m                      ...[0;1;30;90;47mX[0;1;37;97;47m [0;36;5;40;100m :.;t%t;[0;30;5;40;100mXX@8888[0;1;30;90;40m888@@XXSS[0;30;5;40;100m8[0;1;37;97;47m   [0;1;30;90;47mXXXXX@@@@@@@8888888888[0;36;5;40;100mt[0m
[0;36;5;40;100m;[0;1;30;90;47mX[0;1;37;97;47m                       .... [0;37;5;40;100m8[0;36;5;40;100m t:;[0;30;5;40;100m%SX@@888[0;1;30;90;40m888[0;30;5;40;100m8[0;1;30;90;40m@@XXSS@[0;1;30;90;47m8[0;1;37;97;47m [0;1;30;90;47mXXXXXX@@@@@@@8888888888[0;36;5;40;100mt[0m
[0;36;5;40;100m;[0;1;30;90;47mX[0;1;37;97;47m    [0;1;30;90;47m@[0;32;5;40;100mSX[0;1;30;90;47m@[0;1;37;97;47m          [0;1;30;90;47m8[0;37;5;40;100m%[0;1;30;90;47mX[0;37;5;40;100m::[0;1;37;97;47m ... [0;1;30;90;47mS[0;36;5;40;100m ;[0;30;5;40;100m%SSXX@@888[0;1;30;90;40m88[0;30;5;40;100m8[0;1;30;90;40m8@@XXSS[0;32;5;40;100mX[0;1;30;90;47m8[0;1;30;90;42m88[0;1;30;90;47m8XXXX@@@@@@@88[0;1;30;90;42m88[0;1;30;90;47m888888[0;36;5;40;100mt[0m
[0;36;5;40;100mt[0;1;30;90;47mXX[0;1;37;97;47m  [0;1;30;90;47m8[0;1;30;90;42m@SS8[0;1;30;90;47m8[0;1;37;97;47m        [0;37;5;40;100mX[0;36;5;40;100m [0;30;5;40;100mS[0;32;5;40;100m%%S[0;36;5;40;100m%[0;1;30;90;47m88[0;36;5;40;100m ;[0;30;5;40;100m%SSSSXX@@88888S[0;1;30;90;40m8@@XXSSS[0;32;5;40;100m%[0;1;30;90;42mXtt%[0;37;5;40;100m;[0;1;30;90;47mXX@@@@@@@@[0;37;5;40;100m:[0;1;30;90;42mt..;[0;36;5;40;100m [0;1;30;90;47m8888[0;36;5;40;100mt[0m
[0;36;5;40;100m%[0;1;30;90;47mXX@[0;32;5;40;100m%[0;1;30;90;42m%%SSXX[0;36;5;40;100mt[0;1;30;90;47mX[0;1;37;97;47m      [0;36;5;40;100m  [0;30;5;40;100m@@X[0;32;5;40;100m%[0;36;5;40;100m%[0;30;5;40;100mSSSSSSXXX@@@8@X@8@[0;1;30;90;40m88@@XXSS@[0;1;30;90;42mXStt;;8[0;1;30;90;47m8@@@@@@8[0;1;30;90;42m8:.....8[0;1;30;90;47m888[0;36;5;40;100m%[0m
[0;32;5;40;100m@[0;1;30;90;47mXX88[0;37;5;40;100m:[0;1;30;90;42mXSS@[0;37;5;40;100m:[0;1;30;90;47m8@[0;1;37;97;47m     [0;1;30;90;47mX[0;36;5;40;100m  [0;30;5;40;100m88@@@@XXXXX@@@@88@@X[0;1;30;90;40m8888@@XXSSS[0;30;5;40;100m8[0;36;5;40;100m [0;1;30;90;42mStt%[0;36;5;40;100m.[0;1;30;90;47m88@@@@@@88[0;36;5;40;100m:[0;1;30;90;42m;..:[0;36;5;40;100m;[0;1;30;90;47m8888[0;32;5;40;100m@[0m
[0;1;30;90;40m@[0;1;30;90;47mXX8[0;1;30;90;42m8%%%SSS[0;32;5;40;100mS[0;1;30;90;47mX[0;1;37;97;47m     [0;1;30;90;47m@8[0;32;5;40;100m%[0;30;5;40;100m@8888@XX@[0;32;5;40;100m%[0;30;5;40;100m@[0;36;5;40;100m:[0;30;5;40;100mX@@S[0;36;5;40;100m%[0;30;5;40;100m8[0;1;30;90;40m88888@@XXSSS%%[0;1;30;90;42mXtt;;;8[0;1;30;90;47m8@@@@@@8[0;1;30;90;42m8:.....8[0;1;30;90;47m888[0;30;5;40;100m8[0m
 [0;1;30;90;47m@8[0;1;30;90;42mXtt%%%SSS8[0;1;30;90;47m8[0;1;37;97;47m    [0;1;30;90;47m8[0;1;30;90;42m88888[0;32;5;40;100m@@XXX[0;36;5;40;100mt[0;1;37;97;47m [0;1;30;90;47m888[0;37;5;40;100m;[0;32;5;40;100mS[0;30;5;40;100m@[0;1;30;90;40m88888@@@XXSSS%[0;34;40m;;[0;1;30;90;40m@[0;1;30;90;42mtt;;;:%[0;37;5;40;100m:[0;1;30;90;47m@@@@8[0;1;30;90;42m%:.......;[0;36;5;40;100m [0;1;30;90;47m8[0m 
 [0;37;5;40;100m%[0;1;30;90;47m88[0;1;30;90;42m8tt%%%S8[0;1;30;90;47m88[0;1;37;97;47m    [0;1;30;90;47m88[0;32;5;40;100mS[0;1;30;90;42m888888[0;32;5;40;100m%[0;1;30;90;47m88[0;1;37;97;47m    [0;1;30;90;47m88[0;36;5;40;100mt[0;32;5;40;100m8[0;30;5;40;100m8[0;1;30;90;40m8@@@XXXSSS%[0;34;40m;;;;[0;1;30;90;42mS;;;:@[0;1;30;90;47m888@@888[0;1;30;90;42m@......S[0;37;5;40;100m:[0;1;30;90;47m8[0;37;5;40;100mt[0m 
 [0;32;5;40;100m%[0;1;30;90;47m8[0;1;30;90;42m%;ttt%%%S@[0;1;30;90;47m8[0;1;37;97;47m    [0;1;30;90;47m8[0;1;30;90;42m8@88888888[0;1;30;90;47m8[0;1;37;97;47m    [0;1;30;90;47m8[0;1;30;90;42m8888[0;32;5;40;100m8[0;1;30;90;40m@@XXXSSS[0;34;40m;;;;;:[0;1;30;90;42mS;;:::t[0;36;5;40;100m [0;1;30;90;47m@@@@[0;37;5;40;100m;[0;1;30;90;42mt........:[0;36;5;40;100m.t[0m 
  [0;1;30;90;42m;;;;tttt%%%S[0;36;5;40;100mt[0;1;30;90;47mXX[0;36;5;40;100m;[0;1;30;90;42mXX@@@@@@8888[0;36;5;40;100m:[0;1;37;97;47m  [0;36;5;40;100m.[0;1;30;90;42m8[0;32;5;40;100m888[0;30;5;40;100m8[0;1;30;90;40m888XSSS@[0;34;40m;;;;;::[0;1;30;90;42mS;::::::8[0;1;30;90;47m88[0;1;30;90;42m8:........[0;30;42m...[0;32;40mt[0m 
  [0;30;42mX[0;1;30;90;42m:;;;tttt%%%%@8SSXXXXXX@@@@@@8[0;32;5;40;100mX[0;1;30;90;40m8@XXXXXS88S%X@[0;34;40m;;;;::;[0;1;30;90;42m%::::::::%%::........[0;30;42m..S[0m  
  [0;32;40mt[0;1;30;90;42m::;;;;tttt%%%%SSSSSSXXXXXXX8[0;1;30;90;40m8XXXXXSSSSXX@@S[0;34;40m;;;:::::[0;32;40m%[0;1;30;90;42m;::::::::::........[0;30;42m...[0;32;40m%[0m  
   [0;30;42m@[0;1;30;90;42m::;;;;;ttttt%%%%%SSSSSSSSX[0;1;30;90;40m8SSSSSSS%%[0;34;40m;;[0;1;30;90;40mXX[0;34;40m;;;:::::::;[0;1;30;90;42mt:::::::::........[0;30;42m...@[0m   
    [0;1;30;90;42m::::;;;;;tttttt%%%%%%%%%%8[0;1;30;90;40mSS%%%[0;34;40m;;;;;;[0;1;30;90;40mSS[0;34;40m;;::::::::::[0;32;40m8[0;1;30;90;42m;:::::::........[0;30;42m...;[0m    
    [0;32;40mS[0;1;30;90;42m:::::;;;;;;tttttttt%%%%%[0;1;30;90;40m@S[0;34;40m;;;;;;;;;[0;1;30;90;40m%S[0;34;40m:::::::::;[0;1;30;90;42mS[0;32;40m;[0;34;40m:[0;32;40m;S[0;1;30;90;42m%::::.........[0;30;42m...:[0;32;40mS[0m    
     [0;32;40m8[0;1;30;90;42m:::::::;;;;;;;ttttttt%[0;32;5;40;100m8[0;30;5;40;100m88[0;1;30;90;40m8X[0;34;40m;;;;;::[0;1;30;90;40mX[0;34;40m:::::::::::[0;32;40m@[0;1;30;90;42mStt:::::.........[0;30;42m....[0;32;40m8[0m     
      [0;30;42m8[0;1;30;90;42m:::::::::;;;;;;;;;;;%tt%t[0;32;40mX[0;34;40m::::::[0;32;40mX[0;30;42m8[0;34;40m::::::::...:[0;32;40m8[0;1;30;90;42m%::::..........[0;30;42m....8[0m      
       [0;30;42m@[0;1;30;90;42m::::::::::::;;;;;;;;;;%[0;32;40mS[0;34;40m::::::[0;32;40mS8[0;1;30;90;42m@[0;32;40m:[0;34;40m::::......[0;32;40m:[0;30;42m8[0;1;30;90;42mt;::.........[0;30;42m.....@[0m       
        [0;30;42m8[0;1;30;90;42m::::::::::::S@[0;30;42m@[0;1;30;90;42mt;;%[0;30;42m8[0;32;40mt[0;34;40m:::::::[0;32;40m%[0;30;42mX[0;1;30;90;42m%:[0;30;42m8[0;34;40m:..........[0;32;40mS8[0;1;30;90;42mt..........[0;30;42m.....8[0m        
         [0;32;40m8[0;1;30;90;42m::::::::::X[0;32;5;40;100m@[0;36;5;40;100mt[0;1;30;90;40m%[0;34;40m:;:::::::::::[0;32;40m88[0;1;30;90;42m%::[0;32;40m@[0;34;40m;[0;32;40m;[0;1;30;90;40mX[0;32;40mS[0;34;40m......[0;32;40m;[0;30;42mX[0;1;30;90;42mt;.......[0;30;42m.....:[0;32;40m8[0m         
          [0;32;40mS[0;1;30;90;42m::::::::::X[0;32;5;40;100m8[0;30;5;40;100mS[0;1;30;90;40m%[0;34;40m.........:[0;32;40mS@8[0;1;30;90;42mS:::%[0;32;40mt[0;1;30;90;40m@[0;1;30;90;42mX:[0;32;40m%[0;34;40m......[0;32;40m%8[0;1;30;90;42mt......[0;30;42m.....:[0;32;40mX[0m          
            [0;30;42m%[0;1;30;90;42m:::::::::S[0;32;5;40;100m8[0;30;5;40;100mX[0;32;40m:[0;34;40m:.:[0;32;40m:::[0;34;40m.[0;32;40m;[0;1;30;90;42mS:::::::%[0;30;42mX[0;1;30;90;42m:::[0;32;40m%[0;34;40m......[0;32;40m.%[0;30;42m@[0;1;30;90;42m....[0;30;42m......%[0m            
             [0;30;42m8[0;1;30;90;42m.:::::::;t;;S%St;;[0;30;42mX[0;1;30;90;42m%:::::::::...t[0;34;40m.......[0;32;40m8[0;1;30;90;42m:...[0;30;42m......:8[0m             
              [0;32;40mt[0;30;42m%[0;1;30;90;42m.....::::::::::::::::........:[0;32;40mS[0;34;40m.......[0;1;30;90;42mS.[0;30;42m.......:%[0;32;40mt[0m              
                [0;32;40m@[0;30;42m:[0;1;30;90;42m..........................;[0;32;40mX[0;34;40m........[0;30;42m8......:;[0;32;40m@[0m                
                  [0;30;42m8[0;1;30;90;42m......................S[0;32;40m@t.[0;34;40m.... [0;32;40m:t[0;30;42mt:....:::8[0m                  
                    [0;30;42m8:[0;1;30;90;42m..................:[0;32;5;40;100mS[0;30;5;40;100m@X[0;1;30;90;40m@S[0;34;40m. .[0;32;40m;[0;30;42m8....::::8[0m                    
                      [0;32;40m8[0;30;42m:[0;1;30;90;42m................[0;30;42m.[0;1;30;90;42mtt%[0;32;5;40;100m8[0;1;30;90;42m@[0;32;5;40;100mS[0;32;40m8[0;30;42mX;..::::;8[0m                      
                        [0;32;40m8[0;30;42mt..................::[0;1;30;90;42mt[0;30;42m.::::::t[0;32;40m8[0m                        
                          [0;32;40m%[0;30;42m@:..............:::::::::X[0;32;40mS[0m                          
                             [0;32;40m8[0;30;42mS:.::::::::::::::::S[0;32;40m8[0m                             
                                [0;32;40m8[0;30;42m%::::::::::::%[0;32;40m8[0m                                
                                   [0;32;40m@[0;30;42mX::::::X[0;32;40m8[0m                                   
                                      [0;32;40m%88S[0m                                      
