[0;1;30;90;41m8[0;31;43mSSSSSSSSSSSS[0;1;30;90;43m:[0;30;42m%%%%%%%%[0;1;30;90;42mX[0;37;5;40;100mXX[0;1;30;90;42m@[0;30;42m%%%%%%%%%%%%[0;1;30;90;42mX[0;37;5;40;100mX@[0;1;30;90;42m@[0;30;42m%%%SSSSSSSSS[0;1;30;90;42mX[0;37;5;40;100mSX[0;1;30;90;42mX[0;30;42mSSSSSSSSXXXX[0;1;30;90;42m%[0;36;5;40;100m [0;37;5;40;100m%[0;1;30;90;42mS[0;30;42mXXXXX[0;32;40mX[0m
[0;31;43m8[0;1;33;93;43m.............[0;1;30;90;43m;[0;33;42m8[0;1;30;90;42m;;;t%[0;36;5;40;100m [0;1;37;97;47m.;;:[0;37;5;40;100m%[0;1;30;90;42mStttttttt%[0;36;5;40;100m [0;1;37;97;47m.::.[0;37;5;40;100mt[0;1;30;90;42m%;;;:::::;[0;36;5;40;100m [0;1;30;90;47m [0;1;37;97;47m..[0;1;30;90;47m [0;36;5;40;100m [0;1;30;90;42m;:.......:[0;36;5;40;100m [0;1;30;90;47m:..:[0;36;5;40;100m [0;1;30;90;42m:[0;30;42m:::[0;32;40m8[0m
[0;31;43m8[0;1;33;93;43m............:::[0;1;30;90;43m;[0;33;42m%[0;1;30;90;42mtt[0;1;30;90;47m;[0;1;37;97;47m;;;;;;[0;1;30;90;47m.[0;1;30;90;42mS%%%%%%%[0;1;30;90;47mt[0;1;37;97;47m;;;;::[0;1;30;90;47m:[0;1;30;90;42mt;;;;:::[0;1;30;90;47m%[0;1;37;97;47m:.....[0;1;30;90;47mt[0;1;30;90;42m:::.....[0;1;30;90;47mS......S[0;1;30;90;42m:[0;30;42m::[0;32;40m8[0m
[0;31;43m8[0;1;33;93;43m.........::::::::[0;1;30;90;43m%[0;1;30;90;42m%[0;1;37;97;47m;;;;;;;;[0;1;30;90;42mXSSSS%%%[0;1;37;97;47m.;;;;;;:[0;1;30;90;42m%t;;;;;:[0;1;37;97;47m ::.....[0;1;30;90;42m::::....[0;1;30;90;47m........[0;1;30;90;42m;[0;30;42m::[0;32;40m8[0m
[0;31;43m8[0;1;33;93;43m.......::::::::::::[0;1;37;97;47m.;;ttttt[0;1;30;90;42m@SSSSSSS[0;1;37;97;47m.;;;;;;;[0;1;30;90;42m%ttt;;;;[0;1;37;97;47m ::::...[0;1;30;90;42m:::::...[0;1;30;90;47m. ......[0;1;30;90;42m;[0;30;42m.:[0;32;40m8[0m
[0;31;43m8[0;1;33;93;43m......::::::::::;;[0;33;5;43;103m;;[0;33;47m8[0;1;37;97;47m;ttttt[0;1;30;90;42m@XXXXXXX[0;1;37;97;47m:ttt;;;;[0;1;30;90;42mS%tttt;;[0;1;37;97;47m :::::..[0;1;30;90;42m::::::..[0;1;30;90;47m.  .....[0;1;30;90;42m;[0;30;42m.:[0;32;40m8[0m
[0;31;43m8[0;1;33;93;43m....::::::::::;[0;33;5;43;103m;;;:::;[0;33;47mS[0;1;37;97;47mttt%[0;36;5;40;100m [0;1;30;90;42m@@@@@@[0;36;5;40;100m [0;1;37;97;47mtttttt;;[0;36;5;40;100m [0;1;30;90;42m%%%ttt[0;36;5;40;100mt[0;1;37;97;47m:::::::.[0;36;5;40;100m;[0;1;30;90;42m::::::[0;32;5;40;100mS[0;1;30;90;47m    ....[0;36;5;40;100mt[0;30;42m..8[0m
[0;31;43m8[0;1;33;93;43m...:::::::::;[0;33;5;43;103m;;::::::::;[0;1;37;97;47m:%%%[0;1;30;90;47m;[0;36;5;40;100m;[0;1;30;90;42m88[0;36;5;40;100m%[0;1;30;90;47m;[0;1;37;97;47m%%%ttttttt[0;1;30;90;47mt[0;32;5;40;100mS[0;1;30;90;42m%%[0;32;5;40;100m@[0;1;30;90;47mS[0;1;37;97;47m:::::::::.[0;1;30;90;47mS[0;1;30;90;42m8::8[0;1;30;90;47m8[0;1;37;97;47m.  [0;1;30;90;47m   ....8[0;1;30;90;42m8[0;30;42m8[0m
[0;32;5;40;100m8[0;37;5;40;100m8[0;1;33;93;43m:::::::::;;[0;33;5;43;103m;::::::::::::[0;1;33;93;47m8[0;1;30;90;47m %%%[0;37;5;40;100mt;[0;1;30;90;47mSSSSSSXXXX@@@@[0;36;5;40;100m .[0;1;30;90;47m88888888888888[0;36;5;40;100m;t[0;1;30;90;47m8888888888888[0;37;5;40;100m@[0;32;5;40;100m8[0m
[0;36;5;40;100m. [0;1;30;90;42mt[0;1;30;90;43mt[0;1;33;93;43m::::::;[0;33;5;43;103m;;::::::::::....;[0;1;30;90;43m8[0;1;30;90;42m8[0;37;5;40;100m%[0;1;37;97;47m;t[0;1;30;90;47m8[0;1;30;90;42m8888888@@@XX[0;36;5;40;100m [0;1;37;97;47m .[0;36;5;40;100m [0;1;30;90;42mS%ttt;;;::::[0;36;5;40;100m;[0;1;30;90;47m::[0;36;5;40;100m.[0;1;30;90;42m;::.........[0;36;5;40;100mt:[0m
[0;36;5;40;100m [0;1;37;97;47m:[0;1;30;90;47mt[0;32;5;40;100mS[0;33;42mS[0;1;30;90;43mt[0;1;33;93;43m:::;[0;33;5;43;103m;;::::::::.........[0;37;5;43;103m@[0;1;37;97;47mtXXX [0;36;5;40;100m [0;1;30;90;42m888888@@[0;36;5;40;100mt[0;1;30;90;47m;[0;1;37;97;47mttt;[0;1;30;90;47m;[0;36;5;40;100m%[0;1;30;90;42m%ttt;;;:8[0;1;30;90;47mX[0;1;37;97;47m....[0;1;30;90;47m%[0;32;5;40;100m@[0;1;30;90;42m:.......8[0;1;30;90;47m8.[0;36;5;40;100m [0m
[0;36;5;40;100m [0;1;37;97;47m:::[0;1;30;90;42m%%[0;33;42m8[0;1;33;93;43m:;[0;33;5;43;103m;;:::::::.............[0;1;33;93;47m8[0;1;37;97;47mSXXX[0;32;5;40;100mX[0;1;30;90;42m8888888[0;1;37;97;47mtttttt;;[0;1;30;90;42mX%ttt;;;[0;1;37;97;47m.::.....[0;1;30;90;42m;:......[0;1;30;90;47m;..[0;36;5;40;100m [0m
[0;36;5;40;100m [0;1;37;97;47m::;[0;1;30;90;42m%%%S[0;1;30;90;43mS[0;1;33;93;43m;[0;33;5;43;103m:::::::.........[0;37;5;43;103mXXXXXXX[0;1;33;93;47mS[0;1;37;97;47mXX[0;32;5;40;100mS[0;1;30;90;42m8888888[0;1;37;97;47mt%tttt;;[0;1;30;90;42mX%ttt;;;[0;1;37;97;47m:::.....[0;1;30;90;42m;:......[0;1;30;90;47m;..[0;36;5;40;100m [0m
[0;36;5;40;100m [0;1;37;97;47m::;[0;1;30;90;42m%%%SS[0;33;42mX[0;1;30;90;43mX[0;33;5;43;103m;::::.......[0;37;5;43;103mXXXXXX@XXXX8[0;1;37;97;47mt[0;33;5;40;100mS[0;1;30;90;42m8888888[0;1;37;97;47m%%%tttt;[0;1;30;90;42mX%%tt;;;[0;1;37;97;47m::::....[0;1;30;90;42m;::.....[0;1;30;90;47m;..[0;36;5;40;100m [0m
[0;36;5;40;100m [0;1;37;97;47m:;;[0;1;30;90;42mS%SSXXX[0;32;43m8[0;1;33;93;47m8[0;33;5;43;103m::.......[0;37;5;43;103mXXX@@@@@@@@@XX[0;1;33;93;43mS[0;1;30;90;43m8[0;1;30;90;42m888888[0;1;37;97;47m%%%tttt;[0;1;30;90;42mX%%ttt;;[0;1;37;97;47m::::....[0;1;30;90;42m;::.....[0;1;30;90;47m;..[0;36;5;40;100m [0m
[0;36;5;40;100m [0;1;37;97;47m:;;[0;1;30;90;47m8[0;1;30;90;42m8SSXX8[0;1;30;90;47m@[0;1;37;97;47m%:[0;33;5;43;103m;......[0;37;5;43;103mXXX@@@@@@@@@@@XX[0;33;5;43;103m.[0;37;43mX[0;33;5;40;100m@[0;1;30;90;42m88[0;36;5;40;100m%[0;1;30;90;47mS[0;1;37;97;47mS%%%tttt[0;1;30;90;47mX[0;1;30;90;42m8%ttt8[0;1;30;90;47m8[0;1;37;97;47m::::....[0;1;30;90;47m8[0;1;30;90;42m@:...X[0;1;30;90;47m8...[0;36;5;40;100m [0m
[0;36;5;40;100m [0;1;37;97;47m:;;;;[0;1;30;90;47m8[0;1;30;90;42m88[0;1;30;90;47m8[0;1;37;97;47mt%%%%[0;1;33;93;47mS[0;33;5;43;103m:....[0;37;5;43;103mXX@@@@88888@@@@XX[0;33;5;43;103m.;[0;1;30;90;43m8[0;1;30;90;47m8[0;1;37;97;47m%SS%%%tttt;:[0;37;5;40;100mS[0;1;30;90;42mXS[0;37;5;40;100mt[0;1;37;97;47m.:::::.....[0;1;30;90;47m [0;37;5;40;100mt[0;1;30;90;42mt;[0;36;5;40;100m [0;1;30;90;47m. ...[0;36;5;40;100m [0m
[0;32;5;40;100m8[0;36;5;40;100m;;:::.[0;1;30;90;47m88[0;36;5;40;100m      [0;37;5;40;100m;[0;33;5;40;100m:[0;37;43mS[0;33;5;43;103m...[0;37;5;43;103mXX@@@888888@@@@XX[0;33;5;43;103m...[0;37;5;43;103m8[0;1;30;90;47mS[0;37;5;40;100m;[0;36;5;40;100m      ...::[0;1;30;90;47m88[0;36;5;40;100m;;ttttttt%%%%%[0;37;5;40;100mt%[0;32;5;40;100mSSSSSS[0;1;30;90;42m@[0m
[0;30;42m8[0;1;30;90;42mtt%%8[0;1;30;90;47m@[0;1;37;97;47mtt[0;1;30;90;47m%[0;32;5;40;100mS[0;1;30;90;42m@888888[0;1;30;90;43m8[0;33;5;43;103m%.[0;37;5;43;103mXX@@@@88888@@@@XX[0;33;5;43;103m.....[0;1;30;90;43m8[0;33;42m8[0;1;30;90;42m88@@XXSS8[0;1;30;90;47mX[0;1;37;97;47m;;[0;1;30;90;47mX[0;1;30;90;42m8;;::::::::8[0;1;30;90;47m8[0;1;37;97;47m  [0;1;30;90;47m8[0;1;30;90;42m8....[0;30;42m8[0m
[0;30;42m8[0;1;30;90;42mtt%[0;1;30;90;47m8[0;1;37;97;47m;;tttt[0;1;30;90;47m8[0;1;30;90;42m88888888[0;1;33;93;47mX[0;37;5;43;103m@XX@@@@@@@@@@@XX[0;33;5;43;103m.......t[0;1;30;90;43m8[0;1;30;90;42m8@XXXS[0;1;30;90;47m8[0;1;37;97;47m:;;;::[0;37;5;40;100mS[0;1;30;90;42m;:::::::[0;37;5;40;100mt[0;1;37;97;47m .  [0;1;30;90;47m .[0;37;5;40;100m%[0;1;30;90;42m:.[0;30;42m.8[0m
[0;30;42m8[0;1;30;90;42mttt[0;1;37;97;47m:;;ttttt[0;1;30;90;42m88888888[0;1;37;97;47mXX[0;1;33;93;47m@[0;37;5;43;103mXXX@@@@@@@XXX[0;33;5;43;103m.......:::[0;1;33;93;43mt[0;1;30;90;43m@[0;1;30;90;42mXXSS[0;1;37;97;47m:;;;::::[0;1;30;90;42m;:::::::[0;1;30;90;47m [0;1;37;97;47m..  [0;1;30;90;47m  .[0;1;30;90;42m;.[0;30;42m.8[0m
[0;32;40m8[0;1;30;90;42mttt[0;1;37;97;47m:;;;tttt[0;1;30;90;42m88888888[0;1;37;97;47mXX@%[0;1;33;93;47m8[0;37;5;43;103mXXXXXXXXXX[0;33;5;43;103m.......::::::[0;1;30;90;43mX[0;33;42m8[0;1;30;90;42mSS[0;1;37;97;47m:;;;::::[0;1;30;90;42m;:::::::[0;1;30;90;47m [0;1;37;97;47m.   [0;1;30;90;47m  .[0;1;30;90;42m;.[0;30;42m.[0;32;40m8[0m
[0;32;40m@[0;1;30;90;42m;tt[0;1;37;97;47m:;;;;ttt[0;1;30;90;42m8@888888[0;1;37;97;47mSXXXX;[0;37;5;43;103m@[0;33;5;43;103m.[0;37;5;43;103mXXX[0;33;5;43;103m..........::::::::[0;1;33;93;43m;[0;1;30;90;43mS[0;33;42mS[0;1;37;97;47m.;;:::::[0;1;30;90;42m;:::::::[0;1;30;90;47m [0;1;37;97;47m.  [0;1;30;90;47m   .[0;1;30;90;42m;.[0;30;42m.[0;32;40m@[0m
[0;32;40m%[0;1;30;90;42m;t@[0;1;37;97;47m:;;;;ttt[0;1;30;90;42m8@@8888[0;32;5;40;100mX[0;1;37;97;47mSSXXXXX[0;1;33;93;47mX[0;33;5;43;103m............::::::::;[0;1;33;93;43m;::[0;1;30;90;47m.[0;1;37;97;47m;;:::::[0;1;30;90;42mX::::::%[0;1;30;90;47m [0;1;37;97;47m.  [0;1;30;90;47m   .[0;1;30;90;42mX[0;30;42m..[0;32;40mS[0m
 [0;1;30;90;42mt[0;36;5;40;100m [0;1;37;97;47m :;;;;;tt:[0;37;5;40;100m%[0;1;30;90;42m8@@8[0;37;5;40;100m%[0;1;37;97;47m;SSSSSXXX%[0;1;33;93;47m8[0;33;5;43;103m........:::::::::;[0;1;33;93;43m;::::[0;37;43m@[0;1;37;97;47m.::::: [0;36;5;40;100m [0;1;30;90;42m;:::[0;36;5;40;100m:[0;1;30;90;47m:[0;1;37;97;47m.   [0;1;30;90;47m  ..:[0;36;5;40;100m.[0;1;30;90;42m:[0m 
 [0;37;5;40;100m@[0;1;37;97;47m::::;;;;;;;t[0;1;30;90;47m:[0;36;5;40;100m:;[0;1;30;90;47m:[0;1;37;97;47m%%%%%SSSSSSS:[0;37;5;43;103mX[0;33;5;43;103m...:::::::::::;[0;1;33;93;43m;:::::::[0;33;47m8[0;1;37;97;47m.::::.[0;1;30;90;47mt[0;32;5;40;100mX@[0;1;30;90;47mS[0;1;37;97;47m.    [0;1;30;90;47m  .....[0;37;5;40;100m8[0m 
 [0;32;40m8[0;1;30;90;42m;;ttt%%%%SSS8[0;1;30;90;47m@S[0;32;5;40;100m@[0;1;30;90;42m@@8888888888[0;32;5;40;100mX[0;1;30;90;47m%[0;1;33;93;47m@[0;33;5;43;103m:::::::::::;;[0;1;33;93;43m;::::::::..[0;1;30;90;43m;[0;1;30;90;42m;;::X[0;1;30;90;47m88[0;1;30;90;42m@::::.......[0;30;42m.8[0m 
  [0;36;5;40;100m [0;1;30;90;42m%;;tttt%%X[0;37;5;40;100mt[0;1;37;97;47m:tt;[0;1;30;90;47m8[0;1;30;90;42m8@@@@@@888[0;1;30;90;47m8[0;1;37;97;47mt%%;[0;1;33;93;47m8[0;33;5;43;103m:::::::;;[0;1;33;93;43m;:::::::::....[0;1;30;90;43m:[0;33;42m8[0;1;30;90;42m;[0;36;5;40;100m [0;1;30;90;47m.[0;1;37;97;47m..[0;1;30;90;47m [0;36;5;40;100m [0;1;30;90;42m;.......[0;30;42m.[0;1;30;90;42m:[0;36;5;40;100m.[0;32;40mt[0m 
  [0;37;5;40;100m@[0;1;30;90;47m;[0;1;30;90;42m;;;tttt%[0;1;30;90;47mt[0;1;37;97;47m;;;;tt[0;1;30;90;47m.[0;1;30;90;42mXXXXX@@@[0;1;30;90;47m.[0;1;37;97;47mtttttt.[0;1;33;93;43m;[0;33;5;43;103m::;;;[0;1;33;93;43m;::::::::::.......[0;37;43m@[0;1;37;97;47m .....[0;1;30;90;47mt[0;1;30;90;42m:......[0;30;42m.[0;1;30;90;47m@[0;37;5;40;100m8[0m  
  [0;1;30;90;40m@[0;1;37;97;47m.[0;1;30;90;42m;;;;;ttt[0;1;37;97;47m.;;;;;;;[0;1;30;90;42mXSSXXXXX[0;1;37;97;47m;ttttttt[0;1;30;90;42m8[0;1;30;90;43mS[0;1;33;93;43m;;;:::::::::::..........[0;33;47m@[0;1;37;97;47m ..  [0;1;30;90;42m:.....[0;30;42m..[0;1;30;90;47mt[0;1;30;90;40m8[0m  
   [0;36;5;40;100m [0;1;30;90;42m;:;;;;;t[0;1;37;97;47m.;;;;;;;[0;1;30;90;42mSSSSSSSS[0;1;37;97;47m;tttt;;;[0;1;30;90;42m@S[0;33;42m8[0;1;30;90;43m%[0;1;33;93;43m::::::::::.............:[0;1;30;90;47m:[0;1;37;97;47m  [0;1;30;90;47m [0;1;30;90;42m:....[0;30;42m...[0;36;5;40;100m [0m   
    [0;1;30;90;42m;:::;;;;[0;1;37;97;47m.:::;;;;[0;1;30;90;42m%%%%%%%%[0;1;37;97;47m:;;;;;;;[0;1;30;90;42mX%%%[0;1;30;90;43m%[0;1;33;93;43m:::::::...............[0;1;31;91;43m88[0;37;43m@[0;1;30;90;47m. [0;1;30;90;42m:...[0;30;42m...;[0m    
    [0;32;40mS[0;1;30;90;42m:::::;[0;36;5;40;100mt[0;1;37;97;47m::::::::[0;36;5;40;100m.[0;1;30;90;42m%tt%%%[0;36;5;40;100m:[0;1;37;97;47m;;;;;;;;[0;36;5;40;100m [0;1;30;90;42m%tttt[0;1;30;90;43m;[0;1;33;93;43m:::...............[0;1;31;91;43m888888[0;33;47m8[0;33;5;40;100m%[0;1;30;90;42m..[0;30;42m...:[0;32;40mS[0m    
     [0;32;5;40;100m8[0;1;30;90;42m8::8[0;1;30;90;47m@[0;1;37;97;47m::::::::::[0;1;30;90;47m%[0;32;5;40;100m@[0;1;30;90;42mtt8[0;1;30;90;47mX[0;1;37;97;47m;;;;;;::::[0;1;30;90;47m%[0;1;30;90;42m8;;8[0;1;30;90;47mX[0;1;37;97;47m.[0;33;47m8[0;1;33;93;43m...............[0;1;31;91;43m88888888[0;1;33;93;43m.[0;33;5;40;100m [0;1;30;90;42m8[0;30;42m..[0;1;30;90;42m@[0;32;5;40;100m8[0m     
      [0;36;5;40;100m.;;[0;1;30;90;47m88888888888888[0;36;5;40;100m::[0;1;30;90;47m88888888888888[0;36;5;40;100m:;[0;1;30;90;47m8888[0;37;5;40;100m8[0;1;33;93;43m............[0;1;31;91;43m888888888888[0;37;43mS[0;33;5;40;100m%[0;32;5;40;100mS[0;36;5;40;100m [0m      
       [0;36;5;40;100m [0;1;30;90;47m.[0;36;5;40;100m:[0;1;30;90;42m;:::::::::;;[0;36;5;40;100m:[0;1;30;90;47m..[0;36;5;40;100m [0;1;30;90;42mt;;;;;;;;;;;[0;36;5;40;100m:[0;1;30;90;47m. [0;36;5;40;100m [0;1;30;90;42m;::::[0;1;30;90;43m:[0;1;33;93;43m........[0;1;31;91;43m8888888888888888[0;33;5;40;100m@[0m       
        [0;36;5;40;100m [0;1;37;97;47m.[0;1;30;90;47m%[0;32;5;40;100mX[0;1;30;90;42m::::::::8[0;1;30;90;47mS[0;1;37;97;47m::::[0;1;30;90;47mt[0;32;5;40;100mX[0;1;30;90;42m::::::::8[0;1;30;90;47mS[0;1;37;97;47m::::[0;1;30;90;47m%[0;32;5;40;100m@[0;1;30;90;42m::::[0;33;42m%[0;1;30;90;43m.[0;1;33;93;43m....[0;1;31;91;43m88888888888888888[0;31;43m8[0m        
         [0;36;5;40;100m [0;1;37;97;47m..[0;1;30;90;42mt:::::::[0;1;37;97;47m.:::::::[0;1;30;90;42mt:::::::[0;1;30;90;47m.[0;1;37;97;47m.......[0;1;30;90;42m;:::::[0;33;42m8[0;1;30;90;43m.[0;1;31;91;43m888888888888888888[0;33;41m8[0m         
          [0;30;5;40;100m@[0;1;30;90;47m:[0;1;30;90;42mt:::::::[0;1;37;97;47m........[0;1;30;90;42m;:::::::[0;1;30;90;47m.[0;1;37;97;47m.......[0;1;30;90;42m;:::::::[0;33;47m@[0;1;33;93;43m.[0;1;31;91;43m888888888888888[0;30;41m8[0m          
            [0;30;42m%[0;1;30;90;42m:::::::[0;1;37;97;47m........[0;1;30;90;42m;:::::::[0;1;30;90;47m.[0;1;37;97;47m.......[0;1;30;90;42m::::....[0;1;30;90;47m:.[0;33;47m8[0;1;31;91;43m888888888888[0;31;43m%[0m            
             [0;30;42m8[0;1;30;90;42m.:::::[0;1;37;97;47m .......[0;1;30;90;42m;:::::::[0;1;30;90;47m:[0;1;37;97;47m...... [0;1;30;90;42m:.......[0;1;30;90;47m: .:[0;37;43mS[0;1;31;91;43m888888888[0;31;43m8[0m             
              [0;32;40mt[0;30;42m%[0;1;30;90;42m..X[0;1;30;90;47m8[0;1;37;97;47m  ......[0;1;30;90;47m8[0;1;30;90;42m@::::X[0;1;30;90;47m8[0;1;37;97;47m        [0;1;30;90;47m8[0;1;30;90;42m@....S[0;37;5;40;100mX[0;1;30;90;47m.....%[0;1;31;91;43m888888[0;31;43m%[0;31;40m@[0m              
                [0;32;40m@[0;36;5;40;100m;[0;1;30;90;47m.[0;1;37;97;47m          [0;1;30;90;47m [0;37;5;40;100mt[0;1;30;90;42mt;[0;36;5;40;100m [0;1;30;90;47m.[0;1;37;97;47m      [0;1;30;90;47m    .[0;37;5;40;100mt[0;1;30;90;42mt;[0;36;5;40;100m [0;1;30;90;47m:.......:[0;33;47m8[0;1;31;91;43m888[0;33;41m@[0m                
                  [0;32;5;40;100mSSSSSSSSSSSSS[0;37;5;40;100mt%[0;32;5;40;100mSSSSSSSSSSSSSS[0;37;5;40;100mtt[0;32;5;40;100mSSSSSXXXXXX[0;33;5;40;100m8[0;31;43m8[0m                  
                    [0;30;42m8:[0;1;30;90;42m.......@[0;1;30;90;47m8  8[0;1;30;90;42m@..........X[0;1;30;90;47m8..8[0;1;30;90;42m@[0;30;42m....::::8[0m                    
                      [0;32;40m8[0;30;42m:[0;1;30;90;42m....[0;36;5;40;100m [0;1;30;90;47m......[0;37;5;40;100mt[0;1;30;90;42m:...[0;30;42m....[0;36;5;40;100m [0;1;30;90;47m:....:[0;37;5;40;100mt[0;30;42m.:::;8[0m                      
                        [0;32;40m8[0;30;42mt..[0;1;30;90;47m:.......[0;1;30;90;42m;[0;30;42m.......[0;1;30;90;47m:.::::::[0;1;30;90;42m:[0;30;42m:t[0;32;40m8[0m                        
                          [0;32;40m%[0;30;42m@[0;1;30;90;47m;.......[0;1;30;90;42m;[0;30;42m......:[0;1;30;90;47m::::::::[0;30;42mX[0;32;40mS[0m                          
                             [0;36;5;40;100m;[0;1;30;90;47m8:::::[0;1;30;90;42m;[0;30;42m:::::::[0;1;30;90;47m:::::8[0;36;5;40;100m:[0m                             
                                [0;36;5;40;100m.[0;1;30;90;47m8::[0;1;30;90;42mS[0;30;42m::::::[0;1;30;90;42m;[0;1;30;90;47m::@[0;36;5;40;100m [0m                                
                                   [0;36;5;40;100m;[0;37;5;40;100mS[0;36;5;40;100m;[0;1;30;90;42m.[0;30;42m:::[0;36;5;40;100m%[0;37;5;40;100mX[0;36;5;40;100m:[0m                                   
                                      [0;32;40mS88S[0m                                      
