[0;31;40m@[0;33;41m@@@@@@@@@@@@@@@888888888888888888888888888@@@@@@@@@@@@@@@@@@@@@@@XXXXXXXXXXXXX[0;31;40m@[0m
[0;30;41m8[0;31;43m888888888888888888888@@@@@@@@@@@@@@88888888888888888888888888888888[0;33;41m88888888888[0;30;41m8[0m
[0;30;41m8[0;31;43m88888888888888888@@@@@@@@@@@@@@@@@@@@@@@8888888888888888888888888888[0;33;41m8888888888[0;30;41m8[0m
[0;30;41m8[0;31;43m88888888888888@@@@@@@@@@@@@@@@@@@@@@@@@@@@@88888888888888888888888888[0;33;41m888888888[0;30;41m8[0m
[0;30;41m8[0;31;43m88888888888@@@@@@@@@@XXXX[0;1;30;90;43mSSXXXS[0;31;43mXXXXX@@@@@@@@@@888888888888888888888888[0;33;41m88888888[0;30;41m8[0m
[0;30;41m8[0;31;43m888888888@@@@@@@@XX[0;1;30;90;43mSXXXXXXXXXXXXXXXXX[0;31;43mXXX@@@@@@@@88888888888888888888888[0;33;41m8888888[0;30;41m8[0m
[0;30;41m8[0;31;43m8888888@@@@@@@@X[0;1;30;90;43mSXXXX@@@@@@@@@@@@@@XXXXX[0;31;43mXX@@@@@@@88888888888888888888888[0;33;41m888888[0;30;41m8[0m
[0;30;41m8[0;31;43m888888@@@@@@@X[0;1;30;90;43mXXXX@@@@888888888888@@@@@XXXS[0;31;43mX@@@@@@@888888888888888888888[0;33;41m888888[0;30;41m8[0m
[0;30;41m8[0;31;43m88888@@@@@@X[0;1;30;90;43mSXXX@@@8888888888888888888@@@XXX[0;31;43mXX@@@@@@888888888888888888888[0;33;41m88888[0;30;41m8[0m
[0;30;41m8[0;31;43m8888@@@@@@X[0;1;30;90;43mXXX@@@88888888888888888888888@@@XXX[0;31;43mX@@@@@@888888888888888888888[0;33;41m8888[0;30;41m8[0m
[0;30;41m8[0;31;43m888@@@@@@X[0;1;30;90;43mXX@@@888888888888888888888888888@@XXX[0;31;43mX@@@@@@88888888888888888888[0;33;41m8888[0;30;41m8[0m
[0;30;41m8[0;31;43m88@@@@@@X[0;1;30;90;43mXX@@@8888888888888[0;37;43mX[0;1;30;90;43m8888888888[0;33;5;43;103mXS[0;1;30;90;43m888@@XXX[0;31;43mX[0;1;30;90;43mS%[0;31;43m8@@888888888888888888888[0;33;41m888[0;30;41m8[0m
[0;30;41m8[0;31;43m88@@@@@X[0;1;30;90;43mXXX@@88888888888888[0;37;5;43;103mXX[0;1;30;90;43m888888888[0;37;5;43;103mS%[0;1;30;90;43m8888@@XXX[0;33;5;43;103m%;[0;1;30;90;43m%[0;31;43m@@@888888[0;1;30;90;43m:[0;31;43m8888888888888[0;33;41m888[0;30;41m8[0m
[0;30;41m8[0;31;43m8@@@@@X[0;1;30;90;43mSXX@@8888[0;37;5;43;103m%[0;1;33;93;43m@[0;1;30;90;43m888888888[0;37;5;43;103mXX[0;37;43m@[0;1;30;90;43m88888888[0;37;5;43;103mSS[0;1;30;90;43m88888@@XS[0;33;5;43;103m;;[0;1;30;90;43mS[0;31;43m@@@@8888[0;1;30;90;43m:[0;33;5;43;103m;[0;1;30;90;43m:[0;31;43m888888888888[0;33;41m888[0;30;41m8[0m
[0;30;41m8[0;31;43m8@@@@@@[0;1;30;90;43mSX@@88888[0;37;5;43;103mSS[0;1;30;90;43m888888888[0;37;5;43;103mXX@[0;1;30;90;43m8888888[0;33;5;43;103mX[0;37;5;43;103mS[0;33;5;43;103m%%[0;1;30;90;43m8888@@X[0;33;5;43;103mS;;[0;1;30;90;43m%[0;31;43m@@@@888[0;1;30;90;43m;[0;33;5;43;103m;;[0;31;43m@888888S[0;1;30;90;43m.[0;33;41m8[0;31;43m888[0;33;41m888[0;30;41m8[0m
[0;30;41m8[0;31;43m8@@@@@@[0;1;30;90;43mS[0;33;5;43;103m;[0;1;30;90;43m@@88888[0;37;5;43;103mSSS[0;1;30;90;43m8888888[0;37;43m8[0;37;5;43;103mX[0;37;43m8[0;37;5;43;103mX[0;37;43m8[0;1;30;90;43m888888[0;37;5;43;103mX[0;1;33;93;43m@X[0;37;5;43;103mS[0;1;30;90;43m88888@X[0;33;5;43;103m:[0;1;30;90;43mS[0;33;5;43;103m;[0;1;30;90;43m%[0;31;43m@@@@88[0;1;30;90;43m;[0;33;5;43;103mt;;[0;31;43m888888X[0;33;5;43;103m%[0;1;30;90;43m.[0;33;41m8[0;31;43m8888[0;33;41m88[0;30;41m8[0m
[0;30;41m8[0;31;43m8@@@@X[0;1;30;90;43mSX[0;1;33;93;43m%[0;33;5;43;103m;[0;1;30;90;43m@88888[0;37;5;43;103mS[0;33;5;43;103mSS[0;37;5;43;103mX[0;1;30;90;43m888888[0;33;47m8[0;37;5;43;103mX[0;33;47m8[0;37;5;43;103m88[0;1;30;90;43m888888[0;37;5;43;103mX[0;1;33;93;43m@X[0;37;5;43;103mS[0;1;30;90;43m88888@[0;33;5;43;103mS8[0;1;30;90;43mS[0;33;5;43;103mt[0;1;33;93;43m%[0;31;43m@@@@88[0;33;5;43;103m@@[0;1;33;93;43mX[0;33;5;43;103mt[0;33;41m8[0;31;43m8888@[0;33;5;43;103mS[0;1;33;93;43m%[0;33;41m8[0;31;43m88888[0;33;41m88[0;30;41m8[0m
[0;30;41m8[0;31;43m@@@@@X[0;1;30;90;43mSX[0;33;5;40;100m8[0;33;5;43;103m8t[0;1;30;90;43m88888[0;33;5;43;103mXS[0;1;30;90;43m8[0;37;5;43;103mX[0;33;5;43;103m@[0;1;30;90;43m88888[0;1;33;93;47m8[0;37;5;43;103m88[0;33;47m8[0;37;5;43;103mX[0;37;43m8[0;1;30;90;43m8888[0;33;5;43;103m@[0;37;5;43;103mX[0;33;5;43;103mXSSX[0;1;30;90;43m8888@[0;33;5;43;103m:[0;1;33;93;43mS[0;33;5;43;103mX88[0;31;43m8@@@8[0;1;30;90;43m;[0;33;5;43;103mt[0;1;30;90;43m:[0;1;33;93;43mS[0;33;5;43;103mX[0;33;41m8[0;31;43m8888[0;33;5;43;103mX[0;1;33;93;43m@[0;1;30;90;41m8[0;31;43m888888[0;33;41m88[0;30;41m8[0m
[0;30;41m8[0;31;43m8@@@@XX[0;1;30;90;43mXX[0;1;33;93;43mS[0;33;5;43;103mXS[0;1;30;90;43m8888[0;1;33;93;43m@[0;37;5;43;103mS[0;33;5;43;103m8[0;37;43mX[0;37;5;43;103mX[0;37;43m@[0;1;30;90;43m8888[0;37;5;43;103m88888@[0;1;30;90;43m8888[0;37;5;43;103mX[0;1;33;93;43m8[0;37;5;43;103mSS[0;1;33;93;43m@[0;37;5;43;103mS[0;1;30;90;43m8888[0;33;5;43;103mX@X;[0;1;33;93;43mS[0;33;5;43;103mt[0;31;43m8@@@[0;1;30;90;43mt[0;33;5;43;103m;[0;1;30;90;43m;[0;1;33;93;43m@[0;33;5;43;103m@[0;1;33;93;43mX[0;31;43m8888[0;1;33;93;43m@[0;33;5;43;103m@[0;1;30;90;43m.[0;33;41m8[0;31;43m888888[0;33;41m88[0;30;41m8[0m
[0;30;41m8[0;31;43m8@@@@@X[0;1;30;90;43mXXX[0;1;33;93;43m8[0;33;5;43;103mSX[0;1;30;90;43m888[0;37;43mS[0;37;5;43;103mS[0;1;33;93;43m@[0;37;5;43;103mX[0;33;5;43;103m8[0;37;5;43;103mX[0;1;30;90;43m888[0;33;5;40;100m%[0;37;5;43;103mX[0;33;47m8[0;37;5;43;103mXX[0;33;47m8[0;37;5;43;103mX[0;37;43m@[0;1;30;90;43m888[0;37;5;43;103mX[0;1;33;93;43m@[0;37;5;43;103mSS[0;1;33;93;43m@[0;37;5;43;103m%[0;1;30;90;43m888@[0;33;5;43;103m:[0;1;33;93;43mS[0;33;5;43;103m:;[0;1;33;93;43mS[0;33;5;43;103m;[0;1;30;90;43m%[0;31;43m@@[0;1;30;90;43mt[0;33;5;43;103m%[0;1;33;93;43mX[0;33;5;43;103mS[0;1;33;93;43m%[0;33;5;43;103mt[0;1;30;90;43m:[0;31;43m888[0;1;33;93;43mS[0;33;5;43;103mX[0;1;33;93;43m%[0;1;30;90;43m.[0;31;43m8888888[0;33;41m88[0;30;41m8[0m
[0;30;41m8[0;31;43m8@@@@@X[0;1;30;90;43mXX@[0;33;5;43;103m:[0;1;33;93;43mX[0;33;5;43;103mt[0;1;33;93;43m@[0;1;30;90;43m888[0;37;5;43;103mS[0;1;33;93;43m@[0;37;5;43;103mS[0;33;5;43;103mS[0;37;5;43;103mXX[0;1;30;90;43m888[0;37;5;43;103mX[0;37;43m@[0;37;5;43;103mXX@@X[0;1;30;90;43m88[0;1;33;93;43m8[0;37;5;43;103mX[0;33;5;43;103m@[0;37;5;43;103mSS[0;33;5;43;103mX%8[0;1;30;90;43m88[0;33;5;43;103mXX@:;[0;1;33;93;43mS[0;33;5;43;103m;[0;1;30;90;43m%[0;31;43m@8[0;1;33;93;43m8[0;33;5;43;103mX[0;1;33;93;43mX[0;33;5;43;103m;[0;1;30;90;43m:[0;33;5;43;103m;[0;1;30;90;43m:[0;31;43m88[0;1;33;93;43m%[0;33;5;43;103m%[0;1;30;90;43m.[0;33;5;43;103mt[0;31;43mX888888[0;33;41m888[0;30;41m8[0m
[0;30;41m8[0;31;43m8@@@@@XX[0;1;30;90;43mXX[0;33;5;43;103m%:[0;1;33;93;43mS[0;33;5;43;103m;[0;1;33;93;43mX[0;1;30;90;43m88[0;37;5;43;103mS[0;1;33;93;43m@[0;37;5;43;103mSS[0;1;33;93;43m8[0;37;5;43;103mX[0;1;33;93;43m@[0;1;30;90;43m88[0;37;5;43;103mX[0;1;33;93;43m8[0;37;5;43;103mXXX[0;1;33;93;43m8[0;37;5;43;103mX[0;1;30;90;43m88[0;37;5;43;103mX[0;1;33;93;43m8[0;37;5;43;103mSSS%[0;1;33;93;43mX[0;33;5;43;103m:[0;1;30;90;43m8@[0;33;5;43;103m:[0;1;33;93;43mS[0;33;5;43;103m:;;[0;1;33;93;43m%[0;33;5;43;103m;[0;1;30;90;43m%[0;31;43m8[0;1;30;90;43mt[0;33;5;43;103mt[0;1;30;90;43m;[0;33;5;43;103m;;[0;1;30;90;43m:[0;33;5;43;103m;[0;1;30;90;43m:[0;31;43m8[0;1;30;90;43m:[0;33;5;43;103mt[0;1;30;90;43m.[0;33;5;43;103mtS[0;33;41m8[0;31;43m888888[0;33;41m888[0;30;41m8[0m
[0;31;40m8[0;31;43m88@@@@@X[0;1;30;90;43mXXX[0;33;5;43;103m::[0;1;33;93;43mS[0;33;5;43;103m:[0;1;30;90;43m88[0;37;5;43;103m%[0;1;33;93;43m@[0;37;5;43;103mSSS[0;1;33;93;43m@[0;37;5;43;103mS[0;1;30;90;43m88[0;37;5;43;103mX[0;1;33;93;43m8[0;37;5;43;103mXXXX[0;33;5;43;103mS[0;37;5;43;103mX[0;1;30;90;43m8[0;37;5;43;103mS[0;1;33;93;43m@[0;37;5;43;103mS%%[0;33;5;43;103m:[0;1;33;93;43mX[0;33;5;43;103m:[0;1;30;90;43m@[0;33;5;43;103mXX8:;;[0;1;33;93;43m%[0;33;5;43;103m;[0;1;30;90;43mtt[0;33;5;43;103m;[0;1;30;90;43m;[0;33;5;43;103mt;;[0;1;30;90;43m:[0;33;5;43;103m;[0;1;30;90;43m::[0;33;5;43;103mt[0;1;30;90;43m:[0;33;5;43;103m%t[0;1;30;90;43m.[0;33;41m8[0;31;43m888888[0;33;41m888[0;31;40m8[0m
[0;31;40mS[0;31;43m888@@@@@X[0;1;30;90;43mXX[0;33;5;43;103m::;[0;1;33;93;43mS[0;33;5;43;103m:[0;1;33;93;43mX[0;33;5;43;103m:[0;1;33;93;43mX[0;37;5;43;103m%SSS[0;33;5;43;103m8[0;37;5;43;103mS[0;33;5;43;103m@[0;37;5;43;103mS[0;1;33;93;43m@[0;37;5;43;103mSSSS[0;1;33;93;43m@[0;37;5;43;103mSSS[0;1;33;93;43m8[0;37;5;43;103m%[0;33;5;43;103m.::[0;1;33;93;43m8[0;33;5;43;103m%::[0;1;33;93;43mS[0;33;5;43;103m:;;;[0;1;33;93;43m%[0;33;5;43;103m;[0;1;33;93;43m@[0;33;5;43;103mt[0;1;33;93;43mX[0;33;5;43;103mX;;;[0;1;30;90;43m:[0;33;5;43;103m;[0;1;30;90;43m:[0;33;5;43;103mt[0;1;30;90;43m:[0;33;5;43;103m%tt[0;1;30;90;43m:[0;31;43m8888888[0;33;41m888[0;31;40mS[0m
 [0;31;43m888@@@@@@X[0;1;30;90;43mX[0;33;5;43;103m;::t[0;1;33;93;43mX[0;33;5;43;103m::[0;1;33;93;43mX[0;33;5;43;103m:[0;37;5;43;103m%%%[0;33;5;43;103m@S[0;37;5;43;103mSS[0;1;33;93;43m8[0;37;5;43;103mSSSS[0;33;5;43;103mSS[0;37;5;43;103m%[0;1;33;93;43m@[0;33;5;43;103m;:::::[0;1;33;93;43mS[0;33;5;43;103m:S[0;1;33;93;43m@[0;33;5;43;103m;;;;[0;1;33;93;43m@[0;33;5;43;103mS;@[0;1;33;93;43mX[0;33;5;43;103m;;;;[0;1;30;90;43m:[0;33;5;43;103m;t[0;1;33;93;43m%[0;33;5;43;103mXttt[0;33;41m8[0;31;43m888888[0;33;41m8888[0m 
 [0;33;41m8[0;31;43m888@@@@@@@[0;1;33;93;43mX[0;33;5;43;103m:::%[0;1;33;93;43m@[0;33;5;43;103m:[0;1;33;93;43mX[0;33;5;43;103m::::.[0;1;33;93;43mX[0;33;5;43;103m;SX[0;37;5;43;103m%%%%%[0;1;33;93;43mX[0;33;5;43;103m:[0;1;33;93;43mX[0;33;5;43;103m::::::[0;1;33;93;43mS[0;33;5;43;103m:[0;1;30;90;43mS[0;33;5;43;103m;;;;;S[0;1;33;93;43mX[0;33;5;43;103mt[0;1;33;93;43m%[0;33;5;43;103m;;;;t[0;1;30;90;43m:[0;33;5;43;103m;[0;1;33;93;43mX[0;33;5;43;103m@ttt[0;1;33;93;43mS[0;33;41m8[0;31;43m88888[0;33;41m8888@[0m 
 [0;30;41m8[0;31;43m8888@@@@@@[0;1;30;90;43m%[0;33;5;43;103m;%X@[0;1;33;93;43mSX[0;1;30;90;43m@[0;33;5;43;103m@XXXXX[0;1;30;90;43m88[0;33;5;43;103mXXXXXX8[0;1;30;90;43m8[0;1;33;93;43m8[0;33;5;43;103m@@@@@@[0;1;33;93;43m@[0;1;30;90;43mS[0;1;33;93;43m@[0;33;5;43;103m@@88@8[0;1;30;90;43mt;[0;1;33;93;43m88888@[0;1;30;90;43m:[0;1;33;93;43m%[0;1;30;90;43m:[0;1;33;93;43m@[0;33;5;43;103m@St[0;1;30;90;43m:[0;31;43m888888[0;33;41m8888[0;30;41m8[0m 
  [0;31;43m88888@@@8[0;1;33;93;43mS@XX8[0;33;5;43;103m@@@@XXXXXXXXXXX[0;1;33;93;43mX[0;33;5;43;103m8XXXX[0;1;33;93;43mXSSSS8[0;33;5;43;103m@@@@[0;1;33;93;43m@S[0;33;5;43;103m8@8888888[0;1;33;93;43m88888@X%SS[0;1;30;90;43m.[0;33;41m8[0;31;43m888[0;33;41m88888[0;31;40mt[0m 
  [0;33;41m@[0;31;43m888888@@[0;33;5;40;100m8[0;1;30;90;43mt[0;33;5;43;103mX;;[0;1;30;90;43mSS[0;33;5;43;103mt:;[0;1;33;93;43mX[0;1;30;90;43mXXX@XX[0;33;5;43;103m%:8[0;1;30;90;42m@[0;1;30;90;43m@[0;33;5;43;103m::X[0;1;30;90;43mX8[0;33;47m8[0;1;30;90;43m8SSS[0;1;33;93;43mX[0;33;5;43;103m;;;[0;33;42m8[0;1;30;90;42m%[0;33;5;43;103m@;S[0;1;30;90;43m;;;;::[0;1;33;93;43m%[0;33;5;43;103mttS[0;1;30;90;43m:.[0;33;5;43;103mt%[0;1;33;93;43mS[0;1;30;90;43m:[0;33;41m@[0;31;43m8888[0;33;41m8888X[0m  
  [0;31;40mt[0;31;43m88888888[0;1;30;90;42mt[0;1;30;90;43m%t[0;33;5;43;103m;;[0;1;30;90;43m%%[0;33;5;43;103mt;[0;1;33;93;43mS[0;1;30;90;43mS[0;36;5;40;100m;[0;1;37;97;47m [0;32;5;40;100mX[0;1;30;90;42mXXX[0;1;33;93;43mS[0;33;5;43;103m::[0;1;30;90;43mX[0;1;33;93;43mX[0;33;5;43;103m::[0;1;33;93;43mX[0;1;30;90;43mX[0;32;5;40;100mS[0;1;30;90;47m8[0;1;30;90;42m8S%%[0;1;30;90;43m%[0;33;5;43;103m;;;[0;1;30;90;43mt;[0;33;5;43;103m;;[0;1;30;90;43m;[0;1;30;90;42m%;:8[0;1;30;90;47mt[0;32;5;40;100mX[0;1;30;90;43m;[0;1;33;93;43mS[0;33;5;43;103mtS[0;1;30;90;43m:.[0;33;5;43;103mtt[0;1;30;90;43m.[0;30;42mt8[0;31;43m888[0;33;41m88888[0;31;40m%[0m  
   [0;1;30;90;41m8[0;31;43m8888888[0;1;30;90;42mtt[0;1;30;90;43mt[0;33;5;43;103m;;[0;1;30;90;43m%[0;33;42m8[0;33;5;43;103m8;t[0;1;30;90;43m%SSSSSS[0;33;5;43;103m@;t[0;32;43m88[0;33;5;43;103mt;t[0;1;33;93;43m@[0;1;30;90;43m%%%%tt[0;33;5;43;103m@;;%[0;33;42m88[0;33;5;43;103mt;[0;1;33;93;43m8[0;1;30;90;43m:[0;32;43m@8[0;33;42m88[0;32;43m8[0;1;30;90;43m:[0;33;5;43;103m%t[0;1;33;93;43mS[0;33;42mX[0;1;30;90;43m:[0;33;5;43;103mt@[0;1;30;90;43m:[0;1;30;90;42m.[0;30;42m@[0;31;43m88[0;33;41m88888X[0m   
    [0;33;41m8[0;31;43m888888[0;1;30;90;43mt[0;33;42m8[0;1;30;90;43m;[0;33;5;43;103m;;[0;1;33;93;43m@[0;1;30;90;43mt[0;1;33;93;43m8[0;33;5;43;103m888888888[0;1;33;93;43m888@@@@@@@@X@XXXXX@@@@@@@@@@@@@@@X[0;1;30;90;43m.[0;1;33;93;43m@[0;33;5;43;103mtX[0;1;30;90;43m:[0;30;42m@[0;33;41m8[0;31;43m8[0;33;41m888888[0m    
    [0;31;40mX[0;31;43m8888888[0;33;41m8[0;1;33;93;43m%[0;33;5;43;103m8[0;1;33;93;43m@SSXXS%t[0;1;30;90;43mtttttttttt%%%ttttttt;;;;;;::::::::.[0;1;33;93;43mt%SS%%XX[0;1;30;90;43m.[0;33;41m8[0;31;43m8[0;33;41m888888[0;31;40mS[0m    
     [0;31;40m8[0;31;43m8888888888888888888@@@@@@@@@88888888888888888888888888888[0;33;41m888[0;31;43m8[0;33;41m8888888[0;31;40m8[0m     
      [0;30;41m@[0;31;43m88888888888888888888888888888888888888888888888888888888888[0;33;41m8888888[0;30;41mX[0m      
       [0;1;30;90;41m8[0;31;43m888888888888888888888888888888888888888888888888888888888[0;33;41m8888888X[0m       
        [0;30;41mX[0;31;43m888888888888888888888888888888888888888888888888888888[0;33;41m88888888[0;30;41mX[0m        
         [0;30;41m8[0;31;43m8888888888888888888888888888888888888888888888888888[0;33;41m88888888[0;30;41m8[0m         
          [0;31;40mX[0;33;41m8[0;31;43m888888888888888888888888888888888888888888888888[0;33;41m888888888[0;31;40mX[0m          
            [0;33;41m8[0;31;43m888888888888888888888888888888888888888888888[0;33;41m888888888@[0m            
             [0;30;41m8[0;31;43m88888888888888888888888888888888888888888[0;33;41m88888888888[0;30;41m8[0m             
              [0;31;40m%[0;33;41m8[0;31;43m8888888888888888888888888888888888888[0;33;41m88888888888@[0;31;40m%[0m              
                [0;31;40m8[0;33;41m8[0;31;43m8888888888888888888888888888888[0;33;41m88888888888888[0;31;40m8[0m                
                  [0;30;41m8[0;33;41m8[0;31;43m8888888888888888888888888[0;33;41m8888888888888888[0;30;41m8[0m                  
                    [0;30;41m@[0;33;41m8[0;31;43m88888888888888888[0;33;41m88888888888888888888[0;30;41m@[0m                    
                      [0;30;41m8[0;33;41m8888888888888888888888888888888888[0;30;41m8[0m                      
                        [0;31;40m8[0;33;41m88888888888888888888888888888@[0;31;40m8[0m                        
                          [0;31;40mS[0;33;41mX888888888888888888888888X[0;31;40mX[0m                          
                             [0;31;40m8[0;33;41m@888888888888888888@[0;31;40m8[0m                             
                                [0;31;40m8[0;33;41m@888888888888@[0;30;41m8[0m                                
                                   [0;31;40m8[0;33;41mX888888X[0;31;40m8[0m                                   
                                      [0;31;40mS[0;30;41m88[0;31;40mS[0m                                      
