[0;32;40m@[0;30;42mSSSSSS[0;32;5;40;100m@[0;1;30;90;42mS[0;30;42mSSSS%%%%%%%%%%%%%%S[0;1;30;90;42m8[0;32;5;40;100m@[0;30;42m%%%%%%%%%%%%%%%SSSSS[0;36;5;40;100m;[0;30;42mSSSSSSSSSSSSSSSX[0;32;40m8[0;1;30;90;41m.     [0;30;41m     8[0m
[0;30;42m8[0;1;30;90;42m:::;[0;1;37;97;47m8[0;37;5;40;100m%[0;37;5;47;107mS[0;1;30;90;47m8[0;1;37;97;47mX[0;32;5;40;100mS[0;1;30;90;42m:;;;;;;;ttttttt[0;1;30;90;47m8[0;1;37;97;47m: %[0;1;30;90;47m%@[0;1;30;90;42mtttttttt;;;;;;;[0;32;5;40;100mX[0;37;5;47;107mX[0;37;5;40;100m%[0;37;5;47;107mt[0;37;5;40;100mX[0;1;37;97;47m%[0;1;30;90;42m;:::::::....S[0;33;41m@[0;1;31;91;41m888888@@@@@@[0;30;41m%[0m
[0;30;42m8[0;1;30;90;42m::t@[0;37;5;47;107mt[0;1;30;90;47mt[0;37;5;47;107mt[0;1;30;90;47m.[0;37;5;47;107mt[0;37;5;40;100m%[0;1;30;90;42m;;;;ttttttt%%%8[0;1;37;97;47m.8%S[0;37;5;47;107m8[0;1;37;97;47m%[0;1;30;90;42m%%%%%ttttttt;;X[0;37;5;40;100mt[0;37;5;47;107mt[0;1;30;90;47m;[0;37;5;47;107mt[0;1;30;90;47m.[0;37;5;47;107mt[0;1;30;90;42mX::::::::::[0;31;43m8[0;1;31;91;41m@88888888@@@@@[0;30;41m%[0m
[0;30;42m8[0;1;30;90;42m::[0;1;30;90;47mSt[0;37;5;47;107mt[0;1;37;97;47mX[0;37;5;47;107mt[0;1;37;97;47m@[0;37;5;47;107mt[0;37;5;40;100mS[0;1;30;90;42m%Xttttt%%%%%%[0;36;5;40;100m [0;1;37;97;47m8t[0;37;5;47;107mX8[0;1;37;97;47m8[0;37;5;47;107m;[0;1;37;97;47mS[0;1;30;90;42mS8%%%%%%%ttttt[0;37;5;47;107m8[0;1;30;90;47mt[0;37;5;47;107mt[0;1;37;97;47mX[0;37;5;47;107mt[0;1;37;97;47m@[0;37;5;47;107mt[0;1;30;90;42m@@;::::::[0;33;42m8[0;1;31;91;41m%88888888888@@@@[0;30;41m%[0m
[0;30;42m8[0;1;30;90;42m::[0;1;30;90;47m8[0;1;37;97;47m%[0;37;5;47;107mt[0;1;37;97;47m8[0;37;5;47;107m@8@[0;1;30;90;47m:[0;37;5;47;107mX[0;36;5;40;100m [0;1;30;90;42mtt%%%%%SSSS[0;36;5;40;100m;[0;37;5;47;107mt[0;1;37;97;47mX[0;37;5;47;107mX88S8[0;1;37;97;47m: [0;1;30;90;42mSSSSS%%%%%tt[0;1;37;97;47m@%[0;37;5;47;107mS8X[0;1;37;97;47m8[0;37;5;47;107m@[0;1;30;90;47m;[0;37;5;47;107m@[0;1;30;90;42m;::::[0;33;42mS[0;33;41mX[0;1;31;91;41m88888888888888@@@[0;30;41m%[0m
[0;30;42m8[0;1;30;90;42m::[0;1;30;90;47m8[0;37;5;47;107m8Xtttt[0;1;37;97;47m8[0;37;5;47;107mt[0;1;30;90;47m;[0;1;30;90;42m%%%%SSSSSXX[0;36;5;40;100m.[0;37;5;47;107mXXt;;;;8X[0;1;30;90;42mXXXSSSSS%%%%[0;1;37;97;47mX[0;37;5;47;107m@Xtttt[0;1;37;97;47m8[0;37;5;47;107mt[0;36;5;40;100m;[0;1;30;90;42m:::[0;31;43m8[0;1;31;91;41m88888888888888888@@[0;30;41m%[0m
[0;30;42m8[0;1;30;90;42m::[0;1;30;90;47mX[0;37;5;47;107mttttS@[0;1;37;97;47mX[0;37;5;47;107mt[0;1;37;97;47m [0;1;30;90;42m%SSSSXXXXX@[0;36;5;40;100m [0;37;5;47;107m;:::;X8X;[0;1;30;90;42m@@XXXXXSSS%%[0;1;37;97;47m8[0;37;5;47;107mtttt@@[0;1;37;97;47m8[0;37;5;47;107mt[0;36;5;40;100m [0;1;30;90;42m:[0;1;30;90;43m;[0;1;31;91;41mX888888888888888888@@[0;30;41m%[0m
[0;30;42m8[0;1;30;90;42m:;[0;36;5;40;100m [0;37;5;47;107mtttt[0;1;37;97;47m8[0;37;5;47;107mtt;[0;1;30;90;47m;[0;1;30;90;42mSSSXXX@@@@@8[0;37;5;47;107mt:::8:::S[0;1;30;90;42m8@@@@XXXXSSS[0;1;37;97;47m [0;37;5;47;107mttt8Xttt[0;33;5;40;100mt[0;33;41mX[0;31;5;41;101m888[0;1;31;91;41m88888888888888888@[0;33;41m@[0;32;40m8[0m
[0;30;42m8[0;1;30;90;42m;;t[0;1;37;97;47m@[0;37;5;47;107mtt8tt;[0;1;37;97;47m8[0;32;5;40;100mX[0;1;30;90;42mSXXX@@@88888[0;1;30;90;47mS[0;37;5;47;107m:::@::;[0;1;30;90;47m8[0;1;30;90;42m8888@@@@XXXS[0;32;5;40;100mS[0;37;5;47;107mt;t[0;1;37;97;47m8[0;37;5;47;107mttX[0;1;30;90;47m8[0;31;5;41;101m888888[0;1;31;91;41m888888888888888[0;33;41mt[0;33;42mX[0;30;42m.8[0m
[0;30;42m8[0;1;30;90;42m;;;[0;32;5;40;100mS[0;37;5;47;107mS@tX@[0;1;37;97;47m8[0;1;30;90;42m8XXX@@@88888888[0;1;37;97;47m8[0;37;5;47;107m%:;%t[0;1;30;90;47m8[0;1;30;90;42m88888888@@@XXS[0;1;30;90;47m8[0;37;5;47;107mXSt8[0;1;37;97;47m [0;31;5;41;101m888888888[0;1;31;91;41m888888888888X[0;1;30;90;43m.[0;1;30;90;42m.[0;30;42m..8[0m
[0;30;42m8[0;1;30;90;42m;;t%[0;37;5;47;107m%tt;;[0;1;37;97;47m [0;1;30;90;42mXXX@@8888888888[0;1;37;97;47m [0;37;5;47;107m....;[0;1;30;90;42m8888888888@@@XX[0;36;5;40;100m [0;37;5;47;107m;;[0;1;37;97;47mS[0;35;5;41;101m8[0;31;5;41;101m8888888888[0;1;31;91;41m88888888888[0;1;30;90;47m88[0;1;30;90;42m..[0;30;42m..8[0m
[0;30;42m8[0;1;30;90;42m;tt%[0;32;5;40;100mX[0;36;5;40;100m [0;37;5;40;100mt;[0;36;5;40;100m [0;32;5;40;100mX[0;1;30;90;42mXX@@88888888888[0;36;5;40;100m;[0;1;30;90;47m8888[0;37;5;40;100m;[0;1;30;90;42m888888888888@@X8[0;33;5;40;100m:.[0;31;5;41;101m8888888888888[0;1;31;91;41m88888888[0;33;41mS[0;33;5;40;100m8[0;36;5;40;100mt[0;1;30;90;42m@..[0;30;42m..8[0m
[0;30;42m8[0;1;30;90;42m;ttt%%SSXXX@@88888888888888[0;32;5;40;100mXXX[0;1;30;90;42m88888888888888@@[0;1;30;90;43m@[0;1;31;91;41m8[0;31;5;41;101m88888888888888[0;1;31;91;41m888888S[0;1;30;90;43m:[0;1;30;90;42m.......[0;30;42m.8[0m
[0;30;42m8[0;1;30;90;42mttt%%%SSXX@@88888[0;37;5;40;100m%[0;1;30;90;42m88888[0;32;5;40;100mXXSSSSSSXXX[0;1;30;90;42m8888[0;36;5;40;100m [0;32;5;40;100mS[0;1;30;90;42m8888[0;1;30;90;43m8[0;33;41m8[0;31;5;41;101m88888888888888888[0;1;31;91;41m8888[0;31;43m8[0;1;30;90;42m::.......[0;30;42m.8[0m
[0;30;42m8[0;1;30;90;42mttt%%SSXXX@@88[0;36;5;40;100m.[0;37;5;47;107m;[0;1;30;90;47m8[0;37;5;47;107m.[0;1;30;90;47mX[0;37;5;47;107m8[0;32;5;40;100mS[0;1;30;90;42m8[0;32;5;40;100mXSSS[0;36;5;40;100m%%%%%[0;32;5;40;100mSSSXX[0;37;5;47;107m@[0;1;30;90;47m8[0;37;5;47;107m.[0;1;30;90;47mt[0;37;5;47;107m8[0;36;5;40;100m [0;1;30;90;42m8[0;1;30;90;43m8[0;31;5;41;101m@@88888888888888888[0;1;31;91;41m88[0;33;41mX[0;33;42m%[0;1;30;90;42m:::.......[0;30;42m.8[0m
[0;30;42m8[0;1;30;90;42mtt%%%SSXX@@88[0;32;5;40;100mX[0;1;30;90;47m8[0;37;5;47;107m.[0;1;37;97;47m:[0;37;5;47;107m [0;1;37;97;47m%[0;37;5;47;107m [0;36;5;40;100m:[0;32;5;40;100mXSS[0;36;5;40;100m%%ttttt%%[0;32;5;40;100mS[0;36;5;40;100mt;[0;37;5;47;107m [0;1;37;97;47m;[0;37;5;47;107m [0;1;37;97;47mt[0;37;5;47;107m:[0;1;30;90;47m8[0;31;5;41;101m8@@@88888888888888888[0;1;31;91;41mS[0;32;43m8[0;1;30;90;42m:::::.......[0;30;42m.8[0m
[0;30;42m8[0;1;30;90;42mtt%%%SSXX@@88[0;37;5;47;107mt[0;1;37;97;47m [0;37;5;47;107m.8 @ [0;36;5;40;100m..%%%tt;;;tt%[0;32;5;40;100m%[0;1;37;97;47m:;[0;37;5;47;107m 8 [0;1;37;97;47m [0;35;5;41;101mX[0;31;5;41;101mX@@@@8888888888888888[0;33;5;40;100m [0;1;30;90;42m;8:::::........[0;30;42m8[0m
[0;30;42m8[0;1;30;90;42mtt%%%SSXX@@88[0;37;5;47;107m@[0;1;37;97;47m@[0;37;5;47;107m:S;Xt[0;1;37;97;47mt[0;37;5;47;107m:[0;36;5;40;100m%%tt;;;;;t%%[0;1;37;97;47m 8[0;37;5;47;107m [0;1;37;97;47m@[0;1;30;90;47m8[0;31;5;41;101mXXX@@@@88888888888888[0;35;5;40;100m;[0;1;37;97;47mX8:[0;1;30;90;47m;[0;1;30;90;42m:::::........[0;30;42m8[0m
[0;30;42m8[0;1;30;90;42mtt%%%SSXX@@88[0;37;5;47;107m8%t.   X [0;1;30;90;47m8[0;36;5;40;100m%%tt;;;tt%[0;32;5;40;100mS[0;1;37;97;47m [0;37;5;47;107mX[0;1;30;90;47mX[0;31;5;41;101mXXXXX@@@@8888888888888[0;1;37;97;47m;[0;37;5;47;107mtt%[0;1;37;97;47m8[0;37;5;47;107m@[0;1;30;90;42mt::::........[0;30;42m8[0m
[0;30;42m8[0;1;30;90;42mtt%%%SSXX@@88[0;37;5;47;107mS... ttX [0;1;30;90;47m8[0;32;5;40;100mS%[0;36;5;40;100m%%ttt%%[0;32;5;40;100mSS[0;1;30;90;47mX[0;35;5;41;101mS[0;31;5;41;101mXXXXX@@@@@88888888888[0;1;37;97;47m [0;37;5;47;107mtt%8[0;1;37;97;47m8[0;37;5;47;107m@%[0;1;30;90;42mt::::.......[0;30;42m.8[0m
[0;30;42m8[0;1;30;90;42mttt%%SSSXX@@8[0;1;37;97;47m;[0;37;5;47;107m:..S:   [0;1;30;90;47m8[0;32;5;40;100mSSSS%%%SS[0;33;5;40;100mS[0;1;30;90;43m8[0;31;5;41;101mXXXXXXX@@@@8888888888[0;33;41m8[0;37;5;47;107m8ttt[0;1;37;97;47m8[0;37;5;47;107mtt%S[0;1;30;90;42m:::::.......[0;30;42m.8[0m
[0;32;40m8[0;1;30;90;42mttt%%%SSXX@@8[0;36;5;40;100m.[0;37;5;47;107m:..X.  [0;1;37;97;47m:[0;32;5;40;100mS[0;1;30;90;42m8[0;32;5;40;100mXXXSSS[0;33;5;40;100mS[0;1;30;90;43m8[0;31;5;41;101mXXXXXXXX@@@@@88888888[0;33;41mX[0;33;42m8[0;1;30;90;42mt[0;1;30;90;47m8[0;37;5;47;107mttt[0;1;37;97;47m8[0;37;5;47;107mttX[0;36;5;40;100m [0;1;30;90;42m::::........[0;30;42m.[0;32;40m8[0m
[0;32;40m@[0;1;30;90;42m;ttt%%SSSXX@@8[0;1;30;90;47mX[0;37;5;47;107m%t.S%[0;1;37;97;47m:[0;1;30;90;42m8888888[0;32;5;40;100mX[0;1;30;90;43m8[0;33;5;41;101m8[0;31;5;41;101mXXXXXXXX@@@@@8888888[0;1;31;91;41m8[0;1;30;90;43m%[0;1;30;90;42mtttt[0;1;37;97;47mS[0;37;5;47;107m@%S8@[0;36;5;40;100mt[0;1;30;90;42m:::::........[0;30;42m.[0;32;40m@[0m
[0;32;40m%[0;1;30;90;42m;ttt%%%SSSXX@@[0;36;5;40;100m [0;37;5;47;107m:::..[0;1;30;90;47m8[0;1;30;90;42m888888[0;33;5;40;100m@[0;31;43m8[0;31;5;41;101mXXXXXXXX@@@@@@8888888[0;31;43m8[0;1;30;90;42m%ttt;;[0;1;30;90;47mt[0;37;5;47;107mtttt@[0;1;30;90;42m::::::.......[0;30;42m..[0;32;40mS[0m
 [0;1;30;90;42m;;ttt%%%SSSXX@8[0;36;5;40;100m [0;1;30;90;47m888[0;37;5;40;100m:[0;32;5;40;100mX[0;1;30;90;42m8888[0;32;5;40;100m8[0;1;30;90;43m8[0;31;5;41;101mXXXXXXX@@@@@@@@888888[0;33;41m8[0;1;30;90;42mS%%ttt;;8[0;36;5;40;100m:  .[0;32;5;40;100mX[0;1;30;90;42m:::::........[0;30;42m..[0m 
 [0;30;42mt[0;1;30;90;42m;;ttt%%%SSSXXX@@@888888[0;1;30;90;43m8[0;31;5;41;101m8@@@@@@@@@@@@@@888888[0;1;31;91;41m@[0;1;30;90;43mS[0;1;30;90;42m%%%ttt;;;:::::::::::.......[0;30;42m..t[0m 
 [0;32;40m8[0;1;30;90;42m;;;ttt%%%SSSXXXX@@@88[0;33;5;40;100m8[0;33;41m8[0;31;5;41;101m@@@@@@@@@@@@@88888888[0;1;30;90;43mS[0;1;30;90;42mS%S[0;36;5;40;100m.[0;1;30;90;42m%tt;;;:::::::::::........[0;30;42m..8[0m 
  [0;1;30;90;42m:;;;tttt%%%SSSXXXX@@[0;31;43m8[0;31;5;41;101m8@@@@@@@@@@8888888888[0;33;41m8[0;1;30;90;42mS%[0;36;5;40;100m%[0;37;5;47;107mX[0;37;5;40;100mX[0;37;5;47;107mt[0;37;5;40;100m@[0;1;37;97;47mS[0;1;30;90;42mt;;:::::::::::........[0;30;42m...[0;32;40m;[0m 
  [0;30;42mX[0;1;30;90;42m:;;;tttt%%%%SSSSX[0;1;30;90;43mX[0;31;5;41;101m888888888888888888888[0;1;31;91;41m@[0;1;30;90;43mS[0;1;30;90;42m%%@[0;37;5;40;100m%[0;37;5;47;107mt[0;1;30;90;47m;[0;37;5;47;107mt[0;1;37;97;47m [0;37;5;47;107mt[0;1;30;90;42mX;::::::::::::........[0;30;42m..S[0m  
  [0;32;40mt[0;1;30;90;42m::;;;;tttt%%%%S[0;1;30;90;43mS[0;1;31;91;41m@[0;31;5;41;101m88888888888888888888[0;1;31;91;41m8[0;1;30;90;43mS[0;1;30;90;42mS%%%[0;37;5;47;107m8[0;1;30;90;47m;[0;37;5;47;107mt[0;1;37;97;47mX[0;37;5;47;107mt[0;1;37;97;47m@[0;37;5;47;107mt[0;1;30;90;42m@@;::::::::::........[0;30;42m...[0;32;40m%[0m  
   [0;30;42m@[0;1;30;90;42m::;;;;;ttttt%[0;33;41m8[0;31;5;41;101m888888888888888888888[0;31;43m8[0;1;30;90;42m%%%ttt[0;1;37;97;47m@%[0;37;5;47;107mS8X[0;1;37;97;47m8[0;37;5;47;107m@[0;1;30;90;47m;[0;37;5;47;107m@[0;1;30;90;42m;:::::::::........[0;30;42m...@[0m   
    [0;1;30;90;42m::::;;;;;tt[0;1;30;90;43m%[0;1;31;91;41m8[0;31;5;41;101m88888888888888888888[0;1;31;91;41mX[0;33;42m8[0;1;30;90;42m%tttttt[0;1;37;97;47mS[0;37;5;47;107m@Xtttt[0;1;37;97;47m8[0;37;5;47;107mt[0;36;5;40;100mt[0;1;30;90;42m::::::::........[0;30;42m...;[0m    
    [0;32;40mS[0;1;30;90;42m:::::;;;[0;1;30;90;43mt[0;1;31;91;41m@[0;31;5;41;101m88888888888888888888[0;1;31;91;41m8[0;1;30;90;43m%[0;1;30;90;42m%ttttt;;;[0;1;37;97;47m8[0;37;5;47;107mtttt@8[0;1;37;97;47m@[0;37;5;47;107m%[0;36;5;40;100m [0;1;30;90;42m::::::.........[0;30;42m...:[0;32;40mS[0m    
     [0;32;40m8[0;1;30;90;42m:::::[0;33;42mX[0;33;41mX[0;31;5;41;101m888888888888888888888[0;31;43m8[0;1;30;90;42mtttt;;;;;;;[0;1;30;90;47m;[0;37;5;47;107mttt8X%%%[0;36;5;40;100mt[0;1;30;90;42m:::::.........[0;30;42m....[0;32;40m8[0m     
      [0;30;42m8[0;1;30;90;42m::;[0;33;41m8[0;1;31;91;41m8[0;31;5;41;101m888888888888888888888[0;33;5;40;100m8[0;1;30;90;42m;;;;;;;;;:::8[0;37;5;47;107m%t%[0;1;37;97;47m8[0;37;5;47;107m%%%[0;1;30;90;47mX[0;1;30;90;42m;:::..........[0;30;42m....8[0m      
       [0;30;42m@[0;1;30;90;43m;[0;1;31;91;41m@888[0;31;5;41;101m888888888888888888[0;1;30;90;47m8[0;33;5;40;100m.[0;1;30;90;42m;;;;;:::::::::[0;1;30;90;47m8[0;37;5;47;107m@X%88[0;1;30;90;47m%[0;1;30;90;42m::::.........[0;30;42m.....@[0m       
        [0;30;41m;[0;1;31;91;41m88888888[0;31;5;41;101m888888888888[0;1;30;90;47m8[0;37;5;47;107mXS[0;1;30;90;42m;::::::::::::::[0;36;5;40;100m;[0;37;5;47;107m%%%%%[0;36;5;40;100mt[0;1;30;90;42m::..........[0;30;42m.....8[0m        
         [0;30;41mS[0;1;31;91;41m888888888888[0;31;5;41;101m88888[0;33;41mS[0;33;5;40;100m@[0;36;5;40;100m :[0;32;5;40;100mX[0;1;30;90;42m;::::::::::::::t[0;32;5;40;100mS[0;36;5;40;100m. .[0;32;5;40;100mS[0;1;30;90;42m%..........[0;30;42m.....:[0;32;40m8[0m         
          [0;31;40m8[0;1;31;91;41m@8888888888888X[0;1;30;90;43m;[0;1;30;90;42m::::::::::::::::::::::::............[0;30;42m.....:[0;32;40mX[0m          
            [0;1;31;91;41m;88888888888[0;31;43m8[0;1;30;90;42m::::::::::::;:[0;32;5;40;100mX[0;1;30;90;42mX:::::::.............[0;30;42m......%[0m            
             [0;30;41m%[0;1;31;91;41m88888888[0;33;41mX[0;33;42m%[0;1;30;90;42m:::::::::::::[0;1;37;97;47mX[0;37;5;40;100mt[0;37;5;47;107mX[0;1;30;90;47m8[0;1;37;97;47m%[0;32;5;40;100mS[0;1;30;90;42m................[0;30;42m......:8[0m             
              [0;31;40mS[0;1;31;91;41m;8888S[0;32;43m8[0;1;30;90;42m:::::::::::::tS[0;37;5;47;107mS[0;1;30;90;47m%[0;37;5;47;107mS[0;1;30;90;47mt[0;37;5;47;107mS[0;37;5;40;100mt[0;1;30;90;42m.............[0;30;42m.......:%[0;32;40mt[0m              
                [0;30;41m8[0;1;31;91;41mS@[0;1;30;90;43m:[0;1;30;90;42m:..............[0;1;30;90;47mX%[0;37;5;47;107mS[0;1;37;97;47m%[0;37;5;47;107mS[0;1;37;97;47m%[0;37;5;47;107mS[0;37;5;40;100m%[0;1;30;90;42mt%........[0;30;42m........:;[0;32;40m@[0m                
                  [0;32;40m8[0;1;30;90;42m................[0;1;30;90;47m8[0;1;37;97;47m;[0;37;5;47;107mX[0;1;37;97;47m@[0;37;5;47;107m8[0;1;37;97;47m@8[0;1;30;90;47mt[0;37;5;47;107m8[0;36;5;40;100mt[0;1;30;90;42m.....[0;30;42m........:::8[0m                  
                    [0;30;42m8:[0;1;30;90;42m.............[0;1;30;90;47m8[0;1;37;97;47m8[0;37;5;47;107m8XXXX[0;1;37;97;47mX[0;37;5;47;107mX[0;1;30;90;47m8[0;1;30;90;42m.[0;30;42m.........::::8[0m                    
                      [0;32;40m8[0;30;42m:[0;1;30;90;42m...........[0;1;30;90;47m8[0;37;5;47;107mXXXX8[0;1;37;97;47m8t[0;37;5;47;107mX[0;1;30;90;47mS[0;30;42m.......::::;8[0m                      
                        [0;32;40m8[0;30;42mt.........[0;36;5;40;100m;[0;37;5;47;107mX@@@[0;1;37;97;47mS[0;37;5;47;107m@@@[0;1;30;90;47m8[0;30;42m...::::::t[0;32;40m8[0m                        
                          [0;32;40m%[0;30;42m@:......:[0;1;37;97;47m:[0;37;5;47;107m@@[0;1;37;97;47mX[0;37;5;47;107m@@@[0;1;37;97;47m;[0;1;30;90;42mX[0;30;42m:::::::X[0;32;40mS[0m                          
                             [0;32;40m8[0;30;42mS:.:::[0;1;30;90;42m8[0;1;37;97;47m88[0;37;5;47;107m@[0;1;37;97;47m8@t[0;1;30;90;42m%[0;30;42m:::::S[0;32;40m8[0m                             
                                [0;32;40m8[0;30;42m%::;[0;1;37;97;47m8[0;37;5;47;107m@@@@[0;1;30;90;47m@[0;30;42m:::%[0;32;40m8[0m                                
                                   [0;32;40m@[0;30;42mX[0;1;30;90;42m8[0;36;5;40;100mt.:%[0;1;30;90;42m@[0;30;42mX[0;32;40m8[0m                                   
                                      [0;32;40m%88S[0m                                      
