[0;32;40mSXS[0;30;42m@8@X[0;1;30;90;43m:.[0;1;33;93;43mXXXXXXXXXX[0;1;30;90;43m::[0;30;42m8@@S[0;32;40m8[0;30;42m88[0;32;40mS[0;30;42m@88X[0;1;30;90;42m8[0;1;30;90;43m:[0;1;33;93;43mSXXXXXXXXXX[0;1;30;90;43m.[0;1;30;90;42m8[0;30;42m88S8[0;32;40m8[0;30;42m8[0;32;40mS@[0;30;42m@88[0;1;30;90;42m8[0;1;30;90;43m:.[0;1;33;93;43mSSSSSSSS%%[0;1;30;90;43m .[0;32;40m8[0;30;42m888[0;32;40mX%[0m
[0;32;40mX[0;30;42m@[0;1;30;90;42m::[0;30;42mXX[0;32;43m8[0;33;5;43;103m@;;;;;;;;;;;@[0;32;43m8[0;1;30;90;42mt[0;30;42mS[0;1;30;90;42mtttt[0;30;42mX[0;1;30;90;42mttt[0;30;42m@[0;1;30;90;42mX[0;1;33;93;43mX[0;33;5;43;103m;;;;;;;;;;;;[0;1;30;90;43m:[0;30;42m%SX[0;1;30;90;42m;:[0;30;42mSSX[0;1;30;90;42m::[0;30;42m@X[0;1;30;90;43m:[0;33;5;43;103m@tttttt%%%%%[0;1;33;93;43m8[0;1;30;90;42m@[0;30;42mX@X:%[0;32;40mX[0m
[0;32;40mS[0;30;42m8[0;1;30;90;42m:[0;30;42mt%[0;1;30;90;42m:[0;30;42m%[0;1;30;90;43m:[0;33;5;43;103m%;;;;St;;;%[0;1;30;90;43mt[0;1;30;90;42m%%[0;30;42m@[0;1;30;90;42m%%%%[0;30;42mX[0;1;30;90;42m%%%%%[0;1;30;90;43m%[0;33;5;43;103m@:::;;X;;;;[0;1;33;93;43m@[0;33;42m8[0;30;42m%S8[0;1;30;90;42m;[0;30;42mtX@8[0;1;30;90;42m:[0;30;42mt%[0;1;30;90;42m:[0;30;42mS[0;1;30;90;43m.[0;33;5;43;103mStttt8%%%%@[0;1;30;90;43m.[0;30;42m@%[0;32;40m8[0;30;42mX%X[0;32;40mS[0m
[0;32;40m@[0;30;42m%[0;1;30;90;42m::[0;30;42mX[0;33;42mS8[0;1;30;90;43m:[0;33;5;43;103m8;;%[0;1;30;90;43mt[0;33;42mX[0;32;43m@[0;1;33;93;43mt[0;33;5;43;103m;:S@[0;1;30;90;43m%%%[0;1;30;90;42mSSSSSSSS@[0;33;42m8[0;1;30;90;43mS[0;1;33;93;43m8[0;33;5;43;103mt::[0;1;33;93;43m%[0;1;30;90;43m%[0;33;42mS[0;1;30;90;43m%[0;33;5;43;103mS;tX[0;1;33;93;43m@[0;1;30;90;43m;;[0;33;42m8[0;1;30;90;42m%[0;30;42mttS%[0;1;30;90;42m::[0;30;42mX[0;33;42mS8[0;1;30;90;43m.[0;33;5;43;103m8tt@[0;1;30;90;43m.[0;33;42mt[0;32;43m@[0;1;33;93;43mt[0;33;5;43;103m%%8[0;1;33;93;43m8[0;1;30;90;43m. [0;32;43m@[0;30;42mtSS[0;32;40mX[0m
[0;32;40m@[0;33;42mX[0;1;33;93;43m@[0;1;30;90;43m::[0;33;5;43;103mX%;;%[0;1;30;90;43m;[0;1;30;90;42m%ttt%X[0;1;33;93;43m8[0;33;5;43;103m::::t[0;1;33;93;43m8[0;1;30;90;43mS[0;32;43m88[0;1;30;90;42mS[0;1;33;93;43m%S[0;1;30;90;43mS[0;33;5;43;103m8S:::8[0;32;43m8[0;1;30;90;42mS%%%S[0;1;30;90;43mt[0;33;5;43;103m%;;;;8[0;1;30;90;43m;[0;32;43m8[0;33;42m8[0;1;30;90;42m%[0;32;43m8[0;1;33;93;43mX[0;1;30;90;43m::[0;33;5;43;103mX%;;X[0;1;30;90;43m:[0;30;42m@t[0;1;30;90;42m..[0;30;42mX[0;33;42m8[0;1;33;93;43m8[0;33;5;43;103m%%%%@[0;1;33;93;43m%[0;32;43mX[0;33;42mX[0;30;42m8[0m
[0;32;40m8[0;33;42m%[0;33;5;43;103m;;;;;t[0;1;33;93;43m8[0;32;43m8[0;30;42m@[0;1;30;90;42mt%%%%S@[0;1;30;90;43mS[0;33;5;43;103mS::::::;[0;1;30;90;42mX[0;1;33;93;43m@[0;33;5;43;103m:::::S[0;1;30;90;43mS[0;1;30;90;42m8XSSSSSS[0;1;30;90;43m%[0;1;33;93;43m8[0;33;5;43;103m;;;;;;;[0;32;43m%8[0;33;5;43;103m;;;;;%[0;1;33;93;43mS[0;33;42m8[0;30;42m8XtX;t8@[0;1;30;90;43m.[0;33;5;43;103m@%%%%%%[0;1;30;90;43m [0m
[0;1;30;90;43m:[0;33;5;43;103m@;;;;;[0;1;33;93;43m8[0;1;30;90;43mt[0;1;30;90;42m%%%%SSSSS[0;32;5;40;100m8[0;1;33;93;43m@[0;33;5;43;103mt::::::8;::::%[0;1;33;93;43mS[0;1;30;90;42m@XXXXXSSSX[0;1;30;90;43m%[0;33;5;43;103m@;:;;;;XX;;;;;[0;1;33;93;43m@[0;1;30;90;43m:[0;30;42m%X%X@:%%t[0;33;42m@[0;1;33;93;43mS[0;33;5;43;103mX%%%%%[0;1;30;90;43m.[0m
[0;1;30;90;43m:[0;33;5;43;103m;;;;;;8[0;32;43m8[0;1;30;90;42m%%%SSSSXX@[0;1;30;90;43mX[0;33;5;43;103mX::...[0;37;5;43;103m;;;:;;;[0;33;5;43;103m;[0;1;30;90;43m@[0;1;30;90;42m8@@@@XXXSS[0;32;5;40;100mX[0;1;33;93;43mX[0;33;5;43;103mt::;;;;;;;;;;[0;1;33;93;43m8[0;33;42m8[0;30;42m;XX@t[0;1;30;90;42m:[0;30;42mt@;S[0;1;30;90;43m:[0;33;5;43;103m8%%%%%[0;1;30;90;43m.[0m
[0;1;30;90;43m:[0;33;5;43;103m;;;;;[0;1;33;93;43mX[0;1;30;90;42mX%%SSSSXXX@@[0;1;30;90;43m@[0;1;33;93;43mX[0;33;5;43;103m:[0;37;5;43;103m::::::::::[0;33;5;43;103mS[0;1;30;90;43m8[0;1;30;90;42m88888@@@XXX8[0;1;30;90;43mS[0;33;5;43;103m%::::;;;;;;t[0;1;30;90;43m:[0;1;30;90;42mX[0;30;42mtX;%8t[0;1;30;90;42m:[0;30;42m::t8[0;33;42m@[0;1;33;93;43mS[0;33;5;43;103m%%%%%[0;1;30;90;43m.[0m
[0;1;30;90;43m:[0;33;5;43;103m;;;;;8[0;1;30;90;43m%[0;1;30;90;42m%SSSXX@@@88[0;1;30;90;43m8[0;1;33;93;43m@[0;33;5;43;103mS[0;37;5;43;103m::::::::::%[0;1;33;93;43m@[0;32;5;40;100m8[0;1;30;90;42m888888@@@XX[0;1;30;90;43mS[0;33;5;43;103m8t::::;;;;;;[0;1;33;93;43m8[0;1;30;90;43m;[0;30;42m%t[0;1;30;90;42m::[0;30;42m@t88;X%[0;32;43m8[0;1;33;93;43mS[0;33;5;43;103m8%%%%[0;1;30;90;43m.[0m
[0;1;30;90;43m:[0;33;5;43;103m;;;;%[0;1;33;93;43mX[0;1;30;90;42m@SSSXX@@@8888[0;1;30;90;43m8[0;37;5;43;103mt:.........[0;33;5;43;103mX[0;1;30;90;43m8[0;32;5;40;100m888[0;1;30;90;42m88888@@@X[0;1;30;90;43mX[0;33;5;43;103m@:::::;;;;;S[0;1;30;90;43m:[0;30;42mXS8;[0;1;30;90;42m:[0;30;42mt@8;;@XS[0;1;30;90;43m.[0;33;5;43;103mS%%%%[0;1;30;90;43m.[0m
[0;30;42m8[0;33;5;43;103m%;;;8[0;1;30;90;43m%[0;1;30;90;42m8SSXXX@888888[0;1;30;90;43m8[0;33;5;43;103m8[0;37;5;43;103m:...[0;33;5;43;103mS@[0;37;5;43;103m...%[0;1;33;93;43m8[0;33;5;40;100m@[0;32;5;40;100m888[0;1;30;90;42m8888888@@8[0;1;30;90;43mX[0;33;5;43;103m%:::t[0;1;30;90;43mt[0;33;5;43;103mt;;;[0;1;33;93;43m8[0;1;30;90;43m;[0;30;42mStS[0;1;30;90;42m:[0;30;42m;t@@[0;1;30;90;42m:[0;30;42m;S:%[0;32;43m@[0;1;33;93;43m8[0;33;5;43;103m%%%%[0;1;30;90;43m.[0m
[0;30;42m8[0;1;30;90;42mt[0;32;43mX[0;33;5;43;103m@::;XX[0;1;30;90;43mS[0;1;30;90;42mX@@@8[0;1;30;90;43m8[0;1;30;90;42m8[0;33;5;40;100m8[0;37;43mS[0;1;33;93;43mS[0;33;5;43;103mS[0;37;5;43;103m;..[0;1;33;93;43m8[0;33;5;40;100mX[0;32;5;40;100mXX[0;33;5;40;100mX[0;1;33;93;43m8[0;37;5;43;103m...SXX[0;1;30;90;43m8[0;32;5;40;100m88[0;1;30;90;42m88[0;32;5;40;100m8[0;1;30;90;42m88[0;1;30;90;43m@@[0;1;33;93;43m@[0;33;5;43;103mt;:X[0;1;30;90;43mS[0;1;30;90;42mS%%[0;1;30;90;43mt[0;33;5;43;103m@;;t@@[0;1;30;90;43m:[0;1;30;90;42m@[0;30;42m%t%S[0;33;42mS[0;30;42m;[0;33;42m8[0;1;30;90;43m..[0;33;5;43;103m8S%%[0;1;30;90;43m [0;30;42m%[0;32;40m8[0m
[0;32;40m8[0;1;30;90;42mtt@[0;1;30;90;43mt[0;33;5;43;103m%:::::8[0;1;33;93;43m%[0;1;30;90;43m@[0;1;30;90;42m8[0;37;5;43;103m;t[0;33;5;43;103mS%[0;37;5;43;103mS..X[0;1;30;90;43m8[0;32;5;40;100mXXSSSS[0;1;30;90;43m8[0;37;5;43;103m@.....S[0;1;33;93;43m@@[0;32;5;40;100m8[0;1;30;90;43m8[0;37;5;43;103m:[0;33;5;43;103m%X%;:;[0;1;30;90;43mS[0;1;30;90;42m8S%%%t@[0;1;30;90;43m;[0;33;5;43;103mt;;;;t[0;1;33;93;43mX;[0;32;43m%[0;1;30;90;42m%[0;33;5;43;103mtS8@Xtt[0;1;33;93;43m8[0;33;42m8[0;30;42m@S[0;32;40m8[0m
[0;32;40mX[0;1;30;90;42mtt[0;30;42mX[0;1;30;90;42mS[0;1;30;90;43m%[0;33;5;43;103m8:::::.X[0;1;30;90;43m8[0;37;5;43;103m%:...%[0;33;5;43;103m8[0;33;5;40;100mX[0;32;5;40;100mXSSS[0;36;5;40;100m%%%%[0;33;5;40;100m%[0;37;43m@[0;37;5;43;103m.......[0;1;30;90;43m8[0;1;33;93;43mS[0;37;5;43;103m:::;[0;33;5;43;103m:8[0;1;30;90;43mX[0;1;30;90;42mXXSS%%%[0;30;42mX[0;1;30;90;42m%[0;1;30;90;43m;[0;33;5;43;103mX;;;;;;[0;1;33;93;43m@[0;33;42m@[0;33;5;43;103mttttt@[0;1;30;90;43m.[0;30;42mXS@S[0;32;40mS[0m
[0;30;42m8[0;1;30;90;42mtt%%8[0;1;33;93;43mS[0;33;5;43;103m%::::.[0;37;5;43;103m::::...S[0;1;30;90;43m8[0;32;5;40;100mSSS[0;36;5;40;100m%%tttt[0;33;5;40;100mt[0;1;30;90;43m8[0;37;5;43;103m@........::::[0;33;5;43;103m:[0;1;33;93;43mX[0;1;30;90;42m@XXSS%%%tt[0;33;42m8[0;1;33;93;43mX[0;33;5;43;103mt;;;;;;;;tttt[0;1;33;93;43m8[0;32;43m@[0;30;42m%8S@[0;32;40mX[0m
[0;32;40m8[0;1;30;90;42mtt%%@[0;1;30;90;43m%[0;33;5;43;103m%::::[0;37;5;43;103m;:::....[0;33;5;43;103m8[0;1;30;90;43m8[0;32;5;40;100mSS[0;36;5;40;100m%%tt;;;[0;33;5;40;100mt%[0;37;5;43;103m8:.......::::[0;33;5;43;103mt[0;1;30;90;43m@[0;1;30;90;42m@XXSS%%%tt@[0;1;30;90;43m;[0;33;5;43;103m%;;;;;;;;tttt[0;1;30;90;43m.[0;33;42m@[0;30;42mtX88[0;32;40mS[0m
[0;32;40m8[0;30;42m%S[0;1;30;90;42m%%S@[0;1;30;90;43mS[0;33;5;43;103m%:::[0;37;5;43;103m;:::...[0;33;5;43;103m@[0;1;30;90;43m8[0;32;5;40;100mXSS[0;36;5;40;100m%tt;;;;;t[0;33;5;40;100m%[0;37;5;43;103m@:......:::[0;33;5;43;103mt[0;1;30;90;43m@[0;33;42m8[0;1;30;90;42m@XXSS%%%tttX[0;1;30;90;43m:[0;33;5;43;103mS;;;;;;;ttt[0;1;33;93;43mX[0;32;43m8[0;30;42mtXt;8[0;32;40mX[0m
[0;32;40m8[0;30;42m@[0;1;30;90;42mt%%S[0;1;30;90;43mS[0;33;5;43;103mX::::.[0;37;5;43;103m:::...S[0;1;30;90;43m8[0;32;5;40;100mXSS[0;36;5;40;100m%%tt;;;[0;33;5;40;100mtt[0;37;5;43;103m8:.......:::;[0;1;33;93;43m8[0;1;30;90;42m8@XXSSS[0;30;42mX[0;1;30;90;42mtt[0;30;42mX[0;1;30;90;42mt[0;1;30;90;43m;[0;33;5;43;103mX;;;;;;;;ttt@[0;32;43m8[0;30;42mXXS:t[0;32;40mX[0m
[0;32;40mS[0;30;42m8[0;1;30;90;42mt%%%X[0;1;33;93;43mS[0;33;5;43;103mt:::.;[0;37;5;43;103m;::.;[0;37;43mX[0;32;5;40;100m@XXSS%[0;36;5;40;100m%%ttt%%[0;1;30;90;43m8[0;37;5;43;103mX.....t.:::[0;33;5;43;103mX[0;1;30;90;43m8[0;1;30;90;42m@@XXSS[0;30;42mX@[0;1;30;90;42mtttt@[0;1;33;93;43mX[0;33;5;43;103mt;;;;%;;ttS[0;1;30;90;43m.[0;30;42mX%8S;S[0;32;40mS[0m
[0;32;40m@[0;1;30;90;42mttt%%8[0;1;30;90;43mS[0;33;5;43;103m8:::[0;1;33;93;43mX[0;1;30;90;43m88[0;33;5;43;103m@[0;37;5;43;103m:.[0;33;5;43;103m%@[0;1;30;90;43m888[0;32;5;40;100mXSSSS%%%S[0;33;5;40;100mS[0;1;30;90;43m8[0;37;5;43;103m@t..[0;33;5;43;103mS[0;1;30;90;43m88[0;1;33;93;43mX[0;37;5;43;103mt:[0;33;5;43;103m;8[0;1;30;90;43m@@X[0;1;30;90;42mXSSS%%tt[0;30;42mX[0;1;30;90;42m;@[0;1;30;90;43m:[0;33;5;43;103m8;;%[0;1;30;90;43m:[0;33;42mX[0;1;30;90;43m:[0;33;5;43;103m8tt8[0;1;33;93;43m%[0;32;43mS8[0;33;42m@[0;30;42mtt%[0;32;40m@[0m
[0;32;40m8[0;33;42mX[0;1;30;90;43mttt[0;33;5;43;103m@X;:;[0;1;33;93;43m8[0;32;5;40;100m8[0;1;30;90;42m@888[0;1;30;90;43m8[0;33;5;43;103m%[0;37;5;43;103m:...%[0;37;43mX[0;1;30;90;43m8[0;32;5;40;100mX[0;33;5;40;100mX[0;32;5;40;100mX[0;37;43m@@[0;1;30;90;43m8[0;37;5;43;103m@@;..S[0;1;30;90;43m8[0;32;5;40;100m8[0;1;30;90;42m888[0;33;5;40;100m8[0;1;33;93;43m8[0;33;5;43;103m;.:::[0;1;33;93;43m8[0;1;30;90;43mS[0;1;30;90;42m8S%[0;32;43m8[0;1;30;90;43mtt;[0;33;5;43;103m8X;;%[0;1;33;93;43mt[0;1;30;90;42mX[0;30;42mt[0;1;30;90;42m::[0;30;42mS[0;1;30;90;43m:[0;33;5;43;103m@tttt8[0;1;30;90;43m [0;33;42m@[0;30;42m%[0;32;40m@[0m
[0;32;40m@[0;33;42mS[0;33;5;43;103m;;::::X[0;1;30;90;43mX[0;1;30;90;42m@@@@888[0;32;5;40;100m8[0;1;33;93;43mX[0;37;5;43;103m%......t[0;32;5;40;100mX[0;33;5;43;103m@[0;37;5;43;103m.....:[0;1;33;93;43mX[0;33;5;40;100m8[0;32;5;40;100m8[0;1;30;90;42m888888[0;1;30;90;43m@[0;33;5;43;103mX:::::::[0;1;30;90;43m%[0;32;43m@[0;33;5;43;103m;;;;;;8[0;32;43mX[0;30;42m8%tS;;@[0;1;30;90;42m8[0;1;33;93;43m%[0;33;5;43;103mStt%%%%[0;1;30;90;43m.[0m
[0;32;40mS[0;1;33;93;43mS[0;33;5;43;103m;;;::X[0;1;30;90;43m%[0;1;30;90;42mXXXX@@888[0;33;5;40;100m8[0;1;33;93;43m8[0;37;5;43;103m;......[0;1;33;93;43mX[0;37;5;43;103mt....;[0;1;33;93;43m8[0;33;5;40;100m8[0;1;30;90;42m8888888@8[0;1;30;90;43mX[0;33;5;43;103mS::::::88;;;;;8[0;1;30;90;43m:[0;30;42m%%%tX[0;1;30;90;42m:[0;30;42m%%S[0;33;42m8[0;1;33;93;43mX[0;33;5;43;103m%t%%%%[0;33;5;40;100m8[0m
 [0;33;5;43;103m;;;;::8[0;1;30;90;43m%[0;1;30;90;42mSSXXX@@888[0;1;30;90;43m8[0;33;5;43;103mt[0;37;5;43;103m:::.........t[0;1;30;90;43m8[0;1;30;90;42m88888888@@[0;33;5;40;100m8[0;33;5;43;103m8::::::;;;;;;;[0;1;33;93;43m@[0;33;42m8[0;1;30;90;42m:[0;30;42m8X8;[0;1;30;90;42m:[0;30;42mtX[0;1;30;90;42m:[0;30;42m%[0;1;30;90;43m.[0;33;5;43;103mX%%%%%[0m 
 [0;1;33;93;43m8[0;33;5;43;103m;;;;[0;1;33;93;43m8[0;33;42m8[0;1;30;90;42m%SSSXXXX@@8[0;1;30;90;43m8[0;1;33;93;43m@[0;37;5;43;103m:::::::::::[0;33;5;43;103m%[0;1;30;90;43m8[0;1;30;90;42m888888@@@XXX[0;1;30;90;43mS[0;33;5;43;103m%::::;;;;;;t[0;1;33;93;43m@[0;33;42mX[0;30;42mtX;S8%[0;1;30;90;42m::[0;30;42m;%8[0;33;42m8[0;1;33;93;43mX[0;33;5;43;103m%%%%[0;1;33;93;43m8[0m 
 [0;1;30;90;43m:[0;33;5;43;103m;;;;8[0;1;30;90;43mt[0;1;30;90;42m%%%SSSXXX@@[0;1;30;90;43m@@[0;33;5;43;103mX.[0;37;5;43;103m:::::::::[0;33;5;43;103m;[0;1;33;93;43mX[0;1;30;90;42m8888@@@@XXX@[0;1;30;90;43mS[0;1;33;93;43m8[0;33;5;43;103mt::;;;;;;;;[0;1;33;93;43m8[0;32;43mX[0;30;42mt%[0;1;30;90;42m:[0;30;42m;@;8[0;32;40m8[0;30;42m;XX[0;33;42m8[0;1;30;90;43m [0;33;5;43;103m8%%%[0;1;30;90;43m.[0m 
  [0;33;5;43;103m;;;%[0;1;30;90;43m;[0;1;30;90;42m@t[0;30;42mS[0;1;30;90;42m%%%SSSXXX8[0;1;33;93;43m8[0;33;5;43;103m::::.......8[0;1;30;90;43m8[0;1;30;90;42m@@@@XXXXSSSS[0;1;30;90;43m%[0;33;5;43;103m%::;;;;;;;;S[0;1;30;90;43m:[0;30;42mX%@t[0;1;30;90;42m:[0;30;42mt88[0;1;30;90;42m:[0;30;42m;XXX[0;1;33;93;43m8[0;33;5;43;103m%%%%[0;32;40mS[0m 
  [0;1;30;90;43m.[0;33;5;43;103m;;8[0;1;30;90;43m;[0;1;30;90;42mXt[0;30;42m@[0;1;30;90;42mt%%%SSSSSX[0;1;30;90;43mX[0;33;5;43;103mX::::S@:::%[0;1;33;93;43mX[0;32;5;40;100m8[0;1;30;90;42m@@XXXXXSSSS%X[0;1;30;90;43mt[0;33;5;43;103m;;;;;[0;1;33;93;43m%[0;33;5;43;103m;;;;[0;1;33;93;43m8[0;32;43mX[0;30;42mS%8[0;1;30;90;42m:[0;30;42m%SS8;tS:t[0;32;43m@[0;33;5;43;103m@%%[0;1;33;93;43mS[0m  
  [0;32;40mX[0;33;5;43;103m%;;%[0;1;33;93;43m@X[0;1;30;90;43m;[0;33;42m@[0;1;30;90;42m%%[0;30;42mS[0;1;30;90;42m%%%8[0;1;30;90;43mSS[0;1;33;93;43mS[0;33;5;43;103m8;:X[0;1;30;90;43mX[0;33;42m@X[0;1;30;90;43mX[0;33;5;43;103mX:::8[0;1;33;93;43m@X[0;1;30;90;43mX[0;1;30;90;42mXSSSS%S[0;1;30;90;43m%%t[0;33;5;43;103m8S;%[0;1;30;90;43m;[0;33;42m@[0;1;30;90;42m;[0;33;42m@[0;1;30;90;43m:[0;33;5;43;103m%;;S[0;1;33;93;43mSS[0;1;30;90;43m:[0;1;30;90;42m@[0;30;42mt%@S;t[0;1;30;90;42m8[0;32;43mX%[0;1;33;93;43m%8[0;33;5;43;103m%%[0;32;40m8[0m  
   [0;30;42m8[0;1;33;93;43mS[0;33;5;43;103m%;;;S@[0;1;30;90;43m;t[0;32;43mX[0;1;30;90;42m%[0;33;5;43;103mt@[0;1;33;93;43mX[0;33;5;43;103mXS::t[0;1;30;90;43m%[0;1;30;90;42mSSSSSX[0;1;30;90;43mS[0;33;5;43;103m@:::;@[0;1;33;93;43m8[0;1;30;90;43m%%[0;1;30;90;42m%[0;1;30;90;43mt[0;33;5;43;103mS[0;1;33;93;43m@8[0;33;5;43;103mXt;;[0;1;33;93;43m@[0;1;30;90;42m8[0;30;42mX[0;1;30;90;42m;;;[0;30;42mX[0;33;42m@[0;1;33;93;43mX[0;33;5;43;103m%;;;@8[0;1;30;90;43m.[0;32;43m%8[0;33;42mt[0;33;5;43;103mS[0;1;33;93;43m8[0;1;30;90;43m [0;33;5;43;103m8@%%@[0;1;30;90;43m.[0m   
    [0;30;42m@[0;1;30;90;43m:[0;33;5;43;103mS;;;;;;[0;1;33;93;43m8[0;1;30;90;42mt[0;33;5;43;103m%;;::%[0;1;33;93;43mX[0;1;30;90;42m8%%%SS%SS[0;1;30;90;43mS[0;33;5;43;103m8:::::::[0;33;42m8[0;1;30;90;43mt[0;33;5;43;103m;;;;;[0;1;33;93;43m8[0;1;30;90;43m;[0;30;42mS%%tS[0;1;30;90;42m:[0;30;42m;8S[0;1;30;90;43m.[0;33;5;43;103m%;ttttt[0;1;33;93;43m%[0;1;30;90;42mt[0;33;5;43;103m%%%%%8[0;1;30;90;43m [0;30;42m8[0m    
    [0;32;40mt[0;1;30;90;42m8[0;1;33;93;43mX[0;33;5;43;103mt;;;;;;%;;;;;X[0;1;30;90;43mt[0;1;30;90;42mS%%%[0;30;42mX[0;1;30;90;42m%%%%X[0;1;30;90;43m%[0;33;5;43;103mX:::;;;%;;;;;;[0;1;33;93;43mS[0;33;42m8[0;1;30;90;42m;[0;30;42m8t8t[0;1;30;90;42m:[0;30;42mS;[0;1;30;90;42m:[0;33;42m8[0;1;33;93;43m8[0;33;5;43;103m%ttttt%S%%%%%[0;1;33;93;43m8[0;32;43mS[0;32;40mt[0m    
     [0;32;40mS[0;1;30;90;43m:[0;33;5;43;103mX;;;;;;;;;;;;8[0;1;30;90;43mt[0;1;30;90;42mt[0;30;42mSXX[0;1;30;90;42mtttttt[0;1;30;90;43m%[0;1;33;93;43m8[0;33;5;43;103m;;;;;;;;;;;;%[0;1;30;90;43m:[0;1;30;90;42mX[0;30;42mSS8@;[0;1;30;90;42m:[0;30;42m%ttX[0;1;30;90;43m.[0;33;5;43;103mXtttttt%%%%%%[0;1;33;93;43mX[0;33;42m8[0m     
      [0;32;40mS[0;1;30;90;43m:[0;33;5;43;103m%;;;;;;;;;;[0;1;33;93;43m8[0;32;43m@[0;1;30;90;42mt[0;30;42mX[0;1;30;90;42mt;[0;30;42mS[0;1;30;90;42mt;ttt[0;30;42mX[0;1;30;90;42mt[0;1;30;90;43mt[0;33;5;43;103m@;;;;;;;;;;%[0;1;30;90;43m:[0;1;30;90;42mX[0;30;42m%S[0;1;30;90;42m:[0;30;42m%@[0;1;30;90;42m:[0;30;42mt%;SS@[0;1;30;90;43m.[0;33;5;43;103m%tttt%%%%%%[0;1;33;93;43m%[0;32;40m8[0m      
       [0;1;30;90;43m.[0;33;5;43;103m%;;;;;;;;;;S[0;1;30;90;43m:[0;30;42mStt[0;1;30;90;42m;[0;30;42m%SXX[0;1;30;90;42m;;[0;30;42m%[0;1;30;90;42m8[0;1;30;90;43m:[0;33;5;43;103m%;;;;;;;;;;;[0;1;33;93;43m8[0;1;30;90;42m8[0;30;42mS%[0;1;30;90;42m::[0;30;42mX%8t;S%[0;1;30;90;43m.[0;33;5;43;103m8Stt%%%%%%%%[0;1;30;90;43m [0m       
        [0;1;30;90;43m.[0;33;5;43;103m;;;;;;;;;t[0;1;33;93;43mS[0;30;42mXt@S[0;1;30;90;42m;;[0;30;42mX8%[0;1;30;90;42m;[0;30;42mtSt[0;1;30;90;43m;[0;33;5;43;103m@;;;;;;;;;;@[0;1;30;90;43m;[0;30;42mX%8;[0;1;30;90;42m:[0;30;42m%88;tX%[0;1;30;90;42m8[0;1;33;93;43mX[0;33;5;43;103mSt%%%%%%%%[0;1;30;90;43m [0m        
         [0;1;30;90;43m.[0;33;5;43;103mt;8[0;32;43mX[0;1;30;90;43m:[0;33;5;43;103mX;;@[0;1;30;90;43m:[0;33;42m8[0;1;30;90;42mX[0;33;42mX[0;1;30;90;42m;::[0;30;42mSX[0;1;30;90;42m;;[0;30;42mSt[0;1;30;90;42m;[0;33;42m8[0;1;33;93;43mX[0;33;5;43;103m%;;X[0;1;33;93;43m%[0;32;43m8[0;33;5;43;103m8;;%[0;1;33;93;43mX[0;32;43mS[0;1;30;90;42m@@S:[0;30;42mt%@S[0;1;30;90;42m:[0;30;42mt@:%[0;1;30;90;43m.[0;1;33;93;43m8[0;33;5;43;103m%%%[0;1;33;93;43m@[0;32;43m8[0;1;30;90;43m [0;33;5;43;103m@S[0;1;30;90;43m.[0m         
          [0;1;30;90;43m.[0;32;43m@[0;30;42m%[0;1;30;90;42m::%[0;1;30;90;43m:[0;33;5;43;103mt;;;;8[0;1;30;90;43m:[0;33;42m@[0;30;42m%[0;1;30;90;42m:[0;30;42mt[0;32;43m@8[0;1;30;90;42m8[0;1;30;90;43m:[0;1;33;93;43m8[0;33;5;43;103m8;;t[0;1;30;90;43m:[0;1;30;90;42mS:::[0;32;43m8[0;33;5;43;103m8;;tt%[0;1;30;90;43m.[0;32;43m8[0;30;42mS;t[0;33;42mX[0;32;43m@[0;33;42mS[0;1;30;90;43m:[0;1;33;93;43mX@[0;33;5;43;103m%%%[0;1;33;93;43m8[0;33;42m8[0;30;42m%.:S[0;32;40m8[0m          
            [0;30;42mXt;tS[0;1;30;90;42m8[0;1;33;93;43m8[0;33;5;43;103m;;;;;X88[0;1;30;90;42m:[0;1;33;93;43mX[0;33;5;43;103m;;tX;;[0;1;33;93;43m8[0;33;42m8[0;30;42mS%[0;1;30;90;42m:[0;30;42mt;%X[0;1;30;90;43m:[0;33;5;43;103m%tttt%88[0;32;43m@8[0;33;5;43;103mtt%XS%X[0;1;30;90;43m.[0;30;42m8XtS@[0m            
             [0;32;40mS[0;30;42m;tXS[0;33;42m@[0;1;33;93;43mS[0;33;5;43;103mttttttt[0;32;43m%[0;33;5;43;103m@;;;;%[0;1;33;93;43mX[0;1;30;90;42m8[0;30;42mtX%8S[0;1;30;90;42m:[0;30;42mSSS[0;1;30;90;43m:[0;33;5;43;103mXtttttt[0;1;33;93;43mt[0;1;30;90;43m.[0;33;5;43;103m%%%%%[0;1;33;93;43m8[0;1;30;90;43m [0;30;42mSX@@[0;32;40m%[0m             
              [0;32;40mt[0;30;42m@X[0;1;30;90;42m:[0;30;42mS[0;1;30;90;43m:[0;33;5;43;103m@ttttttttttttS[0;1;30;90;43m:[0;1;30;90;42m;[0;30;42mX8@S[0;1;30;90;42m.[0;30;42m:X;[0;1;30;90;42m:8[0;1;33;93;43m@[0;33;5;43;103m%tttt%%%%%%%%[0;1;33;93;43mS[0;33;42mX[0;30;42m%[0;32;40m8[0;30;42m8[0;32;40m;[0m              
                [0;32;40m%[0;30;42mS8[0;32;43m8[0;1;33;93;43m@[0;33;5;43;103mttttttttttt%[0;1;30;90;43m.[0;33;42mS[0;30;42m%S%X8::t;8[0;1;30;90;42mX[0;1;30;90;43m:[0;33;5;43;103mX%%%%%%%%%%%[0;1;33;93;43m8[0;32;43m8[0;30;42m%8[0;32;40mS[0m                
                  [0;32;40m@[0;33;42mS[0;1;30;90;43m:[0;33;5;43;103m8tttttttttt@[0;1;30;90;43m.[0;30;42m%SS[0;1;30;90;42m.[0;30;42m@X%[0;32;40m8[0;30;42mX%St[0;33;42m8[0;1;33;93;43mS[0;33;5;43;103mX%%%%%%%%%S[0;1;33;93;43mS[0;32;43m8[0;32;40m8[0m                  
                    [0;1;30;90;43m.[0;33;5;43;103mStttttttttt8[0;32;43m@[0;30;42mSX@::@8S:t88[0;1;30;90;43m.[0;33;5;43;103mX%%%%%%%%SSX[0;1;30;90;43m [0m                    
                      [0;1;30;90;43m.[0;33;5;43;103mX%%X8%%%X[0;1;30;90;43m [0;30;42mXS8@%%@@8:X%:X[0;1;33;93;43mS[0;33;5;43;103m%%%%%[0;1;33;93;43m@[0;33;5;43;103mSSX[0;1;30;90;43m [0m                      
                        [0;1;30;90;43m..[0;33;42mX%[0;32;43m%[0;33;5;43;103mX%%X[0;1;33;93;43mS[0;1;30;90;43m..[0;33;42m@[0;30;42mtSX8%t%X[0;33;42mX[0;32;43m8[0;1;30;90;43m [0;33;5;43;103m8SS[0;1;33;93;43mt[0;32;43m8[0;30;42m:[0;32;43m8[0;1;30;90;43m [0m                        
                          [0;32;40m%[0;30;42m@SX[0;1;30;90;43m [0;33;5;43;103mX%%%S[0;1;33;93;43m@[0;1;30;90;43m [0;33;42m88[0;30;42mt[0;32;43m%[0;1;33;93;43mS[0;1;30;90;43m [0;1;33;93;43mX[0;33;5;43;103m8XSS[0;1;33;93;43m8[0;33;42m8[0;30;42m88[0;32;40mS[0m                          
                             [0;32;40m%8[0;32;43m8[0;1;33;93;43m8[0;33;5;43;103m%%%%SSS[0;33;42mS[0;32;43m%[0;33;5;43;103mSSSSS[0;1;33;93;43m8[0;1;30;90;43m [0;32;40m8%[0m                             
                                [0;32;40m8[0;1;33;93;43mS[0;33;5;43;103mSSSSSS[0;1;33;93;43m8[0;33;5;43;103mXSSSS[0;1;33;93;43m8[0;1;30;90;43m [0m                                
                                   [0;1;30;90;43m  [0;33;5;43;103mXSSSSS[0;1;33;93;43mS[0;1;30;90;43m [0m                                   
                                      [0;32;40m8[0;1;30;90;43m   [0m                                      
