[0;34;40m ..................:::::::::::::::::::::..........................              [0m
[0;34;40m.......:::::::::::::;;;;;;;;;;;;;;;;;;;:::::::::::::..................          [0m
[0;34;40m.....:::::::::::;;;;;;;;;;;;;;;;;;;;;;;;;;;::::::::::..................         [0m
[0;34;40m....::::::::[0;31;40m;8;[0;34;40m;;;;;;;[0;1;30;90;40m%%SSSSSSSSSSS%S[0;30;5;40;100m8[0;31;40mt[0;34;40m;;;;;;;:::::::::.....[0;31;40m:@:[0;34;40m.........        [0m
[0;34;40m..:::::::::[0;1;30;90;40m8[0;1;30;90;43mt[0;33;5;43;103m;[0;1;33;93;43mS[0;1;30;90;40m8[0;34;40m;;[0;1;30;90;40m%SSSSSSSSSXXXSSSS[0;31;5;40;100mX[0;1;30;90;43mS[0;33;5;43;103m;[0;1;33;93;43mX[0;30;5;40;100m8[0;1;30;90;40m%[0;34;40m;;;;;;;:::::::::..[0;31;40m8[0;1;30;90;43m:[0;33;5;43;103mt[0;1;33;93;43m%[0;31;40m@[0;34;40m.........       [0m
[0;34;40m.::::::::;[0;31;40m;[0;1;33;93;43mt[0;33;5;43;103m;;;;[0;1;30;90;43m%[0;31;5;40;100m@[0;1;30;90;40mX[0;30;5;40;100m8[0;1;30;90;43mXX[0;33;5;40;100m8[0;1;30;90;40mXXXXXXXXXXX@[0;1;33;93;43mS[0;33;5;43;103m;;;;[0;1;30;90;43m%[0;31;5;40;100m@[0;1;30;90;40mS8[0;1;30;90;43mS%[0;33;5;40;100m8[0;31;40m;[0;34;40m;;::::::::[0;31;40m:[0;1;33;93;43mt[0;33;5;43;103mttt%[0;1;30;90;43m:[0;31;40m@:S[0;31;43m8[0;1;30;90;43m:[0;1;30;90;41m8[0;31;40m.[0;34;40m.       [0m
[0;34;40m.:::::::;[0;1;30;90;40m8[0;1;33;93;43mS[0;33;5;43;103m;t[0;1;33;93;43mX[0;33;5;43;103mt;;;;:XS:[0;1;30;90;43m@[0;1;30;90;40m@@@@@@@@@[0;31;5;40;100mX[0;1;33;93;43mX[0;33;5;43;103m:[0;37;5;43;103mX[0;1;33;93;43m@[0;33;5;43;103m;:;;;;@X;[0;1;30;90;43m%[0;34;40m;;;::::::[0;31;40mX[0;1;33;93;43m%[0;33;5;43;103mt%[0;1;33;93;43mS[0;33;5;43;103m%ttttt[0;1;33;93;43m@@[0;33;5;43;103m%[0;1;30;90;43m:[0;34;40m..      [0m
[0;34;40m.:::::;;[0;1;30;90;40m8[0;33;5;43;103m%;%[0;33;5;40;100m8[0;36;5;40;100m%[0;33;5;40;100mt@[0;1;30;90;43m888[0;33;5;40;100mX[0;1;30;90;43m8[0;33;5;43;103m%:X[0;1;30;90;40m88888888[0;31;5;40;100mS[0;33;5;43;103mt:t[0;33;5;40;100mX[0;36;5;40;100m;[0;33;5;40;100m:S[0;1;30;90;43m888[0;33;5;40;100m@[0;1;30;90;43m8[0;33;5;43;103m%;[0;1;33;93;43m@[0;34;40m;;;;;:::[0;31;40m@[0;33;5;43;103mStS[0;33;5;40;100m8[0;30;5;40;100m8[0;33;5;40;100mS8[0;1;30;90;43m8X8[0;31;5;40;100mX[0;1;30;90;43m@[0;1;33;93;43mX[0;33;5;43;103m%[0;1;33;93;43mS[0;34;40m...     [0m
[0;34;40m.::::;;[0;31;40mt[0;33;5;43;103m@;;[0;33;5;40;100m8[0;30;5;40;100m@[0;36;5;40;100mtt[0;30;5;40;100mX[0;36;5;40;100m [0;30;5;40;100mX[0;35;5;40;100m [0;1;30;90;43m8[0;1;33;93;47m8[0;33;5;43;103m;:[0;1;30;90;43m8[0;1;30;90;40m8888888[0;30;5;40;100m8[0;33;5;43;103mX:;[0;33;5;40;100m8[0;30;5;40;100m%[0;36;5;40;100m;.;.[0;30;5;40;100mX[0;36;5;40;100m [0;1;30;90;43m8[0;37;5;43;103m8[0;33;5;43;103mt;[0;1;30;90;43m%[0;1;30;90;40m%[0;34;40m;;;;;:[0;31;40m;[0;1;33;93;43m@[0;33;5;43;103m;t[0;30;41m8[0;1;30;90;40m8[0;30;5;40;100m8X8X[0;1;30;90;40m8[0;30;5;40;100m%[0;1;30;90;43m@[0;1;33;93;43mS[0;33;5;43;103m%%[0;1;30;90;43m.[0;34;40m...     [0m
[0;34;40m.:::;;;[0;1;30;90;43m%[0;33;5;43;103m;;[0;1;30;90;43mS[0;1;30;90;40mS[0;30;5;40;100m@[0;36;5;40;100mt;[0;30;5;40;100mS[0;36;5;40;100m [0;30;5;40;100mS[0;33;47m8[0;37;5;43;103m@X[0;33;5;43;103m:;[0;30;5;40;100m@[0;1;30;90;40m8[0;30;5;40;100m888888[0;1;30;90;43m8[0;37;5;43;103m%%[0;1;30;90;43m8[0;1;30;90;40m8[0;36;5;40;100mt:.; [0;30;5;40;100mS[0;33;47m8[0;37;5;43;103mX[0;33;5;43;103m%:t[0;1;30;90;40m8S%[0;34;40m;;;;;[0;1;30;90;43mt[0;33;5;43;103m;;[0;1;30;90;43m;[0;34;40m:[0;1;30;90;40m8[0;30;5;40;100m8X8X[0;1;30;90;40m8[0;1;30;90;43m8[0;33;5;43;103mXXtS[0;31;40m%[0;34;40m....    [0m
[0;34;40m.::;;;;[0;1;33;93;43m@[0;33;5;43;103m;S[0;1;30;90;40mXX[0;30;5;40;100mX[0;36;5;40;100m;;[0;30;5;40;100mS[0;36;5;40;100m [0;1;30;90;43m8[0;37;5;43;103m8@[0;33;5;43;103m:[0;37;5;43;103m%[0;1;30;90;43m8[0;30;5;40;100m88888888[0;33;5;43;103mX[0;37;5;43;103mS[0;33;5;43;103mt[0;30;5;40;100m88[0;36;5;40;100m;. : [0;1;30;90;43m8[0;37;5;43;103m8@[0;33;5;43;103m::[0;1;30;90;43mX[0;1;30;90;40mXSS%[0;34;40m;;;[0;31;40m;[0;33;5;43;103mX;S[0;31;40m;[0;34;40m:[0;1;30;90;40m8[0;30;5;40;100m8X8X[0;1;30;90;43m8[0;33;5;43;103mS[0;1;33;93;43mS[0;33;5;43;103mtt[0;1;30;90;43m:[0;34;40m.....    [0m
[0;34;40m.::;;;[0;31;40mt[0;33;5;43;103m;;[0;1;30;90;43mS[0;1;30;90;40mXX[0;30;5;40;100mX[0;36;5;40;100m;:%[0;1;30;90;47mS[0;37;5;43;103m8[0;1;33;93;47m8[0;37;5;43;103mS%[0;33;5;43;103m%[0;30;5;40;100m@88@@@@@@[0;37;5;43;103mSS[0;1;33;93;43m@[0;30;5;40;100m88[0;36;5;40;100m;  .[0;1;30;90;47mX[0;37;5;43;103m8[0;1;33;93;47m8[0;33;5;43;103m;:S[0;1;30;90;40m8XXSS%[0;34;40m;;[0;31;40m%[0;33;5;43;103m;;[0;1;33;93;43mt[0;34;40m::[0;1;30;90;40m8[0;30;5;40;100m8X8[0;1;30;90;43m8[0;33;5;43;103m%[0;1;33;93;43m%[0;33;5;43;103m%t[0;1;33;93;43mX[0;31;40m:[0;34;40m......   [0m
[0;34;40m.:;;;;[0;1;30;90;40mS[0;33;5;43;103mt;[0;1;33;93;43m%[0;1;30;90;40mXX[0;30;5;40;100mX[0;36;5;40;100m::[0;1;30;90;43m8[0;37;5;43;103m8[0;1;33;93;47m8[0;37;5;43;103mXSS[0;1;30;90;43m8[0;30;5;40;100m@@@XXXXXX[0;37;5;43;103mXX[0;1;33;93;43m8[0;30;5;40;100m@@[0;36;5;40;100m:  [0;1;30;90;43m8[0;37;5;43;103m88X[0;33;5;43;103m::[0;1;30;90;43m8[0;1;30;90;40m@XXXSS%[0;34;40m;[0;31;40mt[0;33;5;43;103m;;[0;1;33;93;43m%[0;34;40m::[0;1;30;90;40m8[0;30;5;40;100m8X[0;1;30;90;43m8[0;37;5;43;103mX[0;1;33;93;43mS[0;33;5;43;103mStt[0;31;43m8[0;34;40m.......   [0m
[0;34;40m.:;;;;[0;1;30;90;40mS[0;1;33;93;43mX[0;33;5;43;103m;t[0;1;30;90;40m8@[0;30;5;40;100mS[0;36;5;40;100m:[0;1;30;90;43m8[0;37;5;43;103m@[0;1;33;93;47m8[0;37;5;43;103m8SS[0;33;5;43;103m@[0;30;5;40;100m@@XXXSSSSS[0;37;5;43;103m@XX[0;31;5;40;100mS[0;30;5;40;100mX[0;36;5;40;100m. [0;1;30;90;47mS[0;37;5;43;103m8[0;1;33;93;47m8[0;37;5;43;103m8[0;33;5;43;103m::[0;1;33;93;43mX[0;1;30;90;40m8@@XXSSS[0;34;40m;;[0;1;33;93;43mX[0;33;5;43;103m;t[0;31;40m%[0;34;40m:[0;1;30;90;40m8[0;30;5;40;100m8[0;1;30;90;43m8[0;33;5;43;103m%[0;1;33;93;43mXX[0;33;5;43;103mtt[0;1;33;93;43mt[0;31;40m.[0;34;40m.......   [0m
[0;34;40m.;;;;[0;1;30;90;40m%S[0;1;30;90;43mS[0;33;5;43;103m;;[0;1;30;90;43m@[0;1;30;90;40m@[0;30;5;40;100mS[0;33;5;40;100m;[0;37;5;43;103m88[0;1;33;93;47m8[0;37;5;43;103mSSS[0;33;5;40;100m@[0;30;5;40;100m@XXSS%[0;36;5;40;100m%%t%[0;1;30;90;43m8[0;37;5;43;103m@X[0;1;30;90;43m8[0;30;5;40;100mX[0;36;5;40;100m.[0;37;5;40;100m8[0;37;5;43;103m@8[0;1;33;93;47m8[0;37;5;43;103mS%[0;33;5;43;103m:[0;33;5;40;100m8[0;1;30;90;40m8@@XXXSS%[0;34;40m;[0;1;30;90;43mt[0;33;5;43;103m;;[0;1;30;90;43mt[0;34;40m:[0;1;30;90;40m8[0;33;5;40;100m8[0;37;5;43;103mX[0;33;5;43;103mX[0;1;33;93;43mS[0;33;5;43;103mttt[0;31;40m8[0;34;40m........   [0m
[0;34;40m.;;;;[0;1;30;90;40m%S@[0;33;5;43;103mS;;[0;33;5;40;100m8S[0;37;5;43;103m88[0;1;33;93;47m8[0;37;5;43;103m@SS[0;37;43mX[0;30;5;40;100m@XXSS[0;36;5;40;100m%ttttt[0;33;5;40;100mt[0;37;5;43;103m@@@[0;33;5;40;100mS.[0;37;5;43;103m@8[0;1;33;93;47m8[0;37;5;43;103m@S%[0;1;30;90;43m8[0;1;30;90;40m888@@XXSS%[0;34;40m;[0;31;40m%[0;33;5;43;103m@t%[0;31;40m@[0;33;5;40;100m8[0;33;5;43;103m%S[0;1;33;93;43mS[0;33;5;43;103mStt[0;1;30;90;43m.[0;34;40m..........  [0m
[0;34;40m.;;;;[0;1;30;90;40mSSS[0;1;30;90;43mX[0;33;5;43;103m%:t[0;37;5;43;103m@8[0;1;33;93;47m8[0;37;5;43;103m8SSS[0;33;5;40;100mX[0;30;5;40;100mXXSS[0;36;5;40;100m%tt;;;;;[0;33;5;40;100m%[0;37;5;43;103m@X@88[0;1;33;93;47m8[0;37;5;43;103m8SS[0;33;5;43;103m;[0;31;5;40;100mX[0;1;30;90;40m888@@XXSS%[0;34;40m;;[0;1;30;90;43m%[0;33;5;43;103mX;St%[0;1;33;93;43mS[0;33;5;43;103mXtt%[0;31;40mS[0;34;40m..........  [0m
[0;34;40m.;;;;[0;1;30;90;40mSSSX[0;30;5;40;100m@[0;33;5;43;103m@::[0;37;5;43;103mX[0;1;33;93;47m8[0;37;5;43;103mSSS[0;1;30;90;43m8[0;30;5;40;100m@XXSS[0;36;5;40;100m%t;;:::;t[0;33;5;40;100mt[0;37;5;43;103m@XX8[0;1;33;93;47m8[0;37;5;43;103mXSS[0;1;30;90;43m8[0;30;5;40;100m8[0;1;30;90;40m888@@XXSS%[0;34;40m;;;[0;31;40mX[0;1;33;93;43mX[0;33;5;43;103m;;S[0;1;33;93;43mS[0;33;5;43;103mttt[0;1;30;90;43m:[0;34;40m...........  [0m
[0;34;40m.;;;;[0;1;30;90;40mSSSXX8[0;33;5;43;103m%::[0;1;33;93;43mS[0;1;30;90;43m888[0;30;5;40;100mX@XXSS[0;36;5;40;100m%tt;;;;;tt[0;33;5;40;100m%[0;37;5;43;103m@XX[0;1;33;93;43m@[0;1;30;90;43m888[0;30;5;40;100m8[0;1;30;90;40m8888@@XXSS%[0;34;40m;;;;[0;31;40mS[0;33;5;43;103m%t;[0;1;33;93;43mt[0;1;30;90;43m;;;[0;31;40m;[0;34;40m...........  [0m
[0;34;40m.;;;;[0;1;30;90;40m%SSX8[0;1;30;90;43mX[0;33;5;43;103mt%[0;1;30;90;43m8[0;30;5;40;100m8[0;1;30;90;40m8[0;30;5;40;100m888@@XXSS%[0;36;5;40;100mttttttt[0;33;5;40;100m%[0;37;43m@[0;37;5;43;103mXX[0;1;30;90;43m8[0;30;5;40;100mX@888[0;1;30;90;40m8888@@XXSS%[0;34;40m;;;[0;31;40m%[0;1;30;90;43m;[0;33;5;43;103mtX[0;1;30;90;43m;[0;31;40m;[0;34;40m:..............  [0m
[0;34;40m.;;;;[0;1;30;90;40m%SSXX@[0;30;5;40;100m8[0;1;30;90;40m8888[0;30;5;40;100m8888@@XXSSS%%%%SSSS[0;33;5;40;100mS[0;30;5;40;100mX@@888[0;1;30;90;40m8888@@XXSSS[0;34;40m;;;;:[0;31;40m;S:[0;34;40m:::.............   [0m
[0;34;40m.:;;;;[0;1;30;90;40mSSSXX@@8888[0;30;5;40;100m8888@@XXXXSSSSSXXX@@@8888[0;1;30;90;40m8888@@XXSS%[0;34;40m;;;;::::::..............   [0m
[0;34;40m.:;;;;[0;1;30;90;40m%SSXXX@@8888[0;30;5;40;100m88888@@@@XXXXX@@@@8888[0;1;30;90;40m88888@@XXSSS[0;34;40m;;;;;::::::..............   [0m
[0;31;40m;[0;1;30;90;43mttt%%SSSXX@[0;33;5;40;100m.[0;36;5;40;100m        [0;37;5;40;100m%S[0;33;5;40;100m @[0;1;30;90;43m8888888888[0;33;5;40;100m@ [0;36;5;40;100m          [0;33;5;40;100m:[0;1;30;90;43mXXSS%%%ttt;[0;33;5;40;100m8[0;36;5;40;100m..:::::::::[0;33;5;40;100m8[0;1;30;90;43m:::...[0;31;43m8[0;31;40m;[0m
 [0;33;5;43;103mt;;;;;;;;[0;37;5;43;103m8[0;1;37;97;47m8[0;37;5;47;107m88888888@@[0;1;37;97;47m8[0;37;5;43;103m@SSSSSSSSSS[0;1;33;93;47m@[0;37;5;47;107m@@@@8888888[0;1;37;97;47m8[0;33;5;43;103m;;;;;;;;;;;[0;1;33;93;47m@[0;1;37;97;47m8888888@@@@[0;1;33;93;47m8[0;33;5;43;103m%%%%%%%S[0m 
 [0;1;33;93;43mS[0;33;5;43;103m;;;;;;;[0;1;37;97;47m88[0;37;5;47;107m888888888[0;1;37;97;47m8[0;37;5;43;103m8[0;33;5;43;103m::.[0;37;5;43;103m%%%%%%%8[0;1;37;97;47m8[0;37;5;47;107m@@88888888[0;1;37;97;47m8[0;37;5;43;103mX[0;33;5;43;103m;;;;;;;;;;[0;37;5;43;103m8[0;1;37;97;47m88888888@@@[0;1;33;93;47mS[0;33;5;43;103m%t%%%%%%S[0;1;33;93;43mS[0m 
 [0;1;30;90;43m:[0;33;5;43;103m;;;;;[0;1;33;93;47m@[0;1;37;97;47m8888[0;37;5;47;107m8888888[0;1;33;93;47mX[0;33;5;43;103m::::::::::[0;37;5;43;103mS[0;1;37;97;47m8[0;37;5;47;107m8888888888[0;1;37;97;47m8[0;37;5;43;103m8[0;33;5;43;103m;;;;;;;;;;t[0;1;37;97;47m888888888@@@[0;33;5;43;103m%tt%%%%%%%S[0;1;30;90;43m:[0m 
  [0;33;5;43;103mt;;[0;37;5;43;103m@[0;1;37;97;47m8888888[0;37;5;47;107m8888[0;1;37;97;47m8[0;37;5;43;103mS[0;33;5;43;103m::::::::::[0;1;33;93;47m@[0;37;5;47;107m88888888888[0;1;37;97;47m8[0;33;5;43;103m;;;;;;;;;;;[0;1;33;93;47mX[0;1;37;97;47m8888888888@[0;1;33;93;47m8[0;33;5;43;103mttt%%%%%%%S[0;1;33;93;47mS[0;1;30;90;40m@[0m 
  [0;1;30;90;43m.[0;33;5;43;103mt[0;1;37;97;47m888888888888[0;37;5;43;103m8[0;33;5;43;103m;;::::::::[0;37;5;43;103m8[0;1;37;97;47m8[0;37;5;47;107m8888888888[0;1;37;97;47m8[0;37;5;43;103mX[0;33;5;43;103m;;;;;;;;;;[0;37;5;43;103m8[0;1;37;97;47m8888888888@[0;1;33;93;47mS[0;33;5;43;103mttttt%%%%%%[0;1;33;93;47m8[0;1;37;97;47mS[0;1;30;90;47mX[0m  
  [0;1;30;90;40m8[0;1;37;97;47m88888888888[0;1;33;93;47m8[0;33;5;43;103m;;;;;;;;;:;[0;1;37;97;47m8[0;37;5;47;107m8888888888[0;1;37;97;47m8[0;37;5;43;103m8[0;33;5;43;103m;;;;;;;;;;[0;37;5;43;103mS[0;1;37;97;47m888888888888[0;33;5;43;103m%ttttt%%%%%[0;37;5;43;103m@[0;1;37;97;47mSSS[0;30;5;40;100m8[0m  
   [0;37;5;40;100m8[0;1;37;97;47m888888888[0;33;5;43;103m;;;;;;;;;;;[0;1;33;93;47m@[0;1;37;97;47m8[0;37;5;47;107m888888888[0;1;37;97;47m8[0;1;33;93;47mX[0;33;5;43;103m;;;;;;;;;;;[0;1;33;93;47mS[0;1;37;97;47m88888888888[0;37;5;43;103m8[0;33;5;43;103mtttttt%%%%S[0;1;37;97;47mSSSS[0;1;30;90;47m8[0m   
    [0;1;37;97;47mt888888[0;37;5;43;103mX[0;33;5;43;103m;;;;;;;;;;[0;37;5;43;103m8[0;1;37;97;47m888888888888[0;33;5;43;103m;;;;;;;;;;;[0;37;5;43;103m8[0;1;37;97;47m88888888888[0;1;33;93;47mX[0;33;5;43;103mttttttt%%%%[0;1;33;93;47m@[0;1;37;97;47mSSSS:[0m    
    [0;30;5;40;100mX[0;1;37;97;47m@888[0;37;5;43;103m8[0;33;5;43;103m;;;;;;;;;;t[0;1;37;97;47m888888888888[0;37;5;43;103m8[0;33;5;43;103m;;;;;;;;;;[0;37;5;43;103mX[0;1;37;97;47m888888888888[0;33;5;43;103m%ttttttt%%%[0;37;5;43;103m8[0;1;37;97;47mXSSSS%[0;30;5;40;100mX[0m    
     [0;36;5;40;100m [0;1;37;97;47m8[0;1;33;93;47mS[0;33;5;43;103mt;;;;;;;;;;[0;1;33;93;47mX[0;1;37;97;47m88888888888[0;1;33;93;47m8[0;33;5;43;103m;;;;;;;;;;t[0;1;37;97;47m888888888888[0;37;5;43;103m8[0;33;5;43;103mttttttt%%%S[0;1;37;97;47mXXSSSSS[0;36;5;40;100m [0m     
      [0;1;30;90;43mX[0;33;5;43;103mttt;;;;;;;[0;37;5;43;103m8[0;1;37;97;47m888888888888[0;33;5;43;103mt;;;;;;;;;;[0;1;33;93;47m8[0;1;37;97;47m88888888888[0;1;33;93;47m@[0;33;5;43;103mtttttttt%%%[0;1;33;93;47mX[0;1;37;97;47mXXSSSSS[0;37;5;40;100m@[0m      
       [0;1;30;90;43m.[0;33;5;43;103mtttt;;;t[0;1;37;97;47m888888888888[0;37;5;43;103mX[0;33;5;43;103m;;;;;;;;;;[0;37;5;43;103m@[0;1;37;97;47m888888888888[0;33;5;43;103m%ttttttt%%%[0;37;5;43;103m8[0;1;37;97;47mXXXSSSSS[0;1;30;90;47m8[0m       
        [0;1;30;90;43m.[0;33;5;43;103mttttt[0;1;33;93;47mX[0;1;37;97;47m88888888888[0;1;33;93;47m8[0;33;5;43;103m;;;;;;;;;;t[0;1;37;97;47m888888888888[0;37;5;43;103m@[0;33;5;43;103mttttttt%%%S[0;1;37;97;47mXXXSSSSSS[0;37;5;40;100m8[0m        
         [0;1;30;90;43m.[0;33;5;43;103mtt[0;37;5;43;103m8[0;1;37;97;47m88888888888[0;1;33;93;47mS[0;33;5;43;103mt;;;;;;;;;t[0;1;33;93;47m8[0;1;37;97;47m8888888888@[0;1;33;93;47m8[0;33;5;43;103mttttttt%%%%[0;1;33;93;47mS[0;1;37;97;47mXXXSSSSS%[0;36;5;40;100m [0m         
          [0;1;30;90;41m8[0;1;37;97;47m%@@@88888888[0;33;5;43;103m%tttttttttt[0;37;5;43;103m8[0;1;37;97;47m888888888@@@[0;33;5;43;103m%tttttt%%%%[0;1;33;93;47m8[0;1;37;97;47mXXXSSSSSS;[0;36;5;40;100m%[0m          
            [0;1;30;90;47m;[0;1;37;97;47m@@@@@@@8[0;37;5;43;103m8[0;33;5;43;103mtttttttttt%[0;1;37;97;47m88888@@@@@@@[0;33;5;43;103m%ttttt%%%%%S[0;1;37;97;47mXXXSSSSSS%[0;1;30;90;47m;[0m            
             [0;36;5;40;100m [0;1;37;97;47mX@@@@[0;1;33;93;47m@[0;33;5;43;103mttttttttttt[0;1;33;93;47m@[0;1;37;97;47m@@@@@@@@@@@[0;1;33;93;47m8[0;33;5;43;103mtttt%%%%%%S[0;1;37;97;47mXXXSSSSSSS%[0;37;5;40;100m%[0m             
              [0;1;30;90;40m8[0;1;30;90;47m;[0;1;37;97;47m@@[0;33;5;43;103m%tttttttttt[0;37;5;43;103m8[0;1;37;97;47m@@@@@@@@@@@[0;1;33;93;47mS[0;33;5;43;103m%t%%%%%%%%%[0;1;33;93;47m8[0;1;37;97;47mXXSSSSSSS%[0;1;30;90;47mt[0;1;30;90;40m8[0m              
                [0;33;5;40;100m8[0;33;5;43;103m@%%%tttttt%[0;1;37;97;47m@@@@@@@@@@@X[0;33;5;43;103mS%%%%%%%%%%[0;37;5;43;103m@[0;1;37;97;47mXSSSSSSS%%:[0;36;5;40;100m.[0m                
                  [0;1;30;90;43m.[0;33;5;43;103mS%%%%%%[0;1;33;93;47mX[0;1;37;97;47mXXXXXXXXXXX[0;37;5;43;103m8[0;33;5;43;103m%%%%%%%%%%S[0;1;37;97;47mSSSSSSSS%%t[0;37;5;40;100mS[0m                  
                    [0;1;30;90;43m.[0;33;5;43;103mS%%[0;1;33;93;47m8[0;1;37;97;47mXXXXXXXXXXX[0;1;33;93;47mX[0;33;5;43;103m%%%%%%%%%%S[0;1;33;93;47m@[0;1;37;97;47mSSSSSS%%%t[0;37;5;40;100mX[0m                    
                      [0;1;30;90;43m;[0;1;37;97;47m;XXXXXXXXXXX[0;33;5;43;103mS%%%%%%%%SS[0;37;5;43;103m8[0;1;37;97;47mSSSSS%%%%;[0;37;5;40;100m%[0m                      
                        [0;36;5;40;100m [0;1;30;90;47m [0;1;37;97;47mSSSSSSS[0;37;5;43;103m@[0;33;5;43;103m%%%SSSSSSSX[0;1;37;97;47mSSS%%%%%%[0;1;30;90;47m.[0;36;5;40;100m [0m                        
                          [0;30;5;40;100m@[0;1;30;90;47m8[0;1;37;97;47m%SS[0;1;33;93;47m@[0;33;5;43;103mSSSSSSSSSSS[0;1;33;93;47m@[0;1;37;97;47m%%%%%%%%[0;1;30;90;47m8[0;30;5;40;100mS[0m                          
                             [0;33;5;40;100m.[0;1;30;90;43m%[0;33;5;43;103mSSSSSSSSSS[0;37;5;43;103m8[0;1;37;97;47m%%%%%%%[0;1;30;90;47mt[0;36;5;40;100m [0m                             
                                [0;1;30;90;43m [0;1;33;93;43m%[0;33;5;43;103mSSSSSX[0;1;37;97;47m%%%%%%[0;1;30;90;47m:[0;36;5;40;100m [0m                                
                                   [0;1;30;90;43m  [0;33;5;43;103m@[0;1;33;93;47mX[0;1;37;97;47m%%%t[0;1;30;90;47mX[0;36;5;40;100m [0m                                   
                                      [0;30;5;40;100m@[0;36;5;40;100m  [0;30;5;40;100mX[0m                                      
