[0;36;5;40;100m [0;1;30;90;47m....      [0;1;37;97;47m                                     [0;1;30;90;47m      .........:::::::::;;;;;;;[0;36;5;40;100m [0m
[0;37;5;40;100m@[0;37;5;47;107m%%%%%%ttttttttttttttttttttttttttttttttttttttttttttt%%%%%%%%SSSSSSSXXXX@@@@@@@@[0;37;5;40;100m8[0m
[0;37;5;40;100m@[0;37;5;47;107m%%%%ttttttttttttttttttttttttttttttttttttttttttttttttt%%%%%%%SSSSSSSXXXX@@@@@@@[0;37;5;40;100m8[0m
[0;37;5;40;100m@[0;37;5;47;107m%%ttttttttttttttttttt;;;;;;;;;;;;;;ttttttttttttttttttt%%%%%%%%SSSSSSXXXX@@@@@@[0;37;5;40;100m8[0m
[0;37;5;40;100m@[0;37;5;47;107m%tttttttttttttttt;;;;;;;;;;;;;;;;;;;;;;;tt@8[0;1;37;97;47m@S[0;37;5;47;107mtttttttttt%%%%%%%SSSSSSXXXX@@@@@[0;37;5;40;100m8[0m
[0;37;5;40;100m@[0;37;5;47;107mtttttttttttttt;;;;;;;;;;;;;;;;;;;;;;;t[0;1;37;97;47mX@[0;1;33;93;47mX[0;1;33;93;43m8[0;1;30;90;42m%%%t[0;37;5;40;100m@[0;37;5;47;107m8ttttttttt%%%%%%%SSSSSSXXXX@@@@[0;37;5;40;100m8[0m
[0;37;5;40;100m8[0;37;5;47;107mtttttttttttt;;;;;;;;;;;;;:::::::;;;[0;1;37;97;47m8[0;1;33;93;47mX[0;33;5;43;103m8[0;33;5;40;100m8t[0;1;30;90;43mX[0;33;5;43;103mX[0;1;30;90;42mS%%%%%[0;36;5;40;100m;[0;1;30;90;47m.[0;37;5;47;107mtttttttt%%%%%%%SSSSSXXXXX@@@[0;37;5;40;100m8[0m
[0;37;5;40;100m8[0;37;5;47;107mtttttttttt;;;;;;;;;;::::::::::::[0;1;37;97;47mS[0;37;5;47;107mt@[0;1;30;90;43m@[0;33;5;43;103m8%X8%S[0;33;42m888888[0;1;30;90;42m8[0;37;5;40;100m8[0;37;5;47;107mttttttttt%%%%%%%SSSSSXXXX@@@[0;37;5;40;100m8[0m
[0;37;5;40;100m8[0;37;5;47;107mttttttttt;;;;;;;;::::::::::::::S[0;35;5;40;100m;[0;37;5;47;107m::[0;36;5;40;100m [0;32;5;40;100m8[0;37;5;40;100mS[0;1;30;90;47m%8[0;1;30;90;42m8@[0;33;5;43;103m::::%[0;1;30;90;43m%[0;33;5;43;103mS[0;32;43m8[0;37;5;47;107m8ttttt[0;1;37;97;47m%[0;37;43m@[0;1;30;90;47mS[0;37;5;47;107m%%%%%%%SSSSSSXXXX@@[0;37;5;40;100m8[0m
[0;37;5;40;100m8[0;37;5;47;107mtttttttt;;;;;;;:::t:::.........:[0;1;30;90;47m8[0;37;5;40;100m;[0;1;30;90;47m88[0;35;5;40;100mt[0;37;5;40;100m;[0;1;31;91;41m8[0;1;30;90;47m8[0;36;5;40;100m.[0;33;42m@[0;33;5;43;103m::::[0;1;30;90;43mS%[0;33;5;43;103mt[0;1;30;90;42mX[0;36;5;40;100m%[0;1;37;97;47mX[0;37;5;47;107mtt8[0;36;5;40;100m [0;1;30;90;43m;:[0;1;30;90;47mS[0;37;5;47;107mSt%%%%%%SSSSSXXXX@@[0;37;5;40;100m8[0m
[0;37;5;40;100m8[0;37;5;47;107mttttttt;;;;;;;S@[0;1;37;97;47m8@[0;1;30;90;47m%[0;37;5;40;100m@[0;37;5;47;107m.[0;1;37;97;47m.[0;37;5;47;107m:..........%8[0;1;37;97;47m;[0;32;5;40;100m@[0;36;5;40;100m;[0;33;5;40;100mS[0;32;5;40;100m@[0;1;30;90;42m88[0;1;33;93;43mX[0;33;5;43;103m:[0;1;33;93;43m8[0;33;5;43;103m:[0;1;33;93;43m8[0;33;5;43;103m8:[0;32;43m8[0;1;30;90;47m8[0;37;5;47;107mtt[0;1;37;97;47mt[0;1;30;90;42mX[0;30;42m@[0;32;43m@[0;33;47m8[0;37;5;47;107m%tt%%%%%%SSSSSSXXXX@[0;37;5;40;100m8[0m
[0;37;5;40;100m8[0;37;5;47;107mtttttt;;;;;;:X[0;33;5;40;100m S[0;33;5;43;103m;[0;1;33;93;43m8[0;37;5;43;103m%[0;1;33;93;43m8[0;1;33;93;47m@[0;1;30;90;43m8[0;1;37;97;47m8[0;37;5;47;107m          [0;1;37;97;47m@[0;37;5;47;107m.:[0;1;37;97;47m8[0;1;30;90;47m%[0;36;5;40;100mt[0;1;30;90;42m88[0;33;42m8[0;1;33;93;43m@[0;33;5;43;103m8X[0;1;30;90;43mX[0;33;5;43;103m%::[0;32;43m8[0;1;30;90;42mS[0;37;5;47;107m@%[0;1;30;90;42m8[0;30;42m%[0;1;30;90;42mt[0;1;30;90;43m;[0;1;37;97;47m:[0;37;5;47;107mtttt%%%%%%SSSSSXXXX@[0;37;5;40;100m8[0m
[0;37;5;40;100m8[0;37;5;47;107mttttt;;;;;;;::[0;1;30;90;47m:[0;1;30;90;43m88888[0;33;5;43;103m@S[0;1;37;97;47mX[0;37;5;47;107m       ;%.[0;33;5;40;100m:[0;1;30;90;43m8[0;37;5;43;103m8@[0;33;5;43;103mtt%%S[0;32;5;40;100m8[0;32;43m@88888[0;1;33;93;43m@[0;1;30;90;43m@[0;37;5;47;107mt[0;1;37;97;47mX[0;1;33;93;43mX[0;1;30;90;43mt[0;1;33;93;43mX[0;1;30;90;43mt[0;1;37;97;47m8[0;37;5;47;107mtttt%%%%%%SSSSSSXXX@[0;37;5;40;100m8[0m
[0;37;5;40;100m8[0;37;5;47;107mttttt;;;;;;::[0;1;37;97;47mt[0;36;5;40;100m.[0;32;5;40;100m@[0;1;30;90;42m8888[0;37;5;43;103m..X[0;1;33;93;47m8[0;1;37;97;47m88[0;37;5;47;107m@%[0;1;37;97;47mt[0;37;5;40;100mt[0;32;5;40;100mSXS[0;36;5;40;100mt[0;1;30;90;43m8[0;37;5;43;103mX[0;33;5;43;103m8[0;37;5;43;103m...:[0;33;5;43;103m;[0;1;30;90;42m888@@XX[0;1;30;90;43m8[0;33;47m8[0;37;5;47;107m;X[0;1;33;93;43m8[0;33;5;43;103m8[0;1;33;93;43m8[0;1;30;90;47m [0;37;5;47;107mtttttt%%%%%%SSSSSXXXX[0;37;5;40;100m8[0m
[0;37;5;40;100m8[0;37;5;47;107mtttt;;;;;;:::;8[0;1;30;90;47mX8[0;36;5;40;100m :[0;1;30;90;42m8[0;37;5;43;103m....@@@[0;1;30;90;43m8[0;36;5;40;100m%%%[0;32;5;40;100mSSS[0;1;30;90;43m8[0;37;5;43;103mX::[0;33;5;43;103mX[0;1;33;93;43m@[0;37;5;43;103m:%[0;1;30;90;42m888@@XX[0;1;30;90;47m%[0;37;5;47;107m;;X[0;33;5;43;103m88[0;1;37;97;47m8[0;37;5;47;107mttttttt%%%%%%SSSSSXXXX[0;37;5;40;100m8[0m
[0;37;5;40;100m8[0;37;5;47;107mtttt;;;;;;::::... .[0;1;37;97;47m%8[0;37;5;43;103m8:X%..[0;1;30;90;43m8[0;36;5;40;100mttt%%[0;32;5;40;100mS[0;1;30;90;43m8[0;37;5;43;103m@X[0;33;5;43;103m@8[0;37;5;43;103mXS[0;33;5;43;103mS[0;1;30;90;42m8888@@@[0;1;37;97;47m8[0;37;5;47;107m;;[0;1;30;90;47m [0;33;5;43;103m;[0;1;30;90;47m [0;37;5;47;107mtttttttt%%%%%%SSSSSXXXX[0;37;5;40;100m8[0m
[0;37;5;40;100m8[0;37;5;47;107mtttt;;;;;;::::...    X[0;1;30;90;43m8[0;33;47m8[0;37;43m@[0;1;30;90;43m88[0;37;43m8[0;33;47m8[0;37;43m8[0;1;30;90;43m8[0;33;47m8[0;37;43m@@@@X[0;1;30;90;43m88[0;37;43mS[0;1;30;90;43m88[0;1;33;93;43mt;;[0;1;30;90;43m@88[0;1;30;90;47m@[0;37;5;47;107m;;;[0;1;30;90;43m8S[0;37;5;47;107mXtttttttt%%%%%%SSSSSXXXX[0;37;5;40;100m8[0m
[0;37;5;40;100m8[0;37;5;47;107mtttt;;;;;;::::...    S%[0;1;37;97;47m:[0;36;5;40;100m [0;1;37;97;47m [0;37;5;40;100m%[0;1;33;93;47m88[0;37;5;43;103m%8...@[0;32;5;40;100mSX@[0;1;30;90;42m888[0;33;42m8[0;37;5;43;103mt[0;33;5;43;103mS[0;37;5;43;103m:[0;33;5;43;103m.[0;33;47m8[0;37;5;47;107m8[0;1;37;97;47m8[0;37;5;47;107m;;;[0;1;30;90;42m8[0;32;5;40;100m8[0;37;5;47;107mttttttttt%%%%%%SSSSSXXXX[0;37;5;40;100m8[0m
[0;37;5;40;100m8[0;37;5;47;107mtttt;;;;;;::::...      :t [0;1;30;90;47mS[0;1;37;97;47mX8[0;37;5;43;103m88.@@[0;33;5;43;103mX[0;32;5;40;100mXX@@[0;1;30;90;42m88[0;33;42m8[0;33;5;43;103m8[0;1;33;93;43m8[0;37;5;43;103m:8[0;37;5;47;107m@;;;;;[0;32;5;40;100mS[0;1;30;90;42m@[0;37;5;47;107m%tttttttt%%%%%%SSSSSXXXX[0;37;5;40;100m8[0m
[0;37;5;40;100m8[0;37;5;47;107mtttt;;;;;;::::....;      %[0;1;30;90;47m;[0;33;47m8[0;37;5;43;103m8[0;37;43m8[0;37;5;43;103m88[0;37;43m@[0;37;5;43;103m:[0;33;5;43;103mX[0;32;5;40;100mXX@8[0;1;30;90;42m888[0;33;5;43;103m@@8[0;1;30;90;47m.[0;37;5;47;107m:;;;;;[0;1;30;90;47m@[0;1;30;90;42m%[0;1;30;90;47mt[0;37;5;47;107mtttttttt%%%%%%SSSSSXXXX[0;37;5;40;100m8[0m
[0;37;5;40;100m8[0;37;5;47;107mtttt;;;;;;:::::..[0;1;37;97;47m@[0;36;5;40;100m [0;37;5;40;100m@[0;1;37;97;47m8[0;37;5;47;107m  S[0;1;30;90;47m [0;1;30;90;43m88[0;37;43m@[0;37;5;43;103m@@@@X[0;37;43m@[0;1;33;93;43mX[0;1;30;90;43m8[0;33;5;40;100m@[0;1;30;90;43m88[0;33;5;40;100m8[0;1;30;90;43m8[0;33;5;40;100m8[0;33;5;43;103m%%X[0;37;43m@[0;37;5;47;107mt;;;;;S[0;32;5;40;100m8[0;1;30;90;43m@[0;37;5;47;107m8ttttttt%%%%%%SSSSSXXXX[0;37;5;40;100m8[0m
[0;37;5;40;100mX[0;37;5;47;107mttttt;;;;;;::::..[0;1;37;97;47m@[0;1;30;90;42m88[0;37;5;43;103m:8[0;1;33;93;47m8[0;37;5;43;103m%...[0;1;30;90;43m8[0;32;5;40;100mSS[0;36;5;40;100mt[0;32;5;40;100mX[0;1;30;90;47mt[0;36;5;40;100m [0;37;5;40;100m8[0;37;5;43;103mX[0;1;33;93;43m8[0;37;5;43;103mt.%[0;33;5;43;103mX@[0;1;30;90;42m88@@[0;37;5;40;100m@[0;37;5;47;107m;;;;;t[0;1;37;97;47mX[0;33;5;43;103mS[0;33;47m8[0;37;5;47;107mttttttt%%%%%SSSSSSXXXX[0;37;5;40;100mX[0m
[0;36;5;40;100m [0;37;5;47;107mttttt;;;;;;;:::::[0;37;5;40;100mX[0;1;30;90;42m8[0;32;5;40;100m8[0;33;5;43;103mS@[0;37;5;43;103m:...%[0;1;30;90;43m8[0;37;5;40;100mS[0;32;5;40;100m%[0;1;37;97;47m [0;1;30;90;47mS[0;37;5;47;107m;.:[0;1;37;97;47m8[0;37;5;43;103mS.:::[0;33;5;43;103m;[0;1;30;90;42m88@@X[0;37;5;40;100mS[0;37;5;47;107mt;;ttt[0;33;47m@[0;33;5;43;103mt[0;1;37;97;47m;[0;37;5;47;107mttttt%%%%%%SSSSSXXXX@[0;36;5;40;100m [0m
[0;30;5;40;100m@[0;37;5;47;107mtttttt;;;;;;;:::[0;37;5;40;100m8[0;36;5;40;100mt[0;1;30;90;42m8[0;33;5;40;100m8[0;33;5;43;103m@[0;37;5;43;103m;S[0;33;5;43;103m8[0;37;5;43;103m;X[0;33;47m8[0;37;5;47;107m; [0;1;37;97;47m8[0;37;5;47;107m.  ...X[0;1;33;93;47mX[0;33;5;43;103mt[0;37;5;43;103m::[0;33;5;43;103m;[0;1;30;90;42m@@@XXS[0;36;5;40;100m;[0;37;5;47;107m8;ttt8[0;33;5;43;103m8[0;1;30;90;43mt[0;37;5;40;100m%[0;37;5;47;107m@ttt%%%%%%SSSSSXXXX@[0;36;5;40;100m%[0m
 [0;37;5;47;107m%tttttt;;;;;;;:;[0;1;37;97;47m8S[0;1;30;90;47m8[0;33;5;40;100m8[0;33;5;43;103m8[0;37;5;43;103m:[0;33;47m8[0;1;37;97;47m8[0;1;30;90;47m;[0;33;5;40;100m [0;37;5;47;107m8..........%[0;1;30;90;47m [0;1;33;93;43m8[0;33;5;43;103mtt[0;1;30;90;42m@@XXSSS[0;1;30;90;43m8[0;1;37;97;47m8[0;37;5;47;107mtttt[0;33;47m8[0;1;30;90;43m;[0;37;5;40;100mX[0;1;37;97;47m8[0;37;5;47;107mtt%%%%%%SSSSSSXXXX@[0m 
 [0;1;37;97;47m;[0;37;5;47;107mttttttt;;;;;;;;:::[0;36;5;40;100m [0;33;5;40;100m [0;1;30;90;47mX[0;37;5;47;107m8.t@.......@[0;1;37;97;47mt[0;1;30;90;47m8[0;36;5;40;100m [0;32;5;40;100mX[0;1;30;90;42m8[0;32;43m8[0;1;30;90;42m@[0;1;30;90;43m@[0;33;5;43;103m%%%%%%X[0;32;43m8[0;1;30;90;42m8[0;37;5;47;107m@ttt[0;1;30;90;47m8[0;1;30;90;43m;[0;1;30;90;47m [0;37;5;47;107m8tt%%%%%%SSSSSXXXX@[0;1;37;97;47mt[0m 
 [0;37;5;40;100mS[0;37;5;47;107mtttttttt;;;;;;;;;:[0;1;37;97;47mX[0;37;5;47;107m@::::::::::@[0;1;33;93;47m8[0;33;5;43;103mt[0;1;33;93;43m%[0;1;30;90;42m88@@@XX[0;1;33;93;43m8[0;33;5;43;103m::::::[0;33;42m8[0;1;30;90;42mt[0;36;5;40;100m [0;37;5;47;107m%tt[0;36;5;40;100m.[0;32;43mt[0;1;30;90;47m;[0;37;5;47;107m8t%%%%%%SSSSSSXXXX@[0;37;5;40;100m@[0m 
  [0;37;5;47;107m%ttttttttt;;;;;;;;;;:::::::::8[0;33;5;43;103mXXS[0;1;33;93;43mS[0;1;30;90;42m@@XXXXX[0;1;30;90;43mS[0;33;5;43;103m::::::[0;33;42m8[0;1;30;90;42m@t[0;32;5;40;100m@[0;37;5;40;100m%[0;32;5;40;100mS[0;1;30;90;42m;[0;33;5;40;100m;[0;37;5;47;107m%t%%%%%%SSSSSSXXXX@@[0;1;30;90;40m8[0m 
  [0;1;30;90;47m;[0;37;5;47;107mttttttttttt;;;;;;;;;;;;;;;;;[0;1;30;90;47m [0;33;5;43;103m:S:[0;1;33;93;43mS[0;1;30;90;42mXXXXSSS[0;1;30;90;43m%[0;33;5;43;103m::::;;[0;33;42m8[0;1;30;90;47m8[0;1;37;97;47m%[0;37;5;40;100mS[0;36;5;40;100m [0;37;5;40;100mt[0;1;30;90;47m;[0;37;5;47;107m%t%%%%%%%SSSSSXXXX@@[0;1;30;90;47m.[0m  
  [0;1;30;90;40m8[0;37;5;47;107m%tttttttttttt;;;;;;;;;;;;;;;[0;1;37;97;47mt[0;1;30;90;43mSSSSSSS%8[0;37;5;40;100m%[0;33;5;40;100m [0;1;30;90;43m%tttt;;t[0;1;37;97;47m8[0;37;5;47;107mtttttt%%%%%%%SSSSSXXXXX@@[0;30;5;40;100m@[0m  
   [0;1;30;90;47mX[0;37;5;47;107mttttttttttttttt;;;;;;;;;;;;;[0;1;30;90;47m8[0;1;30;90;42mSS[0;1;30;90;43mS[0;33;5;43;103m::%[0;1;37;97;47m%[0;37;5;47;107mtt[0;1;30;90;47m:[0;1;30;90;42m%tttt;;[0;1;30;90;43m8[0;37;5;47;107mtttttt%%%%%%SSSSSSXXXXX@@[0;1;30;90;47m%[0m   
    [0;37;5;47;107m8ttttttttttttttttttt;;;;;;;;;[0;37;5;40;100m@[0;1;30;90;42m%[0;1;30;90;43m%[0;33;5;43;103m:S@[0;1;37;97;47m@8[0;37;5;47;107mt[0;33;47m8[0;1;30;90;42mttt;;;;[0;1;30;90;43mX[0;1;37;97;47m8[0;37;5;47;107mttt%%%%%%%SSSSSSSXXXX@@[0;1;37;97;47m8[0m    
    [0;36;5;40;100m%[0;37;5;47;107m%tttttttttttttttttttttttttt[0;1;37;97;47m8[0;32;5;40;100m@[0;1;30;90;42m%[0;1;30;90;43m%[0;33;5;43;103m:%[0;1;33;93;43m8[0;33;5;43;103mX[0;1;37;97;47m%[0;37;5;47;107mt[0;1;37;97;47mS[0;1;30;90;42m%[0;30;42mS[0;1;30;90;42m;;;;:[0;33;5;43;103mX@[0;1;37;97;47m%[0;37;5;47;107m8S[0;1;37;97;47mt[0;37;5;47;107m%%%%%SSSSSSXXXXX@@@[0;36;5;40;100mt[0m    
     [0;36;5;40;100m [0;37;5;47;107m%tttttttttttttttttttttttX[0;1;30;90;47m:[0;32;43m888[0;1;30;90;43mt[0;1;33;93;43m8S[0;33;47m8[0;37;5;47;107m8ttt[0;1;37;97;47m@[0;37;5;40;100m%[0;32;5;40;100m8[0;1;30;90;42mt[0;33;42m888[0;1;33;93;43mS[0;33;5;43;103m@@[0;1;33;93;43m%%X[0;1;37;97;47mX[0;37;5;47;107m%%%SSSSSSXXXXX@@@[0;36;5;40;100m [0m     
      [0;1;30;90;47m8[0;37;5;47;107m%%%ttttttttttttttttttt[0;1;37;97;47mt[0;33;5;43;103m8;;;;[0;1;33;93;43mt[0;1;30;90;42m;[0;30;42mS[0;32;5;40;100m8[0;37;5;47;107m@ttttttS[0;1;37;97;47m@X[0;1;33;93;47mS[0;1;30;90;42mS::[0;30;42m;%[0;1;30;90;42m%[0;1;37;97;47m8[0;37;5;47;107m%SSSSSSSXXXXX@@@[0;1;30;90;47m@[0m      
       [0;1;30;90;47mX[0;37;5;47;107m%%%%tttttttttt[0;1;37;97;47m;[0;37;5;40;100mX[0;1;30;90;47m8[0;36;5;40;100m:[0;37;5;40;100mt[0;36;5;40;100m.[0;1;33;93;43mS[0;33;5;43;103mX%;S[0;33;47m8[0;1;37;97;47m;[0;1;30;90;43m8[0;32;5;40;100m8[0;1;30;90;47mS[0;37;5;47;107m8ttttttt%%%%[0;1;37;97;47m.[0;1;30;90;42m:::::[0;30;42mX[0;33;5;40;100m [0;37;5;47;107m8SSSSXXXXXX@@@[0;1;30;90;47m%[0m       
        [0;1;30;90;47m8[0;37;5;47;107m%%%%%%%ttttt8[0;30;42m8@[0;1;30;90;42m;[0;30;42mt[0;1;30;90;42m;:[0;1;33;93;43mX[0;33;5;43;103m;;;[0;1;30;90;43mX[0;37;5;47;107mtttttttttt%%%%%%%[0;1;37;97;47mX[0;30;42m;[0;1;30;90;42m:::[0;30;42m;X[0;37;5;40;100mX[0;37;5;47;107mXSSSXXXXX@@@@[0;1;30;90;47mX[0m        
         [0;37;5;40;100mX[0;37;5;47;107m%%%%%%%%%%%X[0;1;30;90;47mS[0;36;5;40;100m  [0;30;42m8[0;30;5;40;100m8[0;30;42m%[0;1;30;90;43m8[0;1;33;93;47mS[0;1;30;90;43mS[0;30;5;40;100mX[0;37;5;40;100m8[0;37;5;47;107mttttt%%%%%%%%%%%%[0;36;5;40;100m [0;1;30;90;42m:::t[0;37;5;40;100mtX[0;1;37;97;47mt[0;37;5;47;107mSSXXXXXX@@@@[0;37;5;40;100mX[0m         
          [0;36;5;40;100m;[0;37;5;47;107m8%%%%%%%%%%%%%[0;1;37;97;47m.[0;37;5;40;100mS[0;1;37;97;47m:[0;37;5;47;107mS%%[0;1;30;90;47m8[0;37;5;47;107m8%%%%%%%%%%8[0;37;5;40;100mX[0;36;5;40;100m.[0;37;5;40;100m%[0;36;5;40;100m [0;37;5;40;100mt[0;32;5;40;100mS[0;1;33;93;43mS[0;33;5;43;103mXXX[0;1;30;90;47m%[0;37;5;47;107mSSSXXXXXX@@@@[0;1;37;97;47m8[0;36;5;40;100m:[0m          
            [0;1;37;97;47m:[0;37;5;47;107mS%%%%%%%%%%%%%%%%%%%%%%%%%%%%%[0;1;30;90;47m8[0;30;42m8X%[0;1;30;90;42m:[0;30;42mSt[0;33;5;43;103m@8t%[0;1;30;90;43m@[0;37;5;47;107mSXXXXXX@@@@@[0;1;37;97;47m;[0m            
             [0;37;5;40;100m@[0;37;5;47;107mXSSS%%%%%%%%%%%%%%%%%%%%%%SSS[0;1;37;97;47m.[0;1;30;90;47m@[0;37;5;40;100m8[0;30;5;40;100m8[0;36;5;40;100m:[0;32;40m88[0;1;33;93;43m@[0;1;30;90;43m8[0;37;43mX[0;1;30;90;40m8[0;1;30;90;47m@[0;37;5;47;107mXXXXX@@@@@8[0;37;5;40;100m8[0m             
              [0;30;5;40;100m8[0;1;37;97;47m;[0;37;5;47;107mSSSSSSSSSSSSSSSSSSSSSSSSSSSSS8[0;1;37;97;47m:[0;37;5;47;107mS[0;1;30;90;47m%S[0;1;37;97;47mS[0;37;5;47;107mXX[0;1;30;90;47mX[0;37;5;47;107m@XXX@@@@@@[0;1;37;97;47m:[0;30;5;40;100m8[0m              
                [0;36;5;40;100m [0;1;37;97;47m8[0;37;5;47;107mSSSSSSSSSSSSSSSSSSSSSSSSSSSSXXXXXXXXX@@@@@@@[0;1;37;97;47m8[0;36;5;40;100m [0m                
                  [0;37;5;40;100m8[0;37;5;47;107m@SSSSSSSSSSSSSSSSSSSSSXXXXXXXXXXX@@@@@@@@8[0;37;5;40;100m8[0m                  
                    [0;1;30;90;47m8[0;37;5;47;107m8XXXXXXXXXXXXXXXXXXXXXXXXXXX@@@@@@@@@8[0;1;30;90;47m8[0m                    
                      [0;37;5;40;100m@[0;1;37;97;47m8[0;37;5;47;107mXXXXXXXXXXXXXXXXXXXX@@@@@@@@@@@@[0;1;37;97;47m8[0;37;5;40;100m8[0m                      
                        [0;36;5;40;100m [0;1;37;97;47mS[0;37;5;47;107mXXXXXXXXXXX@@@@@@@@@@@@@@@@@[0;1;37;97;47mS[0;36;5;40;100m [0m                        
                          [0;30;5;40;100mS[0;1;30;90;47m%[0;37;5;47;107m8@@@@@@@@@@@@@@@@@@@@@@8[0;1;30;90;47m;[0;36;5;40;100mt[0m                          
                             [0;36;5;40;100m [0;1;37;97;47m.[0;37;5;47;107m@@@@@@@@@@@@@@@@@@[0;1;37;97;47m:[0;36;5;40;100m [0m                             
                                [0;36;5;40;100m [0;1;37;97;47m;[0;37;5;47;107m@@@@@@@@@@@@[0;1;37;97;47mt[0;37;5;40;100mX[0m                                
                                   [0;36;5;40;100m [0;1;30;90;47m;[0;37;5;47;107m8@@@@8[0;1;30;90;47m.[0;36;5;40;100m [0m                                   
                                      [0;30;5;40;100mS[0;37;5;40;100m@@[0;36;5;40;100m%[0m                                      
