[0;1;30;90;41m8[0;31;43mSSSSSSSSSSSS%%%%%%%%%%%%%%%%%%%%%%%%%%%%%%%%SSSSSSSSSSSSSSSSSSSSSXXXXXXXXXXXXX[0;33;41mX[0m
[0;31;43m8[0;1;33;93;43m..............::::::::::::::::::::::::::::.................[0;1;31;91;43m8888888888888888888[0;33;41m8[0m
[0;31;43m8[0;1;33;93;43m............:::::::::::::::::::::::::::::::::................[0;1;31;91;43m88888888888888888[0;33;41m8[0m
[0;31;43m8[0;1;33;93;43m.........::::::::::::::::::::::::::::::::::::::...............[0;1;31;91;43m8888888888888888[0;33;41m8[0m
[0;31;43m8[0;1;33;93;43m.......::::::::[0;1;30;90;43m8[0;30;5;40;100m8[0;1;30;90;43m@[0;30;5;40;100m@8[0;1;30;90;43m@[0;30;5;40;100m8[0;31;5;40;100mS[0;1;30;90;43m8[0;30;5;40;100m8[0;1;30;90;43m8[0;33;5;43;103m;;;;;;;;;[0;1;33;93;43m;;::::::::::::...[0;1;30;90;43mS[0;1;30;90;40m@[0;1;30;90;43mS[0;31;5;40;100m@[0;1;30;90;40m@[0;1;30;90;43m%[0;1;30;90;40m88[0;1;30;90;43m%[0;1;30;90;40m@[0;1;30;90;43mS[0;1;31;91;43m888888888888888[0;33;41m8[0m
[0;31;43m8[0;1;33;93;43m......::[0;1;30;90;43mX[0;31;5;40;100mS[0;1;31;91;43m8[0;33;5;40;100m8[0;31;5;40;100mS[0;1;30;90;43m@[0;33;5;40;100m8[0;1;30;90;43m8[0;33;5;40;100m8[0;1;30;90;40m88888[0;30;5;40;100m88[0;33;5;40;100m@[0;1;30;90;43m888[0;33;5;40;100m88[0;1;33;93;43m.[0;33;5;40;100m8[0;1;30;90;43m8[0;33;5;43;103m:::;;;[0;1;33;93;43m;:::::[0;1;30;90;43mX[0;31;5;40;100mS[0;1;30;90;43mS[0;33;5;40;100m8[0;31;5;40;100m@[0;1;30;90;43mXX@[0;33;5;40;100m8[0;1;30;90;40mSSSSSSS[0;31;5;40;100mX[0;1;30;90;43mX[0;33;5;40;100m8[0;1;30;90;43mt[0;31;5;40;100m8@[0;1;31;91;43m8[0;31;5;40;100m@[0;1;30;90;43m%[0;1;31;91;43m88888888[0;33;41m8[0m
[0;31;43m8[0;1;33;93;43m....::::[0;1;30;90;43m@[0;1;30;90;40m8@@@88[0;1;30;90;43m8[0;1;33;93;43m.[0;30;5;40;100m8[0;1;30;90;40m88[0;30;5;40;100m8[0;1;30;90;40m88[0;30;5;40;100mX[0;1;33;93;43m;[0;1;30;90;43m8[0;30;5;40;100m88[0;1;30;90;40m8[0;30;5;40;100m88X[0;1;30;90;43m8[0;33;5;43;103m::::::;;[0;1;33;93;43m;;::[0;1;30;90;43mX[0;30;5;40;100m8[0;1;30;90;40m@XSXX[0;1;30;90;43m@[0;1;33;93;43m.[0;1;30;90;40m8[0;34;40m;;[0;1;30;90;40m@[0;34;40m;;[0;1;30;90;40mS[0;1;31;91;43m8[0;1;30;90;43mS[0;1;30;90;40mS%[0;34;40m;;;[0;1;30;90;40mS[0;1;30;90;43m%[0;1;31;91;43m88888888[0;31;43m8[0m
[0;31;43m8[0;1;33;93;43m...::::::[0;1;30;90;43m8[0;1;30;90;40m@@@8[0;31;5;40;100mS[0;1;33;93;43m::[0;30;5;40;100m888[0;36;5;40;100m%[0;30;5;40;100m8@X[0;33;5;43;103m:[0;1;33;93;43m;[0;33;5;40;100mX[0;30;5;40;100m8888[0;1;30;90;43m8[0;33;5;43;103m::::::::::;;[0;1;33;93;43m;:[0;1;30;90;43m8[0;1;30;90;40m@XXS8[0;1;31;91;43m8[0;1;33;93;43m:[0;1;30;90;40m8XX8S@[0;34;40m;[0;1;31;91;43m88[0;31;5;40;100m8[0;34;40m;;;;[0;1;30;90;43mX[0;1;31;91;43m888888888[0;31;43m8[0m
[0;31;43m8[0;1;33;93;43m..:::::::[0;1;30;90;43m8[0;1;30;90;40mSSSX[0;33;5;40;100m8[0;33;5;43;103m:[0;1;33;93;43m;[0;30;5;40;100m888@88S[0;33;5;43;103m::[0;33;5;40;100mX[0;1;30;90;40m8888[0;1;30;90;43m8[0;33;5;43;103m:::::::::::;;[0;1;33;93;43m;[0;1;30;90;43m@[0;1;30;90;40mS[0;34;40m;;;[0;1;30;90;40m8[0;1;33;93;43m::[0;1;30;90;40m8S%S[0;34;40m;[0;1;30;90;40mS[0;34;40m;[0;1;31;91;43m8[0;1;33;93;43m.[0;31;5;40;100m@[0;34;40m....[0;1;30;90;43m%[0;1;31;91;43m888888888[0;31;43m8[0m
[0;31;43m8[0;1;33;93;43m.::::::::[0;1;30;90;43m8[0;1;30;90;40mS88@[0;33;5;40;100m8[0;33;5;43;103m:[0;1;33;93;43m;[0;30;5;40;100m8[0;1;30;90;40m8[0;30;5;40;100m@8@8[0;31;5;40;100mS[0;33;5;43;103m..[0;33;5;40;100mS[0;30;5;40;100m8@@8[0;1;30;90;43m8[0;33;5;43;103m...::::::::::;[0;1;30;90;43m8[0;1;30;90;40mXX@S8[0;1;33;93;43m::[0;1;30;90;40m8[0;34;40m:[0;1;30;90;40mX[0;34;40m;[0;1;30;90;40mS[0;34;40m:;[0;1;31;91;43m8[0;1;33;93;43m.[0;31;5;40;100m@[0;34;40m:;;.[0;1;30;90;43m%[0;1;31;91;43m888888888[0;31;43m8[0m
[0;31;43m8[0;1;33;93;43m.:::::::;[0;1;30;90;43m8[0;1;30;90;40m88@[0;30;5;40;100m8[0;33;5;40;100m@[0;33;5;43;103m:[0;1;33;93;43m;[0;30;5;40;100m@@88@@[0;33;5;40;100m%[0;33;5;43;103m..[0;33;5;40;100m%[0;36;5;40;100m%[0;30;5;40;100m8XX[0;37;43m@[0;33;5;43;103m......::::::::[0;1;30;90;43m8[0;1;30;90;40m@8%88[0;1;33;93;43m::[0;1;30;90;40m8[0;34;40m;[0;1;30;90;40mS[0;34;40m::[0;1;30;90;40mS[0;34;40m;[0;1;31;91;43m8[0;1;33;93;43m.[0;31;5;40;100m@[0;1;30;90;40mS[0;34;40m.:;[0;1;30;90;43mS[0;1;31;91;43m888888888[0;31;43m8[0m
[0;31;43m8[0;1;33;93;43m::::::[0;1;30;90;43m@[0;1;33;93;43m:.[0;1;30;90;43m8[0;30;5;40;100m8[0;1;30;90;40m8@[0;30;5;40;100m@[0;33;5;40;100mS[0;33;5;43;103m:[0;1;33;93;43m:[0;30;5;40;100mSS88X[0;36;5;40;100m%[0;33;5;40;100m;[0;1;33;93;43mt[0;33;5;43;103m.[0;33;5;40;100m;[0;36;5;40;100m;[0;30;5;40;100m@S[0;36;5;40;100mt[0;1;30;90;43m8[0;33;5;43;103mt;[0;37;43mX[0;33;5;43;103m....::::[0;1;30;90;43m8[0;1;33;93;43m::[0;1;30;90;43m8[0;30;5;40;100m8[0;1;30;90;40m8S8[0;30;5;40;100m8[0;1;33;93;43m:[0;1;31;91;43m8[0;30;5;40;100m8[0;1;30;90;40mXS[0;34;40m::[0;1;30;90;40m@X[0;1;30;90;43m%[0;1;33;93;43m.[0;31;5;40;100m@[0;1;30;90;40mX[0;34;40m.:[0;1;30;90;40mX[0;1;30;90;43mX[0;1;31;91;43m88[0;31;43mt[0;1;31;91;43m888888[0;31;43m8[0m
[0;31;43m8[0;1;33;93;43m::::::[0;1;30;90;40m8[0;33;5;40;100m88[0;1;30;90;40mX8[0;30;5;40;100m88@8[0;1;30;90;43m8[0;33;5;40;100mX[0;30;5;40;100m8@XX%X@[0;33;5;40;100mt[0;1;30;90;43m8[0;36;5;40;100mt:tt[0;30;5;40;100mSX[0;33;5;40;100mtt[0;36;5;40;100mt[0;33;5;43;103m......::[0;31;5;40;100mX[0;33;5;40;100m@8[0;1;30;90;40mX@8@[0;30;5;40;100m8[0;1;30;90;40mX[0;1;30;90;43m@[0;33;5;40;100m8[0;34;40m;;[0;1;30;90;40mXSS[0;34;40m;:[0;30;5;40;100m8[0;31;43m@[0;1;30;90;40mSX[0;34;40m;;;.[0;31;5;40;100m8[0;1;30;90;43m%[0;1;30;90;40mS[0;1;31;91;43m888888[0;31;43m8[0m
[0;31;43m8[0;1;33;93;43m::::::[0;1;30;90;43m8[0;30;5;40;100mX888@@S8@@XXSSS[0;36;5;40;100m%ttt; ...::[0;33;5;40;100m.[0;37;43m@[0;33;5;43;103m.......:[0;1;30;90;43m8[0;33;5;40;100mS[0;30;5;40;100m@88888[0;1;30;90;40m@XXXSSS%[0;34;40m;;;;;[0;1;30;90;40m@XXXXS8[0;1;30;90;43m%[0;1;31;91;43m888888[0;31;43m8[0m
[0;31;43m8[0;1;33;93;43m:::::;[0;33;5;43;103m;[0;1;30;90;43m8[0;1;30;90;40mX@@88[0;30;5;40;100m8@SXXSS[0;36;5;40;100m%tt;;.:tt%%[0;30;5;40;100mS[0;36;5;40;100mt[0;33;47m8[0;37;5;43;103mXX[0;33;5;43;103m......::[0;1;33;93;43m:[0;1;30;90;40m8@XXXS88XXXSSS%[0;34;40m;;[0;1;30;90;40mSS[0;34;40m:.....[0;1;30;90;43m%[0;1;31;91;43m8888888[0;31;43m8[0m
[0;31;43m8[0;1;33;93;43m:::::;[0;33;5;43;103m;[0;1;30;90;43m8[0;1;30;90;40mX@@8888[0;30;5;40;100mS88@@XXSS[0;36;5;40;100m%.ttttttt[0;33;47m8[0;37;5;43;103mXXX[0;33;5;43;103m......:[0;1;33;93;43m:[0;1;30;90;40m8@@XXSS8[0;34;40m;;;;:::::[0;1;30;90;40m%[0;34;40m:......[0;1;30;90;43mS[0;1;31;91;43m8888888[0;31;43m8[0m
[0;31;43m8[0;1;33;93;43m:::::;[0;33;5;43;103m;[0;1;30;90;43m8[0;1;30;90;40mX@@888[0;30;5;40;100m8S88@XSSS[0;36;5;40;100m%t ;;;;;t;[0;33;47m8[0;37;5;43;103m@XX[0;33;5;43;103m......:[0;1;33;93;43m:[0;30;5;40;100m8[0;1;30;90;40m@@XXSS8[0;34;40m;;;;;::::[0;1;30;90;40m%[0;34;40m:......[0;1;30;90;43mS[0;1;31;91;43m8888888[0;31;43m8[0m
[0;31;43m8[0;1;33;93;43m:::::;[0;33;5;43;103m;[0;1;30;90;43m8[0;1;30;90;40mX@@8[0;30;5;40;100m8[0;1;30;90;40m8[0;30;5;40;100m8S8@[0;36;5;40;100mt%[0;30;5;40;100m%[0;36;5;40;100mt:tt ;: .;t;[0;33;47m8[0;37;5;43;103m@XX[0;33;5;43;103m......:[0;1;33;93;43m:[0;30;5;40;100m8[0;1;30;90;40m@@@8XS8[0;34;40m;;[0;1;30;90;40m@S[0;34;40m;[0;1;30;90;40mSS[0;34;40m::[0;1;30;90;40m%[0;34;40m::;:...[0;1;30;90;43mS[0;1;31;91;43m8888888[0;31;43m8[0m
[0;31;43m8[0;1;33;93;43m:::::;[0;33;5;43;103m;[0;1;30;90;43m8[0;1;30;90;40mX@[0;30;5;40;100m8[0;1;30;90;40m88[0;30;5;40;100m@8S8[0;36;5;40;100m%[0;30;5;40;100m@XXSS[0;36;5;40;100m:t :.;: t;[0;33;47m8[0;37;5;43;103m@XX[0;33;5;43;103m......:[0;1;33;93;43m:[0;30;5;40;100m8[0;1;30;90;40m@[0;30;5;40;100m8[0;1;30;90;40m8X8@8[0;34;40m;[0;1;30;90;40mXS[0;34;40m;:::[0;1;30;90;40mX[0;34;40m:[0;1;30;90;40m%[0;34;40m;[0;1;30;90;40mS[0;34;40m::[0;1;30;90;40mS[0;34;40m..[0;1;30;90;43mS[0;1;31;91;43m8888888[0;31;43m8[0m
[0;31;43m8[0;1;33;93;43m:::::;[0;33;5;43;103m;[0;1;30;90;43m8[0;1;30;90;40mX@[0;30;5;40;100m8[0;1;30;90;40m888[0;30;5;40;100mXS8[0;36;5;40;100m%[0;30;5;40;100m@@XXS[0;36;5;40;100m:[0;30;5;40;100m%[0;36;5;40;100m..ttt.tt[0;33;47m8[0;37;5;43;103mXX[0;33;5;43;103m.......:[0;1;33;93;43m:[0;1;30;90;40m8@[0;30;5;40;100m8[0;1;30;90;40mXXS88[0;34;40m;[0;1;30;90;40m@[0;34;40m;;:::[0;1;30;90;40mX[0;34;40m:[0;1;30;90;40m%X[0;34;40m:..[0;1;30;90;40mS[0;34;40m..[0;1;30;90;43m%[0;1;31;91;43m8888888[0;31;43m8[0m
[0;31;43m8[0;1;33;93;43m:::::;[0;33;5;43;103m;[0;1;30;90;43m8[0;1;30;90;40mX@[0;30;5;40;100m8[0;1;30;90;40m888[0;30;5;40;100mXX8S8@@XX[0;36;5;40;100m:[0;30;5;40;100mS[0;36;5;40;100m::[0;30;5;40;100m%%%[0;36;5;40;100m:[0;30;5;40;100mS[0;36;5;40;100m%[0;37;43m8[0;37;5;43;103mX[0;33;5;43;103m.......::[0;1;33;93;43m:[0;1;30;90;40m8@[0;30;5;40;100m8[0;1;30;90;40mXSS88[0;34;40m;[0;1;30;90;40m@[0;34;40m;::::[0;1;30;90;40mX[0;34;40m:[0;1;30;90;40m%X[0;34;40m:..[0;1;30;90;40mS[0;34;40m..[0;1;30;90;43m%[0;1;31;91;43m8888888[0;31;43m8[0m
[0;33;41m8[0;1;33;93;43m::::::[0;1;30;90;43m8[0;33;5;40;100m8[0;30;5;40;100m8888@@SX@SXXSS%[0;36;5;40;100m;t:.::::::[0;33;5;40;100m;[0;37;43m@[0;33;5;43;103m......::[0;1;30;90;43m8[0;33;5;40;100m@[0;30;5;40;100m8888[0;1;30;90;40m88[0;30;5;40;100m8[0;1;30;90;40m8X@XSS%[0;34;40m;[0;1;30;90;40mX[0;34;40m;[0;1;30;90;40mS@XSSSSS[0;30;5;40;100m8[0;1;30;90;43m%[0;1;31;91;43m888888[0;33;41m8[0m
[0;33;41m@[0;1;33;93;43m::::::[0;31;5;40;100mSXXXSS[0;33;5;40;100m8[0;30;5;40;100mS888@@XXSSSS%[0;36;5;40;100m%[0;33;5;40;100m:%%%%%St[0;33;5;43;103m.....:::[0;33;5;40;100m@8[0;31;5;40;100mSSXXX[0;30;5;40;100m@[0;1;30;90;40m@XXXSSS%[0;34;40m;;;;;[0;1;30;90;40m@[0;31;40m888888[0;30;5;40;100m8[0;1;31;91;43m888888[0;33;41m@[0m
[0;31;40m8[0;1;33;93;43m:::::::;[0;33;5;43;103m;;:::[0;1;33;93;43m.[0;37;43m%SSSSSXXXX@@@@[0;33;5;43;103m...........::::::::;[0;1;33;93;43m;:[0;1;31;91;43m8[0;1;30;90;43mXS[0;1;31;91;43m888888888888[0;1;33;93;43m...[0;1;31;91;43m8888888888[0;30;41m8[0m
 [0;1;33;93;43m.:::::::;[0;33;5;43;103m;;:::::::::.................:::::::::;[0;1;33;93;43m;::::::::............[0;1;31;91;43m8888888888[0m 
 [0;31;43mt[0;1;33;93;43m.:::::::;;[0;33;5;43;103m;:::::::::::...........[0;33;5;40;100mX[0;1;30;90;43m88[0;33;5;40;100m8[0;1;30;90;43m88[0;33;5;40;100m8[0;1;30;90;43m88[0;33;5;40;100m8[0;33;5;43;103m:;[0;1;33;93;43m;::::::::............[0;1;31;91;43m8888888888[0;31;43mt[0m 
 [0;33;41m8[0;1;33;93;43m.:::::::::;[0;33;5;43;103m;;:::::::::::::[0;1;30;90;43m88[0;37;43mS[0;1;30;90;43m88[0;1;33;93;43m:[0;1;30;90;43m88[0;30;5;40;100m@888[0;1;30;90;40m888[0;30;5;40;100m8[0;1;30;90;43m88[0;1;31;91;43m8[0;1;30;90;43m8@XX@[0;1;33;93;43m.::............[0;1;31;91;43m88888888888[0;31;43m8[0m 
  [0;1;33;93;43m...::::::::;;[0;33;5;43;103m;;:::::::::::[0;33;5;40;100mX[0;30;5;40;100mX[0;31;5;40;100mS[0;30;5;40;100m8@[0;31;5;40;100mS[0;30;5;40;100mX[0;1;33;93;43m:[0;33;5;40;100m@[0;1;30;90;40m88[0;30;5;40;100m88[0;1;30;90;40m88[0;33;5;40;100m8[0;1;33;93;43m.[0;30;5;40;100m88[0;1;30;90;40m8X[0;30;5;40;100m8[0;1;30;90;40m8[0;30;5;40;100m8[0;1;33;93;43m.:.............[0;1;31;91;43m88888888888[0;31;40mS[0m 
  [0;31;43mX[0;1;33;93;43m...:::::::::;;[0;33;5;43;103m;;:::::::::[0;1;33;93;43m:[0;30;5;40;100mX[0;1;30;90;40m8888[0;1;30;90;43m8[0;33;5;43;103m:[0;1;30;90;43m8[0;1;30;90;40mX[0;30;5;40;100mX888[0;1;30;90;40mX[0;1;30;90;43m8[0;1;33;93;43m:[0;1;30;90;43m8[0;1;30;90;40m@XXX8[0;1;31;91;43m8[0;1;33;93;43m:.............[0;1;31;91;43m88888888888[0;31;43mS[0m  
  [0;31;40mX[0;1;33;93;43m....:::::::::::;;[0;33;5;43;103m;;;;:::::[0;31;5;40;100mX[0;1;30;90;40mXXXX[0;1;30;90;43m8[0;33;5;43;103m;[0;1;30;90;43m8[0;1;30;90;40mX[0;30;5;40;100m@[0;1;30;90;40m88[0;30;5;40;100m8[0;1;30;90;40mS[0;1;30;90;43m8[0;1;33;93;43m:[0;1;30;90;43mX[0;1;30;90;40m%[0;34;40m;;:[0;1;30;90;40m8[0;1;33;93;43m:.............[0;1;31;91;43m888888888888[0;31;40m8[0m  
   [0;31;43m@[0;1;33;93;43m.....:::::::::::::;;;[0;33;5;43;103m;;;;[0;31;5;40;100m@[0;1;30;90;40mS@XS[0;1;30;90;43m8[0;1;33;93;43m;[0;1;30;90;43m8[0;1;30;90;40mSX@@X[0;34;40m;[0;1;30;90;43m@[0;1;33;93;43m:[0;1;30;90;43mX[0;34;40m;;[0;1;30;90;40mS[0;34;40m:[0;1;30;90;40m8[0;1;33;93;43m.............[0;1;31;91;43m888888888888[0;31;43m@[0m   
    [0;1;31;91;43m8[0;1;33;93;43m......::::::::::::::::::[0;31;5;40;100m@[0;1;30;90;40m8S@X[0;1;30;90;43m8[0;1;33;93;43m:[0;1;30;90;43m8[0;34;40m;[0;1;30;90;40m8[0;34;40m;;[0;1;30;90;40m@[0;34;40m;[0;1;30;90;43m@[0;1;33;93;43m:[0;1;30;90;43mX[0;1;30;90;40m%X[0;34;40m:[0;1;30;90;40mX8[0;1;33;93;43m............[0;1;31;91;43m8888888888888[0m    
    [0;30;41m8[0;1;33;93;43m........::::::::::::::::[0;30;5;40;100m8[0;1;30;90;40m8[0;34;40m;[0;1;30;90;40mS@[0;1;30;90;43m@[0;1;33;93;43m:[0;1;30;90;43m8[0;34;40m;[0;1;30;90;40m@[0;34;40m;;[0;1;30;90;40m@[0;34;40m;[0;1;30;90;43m@[0;1;33;93;43m:[0;1;30;90;43mX[0;1;30;90;40mS[0;34;40m;:[0;1;30;90;40mX8[0;1;33;93;43m..........[0;1;31;91;43m88888888888888[0;30;41m8[0m    
     [0;33;41m8[0;1;33;93;43m..........:::::::::[0;1;30;90;43m8[0;30;5;40;100m8[0;1;30;90;43mX[0;1;30;90;40m8S8X@@[0;33;5;40;100m8[0;1;30;90;43mS[0;1;30;90;40m8S8SS@[0;34;40m;[0;1;30;90;40mX[0;1;30;90;43mS[0;33;5;40;100m8[0;1;30;90;40mSX[0;34;40m;[0;1;30;90;40m@[0;34;40m;[0;1;30;90;40mX[0;1;30;90;43m%[0;31;5;40;100m8[0;1;30;90;43mS[0;1;33;93;43m.....[0;1;31;91;43m88888888888888[0;33;41m8[0m     
      [0;31;43m8[0;1;33;93;43m..............::::[0;1;30;90;43mS[0;31;5;40;100mX[0;1;30;90;40mXXXXX@X[0;34;40m;;;;;;::::::;[0;1;30;90;40mXSSSS%[0;31;5;40;100m8[0;1;30;90;43m%[0;1;33;93;43m...[0;1;31;91;43m888888888888888[0;31;43m8[0m      
       [0;31;43m@[0;1;33;93;43m..................[0;1;31;91;43m8[0;31;5;40;100m@[0;34;40m;;;;;[0;1;30;90;40m@@XXXXXXXXXX@X[0;34;40m;;;;:[0;30;5;40;100m8[0;1;31;91;43m8[0;1;33;93;43m..[0;1;31;91;43m8888888888888888[0;31;43m@[0m       
        [0;31;43m8[0;1;33;93;43m..................[0;31;5;40;100m@[0;34;40m::::::[0;1;30;90;40mX[0;34;40m:::::::...[0;1;30;90;40mX[0;34;40m......[0;1;30;90;40m8[0;1;33;93;43m.[0;1;31;91;43m88888888888888888[0;31;43m8[0m        
         [0;33;41m8[0;1;33;93;43m.................[0;31;5;40;100m@[0;34;40m::::::[0;1;30;90;40mS[0;34;40m::........[0;1;30;90;40mS[0;34;40m......[0;1;30;90;40m8[0;1;31;91;43m88888888888888888[0;33;41m8[0m         
          [0;30;41m8[0;1;31;91;43m8[0;1;33;93;43m...............[0;31;5;40;100m@[0;34;40m...::.[0;1;30;90;40mS[0;34;40m..:;;;;:..[0;1;30;90;40mS[0;34;40m......[0;1;30;90;40m8[0;1;31;91;43m8888888888888888[0;30;41m8[0m          
            [0;31;43m%[0;1;33;93;43m..............[0;31;5;40;100m8[0;34;40m.:[0;1;30;90;40mS[0;34;40m;;;[0;1;30;90;40mS[0;34;40m..[0;1;30;90;40mS[0;34;40m....[0;1;30;90;40mS[0;34;40m..[0;1;30;90;40mS[0;34;40m;;;;:.[0;1;30;90;40m8[0;1;31;91;43m88888888888888[0;31;43m%[0m            
             [0;31;43m8[0;1;31;91;43m888[0;1;33;93;43m..........[0;31;5;40;100m8[0;34;40m.[0;1;30;90;40mS[0;34;40m...[0;1;30;90;40mSS[0;34;40m..[0;1;30;90;40mS[0;34;40m....;:.[0;1;30;90;40mSS[0;34;40m...[0;1;30;90;40mS[0;34;40m.[0;1;30;90;40m8[0;1;31;91;43m8888888888888[0;31;43m8[0m             
              [0;31;40m@[0;31;43m%[0;1;31;91;43m8888888888[0;1;33;93;43m.[0;31;5;40;100m8[0;34;40m.[0;1;30;90;40mS[0;34;40m...[0;1;30;90;40mSS[0;34;40m..[0;1;30;90;40mS[0;34;40m....;..[0;1;30;90;40mS%[0;34;40m...[0;1;30;90;40m%[0;34;40m.[0;31;40m8[0;1;31;91;43m88888888888[0;31;43m%[0;31;40m@[0m              
                [0;33;41m@[0;1;31;91;43m888888888[0;31;43m%[0;1;30;90;40m@[0;34;40m;;;;;;[0;1;30;90;40m@[0;34;40m;;[0;1;30;90;40mS[0;34;40m;:::[0;1;30;90;40mS[0;34;40m;:[0;1;30;90;40m@[0;34;40m;:::;:[0;31;40m%[0;31;43mS[0;1;31;91;43m888888888[0;33;41m@[0m                
                  [0;31;43m8[0;1;31;91;43m888888[0;1;30;90;43mS[0;1;30;90;40mSSSSSS@S[0;34;40m;:::::::::::[0;1;30;90;40mSX[0;34;40m;;;;;;[0;1;30;90;43m%[0;1;31;91;43m888888[0;31;43m8[0m                  
                    [0;31;43m8[0;1;31;91;43m888888888888[0;31;43m@@@@@@@@@@@@@@t[0;1;31;91;43m88888888888[0;31;43m8[0m                    
                      [0;33;41m8[0;1;31;91;43m8888888888888888888888888888888888[0;31;43m8[0m                      
                        [0;33;41m8[0;1;31;91;43m888888888888888888888888888888[0;33;41m8[0m                        
                          [0;31;40m8[0;31;43m@[0;1;31;91;43m888888888888888888888888[0;31;43mX[0;30;41m8[0m                          
                             [0;33;41m8[0;31;43mS[0;1;31;91;43m888888888888888888[0;31;43mS[0;33;41m8[0m                             
                                [0;33;41m8[0;31;43m%[0;1;31;91;43m888888888888[0;31;43m%[0;33;41m8[0m                                
                                   [0;33;41m@[0;31;43mX[0;1;31;91;43m888888[0;31;43mX[0;33;41m8[0m                                   
                                      [0;31;40m8[0;33;41m88[0;30;41m8[0m                                      
