[0;1;30;90;43m................:::::::::::::::::::::::::::....................                [0;31;43m8[0m
[0;1;30;90;43m.[0;33;5;43;103mtttttt;;;;;;;;;;;;;;;;;;;;;;;;;;;;;;;;;;;;;;;;;;;;;tttttttttttt%%%%%%%SSSSSSSS[0;1;30;90;43m [0m
[0;1;30;90;43m.[0;33;5;43;103mtttt;;;;;;;;;;;;;;;;;;;;;;;;;;;;;;;;;;;;;;;;;;;;;;;;;ttttttttttt%%%%%%%SSSSSSS[0;1;30;90;43m [0m
[0;1;30;90;43m:[0;33;5;43;103mtt;;;;;;t;;;;;;;;;;;;;;;;;;;;;;;;;;;;;;;;;;;;;;;;t;;;;ttttttttttt%%%%S%%SSSSSS[0;1;30;90;43m [0m
[0;1;30;90;43m:[0;33;5;43;103mt;;;;;;;[0;1;30;90;43m88[0;33;5;43;103m;;;;;;;;;;;;;;;;;;[0;37;43m88[0;33;5;43;103m;;;;;;;;;;;;;;;;;;[0;37;43mX[0;1;30;90;43m8[0;33;5;43;103m;;;;;;tttttttttt%%[0;1;30;90;43m88[0;33;5;43;103m%%%SSSSS[0;1;30;90;43m [0m
[0;1;30;90;43m:[0;33;5;43;103m;;;;;;;%[0;1;30;90;45mSX[0;33;5;43;103mt;;;;;;;;;;::::::t[0;1;30;90;45m88[0;33;5;43;103mt:::::;;;;;;;;;;;t[0;1;30;90;45m@t[0;33;5;43;103mS;;;;;;tttttttttt%[0;1;30;90;45mS;[0;33;5;43;103mX%%%SSSS[0;1;30;90;43m [0m
[0;1;30;90;43m:[0;33;5;43;103m;;;;;;;[0;33;5;40;100m:[0;1;30;90;45mtt[0;33;5;40;100m.[0;33;5;43;103m;;;;;;;:::::::::[0;1;30;90;47m8[0;1;30;90;45m@@[0;1;30;90;47m8[0;33;5;43;103m::::::::;;;;;;;;[0;1;30;90;43m8[0;1;30;90;45mt;[0;35;5;40;100m.[0;33;5;43;103m;;;;;;;ttttttttt[0;1;30;90;43m8[0;1;30;90;45m::[0;35;5;40;100m;[0;33;5;43;103m%%%%SSS[0;1;30;90;43m.[0m
[0;1;30;90;43m:[0;33;5;43;103mt[0;37;43mS[0;35;5;40;100mtSS%%[0;1;30;90;45m%t%S[0;35;5;40;100mtt;;.[0;37;43m8[0;33;5;43;103m;::;[0;33;47m8[0;35;5;40;100m ....[0;1;30;90;45m8888[0;35;5;40;100m.... [0;33;47m8[0;33;5;43;103m;::;[0;37;43m@[0;35;5;40;100m.;ttt[0;1;30;90;45mXttt[0;35;5;40;100mSSSS%[0;1;30;90;43m8[0;33;5;43;103mt;tt[0;37;43mS[0;35;5;40;100mtXXXX[0;1;30;90;45mt:::[0;35;5;40;100m@@@@X[0;1;30;90;43m8[0;33;5;43;103mS[0;1;30;90;43m.[0m
[0;1;30;90;43m:[0;33;5;43;103m;;%[0;1;30;90;43m8[0;1;30;90;45m@ttt%%%SS8[0;33;47m8[0;33;5;43;103mt::::::;[0;33;47m8[0;1;30;90;45m8888888888[0;33;47m8[0;33;5;43;103m;::::::;[0;37;43m8[0;1;30;90;45m8S%%%ttt;X[0;1;30;90;43m8[0;33;5;43;103m%;;;;tt%[0;1;30;90;43m8[0;1;30;90;45m@:::::::.%[0;1;30;90;43m8[0;33;5;43;103mXSS[0;1;30;90;43m.[0m
[0;1;30;90;43m:[0;33;5;43;103m;;;;;[0;1;30;90;43m8[0;1;30;90;45mt%%%SS[0;33;47m8[0;33;5;43;103m;::::::::.[0;37;5;43;103m%S[0;33;47m8[0;1;30;90;45m888888[0;33;47m8[0;37;5;43;103m%[0;33;5;43;103m.:::::::::;[0;37;43m8[0;1;30;90;45mS%%%tt[0;33;5;40;100m.[0;33;5;43;103mt;;;;;;;tttt[0;1;30;90;43m8[0;1;30;90;45m::::::[0;33;5;40;100mt[0;33;5;43;103mS%%SS[0;1;30;90;43m.[0m
[0;1;30;90;43m:[0;33;5;43;103m;;;;;[0;1;30;90;45m8%%@@SX[0;35;5;40;100m;[0;33;5;43;103m::::::.[0;37;5;43;103m%%SSS[0;1;30;90;47m8[0;1;30;90;45m888888[0;1;30;90;47m8[0;37;5;43;103mSS%%[0;33;5;43;103m.:::::::[0;35;5;40;100m [0;1;30;90;45mSSX@%t8[0;33;5;43;103m;;;;;;;;tttt[0;35;5;40;100mt[0;1;30;90;45m::t%::8[0;33;5;43;103m%%%%S[0;1;30;90;43m.[0m
[0;1;30;90;43m:[0;33;5;43;103m;;;;[0;37;43mX[0;1;30;90;45m%8[0;37;43m8[0;33;5;43;103m;;[0;37;43m8[0;1;30;90;45m8@[0;33;47m8[0;33;5;43;103m:::.[0;37;5;43;103m%%SSSS[0;1;33;93;47m8[0;1;30;90;45m8[0;37;45m8[0;33;47m8[0;37;5;43;103mXX[0;33;47m8[0;1;30;90;45m88[0;1;33;93;47m8[0;37;5;43;103mSSS%%[0;33;5;43;103m:::::S[0;1;30;90;45mX8[0;37;43m8[0;33;5;43;103mt;[0;37;43m@[0;1;30;90;45m8t[0;37;43m@[0;33;5;43;103m;;;;;;;;tt[0;1;33;93;43m%[0;1;30;90;45m:X[0;1;30;90;43m8[0;33;5;43;103mS%[0;1;30;90;43m8[0;1;30;90;45m8:[0;1;30;90;43m8[0;33;5;43;103m%%%S[0;1;30;90;43m.[0m
[0;1;30;90;43m:[0;33;5;43;103m;;;t[0;33;5;40;100m [0;37;43mX[0;33;5;43;103m;;;:::[0;33;47m8[0;1;30;90;47m8[0;33;5;43;103m::[0;37;5;43;103m%%SSSSSX[0;1;30;90;47m8[0;1;33;93;47m8[0;37;5;43;103mXXXXXX[0;1;33;93;47m8[0;1;30;90;47m8[0;37;5;43;103mXSSSS%[0;33;5;43;103m.:::[0;1;30;90;47m8[0;37;43m8[0;33;5;43;103m;:;;;;[0;1;33;93;43mS[0;33;5;40;100m.[0;33;5;43;103mt;;;;;;;tt[0;33;5;40;100m;[0;1;30;90;43m8[0;33;5;43;103mttttt%[0;1;33;93;43mt[0;33;5;40;100mt[0;33;5;43;103mS%%S[0;1;30;90;43m.[0m
[0;1;30;90;43m:[0;33;5;43;103m;;;;;;;;:::::::[0;37;5;43;103m%%SSSSXXXXXXXXXXXXXXXSSSS%[0;33;5;43;103m.:::::::;;;;;;;;;;;;;;tttttttt%%%%%%%[0;1;30;90;43m.[0m
[0;1;30;90;43m:[0;33;5;43;103m;;;;;;;;::::::.[0;37;5;43;103m%SSSSXXXXXXXXXXXXXXXXXSSSS%[0;33;5;43;103m:::::::;;;;;;;;;;;;;;ttttttttt%%%%%%[0;1;30;90;43m.[0m
[0;1;30;90;43m:[0;33;5;43;103m;;;;;;;:::::::[0;37;5;43;103m%SSSX@XXXXXXXXXXXXXXXXXXXXS%[0;33;5;43;103m.::::::;;;;;;;;;%%;;;ttttttttt%%%%%%[0;1;30;90;43m.[0m
[0;1;30;90;43m:[0;33;5;43;103m;;;;;;;:::::::[0;37;5;43;103m%SSS[0;1;30;90;47m88[0;37;5;43;103mXXXXXXXXXXXXXXXXXX[0;1;30;90;47m88[0;37;5;43;103mSS%[0;33;5;43;103m:::::::;;;;;;;;[0;33;5;40;100m::[0;33;5;43;103m;;;ttttttttt%%%%%%[0;1;30;90;43m.[0m
[0;1;30;90;43m:[0;33;5;43;103m;;;;;;;:::::::[0;37;5;43;103m%SS@[0;1;30;90;45m88[0;37;5;43;103m8XXXXXXXXXXXXXXXX@[0;1;30;90;45m88[0;37;5;43;103m@S%[0;33;5;43;103m:::::::;;;;;;;S[0;1;30;90;45mt;[0;33;5;43;103mX;;ttttttttt%%%%%%[0;1;30;90;43m.[0m
[0;1;30;90;43m:[0;33;5;43;103m;;;;;;;:::::::[0;37;5;43;103m%SS[0;1;30;90;47m8[0;1;30;90;45m88[0;1;30;90;47m8[0;37;5;43;103mXXXXXXXXXXXXXXXX[0;1;30;90;47m8[0;1;30;90;45m88[0;1;30;90;47m8[0;37;5;43;103mS%[0;33;5;43;103m:::::::;;;;;;;[0;35;5;40;100m.[0;1;30;90;45m;:[0;35;5;40;100m%[0;33;5;43;103m;;ttttttttt%%%%%%[0;1;30;90;43m.[0m
[0;1;30;90;43m:[0;33;5;43;103m;;;;;;;::::[0;33;47m8[0;35;5;40;100m:[0;1;30;90;45m8888888888[0;37;45m@8[0;1;30;90;47mX[0;1;33;93;47m@[0;37;5;43;103m@XX@[0;1;33;93;47m8[0;1;30;90;47m@[0;1;30;90;45m8888888888888[0;33;47m8[0;33;5;43;103m;:;;[0;37;43m@[0;1;30;90;45m8S%%%;;::;;;t8[0;1;30;90;43m8[0;33;5;43;103m%tttt%%%%%%[0;1;30;90;43m.[0m
[0;1;30;90;43m:[0;33;5;43;103m;;;;;;;;:::::[0;37;5;43;103m@[0;1;30;90;47m8[0;1;30;90;45m88888888[0;1;30;90;47m8[0;1;33;93;47m8[0;37;5;43;103mXXXXXXXX8[0;1;30;90;47m8[0;1;30;90;45m88888888[0;1;30;90;47m8[0;37;5;43;103m@[0;33;5;43;103m::::;;;;[0;1;33;93;43mX[0;35;5;40;100m.[0;1;30;90;45m%;;;:::;[0;35;5;40;100m;[0;1;33;93;43m%[0;33;5;43;103mttttttt%%%%%%[0;1;30;90;43m.[0m
[0;1;30;90;43m:[0;33;5;43;103m;;;;;;;;:::::::[0;33;47m8[0;1;30;90;45m888888[0;33;47m8[0;37;5;43;103mXXXXXXXXXXXX[0;33;47m8[0;1;30;90;45m888888[0;33;47m8[0;33;5;43;103m:::::;;;;;;;[0;37;43mX[0;1;30;90;45m;;::::[0;1;30;90;43m8[0;33;5;43;103mtttttttt%%%%%%%[0;1;30;90;43m.[0m
[0;1;30;90;43m:[0;33;5;43;103m;;;;;;;;;::::::[0;1;30;90;45m8888[0;1;30;90;47m8[0;1;30;90;45m888[0;37;5;43;103mXXXXXXXXXXSX[0;1;30;90;45m8888[0;35;5;40;100m [0;1;30;90;45m888[0;33;5;43;103m;::::;;;;;;;[0;1;30;90;45m8;;88::@[0;33;5;43;103mtttttttt%%%%%%S[0;1;30;90;43m.[0m
[0;31;40m8[0;33;5;43;103m;;;;;;;;;;::::[0;33;47m8[0;1;30;90;45m8[0;1;30;90;47m8[0;37;5;43;103m@%%@[0;1;30;90;47m8[0;1;30;90;45m8[0;33;47m8[0;37;5;43;103mSSSSSSSSSS[0;33;47m8[0;1;30;90;45m8[0;1;30;90;47m8[0;37;5;43;103m@[0;33;5;43;103m.:[0;37;5;43;103mX[0;1;30;90;47m8[0;1;30;90;45m8[0;33;47m8[0;33;5;43;103m:::;;;;;;;[0;1;30;90;43m8[0;1;30;90;45mt[0;35;5;40;100m.[0;33;5;43;103mX;;X[0;33;5;40;100m.[0;1;30;90;45m;[0;1;30;90;43m8[0;33;5;43;103mttttttt%%%%%%S[0;30;41m8[0m
 [0;33;5;43;103mt;;;;;;;;;;::;[0;33;47m8[0;33;5;43;103mt::::[0;37;5;43;103m%%X[0;33;47m8[0;37;5;43;103mSSSSSSSSSS[0;33;47m8[0;37;5;43;103mX[0;33;5;43;103m.:::::t[0;33;47m8[0;33;5;43;103m;:;;;;;;;;[0;1;30;90;43m8[0;33;5;43;103m%;;;;;t%[0;1;30;90;43m8[0;33;5;43;103mtttttt%%%%%%%S[0m 
 [0;1;33;93;43mS[0;33;5;43;103m;;;;;;;;;;;:::::::::::.[0;37;5;43;103m%%%%%%%%%[0;33;5;43;103m.:::::::::::;;;;;;;;;;;;;;;;ttttttttt%%%%%%S[0;1;33;93;43mS[0m 
 [0;1;30;90;43m:[0;33;5;43;103m;;;;;;;;;;;;;:::::::::::::::::::::::::::::;;;;;;;;;;;;;;;;;ttttttttt%%%%%%%S[0;1;30;90;43m.[0m 
  [0;33;5;43;103mt;;;;;;;;;;;;;;::::::::::::%%:::::::::::;;;;;;;SS;;;;;;;;;ttttttttt%%%%%%%SS[0;31;40mS[0m 
  [0;1;30;90;43m.[0;33;5;43;103m;;;;;;;;;;;;;;;;::::::::::[0;35;5;40;100m :[0;33;5;43;103m::::::::;;;;;;;;;;[0;35;5;40;100m;S[0;33;5;43;103m;;;;;;;;tttttttttt%%%%%%SS[0;1;30;90;43m [0m  
  [0;31;40mX[0;33;5;43;103mt;;;;;;;;;;;;;;;;;;;;::::X[0;1;30;90;45mXX[0;37;43m@[0;33;5;43;103m:::;;;;;;;;;;;;;[0;1;33;93;43mS[0;1;30;90;45m;;[0;1;33;93;43mt[0;33;5;43;103m;;;;;;tttttttttt%%%%%%%SS[0;31;40m8[0m  
   [0;1;30;90;43m.[0;33;5;43;103m;;;;;;;;;;;;;;;;;;XXXXXX[0;1;30;90;45m8SS8[0;33;5;43;103mXXXXXX;;;;X[0;1;33;93;43mXXXXX[0;1;30;90;45m8;;8[0;1;33;93;43mSSSSSS[0;33;5;43;103mttttttttt%%%%%%%SS[0;1;30;90;43m [0m   
    [0;33;5;43;103mX;;;;;;;;;;;;;;;;;%[0;33;5;40;100m.[0;1;30;90;45mX%%%%%%%%%%X[0;33;5;40;100m [0;33;5;43;103mS;;;;%[0;33;5;40;100m:[0;1;30;90;45mS;;;;::::::t[0;33;5;40;100m:[0;33;5;43;103mXtttttttt%%%%%%%SS@[0m    
    [0;30;41m8[0;33;5;43;103mt;;;;;;;;;;;;;;;;;;t[0;37;43m@[0;1;30;90;45m8tttttt8[0;37;43m@[0;33;5;43;103mt;;;;;;;;t[0;1;30;90;43m8[0;1;30;90;45m8::::::8[0;1;30;90;43m8[0;33;5;43;103m%ttttttttt%%%%%%%SSS[0;30;41m8[0m    
     [0;1;30;90;43m.[0;33;5;43;103mt;;;;;;;;;;;;;;;;;;;[0;1;30;90;43m8[0;1;30;90;45mtttttt[0;1;30;90;43m8[0;33;5;43;103m;;;;;;;;;;;;[0;1;30;90;43m8[0;1;30;90;45m::::::[0;1;30;90;43m8[0;33;5;43;103mttttttttt%%%%%%%%SSS[0;1;30;90;43m.[0m     
      [0;1;30;90;43m.[0;33;5;43;103mttt;;;;;;;;;;;;;;;t[0;1;30;90;45mX;S[0;1;30;90;43m88[0;1;30;90;45mX;%[0;33;5;43;103m%;;;;;;;;;;%[0;1;30;90;45mS:%[0;1;30;90;43m88[0;1;30;90;45mS:t[0;33;5;43;103mSttttttt%%%%%%%%SSS[0;1;30;90;43m [0m      
       [0;1;30;90;43m.[0;33;5;43;103mtttt;;;;;;;;;;;;;[0;33;5;40;100m;[0;1;30;90;45m8[0;1;30;90;43m8[0;33;5;43;103mt;;t[0;37;43mX[0;1;30;90;45m8[0;33;5;40;100m.[0;33;5;43;103m;;;;;;;;;;[0;33;5;40;100m;[0;1;30;90;45m8[0;1;30;90;43m8[0;33;5;43;103mtttt[0;1;30;90;43m8[0;1;30;90;45m8[0;33;5;40;100m:[0;33;5;43;103mttttt%%%%%%%%%SSS[0;1;30;90;43m [0m       
        [0;1;30;90;43m.[0;33;5;43;103mttttttt;;;;;;;;t[0;1;33;93;43mS[0;33;5;43;103m;;;;;;;;[0;1;33;93;43mX[0;33;5;43;103mt;;;;;;;tt[0;1;33;93;43mS[0;33;5;43;103mtttttttt[0;1;33;93;43mS[0;33;5;43;103m%tt%%%%%%%%%SSSS[0;1;30;90;43m [0m        
         [0;1;30;90;43m.[0;33;5;43;103mttttttttttt;;;;;;;;;;;;;;;;;tttttttttttttttttt%%%%%%%%%%SSSS[0;1;30;90;43m.[0m         
          [0;33;41m8[0;33;5;43;103mXtttttttttttttttttttttttttttttttttttttttttt%%%%%%%%%%SSSS@[0;31;43m8[0m          
            [0;1;33;93;43m%[0;33;5;43;103mtttttttttttttttttttttttttt[0;1;33;93;43mt[0;37;43mS[0;33;5;43;103mtttttttttt%%%%%%%%%%%SSSSS[0;1;33;93;43m%[0m            
             [0;1;30;90;43m.[0;33;5;43;103m%tttttttttttttttttttttttt[0;1;30;90;45m8@[0;33;5;43;103m%tttttt%%%%%%%%%%%%SSSSSS[0;1;30;90;43m [0m             
              [0;31;40m@[0;1;33;93;43mS[0;33;5;43;103mtttttttttttttttttttttt[0;1;30;90;43m8[0;1;30;90;45m::[0;1;30;90;43m8[0;33;5;43;103mtt%%%%%%%%%%%%%%SSSSSS[0;1;33;93;43m%[0;31;40m@[0m              
                [0;1;30;90;43m.[0;33;5;43;103m@%%%tttttttttt%[0;1;30;90;43m888888[0;1;30;90;45mS::t[0;1;30;90;43m888888[0;33;5;43;103mS%%%%%%SSSSSSS[0;1;33;93;43m8[0;1;30;90;43m [0m                
                  [0;1;30;90;43m.[0;33;5;43;103mS%%%%%%%%%%%%%[0;1;33;93;43m;[0;35;5;40;100mX[0;1;30;90;45m::::::::::8[0;1;30;90;43m8[0;33;5;43;103m%%%%%SSSSSSSSX[0;1;30;90;43m [0m                  
                    [0;1;30;90;43m.[0;33;5;43;103mS%%%%%%%%%%%%%[0;1;33;93;43mX[0;33;5;40;100m;[0;1;30;90;45m......[0;35;5;40;100m%[0;1;33;93;43mS[0;33;5;43;103m%%%%SSSSSSSSSX[0;1;30;90;43m [0m                    
                      [0;1;30;90;43m.[0;33;5;43;103m@%%%%%%%%%%%%[0;33;5;40;100mt[0;1;30;90;45m......[0;35;5;40;100mt[0;33;5;43;103mSSSSSSSSSSSS@[0;1;30;90;43m [0m                      
                        [0;1;30;90;43m.[0;1;33;93;43mX[0;33;5;43;103m%%%%%%%%%[0;1;33;93;43mX[0;1;30;90;45m:.[0;35;5;40;100mX[0;1;33;93;43m;;[0;35;5;40;100m%[0;1;30;90;45m..[0;1;33;93;43m%[0;33;5;43;103mSSSSSSSSS[0;1;33;93;43mX[0;1;30;90;43m [0m                        
                          [0;31;40m8[0;1;30;90;43m [0;33;5;43;103mSSSSSSS[0;35;5;40;100m%[0;33;5;40;100m%[0;1;33;93;43mS[0;33;5;43;103mSSSS[0;1;33;93;43mX[0;1;30;90;43m8[0;35;5;40;100mS[0;33;5;43;103mSSSSSSX[0;1;30;90;43m [0;30;41m8[0m                          
                             [0;1;30;90;43m.[0;1;33;93;43mt[0;33;5;43;103mSSSSXSSSSSSSSXSSSS[0;1;33;93;43m%[0;1;30;90;43m [0m                             
                                [0;1;30;90;43m [0;1;33;93;43m%[0;33;5;43;103mSSSSSSSSSSSS[0;1;33;93;43mS[0;1;30;90;43m [0m                                
                                   [0;1;30;90;43m  [0;33;5;43;103mXSSSSX[0;1;30;90;43m  [0m                                   
                                      [0;31;40m8[0;1;30;90;43m  [0;30;41m8[0m                                      
