[0;31;40mX[0;1;30;90;41m8888888888888888888888888[0;31;5;40;100m@@@@@@@[0;1;30;90;41m88888888888888888888888888888888888888888[0;30;41m88888[0;31;40mX[0m
[0;31;40m8[0;1;30;90;43mSSSSSSSSSSSSXXXXXXXX@@@@@@@@@@@@@@@@@XXXXXXXXSSSSSSSSSSSSSSSS[0;31;43m888888[0;33;41m88888888888[0;31;40m8[0m
[0;31;40m8[0;1;30;90;43mSSSSSSSSSSXXXXXX@@@@@@@@@@88888@@@@@@@@@@XXXXXXSSSSSSSSSSSSSSS[0;31;43m888888[0;33;41m8888888888[0;31;40m8[0m
[0;31;40m8[0;1;30;90;43mSSSSSSSSXXXXX@@@@@@8888888888888888888@@@@@@XXXXXSSSSSSSSSSSSSS[0;31;43m888888[0;33;41m888888888[0;31;40m8[0m
[0;31;40m8[0;1;30;90;43mSSSSSSXXXXX@@@@@8888888888888888888888888@@@@@XXXXXSSSSSSSSSSSSS[0;31;43m888888[0;33;41m88888888[0;31;40m8[0m
[0;31;40m8[0;1;30;90;43mSSSSXXXXX@@@@8888888888888888888888888888888@@@@XXXXSSSSSSSSSSSSS[0;31;43m888888[0;33;41m8888888[0;31;40m8[0m
[0;31;40m8[0;1;30;90;43mSSSXXXX@@@@88888888888888888888888888888888888@@@@XXXXSSSSSSSSSSSS[0;31;43m888888[0;33;41m888888[0;31;40m8[0m
[0;31;40m8[0;1;30;90;43mSSXXXX@@@8888888888888[0;33;5;40;100m8888888888888[0;1;30;90;43m888888888888@@@@XXXXSSSSSSSSSSSS[0;31;43m88888[0;33;41m888888[0;31;40m8[0m
[0;31;40m8[0;1;30;90;43mSXXXX@@@88888888888[0;33;5;40;100m88888@@@@@@@@@88888[0;1;30;90;43m88888888888@@@XXXXSSSSSSSSSSSS[0;31;43m88888[0;33;41m88888[0;31;40m8[0m
[0;31;40m8[0;1;30;90;43mXXXX@@@8888888888[0;33;5;40;100m888@@@@@XXXXXXX@@@@@888[0;1;30;90;43m8888888888@@@XXXXSSSSSSSSSSS[0;31;43m888888[0;33;41m8888[0;31;40m8[0m
[0;31;40m8[0;1;30;90;43mXXX@@@8888888[0;33;5;40;100m8S;.   :SXXXXXXXXXXXXXX@@@888[0;1;30;90;43m888888888@@@XX[0;33;5;40;100m8@S%%S@8[0;1;30;90;43mXSSSS[0;31;43m88888[0;33;41m8888[0;31;40m8[0m
[0;31;40m8[0;1;30;90;43mXX@@@8[0;33;5;40;100m@;[0;37;5;40;100m8[0;1;30;90;47mX:[0;1;37;97;47m;X[0;37;5;47;107m8@XSSSSX8[0;1;37;97;47mS[0;1;30;90;47m;[0;33;5;40;100m. [0;1;30;90;47m:S[0;37;5;40;100m8[0;33;5;40;100m%SSSXXXXX@@@88[0;1;30;90;43m88888[0;33;5;40;100m8%[0;37;5;40;100m8[0;1;30;90;47mX[0;33;5;40;100m%X[0;1;30;90;47m@[0;1;37;97;47m:8[0;37;5;47;107m88@@88[0;1;37;97;47m8@% [0;1;30;90;47m%[0;37;5;40;100m8[0;33;5;40;100m.S8[0;1;30;90;43mS[0;31;43m88[0;33;41m888[0;31;40m8[0m
[0;31;40m8[0;1;30;90;43mXX@[0;33;5;40;100mS[0;37;5;40;100m8[0;1;30;90;47m%[0;1;37;97;47m;@[0;37;5;47;107m8@@@@@@@@@XS;..:S[0;1;30;90;47m [0;1;37;97;47m.[0;37;5;47;107m@X[0;1;37;97;47m8 [0;1;30;90;47m8[0;33;5;40;100m%SSSXXX@@@88[0;1;30;90;43m8[0;33;5;40;100m8.[0;1;30;90;47mt[0;1;37;97;47mS[0;37;5;47;107m8[0;1;37;97;47m8[0;1;30;90;47m:X[0;37;5;47;107m8%ttS8[0;1;37;97;47m88[0;37;5;47;107m8[0;1;37;97;47m8888888@%.[0;1;30;90;47m@[0;33;5;40;100m.8[0;31;43m8[0;33;41m88[0;31;40m8[0m
[0;31;40m8[0;1;30;90;43mX@@@888[0;33;5;40;100mX[0;37;5;40;100m8[0;1;30;90;47m.[0;1;37;97;47m8[0;37;5;47;107m%;:::::.;%X@@X%X:..:%[0;1;37;97;47m@[0;1;30;90;47m;[0;33;5;40;100m.SSXXX@@@S[0;1;30;90;47mX[0;1;37;97;47m%[0;37;5;47;107m@t;;%[0;1;37;97;47m8[0;37;5;47;107m@[0;1;37;97;47m8888[0;37;5;47;107m8Stttt%%%X[0;1;37;97;47m@[0;1;30;90;47mt[0;33;5;40;100m 8[0;31;43m8888[0;33;41m888[0;31;40m8[0m
[0;31;40m8[0;1;30;90;43mX@@@888888[0;33;5;40;100m@[0;1;30;90;47m8[0;1;37;97;47m.[0;37;5;47;107m8t::........%@8X;...t8[0;1;30;90;47m.[0;33;5;40;100m::.:;%[0;1;30;90;47mt[0;1;37;97;47m@[0;37;5;47;107mX;;;%8[0;1;37;97;47m@8[0;37;5;47;107m8ttttttttttX[0;1;37;97;47m8[0;1;30;90;47m.[0;33;5;40;100m 8[0;1;30;90;43mSS[0;31;43m88888[0;33;41m888[0;31;40m8[0m
[0;31;40m8[0;1;30;90;43m@@@88888888[0;33;5;40;100m88%[0;1;30;90;47m@[0;1;37;97;47m:[0;37;5;47;107m8%;.........;X8X;..t[0;1;37;97;47m8[0;1;30;90;47m;[0;1;37;97;47mSX[0;1;30;90;47mt[0;1;37;97;47m@[0;37;5;47;107mS::%8[0;1;37;97;47m@8[0;37;5;47;107mS;ttttttttS@[0;1;37;97;47m@[0;1;30;90;47m:[0;33;5;40;100m 8[0;1;30;90;43mSSSSS[0;31;43m888888[0;33;41m88[0;31;40m8[0m
[0;31;40m8[0;1;30;90;43m@@@88888888[0;33;5;40;100m88@@XS[0;37;5;40;100m8[0;1;30;90;47mS:[0;1;37;97;47m%8[0;37;5;47;107m@t..    .;@8S..%[0;1;37;97;47m@[0;37;5;47;107m@t[0;1;37;97;47m8[0;37;5;47;107m8@[0;1;37;97;47m@8[0;37;5;47;107mS;;;;tttX[0;1;37;97;47m8S[0;1;30;90;47m X[0;37;5;40;100m@[0;33;5;40;100mS[0;1;30;90;43m@SSSSSSSS[0;31;43m888888[0;33;41m88[0;31;40m8[0m
[0;31;40m8[0;1;30;90;43m@@@88888888[0;33;5;40;100m88@@XXSSt[0;1;30;90;47mX[0;1;37;97;47m:8[0;37;5;47;107m%:.     ...S[0;1;37;97;47m8[0;37;5;47;107m@:.%::X[0;1;37;97;47mS[0;37;5;47;107mX;;;;;;tt%@[0;1;37;97;47mS[0;1;30;90;47mt[0;33;5;40;100m 8[0;1;30;90;43mXSSSSSSSSSS[0;31;43m888888[0;33;41m88[0;31;40m8[0m
[0;31;40m8[0;1;30;90;43m@@@88888888[0;33;5;40;100m88@@XXSSS%t;[0;1;30;90;47m8:[0;1;37;97;47m%[0;37;5;47;107m8St;::....S[0;1;37;97;47m8[0;37;5;47;107m@::::%[0;1;37;97;47m@[0;37;5;47;107mXt%S@8[0;1;37;97;47m@[0;1;30;90;47m 8[0;33;5;40;100m;8[0;1;30;90;43mXXXXSSSSSSSSSS[0;31;43m888888[0;33;41m88[0;31;40m8[0m
[0;31;40m8[0;1;30;90;43mX@@88888888[0;33;5;40;100m88@@XXXSS%%tt;;:[0;1;30;90;47m8%.[0;1;37;97;47mX:8[0;37;5;47;107m@@Xt:X[0;1;37;97;47m@[0;37;5;47;107m8:::%[0;1;37;97;47mS[0;1;30;90;47m:[0;1;37;97;47m:[0;1;30;90;47mS[0;37;5;40;100m8[0;33;5;40;100mt8[0;1;30;90;43m8@@@XXXSSSSSSSSSSS[0;31;43m888888[0;33;41m88[0;31;40m8[0m
[0;31;40m8[0;1;30;90;43mX@@@8888888[0;33;5;40;100m888@@XXXSS%%ttt;;;[0;1;30;90;47mX[0;37;5;47;107m@[0;1;37;97;47m;[0;37;5;47;107m8[0;1;37;97;47m88[0;37;5;47;107m88S:;8[0;1;37;97;47mX[0;37;5;47;107mX:;S[0;1;30;90;47m:[0;1;37;97;47m8[0;37;5;40;100m8[0;1;30;90;43m8888@@@XXXSSSSSSSSSSS[0;31;43m88888[0;33;41m888[0;31;40m8[0m
[0;31;40m8[0;1;30;90;43mX@@@88888888[0;33;5;40;100m88@@@XXXSSS%%%ttt[0;1;37;97;47m%[0;37;5;47;107m:;.:[0;1;37;97;47m8@[0;37;5;47;107m8%:::S[0;1;37;97;47mX8[0;37;5;47;107mt;St[0;1;37;97;47m.[0;1;30;90;43m8888@@@XXXSSSSSSSSSSS[0;31;43m88888[0;33;41m888[0;31;40m8[0m
[0;31;40mX[0;1;30;90;43mXX@@@88888888[0;33;5;40;100m88@@@XXXXSSSS%[0;1;30;90;47m%%[0;1;37;97;47m8[0;37;5;47;107m..%[0;1;37;97;47m8[0;37;5;47;107m8:;8[0;1;37;97;47m@[0;37;5;47;107m@t:;[0;1;37;97;47m8S[0;37;5;47;107m@;;[0;1;37;97;47mX[0;37;5;40;100m8[0;1;30;90;47m8[0;1;30;90;43m8@@@XXXSSSSSSSSSSS[0;31;43m888888[0;33;41m888[0;31;40mX[0m
[0;31;40mt[0;1;30;90;43mXX@@@888888888[0;33;5;40;100m888@@XXXXXXS[0;1;30;90;47m:[0;37;5;47;107m%8X.@[0;1;37;97;47m@[0;37;5;47;107mS:%[0;1;37;97;47mS[0;1;30;90;47mS[0;33;5;40;100mt%[0;1;30;90;47m@[0;1;37;97;47mt[0;37;5;47;107mX;@[0;1;37;97;47mS8[0;37;5;47;107mt8[0;1;37;97;47m@[0;37;5;47;107m@[0;1;30;90;47m%[0;1;30;90;43m8@XXXXSSSSSSSSSSS[0;31;43m888888[0;33;41m888[0;31;40m%[0m
 [0;1;30;90;43mXXX@@@888888888[0;33;5;40;100m888@@@@XXX[0;1;30;90;47mt[0;37;5;47;107mS.:;[0;1;37;97;47m88[0;37;5;47;107mt;8[0;1;37;97;47m;[0;1;30;90;47m;[0;37;5;40;100m8[0;33;5;40;100m@8 [0;1;30;90;47mt[0;1;37;97;47m.8[0;37;5;47;107m%S[0;1;37;97;47mXX[0;37;5;47;107m%tt@[0;1;30;90;47mX[0;1;30;90;43m@XXXSSSSSSSSSSSS[0;31;43m88888[0;33;41m8888[0m 
 [0;1;30;90;41m8[0;1;30;90;43mXXX@@@8888888888[0;33;5;40;100m8888@@@[0;37;5;40;100m8[0;37;5;47;107m@::t[0;1;37;97;47m@8[0;37;5;47;107m;::t[0;1;37;97;47mX[0;33;5;40;100m 888[0;1;30;90;43m8[0;33;5;40;100m:[0;1;37;97;47m%[0;37;5;47;107mS;;t[0;1;37;97;47m@S[0;37;5;47;107mXtt8[0;33;5;40;100m [0;1;30;90;43mXXSSSSSSSSSSSS[0;31;43m88888[0;33;41m8888[0;1;30;90;41m8[0m 
 [0;31;40m8[0;1;30;90;43mXXXX@@@88888888888[0;33;5;40;100m8888@[0;1;37;97;47m%[0;37;5;47;107m::S[0;1;37;97;47mX8[0;37;5;47;107m;:;@[0;1;30;90;47m:[0;33;5;40;100mS8[0;1;30;90;43m88888[0;33;5;40;100m8[0;1;30;90;47mt[0;37;5;47;107m8ttt[0;1;37;97;47m8%[0;37;5;47;107m@tt[0;1;37;97;47mt[0;1;30;90;43m@XSSSSSSSSSSS[0;31;43m888888[0;33;41m8888[0;31;40m8[0m 
  [0;1;30;90;43mSXXXX@@@@8888888888888[0;33;5;40;100m:[0;37;5;47;107mX;S[0;1;37;97;47mS[0;37;5;47;107m8;;%[0;1;37;97;47mS[0;37;5;40;100m8[0;33;5;40;100m8[0;1;30;90;43m888888888[0;33;5;40;100m [0;1;37;97;47m;[0;37;5;47;107mXtt[0;1;37;97;47m8t[0;37;5;47;107m8t@[0;33;5;40;100m%[0;1;30;90;43mSSSSSSSSSSSS[0;31;43m88888[0;33;41m88888[0;31;40m;[0m 
  [0;1;30;90;41m8[0;1;30;90;43mSXXXXX@@@@88888888888[0;33;5;40;100m [0;37;5;47;107mSS[0;1;37;97;47mS[0;37;5;47;107m8;S[0;1;37;97;47m@[0;1;30;90;47mX[0;33;5;40;100m@[0;1;30;90;43m888888888888[0;33;5;40;100m8[0;1;30;90;47m8[0;1;37;97;47m%[0;37;5;47;107mXt8[0;1;37;97;47mt[0;37;5;47;107m@X[0;33;5;40;100m:[0;1;30;90;43mSSSSSSSSSSS[0;31;43m888888[0;33;41m8888[0;1;30;90;41m8[0m  
  [0;31;40m;[0;1;30;90;43mSSSXXXX@@@@@888888888[0;33;5;40;100mS[0;1;37;97;47m@%@8[0;1;30;90;47m:[0;37;5;40;100m8[0;33;5;40;100m8[0;1;30;90;43m888888888888@@@@8[0;33;5;40;100m.[0;1;30;90;47mt[0;1;37;97;47mXX;X[0;33;5;40;100m8[0;1;30;90;43mSSSSSSSSSS[0;31;43m888888[0;33;41m88888[0;31;40mt[0m  
   [0;30;41m8[0;1;30;90;43mSSSXXXXX@@@@@8888888[0;33;5;40;100m@[0;1;37;97;47m.[0;1;30;90;47m8[0;33;5;40;100m%8[0;1;30;90;43m888888888888@@@@@@XXXXX[0;33;5;40;100m@ [0;1;30;90;47m [0;33;5;40;100m8[0;1;30;90;43mSSSSSSSSS[0;31;43m888888[0;33;41m88888[0;30;41m8[0m   
    [0;31;5;40;100m8[0;1;30;90;43mSSSSXXXXXX@@@@@@88[0;33;5;40;100m8[0;1;30;90;47m.[0;37;5;40;100m@[0;1;30;90;43m88888888888@@@@@@@XXXXXXSSSS[0;33;5;40;100m:[0;1;30;90;47m:[0;33;5;40;100m8[0;1;30;90;43mSSSSSSS[0;31;43m888888[0;33;41m88888[0;1;30;90;41m8[0m    
    [0;31;40m%[0;1;30;90;43mSSSSSSXXXXXXX@@@@8[0;1;30;90;47m;[0;37;5;40;100m8[0;1;30;90;43m@@@@@@@@@@@@@@@@XXXXXXSSSSSSSS[0;33;5;40;100m [0;1;30;90;47m;[0;1;30;90;43m@SSSSS[0;31;43m888888[0;33;41m888888[0;31;40m%[0m    
     [0;31;40m@[0;1;30;90;43mSSSSSSSSXXXXXXXX[0;1;30;90;47m@X[0;1;30;90;43m@@@@@@@@@@@@XXXXXXXXXSSSSSSSSSSS[0;37;5;40;100m8[0;1;30;90;47mX[0;1;30;90;43mSSS[0;31;43m8888888[0;33;41m888888[0;31;40m@[0m     
      [0;31;40m8[0;1;30;90;43mSSSSSSSSSSSXXX[0;33;5;40;100m%[0;1;30;90;47m.[0;1;30;90;43m@XXXXXXXXXXXXXXXXXSSSSSSSSSSSSSSSX[0;1;30;90;47mt[0;33;5;40;100mt[0;1;30;90;43mS[0;31;43m888888[0;33;41m8888888[0;30;41m8[0m      
       [0;30;41m8[0;1;30;90;43mSSSSSSSSSSSSS[0;1;30;90;47mt[0;33;5;40;100mt[0;1;30;90;43mXXXXXXXXXXXXXSSSSSSSSSSSSSSSSSSSSS[0;33;5;40;100mX[0;1;30;90;47mt[0;1;30;90;43mS[0;31;43m88888[0;33;41m8888888[0;30;41m8[0m       
        [0;30;41m8[0;1;30;90;43mSSSSSSSSSSS[0;33;5;40;100mS[0;1;30;90;47m;[0;1;30;90;43mSSSSSSSSSSSSSSSSSSSSSSSSSSSSSSSSSS[0;31;43m88[0;1;30;90;47mS[0;33;5;40;100mS[0;31;43m888[0;33;41m88888888[0;30;41m8[0m        
         [0;31;40m8[0;1;30;90;43mSSSSSSSSSS[0;1;30;90;47mX[0;33;5;40;100m:[0;1;30;90;43mSSSSSSSSSSSSSSSSSSSSSSSSSSSSSSSS[0;31;43m8888[0;33;5;40;100m%[0;1;30;90;47m@[0;31;43m88[0;33;41m88888888[0;31;40m8[0m         
          [0;31;40mS[0;1;30;90;41m8[0;1;30;90;43mSSSSSSS@[0;33;5;40;100m.[0;1;30;90;43mXSSSSSSSSSSSSSSSSSSSSSSSSSSSSS[0;31;43m88888888[0;33;5;40;100m;8[0;33;41m8888888[0;1;30;90;41m8[0;31;40mS[0m          
            [0;1;30;90;41m8[0;1;30;90;43mSSSSSSSSSSSSSSSSSSSSSSSSSSSSSSSSSSS[0;31;43m8888888888[0;33;41m888888888[0;1;30;90;41m8[0m            
             [0;31;40m8[0;31;43m8[0;1;30;90;43mSSSSSSSSSSSSSSSSSSSSSSSSSSSSSS[0;31;43m8888888888[0;33;41m88888888888[0;31;40m8[0m             
              [0;31;40mt[0;1;30;90;41m8[0;31;43m888[0;1;30;90;43mSSSSSSSSSSSSSSSSSSSS[0;31;43m88888888888888[0;33;41m88888888888[0;1;30;90;41m8[0;31;40mt[0m              
                [0;31;40mX[0;1;30;90;41m8[0;31;43m8888888888888888888888888888888[0;33;41m8888888888888[0;1;30;90;41m8[0;31;40mX[0m                
                  [0;31;40m8[0;33;41m8[0;31;43m8888888888888888888888888[0;33;41m8888888888888888[0;31;40m8[0m                  
                    [0;31;40m8[0;33;41m8[0;31;43m88888888888888888[0;33;41m88888888888888888888[0;31;40m8[0m                    
                      [0;31;40m8[0;1;30;90;41m8[0;33;41m88888888888888888888888888888888[0;1;30;90;41m8[0;31;40m8[0m                      
                        [0;31;40m@[0;1;30;90;41m8[0;33;41m8888888888888888888888888888[0;1;30;90;41m8[0;31;40m@[0m                        
                          [0;31;40m%[0;30;41m8[0;33;41m888888888888888888888888[0;30;41m8[0;31;40m%[0m                          
                             [0;31;40mX[0;1;30;90;41m8[0;33;41m888888888888888888[0;1;30;90;41m8[0;31;40m@[0m                             
                                [0;31;40m@[0;1;30;90;41m8[0;33;41m888888888888[0;1;30;90;41m8[0;31;40m8[0m                                
                                   [0;31;40mX[0;30;41m8[0;33;41m888888[0;1;30;90;41m8[0;31;40m@[0m                                   
                                      [0;31;40m%88%[0m                                      
