[0;30;44m8[0;1;34;94;44m........:::::::::::::::::::::::::::::::::::::::::................ [0;1;30;90;44m.      [0;30;44m     8[0m
[0;30;44m%[0;1;34;94;44m888888[0;34;5;44;104m888888888888888888888888888888888888888888888[0;1;34;94;44m888888888888888888888@@@@@@[0;30;44m%[0m
[0;30;44m%[0;1;34;94;44m8888[0;34;5;44;104m888888888888888888888888888888888888888888888888[0;1;34;94;44m888888888888888888888@@@@@[0;30;44m%[0m
[0;30;44m%[0;1;34;94;44m888[0;34;5;44;104m8888888888888888888888888@[0;36;5;40;100m.[0;1;30;90;47m88X[0;1;37;97;47m .t@[0;37;5;47;107m8@%tttttttX[0;1;37;97;47mX [0;1;30;90;47m8[0;34;5;44;104m888[0;1;34;94;44m88888888888888888888@@@@[0;30;44m%[0m
[0;30;44m%[0;1;34;94;44m8[0;34;5;44;104m88888888888888888888888@[0;1;37;97;47m [0;37;5;47;107m8;;;;;;;;;;;;;tttttttttttt8[0;1;30;90;47m8[0;34;5;44;104m88[0;1;34;94;44m8888888888888888888@@@[0;30;44m%[0m
[0;30;44m%[0;34;5;44;104m8888888888888888888888888[0;1;30;90;47m8[0;1;37;97;47m [0;37;5;47;107m@;;;;;;;;;;;;;;tttttttttttt%[0;1;30;90;47mX[0;34;5;44;104m8[0;1;34;94;44m8888888888888888888@@[0;30;44m%[0m
[0;30;44m%[0;34;5;44;104m8888888888888888888888888888[0;36;5;44;104m@[0;1;30;90;47m8[0;1;37;97;47mS[0;37;5;47;107m;;;;;;;;;;;;;;ttttttttttt8[0;34;5;44;104m8[0;1;34;94;44m888888888888888888@@[0;30;44m%[0m
[0;30;44m%[0;34;5;44;104m8888888888888888888888@@@88[0;1;30;90;45m88[0;34;5;44;104m8@@[0;1;30;90;47m8[0;1;37;97;47m [0;37;5;47;107m@::;;;;;;;X8[0;1;37;97;47mS;:;S[0;37;5;47;107m8ttttt8[0;34;5;44;104m8[0;1;34;94;44m888888888888888888@[0;30;44m%[0m
[0;30;44m%[0;34;5;44;104m8888888888888888888@@@@@@[0;1;30;90;45m8[0;1;37;97;47m   [0;1;30;90;45m8[0;34;5;44;104m@@@@@[0;36;5;44;104m@[0;1;30;90;47m88888[0;36;5;44;104m@[0;34;5;44;104m@8888888888[0;36;5;44;104m8[0;1;30;90;47m8[0;1;37;97;47mS[0;37;5;47;107mtt[0;1;37;97;47m [0;34;5;44;104m8[0;1;34;94;44m88888888888888888@[0;30;44m%[0m
[0;30;44m%[0;34;5;44;104m8888888888888888@@@@@@@@@[0;35;47m8[0;1;37;97;47m  [0;37;45m8[0;34;5;44;104mX@@@@@@@@@@88888888888888888[0;1;37;97;47m [0;37;5;47;107m8[0;34;5;44;104m88[0;1;34;94;44m88888888888888888[0;30;44m%[0m
[0;30;44m%[0;34;5;44;104m888888888888888@@@@@@@XXX[0;35;47m@[0;1;37;97;47m [0;1;30;90;47m:[0;34;5;44;104mXXXXXXX@@@@@@@8888888888888888888[0;1;34;94;44m88888888888888888[0;30;44m%[0m
[0;30;44m%[0;34;5;44;104m8888888888888@@@@@@XXXXXX[0;1;30;90;47m.[0;1;37;97;47m [0;1;30;90;47m.[0;34;5;44;104mXXXXX@[0;37;5;40;100mt[0;1;30;90;47m8[0;37;5;40;100mS[0;1;30;90;45m8[0;34;5;44;104m@@@@@888888888888888[0;1;30;90;47mX[0;34;5;44;104m888[0;1;34;94;44m8888888888888888[0;30;44m%[0m
[0;30;44m%[0;34;5;44;104m888888888888@@@@@@XXXXXXX[0;1;37;97;47m  [0;1;30;90;47m [0;35;5;44;104m8[0;34;5;44;104mXX@[0;1;30;90;47mX[0;37;5;43;103mX@@@S[0;33;47m888[0;1;30;90;47m8[0;34;5;44;104m8[0;37;5;40;100m8[0;35;5;40;100m%[0;34;5;44;104m888888888888[0;1;30;90;47mX[0;37;5;47;107mt[0;1;30;90;47m8[0;34;5;44;104m88[0;1;34;94;44m8888888888888888[0;30;44m%[0m
[0;30;44m%[0;34;5;44;104m888888888888@@@@@XXXXXXX[0;35;5;44;104m@[0;1;37;97;47m  [0;1;30;90;47m 8..[0;37;5;43;103m@X[0;1;37;97;47m     [0;1;33;93;47mX@[0;37;5;43;103m%[0;1;30;90;47mt[0;37;5;40;100m@%[0;34;5;44;104m88888888888[0;1;30;90;47m8[0;37;5;47;107m8tt[0;1;30;90;47m8[0;34;5;44;104m888[0;1;34;94;44m888888888888888[0;30;44m%[0m
[0;30;44m%[0;34;5;44;104m88888888888@@@@@XXXXXXXX[0;37;45m8[0;1;37;97;47m  [0;1;30;90;47m [0;36;5;44;104mX[0;35;5;44;104m@[0;37;5;40;100mt[0;1;30;90;47m8[0;37;5;43;103mX[0;1;33;93;47mS[0;1;30;90;47m [0;1;37;97;47m [0;1;30;90;47m.[0;1;37;97;47m  [0;1;33;93;47mX[0;37;5;43;103mS@@[0;33;5;43;103m::[0;33;47m8[0;1;34;94;44m8[0;34;5;44;104m88888[0;36;5;40;100m [0;1;37;97;47m [0;37;5;47;107mStttt[0;36;5;44;104m8[0;34;5;44;104m888[0;1;34;94;44m888888888888888[0;30;44m%[0m
[0;30;44m%[0;34;5;44;104m88888888888@@@@XXXXXXXXS[0;1;30;90;45m8[0;1;37;97;47m    [0;1;30;90;47m @t[0;37;5;43;103m@X[0;1;33;93;47mS[0;1;37;97;47m     [0;37;5;43;103mX%SS[0;33;47m8[0;1;30;90;47m8[0;33;47m8[0;35;5;40;100m.[0;34;5;44;104m@[0;1;30;90;47m8[0;1;37;97;47m [0;37;5;47;107mS;ttttt[0;1;37;97;47mX[0;34;5;44;104m8888[0;1;34;94;44m888888888888888[0;30;44m%[0m
[0;30;44m%[0;34;5;44;104m88888888888@@@@XXXXXXXS[0;36;5;44;104mXX[0;35;47m8[0;1;30;90;47m [0;1;37;97;47m      [0;1;33;93;47mS@[0;1;37;97;47m [0;1;30;90;47m:;;[0;1;37;97;47m [0;1;33;93;47mX[0;37;5;43;103mX@[0;1;30;90;47mX8[0;1;37;97;47m %[0;37;5;47;107mt;;;;;tttt8[0;34;5;44;104m88888[0;1;34;94;44m888888888888888[0;30;44m%[0m
[0;30;44m%[0;34;5;44;104m8888888888@@@@@XXXXXXXS[0;36;5;44;104mXXXX[0;35;5;44;104mX[0;1;30;90;47mS[0;1;37;97;47m.      [0;1;30;90;47m:[0;1;37;97;47m  t[0;37;5;47;107m8X:::::;;;;;;tt%[0;1;30;90;47mX[0;34;5;44;104m888888[0;1;34;94;44m888888888888888[0;30;44m%[0m
[0;30;44m%[0;34;5;44;104m88888888888@@@@XXXXXXXX[0;36;5;44;104mXXXX[0;35;5;44;104m@[0;1;33;93;47m8[0;37;5;43;103mXX[0;1;33;93;47m8[0;1;37;97;47m :[0;37;5;47;107m88S.  ...::::;;;;;t[0;1;37;97;47m%[0;1;30;90;47m8[0;34;5;44;104m88888888[0;1;34;94;44m888888888888888[0;30;44m%[0m
[0;30;44m%[0;34;5;44;104m88888888888@@@@XXXXXXXXXS[0;36;5;44;104mXX[0;1;30;90;47m;[0;1;37;97;47m8[0;37;5;47;107mXSt       ....::::;;8[0;1;37;97;47m [0;1;30;90;47m8[0;34;5;44;104m88888888888[0;1;34;94;44m888888888888888[0;30;44m%[0m
[0;30;44m%[0;34;5;44;104m88888888888@@@@@XXXXXXXS[0;1;30;90;47m8[0;1;37;97;47m.[0;37;5;47;107mS            ...::;8[0;1;37;97;47m%[0;1;33;93;47mS[0;37;5;40;100m%[0;35;5;40;100m:.t[0;1;34;94;44m8[0;34;5;44;104m8888888888[0;1;34;94;44m888888888888888[0;30;44m%[0m
[0;30;44mS[0;34;5;44;104m888888888888@@@@@XXXX[0;36;5;44;104mX[0;1;37;97;47m [0;37;5;47;107m%              ..S[0;1;37;97;47m8t[0;1;30;90;47m8@88X[0;33;5;43;103mS%[0;35;5;40;100m%[0;34;5;44;104m88888888888[0;1;34;94;44m8888888888888888[0;30;44mS[0m
[0;30;44m8[0;34;5;44;104m8888888888888@@@@@XX[0;1;37;97;47m [0;37;5;47;107m:             t8[0;1;37;97;47m%:[0;1;30;90;47mttt[0;1;30;90;45m8[0;34;5;44;104m@[0;1;30;90;45m8[0;1;30;90;47m88@[0;34;5;44;104m8[0;35;44m8[0;35;5;40;100mS[0;1;34;94;44m8[0;34;5;44;104m8888888888[0;1;34;94;44m8888888888888888[0;30;44m8[0m
[0;34;40mX[0;34;5;44;104m88888888888888@@@@X[0;37;5;47;107m8...       S[0;1;37;97;47m%8.       [0;1;30;90;45m8[0;34;5;44;104m@88[0;1;30;90;45m8[0;1;30;90;47m88[0;35;47m@[0;34;5;44;104m8888888888888[0;1;34;94;44m8888888888888888[0;34;40m@[0m
 [0;1;34;94;44m8[0;34;5;44;104m88888888888888@@@[0;1;30;90;47m8[0;37;5;47;107m:......8[0;1;37;97;47m [0;1;30;90;47m8[0;34;5;44;104mXX[0;35;5;44;104m8[0;1;37;97;47m        [0;35;47m8[0;34;5;44;104m@8888[0;1;34;94;44m8[0;1;30;90;47m@8[0;35;47m@[0;34;5;44;104m88888888888[0;1;34;94;44m88888888888888888[0;34;40m;[0m
 [0;1;34;94;44m;[0;34;5;44;104m8888888888888888@[0;1;30;90;47m8[0;37;5;47;107m::::%[0;1;30;90;47m@[0;34;5;44;104mX@@@@@[0;1;30;90;47mt[0;1;37;97;47m  [0;1;30;90;47mt[0;1;37;97;47m     [0;1;30;90;45m8[0;34;5;44;104m888888[0;1;30;90;45m8[0;1;30;90;47m88[0;34;45m8[0;34;5;44;104m888888888[0;1;34;94;44m88888888888888888t[0m 
 [0;30;44mS[0;34;5;44;104m888888888888888888[0;1;37;97;47m [0;37;5;47;107m;:X[0;34;5;44;104mX@@@@@@[0;35;47m@[0;1;37;97;47m   [0;1;30;90;47m@[0;1;37;97;47m   [0;1;30;90;47m88S[0;34;5;44;104m888888[0;1;30;90;45m8[0;1;30;90;47m88[0;1;30;90;45m8[0;34;5;44;104m888888888[0;1;34;94;44m88888888888888888[0;30;44m%[0m 
 [0;34;40m;[0;1;34;94;44m8[0;34;5;44;104m88888888888888888[0;36;5;44;104m@[0;1;37;97;47mS[0;37;5;47;107mS[0;1;37;97;47m [0;34;5;44;104m@@@@@@@[0;1;30;90;47m [0;1;37;97;47m.;tS@8[0;37;5;47;107m888@S%tt%X[0;1;37;97;47m;[0;1;30;90;47m88[0;1;30;90;45m8[0;34;5;44;104m88888888[0;1;34;94;44m88888888888888888@[0;34;40m%[0m 
  [0;1;30;90;44m:[0;34;5;44;104m888888888888888888[0;1;30;90;47m8[0;37;5;47;107m;;;t%t;;;;;;;;;;;;;;;;;tttt[0;1;30;90;47mS8X[0;37;5;47;107mtX[0;1;30;90;47m8[0;34;5;44;104m8888[0;1;34;94;44m888888888888888888.[0m  
  [0;34;40mS[0;1;34;94;44m8[0;34;5;44;104m888888888888888888[0;1;30;90;47m8[0;37;5;47;107mt;;;;;;;;;;;;;;;;;;;tttttt[0;1;30;90;47m 8[0;35;47m@[0;37;5;47;107mXtt[0;1;37;97;47m [0;34;5;44;104m88[0;1;34;94;44m888888888888888888@[0;34;40mX[0m  
   [0;30;44m:[0;34;5;44;104m8888888888888888888[0;36;5;44;104m8[0;37;5;47;107m8;;;;;;;;;;;;;;;t@[0;1;37;97;47m@. [0;1;30;90;47m@888;88[0;1;37;97;47mX[0;37;5;47;107mttt[0;34;5;44;104m8[0;1;34;94;44m8888888888888888888[0;30;44m.[0m   
    [0;1;34;94;44mX[0;34;5;44;104m88888888888888888888[0;1;30;90;47m@[0;1;37;97;47m.%SXX@@88;:  [0;1;30;90;47mX88[0;35;47m8[0;34;5;44;104m888888[0;1;30;90;45m8[0;35;47m88[0;35;44m8[0;1;37;97;47m [0;37;5;47;107mt%[0;34;5;44;104m8[0;1;34;94;44m888888888888888888S[0m    
    [0;34;40m8[0;1;34;94;44m8[0;34;5;44;104m8888888888888888888888888[0;35;47m8[0;1;30;90;47m888[0;1;30;90;45m8[0;1;30;90;47m888888[0;1;34;94;44m8[0;34;5;44;104m88888888888[0;37;5;47;107m%[0;1;37;97;47m [0;1;34;94;44m888888888888888888@[0;34;40m8[0m    
     [0;30;44m@[0;1;34;94;44m88[0;34;5;44;104m88888888888888888888888[0;1;34;94;44m8[0;1;30;90;47m888[0;1;30;90;45m8[0;1;30;90;47m88888[0;34;45m8[0;34;5;44;104m888888888[0;1;34;94;44m88[0;36;5;44;104m8[0;36;5;40;100m [0;1;34;94;44m888888888888888888@[0;30;44mX[0m     
      [0;30;44mt[0;1;34;94;44m888[0;34;5;44;104m8888888888888888888888[0;1;30;90;45m8[0;1;30;90;47m88[0;35;47m8[0;1;30;90;47m8888[0;35;47m8[0;34;5;44;104m8888888[0;1;30;90;47m8[0;1;37;97;47m t[0;1;30;90;47m8[0;34;5;44;104m8[0;1;34;94;44m8888888888888888888@[0;30;44m;[0m      
       [0;30;44m:[0;1;34;94;44m88888[0;34;5;44;104m88888888888888888888[0;1;30;90;45m8[0;1;30;90;47m88[0;35;47m8[0;1;30;90;47m888[0;1;30;90;45m8[0;34;5;44;104m88888[0;1;34;94;44m8[0;34;5;44;104m8[0;37;5;47;107mS%@[0;1;34;94;44m8888888888888888888@@[0;30;44m.[0m       
        [0;30;44m;[0;1;34;94;44m88888888[0;34;5;44;104m8888888888888888[0;1;34;94;44m8[0;35;47m8[0;1;30;90;47m8[0;35;47m8[0;1;30;90;47m888[0;35;47m8[0;35;44m8[0;1;34;94;44m888888[0;34;5;44;104m8[0;1;30;90;47m888[0;34;5;44;104m88[0;1;34;94;44m888888888888888@@[0;30;44m:[0m        
         [0;30;44mS[0;1;34;94;44m888888888888[0;34;5;44;104m888888888888[0;1;30;90;45m8[0;1;30;90;47m88[0;35;47m8[0;1;30;90;47m8888[0;1;30;90;45m8[0;1;34;94;44m888888888[0;34;5;44;104m8[0;1;37;97;47m [0;1;34;94;44m88888888888888@@[0;30;44mS[0m         
          [0;34;40m8[0;1;34;94;44m@88888888888888888888888[0;35;47m8[0;1;30;90;47m88[0;35;47m88[0;1;30;90;47m888[0;1;30;90;45m8[0;1;34;94;44m888888[0;1;37;97;47m [0;36;5;40;100m.[0;1;34;94;44m88888888888888@@X[0;34;40m8[0m          
            [0;1;34;94;44m;8888888888888888888888[0;34;45m8[0;1;30;90;47m888[0;1;30;90;45m88[0;1;30;90;47m888[0;1;30;90;45m8[0;1;34;94;44m88888[0;34;5;44;104m8[0;1;34;94;44m8888888888888@@@;[0m            
             [0;30;44m%[0;1;34;94;44m8888888888888888888888[0;35;47m8[0;1;30;90;47m88[0;37;45m8[0;1;34;94;44m88[0;35;47m8[0;1;30;90;47m88[0;35;44m8[0;1;34;94;44m8888888888888888@@@@[0;30;44m%[0m             
              [0;34;40mS[0;1;34;94;44m;88888888888888888888[0;34;45m8[0;1;30;90;47m88[0;37;45m8[0;1;34;94;44m888[0;1;30;90;45m8[0;1;30;90;47m88[0;1;30;90;45m8[0;1;34;94;44m8888888888888@@@@;[0;34;40mS[0m              
                [0;30;44m8[0;1;34;94;44mS8888888888888888888[0;35;47m8[0;1;30;90;47m8[0;35;47m8[0;1;34;94;44m888[0;34;45m8[0;1;30;90;47m88[0;1;30;90;45m8[0;1;34;94;44m88888888888@@@@S[0;30;44m8[0m                
                  [0;30;44m%[0;1;34;94;44m@88888888888888888[0;1;30;90;45m8[0;1;30;90;47m8[0;35;47m8[0;1;34;94;44m888[0;1;30;90;45m8[0;1;30;90;47m88[0;35;44m8[0;1;34;94;44m88888888@@@@@@[0;30;44mt[0m                  
                    [0;30;44mt[0;1;34;94;44m@888888888888888[0;35;44m8[0;1;30;90;47m88[0;1;34;94;44m888[0;1;30;90;45m888[0;1;34;94;44m@88888@@@@@@X[0;30;44mt[0m                    
                      [0;30;44m%[0;1;34;94;44mX88888888888888[0;1;30;90;47m88[0;1;30;90;45m8[0;1;34;94;44m8888888@@@@@@@@X[0;30;44m%[0m                      
                        [0;30;44m@[0;1;34;94;44m%88888888888[0;1;30;90;45m8[0;1;30;90;47m88[0;35;47m8[0;1;34;94;44m88@@@@@@@@@@@%[0;30;44m@[0m                        
                          [0;34;40m@[0;30;44m.[0;1;34;94;44m@888@@@@[0;34;45m8[0;1;30;90;47m88[0;1;30;90;45m8[0;1;34;94;44m@@@@@@@@@@@@[0;30;44m [0;34;40m8[0m                          
                             [0;30;44m@[0;1;34;94;44m:@@@@@[0;1;30;90;45m8[0;35;47m8[0;1;30;90;45m8[0;1;34;94;44m@@@@@@@@@@:[0;30;44m@[0m                             
                                [0;30;44mX[0;1;34;94;44m;@@@@@@@@@@@@t[0;30;44mS[0m                                
                                   [0;30;44m@[0;1;34;94;44m X@@@@@.[0;30;44m@[0m                                   
                                      [0;34;40m@[0;30;44mS%[0;34;40m@[0m                                      
