[0;36;5;40;100m [0;1;30;90;47m....      [0;1;37;97;47m                                     [0;1;30;90;47m      .........:::::::::;;;;;;;[0;36;5;40;100m [0m
[0;37;5;40;100m@[0;37;5;47;107m%%%%%%ttttttttttttttttttttttttttttttttttttttttttttt%%%%%%%%SSSSSSSXXXX@@@@@@@@[0;37;5;40;100m8[0m
[0;37;5;40;100m@[0;37;5;47;107m%%%%ttttttttttttttttttttttttttttttttttttttttttttttttt%%%%%%%SSSSSSSXXXX@@@@@@@[0;37;5;40;100m8[0m
[0;37;5;40;100m@[0;37;5;47;107m%%ttttttttttttttttttt;;;;;;;;;;;;;;ttttttttttttttttttt%%%%%%%%SSSSSSXXXX@@@@@@[0;37;5;40;100m8[0m
[0;37;5;40;100m@[0;37;5;47;107m%tttt%[0;31;5;41;101m888888888888888@@@@@@@@@@@@@@@888888888888888888888888888888[0;1;31;91;41m888888[0;1;37;97;47m8[0;37;5;47;107m@@@@@[0;37;5;40;100m8[0m
[0;37;5;40;100m@[0;37;5;47;107mttttt%[0;31;5;41;101m88[0;1;30;90;47m8XSSS[0;1;37;97;47m                               [0;1;30;90;47mSSSXXXXXXXXX@@@@@@@@888888[0;1;31;91;41m88[0;1;37;97;47m8[0;37;5;47;107mX@@@@[0;37;5;40;100m8[0m
[0;37;5;40;100m8[0;37;5;47;107mttttt%[0;31;5;41;101m88[0;1;37;97;47m@[0;37;5;47;107mt8[0;1;37;97;47mt%%%%%%%%SSSSSSSSSSSSSSSSS%%%%%%%tttttttttt;;;;;;;::::::X[0;37;5;47;107mS8[0;1;31;91;41m88[0;1;37;97;47m8[0;37;5;47;107mXX@@@[0;37;5;40;100m8[0m
[0;37;5;40;100m8[0;37;5;47;107mttttt%[0;31;5;41;101m88[0;37;5;47;107m8t[0;1;30;90;47m8[0;31;5;41;101m88888888888@@@@@@@@@@@@@888888888888888888888888[0;1;31;91;41m88888888[0;35;5;40;100m [0;37;5;47;107mS8[0;1;31;91;41m88[0;1;37;97;47m8[0;37;5;47;107mXX@@@[0;37;5;40;100m8[0m
[0;37;5;40;100m8[0;37;5;47;107mttttt%[0;31;5;41;101m88[0;37;5;47;107m8;[0;1;30;90;47m8[0;31;5;41;101m8[0;1;30;90;47m8[0;37;5;47;107m%%%%%%ttttttttttttttttttt%%%%%%%SSSSSSSSSSSSXXXXXX@@[0;1;30;90;47m8[0;1;31;91;41m8[0;35;5;40;100m [0;37;5;47;107mS8[0;1;31;91;41m88[0;1;37;97;47m8[0;37;5;47;107mXXX@@[0;37;5;40;100m8[0m
[0;37;5;40;100m8[0;37;5;47;107mttttt%[0;31;5;41;101m88[0;37;5;47;107m8;[0;1;30;90;47m8[0;31;5;41;101m8[0;1;30;90;47m8[0;37;5;47;107m;;:::::::.............::::;[0;1;37;97;47m X[0;37;5;47;107m;;;;;;;tttttttttttt%%%%[0;1;30;90;47m8[0;1;31;91;41m8[0;37;5;40;100m.[0;37;5;47;107mS8[0;1;31;91;41m88[0;37;5;47;107m8XXX@@[0;37;5;40;100m8[0m
[0;37;5;40;100m8[0;37;5;47;107mtttttt[0;31;5;41;101m88[0;37;5;47;107m8;[0;1;30;90;47m8[0;31;5;41;101m8[0;1;30;90;47m8[0;37;5;47;107m;:::::..............;8[0;1;37;97;47m8[0;37;5;47;107m@:[0;1;37;97;47m;[0;31;5;40;100mS[0;31;5;41;101m@8[0;37;5;40;100mt[0;37;5;47;107mt;;;;;;ttttttttttt%%%%[0;1;30;90;47m8[0;1;31;91;41m8[0;37;5;40;100m.[0;37;5;47;107mS8[0;1;31;91;41m88[0;37;5;47;107m8XXXX@[0;37;5;40;100m8[0m
[0;37;5;40;100m8[0;37;5;47;107mtttttt[0;31;5;41;101m88[0;37;5;47;107m8;[0;1;30;90;47m8[0;31;5;41;101m8[0;1;30;90;47m8[0;37;5;47;107m::::.....           [0;1;37;97;47mt[0;31;5;40;100m%[0;31;5;41;101mX@[0;35;5;40;100m:[0;1;31;91;41m8[0;31;5;41;101m@@@@[0;37;5;40;100mt[0;35;5;40;100m [0;31;5;40;100mS[0;35;5;40;100mt[0;1;30;90;47m8[0;37;5;47;107mX;;ttttttttttt%%%[0;1;30;90;47m8[0;1;31;91;41m8[0;37;5;40;100m.[0;37;5;47;107mS8[0;1;31;91;41m88[0;37;5;47;107m8XXXX@[0;37;5;40;100m8[0m
[0;37;5;40;100m8[0;37;5;47;107mtttttt[0;31;5;41;101m88[0;37;5;47;107m8;[0;1;30;90;47m8[0;31;5;41;101m8[0;1;30;90;47m8[0;37;5;47;107m:::....              %[0;1;30;90;47m8[0;31;5;41;101mXXX@@@@@8[0;1;31;91;41m8[0;1;30;90;47m%[0;37;5;47;107mS;;;ttttttttttt%%%[0;1;30;90;47m8[0;1;31;91;41m8[0;37;5;40;100m.[0;37;5;47;107mS8[0;1;31;91;41m88[0;37;5;47;107m8SXXX@[0;37;5;40;100m8[0m
[0;37;5;40;100m8[0;37;5;47;107mtttttt[0;31;5;41;101m88[0;37;5;47;107m8;[0;1;30;90;47m8[0;31;5;41;101m8[0;1;30;90;47m8[0;37;5;47;107m::....              ;[0;1;37;97;47m%[0;1;30;90;47m8[0;31;5;41;101m8XX[0;1;31;91;41m@[0;1;30;90;41m8[0;1;31;91;41m8[0;31;5;41;101m@@[0;1;31;91;41m8[0;1;30;90;47m8[0;37;5;47;107m8;;;;;ttttttttttt%%[0;1;30;90;47m8[0;1;31;91;41m8[0;37;5;40;100m.[0;37;5;47;107m%8[0;1;31;91;41m88[0;37;5;47;107m8SXXXX[0;37;5;40;100m8[0m
[0;37;5;40;100m8[0;37;5;47;107mtttt;t[0;31;5;41;101m88[0;37;5;47;107m8;[0;1;30;90;47m8[0;31;5;41;101m@[0;1;30;90;47m8[0;37;5;47;107m:....             %[0;1;30;90;47mX[0;35;5;41;101m8[0;31;5;41;101mXXX@[0;1;30;90;41m8[0;1;31;91;41m@[0;1;30;90;41m888[0;31;5;41;101m@@@[0;1;31;91;41m8[0;35;5;40;100m [0;1;37;97;47m%[0;37;5;47;107m;;;ttttttttttt%%[0;1;30;90;47m8[0;1;31;91;41m8[0;37;5;40;100m.[0;37;5;47;107m%8[0;1;31;91;41m88[0;37;5;47;107m8SXXXX[0;37;5;40;100m8[0m
[0;37;5;40;100m8[0;37;5;47;107mtttt;t[0;31;5;41;101m88[0;37;5;47;107m8;[0;1;30;90;47m8[0;31;5;41;101m@[0;1;30;90;47m8[0;37;5;47;107m:...             [0;1;37;97;47m:[0;35;5;40;100m:[0;35;5;41;101mX[0;31;5;41;101mXXXX[0;1;30;90;41m88[0;31;5;41;101m@X@[0;1;30;90;41m88[0;31;5;41;101m@@888[0;37;5;40;100m;[0;37;5;47;107m@;;tttttttttt%%[0;1;30;90;47m8[0;1;31;91;41m8[0;37;5;40;100m.[0;37;5;47;107m%8[0;1;31;91;41m88[0;37;5;47;107m8SXXXX[0;37;5;40;100m8[0m
[0;37;5;40;100m8[0;37;5;47;107mtttt;t[0;31;5;41;101m88[0;37;5;47;107m8;[0;1;30;90;47m8[0;31;5;41;101m@[0;1;30;90;47m8[0;37;5;47;107m:...           .[0;1;30;90;47mS[0;35;5;41;101m@XX[0;31;5;41;101mSXX[0;1;30;90;41m8[0;31;5;41;101mX8[0;1;30;90;41m8[0;1;31;91;41m@[0;1;30;90;41m8[0;1;31;91;41m8@8[0;31;5;41;101m@8888[0;1;30;90;41m8[0;37;5;47;107m8;tttttttttt%%[0;1;30;90;47m8[0;1;31;91;41m8[0;1;30;90;47m8[0;37;5;47;107m%8[0;1;31;91;41m88[0;37;5;47;107m8SXXXX[0;37;5;40;100m8[0m
[0;37;5;40;100m8[0;37;5;47;107mtttt;t[0;31;5;41;101m88[0;37;5;47;107m8;[0;1;30;90;47m8[0;31;5;41;101m@[0;1;30;90;47m8[0;37;5;47;107m:...           [0;1;37;97;47m [0;35;5;41;101mXXXXX[0;31;5;41;101mX@[0;31;5;40;100mX[0;1;30;90;41m8[0;31;5;40;100m@[0;1;31;91;41m8[0;31;5;41;101mX8[0;1;30;90;41m8[0;1;31;91;41m8[0;1;30;90;41m8[0;31;5;41;101m@88888[0;35;5;40;100m%[0;37;5;47;107mttttttttttt%%[0;1;30;90;47m8[0;1;31;91;41m8[0;1;30;90;47m8[0;37;5;47;107m%8[0;1;31;91;41m88[0;37;5;47;107m8SXXXX[0;37;5;40;100m8[0m
[0;37;5;40;100m8[0;37;5;47;107mtttt;t[0;31;5;41;101m88[0;37;5;47;107m8;[0;1;30;90;47m8[0;31;5;41;101m@[0;1;30;90;47m8[0;37;5;47;107m:...          ;[0;35;5;40;100m.[0;35;5;41;101mXXXX[0;31;5;41;101mSX[0;1;30;90;41m8[0;31;5;41;101mXX[0;1;30;90;41m8[0;1;31;91;41m8[0;31;5;41;101m8[0;1;31;91;41m8[0;1;30;90;41m8[0;31;5;41;101m@[0;1;30;90;41m8[0;31;5;41;101m8888888[0;1;30;90;47m:[0;37;5;47;107mtttttttttt%%[0;1;30;90;47m8[0;1;31;91;41m8[0;1;30;90;47m8[0;37;5;47;107m%8[0;1;31;91;41m88[0;37;5;47;107m8SXXXX[0;37;5;40;100m8[0m
[0;37;5;40;100m8[0;37;5;47;107mtttt;t[0;31;5;41;101m88[0;37;5;47;107m8;[0;1;30;90;47m8[0;31;5;41;101m@[0;1;30;90;47m8[0;37;5;47;107m:...          [0;1;37;97;47mX[0;35;5;41;101mXXXX[0;31;5;41;101mSXX[0;31;5;40;100mX[0;1;30;90;41m888[0;1;31;91;41m8[0;31;5;41;101m8[0;1;30;90;41m8[0;1;31;91;41m@[0;31;5;41;101m@[0;1;31;91;41mX8[0;31;5;41;101m888888[0;37;5;40;100m;[0;37;5;47;107mtttttttttt%%[0;1;30;90;47m8[0;1;31;91;41m8[0;37;5;40;100m.[0;37;5;47;107m%8[0;1;31;91;41m88[0;37;5;47;107m8SXXXX[0;37;5;40;100m8[0m
[0;37;5;40;100m8[0;37;5;47;107mtttt;t[0;31;5;41;101m88[0;37;5;47;107m8;[0;1;30;90;47m8[0;31;5;41;101m@[0;1;30;90;47m8[0;37;5;47;107m::...         [0;1;37;97;47m;[0;31;5;41;101mSSSXXXX[0;1;30;90;41m8[0;31;5;41;101mX@[0;1;30;90;41m8[0;31;5;41;101m@X[0;1;31;91;41m8[0;1;30;90;41m8[0;1;31;91;41m@[0;1;30;90;41m8[0;1;31;91;41m@[0;31;5;41;101m888888[0;35;5;40;100m.[0;37;5;47;107mtttttttttt%%[0;1;30;90;47m8[0;1;31;91;41m8[0;1;30;90;47m8[0;37;5;47;107m%8[0;1;31;91;41m88[0;37;5;47;107m8SXXXX[0;37;5;40;100m8[0m
[0;37;5;40;100mX[0;37;5;47;107mttttt;[0;31;5;41;101m88[0;1;37;97;47mX[0;37;5;47;107m;[0;1;30;90;47m8[0;31;5;41;101m8[0;1;30;90;47m8[0;37;5;47;107m::....        [0;1;37;97;47m8[0;31;5;41;101m@XXXXXX[0;1;30;90;41m8[0;31;5;41;101mX8[0;1;30;90;41m88[0;1;31;91;41mX[0;1;30;90;41m8[0;31;5;41;101m8@[0;1;30;90;41m@[0;31;5;41;101m8888888[0;1;30;90;47m8[0;37;5;47;107mttttttt%tt%%[0;1;30;90;47m8[0;1;31;91;41m8[0;1;30;90;47m8[0;37;5;47;107mS[0;1;37;97;47m@[0;1;31;91;41m88[0;37;5;47;107m8SXXXX[0;37;5;40;100mX[0m
[0;36;5;40;100m [0;37;5;47;107mttttt;[0;31;5;41;101m88[0;1;37;97;47m:[0;37;5;47;107m;[0;1;37;97;47m [0;31;5;41;101m8[0;35;5;41;101m@[0;37;5;47;107m:::.[0;1;37;97;47m8 [0;37;5;47;107m..       [0;37;5;40;100m:[0;31;5;41;101mXXXXXX8[0;1;30;90;41m888[0;31;5;41;101m@@[0;1;30;90;41m88[0;1;31;91;41mX[0;1;30;90;41m@[0;31;5;41;101m888888[0;1;31;91;41m@[0;1;37;97;47m@[0;37;5;47;107mttttt%[0;37;5;40;100mX[0;1;37;97;47m%[0;37;5;47;107mt%%%[0;35;5;40;100m:[0;1;31;91;41m8[0;1;30;90;47m8[0;37;5;47;107mS[0;1;37;97;47m.[0;1;31;91;41m88[0;37;5;47;107mSXXXX@[0;36;5;40;100m [0m
[0;30;5;40;100m@[0;37;5;47;107mtttttt[0;35;5;40;100m.[0;31;5;41;101m8[0;1;30;90;47mX[0;37;5;47;107m;[0;1;37;97;47m%[0;31;5;41;101m8@[0;37;5;47;107m;:::@[0;1;31;91;41m8[0;35;5;40;100m [0;1;37;97;47mS[0;37;5;47;107m..     8[0;1;31;91;41m8[0;31;5;41;101mXXXXXX[0;1;30;90;41m8[0;1;31;91;41m8[0;1;30;90;41m8[0;1;31;91;41m@[0;1;30;90;41m88[0;31;5;41;101m@[0;1;31;91;41m@@[0;31;5;41;101m888888[0;1;30;90;47m8[0;37;5;47;107mttttt[0;1;37;97;47m:[0;1;30;90;41m8[0;31;5;41;101m8[0;1;37;97;47m [0;37;5;47;107mt%%%[0;31;5;41;101m8[0;1;31;91;41m8[0;1;37;97;47m [0;37;5;47;107mS[0;1;30;90;47m8[0;1;31;91;41m8[0;31;5;41;101m8[0;37;5;47;107mSXXXX@[0;36;5;40;100m%[0m
 [0;37;5;47;107m%ttttt[0;1;30;90;47m8[0;31;5;41;101m8[0;1;30;90;47m8[0;37;5;47;107m;%[0;31;5;41;101m88[0;1;37;97;47mX[0;37;5;47;107m::::[0;1;30;90;41m8[0;31;5;41;101m@8[0;35;5;40;100m:[0;1;37;97;47m [0;37;5;47;107mS.....[0;1;37;97;47m8[0;35;5;40;100m%[0;31;5;41;101mXXX@@8[0;1;30;90;41m8[0;31;5;41;101m@@@[0;1;30;90;41m@[0;1;31;91;41mS[0;1;30;90;41m@[0;31;5;41;101m88888[0;1;31;91;41m8[0;1;30;90;47m8[0;37;5;47;107mttt[0;1;37;97;47mX[0;1;30;90;47m8[0;1;30;90;41m8[0;1;31;91;41m8[0;31;5;41;101m88[0;1;37;97;47m [0;37;5;47;107m%%%[0;1;37;97;47m@[0;1;31;91;41m88[0;37;5;47;107m8S[0;35;5;40;100m:[0;1;31;91;41m8[0;1;30;90;47m8[0;37;5;47;107mSXXXX@[0m 
 [0;1;37;97;47m;[0;37;5;47;107mttttt[0;1;37;97;47mS[0;31;5;41;101m88[0;37;5;47;107mS;[0;1;30;90;47m8[0;31;5;41;101m8[0;1;30;90;47m8[0;37;5;47;107m;;::[0;37;5;40;100m;[0;31;5;41;101m@8[0;1;31;91;41m@[0;31;5;41;101m@8[0;35;5;40;100m [0;1;30;90;47m%[0;1;37;97;47m8[0;37;5;47;107m...S[0;1;30;90;47m8[0;31;5;41;101m8@@@@[0;1;31;91;41m8[0;1;30;90;41m8[0;1;31;91;41mS[0;1;30;90;41m@[0;1;31;91;41m@[0;1;30;90;41mX[0;31;5;41;101m88888[0;31;5;40;100mS[0;1;37;97;47m;[0;37;5;47;107m%[0;1;37;97;47m:[0;1;30;90;47m8[0;1;31;91;41mX8[0;31;5;41;101m88[0;1;31;91;41mtSX[0;1;37;97;47mX[0;37;5;47;107m%%%[0;1;30;90;47m8[0;1;31;91;41m8[0;31;5;41;101m8[0;37;5;47;107mS@[0;1;31;91;41m88[0;1;37;97;47m [0;37;5;47;107mXXXX@[0;1;37;97;47mt[0m 
 [0;37;5;40;100mS[0;37;5;47;107mtttttt[0;31;5;41;101m88[0;1;37;97;47m [0;37;5;47;107m;[0;1;37;97;47m;[0;31;5;41;101m88[0;37;5;47;107m%;;;[0;1;30;90;47m:[0;31;5;41;101m8@[0;1;31;91;41mX[0;1;30;90;41m8[0;31;5;41;101m@@@8[0;1;30;90;41m8[0;1;30;90;47m8[0;1;37;97;47mX[0;37;5;47;107m::8[0;1;30;90;47m8[0;1;30;90;41m8[0;31;5;41;101m8@8[0;1;31;91;41m8[0;1;30;90;41m@X[0;1;31;91;41mS[0;31;5;41;101m888[0;1;31;91;41m@[0;35;5;40;100m [0;1;37;97;47m.@[0;1;30;90;47m8[0;1;31;91;41mX[0;31;5;41;101m8888[0;1;31;91;41mS[0;1;30;90;41m:[0;1;31;91;41m@[0;31;5;41;101m8[0;1;30;90;41m8[0;37;5;47;107m%%%X[0;31;5;41;101m8[0;1;31;91;41m8[0;1;37;97;47m [0;37;5;47;107mS[0;1;30;90;47mS[0;1;31;91;41m88[0;37;5;47;107mXXXXX@[0;37;5;40;100m@[0m 
  [0;37;5;47;107m%ttttt[0;1;37;97;47m [0;31;5;41;101m88[0;37;5;47;107m%t[0;35;5;41;101m@[0;31;5;41;101m8[0;1;30;90;47m8[0;37;5;47;107m;;;%[0;1;30;90;41m8[0;31;5;41;101m88[0;1;31;91;41m8[0;1;30;90;41m@[0;1;31;91;41m@[0;31;5;41;101m@@@@8[0;35;5;40;100m:[0;1;37;97;47mt[0;37;5;47;107m::;[0;1;37;97;47m8 [0;1;30;90;47m8[0;1;30;90;41m8[0;1;31;91;41m@%[0;1;30;90;41m8[0;1;30;90;47m8S[0;1;37;97;47m;[0;37;5;47;107mS[0;1;37;97;47m%[0;35;5;40;100m.[0;1;31;91;41m8[0;31;5;41;101m8888[0;1;31;91;41mX[0;1;30;90;41m;[0;1;31;91;41mt[0;31;5;41;101m88[0;1;31;91;41m8[0;1;30;90;47mX[0;37;5;47;107m%%%[0;1;30;90;47m8[0;1;31;91;41m8[0;31;5;41;101m8[0;37;5;47;107mXS[0;31;5;41;101m8[0;1;31;91;41m8[0;1;30;90;47m8[0;37;5;47;107mXXXX@@[0;1;30;90;40m8[0m 
  [0;1;30;90;47m;[0;37;5;47;107mtttttS[0;31;5;41;101m88[0;1;30;90;47mX[0;37;5;47;107mt[0;1;37;97;47m%[0;31;5;41;101m88[0;37;5;47;107m8;;;[0;1;37;97;47m [0;31;5;41;101m8888[0;1;30;90;41m@@[0;1;31;91;41mX[0;31;5;41;101m88888[0;37;5;40;100m;[0;37;5;47;107mX;;;;[0;35;5;40;100m [0;31;5;41;101m88[0;35;5;40;100m [0;37;5;47;107m;;@[0;37;5;40;100m;[0;1;31;91;41m8[0;31;5;41;101m8888[0;1;31;91;41m@[0;1;30;90;41m;[0;1;31;91;41m:[0;31;5;41;101m8888[0;31;5;40;100mS[0;37;5;47;107m%%%8[0;1;31;91;41m88[0;1;37;97;47m [0;37;5;47;107mS[0;1;37;97;47m [0;1;31;91;41m88[0;37;5;47;107m8XXX@@[0;1;30;90;47m.[0m  
  [0;1;30;90;40m8[0;37;5;47;107m%ttttt[0;1;37;97;47m [0;31;5;41;101m88[0;37;5;47;107m8t[0;1;30;90;47m8[0;31;5;41;101m8@[0;37;5;47;107m%;;;[0;37;5;40;100mS[0;31;5;41;101m88888[0;1;31;91;41mS[0;1;30;90;41mX[0;1;31;91;41m%8[0;31;5;41;101m888[0;1;30;90;41m8[0;1;37;97;47m8[0;37;5;47;107m;;;[0;37;5;40;100mt[0;31;5;41;101m88[0;35;5;40;100m:[0;37;5;47;107mt[0;1;37;97;47m8[0;1;30;90;41m8[0;31;5;41;101m8888[0;1;31;91;41mS[0;1;30;90;41m;;[0;1;31;91;41m8[0;31;5;41;101m8888[0;1;30;90;41m8[0;37;5;47;107m8%%S[0;31;5;41;101m8[0;1;31;91;41m8[0;37;5;40;100m.[0;37;5;47;107mS8[0;1;31;91;41m88[0;1;30;90;47mS[0;37;5;47;107mXXXX@@[0;30;5;40;100m@[0m  
   [0;1;30;90;47mX[0;37;5;47;107mtttttt[0;1;30;90;47m8[0;31;5;41;101m8[0;35;5;41;101m8[0;37;5;47;107mt%[0;35;5;41;101m8[0;31;5;41;101m8[0;1;30;90;47m8[0;37;5;47;107mt;;t[0;37;5;40;100m%[0;31;5;41;101m888888[0;1;31;91;41m@[0;1;30;90;41mSS[0;1;31;91;41mS8[0;31;5;41;101m8[0;1;30;90;41m8[0;37;5;47;107mS;;[0;37;5;40;100mt[0;31;5;41;101m88[0;35;5;40;100m;[0;37;5;47;107mt[0;35;5;40;100m%[0;31;5;41;101m88[0;1;31;91;41m8%[0;1;30;90;41m;[0;1;31;91;41mt8[0;31;5;41;101m8888[0;1;31;91;41m8[0;35;5;40;100m [0;37;5;47;107m@%%%[0;1;30;90;47m8[0;1;31;91;41m8[0;31;5;41;101m8[0;37;5;47;107m@S[0;35;5;40;100m:[0;1;31;91;41m8[0;35;5;40;100m:[0;37;5;47;107mXXXX@@[0;1;30;90;47m%[0m   
    [0;37;5;47;107m8tttttS[0;31;5;41;101m88[0;1;30;90;47m8[0;37;5;47;107mt@[0;31;5;41;101m88[0;1;30;90;47m8[0;37;5;47;107mtttt[0;1;30;90;47m:[0;1;31;91;41mX[0;31;5;41;101m888888[0;1;31;91;41m8%%%8[0;1;37;97;47m [0;37;5;47;107mtt[0;35;5;40;100m:[0;31;5;41;101m88[0;35;5;40;100m [0;37;5;47;107mX[0;1;31;91;41m%@t[0;1;30;90;41m;[0;1;31;91;41m%[0;31;5;41;101m88888[0;1;31;91;41m8[0;1;30;90;41m8[0;1;37;97;47m [0;37;5;47;107m%%%%[0;1;30;90;47m8[0;1;31;91;41m8[0;31;5;41;101m8[0;37;5;47;107m8S[0;1;30;90;47m8[0;1;31;91;41m88[0;37;5;47;107m8XXX@@[0;1;37;97;47m8[0m    
    [0;36;5;40;100m%[0;37;5;47;107m%ttttt8[0;31;5;41;101m88[0;1;30;90;47mS[0;37;5;47;107mt8[0;31;5;41;101m88[0;1;30;90;47m8[0;37;5;47;107mttttS[0;1;30;90;47m:[0;35;5;40;100m [0;1;31;91;41mX8[0;31;5;41;101m8888[0;1;31;91;41m@%S[0;35;5;40;100m [0;37;5;47;107m@t[0;1;30;90;41m8[0;31;5;41;101m88[0;1;30;90;47m8:[0;1;30;90;41m;[0;1;31;91;41m;%[0;31;5;41;101m8888[0;1;31;91;41m@[0;1;30;90;41m8[0;1;30;90;47m8[0;1;37;97;47m%[0;37;5;47;107m%%%%S[0;1;30;90;47m8[0;1;31;91;41m8[0;31;5;41;101m8[0;1;37;97;47mX[0;37;5;47;107mS[0;1;30;90;47mS[0;1;31;91;41m88[0;1;37;97;47mt[0;37;5;47;107mXXX@@@[0;36;5;40;100mt[0m    
     [0;36;5;40;100m [0;37;5;47;107m%ttttt[0;1;37;97;47mS[0;31;5;41;101m88[0;1;30;90;47m@[0;37;5;47;107mt8[0;31;5;41;101m88[0;35;5;41;101m@[0;37;5;47;107m@tttttt[0;1;37;97;47m8t    t.[0;1;30;90;41m8[0;1;31;91;41mX[0;1;30;90;47m@[0;1;31;91;41m%[0;31;5;41;101m8[0;1;31;91;41m8%[0;1;30;90;41m8[0;1;30;90;47m;S888S[0;1;37;97;47m:[0;37;5;47;107m8%%%%%%@[0;35;5;40;100m:[0;1;31;91;41m8[0;31;5;41;101m8[0;1;37;97;47m@[0;37;5;47;107mS[0;1;30;90;47m8[0;1;31;91;41m88[0;1;37;97;47m.[0;37;5;47;107mXXX@@@[0;36;5;40;100m [0m     
      [0;1;30;90;47m8[0;37;5;47;107m%%%ttt[0;1;37;97;47mS[0;31;5;41;101m88[0;1;30;90;47m8[0;37;5;47;107mtS[0;35;5;40;100m.[0;31;5;41;101m88[0;1;37;97;47mS[0;37;5;47;107mttttttttttttt8[0;1;30;90;41m8[0;31;5;41;101m8[0;1;31;91;41m8[0;31;5;41;101m88[0;31;5;40;100mS[0;37;5;47;107m@ttttt%%%%%%%%[0;1;37;97;47mX[0;31;5;41;101m8[0;1;31;91;41m8[0;35;5;41;101m8[0;37;5;47;107m8S[0;1;30;90;47m8[0;1;31;91;41m88[0;1;37;97;47m.[0;37;5;47;107mXXX@@@[0;1;30;90;47m@[0m      
       [0;1;30;90;47mX[0;37;5;47;107m%%%%tt[0;1;37;97;47m@[0;31;5;41;101m88[0;35;5;40;100m.[0;37;5;47;107mXt[0;1;30;90;47m@[0;31;5;41;101m88[0;1;30;90;47m8[0;37;5;47;107m%tttttttttttt[0;1;30;90;47m;[0;31;5;41;101m888[0;1;31;91;41m8[0;1;37;97;47m:[0;37;5;47;107mttt%%%%%%%%%S[0;1;30;90;47m@[0;1;31;91;41m88[0;1;30;90;47m8[0;37;5;47;107mS@[0;35;5;40;100m [0;1;31;91;41m88[0;1;37;97;47m%[0;37;5;47;107mXXX@@@[0;1;30;90;47m%[0m       
        [0;1;30;90;47m8[0;37;5;47;107m%%%%%%X[0;1;30;90;47m8[0;31;5;41;101m88[0;1;37;97;47m%[0;37;5;47;107mt[0;1;37;97;47m@[0;31;5;41;101m888[0;1;37;97;47mt[0;37;5;47;107mttttttttttt[0;1;37;97;47mt[0;1;31;91;41m8[0;31;5;41;101m888[0;37;5;40;100m;[0;37;5;47;107m%%%%%%%%%%%[0;1;37;97;47mt[0;31;5;41;101m8[0;1;31;91;41m8[0;31;5;41;101m8[0;1;37;97;47mt[0;37;5;47;107mS[0;1;37;97;47mt[0;31;5;41;101m8[0;1;31;91;41m8[0;35;5;40;100mt[0;37;5;47;107m8XX@@@@[0;1;30;90;47mX[0m        
         [0;37;5;40;100mX[0;37;5;47;107m%%%%%%%[0;1;30;90;47mX[0;31;5;41;101m88[0;1;30;90;47m8[0;37;5;47;107mS%[0;1;30;90;47m8[0;31;5;41;101m88[0;1;30;90;47m8[0;37;5;47;107m8ttttttttt[0;37;5;40;100mt[0;1;31;91;41m888[0;31;5;40;100mS[0;1;37;97;47m8[0;37;5;47;107m%%%%%%%%%8[0;1;30;90;47m8[0;1;31;91;41m88[0;1;30;90;47m8[0;37;5;47;107mXX[0;1;30;90;47m8[0;1;31;91;41m88[0;1;30;90;47m8[0;37;5;47;107mXXX@@@@[0;37;5;40;100mX[0m         
          [0;36;5;40;100m;[0;37;5;47;107m8%%%%%%[0;1;37;97;47mX[0;31;5;41;101m8[0;1;31;91;41m8[0;31;5;41;101m8[0;1;37;97;47m.[0;37;5;47;107m%8[0;1;30;90;47m8[0;1;31;91;41m8[0;31;5;41;101m8[0;1;30;90;47m8[0;37;5;47;107m8%%%%%%[0;1;30;90;47m@[0;1;31;91;41m@X[0;35;5;40;100m;[0;1;37;97;47m [0;37;5;47;107m%%%%%%%%S8[0;1;30;90;47m8[0;1;31;91;41m88[0;35;5;40;100m [0;1;37;97;47m@[0;37;5;47;107mS[0;1;37;97;47m:[0;31;5;41;101m8[0;1;31;91;41m88[0;1;37;97;47m;[0;37;5;47;107mXX@@@@[0;1;37;97;47m8[0;36;5;40;100m:[0m          
            [0;1;37;97;47m:[0;37;5;47;107mS%%%%%S[0;1;30;90;47mS[0;31;5;41;101m8[0;1;31;91;41m8[0;35;5;40;100m:[0;1;37;97;47mX[0;37;5;47;107m%[0;1;37;97;47m@[0;37;5;40;100m.[0;1;31;91;41m8[0;31;5;41;101m8[0;1;30;90;47m8[0;1;37;97;47m@[0;37;5;47;107m%%%[0;1;37;97;47mX[0;1;30;90;47mS[0;1;37;97;47m;[0;37;5;47;107mX%%%%%%SSS[0;1;37;97;47m@[0;1;30;90;47m8[0;1;31;91;41m88[0;35;5;40;100m:[0;1;37;97;47m%[0;37;5;47;107mS[0;1;37;97;47mX[0;35;5;40;100m.[0;1;31;91;41m88[0;1;30;90;47m8[0;37;5;47;107m@X@@@@@[0;1;37;97;47m;[0m            
             [0;37;5;40;100m@[0;37;5;47;107mXSSS%%%@[0;1;30;90;47m8[0;1;31;91;41m88[0;1;30;90;47m8[0;1;37;97;47m@[0;37;5;47;107m%[0;1;37;97;47mX[0;1;30;90;47m8[0;1;31;91;41m88[0;35;5;40;100m:[0;1;37;97;47m.[0;37;5;47;107m%%%%%%SSSSSS[0;1;37;97;47m;[0;35;5;40;100m.[0;1;31;91;41m88[0;35;5;40;100m.[0;1;37;97;47mt[0;37;5;47;107mS[0;1;37;97;47m8[0;1;30;90;47m8[0;1;31;91;41m88[0;1;30;90;47m8[0;37;5;47;107m8X@@@@@8[0;37;5;40;100m8[0m             
              [0;30;5;40;100m8[0;1;37;97;47m;[0;37;5;47;107mSSSSSSS[0;1;37;97;47m@[0;1;30;90;47m8[0;1;31;91;41m88[0;1;30;90;47m8[0;1;37;97;47mS[0;37;5;47;107mS8[0;1;30;90;47m8[0;31;5;41;101m8[0;1;31;91;41m8[0;31;5;41;101m8[0;1;30;90;47m8[0;1;37;97;47m8[0;37;5;47;107mSSSSSS8[0;1;30;90;47m8[0;31;5;41;101m8[0;1;31;91;41m88[0;1;30;90;47m8[0;1;37;97;47m@[0;37;5;47;107mX[0;1;37;97;47mX[0;1;30;90;47m8[0;1;31;91;41m88[0;35;5;40;100m.[0;1;37;97;47m%[0;37;5;47;107mX@@@@@@[0;1;37;97;47m:[0;30;5;40;100m8[0m              
                [0;36;5;40;100m [0;1;37;97;47m8[0;37;5;47;107mSSSSSSS[0;1;37;97;47m8[0;1;30;90;47m8[0;1;31;91;41m88[0;35;5;41;101m8[0;1;37;97;47m [0;37;5;47;107mXX[0;1;37;97;47m [0;35;5;40;100m;[0;1;31;91;41m88[0;31;5;41;101m8[0;1;30;90;47m@[0;37;5;47;107m88[0;1;30;90;47mX[0;35;5;41;101m8[0;1;31;91;41m88[0;35;5;40;100mt[0;1;37;97;47m [0;37;5;47;107m@X[0;1;37;97;47m [0;35;5;40;100mt[0;1;31;91;41m88[0;1;30;90;47m8[0;1;37;97;47mX[0;37;5;47;107m@@@@@@@[0;1;37;97;47m8[0;36;5;40;100m [0m                
                  [0;37;5;40;100m8[0;37;5;47;107m@SSSSSSS8[0;1;30;90;47m8[0;1;31;91;41m888[0;1;30;90;47m8[0;1;37;97;47m8[0;37;5;47;107mS8[0;1;30;90;47m@[0;31;5;41;101m8[0;1;31;91;41m8888[0;31;5;41;101m8[0;1;30;90;47m8[0;37;5;47;107m8X[0;1;37;97;47m8[0;1;30;90;47m8[0;1;31;91;41m888[0;1;30;90;47m8[0;1;37;97;47m8[0;37;5;47;107m@@@@@@@8[0;37;5;40;100m8[0m                  
                    [0;1;30;90;47m8[0;37;5;47;107m8XXXXXXXX[0;1;37;97;47m [0;35;5;40;100m:[0;1;31;91;41m88[0;35;5;41;101m8[0;1;30;90;47mX[0;37;5;47;107m8X[0;1;37;97;47m@[0;1;30;90;47m88[0;1;37;97;47mX[0;37;5;47;107mX8[0;1;30;90;47mX[0;35;5;41;101m8[0;1;31;91;41m88[0;35;5;40;100m%[0;1;37;97;47m [0;37;5;47;107m@@@@@@@@8[0;1;30;90;47m8[0m                    
                      [0;37;5;40;100m@[0;1;37;97;47m8[0;37;5;47;107mXXXXXXXX8[0;1;30;90;47m8[0;31;5;41;101m8[0;1;31;91;41m88[0;31;5;41;101m8[0;1;30;90;47m8[0;1;37;97;47mX@[0;1;30;90;47m@[0;35;5;40;100m%[0;1;31;91;41m888[0;1;30;90;47m8[0;1;37;97;47m@[0;37;5;47;107m@@@@@@@@[0;1;37;97;47m8[0;37;5;40;100m8[0m                      
                        [0;36;5;40;100m [0;1;37;97;47mS[0;37;5;47;107mXXXXXXXXX[0;1;37;97;47m@[0;1;30;90;47m8[0;1;31;91;41m888888[0;1;30;90;47m8[0;1;37;97;47mX[0;37;5;47;107m@@@@@@@@@[0;1;37;97;47mS[0;36;5;40;100m [0m                        
                          [0;30;5;40;100mS[0;1;30;90;47m%[0;37;5;47;107m8@@@@@@@@@[0;1;37;97;47m8[0;1;30;90;47mSX[0;1;37;97;47m@[0;37;5;47;107m@@@@@@@@@8[0;1;30;90;47m;[0;36;5;40;100mt[0m                          
                             [0;36;5;40;100m [0;1;37;97;47m.[0;37;5;47;107m@@@@@@@@@@@@@@@@@@[0;1;37;97;47m:[0;36;5;40;100m [0m                             
                                [0;36;5;40;100m [0;1;37;97;47m;[0;37;5;47;107m@@@@@@@@@@@@[0;1;37;97;47mt[0;37;5;40;100mX[0m                                
                                   [0;36;5;40;100m [0;1;30;90;47m;[0;37;5;47;107m8@@@@8[0;1;30;90;47m.[0;36;5;40;100m [0m                                   
                                      [0;30;5;40;100mS[0;37;5;40;100m@@[0;36;5;40;100m%[0m                                      
