[0;36;5;40;100m [0;1;30;90;47m....  tt  [0;1;37;97;47m    [0;1;30;90;47m;t[0;1;37;97;47m      [0;1;30;90;47m;;[0;1;37;97;47m      [0;1;30;90;47m;t[0;1;37;97;47m      [0;1;30;90;47m;t[0;1;37;97;47m      [0;1;30;90;47m;t     .t%......%%::::::%X;;;;;;[0;36;5;40;100m [0m
[0;30;5;40;100m8[0;1;37;97;47mS[0;37;5;47;107m%%%%[0;1;37;97;47m8[0;36;5;40;100m  [0;1;37;97;47m8[0;37;5;47;107mtttt[0;1;37;97;47m8[0;36;5;40;100m  [0;1;37;97;47m@[0;37;5;47;107mtttt8[0;36;5;40;100m  [0;1;37;97;47m8[0;37;5;47;107mtttt8[0;36;5;40;100m  [0;1;37;97;47m8[0;37;5;47;107mtttt[0;1;37;97;47m8[0;36;5;40;100m  [0;1;37;97;47m@[0;37;5;47;107mtttt8[0;36;5;40;100m  [0;1;37;97;47m8[0;37;5;47;107mtt%%[0;1;37;97;47m8[0;36;5;40;100m  [0;1;37;97;47mX[0;37;5;47;107m%%SS[0;1;37;97;47m8[0;36;5;40;100m  [0;1;37;97;47mS[0;37;5;47;107mSXXX[0;1;37;97;47m@[0;36;5;40;100m  [0;1;37;97;47m%[0;37;5;47;107m@@@@[0;1;37;97;47mS[0;30;5;40;100m8[0m
[0;37;5;40;100mX[0;37;5;47;107m%%%%tt[0;1;30;90;47m t[0;37;5;47;107mtttttt[0;1;37;97;47m.[0;1;30;90;47m%[0;37;5;47;107mtttttt[0;1;37;97;47m [0;1;30;90;47m:[0;37;5;47;107mtttttt[0;1;37;97;47m:[0;1;30;90;47m;[0;37;5;47;107mtttttt[0;1;30;90;47m.;[0;37;5;47;107mtttttt[0;1;37;97;47m [0;1;30;90;47m;[0;37;5;47;107mttttt%[0;1;30;90;47m S[0;37;5;47;107m%%%%SS[0;1;30;90;47m;t[0;37;5;47;107mSSSXXX[0;1;30;90;47m:X[0;37;5;47;107m@@@@@@[0;37;5;40;100m@[0m
[0;30;5;40;100mS[0;37;5;47;107m@%tttS[0;36;5;40;100m  [0;37;5;47;107mSttttS[0;36;5;40;100m  [0;37;5;47;107mStttt%[0;37;5;40;100mS[0;36;5;40;100m [0;37;5;47;107mS;;;;%[0;37;5;40;100mX[0;36;5;40;100m [0;37;5;47;107mS;;tt%[0;36;5;40;100m  [0;37;5;47;107mXtttt%[0;36;5;40;100m  [0;37;5;47;107mSttttS[0;36;5;40;100m  [0;37;5;47;107mX%%%%X[0;36;5;40;100m  [0;37;5;47;107m@SSSX@[0;36;5;40;100m .[0;37;5;47;107m8@@@@8[0;36;5;40;100m%[0m
[0;37;5;40;100m@[0;37;5;47;107m%tttttttttttttttt;;;;;;;;;;;;;;;;;;;;;;;tttttttttttttttt%%%%%%%SSSSSSXXXX@@@@@[0;37;5;40;100m8[0m
[0;37;5;40;100m@[0;37;5;47;107mtt[0;1;37;97;47mS%[0;37;5;47;107mtttttt[0;1;37;97;47mX%[0;37;5;47;107mtt;;;;[0;1;37;97;47mXS[0;37;5;47;107m;;;;;;[0;1;37;97;47m@X[0;37;5;47;107m;;;;;;[0;1;37;97;47m@S[0;37;5;47;107m;;;;;;[0;1;37;97;47mXS[0;37;5;47;107mtttttt[0;1;37;97;47mX%[0;37;5;47;107mttttt%[0;1;37;97;47m%t[0;37;5;47;107m%%%%SS[0;1;37;97;47m%;[0;37;5;47;107mSSXXXX[0;1;37;97;47m;.[0;37;5;47;107m@@[0;37;5;40;100m8[0m
[0;37;5;40;100m8[0;37;5;47;107mt[0;1;37;97;47m8[0;37;5;40;100m@@[0;1;37;97;47m8[0;37;5;47;107mtttt8[0;37;5;40;100m88[0;1;37;97;47m8[0;37;5;47;107m;;;;8[0;1;30;90;47m88[0;1;37;97;47m8[0;37;5;47;107m;;;;@[0;1;30;90;47m88[0;37;5;47;107m8:::;8[0;1;30;90;47m88[0;1;37;97;47m8[0;37;5;47;107m;;;;8[0;37;5;40;100m88[0;1;37;97;47m8[0;37;5;47;107mtttt8[0;37;5;40;100m8@[0;1;37;97;47m@[0;37;5;47;107mtttt[0;1;37;97;47m8[0;37;5;40;100m@@[0;1;37;97;47mX[0;37;5;47;107m%%%%[0;1;37;97;47m8[0;37;5;40;100mXS[0;1;37;97;47mX[0;37;5;47;107mSXXX[0;1;37;97;47mS[0;37;5;40;100mS[0;36;5;40;100m [0;1;37;97;47mt[0;37;5;47;107m@[0;37;5;40;100m8[0m
[0;37;5;40;100m8[0;37;5;47;107mtt[0;1;30;90;47m8[0;37;5;40;100m8[0;37;5;47;107mtttttt[0;1;30;90;47mX[0;37;5;40;100m8[0;37;5;47;107m;;;;;;[0;1;30;90;47m@8[0;37;5;47;107m::::::[0;1;30;90;47m%@[0;37;5;47;107m::::::[0;1;30;90;47mS8[0;37;5;47;107m:;;;;;[0;1;30;90;47m@8[0;37;5;47;107m;;tttt[0;1;30;90;47mX[0;37;5;40;100m@[0;37;5;47;107mtttttt[0;37;5;40;100m8X[0;37;5;47;107m%%%%%%[0;1;30;90;47m8[0;37;5;40;100mX[0;37;5;47;107mSSSXXX[0;37;5;40;100m8[0;36;5;40;100m [0;37;5;47;107m@@[0;37;5;40;100m8[0m
[0;37;5;40;100m8[0;37;5;47;107mtS[0;1;30;90;47mSX[0;37;5;47;107mStttt%[0;1;30;90;47mtS[0;37;5;47;107mS;;;;t[0;1;30;90;47m;t[0;37;5;47;107m%::::;[0;1;30;90;47m.;[0;37;5;47;107mt::::t[0;1;30;90;47m:t[0;37;5;47;107m%:::;t[0;1;30;90;47mt%[0;37;5;47;107m%;;;t%[0;1;30;90;47mtX[0;37;5;47;107mSttttS[0;1;30;90;47mX@[0;37;5;47;107m@%%%%X[0;1;30;90;47mX8[0;37;5;47;107m@SSSX8[0;1;30;90;47m@[0;37;5;40;100m8[0;37;5;47;107m8@[0;37;5;40;100m8[0m
[0;37;5;40;100m8[0;37;5;47;107mtttttttt;;;;;;;:::::::.............:::::::;;;;;;;tttttttttttt%%%%%%SSSSSXXXX@@[0;37;5;40;100m8[0m
[0;36;5;40;100m [0;37;5;47;107mStttt%[0;1;30;90;47m.;[0;1;37;97;47mt[0;37;5;47;107mX;;;t[0;1;37;97;47m [0;1;30;90;47m.[0;37;5;47;107mt:[0;1;37;97;47mX[0;37;5;47;107m:.:[0;1;37;97;47m::[0;37;5;47;107m:....:[0;1;37;97;47m;.[0;37;5;47;107m;....;[0;1;37;97;47m.[0;1;30;90;47m [0;37;5;47;107mt::;;t[0;1;30;90;47m.:[0;37;5;47;107m%;tttS[0;1;30;90;47m:%[0;37;5;47;107mSttttS[0;1;30;90;47mtt[0;37;5;47;107mX%%SSX[0;1;30;90;47mtX[0;37;5;47;107m@XXXX8[0;36;5;40;100m [0m
[0;36;5;40;100m;[0;1;37;97;47m8[0;37;5;47;107mtttt@[0;1;30;90;47mS@[0;31;5;40;100mS[0;1;30;90;41m8[0;1;37;97;47m%[0;37;5;47;107mXS@[0;1;30;90;47m;S[0;1;37;97;47m8[0;1;30;90;47m8X[0;37;5;47;107m..S[0;1;30;90;47m::[0;37;5;47;107mS    %[0;1;30;90;47m.;[0;37;5;47;107mS ...S[0;1;30;90;47m;t[0;37;5;47;107m8:::;X[0;1;30;90;47m%X[0;37;5;47;107m8;;tt8[0;1;30;90;47mS8[0;1;37;97;47m8[0;37;5;47;107mtttt8[0;1;30;90;47m@8[0;1;37;97;47m8[0;37;5;47;107m%%%S[0;1;37;97;47m8[0;1;30;90;47m8[0;37;5;40;100m8[0;1;37;97;47m@[0;37;5;47;107mXXXX[0;1;37;97;47m@[0;36;5;40;100m;[0m
[0;36;5;40;100mt[0;37;5;47;107m%ttttt[0;36;5;40;100m  [0;1;30;90;47m8[0;1;30;90;41mXX[0;1;31;91;41m888[0;1;30;90;41m88[0;1;31;91;41m8[0;31;5;40;100m@[0;1;37;97;47mt [0;1;30;90;47m8[0;35;5;40;100m [0;37;5;40;100m8@[0;37;5;47;107m.     [0;1;30;90;47m8[0;37;5;40;100mX[0;37;5;47;107m.   ..[0;37;5;40;100mX[0;36;5;40;100m [0;37;5;47;107m;::::;[0;37;5;40;100m%[0;36;5;40;100m [0;37;5;47;107mt;;ttt[0;36;5;40;100m .[0;37;5;47;107m%tttt%[0;36;5;40;100m  [0;37;5;47;107mS%%%SS[0;36;5;40;100m ;[0;37;5;47;107mXSXXX@[0;36;5;40;100m;[0m
[0;37;5;40;100mX[0;37;5;47;107mSttttt[0;1;37;97;47m88[0;37;5;47;107mt[0;35;5;40;100m%[0;31;5;41;101m8[0;1;31;91;41m@@@[0;1;30;90;41m8[0;1;31;91;41m@[0;1;30;90;41m8[0;31;5;41;101m8[0;1;31;91;41m88[0;1;30;90;41m8[0;1;30;90;47m8[0;1;37;97;47m.[0;37;5;47;107m8:    .X@:    :@8;.:::;8[0;1;37;97;47m8[0;37;5;47;107mt;;;t%[0;1;37;97;47m8@[0;37;5;47;107mS@@%t%[0;1;37;97;47m@@[0;37;5;47;107mS%%%%X[0;1;37;97;47mXS[0;37;5;47;107m@SXXX8[0;37;5;40;100mX[0m
[0;37;5;40;100m8[0;37;5;47;107mtttt;;;;X[0;1;31;91;41mS[0;31;5;41;101m8@@@@@@[0;1;31;91;41m8[0;31;5;41;101mXXXXX8[0;37;5;40;100m:[0;1;30;90;47m8[0;1;37;97;47m ;;:.   [0;1;30;90;47mSX@@S[0;1;37;97;47m .:;tttt;;:. [0;1;30;90;47m%8[0;35;5;40;100m:[0;1;30;90;41m8[0;1;31;91;41mX@@SS[0;31;5;40;100m%[0;1;30;90;47mX[0;37;5;47;107m%%%%%%SSSSSXXXX[0;37;5;40;100m8[0m
[0;37;5;40;100m8[0;37;5;47;107mt8[0;37;5;40;100m@@[0;37;5;47;107m8;;t[0;37;5;40;100mt[0;31;5;41;101m88@@@@XXXXXXXXS[0;35;5;41;101mXXXXXXXXX[0;31;5;41;101mXXXXXXXX@@@@@8888888888888888[0;1;31;91;41m8S[0;1;30;90;47m8[0;1;37;97;47m:[0;37;5;40;100mS[0;36;5;40;100m [0;1;37;97;47m8[0;37;5;47;107mSSSS[0;1;37;97;47m@[0;36;5;40;100m  [0;1;37;97;47mX[0;37;5;47;107mX[0;37;5;40;100m8[0m
[0;37;5;40;100m8[0;37;5;47;107mt%[0;1;30;90;47m.:[0;37;5;47;107m%;;X[0;1;30;90;41m8[0;1;31;91;41m8[0;31;5;41;101m8@[0;1;31;91;41m@[0;1;30;90;41m8[0;35;5;40;100m [0;1;31;91;41m@[0;31;5;41;101mXXXXXXS[0;35;5;41;101mXXXXXXXXXX[0;31;5;41;101mSXXXXXXXX@@@@88888888888888888[0;1;31;91;41m88@[0;1;30;90;41m@[0;37;5;40;100m@[0;37;5;47;107mXSSSS@[0;1;30;90;47m;@[0;37;5;47;107m8X[0;37;5;40;100m8[0m
[0;37;5;40;100m8[0;37;5;47;107mt%[0;36;5;40;100m  [0;37;5;47;107mS;;;[0;35;5;40;100m%[0;31;5;41;101m8@@[0;31;5;40;100mS8[0;1;30;90;41m8[0;31;5;41;101mXXXXXXXS[0;35;5;41;101mXXX[0;35;5;40;100m;[0;35;5;41;101mXXXXXXX[0;31;5;41;101mXXXXXXXX@@@@88888888888888888[0;1;31;91;41m88X[0;30;41m@[0;1;31;91;41mt[0;31;5;40;100mX[0;1;37;97;47m8[0;37;5;47;107mSSS8[0;36;5;40;100m:[0;30;5;40;100mS[0;37;5;47;107m8X[0;37;5;40;100m8[0m
[0;37;5;40;100m8[0;37;5;47;107mtt%%;;;[0;1;30;90;47m8[0;31;5;41;101m888@8@@XXXXXXXX[0;35;5;41;101mXXX[0;35;5;40;100mt[0;35;5;41;101mXXXXXX[0;31;5;41;101mSXXXXXXXX@@@@88888888888888888[0;1;31;91;41m888S[0;1;30;90;47m;[0;1;30;90;41m88[0;37;5;47;107m@SSSX8XX[0;37;5;40;100m8[0m
[0;37;5;40;100m@[0;37;5;47;107mtttt;@[0;37;5;40;100m%[0;31;5;41;101m8888@[0;1;31;91;41m8[0;31;5;41;101m@@XX8[0;1;30;90;41m8[0;31;5;41;101mXXXXXS[0;35;5;41;101m8[0;35;5;40;100m%[0;35;5;41;101mXXXXX[0;31;5;41;101mSXXXXXXXX@@@@@88888888888888888[0;1;31;91;41m8888[0;31;5;40;100mS[0;1;30;90;47m:[0;1;31;91;41m8[0;1;30;90;47m8[0;1;37;97;47m@[0;37;5;47;107mSSXXXX[0;37;5;40;100m8[0m
[0;30;5;40;100m8[0;1;37;97;47mX[0;37;5;47;107mttt;[0;1;30;90;47mS[0;31;5;41;101m88[0;1;31;91;41m%[0;31;5;41;101m88@[0;1;30;90;41m8[0;1;31;91;41m88[0;35;5;40;100m%[0;37;5;40;100mS[0;1;30;90;41m8[0;31;5;41;101mXXXXXXX[0;31;5;40;100mS[0;31;5;41;101mSSSSSXXXXXXXXXX@@@@888888888888888888[0;1;31;91;41m8888t[0;37;5;47;107m8[0;1;30;90;41mt@[0;36;5;40;100m [0;1;37;97;47mS[0;37;5;47;107mSXXX[0;1;37;97;47mS[0;30;5;40;100m8[0m
[0;37;5;40;100m%[0;37;5;47;107mtttttt[0;35;5;40;100m [0;1;31;91;41m8X@[0;31;5;41;101m88[0;35;5;40;100m [0;37;5;47;107mX[0;1;37;97;47m.[0;1;30;90;47m;[0;37;5;47;107m.8[0;35;5;40;100m [0;31;5;41;101mXXXXXX[0;1;30;90;41m8[0;31;5;41;101mXXXXXXXXXXXXXX@@@@@88888888888888888[0;1;31;91;41m88888X[0;1;37;97;47mX[0;35;5;40;100m;[0;1;31;91;41m.[0;1;30;90;47m8[0;37;5;47;107mSSXXXX[0;37;5;40;100mS[0m
[0;30;5;40;100m8[0;37;5;47;107mXtttt%[0;37;5;40;100m8X[0;1;30;90;47mS@S[0;1;37;97;47m;[0;37;5;47;107m;t[0;1;30;90;47m@[0;37;5;40;100m8[0;37;5;47;107mt.:[0;1;30;90;47m;[0;31;5;41;101m8XXX[0;1;30;90;41m8[0;31;5;41;101m8XXXXXXXXXXXXX@@@@@888888888888888888[0;1;31;91;41m88888S[0;1;37;97;47mX[0;1;30;90;47m8[0;1;31;91;41mX[0;36;5;40;100m [0;37;5;47;107m8XXXX8[0;30;5;40;100m@[0m
[0;30;5;40;100m@[0;37;5;47;107mtttttt;;;;;;;:::::..@[0;37;5;40;100m;[0;31;5;41;101m@X[0;1;30;90;41m8[0;31;5;41;101mXXX[0;1;30;90;41m8[0;31;5;41;101mXXXXXXXX@[0;1;31;91;41m8[0;31;5;41;101m@@@@8888888888888888888[0;1;31;91;41m88888t[0;37;5;47;107m@[0;1;30;90;47m:[0;1;31;91;41m8[0;1;30;90;47m:[0;37;5;47;107mSXXXX@[0;36;5;40;100m%[0m
 [0;37;5;47;107m%t[0;1;37;97;47mt;[0;37;5;47;107mttt;;;[0;1;37;97;47mSt[0;37;5;47;107m;;::::[0;1;37;97;47mXS[0;37;5;47;107m.:[0;1;37;97;47m [0;1;31;91;41m8[0;31;5;41;101m@XXX[0;1;31;91;41m88[0;31;5;41;101mXXXX@@@@8[0;1;31;91;41mX[0;31;5;41;101m@@8888888888888888888[0;1;31;91;41m888888[0;1;30;90;41m%[0;37;5;47;107mS[0;1;37;97;47mS[0;1;31;91;41mS[0;1;30;90;47m@[0;37;5;47;107mSX[0;1;37;97;47m:[0;1;30;90;47m.[0;37;5;47;107mX@[0m 
 [0;1;37;97;47m;8[0;37;5;40;100m88[0;1;37;97;47m8[0;37;5;47;107mttt;8[0;1;30;90;47m88[0;1;37;97;47m8[0;37;5;47;107m;;;:8[0;1;30;90;47m@X[0;1;37;97;47m8[0;37;5;47;107m::[0;1;37;97;47m@[0;1;30;90;41m8[0;31;5;41;101m8@@@[0;1;31;91;41m8X[0;31;5;41;101m@@@@@@@@[0;1;30;90;41m@[0;31;5;41;101m88888888[0;1;31;91;41mX[0;35;5;40;100mt:[0;1;30;90;41m%[0;1;31;91;41mSSSSSSS%8888888X[0;1;30;90;47m@[0;37;5;47;107m@[0;1;31;91;41m;[0;1;30;90;47m8[0;37;5;47;107mX[0;1;37;97;47mX[0;37;5;40;100m@S[0;1;37;97;47m%t[0m 
 [0;37;5;40;100mS[0;37;5;47;107mt[0;37;5;40;100m@X[0;37;5;47;107mttttt;[0;1;30;90;47m8[0;37;5;40;100mX[0;37;5;47;107m;;;;;;[0;1;30;90;47m8[0;37;5;40;100m@[0;37;5;47;107m::8[0;35;5;40;100mt[0;31;5;41;101m@[0;1;31;91;41m8@@[0;31;5;41;101m8@8[0;1;31;91;41mX@[0;31;5;41;101m8@@@88[0;1;30;90;41m@[0;31;5;41;101m8888[0;1;31;91;41mX[0;37;5;40;100m;[0;1;30;90;47mt[0;1;37;97;47m8[0;37;5;47;107mtt[0;37;5;40;100m8[0;35;5;40;100m [0;1;30;90;47m8[0;1;31;91;41m@[0;31;5;41;101m88888[0;1;31;91;41m8;[0;1;30;90;41m8[0;1;31;91;41m8888888[0;35;5;40;100m.[0;1;30;90;41m%[0;35;5;40;100m [0;37;5;47;107mXX[0;37;5;40;100mS[0;36;5;40;100m [0;37;5;47;107m@[0;37;5;40;100m@[0m 
  [0;37;5;47;107mX[0;1;30;90;47m.:[0;37;5;47;107mStttt%[0;1;37;97;47m [0;1;30;90;47m.[0;37;5;47;107mS;;;;%[0;1;37;97;47m. [0;37;5;47;107m8[0;1;30;90;47m8[0;1;31;91;41m8[0;31;5;41;101m@@@@@[0;31;5;40;100mS[0;1;30;90;47mX88[0;35;5;40;100m:[0;31;5;40;100mX[0;1;30;90;41m8[0;1;31;91;41m8[0;31;5;41;101m888[0;31;5;40;100mS[0;35;5;40;100m [0;1;30;90;47m8@[0;1;37;97;47m [0;37;5;47;107mS;ttt%[0;1;30;90;47m :[0;37;5;47;107mS[0;1;37;97;47m [0;1;31;91;41mX[0;31;5;41;101m8888[0;1;31;91;41m8[0;35;5;40;100mt[0;37;5;47;107m%[0;1;37;97;47m.[0;37;5;40;100m;[0;1;30;90;41m8[0;1;31;91;41m@888:[0;1;30;90;41mX8[0;37;5;47;107mX8[0;1;30;90;47mtS[0;37;5;47;107m8[0;1;30;90;40m8[0m 
  [0;1;30;90;47m;[0;37;5;47;107mttttttttttt;;;;;S[0;1;30;90;47m8[0;1;31;91;41m8[0;31;5;41;101m8888[0;1;31;91;41m8X[0;1;30;90;47mX[0;37;5;47;107mt;;;;;;[0;1;30;90;47m:[0;1;31;91;41m8[0;31;5;41;101m8[0;1;31;91;41m8[0;1;37;97;47mS[0;37;5;47;107m;;;;tttttttttt[0;1;37;97;47m8[0;1;31;91;41m%[0;31;5;41;101m88[0;1;31;91;41m8@[0;1;37;97;47m;[0;37;5;47;107m%%%%[0;1;37;97;47mS[0;1;30;90;41mX[0;1;31;91;41m88S[0;1;30;90;41m:[0;1;31;91;41m@[0;1;30;90;47m8[0;37;5;47;107mX@@[0;1;30;90;47m.[0m  
  [0;1;30;90;40m8[0;37;5;47;107m%ttS[0;1;30;90;47m%X[0;37;5;47;107mXttttX[0;1;30;90;47mtS[0;37;5;47;107mX[0;1;30;90;47mt[0;1;31;91;41m@[0;31;5;41;101m888[0;1;31;91;41m8[0;35;5;40;100m%[0;1;37;97;47m [0;37;5;47;107m@;;;%[0;1;30;90;47m;%[0;37;5;47;107mS;;;[0;37;5;40;100m;[0;31;5;41;101m88[0;37;5;40;100m8[0;37;5;47;107mX;tttS[0;1;30;90;47m%S[0;37;5;47;107mXttttX[0;1;30;90;47m@[0;1;31;91;41mt[0;31;5;41;101m8[0;1;31;91;41m88[0;1;30;90;41m8[0;37;5;47;107m%@[0;1;30;90;47mX@[0;37;5;47;107m8S[0;37;5;40;100m;[0;1;31;91;41m88[0;1;30;90;41m;[0;31;5;40;100m@[0;30;41mt[0;35;5;40;100m [0;37;5;47;107mX@@[0;30;5;40;100m@[0m  
   [0;1;30;90;47mX[0;37;5;47;107mtt@[0;1;30;90;47m%@[0;37;5;47;107m8tttt@[0;1;30;90;47mt[0;37;5;40;100m8[0;1;30;90;41m8[0;31;5;41;101m88[0;1;31;91;41m8[0;1;30;90;41m8[0;1;30;90;47m8t%[0;37;5;47;107m@;;;;X[0;1;30;90;47m;S[0;37;5;47;107m@;;;[0;1;37;97;47m.[0;31;5;41;101m88[0;35;5;40;100m [0;37;5;47;107m8tttt@[0;1;30;90;47m%X[0;37;5;47;107m8tttt[0;1;37;97;47m8[0;1;30;90;41mX[0;1;31;91;41m88X[0;35;5;40;100m [0;1;37;97;47mX[0;37;5;47;107m%8[0;1;30;90;47mX8[0;1;37;97;47m8[0;37;5;47;107mS8[0;31;5;40;100mX[0;1;31;91;41m8[0;1;30;90;41mX[0;37;5;40;100m@[0;35;5;40;100m [0;1;37;97;47m%[0;37;5;47;107m@@[0;1;30;90;47m%[0m   
    [0;37;5;47;107m8t%[0;36;5;40;100m.t[0;37;5;47;107mStttt%[0;36;5;40;100m.[0;31;40m8[0;31;5;41;101m8[0;1;31;91;41mX[0;1;37;97;47m;[0;37;5;47;107mXt%[0;36;5;40;100m .[0;37;5;47;107m%;;;;t[0;36;5;40;100m :[0;37;5;47;107m%;tt[0;1;30;90;47m;[0;31;5;41;101m88[0;31;5;40;100mS[0;37;5;47;107mStttt%[0;36;5;40;100m.;[0;37;5;47;107mSttt8[0;31;5;40;100mS[0;1;31;91;41m8X[0;37;5;40;100mt[0;37;5;47;107m@%%%X[0;36;5;40;100m;t[0;37;5;47;107m@SS[0;1;30;90;47m;[0;1;31;91;41m8[0;1;30;90;41mt[0;36;5;40;100m;[0;30;5;40;100mX[0;37;5;47;107m8@[0;1;37;97;47m8[0m    
    [0;36;5;40;100m%[0;37;5;47;107m%%88%tttt%[0;37;5;40;100mX[0;1;31;91;41m@[0;31;5;41;101m8[0;1;30;90;41m8[0;37;5;47;107mtttt@8tttttt@8tttt[0;35;5;40;100m.[0;31;5;41;101m88[0;1;30;90;41m8[0;37;5;47;107mtttttt@8%t%[0;1;30;90;47mS[0;1;31;91;41mX@[0;35;5;40;100m [0;1;37;97;47mX[0;37;5;47;107mS%%%SS8[0;1;37;97;47m8[0;37;5;47;107mXSX[0;37;5;40;100mX[0;1;31;91;41m8S[0;1;37;97;47m @[0;37;5;47;107m@@[0;36;5;40;100mt[0m    
     [0;36;5;40;100m [0;37;5;47;107m%ttttSSS[0;35;5;40;100m:[0;31;5;41;101m888[0;37;5;40;100m%[0;37;5;47;107mSStttttt%Stttttt%[0;1;37;97;47m [0;1;31;91;41m8[0;31;5;41;101m88[0;1;31;91;41m@[0;1;37;97;47m%[0;37;5;47;107mtSSttt@[0;1;37;97;47m:[0;1;30;90;47m8[0;1;30;90;41m8[0;1;31;91;41m8[0;35;5;40;100m:[0;1;37;97;47m8[0;37;5;47;107m%%%%XXSSSSSX[0;1;37;97;47mS[0;1;31;91;41m%88[0;35;5;40;100m [0;37;5;47;107m@@[0;36;5;40;100m [0m     
      [0;1;30;90;47m8[0;37;5;47;107m%%%[0;1;37;97;47m8[0;36;5;40;100m  [0;35;5;40;100m [0;1;31;91;41mtS8@[0;35;5;40;100mt[0;36;5;40;100m  [0;1;37;97;47m@[0;37;5;47;107mtttt8[0;36;5;40;100m  [0;1;37;97;47m8[0;37;5;47;107mtttt[0;1;37;97;47m8[0;35;5;40;100m;[0;1;31;91;41mS[0;31;5;41;101m8[0;1;31;91;41m@[0;1;30;90;41m8[0;1;30;90;47mXt[0;1;37;97;47m8[0;36;5;40;100m  [0;1;37;97;47m8[0;37;5;47;107mt[0;1;30;90;47m@[0;1;30;90;41mt[0;1;31;91;41m@88[0;1;30;90;41mt[0;1;37;97;47mX[0;37;5;47;107m%%%%[0;1;37;97;47m@[0;36;5;40;100m  [0;1;37;97;47mS[0;37;5;47;107mSSSX[0;1;30;90;47m%[0;1;31;91;41mt@%[0;35;5;40;100m%[0;1;30;90;41m8[0;37;5;47;107m@[0;1;30;90;47m@[0m      
       [0;1;30;90;47mX[0;37;5;47;107m%%%[0;1;30;90;47m %[0;1;30;90;41m8;[0;1;31;91;41m8@[0;1;30;90;47m8[0;37;5;47;107m%[0;1;30;90;47m:;[0;37;5;47;107m%ttttt[0;1;30;90;47m ;[0;37;5;47;107m%tttt[0;1;30;90;47m%[0;1;30;90;41m;[0;1;31;91;41m%S@[0;37;5;40;100m;[0;37;5;47;107mtt%[0;1;30;90;47m.;[0;37;5;47;107m%[0;1;30;90;47m8[0;1;31;91;41m%:@;[0;31;5;40;100mX[0;1;30;90;47mS[0;37;5;47;107mS%%SSS[0;1;30;90;47mt%[0;37;5;47;107mXSXX[0;35;5;40;100m%[0;1;30;90;41mt[0;1;31;91;41m;:[0;35;5;40;100m:[0;37;5;47;107m8@[0;1;30;90;47m%[0m       
        [0;1;30;90;47m8[0;37;5;47;107m%S[0;36;5;40;100m .[0;37;5;47;107mX[0;1;37;97;47m [0;1;30;90;47m88[0;37;5;47;107m8S[0;36;5;40;100m .[0;37;5;47;107mXttttS[0;36;5;40;100m  [0;37;5;47;107mSttttX[0;35;5;40;100m.[0;1;30;90;41m8[0;35;5;40;100m [0;1;30;90;47mX[0;37;5;47;107mSttS[0;36;5;40;100m  [0;37;5;47;107mX%%[0;1;30;90;47m%;[0;1;37;97;47m8[0;36;5;40;100m .[0;37;5;47;107m@SSSS@[0;36;5;40;100m :[0;37;5;47;107m8XXXX[0;1;37;97;47m@[0;31;5;40;100m%[0;35;5;40;100m;[0;37;5;47;107m8@[0;1;30;90;47mX[0m        
         [0;37;5;40;100mX[0;37;5;47;107m%%%%%%%%%%%ttttttttttttttt%t%%%%%%%%%%%%%SSSSSSSSXXXXXXX@@@@[0;37;5;40;100mX[0m         
          [0;36;5;40;100m;[0;37;5;47;107m8%%%[0;1;37;97;47m@S[0;37;5;47;107m%%%%%%[0;1;37;97;47m@X[0;37;5;47;107m%%%%%%[0;1;37;97;47m8X[0;37;5;47;107m%%%%%%[0;1;37;97;47mXX[0;37;5;47;107m%%%%%%[0;1;37;97;47m@S[0;37;5;47;107mSSSSSS[0;1;37;97;47mX%[0;37;5;47;107mSXXXXX[0;1;37;97;47m%%[0;37;5;47;107m@@@[0;1;37;97;47m8[0;36;5;40;100m:[0m          
            [0;1;37;97;47m:[0;37;5;47;107mS[0;1;37;97;47m@[0;37;5;40;100mX%[0;1;37;97;47mX[0;37;5;47;107m%%%%[0;1;37;97;47m8[0;37;5;40;100mSS[0;1;37;97;47m@[0;37;5;47;107m%%%%[0;1;37;97;47m8[0;37;5;40;100mXS[0;1;37;97;47mX[0;37;5;47;107m%%%%[0;1;37;97;47m8[0;37;5;40;100mSS[0;1;37;97;47mS[0;37;5;47;107m%%%S[0;1;37;97;47m8[0;37;5;40;100mS[0;36;5;40;100m [0;1;37;97;47mX[0;37;5;47;107mSSSS[0;1;37;97;47mX[0;37;5;40;100mS[0;36;5;40;100m [0;1;37;97;47m%[0;37;5;47;107mXXXX[0;1;37;97;47mX[0;36;5;40;100m  [0;1;37;97;47m%[0;37;5;47;107m@[0;1;37;97;47m;[0m            
             [0;37;5;40;100m@[0;37;5;47;107mX[0;1;30;90;47mX[0;37;5;40;100m8[0;37;5;47;107mS%%%%%[0;1;30;90;47m@8[0;37;5;47;107m%%%%%%[0;1;30;90;47mS[0;37;5;40;100m8[0;37;5;47;107m%%%%%%[0;1;30;90;47m8[0;37;5;40;100m8[0;37;5;47;107mSSSSSS[0;1;30;90;47mX[0;37;5;40;100m8[0;37;5;47;107mSSSSXX[0;1;30;90;47m@[0;37;5;40;100m@[0;37;5;47;107mXXX@@@[0;1;30;90;47m8[0;37;5;40;100m8[0;37;5;47;107m8[0;37;5;40;100m8[0m             
              [0;1;30;90;40m8[0;36;5;40;100m:[0;37;5;40;100mX[0;37;5;47;107m8SSSSX[0;37;5;40;100m8@[0;37;5;47;107m@SSSSX[0;37;5;40;100m8@[0;37;5;47;107m@SSSS@[0;37;5;40;100m8@[0;37;5;47;107m8SSSS@[0;37;5;40;100m8X[0;37;5;47;107m8XXXX8[0;37;5;40;100m8S[0;37;5;47;107m8@@@@8[0;37;5;40;100mX[0;36;5;40;100mt[0;30;5;40;100m8[0m              
                [0;36;5;40;100m [0;1;37;97;47m8[0;37;5;47;107mSSSSSSSSSSSSSSSSSSSSSSSSSSSSXXXXXXXXX@@@@@@@[0;1;37;97;47m8[0;36;5;40;100m [0m                
                  [0;37;5;40;100m8[0;1;30;90;47m;;[0;37;5;47;107mXSSSSS[0;1;30;90;47m.;[0;37;5;47;107mXSSSSX[0;1;30;90;47m.t[0;37;5;47;107mXSSSXX[0;1;30;90;47m:;[0;37;5;47;107mXXXXXX[0;1;30;90;47m.%[0;37;5;47;107m@@@@@@[0;1;30;90;47mt%[0;37;5;40;100m8[0m                  
                    [0;30;5;40;100m@[0;1;37;97;47m;[0;37;5;47;107mXXXX[0;1;37;97;47m@[0;37;5;40;100m8@[0;1;37;97;47mX[0;37;5;47;107mXXXX[0;1;37;97;47mX[0;37;5;40;100m8@[0;1;37;97;47mS[0;37;5;47;107mXXXX[0;1;37;97;47m@[0;37;5;40;100m8@[0;1;37;97;47mS[0;37;5;47;107mXXX@[0;1;37;97;47mX[0;37;5;40;100m8X[0;1;37;97;47m%[0;37;5;47;107m@@@@[0;1;37;97;47mt[0;30;5;40;100m8[0m                    
                      [0;37;5;40;100m@[0;1;37;97;47m8[0;37;5;47;107mXXX[0;36;5;40;100m  [0;37;5;47;107mXXXXXX[0;36;5;40;100m :[0;37;5;47;107mXXXXXX[0;36;5;40;100m  [0;37;5;47;107m@@@@@@[0;36;5;40;100m :[0;37;5;47;107m8@@[0;1;37;97;47m8[0;37;5;40;100m8[0m                      
                        [0;36;5;40;100m [0;1;37;97;47mS[0;37;5;47;107m8[0;1;37;97;47m. [0;37;5;47;107m8XXXX8[0;1;37;97;47m:[0;1;30;90;47m [0;37;5;47;107m8@@@@8[0;1;37;97;47m. [0;37;5;47;107m8@@@@8[0;1;37;97;47m.[0;1;30;90;47m.[0;1;37;97;47m8S[0;36;5;40;100m [0m                        
                          [0;30;5;40;100mS[0;1;30;90;47m%[0;37;5;47;107m8@@@@@@@@@@@@@@@@@@@@@@8[0;1;30;90;47m;[0;36;5;40;100mt[0m                          
                             [0;36;5;40;100m [0;1;30;90;47m:[0;37;5;40;100mX%[0;1;37;97;47mX[0;37;5;47;107m@@@@[0;1;37;97;47m@[0;37;5;40;100mS%[0;1;37;97;47mS[0;37;5;47;107m@@@@[0;1;37;97;47m8[0;37;5;40;100mXS[0;1;30;90;47m:[0;36;5;40;100m [0m                             
                                [0;30;5;40;100mS[0;1;30;90;47m [0;37;5;47;107m@@@@[0;1;37;97;47m8[0;1;30;90;47m@@[0;1;37;97;47m8[0;37;5;47;107m@@@@[0;1;37;97;47m:[0;36;5;40;100m;[0m                                
                                   [0;36;5;40;100m [0;1;30;90;47m;[0;37;5;47;107m88[0;36;5;40;100m%[0;30;5;40;100mX[0;1;37;97;47m8[0;37;5;47;107m8[0;1;30;90;47m.[0;36;5;40;100m [0m                                   
                                      [0;30;5;40;100mS[0;36;5;40;100m [0;37;5;40;100mS[0;36;5;40;100m%[0m                                      
