[0;36;5;40;100m [0;1;30;90;47m....      [0;1;37;97;47m                                     [0;1;30;90;47m      .........:::::::::;;;;;;;[0;36;5;40;100m [0m
[0;37;5;40;100m@[0;37;5;47;107m%%%%%%ttttttttttttttttttttttttttttttttttttttttttttt%%%%%%%%SSSSSSSXXXX@@@@@@@@[0;37;5;40;100m8[0m
[0;37;5;40;100m@[0;37;5;47;107m%%%%ttttttttttttttttttttttttttttttttttttttttttttttttt%%%%%%%SSSSSSSXXXX@@@@@@@[0;37;5;40;100m8[0m
[0;37;5;40;100m@[0;37;5;47;107m%%ttttttttttttttttttt;;;;;;;;;;;;;;ttttttttttttttttttt%%%%%%%%SSSSSSXXXX@@@@@@[0;37;5;40;100m8[0m
[0;37;5;40;100m@[0;37;5;47;107m%tttttttttttttttt;;;;;;;;;;;;;;;;;;;;;;;tttttttttttttttt%%%%%%%SSSSSSXXXX@@@@@[0;37;5;40;100m8[0m
[0;37;5;40;100m@[0;37;5;47;107mtttttttttttttt;;;;;;;;;;;;;;;;;;;;;;;;;;;;ttttttttttttttt%%%%%%%SSSSSSXXXX@@@@[0;37;5;40;100m8[0m
[0;37;5;40;100m8[0;37;5;47;107mtttttttttttt;;;;;;;;;;;;;::::%[0;1;37;97;47m@t.[0;1;30;90;47m :;ttttt::.[0;1;37;97;47m.;S[0;37;5;47;107m8tttttttttt%%%%%%%SSSSSXXXXX@@@[0;37;5;40;100m8[0m
[0;37;5;40;100m8[0;37;5;47;107mtttttttttt;;;;;;;;;;:::::%[0;1;37;97;47m%[0;1;30;90;47m;8[0;37;5;40;100m8[0;1;30;90;47mX@8[0;37;5;40;100m888[0;1;30;90;47m888[0;37;5;40;100m888@X8[0;1;30;90;47m88[0;37;5;40;100m8@[0;1;30;90;47m8t[0;1;37;97;47m;[0;37;5;47;107mStttttt%%%%%%%SSSSSXXXX@@@[0;37;5;40;100m8[0m
[0;37;5;40;100m8[0;37;5;47;107mttttttttt;;;;;;;;::::::::[0;1;30;90;47mS@8@St [0;1;37;97;47m%88[0;37;5;47;107m8@XSS@[0;1;37;97;47m8%X[0;1;30;90;47m8:%@[0;37;5;40;100m8XS8S[0;1;30;90;47mX[0;1;37;97;47mt[0;37;5;47;107mttttt%%%%%%SSSSSSXXXX@@[0;37;5;40;100m8[0m
[0;37;5;40;100m8[0;37;5;47;107mtttttttt;;;;;;;:::::::..[0;1;37;97;47mX[0;37;5;40;100m8[0;1;30;90;47m::88[0;1;37;97;47mtX@8[0;37;5;47;107m88@SSS@[0;1;37;97;47m:[0;1;30;90;47m;[0;1;37;97;47mXt[0;1;30;90;47m%[0;1;37;97;47mt;.[0;1;30;90;47m.;8[0;37;5;40;100mX[0;36;5;40;100m [0;37;5;40;100m8S[0;37;5;47;107m%tttt%%%%%%SSSSSXXXX@@[0;37;5;40;100m8[0m
[0;37;5;40;100m8[0;37;5;47;107mttttttt;;;;;;;:::::....%[0;1;30;90;47m8 @8tt[0;37;5;40;100m8[0;1;37;97;47mX88[0;37;5;47;107m88XS%SX8[0;1;37;97;47mt:X[0;1;30;90;47mX[0;1;37;97;47mt;.[0;1;30;90;47m :tSX[0;37;5;40;100mX[0;36;5;40;100m [0;1;37;97;47m.[0;37;5;47;107mtttt%%%%%%SSSSSSXXXX@[0;37;5;40;100m8[0m
[0;37;5;40;100m8[0;37;5;47;107mtttttt;;;;;;:::::..... [0;1;30;90;47m%t;[0;37;5;40;100m@[0;1;30;90;47mt;;[0;37;5;40;100m8[0;1;37;97;47m:8[0;37;5;47;107m88@XS%%X8[0;1;37;97;47m;:@[0;1;30;90;47m%[0;1;37;97;47m;;.[0;1;30;90;47m :t%X@8[0;37;5;40;100mX[0;37;5;47;107mttttt%%%%%%SSSSSXXXX@[0;37;5;40;100m8[0m
[0;37;5;40;100m8[0;37;5;47;107mttttt;;;;;;;::::....  [0;1;37;97;47mS[0;37;5;40;100mS[0;1;30;90;47mSS@ttt@X@[0;1;37;97;47m;[0;37;5;47;107m8@S%t%X@[0;1;37;97;47m8[0;1;30;90;47m:[0;1;37;97;47m %[0;1;30;90;47mS[0;1;37;97;47m;.[0;1;30;90;47m :;%X@8[0;36;5;40;100m [0;1;37;97;47m8[0;37;5;47;107mtttt%%%%%%SSSSSSXXX@[0;37;5;40;100m8[0m
[0;37;5;40;100m8[0;37;5;47;107mttttt;;;;;;::::....  t[0;1;30;90;47m8[0;37;5;40;100m8[0;1;30;90;47m8X;;;;XSt.[0;37;5;47;107m8@S%t%S@8[0;1;37;97;47m%%X[0;1;30;90;47mX[0;1;37;97;47m;: [0;1;30;90;47m:;%X@888[0;37;5;47;107mttttt%%%%%%SSSSSXXXX[0;37;5;40;100m8[0m
[0;37;5;40;100m8[0;37;5;47;107mtttt;;;;;;::::....   [0;1;30;90;47mt:[0;37;5;40;100mX[0;1;30;90;47mt[0;37;5;40;100m8[0;1;30;90;47m;;;8[0;1;37;97;47mt[0;37;5;40;100m@[0;1;30;90;47m%[0;37;5;47;107m8@XS%t%S@8[0;1;37;97;47mS[0;1;30;90;47mS[0;1;37;97;47m [0;1;30;90;47m%[0;1;37;97;47m.: [0;1;30;90;47m.;%X@88[0;36;5;40;100m [0;37;5;47;107m%tttt%%%%%%SSSSSXXXX[0;37;5;40;100m8[0m
[0;37;5;40;100m8[0;37;5;47;107mtttt;;;;;;::::...   [0;1;37;97;47mX[0;1;30;90;47mS:.t@::t;[0;1;37;97;47m;%8[0;37;5;47;107m8@XS%ttS@[0;1;37;97;47m@XXX%[0;1;30;90;47m@[0;1;37;97;47m: [0;1;30;90;47m.;%X@88[0;37;5;40;100m@[0;1;37;97;47m [0;37;5;47;107mtttt%%%%%%SSSSSXXXX[0;37;5;40;100m8[0m
[0;37;5;40;100m8[0;37;5;47;107mtttt;;;;;;::::...  t[0;1;30;90;47m@;:.[0;37;5;40;100m8[0;1;30;90;47m:::8[0;1;37;97;47mS@8[0;37;5;47;107m88@XS%%[0;1;37;97;47m:[0;1;30;90;47mS888[0;37;5;40;100m8[0;1;30;90;47m8[0;1;37;97;47mt[0;1;30;90;47m@[0;1;37;97;47m: [0;1;30;90;47m.;%X@88[0;37;5;40;100m8X[0;37;5;47;107mtttt%%%%%%SSSSSXXXX[0;37;5;40;100m8[0m
[0;37;5;40;100m8[0;37;5;47;107mtttt;;;;;;::::...  [0;1;30;90;47mSt;:;8::.X[0;1;37;97;47mX@8[0;37;5;47;107m88@XS%[0;1;30;90;47m:[0;1;37;97;47m:;[0;1;30;90;47mX@%%@@t:[0;1;37;97;47m [0;1;30;90;47m.;%X@88[0;37;5;40;100m8[0;36;5;40;100m [0;1;37;97;47m8[0;37;5;47;107mttt%%%%%%SSSSSXXXX[0;37;5;40;100m8[0m
[0;37;5;40;100m8[0;37;5;47;107mtttt;;;;;;::::... [0;1;37;97;47m;[0;37;5;40;100m8[0;1;30;90;47m8@@8::::@;:::... [0;1;37;97;47m . [0;1;30;90;47mt8SSX[0;36;5;40;100m [0;1;30;90;47m@8[0;37;5;40;100mS[0;1;30;90;47m88tS@8[0;37;5;40;100m8@X[0;36;5;40;100m [0;37;5;40;100m8[0;37;5;47;107mttt%%%%%%SSSSSXXXX[0;37;5;40;100m8[0m
[0;37;5;40;100m8[0;37;5;47;107mtttt;;;;;;::::... [0;36;5;40;100m     [0;1;30;90;47mS.:..@[0;36;5;40;100m          [0;1;30;90;47m@t%SSXX@XS@8[0;36;5;40;100m :[0;37;5;40;100m%[0;36;5;40;100m      [0;37;5;47;107mttt%%%%%%SSSSSXXXX[0;37;5;40;100m8[0m
[0;37;5;40;100m8[0;37;5;47;107mtttt;;;;;;:::::...[0;37;5;40;100mS[0;36;5;40;100m    [0;1;30;90;47m%:::.X[0;37;5;40;100mXXXXSSS[0;36;5;40;100m   [0;1;30;90;47mXtSSXXX@@@@[0;37;5;40;100m8[0;36;5;40;100m [0;37;5;40;100m@[0;1;30;90;47mX@88[0;37;5;40;100m88[0;36;5;40;100m [0;37;5;47;107mttt%%%%%%SSSSSXXXX[0;37;5;40;100m8[0m
[0;37;5;40;100mX[0;37;5;47;107mttttt;;;;;;::::...[0;37;5;40;100m88[0;1;30;90;47m88@[0;37;5;40;100m@[0;1;30;90;47m;;;[0;37;5;40;100m8[0;1;30;90;47m;:.[0;1;37;97;47m .:;;t%%% [0;1;30;90;47mX8SX[0;37;5;40;100mX8[0;1;30;90;47m@[0;37;5;40;100mX[0;1;30;90;47m8StSX@88[0;37;5;40;100m88%[0;37;5;47;107mttt%%%%%SSSSSSXXXX[0;37;5;40;100mX[0m
[0;36;5;40;100m [0;37;5;47;107mttttt;;;;;;;::::..[0;1;30;90;47m@S%t;[0;37;5;40;100m@[0;1;30;90;47mttt[0;37;5;40;100m@[0;1;37;97;47m%SX88[0;37;5;47;107m88@S%[0;1;37;97;47m:[0;37;5;40;100m8[0;1;30;90;47mX88SS88[0;1;37;97;47m;[0;1;30;90;47mX :tSX@88[0;37;5;40;100m88S[0;37;5;47;107mtt%%%%%%SSSSSXXXX@[0;36;5;40;100m [0m
[0;30;5;40;100m@[0;37;5;47;107mtttttt;;;;;;;:::::[0;1;30;90;47m8S%%t[0;37;5;40;100m@[0;1;30;90;47mttt[0;37;5;40;100m@[0;1;37;97;47mtSX@8[0;37;5;47;107m88@XS%S[0;1;37;97;47mt[0;1;30;90;47m;SXX%[0;1;37;97;47m:;[0;1;30;90;47mX.:tSX@88[0;37;5;40;100m88S[0;37;5;47;107mtt%%%%%%SSSSSXXXX@[0;36;5;40;100m%[0m
 [0;37;5;47;107m%tttttt;;;;;;;::::[0;1;30;90;47m8XS%t[0;37;5;40;100mX[0;1;30;90;47m%%%[0;37;5;40;100mX[0;1;37;97;47mt%X@88[0;37;5;47;107m88XS%S@8[0;1;37;97;47m88X[0;1;30;90;47m;%[0;1;37;97;47m:[0;1;30;90;47m@.:tS@88[0;37;5;40;100m888X[0;37;5;47;107mt%%%%%%SSSSSSXXXX@[0m 
 [0;1;37;97;47m;[0;37;5;47;107mttttttt;;;;;;;;::[0;1;30;90;47m@@XS%[0;37;5;40;100mS[0;1;30;90;47mSSS[0;37;5;40;100mS[0;1;37;97;47m;%SX@8[0;37;5;47;107m88@SSX@8[0;1;37;97;47m8@X%t:[0;1;30;90;47m@.;tS@88[0;37;5;40;100m888X[0;37;5;47;107mt%%%%%%SSSSSXXXX@[0;1;37;97;47mt[0m 
 [0;37;5;40;100mS[0;37;5;47;107mtttttttt;;;;;;;;;[0;1;30;90;47m8@XSS[0;37;5;40;100mS[0;1;30;90;47mXXS[0;36;5;40;100m [0;1;37;97;47m;t%X@88[0;37;5;47;107m8@XSX@8[0;1;37;97;47m8@X[0;1;30;90;47m:t[0;1;37;97;47m:[0;1;30;90;47m@.;%S@88[0;37;5;40;100m888@[0;37;5;47;107m%%%%%%SSSSSSXXXX@[0;37;5;40;100m@[0m 
  [0;37;5;47;107m%ttttttttt;;;;;;;[0;1;30;90;47m@8@XS[0;37;5;40;100mS[0;1;30;90;47m8XX[0;36;5;40;100m [0;1;37;97;47m:;%SX88[0;37;5;47;107m8[0;1;37;97;47m%[0;37;5;47;107m8SX8[0;1;37;97;47m:8@S.[0;1;30;90;47m.[0;1;37;97;47m:[0;1;30;90;47m@.;%S@88[0;37;5;40;100m88@8[0;37;5;47;107m%%%%%SSSSSSXXXX@@[0;1;30;90;40m8[0m 
  [0;1;30;90;47m;[0;37;5;47;107mttttttttttt;;;;;[0;1;30;90;47m@8@[0;37;5;40;100m88@8[0;1;30;90;47m@@[0;36;5;40;100m [0;1;37;97;47m.[0;37;5;40;100m8[0;1;37;97;47m;SX@8[0;37;5;47;107m8[0;1;30;90;47m%[0;1;37;97;47m@[0;37;5;47;107mXX[0;1;37;97;47m8[0;1;30;90;47m8[0;1;37;97;47m8XSt:.[0;1;30;90;47m8:;%X@88[0;37;5;40;100m88@8[0;37;5;47;107m%%%%%SSSSSXXXX@@[0;1;30;90;47m.[0m  
  [0;1;30;90;40m8[0;37;5;47;107m%tttttttttttt;;;[0;1;30;90;47m@8[0;36;5;40;100m .[0;1;30;90;47m@[0;36;5;40;100m [0;1;30;90;47m8@@[0;36;5;40;100m [0;1;30;90;47m:[0;37;5;40;100mXS[0;1;30;90;47m;[0;1;37;97;47mX@88[0;37;5;47;107m8@X@8[0;1;37;97;47m88XS[0;1;30;90;47m%X[0;1;37;97;47m.[0;1;30;90;47m8:;%X@88[0;37;5;40;100m88@[0;1;30;90;47m8[0;37;5;47;107m%%%%SSSSSXXXXX@@[0;30;5;40;100m@[0m  
   [0;1;30;90;47mX[0;37;5;47;107mttttttttttttttt[0;1;30;90;47mX[0;37;5;40;100m8[0;36;5;40;100m [0;37;5;40;100m8S[0;1;30;90;47m88888[0;37;5;40;100mXS[0;1;30;90;47m8[0;37;5;40;100mS[0;1;37;97;47mS@88[0;1;30;90;47m8[0;1;37;97;47mS[0;37;5;47;107mX@[0;1;37;97;47m8[0;37;5;40;100m%[0;1;37;97;47m@XSt;.[0;1;30;90;47m8:;%X@88[0;37;5;40;100m88@[0;1;30;90;47m8[0;37;5;47;107m%%SSSSSSXXXXX@@[0;1;30;90;47m%[0m   
    [0;37;5;47;107m8tttttttttttttt[0;1;30;90;47mS[0;37;5;40;100m8[0;36;5;40;100m [0;37;5;40;100m@8[0;36;5;40;100m.[0;37;5;40;100m@[0;1;30;90;47m88[0;36;5;40;100m [0;37;5;40;100mX@X[0;1;30;90;47mS[0;1;37;97;47mSX@88[0;37;5;47;107m8X@8[0;1;37;97;47mX@X%[0;1;30;90;47m;%[0;1;37;97;47m.[0;1;30;90;47m8:t%X888[0;37;5;40;100m88@[0;1;30;90;47mX[0;37;5;47;107m%SSSSSSSXXXX@@[0;1;37;97;47m8[0m    
    [0;36;5;40;100m%[0;37;5;47;107m%ttttttttttttt[0;1;30;90;47mS[0;37;5;40;100m8[0;1;30;90;47m8[0;37;5;40;100m88[0;36;5;40;100m [0;1;30;90;47m8@8[0;36;5;40;100m [0;1;30;90;47m. [0;1;37;97;47m:t%X@8[0;37;5;47;107m88@@8[0;1;37;97;47m8@X%[0;1;30;90;47m.:[0;1;37;97;47m.[0;1;30;90;47m8:tSX88[0;37;5;40;100m888X[0;1;30;90;47m%[0;37;5;47;107mSSSSSSXXXXX@@@[0;36;5;40;100mt[0m    
     [0;36;5;40;100m [0;37;5;47;107m%tttttttttttt[0;1;30;90;47m%[0;37;5;40;100m88[0;1;30;90;47m888[0;36;5;40;100m [0;37;5;40;100mX[0;36;5;40;100m [0;1;30;90;47m@.[0;1;37;97;47m.:t%X@8[0;37;5;47;107m88@88[0;1;37;97;47m8@X%;..[0;1;30;90;47m8:tSX88[0;37;5;40;100m88@X[0;1;30;90;47mt[0;37;5;47;107mSSSSSXXXXX@@@[0;36;5;40;100m [0m     
      [0;1;30;90;47m8[0;37;5;47;107m%%%ttttttttt[0;1;30;90;47mS[0;37;5;40;100mX8[0;1;30;90;47m888X8t;.[0;1;37;97;47m.:;%S@8[0;37;5;47;107m88@88[0;1;37;97;47m8@S%[0;1;30;90;47mX@[0;1;37;97;47m [0;1;30;90;47m8%8[0;37;5;40;100m@S[0;36;5;40;100m      [0;1;30;90;47m;[0;37;5;47;107mSSSSXXXXX@@@[0;1;30;90;47m@[0m      
       [0;1;30;90;47mX[0;37;5;47;107m%%%%ttttttt[0;1;30;90;47m [0;36;5;40;100m  [0;37;5;40;100mX[0;1;30;90;47m88@St;.[0;1;37;97;47m :;%S@8[0;37;5;47;107m88@[0;1;37;97;47m@:[0;1;30;90;47m:%@8[0;37;5;40;100m8X%[0;36;5;40;100m   [0;37;5;40;100mX8[0;1;30;90;47m8@S%;.[0;1;37;97;47m8[0;37;5;47;107mSSXXXXXX@@@[0;1;30;90;47m%[0m       
        [0;1;30;90;47m8[0;37;5;47;107m%%%%%%%tttt[0;1;37;97;47m@[0;1;30;90;47mX[0;36;5;40;100m   [0;37;5;40;100mS@88[0;1;30;90;47m888@@888[0;37;5;40;100m8X[0;36;5;40;100m  [0;37;5;40;100mS8[0;1;30;90;47m8S;.[0;1;37;97;47m:%8[0;37;5;47;107m@%%%SSSSSSSSXXXXX@@@@[0;1;30;90;47mX[0m        
         [0;37;5;40;100mX[0;37;5;47;107m%%%%%%%%%%%tX[0;1;37;97;47m.[0;1;30;90;47m%8[0;37;5;40;100m8@888[0;1;30;90;47m88X%;.[0;1;37;97;47m:t8[0;37;5;47;107mS%%%%%%%%%%%SSSSSSSSXXXXXX@@@@[0;37;5;40;100mX[0m         
          [0;36;5;40;100m;[0;37;5;47;107m8%%%%%%%%%%%%%%%%%%%%%%%%%%%%%%%%%%%%%SSSSSSSSSXXXXXX@@@@[0;1;37;97;47m8[0;36;5;40;100m:[0m          
            [0;1;37;97;47m:[0;37;5;47;107mS%%%%%%%%%%%%%%%%%%%%%%%%%%%%%%%SSSSSSSSSSSXXXXXX@@@@@[0;1;37;97;47m;[0m            
             [0;37;5;40;100m@[0;37;5;47;107mXSSS%%%%%%%%%%%%%%%%%%%%%%SSSSSSSSSSSSSXXXXXXX@@@@@8[0;37;5;40;100m8[0m             
              [0;30;5;40;100m8[0;1;37;97;47m;[0;37;5;47;107mSSSSSSSSSSSSSSSSSSSSSSSSSSSSSSSSSSXXXXXXXX@@@@@@[0;1;37;97;47m:[0;30;5;40;100m8[0m              
                [0;36;5;40;100m [0;1;37;97;47m8[0;37;5;47;107mSSSSSSSSSSSSSSSSSSSSSSSSSSSSXXXXXXXXX@@@@@@@[0;1;37;97;47m8[0;36;5;40;100m [0m                
                  [0;37;5;40;100m8[0;37;5;47;107m@SSSSSSSSSSSSSSSSSSSSSXXXXXXXXXXX@@@@@@@@8[0;37;5;40;100m8[0m                  
                    [0;1;30;90;47m8[0;37;5;47;107m8XXXXXXXXXXXXXXXXXXXXXXXXXXX@@@@@@@@@8[0;1;30;90;47m8[0m                    
                      [0;37;5;40;100m@[0;1;37;97;47m8[0;37;5;47;107mXXXXXXXXXXXXXXXXXXXX@@@@@@@@@@@@[0;1;37;97;47m8[0;37;5;40;100m8[0m                      
                        [0;36;5;40;100m [0;1;37;97;47mS[0;37;5;47;107mXXXXXXXXXXX@@@@@@@@@@@@@@@@@[0;1;37;97;47mS[0;36;5;40;100m [0m                        
                          [0;30;5;40;100mS[0;1;30;90;47m%[0;37;5;47;107m8@@@@@@@@@@@@@@@@@@@@@@8[0;1;30;90;47m;[0;36;5;40;100mt[0m                          
                             [0;36;5;40;100m [0;1;37;97;47m.[0;37;5;47;107m@@@@@@@@@@@@@@@@@@[0;1;37;97;47m:[0;36;5;40;100m [0m                             
                                [0;36;5;40;100m [0;1;37;97;47m;[0;37;5;47;107m@@@@@@@@@@@@[0;1;37;97;47mt[0;37;5;40;100mX[0m                                
                                   [0;36;5;40;100m [0;1;30;90;47m;[0;37;5;47;107m8@@@@8[0;1;30;90;47m.[0;36;5;40;100m [0m                                   
                                      [0;30;5;40;100mS[0;37;5;40;100m@@[0;36;5;40;100m%[0m                                      
