[0;30;41m8[0;1;30;90;41m.[0;30;41mX[0;31;40mS[0;30;41mS[0;1;31;91;41m..[0;30;41mX[0;34;40m.[0;30;41m8[0;1;31;91;41m.[0;31;40mt[0;34;40m.......:::::::::::::::::::::..........................  [0;31;40m.[0;30;41m:S[0;34;40m [0;31;40m@[0;1;30;90;41m [0;30;41m %[0;31;40m%[0;30;41m8.8[0m
[0;30;41m%[0;1;31;91;41m8@8888[0;31;40m88[0;1;31;91;41m8t[0;34;40m::[0;30;41m8[0;1;30;90;41m;[0;30;41mX[0;31;40mS[0;34;40m:::;;;;;;;;;;;;;;;;;[0;1;30;90;40mX[0;30;5;40;100m@[0;36;5;40;100mtt[0;30;5;40;100mX[0;1;30;90;40m@[0;34;40m:::::::::...........[0;31;40m;[0;30;41m8[0;1;30;90;41m.[0;30;41m@[0;31;40m.[0;34;40m.[0;30;41m;[0;1;31;91;41m8[0;30;41m@[0;31;40mt[0;1;31;91;41mS@@@XX[0;30;41m%[0m
[0;31;40m%[0;30;41m;[0;1;31;91;41mX88;[0;30;41mS[0;1;30;90;41m;[0;1;31;91;41m8[0;31;5;41;101m8[0;1;30;90;41m;[0;34;40m:[0;30;41mX[0;31;5;41;101m8[0;31;40m@[0;34;40m:;;[0;31;40mt%[0;34;40m;;;;;;;;;;;;;;[0;36;5;40;100m;[0;1;30;90;47m:[0;37;5;47;107m8ttttttX[0;1;37;97;47m [0;36;5;40;100m [0;34;40m:::::::.......[0;31;40m;;[0;34;40m...[0;31;40m;[0;1;31;91;41mS[0;30;41m:[0;34;40m.[0;30;41m%[0;1;31;91;41m88[0;30;41m.8.[0;1;31;91;41mX@X[0;30;41m:[0;31;40mS[0m
[0;30;41m%[0;1;31;91;41m888XX[0;31;5;41;101m888[0;1;31;91;41m8[0;31;40m88[0;1;31;91;41m8S[0;34;40m;;[0;30;41m@[0;33;41mt[0;30;41mX[0;31;40m%[0;34;40m;;[0;1;30;90;40m%%SSSSSSSSS[0;37;5;40;100m8[0;37;5;47;107mt;tttttttttt[0;1;37;97;47m [0;34;40m;:::::::.....[0;31;40m:8[0;33;41m:[0;30;41m%[0;31;40m.[0;34;40m.[0;1;30;90;41m.[0;1;31;91;41m8[0;30;41mX[0;31;40m%[0;1;31;91;41mS888%t@@@[0;30;41m%[0m
[0;30;41m%[0;1;31;91;41m8[0;1;30;90;41m:[0;31;40m@[0;1;30;90;41m:[0;1;31;91;41m8[0;31;5;41;101m8[0;1;31;91;41m8t[0;1;30;90;41mtt[0;31;5;41;101m88[0;1;31;91;41m;[0;34;40m;[0;1;30;90;41mS[0;31;5;41;101m8[0;31;40m8[0;1;30;90;40m%SX[0;31;5;40;100m8[0;1;30;90;40m8SSSSSXXXS[0;30;5;40;100mX[0;37;5;47;107m@S;;;;;;ttttt[0;1;37;97;47m8[0;36;5;40;100m [0;34;40m:::::::::[0;31;40m%8t[0;34;40m..[0;31;40m;[0;1;31;91;41m@[0;1;30;90;41m;[0;31;40m.[0;30;41mt[0;1;31;91;41m88:[0;30;41mS[0;1;30;90;41m.[0;1;31;91;41m@8@:[0;31;40m@[0;30;41m@[0;1;31;91;41mX[0;30;41m%[0m
[0;30;41m%[0;1;30;90;41m:[0;34;40m:[0;1;31;91;41m%[0;31;5;41;101m88[0;1;31;91;41m8;%[0;31;5;41;101m888[0;1;31;91;41m@[0;31;40m8[0;1;30;90;41m@[0;31;5;41;101m@[0;1;31;91;43m8[0;1;30;90;40mSS[0;1;30;90;43mSS[0;31;5;40;100m@[0;1;30;90;40mXXXXXXXXXX[0;36;5;40;100m.[0;37;5;47;107m88;;;;;;;;ttS[0;1;37;97;47m%[0;36;5;40;100m [0;34;40m;;::::::::[0;31;40mX[0;31;43mS8[0;31;40m;[0;34;40m.[0;33;41m@[0;31;5;41;101m8[0;1;30;90;41mS[0;31;40mt[0;1;31;91;41mt888%[0;1;30;90;41m.[0;1;31;91;41mS88X[0;31;40m:8[0;30;41m%[0m
[0;31;40mX::[0;31;5;41;101m88[0;30;41m%[0;31;40m@[0;1;31;91;41m%[0;31;5;41;101m888[0;1;31;91;41mS[0;1;30;90;41m%[0;33;41m8[0;33;5;41;101m@[0;1;31;91;43m8[0;31;43mS[0;1;30;90;40mS[0;1;30;90;43mX[0;1;33;93;43m%[0;30;5;40;100m@[0;1;30;90;40mX@[0;30;5;40;100mX[0;1;30;90;43m@[0;33;5;40;100m8[0;1;30;90;40m@@@@@@8[0;1;37;97;47m%%8[0;1;30;90;47mt@%[0;37;5;47;107m;;[0;1;30;90;47m 8S[0;1;37;97;47m%;8[0;1;30;90;40m@[0;34;40m;;;::[0;31;40m:X[0;1;30;90;43m;[0;1;30;90;40m8[0;32;40m:[0;34;40m:[0;31;40mt[0;1;33;93;43m:[0;31;43m%[0;31;40m:[0;33;41m8[0;1;31;91;43m8[0;33;5;41;101m8[0;33;41m@t[0;1;31;91;41m:888%[0;31;40m8[0;30;41m8[0;1;31;91;41m@8[0;31;40mS[0;34;40m [0;31;40mt[0m
[0;34;40m.:[0;31;40mX[0;31;5;41;101m8[0;30;41m%[0;34;40m:[0;1;31;91;41mt[0;31;5;41;101m88[0;1;31;91;41m%[0;1;30;90;41m%[0;33;41m@[0;33;5;41;101m8[0;1;31;91;43m88[0;1;30;90;43mX[0;31;5;40;100m8[0;1;30;90;43mX[0;33;5;43;103m%t[0;1;30;90;40m@@[0;1;30;90;43m@[0;33;5;43;103m8[0;30;5;40;100mS[0;1;30;90;40m888888888[0;1;37;97;47m%[0;37;5;40;100mS[0;1;30;90;40m@@[0;36;5;40;100m [0;37;5;47;107m;;[0;1;30;90;47m8[0;1;30;90;40mXS[0;36;5;40;100m;[0;1;37;97;47m8[0;30;5;40;100m8[0;34;40m;;;;;;::[0;31;40m%[0;1;30;90;43m:[0;1;33;93;43mX[0;31;40mt[0;34;40m:[0;1;33;93;43m%[0;33;5;43;103mS[0;1;30;90;43m:[0;31;40mS[0;31;43m@[0;1;31;91;43m88[0;31;5;41;101m8[0;33;41mS[0;1;30;90;41mt[0;1;31;91;41m:88X[0;31;40m.8[0;1;31;91;41m@[0;30;41m8[0;34;40m  [0m
[0;31;40m.8[0;1;31;91;41m%[0;30;41m%[0;31;40m:[0;34;40m;[0;1;31;91;41m@[0;31;5;41;101m8[0;30;41mX[0;31;40m8[0;33;41m8[0;1;31;91;43m888[0;1;30;90;43mSX[0;33;5;43;103mXt;[0;1;33;93;43m8[0;1;30;90;40m8[0;1;30;90;43m@[0;33;5;43;103m;[0;33;5;40;100m8[0;1;30;90;40m88[0;33;5;40;100m8[0;1;30;90;43m8[0;33;5;40;100m8[0;1;30;90;40m88888[0;1;37;97;47m@[0;37;5;47;107mt[0;1;30;90;47m;:[0;37;5;47;107mt[0;37;5;40;100m8[0;1;30;90;47m8[0;37;5;47;107m@[0;1;37;97;47m.[0;1;30;90;47mX[0;37;5;47;107m@S[0;1;30;90;40mSS%[0;34;40m;[0;31;40m;[0;1;30;90;40m8[0;1;30;90;43m%[0;31;5;40;100mX[0;31;40m;[0;34;40m:[0;31;40m;[0;33;5;43;103m%[0;1;33;93;43mS[0;31;40m:[0;1;30;90;43m:[0;33;5;43;103m%%[0;1;33;93;43mS[0;1;30;90;43m:[0;31;43mt[0;1;31;91;43m888[0;1;31;91;41m8[0;30;41m8[0;31;40mX[0;1;31;91;41mX8[0;31;40m;[0;34;40m [0;31;40m8[0;1;31;91;41mt[0;31;40m8 [0m
[0;31;40mt@;[0;34;40m:;[0;31;40mX[0;31;5;41;101m8[0;1;30;90;41m%[0;34;40m;[0;33;41m8[0;1;31;91;43m88[0;1;30;90;43mXXX[0;33;5;43;103m%tt[0;1;33;93;43mX[0;33;5;40;100m8[0;1;30;90;43m8[0;33;5;43;103mt%[0;30;5;40;100mX8[0;1;30;90;43m88[0;30;5;40;100m@888888[0;36;5;40;100mt[0;1;30;90;47m8[0;1;37;97;47mX[0;37;5;47;107m:[0;1;37;97;47m8[0;36;5;40;100m;[0;37;5;40;100mS[0;1;30;90;47m;[0;37;5;47;107m:[0;1;37;97;47mS[0;1;30;90;47mS[0;30;5;40;100m%[0;1;30;90;40mXSS%[0;34;40m;;[0;31;40mt[0;1;30;90;43mtt[0;31;40m%[0;34;40m:[0;1;33;93;43mS[0;33;5;43;103mS[0;1;30;90;43m:[0;1;30;90;40m8[0;1;30;90;43m:[0;33;5;43;103mS%S[0;1;30;90;43m.[0;31;43m@8[0;1;31;91;43m88[0;1;31;91;41m8[0;31;40m.8[0;1;31;91;41m8[0;31;40m8[0;34;40m. [0;31;40m.%t[0m
[0;34;40m.::[0;31;40mt[0;30;41mX[0;1;31;91;41m;[0;1;30;90;41m%[0;31;40m;[0;1;30;90;40mS[0;31;43mS[0;1;31;91;43m8[0;31;5;40;100mXS[0;33;5;43;103mSt;:XXt%S[0;1;30;90;43m8[0;30;5;40;100m8[0;1;30;90;43m88[0;33;5;40;100m8[0;30;5;40;100m88[0;31;5;40;100m8[0;33;5;40;100m8[0;31;5;40;100mX[0;30;5;40;100m8888[0;1;30;90;47m;[0;37;5;40;100m8[0;1;37;97;47m;@8t[0;1;30;90;47m@S[0;30;5;40;100mX[0;1;30;90;40mXXX[0;31;40m8[0;1;30;90;41m88[0;31;40m%[0;34;40m;[0;31;40mS[0;31;43mtX[0;31;40m;[0;1;30;90;43m;[0;1;33;93;43m%[0;33;5;43;103mXS@8t%%S[0;31;43m8[0;31;40mX[0;31;43m%[0;1;31;91;43m8[0;31;40m;[0;34;40m.[0;31;40m@[0;1;31;91;41m.[0;30;41mX[0;31;40mt[0;34;40m   [0m
[0;34;40m.::[0;31;40m%t[0;34;40m;;[0;1;30;90;40mS8[0;1;31;91;43m8[0;33;5;40;100m8[0;1;30;90;40mX[0;1;30;90;43mX[0;33;5;43;103mtt[0;1;30;90;43m@8[0;1;33;93;43mS[0;33;5;43;103mS%[0;1;33;93;43m%[0;1;30;90;43m8[0;33;5;40;100m8[0;1;30;90;43m888[0;31;5;40;100mS[0;30;5;40;100m@[0;33;5;40;100m@@[0;30;5;40;100m@@@@88[0;37;5;47;107m8[0;1;30;90;47mt[0;37;5;40;100mX[0;1;30;90;47m88[0;36;5;40;100m [0;1;30;90;47m8[0;37;5;47;107mS[0;30;5;40;100m8[0;1;30;90;40m@XXXS[0;1;30;90;41m@[0;33;41mS[0;31;40mSt[0;31;43m8@8[0;30;41m8[0;31;43m8[0;1;30;90;43m:[0;1;33;93;43m%[0;33;5;43;103mX[0;1;33;93;43m%[0;1;30;90;43m;;[0;33;5;43;103mX%[0;1;33;93;43m%[0;34;40m.[0;31;40m8[0;1;31;91;43m8[0;1;30;90;41m8[0;34;40m...[0;31;40m.;.[0;34;40m  [0m
[0;34;40m.:;;;;[0;31;40mX[0;1;30;90;41m8[0;1;30;90;43mS[0;31;5;40;100m@[0;1;30;90;40mXX[0;1;33;93;43mS[0;33;5;43;103mt[0;33;5;40;100m88[0;33;5;43;103m%%S[0;1;33;93;43m%[0;1;30;90;43m888888[0;30;5;40;100mX[0;31;5;40;100mX[0;31;43m8[0;31;5;40;100mX[0;30;5;40;100mXX[0;33;5;40;100mX@[0;31;5;40;100mS[0;30;5;40;100m@[0;36;5;40;100m.[0;1;37;97;47m;[0;37;5;47;107m%;tt[0;1;37;97;47mS[0;36;5;40;100m [0;1;30;90;40m8[0;31;5;40;100m8[0;1;30;90;41m8@[0;1;30;90;40m@X[0;31;40mX[0;1;31;91;41mS[0;1;30;90;41mS[0;31;40mt[0;1;30;90;41mX[0;33;41m88[0;31;43m@St[0;1;31;91;43m8[0;1;33;93;43m;X[0;33;5;43;103mS[0;1;30;90;43m;[0;31;40mS[0;33;5;43;103m8X[0;31;40m.[0;34;40m.[0;31;40mX[0;31;43m8[0;1;30;90;41m8[0;31;40mS.[0;34;40m..   [0m
[0;34;40m.:;;;;[0;1;30;90;40mSSSXX[0;33;5;40;100m8[0;33;5;43;103mt[0;1;30;90;43m8[0;1;30;90;40m8[0;1;30;90;43m8[0;33;5;43;103m%[0;1;33;93;43m%[0;33;5;40;100m88[0;1;30;90;43m8888[0;33;5;40;100mX[0;31;5;40;100mS[0;33;5;40;100mS[0;1;30;90;43m88[0;33;5;40;100m%[0;31;5;40;100mS[0;1;30;90;43m88[0;30;5;40;100mXXXX[0;31;5;40;100mS[0;30;5;40;100m@888[0;31;5;40;100m@[0;30;5;40;100m8[0;1;30;90;40m88@[0;33;5;40;100m8[0;31;43mX[0;1;30;90;40m8X[0;33;41m8@S[0;1;30;90;41mSS[0;33;41mS@[0;31;43m88[0;1;30;90;41m88[0;1;30;90;43m:[0;1;33;93;43mS[0;1;30;90;43m:[0;34;40m.[0;1;30;90;40m8[0;33;5;43;103mX[0;1;30;90;43m:[0;34;40m........   [0m
[0;34;40m.;;;;[0;1;30;90;40m%SSX8[0;1;30;90;43m@@[0;33;5;40;100m8[0;1;30;90;40m88[0;1;30;90;43m8[0;1;33;93;43m%[0;33;5;40;100m88[0;1;30;90;43m8888[0;31;5;40;100mS[0;1;30;90;43m88888[0;33;5;40;100mt[0;1;30;90;43m8[0;37;43m@[0;33;5;40;100mS[0;30;5;40;100mS[0;33;5;40;100mS[0;1;30;90;43m88[0;33;5;40;100mX[0;30;5;40;100m@888@[0;1;30;90;43m88[0;31;5;40;100mX[0;1;30;90;40m@[0;31;5;40;100mX[0;1;30;90;43mXX[0;1;30;90;40m@[0;1;30;90;41m8[0;31;43m@8[0;33;41m@S[0;1;30;90;41mt[0;33;41mtX8[0;31;43m8[0;1;30;90;41m8[0;31;40mt[0;1;30;90;43m::[0;34;40m..[0;31;40m%[0;1;30;90;43m::[0;31;40mS[0;34;40m......   [0m
[0;34;40m.;;;;[0;1;30;90;40m%SSXX@@88[0;33;5;40;100m8[0;1;33;93;43m%[0;33;5;40;100m8[0;30;5;40;100m8[0;33;5;40;100m8[0;1;30;90;43m88[0;31;5;40;100mXS[0;1;30;90;43m888888[0;37;43m8[0;37;5;43;103m@@[0;33;5;40;100m%%[0;37;5;43;103m@[0;37;43m@[0;30;5;40;100mXXX[0;33;5;40;100m@@[0;30;5;40;100mX8[0;1;30;90;40m8[0;1;30;90;43m8[0;33;5;43;103mX[0;31;5;40;100mS[0;30;5;40;100m8[0;1;33;93;43mX%[0;1;30;90;43mSSS[0;31;43mX8[0;33;41m8X[0;30;41mS[0;31;40m@[0;33;41mS88[0;34;40m:[0;31;40mX[0;1;30;90;43m:;[0;31;40m:[0;34;40m...........  [0m
[0;34;40m.;;;;[0;1;30;90;40mSSSXX@@[0;30;5;40;100m8[0;33;5;40;100m88[0;30;5;40;100m@88[0;33;5;40;100m8[0;1;30;90;43m8[0;31;5;40;100mXS[0;1;30;90;43m88[0;37;43m@[0;1;30;90;43m88[0;33;47m8[0;37;5;43;103m888[0;37;43m8[0;33;5;40;100mt[0;37;5;43;103m8t[0;1;30;90;43m8[0;30;5;40;100mS[0;33;5;40;100mS[0;33;5;43;103m8[0;1;30;90;43m88[0;33;5;43;103mX[0;33;5;40;100m8[0;1;30;90;40m8[0;1;30;90;43m8[0;33;5;43;103m;X[0;33;5;40;100m8[0;1;30;90;43m@[0;33;5;43;103mSS[0;1;33;93;43mS:[0;1;30;90;43m%[0;31;43m@@8[0;33;41mX[0;30;41m@[0;31;40mt[0;33;41m%X[0;31;40m:[0;34;40m:[0;31;40m;[0;1;30;90;41m8[0;1;30;90;43m;[0;31;40m%[0;34;40m..........  [0m
[0;34;40m.;;;;[0;1;30;90;40mSSSXX@@888[0;30;5;40;100m88[0;33;5;40;100m8[0;1;30;90;43m8[0;31;5;40;100mX[0;30;5;40;100mX[0;33;5;40;100mX[0;1;30;90;43m88[0;33;5;40;100m%%[0;1;33;93;47m8[0;37;5;43;103m888[0;33;47m8[0;1;33;93;47mX[0;37;5;43;103m%%X[0;1;30;90;43m8[0;33;5;40;100mX[0;37;5;43;103mX[0;33;5;43;103m8[0;30;5;40;100m@8[0;1;30;90;43m8[0;33;5;43;103mt[0;1;30;90;43m8[0;33;5;40;100m8[0;33;5;43;103m;;;[0;1;33;93;43m8[0;1;30;90;43mX[0;33;5;43;103m@SX[0;1;33;93;43mt[0;1;30;90;43m%[0;31;40mS[0;33;41m88[0;1;30;90;41m@[0;34;40m:[0;31;40m%[0;33;41mS[0;1;30;90;41m@[0;31;40m;[0;34;40m..............  [0m
[0;34;40m.;;;;[0;1;30;90;40mSS[0;30;5;40;100mS[0;36;5;40;100m [0;37;5;40;100mS@@[0;36;5;40;100m  [0;30;5;40;100m88[0;31;5;40;100mSX[0;30;5;40;100m@@X[0;33;5;40;100mX[0;1;30;90;43m8[0;33;5;40;100m%%[0;37;5;43;103m@@8[0;33;47m88[0;37;5;43;103m@X@@[0;1;30;90;43m8[0;33;5;40;100m%[0;37;43m@[0;37;5;43;103mXX[0;33;5;40;100m@@[0;33;5;43;103mX;[0;1;33;93;43mS[0;33;5;40;100m8[0;1;30;90;43m8[0;33;5;43;103mXt;%[0;1;33;93;43mX[0;1;30;90;43mS[0;33;5;43;103m@X[0;1;33;93;43mt[0;31;5;40;100mS[0;31;40mt[0;31;43m8[0;33;41m@[0;31;40m:[0;34;40m:[0;31;40m:X8t[0;34;40m:[0;30;5;40;100m8[0;36;5;40;100m.   :[0;30;5;40;100m8[0;34;40m:....  [0m
[0;34;40m.;;;[0;30;5;40;100m@[0;1;30;90;47m;[0;37;5;47;107mX;;;;::::[0;1;37;97;47m@[0;37;5;40;100mS[0;30;5;40;100m88@[0;33;5;40;100m@[0;1;30;90;43m8[0;33;5;40;100mS[0;30;5;40;100mS[0;33;5;40;100mS[0;37;5;43;103m@[0;1;33;93;47m8[0;33;5;40;100mt[0;37;43m8[0;37;5;43;103m%@@@[0;37;43m@[0;37;5;43;103m@X[0;33;5;43;103mttStSS[0;1;33;93;43m;;;[0;1;30;90;43m8@[0;1;33;93;43m%[0;33;5;43;103mtt;[0;1;33;93;43m8[0;1;30;90;40m8[0;1;30;90;43m%[0;1;33;93;43mX[0;1;30;90;43m%[0;34;40m;[0;31;40m%[0;33;41m@[0;1;30;90;41m@[0;31;40m%[0;34;40m::[0;30;5;40;100mX[0;1;37;97;47m [0;37;5;47;107mS%%%%SSS@[0;1;30;90;47m:[0;30;5;40;100m@[0;34;40m..  [0m
[0;34;40m.;;[0;30;5;40;100mX[0;37;5;47;107mX;;;;;;:::::.[0;1;30;90;47mX[0;30;5;40;100m8[0;31;5;40;100m@@[0;30;5;40;100m@XX[0;1;30;90;43m8[0;37;5;43;103m@[0;33;5;40;100m%%[0;37;5;43;103mt@@[0;1;30;90;43m88[0;37;43mX[0;33;5;43;103mt[0;37;5;43;103mt[0;1;33;93;43m%[0;33;5;40;100m@[0;1;30;90;43m8[0;33;5;43;103mt[0;1;33;93;43m;[0;1;30;90;43m8[0;33;5;40;100m8[0;1;30;90;43m8[0;1;31;91;43m888[0;1;30;90;43m@X[0;1;33;93;43mS[0;33;5;43;103mt;[0;1;30;90;43mS[0;1;30;90;40mX[0;1;30;90;43mtt[0;31;40m;[0;34;40m::[0;31;40mtXt[0;36;5;40;100m:[0;37;5;47;107m%%%%%%%SSSSSX[0;36;5;40;100m:[0;34;40m   [0m
[0;34;40m.:;[0;1;30;90;47mt[0;1;37;97;47mX[0;37;5;47;107mt;;;;;;::::[0;1;37;97;47m8[0;37;5;47;107m;[0;30;5;40;100m888@[0;33;5;40;100mX[0;1;30;90;43m88[0;33;5;40;100mS[0;30;5;40;100mX[0;33;5;40;100mX[0;37;5;43;103mS[0;37;43m@[0;33;5;40;100mX[0;37;43m@[0;33;5;43;103mt[0;37;43mX[0;1;31;91;43m8[0;37;5;43;103mXX[0;1;31;91;43m88[0;1;33;93;43m;[0;1;31;91;43m88[0;33;5;41;101m@@XX[0;1;31;91;43m88[0;1;30;90;43mXXS[0;33;5;43;103mt[0;1;30;90;43m%[0;34;40m;[0;1;30;90;40mX[0;1;30;90;43mtt[0;31;40m8;[0;34;40m:::[0;1;37;97;47mtS[0;37;5;47;107m%%%%%SSSSSS[0;1;37;97;47m;t[0;34;40m   [0m
[0;34;40m.:;[0;1;30;90;47m@[0;1;37;97;47mt[0;37;5;47;107mt;;;;;;;:::[0;1;37;97;47mS[0;37;5;47;107mt[0;30;5;40;100m8888X@@@X[0;37;43mX[0;37;5;43;103mX[0;33;5;40;100mXX[0;33;5;43;103m;[0;37;5;43;103mX[0;1;33;93;43m%[0;33;5;40;100m@[0;1;33;93;43mS[0;37;5;43;103mS[0;33;5;43;103m;[0;1;33;93;43m.[0;1;30;90;43m88[0;1;31;91;43m8[0;33;5;41;101mX@[0;1;31;91;43m8[0;31;5;40;100m8[0;1;30;90;43m@[0;1;31;91;43m8[0;1;33;93;43m;[0;31;5;40;100mS[0;1;30;90;40mS[0;1;33;93;43mS8[0;31;40m%;[0;34;40m;;[0;31;40mt;[0;34;40m:::[0;1;37;97;47mt:[0;37;5;47;107m%%%%%SSSSSX[0;1;30;90;47m. [0;34;40m   [0m
[0;34;40m ::[0;1;30;90;40m8[0;1;37;97;47m;8[0;1;30;90;47m8[0;36;5;40;100m  [0;1;30;90;47m.[0;37;5;47;107m;X[0;36;5;40;100m  [0;37;5;40;100m@[0;1;37;97;47m@%[0;37;5;40;100m@[0;1;30;90;40m88[0;30;5;40;100m8888@[0;33;5;40;100m@[0;1;30;90;43m888[0;33;5;40;100m@@[0;33;5;43;103m;;[0;37;5;43;103mS[0;1;30;90;43m8[0;1;33;93;43m.[0;37;5;43;103mS[0;33;5;43;103m;t[0;1;33;93;43mt.[0;1;31;91;43m8888[0;31;43mS[0;33;5;43;103mX[0;1;33;93;43mS%[0;33;5;40;100m8[0;1;30;90;40m8[0;31;43m8[0;1;30;90;43mtt[0;31;5;40;100mS[0;31;40mt[0;34;40m::::::[0;30;5;40;100mS[0;1;30;90;47m.[0;1;37;97;47m8[0;36;5;40;100m  t[0;1;37;97;47mt[0;37;5;47;107mS[0;1;37;97;47m;[0;36;5;40;100mt. [0;1;37;97;47m8[0;1;30;90;47m;[0;30;5;40;100m@[0;34;40m   [0m
 [0;34;40m:::[0;30;5;40;100m8[0;37;5;47;107mS[0;30;5;40;100m8[0;34;40m;[0;1;30;90;40m8[0;1;37;97;47mS[0;37;5;47;107mt%[0;36;5;40;100m [0;1;30;90;40mX@[0;1;37;97;47m.[0;1;30;90;47m%[0;1;30;90;40m88888[0;30;5;40;100m888888[0;31;5;40;100mX[0;1;30;90;43m8[0;37;43mS[0;1;33;93;43mX[0;1;30;90;43m8[0;33;5;43;103mt[0;37;5;43;103mS[0;33;5;43;103m;S[0;1;33;93;43mX[0;33;5;43;103mtt%%[0;1;33;93;43mt[0;1;30;90;43m@[0;1;31;91;43m8[0;1;33;93;43m.[0;33;5;43;103m%[0;1;33;93;43mt[0;1;30;90;43mS[0;1;33;93;43mS[0;31;43mt[0;1;30;90;41m8[0;34;40m;;;[0;31;40mtS:[0;34;40m::::.[0;36;5;40;100m [0;1;37;97;47m%[0;34;40m:.[0;1;30;90;40m8[0;1;37;97;47m8[0;37;5;47;107mS[0;1;37;97;47m8[0;1;30;90;40m8[0;34;40m.:[0;1;37;97;47mS[0;36;5;40;100mt[0;34;40m   [0m 
 [0;34;40m.::[0;1;30;90;40m8[0;37;5;47;107mSX[0;1;37;97;47m.[0;37;5;47;107m@[0;1;30;90;47m [0;36;5;40;100m  [0;37;5;47;107mt[0;1;37;97;47mt8[0;37;5;47;107m;[0;1;30;90;47m@[0;1;30;90;40m@888888[0;31;5;40;100m8[0;1;30;90;41m8[0;31;5;40;100m8[0;30;5;40;100m8[0;33;5;40;100m8[0;1;30;90;43m8[0;37;43m%[0;33;5;40;100m88[0;1;33;93;43m@[0;33;5;43;103m;:[0;37;5;43;103mt[0;33;5;43;103m;;tttt;t%X[0;33;5;40;100m8[0;31;5;40;100m8[0;1;33;93;43m:%[0;33;5;40;100m8[0;31;40mt[0;30;41m8[0;1;30;90;41mt[0;30;41m8[0;31;40m;[0;34;40m::::..[0;36;5;40;100m:[0;37;5;47;107m%[0;1;37;97;47m8[0;1;30;90;47m.[0;37;5;47;107m@[0;37;5;40;100m8[0;36;5;40;100m.[0;37;5;40;100m8[0;37;5;47;107m8[0;1;30;90;47m.[0;1;37;97;47m@[0;37;5;47;107m@[0;30;5;40;100mX[0;34;40m   [0m 
 [0;34;40m.:::[0;1;30;90;40m@[0;37;5;40;100m8[0;1;30;90;47m.[0;37;5;47;107mt[0;1;30;90;47m8t[0;36;5;40;100m.[0;37;5;47;107mt[0;1;37;97;47m8[0;1;30;90;47m;[0;30;5;40;100mS[0;1;30;90;40mX@@@[0;31;5;40;100mX[0;33;5;40;100m8[0;1;30;90;40m888[0;30;5;40;100m8[0;33;41m@[0;1;30;90;41m8[0;1;30;90;40m8[0;1;30;90;43m88888[0;33;5;43;103m%%t:;[0;1;30;90;43m@X[0;33;5;43;103m;ttSX8[0;1;30;90;43mS%[0;31;43mX[0;33;41m8[0;31;40m;8[0;1;31;91;41m%[0;31;40m8[0;34;40m::[0;31;40m;8@:[0;34;40m...[0;1;30;90;40m@[0;1;30;90;47m@[0;1;37;97;47m:[0;37;5;47;107mS[0;36;5;40;100m [0;1;30;90;47m@[0;36;5;40;100m [0;37;5;47;107mS[0;1;37;97;47m.[0;37;5;40;100m8[0;1;30;90;40mX[0;34;40m    [0m 
  [0;34;40m::::[0;36;5;40;100m [0;37;5;40;100mXX[0;1;30;90;47m:[0;1;37;97;47mt;[0;1;30;90;47m@[0;36;5;40;100m%[0;1;30;90;47m;[0;1;30;90;40mSXXXX@[0;31;5;40;100m@[0;1;30;90;43m@@[0;1;30;90;40m88[0;33;41m8X[0;1;30;90;41m8[0;30;5;40;100m8[0;31;43m8[0;1;31;91;43m88[0;1;33;93;43m:[0;1;30;90;43m@@[0;1;33;93;43mX[0;33;5;43;103mtt8[0;1;30;90;43mX[0;33;5;43;103mt;@[0;1;30;90;43m%%[0;1;33;93;43m;%[0;1;31;91;43m8[0;31;43m8[0;31;40m88[0;1;31;91;41mtS[0;31;40mt[0;34;40m:[0;1;30;90;41m8[0;31;43m%[0;30;41m8[0;31;40m:[0;34;40m.....[0;1;30;90;47m@[0;30;5;40;100m@[0;37;5;40;100m8[0;1;30;90;47m%[0;1;37;97;47m:[0;1;30;90;47m%[0;37;5;40;100m8[0;36;5;40;100m;[0;37;5;40;100m8[0;34;40m.    [0m 
  [0;34;40m.:::[0;30;5;40;100m8[0;37;5;47;107m@[0;1;30;90;47m@[0;37;5;40;100mS888[0;1;37;97;47mS[0;1;30;90;47mS[0;1;30;90;40mSS[0;31;5;40;100mS[0;1;30;90;43mX[0;30;5;40;100mX[0;1;30;90;40mXX[0;30;5;40;100m8[0;1;30;90;43mX@[0;1;30;90;40m@[0;33;41m88[0;1;31;91;41mX[0;1;30;90;41m@@[0;33;41m8[0;31;43mX[0;1;30;90;43m@XXXX[0;33;5;43;103mXS[0;1;33;93;43mS[0;33;5;43;103mX[0;1;30;90;43m%[0;1;33;93;43mX[0;1;30;90;43m%[0;1;31;91;43m8[0;31;43m%@[0;33;41m8[0;1;30;90;41mXt[0;1;31;91;41m%S[0;33;41m@[0;31;40m:[0;30;41m8[0;1;31;91;43m8[0;1;30;90;41m8[0;34;40m:.[0;31;40m%[0;1;30;90;43m;[0;30;5;40;100mX[0;31;40m:[0;34;40m.[0;36;5;40;100m [0;1;37;97;47m8[0;37;5;40;100m@[0;36;5;40;100m [0;37;5;40;100m@[0;36;5;40;100m [0;37;5;40;100mX[0;1;37;97;47m@[0;36;5;40;100m.[0;34;40m    [0m  
  [0;34;40m ::::[0;30;5;40;100mX[0;1;30;90;47mt[0;1;37;97;47m%@X.[0;36;5;40;100m [0;1;30;90;40mS[0;34;40m;[0;1;30;90;40m%S8[0;1;33;93;43m8[0;1;30;90;43mS[0;1;30;90;40m@X[0;1;33;93;43m;[0;1;30;90;43mSX[0;1;30;90;40m8[0;33;41m88[0;1;31;91;41mXS[0;33;41mX[0;1;30;90;41mX[0;31;43m8S[0;1;31;91;43m8[0;1;30;90;43mX[0;1;30;90;40mS[0;1;30;90;43mX[0;1;33;93;43m;;[0;1;30;90;43mS[0;1;30;90;40m%[0;1;30;90;43m%[0;1;31;91;43m8[0;31;43m%[0;33;41m8[0;1;30;90;41m8t[0;1;31;91;41m%%[0;33;41mSX[0;31;40m8[0;1;30;90;41m8[0;31;43m;[0;1;33;93;43m.[0;31;40m@[0;32;40m.[0;1;30;90;43m;[0;33;5;43;103m8[0;1;30;90;40m8[0;34;40m....[0;36;5;40;100m;[0;1;30;90;47mt[0;1;37;97;47mtSt[0;1;30;90;47mt[0;36;5;40;100m;[0;34;40m     [0m  
   [0;34;40m.::::::::;[0;31;40m;8[0;1;30;90;43m%[0;31;5;40;100mS[0;31;40mt[0;34;40m;[0;33;5;40;100m8[0;33;5;43;103m;[0;1;30;90;43m%[0;1;30;90;40mS[0;1;30;90;43m%[0;1;33;93;43mt[0;1;30;90;43mSS[0;31;43m@8[0;33;41m8X[0;1;31;91;41mS[0;33;41m%[0;31;40m8[0;1;30;90;41m8[0;31;43m88[0;1;30;90;40mS[0;31;40m8[0;31;43m%t[0;1;30;90;41m8[0;31;40mt[0;33;41m88[0;1;30;90;41m8[0;31;40mS[0;33;41mt[0;1;31;91;41m%S[0;33;41mX88[0;31;43mS[0;1;31;91;43m8[0;1;33;93;43m:;[0;31;40m;[0;1;30;90;43m;[0;33;5;43;103mt[0;1;30;90;43m:[0;34;40m..[0;31;40m8[0;31;43m8[0;31;40m8:[0;34;40m.....     [0m   
    [0;34;40m.:::::::::;[0;31;40mt[0;1;30;90;43mtt[0;31;40mt[0;1;30;90;40m8[0;33;5;43;103m;;[0;1;30;90;43m%[0;31;5;40;100mS[0;1;30;90;43m%[0;1;33;93;43mt.[0;1;30;90;43mS[0;31;43m@[0;1;30;90;41m8S[0;33;41m8X[0;1;30;90;41mS[0;1;30;90;40m%[0;30;41m@[0;33;41mX[0;30;41m8[0;31;40m@t;X8[0;33;41mS[0;1;30;90;41mS[0;34;40m:[0;1;30;90;41m%[0;1;31;91;41mS[0;33;41mXX[0;1;30;90;41m8[0;31;43m8%[0;1;31;91;43m8[0;1;33;93;43m:[0;1;30;90;43m:[0;31;40m8[0;1;30;90;43m;[0;33;5;43;103m%t[0;31;5;40;100mX[0;32;40m.[0;31;43mX:[0;31;40mt[0;34;40m.......    [0m    
    [0;34;40m .::::[0;31;40m:8[0;1;30;90;41m%S[0;31;40m;[0;34;40m:[0;31;40m8[0;1;33;93;43m:[0;1;30;90;43mt[0;31;40m;[0;1;33;93;43mS[0;33;5;43;103mt;t@[0;1;33;93;43mSS;[0;1;30;90;43mt%[0;1;30;90;41m8[0;31;40m8[0;31;43m8[0;33;41m@[0;34;40m;;[0;31;40m8[0;1;30;90;41m%[0;30;41m8[0;31;40m%t8[0;1;30;90;41mt[0;30;41m@[0;31;40m:[0;34;40m:[0;1;30;90;41mX[0;33;41m8[0;30;41m@[0;31;40mS[0;31;43mS[0;1;31;91;43m8[0;1;33;93;43m.t%@[0;33;5;43;103m%t%[0;1;33;93;43m@[0;31;40m;[0;31;43m8[0;1;33;93;43m.[0;33;41m8[0;34;40m.[0;31;40m.[0;30;41m8;[0;31;40m8:[0;34;40m      [0m    
     [0;34;40m..[0;31;40m::[0;34;40m:::[0;31;40m:[0;33;41mtS[0;31;40m;X[0;1;31;91;43m8[0;1;33;93;43m.[0;1;30;90;43mt[0;33;5;40;100m8[0;1;30;90;43mt[0;33;5;43;103m8t%[0;1;33;93;43mX[0;1;30;90;43m%%[0;1;33;93;43mt:[0;1;30;90;43mt[0;34;40m;[0;1;30;90;41m8[0;31;43mX[0;31;40m8[0;34;40m;;;[0;31;40m;t;;[0;34;40m:::[0;31;40m%[0;31;43m8[0;33;41m@[0;34;40m:[0;31;43m8[0;1;33;93;43m.;[0;1;30;90;43m:;:[0;33;5;43;103mSt@[0;1;30;90;43m.[0;33;41m8[0;31;43mS[0;1;33;93;43m.[0;1;31;91;43m8[0;30;41m8[0;31;40m.[0;33;41m%[0;1;31;91;41mS[0;31;40m;[0;34;40m.  [0;31;40m .[0;34;40m  [0m     
      [0;34;40m.[0;31;40m:8[0;1;30;90;41m::[0;31;40mt[0;34;40m:[0;30;41m8[0;31;5;41;101m8[0;33;41m%[0;31;40m;[0;31;43m8[0;1;31;91;43m88[0;1;33;93;43m;S[0;33;5;43;103mXtttt[0;1;30;90;43mt[0;1;30;90;40m8[0;1;33;93;43mX[0;1;30;90;43m;[0;34;40m::[0;31;40m8[0;31;43m8[0;1;30;90;41m8[0;31;40mS[0;34;40m::::::[0;31;40mt[0;30;41m8[0;31;43m8[0;30;41m8[0;32;40m:[0;34;40m:[0;1;30;90;43m:[0;1;33;93;43mX[0;1;30;90;43m;[0;31;40mX[0;33;5;43;103mSt%%X[0;1;33;93;43m%;[0;1;31;91;43m88[0;31;43m8[0;31;40m;[0;1;30;90;41m%[0;1;31;91;41m8[0;30;41m%[0;34;40m.[0;31;40m.[0;30;41mS.[0;31;40m8:[0;34;40m [0m      
       [0;34;40m..[0;31;40m:[0;1;30;90;41m:[0;1;31;91;41mS[0;31;40m;8[0;31;5;41;101m88[0;1;31;91;41mS[0;1;30;90;41mX[0;33;41m8[0;31;43mS[0;1;31;91;43m8[0;1;33;93;43m.[0;1;30;90;43m;;;[0;33;5;43;103mXt[0;1;30;90;43m;[0;34;40m:[0;1;30;90;43mt[0;33;5;43;103mX[0;33;5;40;100m8[0;34;40m::::::::::::::..[0;31;40mX[0;33;5;43;103m8[0;1;30;90;43m;[0;34;40m.[0;1;30;90;43m:[0;33;5;43;103m%X[0;1;30;90;43m:[0;1;30;90;41m8[0;1;30;90;43m:[0;1;31;91;43m88[0;31;43mS[0;33;41m8[0;30;41mX[0;33;41mt[0;1;31;91;41m88[0;30;41mX[0;31;40m.[0;1;30;90;41m.[0;1;31;91;41mt[0;31;40m.[0;34;40m  [0m       
        [0;34;40m..[0;30;41m@[0;1;31;91;41m8;[0;31;40mt[0;1;30;90;41m:[0;1;31;91;41m8[0;31;5;41;101m88[0;1;31;91;41m8[0;33;41m8[0;31;43m@[0;1;31;91;43m88[0;1;33;93;43m:[0;30;41m8[0;31;40mX[0;1;33;93;43m@[0;1;30;90;43m:[0;34;40m::[0;31;40mS[0;1;30;90;43m;;[0;31;40m%[0;34;40m::::::::....[0;31;40m;[0;33;5;40;100m8[0;1;30;90;43m:[0;31;40m@[0;34;40m..[0;1;30;90;43m:[0;33;5;43;103mS[0;30;41m8[0;31;40m%[0;1;33;93;43m.[0;1;31;91;43m88[0;31;43m@[0;33;41m8[0;1;31;91;41m@888;[0;31;40m;[0;30;41mt[0;1;31;91;41m8[0;30;41mt[0;34;40m  [0m        
         [0;34;40m.[0;31;40m8[0;1;31;91;41m88@[0;1;30;90;41m::[0;1;31;91;41mX8[0;31;5;41;101m8[0;1;31;91;41m8[0;30;41mS[0;31;40m8[0;31;43m@[0;1;31;91;43m8[0;31;43m8[0;34;40m:[0;31;40m8[0;1;33;93;43mt[0;1;30;90;43m;[0;31;40m:[0;34;40m:::::[0;1;30;90;40mX[0;36;5;40;100m [0;1;30;90;47m8.[0;1;37;97;47mt%;[0;1;30;90;47m.8[0;36;5;40;100m [0;1;30;90;40mS[0;34;40m.....[0;31;40m8[0;1;33;93;43mt[0;31;43m8[0;34;40m.[0;30;41m8[0;1;31;91;43m8[0;31;43mX[0;30;41m88[0;1;31;91;41mS88X[0;1;30;90;41m.[0;30;41m%[0;1;31;91;41mt8@[0;30;41m@[0;34;40m [0m         
          [0;31;40m [0;30;41m;[0;1;31;91;41m888@[0;1;30;90;41m:[0;1;31;91;41m;88[0;31;5;41;101m8[0;30;41m8[0;31;40m%[0;31;43m8[0;33;41m8[0;34;40m..[0;31;40mt[0;33;41m8[0;1;30;90;41m8[0;31;40mt[0;34;40m..:[0;1;30;90;47m8[0;37;5;47;107mS%%%%%%%%%X[0;1;30;90;47m8[0;34;40m:.[0;31;40m;[0;30;41m8[0;33;41m8[0;31;40m%[0;34;40m..[0;33;41mX[0;1;31;91;43m8[0;31;40m8t[0;1;31;91;41m888t[0;1;30;90;41m.[0;1;31;91;41m%8@@[0;30;41m [0;31;40m.[0m          
            [0;30;41mX[0;1;31;91;41m@888[0;30;41mt[0;31;40mS[0;1;31;91;41m%8[0;30;41m%[0;34;40m.[0;31;40m@[0;33;41m@[0;1;30;90;41mX[0;31;40m;[0;34;40m......[0;1;30;90;47m8[0;37;5;47;107mS%%%%%%%%%%SX[0;1;30;90;47m8[0;34;40m.....[0;31;40m.[0;30;41m8[0;33;41mX[0;30;41m8[0;34;40m.[0;31;40m8[0;1;31;91;41m8S[0;31;40m@[0;30;41m8[0;1;31;91;41mX@@X[0;30;41m%[0m            
             [0;30;41m8[0;1;30;90;41m:[0;1;31;91;41m@88[0;31;40m8t[0;1;31;91;41mX[0;1;30;90;41m:[0;34;40m..[0;31;40m.X8;[0;34;40m.....[0;1;37;97;47m@.[0;37;5;47;107m%%%%%SSSSSS[0;1;37;97;47m.S[0;34;40m....[0;31;40m:8@.[0;34;40m..[0;30;41mX[0;1;31;91;41m@[0;31;40mX:[0;1;31;91;41m@@@[0;30;41m.@[0m             
              [0;34;40m [0;31;40m;[0;1;31;91;41m:8[0;30;41m8[0;34;40m.[0;31;40mS[0;1;31;91;41m:[0;30;41m;[0;31;40mt[0;34;40m.........[0;1;30;90;47mt[0;1;37;97;47m.[0;37;5;47;107mSS@[0;1;37;97;47m8[0;37;5;47;107mSSS[0;1;37;97;47m8[0;37;5;47;107m@SS[0;1;37;97;47m [0;1;30;90;47m@[0;34;40m........[0;31;40m:[0;30;41m@[0;1;31;91;41m:[0;31;40m@[0;34;40m [0;31;40m%[0;1;31;91;41m@%[0;31;40mt[0;34;40m [0m              
                [0;31;40m:[0;1;31;91;41m%[0;1;30;90;41m.[0;31;40m.[0;34;40m..[0;31;40m;S:[0;34;40m........;[0;37;5;40;100m8[0;1;37;97;47m:[0;34;40m;..[0;1;30;90;47m.[0;37;5;47;107mS[0;1;30;90;47m;[0;34;40m..;[0;1;37;97;47m;[0;37;5;40;100m8[0;34;40m;.....  [0;31;40m.%;[0;34;40m   [0;30;41m@[0;1;31;91;41mS[0;31;40m%[0m                
                  [0;30;41m%;[0;31;40m@.[0;34;40m............[0;36;5;40;100m [0;37;5;47;107m@[0;36;5;40;100m;[0;34;40m;[0;37;5;40;100m@[0;37;5;47;107m8[0;1;37;97;47m.[0;37;5;47;107m8[0;37;5;40;100mX[0;34;40m;[0;36;5;40;100m;[0;37;5;47;107m@[0;36;5;40;100m [0;34;40m..         [0;31;40m %[0;30;41mS%[0m                  
                    [0;31;40m..[0;34;40m............[0;1;30;90;40m8[0;1;37;97;47m.[0;37;5;47;107m8XX[0;36;5;40;100m%.%[0;37;5;47;107mXX8[0;1;37;97;47m [0;1;30;90;40m@[0;34;40m           [0;31;40m .[0m                    
                      [0;34;40m .............[0;36;5;40;100m [0;37;5;40;100mS[0;37;5;47;107m@[0;1;30;90;47mt[0;1;37;97;47mS[0;1;30;90;47mt[0;37;5;47;107m@[0;36;5;40;100m  [0;34;40m             [0m                      
                        [0;34;40m            [0;1;30;90;47m8[0;36;5;40;100m [0;30;5;40;100m8[0;36;5;40;100m [0;1;30;90;47m8[0;36;5;40;100m [0;30;5;40;100m8[0;37;5;40;100mS@[0;34;40m           [0m                        
                          [0;34;40m          [0;1;30;90;40m8[0;1;37;97;47mS;[0;1;30;90;47mStS[0;1;37;97;47m;%[0;1;30;90;40m@[0;34;40m         [0m                          
                             [0;34;40m        .[0;30;5;40;100mS[0;36;5;40;100m   [0;30;5;40;100mS[0;34;40m.       [0m                             
                                [0;34;40m                [0m                                
                                   [0;34;40m          [0m                                   
                                      [0;34;40m    [0m                                      
