                                [0;31;40m8[0;30;41m8S;[0;1;30;90;41m:::[0;1;31;91;41m::[0;1;30;90;41m:::[0;30;41m;S@[0;31;40m8[0m                                
                          [0;31;40m@[0;30;41mS[0;1;30;90;41m;[0;1;31;91;41mS[0;31;5;41;101m8888888888888888888[0;1;31;91;41m8S[0;1;30;90;41m.[0;30;41m%[0;31;40m8[0m                          
                      [0;31;40m@[0;30;41mt[0;1;31;91;41m%[0;31;5;41;101m8888888888888888888888888888[0;1;31;91;41m88t[0;30;41mt[0;31;40m8[0m                      
                   [0;31;40m8[0;1;30;90;41m;[0;1;31;91;41m8[0;31;5;41;101m88888888888[0;1;30;90;41mS[0;30;41m@[0;1;31;91;41mt[0;31;5;41;101m88888888[0;1;31;91;41mX[0;1;30;90;41mtt[0;1;31;91;41m@[0;31;5;41;101m8888888[0;1;31;91;41m888@[0;1;30;90;41m.[0;31;40m8[0m                   
                 [0;30;41mS[0;1;31;91;41mX[0;31;5;41;101m888888888888[0;1;31;91;41mX[0;31;5;40;100m8[0;1;30;90;40m@[0;1;31;91;41mS[0;31;5;41;101m8888888888[0;1;31;91;41mX[0;30;41m8[0;31;40mS[0;1;30;90;41mt[0;31;5;41;101m8888888[0;1;31;91;41m88888X[0;30;41mS[0m                 
               [0;1;30;90;41m;[0;1;31;91;41m8[0;31;5;41;101m8888888888888[0;1;30;90;41m@[0;1;30;90;40m8[0;30;5;40;100m8[0;1;30;90;41mX[0;31;5;41;101m888888888888[0;1;31;91;41m8[0;1;30;90;40mX@[0;30;41m@[0;31;5;41;101m88888888[0;1;31;91;41m888888[0;30;41m:[0m               
             [0;1;30;90;41m;[0;31;5;41;101m8888888888888888[0;30;5;40;100m888[0;1;30;90;41m@[0;31;5;41;101m888888888888[0;1;31;91;41mX[0;1;30;90;40m@@@[0;1;30;90;41mt[0;31;5;41;101m88888888[0;1;31;91;41m8888888[0;30;41m:[0m             
           [0;30;41m8[0;1;31;91;41m8[0;31;5;41;101m8888888888@@@@@@[0;1;31;91;41m8[0;30;5;40;100m888[0;1;31;91;41m8[0;31;5;41;101m@8888[0;1;30;90;41m@X[0;31;5;41;101m88888[0;1;31;91;41m8[0;1;30;90;40m@@X[0;1;30;90;41mt[0;31;5;41;101m888888888[0;1;31;91;41m8888888@[0;30;41m@[0m           
          [0;1;31;91;41m;[0;31;5;41;101m888888888@@@@@@@@@[0;1;31;91;41mX[0;30;5;40;100m@@8[0;31;5;40;100m888888[0;1;30;90;40m88[0;31;5;40;100m888[0;1;30;90;41m@@X[0;31;40m8[0;1;30;90;40m@@[0;1;30;90;41m%[0;31;5;41;101m8888888888[0;1;31;91;41m88888888:[0m          
        [0;31;40m8[0;1;31;91;41m8[0;31;5;41;101m88888888@@@@@@@@@@@@8[0;31;5;40;100m8888[0;1;30;90;41m8[0;31;5;40;100m8[0;30;5;40;100m88888[0;1;30;90;40m8[0;31;5;40;100m8[0;1;30;90;41m@[0;31;5;40;100m8[0;1;30;90;41m@@[0;1;30;90;40m@[0;1;31;91;41mt[0;31;5;41;101m88888888888[0;1;31;91;41m888888888@[0;30;41m8[0m        
       [0;30;41mX[0;31;5;41;101m88888888@@@@@@@XXXXX@[0;31;5;40;100m8[0;1;30;90;41m8[0;1;31;91;41m8[0;31;5;40;100m@88888[0;30;5;40;100m888888[0;1;30;90;41m8@@[0;31;5;40;100m8[0;1;30;90;41mS[0;1;31;91;41mS[0;1;30;90;41mS[0;1;31;91;41m8[0;31;5;41;101m8888888888[0;1;31;91;41m8888888888[0;30;41m%[0m       
      [0;30;41mt[0;31;5;41;101m88888888@@@@@@XXXXXXXXX[0;31;5;40;100m@@[0;31;5;41;101mX8[0;1;31;91;41m8[0;1;30;90;41m8[0;31;5;40;100mX88888[0;30;5;40;100m88[0;1;30;90;41m@@[0;1;31;91;41mS[0;31;5;41;101m8[0;1;30;90;41mXX[0;1;31;91;41m8[0;31;5;41;101m888888888888[0;1;31;91;41m8888888888[0;30;41m;[0m      
     [0;1;30;90;41m;[0;31;5;41;101m88888888@@@@@XXXXXXXXXXXX[0;31;5;40;100mXSXXX[0;30;5;40;100mX[0;31;5;40;100m@8888[0;30;5;40;100m88[0;1;30;90;41m88@8X[0;31;5;41;101m88888888888888[0;1;31;91;41m88888888888[0;30;41m;[0m     
    [0;30;41mX[0;31;5;41;101m88888888@@@@@XXXXXXXXXXX[0;31;5;40;100mSSS[0;1;31;91;41m8[0;31;5;40;100mX[0;1;30;90;41m8[0;31;5;41;101m8[0;31;5;40;100mX[0;30;5;40;100mX[0;31;5;40;100m8888[0;30;5;40;100m8[0;31;5;40;100m8[0;1;31;91;41mX[0;1;30;90;41m88[0;1;31;91;41m@[0;1;30;90;41mXXS[0;31;5;41;101m888888888888[0;1;31;91;41m888888888888[0;30;41mX[0m    
   [0;31;40mX[0;31;5;41;101m88888888@@@@@XXXXXXXXXSS[0;35;5;41;101mX8[0;31;5;41;101mX8[0;35;5;40;100m%%[0;31;5;40;100mSSS[0;30;5;40;100mS[0;31;5;40;100m@888[0;30;5;40;100m@[0;31;5;40;100m88[0;1;30;90;41m88@[0;1;31;91;41mX[0;31;5;41;101m888888888888888[0;1;31;91;41m888888888888[0;31;40m@[0m   
   [0;1;31;91;41mX[0;31;5;41;101m88888888@@@@XXXXXXXXS[0;35;5;41;101mXXX[0;35;5;40;100mtttt%[0;31;5;41;101mXXX[0;31;5;40;100mXSX888[0;30;5;40;100m@[0;1;31;91;41m@[0;31;5;41;101m@@@[0;1;31;91;41m@[0;1;30;90;41m8@XS[0;31;5;41;101m888888888888[0;1;31;91;41m888888888888S[0m   
  [0;30;41mS[0;31;5;41;101m888888888@@@@XXXXXXXX[0;35;5;41;101mXXXXXXX8[0;35;5;40;100m;tt%t[0;31;5;40;100mXXX@888[0;1;30;90;41m88[0;31;5;40;100m8[0;1;30;90;41m8[0;1;31;91;41m8[0;31;5;41;101m888888888888888[0;1;31;91;41m8888888888888[0;30;41m%[0m  
  [0;1;31;91;41m8[0;31;5;41;101m88888888@@@@@XXXXXXXS[0;35;5;41;101mXXXXXXXXXXX[0;31;5;41;101m8XX8[0;31;5;40;100mS[0;30;5;40;100mS[0;1;30;90;41m8[0;31;5;41;101mX8[0;1;31;91;41m8[0;31;5;41;101m8@88888888888888888[0;1;31;91;41m8888888888888@[0m  
 [0;30;41m@[0;31;5;41;101m8888888888@@@@XXXXXXXX[0;35;5;41;101mXXXXXXXXXX[0;31;5;41;101mSXXX[0;1;31;91;41m8[0;30;5;40;100mSS[0;1;30;90;41m8[0;31;5;41;101mX@@@@8888[0;1;31;91;41m%[0;31;5;41;101m888888888888[0;1;31;91;41m88888888888888[0;30;41mX[0m 
 [0;1;31;91;41m;[0;31;5;41;101m8888888888@@@@XXXXXXXXS[0;35;5;41;101mXXXXXXXXX[0;31;5;41;101mXXXX[0;1;30;90;41m8[0;30;5;40;100mX[0;31;5;40;100mX[0;31;5;41;101m8@@@@@88[0;1;31;91;41mS[0;1;30;90;41mXS[0;31;5;41;101m888888888888[0;1;31;91;41m88888888888888t[0m 
 [0;1;31;91;41m8[0;31;5;41;101m8888888888@@@@@XXXXXXXXXS[0;35;5;41;101mXXXXX[0;31;5;41;101mSXXXXX8[0;31;5;40;100mX[0;30;5;40;100m@[0;31;5;40;100m@[0;1;30;90;41m8[0;31;5;41;101m@@@@[0;1;31;91;41mX[0;1;30;90;41m8[0;1;30;90;40m8@[0;1;31;91;41mX[0;31;5;41;101m888888888888[0;1;31;91;41m888888888888888[0;31;40m;[0m
[0;31;40m@[0;31;5;41;101m888888888888@@@@@XXXXXXXXXXXXXXXXXXXXX@[0;1;30;90;41m8[0;31;5;40;100m8[0;30;5;40;100m8[0;31;5;40;100m888[0;30;5;40;100m8[0;1;30;90;40m888[0;1;30;90;41mX[0;31;5;41;101m8888888888888[0;1;31;91;41m888888888888888[0;31;40m8[0m
[0;30;41m@[0;31;5;41;101m888888888888@8[0;1;30;90;41m88[0;31;5;41;101m8@XXXXXXX[0;1;30;90;41m8[0;31;5;40;100mX[0;31;5;41;101m8XXXXXXXXXXX@@[0;1;31;91;41m@[0;1;30;90;41m8888@[0;1;31;91;41m8[0;31;5;41;101m88[0;1;31;91;41m@[0;1;30;90;41m%[0;1;31;91;41mt[0;31;5;41;101m88888888[0;1;31;91;41m8[0;1;30;90;41m:;[0;1;31;91;41m@8888888888888[0;30;41m@[0m
[0;30;41m%[0;31;5;41;101m888888888888[0;1;30;90;41m@[0;30;5;40;100m8[0;1;30;90;41m8[0;1;31;91;41m@[0;31;5;41;101m@@@XXXXXX8[0;31;5;40;100m@SX[0;31;5;41;101mXXXXXXXXX@@@@@888888[0;1;30;90;41mS[0;1;30;90;40m@[0;1;30;90;41mS[0;1;31;91;41m@[0;31;5;41;101m888888888[0;1;31;91;41mS[0;30;41m8[0;31;40m%[0;1;30;90;41m:[0;1;31;91;41m888888888888[0;30;41m%[0m
[0;30;41m%[0;31;5;41;101m88888888888[0;1;30;90;41m8[0;30;5;40;100m8[0;31;5;40;100m8[0;31;5;41;101m8@@@@@@XXXXXX[0;31;5;40;100m@[0;30;5;40;100m%[0;31;5;40;100mX[0;1;31;91;41m8[0;31;5;41;101mXXXX@@@@@@@88888[0;1;31;91;41m@[0;31;5;40;100m8[0;1;30;90;40m8[0;1;30;90;41mX[0;31;5;41;101m8888888888[0;1;31;91;41m888[0;31;40m8[0;1;30;90;40mS[0;31;40m8[0;1;31;91;41m@8888888888[0;30;41m%[0m
[0;30;41m@[0;31;5;41;101m8888888888[0;1;30;90;41mX[0;1;30;90;40m8[0;30;5;40;100m8[0;31;5;40;100m8[0;31;5;41;101m88@@@@@@@@@@X[0;31;5;40;100m8[0;30;5;40;100mSS[0;31;5;40;100m@[0;31;5;41;101m@@@@@@@@@@888888[0;1;30;90;41m@[0;1;30;90;40m88[0;1;30;90;41mX[0;31;5;41;101m8888888888[0;1;31;91;41m888[0;31;40m@[0;1;30;90;40mS%[0;30;41mt[0;1;31;91;41m8888888888[0;30;41mX[0m
[0;31;40m8[0;31;5;41;101m8888888888[0;1;30;90;41mX[0;1;30;90;40m88[0;1;30;90;41m@[0;31;5;41;101m8888@8[0;1;31;91;41mX[0;31;5;41;101m8@@@@@[0;1;30;90;41m8[0;30;5;40;100mX@8[0;31;5;41;101m@@@@@@@888888888[0;31;40m8[0;1;30;90;40m@@[0;1;30;90;41mS[0;31;5;41;101m88888[0;1;31;91;41m8%8[0;31;5;41;101m8[0;1;31;91;41m8888[0;30;41m8[0;1;30;90;40m%[0;34;40m;[0;30;41m@[0;1;31;91;41m888888888@[0;31;40m8[0m
 [0;1;31;91;41m8[0;31;5;41;101m888888888[0;1;30;90;41mX[0;1;30;90;40m88[0;1;30;90;41mX@@@8@[0;31;5;40;100m8[0;1;30;90;40m8[0;30;5;40;100m8[0;1;30;90;41m888888[0;30;5;40;100m888[0;31;5;41;101m8@@@888888888888[0;1;30;90;40m@XX[0;1;30;90;41m%%t[0;30;41mSS[0;1;30;90;41mt[0;31;40mX;X[0;30;41mt@8[0;1;30;90;41m;;[0;30;41mX[0;34;40m;;[0;31;40m8[0;1;31;91;41m888888888@[0;31;40m;[0m
 [0;1;31;91;41m;[0;31;5;41;101m888888888[0;1;31;91;41m8[0;1;30;90;41mS[0;1;30;90;40m@[0;30;41m8[0;1;30;90;40m8[0;30;5;40;100m8[0;1;30;90;41mX[0;1;30;90;40m888[0;30;5;40;100m8[0;1;30;90;40m888[0;1;30;90;41m8[0;31;5;40;100m8[0;30;5;40;100m888[0;31;5;40;100m8[0;1;30;90;41m@[0;31;5;41;101m8888888888888888[0;1;31;91;41mt[0;30;41m8[0;1;30;90;40mX[0;31;40mS[0;1;30;90;40mX[0;31;40mX[0;30;41mX[0;1;30;90;40m%[0;34;40m;;[0;31;40mS[0;34;40m;;[0;31;40mt[0;30;41mS[0;31;40mX%@%[0;30;41mS[0;1;31;91;41mX88888888@t[0m 
 [0;30;41m@[0;31;5;41;101m88888888[0;1;31;91;41mS[0;1;30;90;41m%[0;31;5;41;101m8[0;1;30;90;41mSXSS[0;30;41m8[0;1;30;90;40m@@888888[0;1;30;90;41m@@@[0;31;5;40;100m8[0;1;31;91;41m@[0;1;30;90;41mX[0;1;31;91;41mX[0;31;5;41;101m88888888888888[0;1;31;91;41mX[0;1;30;90;41mt[0;1;31;91;41mX[0;31;40m8[0;1;30;90;41m%[0;1;31;91;41m;[0;1;30;90;41m;[0;31;40mXS;[0;34;40m;;;[0;31;40m;X@[0;1;30;90;41m;:[0;30;41m8[0;31;40m8[0;1;31;91;41m8[0;30;41m;[0;1;31;91;41m;8888888@[0;30;41mX[0m 
  [0;1;31;91;41m8[0;31;5;41;101m88888888[0;1;31;91;41m;[0;30;41mX[0;1;31;91;41m@X[0;1;30;90;41mSS[0;1;30;90;40m@[0;1;30;90;41mS[0;31;40mX888[0;1;30;90;40mX[0;1;30;90;41mX[0;1;30;90;40m8[0;1;30;90;41mX@X[0;1;31;91;41m8[0;1;30;90;41mXX[0;1;31;91;41m8[0;31;5;41;101m88888888888888[0;1;31;91;41m8[0;1;30;90;41mt[0;30;41m%[0;1;31;91;41m8;[0;1;30;90;41mt;[0;31;40mX[0;30;41m8[0;31;40m%@X@%[0;30;41mX[0;31;40m%[0;1;30;90;41m::[0;1;31;91;41m%@[0;30;41m@[0;1;30;90;41m:[0;1;31;91;41m8888888@X[0m  
  [0;30;41mS[0;31;5;41;101m888888888[0;1;31;91;41m%[0;31;40m8[0;1;30;90;41m%[0;1;31;91;41mt[0;1;30;90;41m%[0;31;40m8@@[0;30;41m88@[0;31;40m@[0;1;30;90;40mX[0;31;40m8[0;1;30;90;41mS[0;1;31;91;41mX[0;1;30;90;41mSXS[0;31;5;41;101m888888888888888888[0;1;31;91;41mt[0;31;40m8[0;1;30;90;41m;[0;1;31;91;41mS[0;1;30;90;41m;[0;31;40m8;S[0;30;41m8[0;31;40m88SXS[0;1;30;90;41m;[0;1;31;91;41m;[0;1;30;90;41m:[0;31;40m8[0;1;31;91;41m:8888888@@[0;30;41m%[0m  
   [0;1;31;91;41mS8[0;31;5;41;101m88888[0;1;31;91;41m@[0;1;30;90;41m;;[0;1;31;91;41mX[0;1;30;90;41mt%%t[0;1;30;90;40mX[0;31;40m@[0;1;30;90;41m%%%[0;31;40m8[0;1;30;90;40mX[0;1;30;90;41m%XXS[0;1;31;91;41m@t[0;1;30;90;41m%[0;1;31;91;41m8[0;31;5;41;101m88888888888888[0;1;31;91;41m8[0;1;30;90;41m;[0;1;31;91;41m;@[0;1;30;90;41mt[0;30;41mX[0;1;30;90;41mt;[0;34;40m;[0;31;40mS[0;30;41mXXX[0;31;40mX;[0;30;41mt[0;1;30;90;41m;[0;30;41m%[0;1;30;90;41m:[0;1;31;91;41m%[0;1;30;90;41m:[0;30;41mS[0;1;31;91;41m%8888@@%[0m   
   [0;31;40mX[0;1;31;91;41m888[0;31;5;41;101m88888[0;1;31;91;41mX[0;1;30;90;41mt[0;30;41mXX[0;1;30;90;41m%[0;31;40m8[0;1;30;90;40mS[0;31;40m%[0;30;41mXSS[0;31;40m%[0;1;30;90;40mX[0;30;41m8[0;1;30;90;41mSS%%[0;1;31;91;41m%[0;31;5;41;101m88888888888888888[0;1;31;91;41m8t[0;30;41m%XS[0;1;30;90;41m;[0;30;41m8[0;31;40m;;[0;30;41m@X@[0;31;40m;;@[0;30;41mX@@S[0;1;31;91;41m%88888@@@[0;31;40m8[0m   
    [0;30;41mS[0;1;31;91;41m8888@[0;30;41mStS[0;1;31;91;41m%[0;31;5;41;101m8[0;1;31;91;41m8@8[0;31;40m8S[0;30;41m8@8[0;31;40m%[0;30;41mX[0;1;31;91;41m@S@[0;31;5;41;101m8[0;1;31;91;41mX[0;1;30;90;41m%tt[0;1;31;91;41m8[0;31;5;41;101m888888888888[0;1;31;91;41m8[0;30;41mt[0;1;30;90;41m;;[0;1;31;91;41mS8@%X[0;30;41m@[0;31;40mt8[0;30;41m8[0;31;40m8%S[0;1;31;91;41m8X@8%[0;30;41mXSX[0;1;31;91;41mS8@@@[0;30;41mS[0m    
     [0;30;41m;[0;1;31;91;41m88888[0;31;5;41;101m8[0;1;31;91;41m@[0;1;30;90;41m;[0;30;41m8t[0;1;30;90;41mt[0;30;41mX[0;31;40mX[0;1;31;91;41m%[0;31;40m8[0;30;41m@[0;31;40m@[0;1;30;90;41m;[0;31;40m%[0;1;30;90;41mttt[0;30;41m@[0;1;30;90;41mt[0;1;31;91;41mS[0;31;5;41;101m8[0;1;31;91;41m8[0;31;5;41;101m88888888888888[0;1;31;91;41m88S[0;1;30;90;41m;[0;30;41m8t[0;1;30;90;41m;;[0;31;40mt[0;1;30;90;41m:[0;31;40mX[0;30;41m8[0;31;40m8[0;1;31;91;41m%[0;31;40mX[0;30;41m8;%8%[0;1;31;91;41mS888@@@[0;30;41mt[0m     
      [0;30;41mt[0;1;31;91;41m8888888[0;31;5;41;101m8[0;1;31;91;41m@t;8[0;31;5;41;101m8[0;30;41mS[0;34;40m;[0;31;40m%[0;31;5;41;101m8[0;1;31;91;41mX[0;1;30;90;41m;[0;1;31;91;41m;X[0;31;5;41;101m8888888888888888[0;1;31;91;41m88888888X:[0;1;30;90;41m:[0;1;31;91;41mS8[0;31;40mX[0;34;40m;[0;30;41m@[0;1;31;91;41m88:;S88888@@@[0;30;41m;[0m      
       [0;30;41mS[0;1;31;91;41m88888888888[0;31;5;41;101m8[0;30;41m%[0;34;40m;[0;31;40m8[0;31;5;41;101m8888888888[0;1;31;91;41m@[0;31;5;41;101m888888[0;1;31;91;41m888888@8888888888[0;30;41m8[0;34;40m:[0;30;41mX[0;1;31;91;41m88888888@@@@[0;30;41m%[0m       
        [0;31;40m8[0;1;31;91;41m@8888888888[0;30;41m8[0;34;40m;[0;30;41m%[0;1;31;91;41m88888[0;31;5;41;101m88[0;1;31;91;41m8X[0;30;41mS[0;1;31;91;41mS888888888888X[0;30;41mX[0;1;31;91;41mS88888888[0;30;41m;[0;34;40m:[0;31;40m8[0;1;31;91;41m8888888@@@X[0;30;41m8[0m        
          [0;1;31;91;41m;888888888[0;30;41m@[0;31;40m;X[0;1;30;90;41m;[0;1;31;91;41m88888;[0;30;41mX[0;34;40m;[0;30;41m8[0;1;31;91;41m88888888888888[0;30;41m@[0;34;40m;[0;30;41m@[0;1;31;91;41m:88888[0;1;30;90;41m:[0;31;40mX[0;34;40m:[0;30;41m8[0;1;31;91;41m88888@@@@:[0m          
           [0;30;41m@[0;1;31;91;41m@88888888;[0;31;40mX[0;34;40m;[0;30;41m88%@8[0;34;40m;;[0;31;40mS[0;1;31;91;41mX88888888888888@[0;31;40mS[0;34;40m;;[0;30;41m88S88[0;31;40m:S[0;1;30;90;41m.[0;1;31;91;41m8888@@@@X[0;30;41mX[0m           
             [0;30;41m;[0;1;31;91;41m888888888%[0;30;41mS8@[0;31;40m8[0;30;41m8[0;1;30;90;41m:[0;1;31;91;41m;888888888888888888;[0;1;30;90;41m:[0;30;41m8[0;31;40m8[0;30;41m88X[0;1;31;91;41m;88888@@@@[0;30;41m:[0m             
               [0;30;41m:[0;1;31;91;41m8888888888888888888888888888888888888888888@@@@@[0;30;41m;[0m               
                 [0;30;41mS[0;1;31;91;41mX88888888888888888888888888888888888888@@@@S[0;30;41m%[0m                 
                   [0;31;40m8[0;30;41m:[0;1;31;91;41mX88888888888888888888888888888888@@@@X[0;30;41m:[0;31;40m8[0m                   
                      [0;31;40m@[0;30;41mt[0;1;31;91;41mt88888888888888888888888888@@@@t[0;30;41mt[0;31;40m@[0m                      
                          [0;31;40m8[0;30;41m%[0;1;31;91;41m.S88888888888888888@@@S.[0;30;41m%[0;31;40m8[0m                          
                                [0;31;40m8[0;30;41m8St:.[0;1;30;90;41m [0;1;31;91;41m  [0;1;30;90;41m [0;30;41m.:tS8[0;31;40m8[0m                                
