[0;30;41m8[0;1;31;91;41m........::[0;33;41m%[0;31;43mS%%%%%%%%%%[0;1;33;93;43mXXXXXXXXXXX[0;32;43m8[0;30;42m%%%%%%%%%%8[0;1;34;94;44m::::.......[0;1;30;90;44m88888888[0;30;44mSXX[0;34;45m8[0;1;30;90;45m......    [0;34;40mX[0m
[0;30;41m%[0;1;31;91;41m888888[0;31;5;41;101m8888@[0;1;33;93;43m...::::::::[0;33;5;43;103m;;;;;:::;;;[0;32;43mS[0;1;30;90;42mttttt;;;;;[0;32;46m8[0;34;5;44;104m888888[0;1;34;94;44m88888[0;35;44m@888@@@@@@@[0;1;30;90;45m........   [0;34;40m8[0m
[0;30;41m%[0;1;31;91;41m8888[0;31;5;41;101m888888@[0;1;33;93;43m.::::::::::[0;33;5;43;103m;::::::::::[0;32;43m%[0;1;30;90;42m%%ttttttt;[0;32;46m8[0;34;5;44;104m8888888[0;1;34;94;44m8888[0;35;44m@8888@@@@@@[0;1;30;90;45m.........  [0;34;40m8[0m
[0;30;41m%[0;1;31;91;41m888[0;31;5;41;101m8888888@[0;1;33;93;43m:::::::::::[0;33;5;43;103m;::::::::::[0;1;30;90;43mS[0;1;30;90;42m%%%%%%tttt[0;1;30;90;46mt[0;34;5;44;104m888888888[0;1;34;94;44m88[0;35;44m8888888@@@@[0;1;30;90;45m:......... [0;34;40m8[0m
[0;30;41m%[0;1;31;91;41m8[0;31;5;41;101m888888888@[0;1;33;93;43m:::::::::;;[0;33;5;43;103m:::::::::::[0;1;30;90;43mS[0;1;30;90;42mSSSS%%%%%t[0;1;30;90;46m%[0;34;5;44;104m88888888888[0;35;44m88888888@@@[0;1;30;90;45m::........ [0;34;40m8[0m
[0;30;41m%[0;31;5;41;101m8888888888@[0;1;33;93;43m:::::;;[0;33;5;43;103m;;;::::::::::::[0;1;30;90;43mX[0;1;30;90;42mXXSSSSS%%%[0;1;30;90;46m%[0;34;5;44;104m88888888888[0;35;44m888888888@@[0;1;30;90;45m:::........[0;34;40m8[0m
[0;30;41m%[0;31;5;41;101m8888888888@[0;1;33;93;43m:::;[0;33;5;43;103m;;;:::::::::::::::[0;1;30;90;43m@[0;1;30;90;42m@XXXXXSSS%[0;1;30;90;46mS[0;34;5;44;104m88888888888[0;35;44m8888888888@[0;1;30;90;45m::::.......[0;34;40m8[0m
[0;30;41m%[0;31;5;41;101m8888888888@[0;1;33;93;43m:;[0;33;5;43;103m;;::::::::..[0;37;5;43;103m;;;:;;;[0;33;5;43;103m.[0;1;30;90;43m8[0;1;30;90;42m@@@@XXXXSS[0;1;30;90;46mS[0;34;5;44;104m88888888888[0;35;44m8888888888@[0;1;30;90;45m:::::......[0;34;40m8[0m
[0;30;41m%[0;31;5;41;101m8888888888X[0;1;33;93;43m;[0;33;5;43;103m;:::::::::[0;37;5;43;103m;::::::::::[0;1;30;90;43m8[0;1;30;90;42m888@@@@XXX[0;1;30;90;46mX[0;34;5;44;104m88888888888[0;35;44m88888888888[0;1;30;90;45m:::::......[0;34;40m8[0m
[0;30;41m%[0;31;5;41;101m8888888888X[0;33;5;43;103m;::::::::::[0;37;5;43;103m;::::::::::[0;1;30;90;43m8[0;1;30;90;42m888888@@@X[0;1;30;90;46mX[0;34;5;44;104m88888888888[0;35;44m88888888888[0;1;30;90;45m::::::.....[0;34;40m8[0m
[0;30;41m%[0;31;5;41;101m8888888888X[0;33;5;43;103m::::::::...[0;37;5;43;103m:..........[0;1;30;90;43m8[0;1;30;90;42m8888888@@@[0;1;30;90;46m@[0;34;5;44;104m88888888888[0;35;44m88888888888[0;1;30;90;45m::::::.....[0;34;40m8[0m
[0;30;41m%[0;31;5;41;101m8888888888X[0;33;5;43;103m::::::.....[0;37;5;43;103m:..........[0;1;30;90;43m8[0;1;30;90;42m888888888@[0;1;30;90;46m@[0;34;5;44;104m88888888888[0;35;44m88888888888[0;1;30;90;45m:::::::....[0;34;40m8[0m
[0;30;41m%[0;31;5;41;101m8888888888X[0;33;5;43;103m:::::......[0;37;5;43;103m...........[0;1;30;90;43m8[0;1;30;90;42m8888888888[0;1;30;90;46m@[0;34;5;44;104m88888888888[0;35;44m88888888888[0;1;30;90;45m:::::::....[0;34;40m8[0m
[0;30;41m%[0;31;5;41;101m8888888888X[0;33;5;43;103m::::.......[0;37;5;43;103m...........[0;1;30;90;43m8[0;1;30;90;42m8888888888[0;1;30;90;46m8[0;34;5;44;104m88888888888[0;35;44m88888888888[0;1;30;90;45m:::::::....[0;34;40m8[0m
[0;30;41m%[0;31;5;41;101m8888888888[0;33;5;41;101mX[0;33;5;43;103m:::.......[0;37;5;43;103mX...........[0;1;30;90;43m8[0;32;5;40;100mX[0;1;30;90;42m888888888[0;1;30;90;46m8[0;34;5;44;104m@8888888888[0;35;44m88888888888[0;1;30;90;45m:::::::....[0;34;40m8[0m
[0;30;41m%[0;31;5;41;101m8888888888[0;33;5;41;101mX[0;33;5;43;103m:::......[0;37;5;43;103mXX...........[0;37;43m@[0;32;5;40;100mSX[0;1;30;90;42m88888888[0;1;30;90;46m8[0;34;5;44;104m@8888888888[0;35;44m88888888888[0;1;30;90;45m::::::::...[0;34;40m8[0m
[0;30;41m%[0;31;5;41;101m8888888888[0;33;5;41;101mX[0;33;5;43;103m:::......[0;37;5;43;103mXX...........[0;37;43m@[0;32;5;40;100mSXX[0;1;30;90;42m8888888[0;1;30;90;46m8[0;34;5;44;104m@8888888888[0;35;44m88888888888[0;1;30;90;45m::::::::...[0;34;40m8[0m
[0;30;41m%[0;31;5;41;101m8888888888[0;33;5;41;101mX[0;33;5;43;103m:::......[0;37;5;43;103mXX...........[0;37;43m@[0;32;5;40;100mSSX[0;1;30;90;42m8888888[0;1;30;90;46m8[0;34;5;44;104m@8888888888[0;35;44m88888888888[0;1;30;90;45m::::::::...[0;34;40m8[0m
[0;30;41m%[0;31;5;41;101m8888888888[0;33;5;41;101mX[0;33;5;43;103m:::......[0;37;5;43;103mXX...........[0;37;43m@[0;32;5;40;100mSXX[0;1;30;90;42m8888888[0;1;30;90;46m8[0;34;5;44;104m@8888888888[0;35;44m88888888888[0;1;30;90;45m::::::::...[0;34;40m8[0m
[0;30;41m%[0;31;5;41;101m8888888888[0;33;5;41;101mX[0;33;5;43;103m:::......[0;37;5;43;103mXX...........[0;37;43m@[0;32;5;40;100mSX[0;1;30;90;42m88888888[0;1;30;90;46m8[0;34;5;44;104m@8888888888[0;35;44m88888888888[0;1;30;90;45m::::::::...[0;34;40m8[0m
[0;30;41m%[0;31;5;41;101m8888888888[0;33;5;41;101mX[0;33;5;43;103m::::......[0;37;5;43;103mX...........[0;1;30;90;43m8[0;32;5;40;100mX[0;1;30;90;42m888888888[0;1;30;90;46m8[0;34;5;44;104m88888888888[0;35;44m88888888888[0;1;30;90;45m:::::::....[0;34;40m8[0m
[0;30;41mS[0;31;5;41;101m8888888888X[0;33;5;43;103m::::.......[0;37;5;43;103m...........[0;1;30;90;43m8[0;1;30;90;42m8888888888[0;1;30;90;46m8[0;34;5;44;104m88888888888[0;35;44m88888888888[0;1;30;90;45m:::::::....[0;34;40m8[0m
[0;30;41m8[0;31;5;41;101m8888888888X[0;33;5;43;103m:::::......[0;37;5;43;103m...........[0;1;30;90;43m8[0;1;30;90;42m8888888888[0;1;30;90;46m@[0;34;5;44;104m88888888888[0;35;44m88888888888[0;1;30;90;45m:::::::....[0;34;40m@[0m
[0;31;40mX[0;31;5;41;101m8888888888X[0;33;5;43;103m:::::::....[0;37;5;43;103m:..........[0;1;30;90;43m8[0;1;30;90;42m88888888@@[0;1;30;90;46m@[0;34;5;44;104m88888888888[0;35;44m88888888888[0;1;30;90;45m:::::::....[0;34;40m%[0m
 [0;1;31;91;41m8[0;31;5;41;101m888888888X[0;33;5;43;103m:::::::::..[0;37;5;43;103m:..........[0;1;30;90;43m8[0;1;30;90;42m8888888@@@[0;1;30;90;46m@[0;34;5;44;104m88888888888[0;35;44m88888888888[0;1;30;90;45m::::::.....[0m 
 [0;1;31;91;41m;[0;31;5;41;101m888888888X[0;33;5;43;103m;::::::::::[0;37;5;43;103m;::::::::::[0;1;30;90;43m8[0;1;30;90;42m88888@@@XX[0;1;30;90;46mX[0;34;5;44;104m88888888888[0;35;44m88888888888[0;1;30;90;45m::::::.....[0m 
 [0;30;41mS[0;31;5;41;101m888888888X[0;1;33;93;43m;[0;33;5;43;103m;;::::::::[0;37;5;43;103m;::::::::::[0;1;30;90;43m8[0;1;30;90;42m888@@@XXXS[0;1;30;90;46mX[0;34;5;44;104m88888888888[0;35;44m88888888888[0;1;30;90;45m:::::.....[0;34;40m8[0m 
  [0;1;31;91;41m8[0;31;5;41;101m88888888@[0;1;33;93;43m:;;[0;33;5;43;103m;;::::::::.........[0;1;30;90;43m@[0;1;30;90;42m@@@XXXXSSS[0;1;30;90;46mS[0;34;5;44;104m88888888888[0;35;44m8888888888@[0;1;30;90;45m::::......[0;34;40m;[0m 
  [0;1;30;90;41m:[0;31;5;41;101m88888888@[0;1;33;93;43m:::;;[0;33;5;43;103m;;:::::::::::::::[0;1;30;90;43m@[0;1;30;90;42mXXXXXSSSS%[0;1;30;90;46mS[0;34;5;44;104m88888888888[0;35;44m888888888@@[0;1;30;90;45m::::......[0m  
  [0;31;40mS[0;1;31;91;41m8[0;31;5;41;101m8888888@[0;1;33;93;43m::::::;;[0;33;5;43;103m;;;:::::::::::[0;1;30;90;43mX[0;1;30;90;42mXSSSSS%%%%[0;1;30;90;46m%[0;34;5;44;104m88888888888[0;35;44m88888888@@@[0;1;30;90;45m:::......[0;34;40mt[0m  
   [0;30;41m:[0;31;5;41;101m8888888@[0;1;33;93;43m::::::::::;[0;33;5;43;103m:::::::::::[0;1;30;90;43mS[0;1;30;90;42mSSS%%%%%tt[0;1;30;90;46m%[0;34;5;44;104m8888888888[0;1;34;94;44m8[0;35;44m8888888@@@@[0;1;30;90;45m::.......[0m   
    [0;1;31;91;41mX[0;31;5;41;101m888888@[0;1;33;93;43m:::::::::::[0;33;5;43;103m;::::::::::[0;32;43m%[0;1;30;90;42m%%%%%ttttt[0;32;46m8[0;34;5;44;104m888888888[0;1;34;94;44m88[0;35;44m888888@@@@@[0;1;30;90;45m:.......[0m    
    [0;31;40m8[0;1;31;91;41m8[0;31;5;41;101m88888@[0;1;33;93;43m.::::::::::[0;33;5;43;103m;::::::::::[0;32;43m%[0;1;30;90;42mtttttttt;;[0;32;46m8[0;34;5;44;104m8888888[0;1;34;94;44m8888[0;35;44m@8888@@@@@@[0;1;30;90;45m.......[0;34;40m%[0m    
     [0;30;41m@[0;1;31;91;41m88[0;31;5;41;101m888@[0;1;33;93;43m....:::::::[0;33;5;43;103m;;;;;;;;;;;[0;32;43mS[0;1;30;90;42mtttt;;;;;;[0;36;42m8[0;34;5;44;104m88888[0;1;34;94;44m888888[0;35;44m@888@@@@@@@[0;1;30;90;45m......[0;34;40m8[0m     
      [0;30;41mt[0;1;31;91;41m888[0;31;5;41;101m8@[0;1;33;93;43m.........::[0;33;5;43;103m;;;;;;;;;;;[0;32;43mS[0;1;30;90;42m;;;;;;;;::[0;36;42m8[0;34;5;44;104m888[0;1;34;94;44m88888888[0;35;44m@8@@@@@@@@@[0;1;30;90;45m......[0m      
       [0;30;41m:[0;1;31;91;41m888[0;31;5;41;101m@[0;1;33;93;43m...........[0;33;5;43;103m;;;;;;;;;;;[0;32;43mS[0;1;30;90;42m;;;:::::::[0;36;42m8[0;1;34;94;44m88888888888[0;35;44m@@@@@@@@@@@[0;1;30;90;45m.....[0m       
        [0;30;41m;[0;1;31;91;41m88[0;31;5;41;101m8[0;1;33;93;43m...........[0;33;5;43;103m;;;;;;;;;;;[0;32;43mS[0;1;30;90;42m::::::::::[0;36;42m8[0;1;34;94;44m88888888888[0;35;44m@@@@@@@@@@@[0;1;30;90;45m....[0m        
         [0;30;41mS[0;1;31;91;41m8[0;31;5;41;101m8[0;1;33;93;43m...........[0;33;5;43;103m;;;;;;;;;;;[0;32;43mX[0;1;30;90;42m::::::::::[0;36;42m8[0;1;34;94;44m88888888888[0;35;44m@@@@@@@@@@@[0;1;30;90;45m..[0;34;40m8[0m         
          [0;31;40m8[0;1;31;91;41m8[0;1;33;93;43m...........[0;33;5;43;103m;;;;;;;;;;;[0;32;43mX[0;1;30;90;42m::::::::::[0;36;42m8[0;1;34;94;44m88888888888[0;35;44m@@@@@@@@@@X[0;34;45mX[0;34;40mS[0m          
            [0;31;43m%[0;1;33;93;43m..........[0;33;5;43;103mt;;;;;;;;;;[0;32;43mX[0;1;30;90;42m::::::::::[0;36;42m8[0;1;34;94;44m88888888888[0;35;44m@@@@@@@@XXS[0m            
             [0;31;43m8[0;1;31;91;43m888[0;1;33;93;43m......[0;33;5;43;103mttt;;;;;;;t[0;32;43mX[0;1;30;90;42m::::::::..[0;36;42m8[0;1;34;94;44m88888888888[0;35;44m@@@@@@@XX[0;30;44m8[0m             
              [0;31;40m@[0;31;43m%[0;1;31;91;43m8888888[0;33;5;43;103mttttttttttt[0;32;43mX[0;1;30;90;42m::........[0;36;42m8[0;1;34;94;44m88888888888[0;35;44mX@@@@XXS[0;34;40mt[0m              
                [0;33;41m@[0;1;31;91;43m888888[0;33;5;43;103mttttttttttt[0;32;43mX[0;1;30;90;42m..........[0;36;42m8[0;1;34;94;44m88888888888[0;35;44mX@XXXX[0;34;40m@[0m                
                  [0;31;43m8[0;1;31;91;43m8888[0;33;5;43;103m%tttttttttt[0;32;43mX[0;1;30;90;42m..........[0;36;42m8[0;1;34;94;44m888888888@@[0;35;44mXXXX[0;30;44m8[0m                  
                    [0;31;43m8[0;1;31;91;43m88[0;33;5;43;103m%tttttttttt[0;32;43m@[0;1;30;90;42m..........[0;36;42m8[0;1;34;94;44m888888@@@@@[0;35;44mXX[0;30;44m8[0m                    
                      [0;33;41m8[0;33;5;43;103mX%%%%%%%%%%[0;32;43m@[0;1;30;90;42m.....[0;30;42m.....[0;36;42m8[0;1;34;94;44m88@@@@@@@@X[0;30;44m8[0m                      
                        [0;1;30;90;43m.[0;33;5;43;103m8%%%%%%%%[0;32;43m@[0;30;42m..........[0;36;42m8[0;1;34;94;44m@@@@@@@@%[0;30;44m@[0m                        
                          [0;32;40m8[0;1;30;90;43m [0;33;5;43;103mS%%%%%[0;32;43m@[0;30;42m........::[0;36;42m@[0;1;34;94;44m@@@@@@[0;30;44m [0;34;40m8[0m                          
                             [0;1;30;90;43m.[0;1;33;93;43m@[0;33;5;43;103mS%%[0;32;43m@[0;30;42m::::::::::[0;36;42m@[0;1;34;94;44m@@@:[0;30;44m@[0m                             
                                [0;1;30;90;43m [0;1;33;93;43m8[0;32;43m@[0;30;42m::::::::::[0;36;42m@[0;1;34;94;44mt[0;30;44mS[0m                                
                                   [0;32;40m@[0;30;42mX::::::X[0;32;40m8[0m                                   
                                      [0;32;40m%88S[0m                                      
