[0;30;41m8[0;1;31;91;41m........:::::::::::::::::::::::::::::::::::::::::................ [0;1;30;90;41m.      [0;30;41m     8[0m
[0;30;41m%[0;1;31;91;41m888888[0;31;5;41;101m888888888888888888888888888888888888888888888[0;1;31;91;41m888888888888888888888@@@@@@[0;30;41m%[0m
[0;30;41m%[0;1;31;91;41m8888[0;31;5;41;101m888888888888888888888888888888888888888888888888[0;1;31;91;41m888888888888888888888@@@@@[0;30;41m%[0m
[0;30;41m%[0;1;31;91;41m888[0;31;5;41;101m888888888888888888888888888888888888888888888888888[0;1;31;91;41m88888888888888888888@@@@[0;30;41m%[0m
[0;30;41m%[0;1;31;91;41m8[0;31;5;41;101m8888888888888888888888888888888888888888888888888888888[0;1;31;91;41m8888888888888888888@@@[0;30;41m%[0m
[0;30;41m%[0;31;5;41;101m888888888888888888888888888888888888888888888888888888888[0;1;31;91;41m8888888888888888888@@[0;30;41m%[0m
[0;30;41m%[0;31;5;41;101m8888888888888888888888888888888888888888888888888888888888[0;1;31;91;41m888888888888888888@@[0;30;41m%[0m
[0;30;41m%[0;31;5;41;101m8888888888888888888888@@@@@@@@@@@@@888888888888888888888888[0;1;31;91;41m888888888888888888@[0;30;41m%[0m
[0;30;41m%[0;31;5;41;101m8888888888888888888@@@@@@@@@@@@@@@@@@@8888888888888888888888[0;1;31;91;41m88888888888888888@[0;30;41m%[0m
[0;30;41m%[0;31;5;41;101m8888888888888888@@@@@@@@@@@XXX@@@@@@@@@@888888888888888888888[0;1;31;91;41m88888888888888888[0;30;41m%[0m
[0;30;41m%[0;31;5;41;101m888888888888888@@@@@@@XXXXXXXXXXXXX@@@@@@@8888888888888888888[0;1;31;91;41m88888888888888888[0;30;41m%[0m
[0;30;41m%[0;31;5;41;101m88888888888888[0;1;31;91;41m8@[0;31;43m8[0;1;30;90;43m88888[0;1;31;91;43m8[0;33;41m8[0;1;31;91;41m8[0;31;5;41;101m8@XXXXXXXXXX@@@@@@88888888888[0;1;31;91;41m88@XXXX@8888888888888888[0;30;41m%[0m
[0;30;41m%[0;31;5;41;101m88888888888[0;1;31;91;41m@[0;31;43mX[0;1;30;90;43m@[0;1;33;93;43mt[0;33;5;43;103m;[0;1;33;93;43mS[0;1;30;90;43m8[0;33;5;43;103m%tSSt[0;37;5;43;103mXXX[0;33;5;43;103m%[0;37;43mX[0;1;30;90;43m88[0;31;5;41;101m8@XXXXXXX@@@@@888888[0;1;31;91;41m8X[0;31;43m8[0;1;30;90;43m%[0;1;33;93;43m;[0;33;5;43;103mX%SXX[0;1;30;90;43m:[0;1;33;93;43mt:[0;31;43m%[0;33;41m@[0;1;31;91;41mS888888888888[0;30;41m%[0m
[0;30;41m%[0;31;5;41;101m88888888[0;1;31;91;41m8[0;33;41mX[0;1;30;90;43m@@[0;33;5;43;103mS%;[0;37;5;43;103m%%SSSSXX[0;33;5;43;103m%[0;37;5;43;103mXXX[0;37;43m@@X@@[0;1;30;90;43m8[0;1;31;91;41m8[0;31;5;41;101m@@8[0;1;31;91;41m8[0;31;43m8[0;1;30;90;43m8[0;1;30;90;41m8[0;31;43m8[0;33;41m888[0;31;43m8[0;33;41m8[0;1;31;91;41m@@[0;33;41mX[0;1;30;90;43m%[0;33;5;43;103mt;[0;1;33;93;43mX:SS[0;33;5;43;103mS;tS[0;1;33;93;43mX[0;33;5;43;103m%[0;1;33;93;43mtt;[0;31;43m8[0;33;41mX[0;1;31;91;41mX888888888[0;30;41m%[0m
[0;30;41m%[0;31;5;41;101m8888888[0;1;31;91;41m8[0;31;43m8[0;1;33;93;43m:[0;33;5;43;103mt::::[0;37;5;43;103m%[0;33;5;43;103mS[0;37;5;43;103mS[0;1;30;90;43m8[0;37;5;43;103mSX[0;37;43mX[0;37;5;43;103mXX@X@X@@X@[0;37;43m@[0;37;5;43;103mX[0;37;43mX[0;1;30;90;43m88[0;33;5;43;103m%;[0;1;30;90;43m8[0;33;5;43;103m%t[0;1;30;90;43m8[0;33;5;43;103mSt[0;1;33;93;43mX%[0;1;30;90;43mXS[0;33;5;43;103m;XS[0;1;33;93;43mX[0;33;5;43;103mt;;[0;1;33;93;43mXS[0;33;5;43;103m;[0;1;33;93;43m;[0;33;5;43;103m%S;tttS[0;1;33;93;43m;[0;31;43mX[0;33;41m;[0;1;31;91;41m@8888888[0;30;41m%[0m
[0;30;41m%[0;31;5;41;101m888888[0;1;31;91;41m8[0;1;30;90;43mX[0;33;5;43;103m;:;:S;[0;1;33;93;43m;[0;37;5;43;103mS[0;1;30;90;43m8[0;37;5;43;103mS[0;33;5;43;103m%S[0;37;5;43;103mX[0;1;30;90;43m8[0;37;5;43;103mX@[0;37;43m@[0;37;5;43;103m@@X[0;1;33;93;47m8[0;37;5;43;103m@X@@@[0;37;43mX[0;1;30;90;43m8[0;37;5;43;103mXX[0;37;43mX[0;33;5;43;103mS[0;37;5;43;103mS[0;33;5;43;103m:[0;1;30;90;43m88[0;1;33;93;43mSS[0;33;5;43;103m;[0;1;30;90;43m@[0;1;33;93;43mt[0;1;30;90;43mX[0;33;5;43;103mSt%[0;1;30;90;43mt[0;33;5;43;103mt;[0;31;43mS[0;33;5;43;103m;%[0;31;43m;[0;33;5;43;103m;[0;31;43mS[0;33;5;43;103m;[0;1;33;93;43m%[0;33;5;43;103m%%ttS[0;1;33;93;43mX[0;33;41mX[0;1;31;91;41m@888888[0;30;41m%[0m
[0;30;41m%[0;31;5;41;101m888888[0;33;41m8[0;33;5;43;103m;::t[0;1;33;93;43m:[0;1;30;90;43m8[0;31;43m8[0;1;30;90;43m8[0;33;41m8[0;1;30;90;43m8[0;1;30;90;41m8[0;1;30;90;43m888[0;33;5;40;100mS[0;1;30;90;43m8[0;37;5;43;103m@[0;1;30;90;43m8[0;37;5;43;103m@88888@@@[0;1;30;90;43m8[0;37;5;43;103mXXXSSSS[0;33;5;43;103mt[0;1;30;90;43m88[0;33;5;43;103m;[0;1;30;90;43m@[0;33;41m@[0;1;33;93;43mX[0;33;5;43;103m;[0;1;33;93;43m:%%[0;1;30;90;43m%[0;33;5;43;103mSX[0;33;41mt[0;1;30;90;43mt[0;31;43m8[0;1;33;93;43mt[0;31;43m88St;;[0;1;33;93;43mS[0;33;5;43;103mSttS[0;33;41mt[0;1;31;91;41m888888[0;30;41m%[0m
[0;30;41m%[0;31;5;41;101m88888[0;1;31;91;41m8[0;1;30;90;43mS[0;33;5;43;103m:;S[0;1;33;93;43mt[0;33;41m8[0;1;31;91;41m@88[0;33;41m@[0;1;30;90;47m8[0;1;37;97;47m:%S[0;37;5;47;107m88[0;1;37;97;47m.[0;1;30;90;47m8[0;33;5;40;100mtt[0;37;5;43;103m8[0;1;30;90;43m8[0;33;47m8[0;1;33;93;47m8[0;37;5;43;103m8[0;1;30;90;43m88[0;37;43m@[0;1;30;90;43m8[0;37;43m@[0;37;5;43;103mXXSSS[0;33;5;43;103mt;[0;1;30;90;43m8[0;33;5;43;103mS;[0;1;30;90;43m@X[0;33;5;43;103m%[0;1;30;90;43mX[0;33;5;43;103mXX[0;31;43mS@[0;33;41m8[0;33;5;40;100mt[0;1;30;90;47m8@88[0;37;5;40;100m:[0;1;30;90;41m8[0;1;31;91;41mSXS;[0;33;41m8[0;1;33;93;43mS[0;33;5;43;103mttt[0;31;43m%[0;1;31;91;41mX88888[0;30;41m%[0m
[0;30;41m%[0;31;5;41;101m88888[0;1;31;91;41mX[0;1;33;93;43m;[0;33;5;43;103m:;;[0;1;33;93;43m;[0;1;30;90;41m8[0;31;43m@[0;1;30;90;43m8[0;1;33;93;43mS[0;33;5;43;103m;[0;37;5;43;103mS[0;33;5;43;103m%[0;1;30;90;43m8[0;37;5;40;100mt[0;1;30;90;47m88[0;1;37;97;47m [0;37;5;47;107mt;[0;1;37;97;47m;[0;33;47m@[0;1;30;90;43m8[0;37;43m8[0;1;30;90;43m8[0;33;5;40;100mt[0;37;43m@@@@X[0;33;5;43;103mSS[0;1;33;93;43mt[0;37;5;43;103mSS[0;1;33;93;43m%;;[0;33;5;43;103m:[0;1;30;90;43m@[0;1;33;93;43mt[0;1;30;90;43mX[0;1;33;93;43m;:[0;33;41m@[0;31;43m8[0;37;5;40;100mt[0;1;37;97;47m.[0;37;5;47;107mS[0;1;37;97;47m8[0;1;30;90;47m88[0;35;5;40;100m [0;31;5;40;100m@[0;37;43m8[0;1;33;93;43m:;.[0;31;43m%[0;33;41m8[0;1;30;90;41m:[0;31;43mS[0;1;33;93;43m%[0;33;5;43;103m%t[0;1;33;93;43m;[0;1;31;91;41mt88888[0;30;41m%[0m
[0;30;41m%[0;31;5;41;101m88888[0;1;31;91;41m@[0;1;33;93;43mt[0;33;5;43;103m;%%[0;31;43m8[0;37;5;40;100m;[0;1;37;97;47m% [0;35;5;40;100m [0;1;30;90;41m8[0;1;30;90;43m8[0;37;5;43;103mSS[0;33;5;43;103mS[0;1;30;90;41m8[0;35;5;40;100mt[0;1;30;90;47mS@[0;1;37;97;47m:[0;37;5;47;107m. %[0;1;37;97;47mX[0;1;30;90;47mX8SS[0;37;43m@[0;1;30;90;43m8[0;33;5;43;103m%[0;1;30;90;43m88[0;1;33;93;43m%%t[0;1;30;90;43m8888[0;31;43m@[0;33;41m8[0;1;30;90;43m8[0;33;41mX[0;1;30;90;43m8[0;1;30;90;47m8[0;37;5;47;107m@;X[0;1;30;90;47m8[0;35;5;40;100m.%[0;1;30;90;41mt[0;31;43m8[0;33;5;43;103mt;S[0;31;43m8[0;1;30;90;41m8[0;1;30;90;47m88[0;1;30;90;41m@[0;33;41m@[0;1;33;93;43mSS[0;33;5;43;103m%[0;1;33;93;43m%[0;1;31;91;41mt88888[0;30;41m%[0m
[0;30;41m%[0;31;5;41;101m88888[0;1;31;91;41m8[0;31;43m%[0;33;5;43;103m;::%[0;33;41m8[0;1;31;91;41m8[0;31;5;41;101m8@@[0;1;30;90;41m8[0;33;5;43;103m%[0;37;5;43;103mSS[0;1;30;90;43m8[0;1;30;90;41m8[0;35;5;40;100m;[0;1;30;90;47m8%[0;1;37;97;47m. [0;1;30;90;47m@[0;35;5;40;100m [0;37;5;47;107mX.: t[0;1;37;97;47mS [0;1;30;90;47m8[0;33;47mX@[0;1;30;90;47m8[0;33;47mX[0;1;30;90;47m8%[0;1;37;97;47m.X[0;37;5;47;107m@;t[0;1;37;97;47mS;[0;1;30;90;47m8[0;1;37;97;47mS[0;37;5;47;107m8[0;35;5;40;100m.[0;37;5;40;100mt[0;1;30;90;41m@t[0;33;41m;[0;33;5;43;103m%;t[0;33;41mt[0;1;31;91;41mX@S[0;1;30;90;41m8[0;35;5;40;100m:[0;31;43mt[0;33;5;43;103mttt[0;1;30;90;43m.[0;1;31;91;41m%88888[0;30;41m%[0m
[0;30;41mS[0;31;5;41;101m888888[0;1;31;91;41m%[0;1;33;93;43mS[0;33;5;43;103m::t[0;1;30;90;43m@[0;33;41mS[0;1;31;91;41m8[0;31;5;41;101m8@[0;1;31;91;41m@[0;33;5;43;103mS[0;37;5;43;103mSS[0;1;30;90;43m8[0;1;31;91;41m8[0;31;5;41;101mX@8@XX[0;31;5;40;100mS[0;1;30;90;47m8[0;37;5;47;107m8.  8@  ...:::[0;1;37;97;47mX[0;37;5;47;107m8Xt%[0;1;37;97;47mX[0;35;5;40;100m [0;1;31;91;41mX@[0;35;5;40;100mt[0;1;31;91;41m@XS[0;33;41m8[0;33;5;43;103mS;[0;1;33;93;43m%[0;1;31;91;41m%888X[0;31;43mX[0;33;5;43;103mStt%[0;33;41mS[0;1;31;91;41m888888[0;30;41mS[0m
[0;30;41m8[0;31;5;41;101m8888888[0;33;41m%[0;1;30;90;43mS[0;33;5;43;103m;:;%[0;1;30;90;43m@[0;1;33;93;43m;[0;31;43m@[0;1;30;90;43m8[0;37;5;43;103m%S[0;33;5;43;103m%[0;1;30;90;41m8[0;31;5;41;101m8XXXXXX[0;1;30;90;41m88[0;35;5;40;100m.[0;1;30;90;47m%[0;37;5;47;107m%  8[0;1;30;90;47mX[0;37;5;47;107mt..:::[0;1;37;97;47m%[0;37;5;47;107m@;8[0;1;30;90;47m@8[0;35;5;40;100m [0;1;30;90;41m%[0;1;31;91;41m@[0;31;5;41;101m8888[0;1;31;91;41m8[0;33;41m;[0;1;33;93;43mX[0;33;5;43;103m;t[0;33;41mX[0;1;31;91;41mX[0;33;41m8[0;31;43m8S[0;1;33;93;43m:[0;33;5;43;103m%tX[0;33;41m8[0;1;31;91;41mS888888[0;30;41m8[0m
[0;31;40mX[0;31;5;41;101m88888888[0;1;31;91;41mS[0;33;41mS[0;1;30;90;43mX[0;1;33;93;43m;;[0;1;30;90;43m@@[0;33;5;43;103m%:[0;1;33;93;43mt[0;1;30;90;43m8[0;1;30;90;41m8[0;31;5;41;101m8XXXXXX8[0;35;5;40;100m .[0;1;37;97;47m.[0;1;30;90;47m8[0;35;5;40;100m%[0;1;30;90;47m8[0;37;5;47;107mX.8[0;1;37;97;47m [0;37;5;47;107m.:::;[0;35;5;40;100m.[0;37;5;47;107m8[0;1;30;90;47mX88[0;35;5;40;100mt[0;1;37;97;47m:[0;35;5;40;100mt[0;1;31;91;41mS[0;31;5;41;101m88888[0;1;31;91;41mS[0;33;41m8[0;1;30;90;43m:[0;1;33;93;43mX[0;33;5;43;103mt[0;31;43m;t;[0;33;5;43;103mSX[0;1;33;93;43m;[0;31;43m@[0;33;41m:[0;1;31;91;41mS8888888[0;31;40m@[0m
 [0;1;31;91;41m8[0;31;5;41;101m88888888[0;1;31;91;41m8X[0;31;43m8[0;1;30;90;43mXX@8[0;31;43mX[0;1;31;91;41m@[0;31;5;41;101m8@@@@XXXX[0;1;31;91;41m@[0;1;30;90;47m88[0;1;37;97;47m :t[0;35;5;40;100m [0;1;30;90;41m8[0;1;30;90;47m8[0;1;37;97;47m;[0;37;5;47;107m;:::::[0;1;37;97;47mS[0;37;5;40;100mt[0;37;5;47;107m8[0;1;30;90;47m%[0;1;37;97;47m;.[0;1;30;90;47m8[0;35;5;40;100m;[0;1;31;91;41m@[0;31;5;41;101m888888[0;1;31;91;41m8%[0;33;41mX[0;1;30;90;43m:[0;1;33;93;43mS[0;33;5;43;103mS[0;1;33;93;43m.[0;31;43mt@[0;33;41m%[0;1;31;91;41m%888888888[0m 
 [0;1;31;91;41m;[0;31;5;41;101m8888888888888888@@@@@@@@@@[0;1;31;91;41m8[0;35;5;40;100m [0;1;37;97;47m;X[0;37;5;47;107mSt[0;1;37;97;47m8[0;37;5;40;100m;[0;1;37;97;47m;[0;37;5;47;107m:::::;SX[0;35;5;40;100mt[0;37;5;47;107m@[0;1;37;97;47m8[0;37;5;47;107m%8[0;1;37;97;47m:[0;1;30;90;41mX[0;31;5;41;101m888888888[0;1;31;91;41m8@@XXX@8888888888t[0m 
 [0;30;41mS[0;31;5;41;101m888888888888888888@@@@@@@@@[0;1;31;91;41m@[0;37;5;40;100mt[0;37;5;47;107m;:[0;1;37;97;47mS[0;37;5;47;107mS[0;1;30;90;47m8[0;1;37;97;47mX[0;37;5;47;107m:::;;;;[0;1;37;97;47m [0;35;5;40;100m [0;37;5;47;107m;[0;1;37;97;47m [0;37;5;47;107mt%[0;1;30;90;41m@[0;1;31;91;41m8[0;31;5;41;101m888888888[0;1;31;91;41m88888888888888888[0;30;41m%[0m 
  [0;1;31;91;41m8[0;31;5;41;101m888888888888888888888@@@@@@[0;1;31;91;41m@[0;1;30;90;47m8[0;37;5;47;107m:::[0;1;30;90;47m8[0;37;5;47;107m;;;;;;;;[0;1;37;97;47m.[0;1;30;90;47mS[0;37;5;47;107m;[0;1;30;90;47m8[0;37;5;47;107mt[0;1;30;90;47m8[0;1;31;91;41mX[0;31;5;41;101m888888888[0;1;31;91;41m88888888888888888@[0;31;40m%[0m 
  [0;1;30;90;41m:[0;31;5;41;101m8888888888888888888888888888[0;1;31;91;41mX[0;1;37;97;47m.[0;37;5;47;107m;;[0;1;30;90;47m8[0;37;5;47;107m8;;;;;;t[0;1;30;90;47m8[0;37;5;47;107m8X[0;1;37;97;47mXt[0;1;31;91;41mS[0;31;5;41;101m888888888[0;1;31;91;41m888888888888888888.[0m  
  [0;31;40mS[0;1;31;91;41m8[0;31;5;41;101m8888888888888888888888888888[0;1;30;90;41m8[0;37;5;47;107m@;[0;1;37;97;47m@ [0;37;5;47;107m;;;;;;t[0;1;30;90;47m8[0;1;37;97;47m@[0;37;5;47;107mtX[0;1;30;90;41m8[0;31;5;41;101m888888888[0;1;31;91;41m888888888888888888@[0;31;40mX[0m  
   [0;30;41m:[0;31;5;41;101m8888888888888888888888888888[0;1;31;91;41m8[0;37;5;40;100m;[0;37;5;47;107m;;[0;1;37;97;47m [0;37;5;47;107m;;;tttS[0;1;30;90;47m8[0;1;37;97;47mS [0;1;30;90;47m8[0;1;31;91;41m8[0;31;5;41;101m8888888[0;1;31;91;41m88888888888888888888[0;30;41m.[0m   
    [0;1;31;91;41mX[0;31;5;41;101m8888888888888888888888888888[0;1;31;91;41mS[0;1;37;97;47m%[0;37;5;47;107m@[0;1;37;97;47m [0;37;5;47;107mtttttt8[0;35;5;40;100m [0;1;37;97;47m%[0;1;30;90;47m%[0;1;31;91;41mt[0;31;5;41;101m8888888[0;1;31;91;41m88888888888888888888S[0m    
    [0;31;40m8[0;1;31;91;41m8[0;31;5;41;101m888888888888888888888888888[0;1;31;91;41m8[0;35;5;40;100m [0;1;30;90;47mS[0;1;37;97;47m [0;37;5;47;107m8ttttt8[0;1;30;90;47m8t[0;35;5;40;100m:[0;1;31;91;41mX[0;31;5;41;101m88888[0;1;31;91;41m888888888888888888888@[0;31;40m8[0m    
     [0;30;41m@[0;1;31;91;41m88[0;31;5;41;101m88888888888888888888888888[0;1;30;90;41mX[0;37;5;47;107m8[0;1;37;97;47m8 [0;37;5;47;107mttttt[0;1;37;97;47m%[0;37;5;47;107mXt[0;1;30;90;47mt[0;1;31;91;41mS[0;31;5;41;101m888[0;1;31;91;41m8888888888888888888888@[0;30;41mX[0m     
      [0;30;41mt[0;1;31;91;41m888[0;31;5;41;101m88888888888888888888888[0;1;31;91;41m8[0;35;5;40;100m.[0;37;5;47;107mt[0;1;37;97;47m%[0;37;5;47;107mXtttttt@[0;1;37;97;47m@X[0;1;31;91;41mt[0;31;5;41;101m8[0;1;31;91;41m88888888888888888888888@[0;30;41m;[0m      
       [0;30;41m:[0;1;31;91;41m88888[0;31;5;41;101m888888888888888888888[0;1;30;90;41mX[0;1;37;97;47m:[0;1;30;90;47m8[0;35;5;40;100m [0;37;5;47;107m8tttt[0;1;37;97;47m%[0;35;5;40;100m.[0;1;30;90;47mS[0;35;5;40;100m [0;1;31;91;41mX8888888888888888888888@@[0;30;41m.[0m       
        [0;30;41m;[0;1;31;91;41m88888888[0;31;5;41;101m88888888888888888[0;1;31;91;41m8S[0;37;5;40;100m;[0;1;37;97;47m%[0;1;30;90;47m88[0;1;37;97;47m;S[0;1;30;90;47m8[0;35;5;40;100m.[0;1;30;90;47m@[0;1;30;90;41mS[0;1;31;91;41m88888888888888888888888@@[0;30;41m:[0m        
         [0;30;41mS[0;1;31;91;41m888888888888[0;31;5;41;101m88888888888888[0;1;31;91;41m8%[0;1;30;90;41mt[0;35;5;40;100m:[0;1;30;90;47mSt8[0;1;30;90;41m@[0;1;31;91;41mt88888888888888888888888@@[0;30;41mS[0m         
          [0;31;40m8[0;1;31;91;41m@888888888888888888888888888@XXX@8888888888888888888888@@X[0;31;40m8[0m          
            [0;1;31;91;41m;888888888888888888888888888888888888888888888888888@@@;[0m            
             [0;30;41m%[0;1;31;91;41m888888888888888888888888888888888888888888888888@@@@[0;30;41m%[0m             
              [0;31;40mS[0;1;31;91;41m;88888888888888888888888888888888888888888888@@@@;[0;31;40mS[0m              
                [0;30;41m8[0;1;31;91;41mS8888888888888888888888888888888888888888@@@@S[0;30;41m8[0m                
                  [0;30;41m%[0;1;31;91;41m@88888888888888888888888888888888888@@@@@@[0;30;41mt[0m                  
                    [0;30;41mt[0;1;31;91;41m@888888888888888888888888888888@@@@@@X[0;30;41mt[0m                    
                      [0;30;41m%[0;1;31;91;41mX888888888888888888888888@@@@@@@@X[0;30;41m%[0m                      
                        [0;30;41m@[0;1;31;91;41m%88888888888888888@@@@@@@@@@@%[0;30;41m@[0m                        
                          [0;31;40m@[0;30;41m.[0;1;31;91;41m@888@@@@@@@@@@@@@@@@@@@@[0;30;41m [0;31;40m8[0m                          
                             [0;30;41m@[0;1;31;91;41m:@@@@@@@@@@@@@@@@@@:[0;30;41m@[0m                             
                                [0;30;41mX[0;1;31;91;41m;@@@@@@@@@@@@t[0;30;41mS[0m                                
                                   [0;30;41m@[0;1;31;91;41m X@@@@@.[0;30;41m@[0m                                   
                                      [0;31;40m@[0;30;41mS%[0;31;40m@[0m                                      
