[0;1;30;90;43m....8[0;1;30;90;47m    [0;1;30;90;43mX...[0;37;43m8[0;1;37;97;47m    [0;1;30;90;43m::::[0;1;30;90;47m:[0;1;37;97;47m   [0;1;30;90;47m.[0;1;30;90;43m::::[0;1;30;90;47m.[0;1;37;97;47m   [0;1;30;90;47m:[0;1;30;90;43m::::[0;1;37;97;47m    [0;37;43m8[0;1;30;90;43m...@[0;1;30;90;47m    [0;1;30;90;43m8...8[0;1;30;90;47m....[0;1;30;90;43mt   [0;33;47m8[0;1;30;90;47m:::;[0;1;30;90;43m    [0;1;30;90;47mt;;;[0;36;5;40;100m [0m
[0;1;30;90;43m.[0;33;5;43;103mttt[0;37;5;43;103m@[0;37;5;47;107m%%tt[0;33;5;43;103m;;;;[0;1;33;93;47m@[0;37;5;47;107mtttt[0;33;5;43;103m;;;;[0;1;37;97;47m8[0;37;5;47;107mttt%[0;33;5;43;103m;;;;[0;37;5;47;107mSttt[0;1;37;97;47m8[0;33;5;43;103m;;;;[0;37;5;47;107mtttt[0;1;33;93;47m@[0;33;5;43;103m;;;[0;37;5;43;103mS[0;37;5;47;107mttt%[0;37;5;43;103m@[0;33;5;43;103mttt[0;37;5;43;103m8[0;37;5;47;107m%%SS[0;33;5;43;103mtt%%[0;1;33;93;47mX[0;37;5;47;107mXXX@[0;33;5;43;103mSSSS[0;1;37;97;47m8[0;37;5;47;107m@@@[0;37;5;40;100m8[0m
[0;1;30;90;43mX[0;37;5;43;103mXXX8[0;37;5;47;107mSSSS[0;37;5;43;103m8XXX[0;1;33;93;47mX[0;37;5;47;107m%%%%[0;37;5;43;103m@@@@[0;1;37;97;47m8[0;37;5;47;107m%%%S[0;37;5;43;103m@@@@[0;1;37;97;47m8[0;37;5;47;107m%%%[0;1;37;97;47m8[0;37;5;43;103m@@@@[0;37;5;47;107m%%%%[0;1;33;93;47mX[0;37;5;43;103mXXX8[0;37;5;47;107mSSSS[0;37;5;43;103m8XXX8[0;37;5;47;107mXXXX[0;37;5;43;103m@SS[0;33;5;43;103m%[0;1;33;93;47mX[0;1;37;97;47m8888[0;33;5;43;103m%SSS[0;1;37;97;47m8888[0;33;5;40;100m [0m
[0;37;5;40;100m@[0;37;5;47;107m%%tS[0;33;5;43;103m;;;;[0;37;5;47;107m%ttt[0;1;37;97;47m8[0;33;5;43;103m;;;;[0;37;5;47;107mtttt[0;1;33;93;47m@[0;33;5;43;103m;;;[0;37;5;43;103m@[0;37;5;47;107m;;;;[0;37;5;43;103m8[0;33;5;43;103m;;;[0;37;5;43;103m@[0;37;5;47;107mtttt[0;33;5;43;103m;;;;[0;1;37;97;47m8[0;37;5;47;107mttt%[0;33;5;43;103m;;;;[0;37;5;47;107mSt%%[0;1;37;97;47m8[0;33;5;43;103mtttt[0;37;5;47;107mSSSS[0;1;33;93;47mX[0;33;5;43;103m%%%%[0;37;5;47;107mXX@@[0;37;5;43;103m@[0;33;5;43;103mSSS[0;1;30;90;43m [0m
[0;37;5;40;100m@[0;37;5;47;107m%ttS[0;33;5;43;103m;;;;[0;37;5;47;107m%ttt[0;1;37;97;47m8[0;33;5;43;103m;;;;[0;37;5;47;107m;;;;[0;1;33;93;47m@[0;33;5;43;103m;;;[0;37;5;43;103m@[0;37;5;47;107m;;;;[0;37;5;43;103m8[0;33;5;43;103m;;;[0;37;5;43;103m@[0;37;5;47;107m;;;;[0;33;5;43;103m;;;;[0;1;37;97;47m8[0;37;5;47;107mttt%[0;33;5;43;103m;;;;[0;37;5;47;107mSttt[0;1;37;97;47m8[0;33;5;43;103mtttt[0;37;5;47;107mS%SS[0;1;33;93;47mX[0;33;5;43;103m%%%%[0;37;5;47;107mXXX@[0;37;5;43;103m@[0;33;5;43;103mSSS[0;1;30;90;43m [0m
[0;1;30;90;43m8[0;37;5;43;103m888[0;1;33;93;47m@[0;1;37;97;47m8888[0;1;33;93;47m@88@S[0;1;37;97;47m8888[0;1;33;93;47m@@@@[0;1;37;97;47m88888[0;1;33;93;47mXXXX[0;1;37;97;47m88888[0;1;33;93;47m@@@@[0;1;37;97;47m8888[0;1;33;93;47mS@88@[0;1;37;97;47m8888[0;1;33;93;47m@[0;37;5;43;103m888[0;1;33;93;47mX[0;1;37;97;47m8888[0;1;33;93;47m8[0;37;5;43;103m888[0;1;33;93;47mX[0;1;37;97;47m8888[0;1;33;93;47m8888S[0;1;37;97;47m888[0;33;5;40;100m;[0m
[0;1;30;90;43m:[0;33;5;43;103m;;;[0;37;5;43;103m8[0;37;5;47;107mtttt[0;37;5;43;103mS[0;33;5;43;103m;;;[0;1;33;93;47mX[0;37;5;47;107m;;;;[0;33;5;43;103m;:::[0;1;37;97;47m8[0;37;5;47;107m;;;t[0;33;5;43;103m::::[0;37;5;47;107mt:;;%[0;33;5;43;103m::::[0;37;5;47;107m;;;;[0;1;33;93;47mX[0;33;5;43;103m;;;[0;37;5;43;103mX[0;37;5;47;107mtttt[0;37;5;43;103m8[0;33;5;43;103m;;;[0;37;5;43;103m8[0;37;5;47;107mt%%%[0;33;5;43;103mtttt[0;1;33;93;47mX[0;37;5;47;107mSSSX[0;33;5;43;103m%%%%[0;1;37;97;47m8[0;37;5;47;107m@@@[0;37;5;40;100m8[0m
[0;1;30;90;43m:[0;33;5;43;103m;;;[0;37;5;43;103m8[0;37;5;47;107mtttt[0;37;5;43;103mX[0;33;5;43;103m;;;[0;1;33;93;47m@[0;37;5;47;107m@@@@[0;33;5;43;103mtttt[0;1;37;97;47m8[0;37;5;47;107mXXX@[0;33;5;43;103m;;;;[0;37;5;47;107m8XXX[0;1;37;97;47m8[0;33;5;43;103mtttt[0;37;5;47;107mXX@@[0;1;33;93;47m@[0;33;5;43;103mttt[0;37;5;43;103mX[0;37;5;47;107m@888[0;37;5;43;103m8[0;33;5;43;103m%%%[0;37;5;43;103m8[0;37;5;47;107m8888[0;33;5;43;103m%%%S[0;1;33;93;47mX[0;37;5;47;107mSSSX[0;33;5;43;103m%%%%[0;1;37;97;47m8[0;37;5;47;107m@@@[0;37;5;40;100m@[0m
[0;37;5;40;100m8[0;37;5;47;107mtttS[0;33;5;43;103m;;;;[0;37;5;47;107m%;;;[0;1;30;90;47m8[0;1;30;90;45m8888888[0;35;5;40;100mSSSS%%%%%%%%%SSS[0;1;30;90;45m8888888888888[0;31;45m88[0;35;41m88888888888888[0;1;30;90;43m8[0;33;5;43;103mttt%[0;37;5;47;107mSSXX[0;37;5;43;103m@[0;33;5;43;103m%SS[0;1;30;90;43m.[0m
[0;37;5;40;100m8[0;37;5;47;107mtttS[0;33;5;43;103m;;;;[0;37;5;47;107m%;;;[0;1;30;90;47m8[0;1;30;90;45m88888[0;35;5;40;100mSS%%%%ttttttttt%%%%SS[0;1;30;90;45m88888888888[0;31;45m88[0;35;41m8888888888888[0;1;30;90;43m8[0;33;5;43;103mtttt[0;37;5;47;107mSSXX[0;37;5;43;103m@[0;33;5;43;103m%SS[0;1;30;90;43m.[0m
[0;33;5;40;100m;[0;1;37;97;47m8888[0;1;33;93;47m@@@@[0;1;37;97;47m8888[0;1;30;90;47m8[0;1;30;90;45m888[0;35;5;40;100mSS%%%ttttt[0;33;5;40;100m%[0;33;5;43;103m@8888888[0;1;33;93;43m8888@@@@@XX[0;1;30;90;43mS[0;31;5;40;100m8[0;1;30;90;45m888[0;31;45m8[0;35;41m8888888888888[0;33;5;40;100mt[0;1;33;93;47m8888[0;1;37;97;47m8888[0;1;33;93;47m@888[0;1;30;90;43m8[0m
[0;1;30;90;43m:[0;33;5;43;103m;;;[0;37;5;43;103m8[0;37;5;47;107mtt;;[0;37;5;43;103mX[0;33;5;43;103m;::[0;1;30;90;43m8[0;1;30;90;45m88[0;35;5;40;100mS%%tttt;;;;[0;33;5;40;100mt[0;37;5;43;103mXSSSSSSSSS%%[0;33;5;43;103m::::::[0;1;30;90;43m@[0;31;5;40;100m@[0;1;30;90;45m88888[0;31;45m8[0;35;41m888888888888[0;37;5;40;100m%[0;37;5;47;107m%%SX[0;33;5;43;103mt%%%[0;1;37;97;47m8[0;37;5;47;107mXX@[0;37;5;40;100m8[0m
[0;1;30;90;43m:[0;33;5;43;103m;;;[0;37;5;43;103m8[0;37;5;47;107mt;;;[0;37;5;43;103mX[0;33;5;43;103m:::[0;1;30;90;43m8[0;1;30;90;45m8[0;35;5;40;100mS%%ttt;;;;::::[0;33;5;40;100m:[0;37;43m@[0;37;5;43;103mXXXXSSSSS%[0;33;5;43;103m.:::X[0;31;5;40;100m@[0;1;30;90;45m888[0;31;5;40;100m8@8[0;31;45m88[0;35;41m88888888888[0;37;5;40;100m%[0;37;5;47;107m%%SS[0;33;5;43;103mt%%%[0;1;37;97;47m8[0;37;5;47;107mXX@[0;37;5;40;100m8[0m
[0;33;5;40;100m [0;37;5;47;107m%%%[0;1;37;97;47m8[0;37;5;43;103m@@@@[0;37;5;47;107m%ttt[0;1;30;90;47m8[0;35;5;40;100mS%%tt;;;;:::.....:[0;33;5;40;100m:[0;33;5;43;103m@[0;37;5;43;103mXXXSSSS%[0;33;5;43;103m.::[0;1;30;90;43m8[0;35;5;40;100mX[0;1;30;90;45m8[0;35;5;40;100m@[0;1;30;90;43m@[0;33;5;43;103mt;t[0;1;30;90;43m%[0;31;5;40;100m8[0;35;41m88888888888[0;1;30;90;43m8[0;37;5;43;103mXSS@[0;37;5;47;107mX@[0;1;37;97;47m88[0;37;5;43;103m8[0;33;5;43;103m%%%[0;1;30;90;43mS[0m
[0;37;5;40;100m8[0;37;5;47;107mttt%[0;33;5;43;103m;;;;[0;37;5;47;107mt;::[0;1;30;90;47mX[0;35;5;40;100m%%tt;;;:::...     ..[0;1;30;90;43m8[0;37;5;43;103mXXXSSSS%[0;33;5;43;103m::[0;33;5;40;100m8[0;1;30;90;45m88[0;1;30;90;43m8[0;33;5;43;103mt[0;1;30;90;43m@88[0;1;33;93;43m8[0;33;5;43;103mS[0;33;5;40;100m8[0;35;41m8888888888[0;1;30;90;43m8[0;33;5;43;103mtttt[0;37;5;47;107mSSSS[0;37;5;43;103m@[0;33;5;43;103m%%%[0;1;30;90;43m.[0m
[0;33;5;40;100m [0;37;5;47;107m%%%[0;1;37;97;47m8[0;37;5;43;103m@@@@[0;37;5;47;107m%tt;[0;1;30;90;47m8[0;35;5;40;100m%%tt;;:::..  [0;37;5;40;100m%%%%%[0;35;5;40;100m [0;1;30;90;43m8[0;37;43m@[0;33;5;43;103m@@@@@888[0;1;33;93;43m88@[0;1;30;90;43m8[0;31;5;40;100m@[0;33;5;43;103mS[0;1;30;90;43m8[0;1;30;90;45m888[0;31;5;40;100m8[0;1;30;90;43mS[0;33;5;43;103mS[0;31;5;40;100m8[0;35;41m888888888[0;1;30;90;43m8[0;37;5;43;103mSSS@[0;37;5;47;107mXX@@[0;37;5;43;103m8[0;33;5;43;103m%%%[0;1;30;90;43mS[0m
[0;1;30;90;43m:[0;33;5;43;103m;;;[0;37;5;43;103m8[0;37;5;47;107m;;;;[0;37;5;43;103m@[0;33;5;43;103m:::[0;37;43m@[0;35;5;40;100m%ttt;;::.. [0;37;5;40;100m%%[0;1;30;90;47m88888[0;37;5;40;100m%[0;1;30;90;43m8[0;37;5;43;103m@@[0;33;5;43;103m@@@@888[0;1;33;93;43m88@[0;33;5;40;100m@@[0;33;5;43;103mX[0;31;5;40;100m8[0;35;5;40;100m8[0;1;30;90;45m888[0;31;5;40;100m8[0;1;30;90;43m%t[0;1;30;90;41m8[0;35;41m88888888[0;37;5;40;100m%[0;37;5;47;107m%%%S[0;33;5;43;103mtt%%[0;1;37;97;47m8[0;37;5;47;107mXXX[0;37;5;40;100m8[0m
[0;1;30;90;43m:[0;33;5;43;103m;;;[0;37;5;43;103m8[0;37;5;47;107m;;;;[0;37;5;43;103m@[0;33;5;43;103m:::[0;37;43m@[0;35;5;40;100m%tt;;;::.. [0;37;5;40;100m%S[0;1;30;90;47m88888[0;35;5;40;100m [0;37;43m8[0;37;5;43;103mXXXXXSSSS%[0;33;5;43;103m::[0;1;30;90;43m8[0;33;5;40;100m8[0;33;5;43;103mt[0;1;33;93;43mX[0;1;30;90;43mX[0;35;5;40;100m8[0;1;30;90;45m888[0;31;5;40;100m8[0;33;5;43;103m%[0;1;30;90;41m8[0;35;41m88888888[0;37;5;40;100m%[0;37;5;47;107m%%%S[0;33;5;43;103mtt%%[0;1;37;97;47m8[0;37;5;47;107mXXX[0;37;5;40;100m8[0m
[0;33;5;40;100mt[0;1;37;97;47m8888[0;1;33;93;47mXXXX[0;1;37;97;47m888[0;37;5;47;107m%[0;1;30;90;47m8[0;35;5;40;100m%%tt;;::..  [0;37;5;40;100m%[0;1;30;90;47m888[0;37;5;40;100m%[0;33;5;40;100m.[0;37;5;43;103m@XXXXXXSSSS%[0;33;5;43;103m:::S[0;1;30;90;43mX[0;1;33;93;43m@[0;33;5;40;100m8[0;1;30;90;45m8888[0;1;30;90;41m8[0;1;33;93;43mX[0;33;5;40;100m8[0;35;41m88888888[0;33;5;40;100mt[0;1;33;93;47m8888[0;1;37;97;47m8888[0;1;33;93;47m@888[0;1;30;90;43m8[0m
[0;37;5;40;100m8[0;37;5;47;107mttt%[0;33;5;43;103m;;;:[0;37;5;47;107mt;::[0;1;30;90;47mX[0;35;5;40;100m%%tt;;;::..  [0;37;5;40;100m%%%[0;33;5;40;100m:[0;37;5;43;103mXXXXXXXSSSS%[0;33;5;43;103m.::::;[0;1;30;90;43m8[0;1;30;90;45m88888[0;1;30;90;41m8[0;1;33;93;43mX[0;33;5;40;100m8[0;35;41m88888888[0;1;30;90;43m8[0;33;5;43;103mtttt[0;37;5;47;107mSSSS[0;37;5;43;103m@[0;33;5;43;103m%%%[0;1;30;90;43m.[0m
[0;37;5;40;100m8[0;37;5;47;107mttt%[0;33;5;43;103m;;;;[0;37;5;47;107mt;::[0;1;30;90;47mX[0;35;5;40;100mS%ttt;;;::.... .[0;37;43m@[0;37;5;43;103mXXXXXXXSSSS%[0;33;5;43;103m::::::[0;1;33;93;43mX[0;35;5;40;100m8[0;1;30;90;45m888[0;31;45m8[0;31;5;40;100m8[0;33;5;43;103m%[0;1;30;90;41m8[0;35;41m88888888[0;1;30;90;43m8[0;33;5;43;103mtttt[0;37;5;47;107mSSSS[0;37;5;43;103m@[0;33;5;43;103m%%%[0;1;30;90;43m.[0m
[0;1;30;90;43m;[0;33;5;43;103m;;;[0;37;5;43;103m8[0;37;5;47;107mttt;[0;37;5;43;103m@[0;33;5;43;103m:::[0;37;43m@[0;35;5;40;100mS%%ttt;;;::::..:[0;37;5;43;103m@XXXXXSSSSS%[0;33;5;43;103m:::::::X[0;31;5;40;100m8[0;1;30;90;45m888[0;1;30;90;41m8[0;1;30;90;43mtt[0;1;30;90;41m8[0;35;41m88888888[0;1;30;90;47m8[0;37;5;47;107mSSSX[0;33;5;43;103mt%%%[0;1;37;97;47m8[0;37;5;47;107mXX@[0;37;5;40;100mX[0m
[0;1;30;90;43m:[0;33;5;43;103m;;;[0;37;5;43;103m8[0;37;5;47;107mt;;;[0;37;5;43;103mX[0;33;5;43;103m:::[0;37;43mX[0;1;30;90;45m8[0;35;5;40;100mS%%ttt;;;;;:::;[0;33;5;43;103mX[0;37;5;43;103mXXXSSSSS%%[0;33;5;43;103m::::::::8[0;31;5;40;100m8[0;1;30;90;45m88[0;1;30;90;41m8[0;1;30;90;43mS[0;33;5;43;103m%[0;31;5;40;100m8[0;35;41m888888888[0;1;30;90;47m8[0;37;5;47;107m%%SS[0;33;5;43;103mt%%%[0;1;37;97;47m8[0;37;5;47;107mXX@[0;36;5;40;100m [0m
[0;1;30;90;40m8[0;37;5;43;103m888[0;1;33;93;47mX[0;1;37;97;47m8888[0;1;33;93;47mX@@@@[0;1;30;90;45m88[0;35;5;40;100mSS%%tttt;;;;;;[0;1;30;90;43m8[0;37;5;43;103mSSSSSSS%[0;33;5;43;103m.::::::::;[0;1;30;90;43mS[0;35;5;40;100m8[0;1;30;90;45m8[0;31;5;40;100m8[0;1;30;90;43m%[0;33;5;43;103mt[0;1;30;90;43mX[0;35;41m8888888888[0;33;47mX[0;1;37;97;47m8888[0;37;5;43;103m8888[0;1;33;93;47mS[0;1;37;97;47m888[0;31;5;40;100mS[0m
 [0;37;5;47;107m%ttS[0;33;5;43;103m;;;;[0;37;5;47;107mt;;;[0;1;37;97;47m8[0;35;5;40;100mS[0;1;30;90;45m88[0;35;5;40;100mSS%%%tttttttt[0;33;5;40;100mt[0;37;5;43;103mSSSS%%[0;33;5;43;103m.:::::::::;;[0;33;5;40;100m88[0;1;30;90;43mS[0;33;5;43;103mtX[0;1;30;90;43m@[0;35;41m88888888888[0;1;33;93;47m@[0;33;5;43;103mtttt[0;37;5;47;107mSSSX[0;37;5;43;103m@[0;33;5;43;103m%%S[0m 
 [0;1;37;97;47m;[0;37;5;47;107mttS[0;33;5;43;103m;;;;[0;37;5;47;107m%;;;[0;1;37;97;47m8[0;1;30;90;43m8[0;1;30;90;45m8888[0;35;5;40;100mSSS%%%%%ttt%[0;1;30;90;43m8[0;37;5;43;103m%%[0;33;5;43;103m.:::::::::::;;[0;1;30;90;43m%[0;1;33;93;43mX[0;33;5;43;103m;8[0;1;30;90;43m@[0;1;30;90;41m8[0;35;41m88888888888[0;35;5;40;100m [0;1;33;93;47mS[0;33;5;43;103mtttt[0;37;5;47;107mSSXX[0;37;5;43;103m@[0;33;5;43;103m%S[0;1;33;93;43mS[0m 
 [0;1;30;90;43m8[0;37;5;43;103mX@8[0;37;5;47;107m%%%%[0;37;5;43;103m8@88[0;1;33;93;47mS[0;1;37;97;47m%[0;1;30;90;45m8888888[0;35;5;40;100mSSSSS%%%%S[0;1;33;93;43mX[0;33;5;43;103m:::::::::::;;;[0;1;33;93;43mS88[0;1;30;90;43m8[0;1;30;90;41m8[0;35;41m8888888888888[0;1;33;93;43mS[0;1;33;93;47mX[0;37;5;47;107mXXX[0;1;37;97;47m8[0;37;5;43;103mXXX[0;33;5;43;103m%[0;1;37;97;47m888[0;33;5;40;100m [0m 
  [0;33;5;43;103mt;[0;37;5;43;103m8[0;37;5;47;107mtttt[0;37;5;43;103mX[0;33;5;43;103m;;;[0;1;33;93;47mX[0;37;5;47;107m;[0;1;30;90;47m8[0;1;30;90;45m8888888888888888[0;35;5;40;100mS[0;1;33;93;43m8[0;33;5;43;103m::::::::;;;;X[0;1;30;90;43m%[0;1;33;93;43m@[0;1;30;90;41m8[0;35;41m88888888888888[0;1;30;90;43m8[0;33;5;43;103mt[0;1;33;93;47mX[0;37;5;47;107mSSSX[0;33;5;43;103m%%%%[0;1;37;97;47m8[0;37;5;47;107m@@[0;1;30;90;40m8[0m 
  [0;1;30;90;43m%[0;33;5;43;103m;[0;37;5;43;103m8[0;37;5;47;107m%%%%[0;37;5;43;103m8SSX[0;1;33;93;47mX[0;37;5;47;107m%[0;1;37;97;47m8[0;35;5;40;100mX[0;1;30;90;45m8888888888888888[0;31;5;40;100mX[0;1;33;93;43m8[0;33;5;43;103m::::;;;;;;@[0;31;5;40;100m8[0;1;30;90;43m%%[0;31;5;40;100m8[0;1;30;90;43m@[0;35;41m8888888888888[0;33;5;43;103mXt[0;1;33;93;47mX[0;37;5;47;107mXXX[0;1;37;97;47m8[0;33;5;43;103m%%%%[0;1;37;97;47m88[0;1;30;90;47m:[0m  
  [0;1;30;90;40m8[0;37;5;47;107m%S[0;33;5;43;103m;;;;[0;37;5;47;107m%ttt[0;1;37;97;47m8[0;33;5;43;103m;;[0;1;33;93;43mt[0;1;30;90;45m88888888888888888[0;31;5;40;100mX[0;1;33;93;43m@[0;33;5;43;103m;;;;;;;;[0;1;33;93;43m@[0;31;5;40;100m8[0;31;45m8[0;1;30;90;43m@[0;33;5;43;103mtS[0;1;30;90;43mt[0;35;41m888888888888[0;1;30;90;47m%[0;37;5;47;107m%S[0;1;33;93;47mX[0;33;5;43;103mt%%%[0;37;5;47;107mXXXX[0;37;5;43;103m@[0;33;5;43;103mS[0;31;40m8[0m  
   [0;1;30;90;47mX[0;37;5;47;107mS[0;33;5;43;103m;;;;[0;37;5;47;107m%ttt[0;1;37;97;47m8[0;33;5;43;103m;;;[0;1;30;90;43m8[0;1;30;90;45m88888888888888888[0;31;5;40;100m8[0;1;30;90;43mS[0;33;5;43;103m;;;;;;[0;1;33;93;43m%[0;31;5;40;100m8[0;35;41m88[0;1;30;90;41m8[0;1;30;90;43m@X[0;1;30;90;41m8[0;35;41m88888888888[0;1;30;90;47m8[0;37;5;47;107mSSS[0;1;33;93;47mX[0;33;5;43;103m%%%%[0;37;5;47;107mXXX@[0;37;5;43;103m@[0;1;30;90;43m [0m   
    [0;1;33;93;47mX[0;1;37;97;47m8888[0;1;33;93;47mX@@@S[0;1;37;97;47m8888[0;1;30;90;43m8[0;31;45m88[0;1;30;90;45m888888888888888[0;31;5;40;100m8[0;1;30;90;43mt[0;33;5;43;103mXXXX[0;1;33;93;43mS[0;1;30;90;41m8[0;35;41m88888888888888888[0;35;5;40;100m.[0;1;33;93;47m@@@@X[0;1;37;97;47m888[0;1;33;93;47mS8888@[0m    
    [0;31;5;40;100mS[0;37;5;47;107m%ttt[0;33;5;43;103m;;;;[0;1;33;93;47m@[0;37;5;47;107mtttt[0;33;5;43;103m;[0;1;30;90;43m8[0;35;41m8[0;31;45m888888888888888[0;1;30;90;41m8[0;1;30;90;43mttt;;;[0;1;30;90;41m8[0;35;41m8888888888888888[0;35;5;40;100m [0;37;5;47;107m@[0;33;5;43;103mttt%[0;1;33;93;47mX[0;37;5;47;107mXXX@[0;33;5;43;103m%SSS[0;31;5;40;100mX[0m    
     [0;36;5;40;100m [0;37;5;47;107m%tt[0;33;5;43;103m;;;;[0;1;33;93;47m@[0;37;5;47;107mtttt[0;33;5;43;103m;;[0;1;30;90;43m8[0;35;41m888888888888888[0;1;30;90;41m8[0;33;5;43;103m@%%%%S[0;1;30;90;41m8[0;35;41m888888888888888[0;1;30;90;47m8[0;37;5;47;107mSS[0;33;5;43;103mt%%%[0;1;33;93;47mX[0;37;5;47;107mXXX@[0;33;5;43;103mSSS[0;1;30;90;43m.[0m     
      [0;1;30;90;43m;[0;33;5;43;103mtt[0;37;5;47;107mS%%%[0;1;37;97;47m8[0;33;5;43;103m;;;;[0;37;5;47;107mttt[0;1;37;97;47m;[0;1;30;90;45m8[0;35;41m888888888888[0;1;30;90;41m8[0;1;30;90;43m;[0;33;5;43;103m;;;;;;[0;1;33;93;43m%[0;1;30;90;41m8[0;35;41m888888888888[0;1;30;90;41m8[0;1;33;93;43m:[0;33;5;43;103mttt[0;37;5;47;107mXXXX[0;1;33;93;47mX[0;33;5;43;103m%%%S[0;37;5;47;107m@@[0;1;30;90;47m@[0m      
       [0;1;30;90;43m.[0;33;5;43;103mt[0;37;5;47;107mS%%t[0;1;37;97;47m8[0;33;5;43;103m;;;;[0;37;5;47;107mtttt[0;1;33;93;47mX[0;1;30;90;43m8[0;35;41m8888888888[0;1;30;90;41m8[0;1;33;93;43m%[0;33;5;43;103m;;;;;;;;[0;1;33;93;43mS[0;1;30;90;41m8[0;35;41m8888888888[0;35;5;40;100mt[0;1;33;93;47m%[0;33;5;43;103mtt%%[0;37;5;47;107mXXXX[0;1;33;93;47mX[0;33;5;43;103m%%SS[0;37;5;47;107m@[0;1;30;90;47m%[0m       
        [0;1;30;90;43m%[0;1;37;97;47m88888[0;37;5;43;103m8888[0;1;37;97;47m8888[0;1;33;93;47mX[0;37;5;43;103m8[0;1;30;90;47mS[0;1;30;90;45m8[0;35;41m888888[0;1;30;90;41m@[0;1;30;90;43mt[0;33;5;43;103m@SSS%%%%%tt%[0;1;30;90;43m;[0;1;30;90;41m8[0;35;41m888888[0;1;30;90;41m8[0;37;43m8[0;1;37;97;47m88[0;37;5;43;103m8888[0;1;37;97;47m8888[0;1;33;93;47mX[0;37;5;43;103m888[0;1;33;93;47m8[0;1;30;90;47m@[0m        
         [0;1;30;90;43m:[0;33;5;43;103mttt[0;1;33;93;47m8[0;37;5;47;107m%%%%[0;33;5;43;103mttt;[0;1;37;97;47m8[0;37;5;47;107mtt@[0;1;30;90;47m8[0;35;41m8888[0;1;30;90;41m8[0;1;30;90;43m::::::::::::::::[0;1;30;90;41m8[0;35;41m8888[0;1;30;90;43m8[0;33;5;43;103mSt%[0;37;5;43;103m8[0;37;5;47;107mSSXX[0;33;5;43;103m%%%%[0;1;33;93;47m@[0;37;5;47;107m@@@[0;37;5;40;100mX[0m         
          [0;33;41m8[0;33;5;43;103mXt[0;1;33;93;47m8[0;37;5;47;107m%%%%[0;33;5;43;103mtttt[0;1;37;97;47m8[0;37;5;47;107m%%%S[0;33;5;43;103mS[0;1;30;90;43m8[0;35;41m888888888888888@@@@888[0;35;5;40;100m [0;1;37;97;47mS[0;37;5;43;103m@[0;33;5;43;103m%%%[0;37;5;43;103m8[0;37;5;47;107mXXXX[0;33;5;43;103m%%SS[0;1;33;93;47m@[0;37;5;47;107m@[0;1;37;97;47m8[0;36;5;40;100m:[0m          
            [0;1;30;90;47m [0;1;37;97;47m8[0;37;5;43;103m@@@@[0;1;37;97;47m8[0;37;5;47;107mXXX[0;1;33;93;47m@[0;37;5;43;103m@@@8[0;37;5;47;107mXX[0;1;37;97;47mS[0;1;30;90;47m8[0;35;41m888888888888888888[0;1;30;90;43m8[0;1;33;93;43mX[0;37;5;43;103m@@[0;1;37;97;47m88888[0;37;5;43;103mXXXX[0;1;37;97;47m8888[0;1;33;93;47m@[0;37;43mX[0m            
             [0;33;5;40;100m8[0;33;5;43;103m%ttt[0;37;5;47;107m%%%%[0;1;33;93;47m8[0;33;5;43;103mtttt[0;37;5;47;107m%%%%[0;37;5;43;103m@[0;1;30;90;43m@[0;1;30;90;41m8[0;35;41m8888888888888[0;1;30;90;47m8[0;1;37;97;47mX[0;33;5;43;103m%%%%[0;1;37;97;47m8[0;37;5;47;107mXXX[0;1;37;97;47m8[0;33;5;43;103m%%SS[0;37;5;47;107m@@@8[0;33;5;40;100m.[0m             
              [0;31;40m@[0;1;33;93;43mS[0;33;5;43;103mtt[0;37;5;47;107mXXXX[0;1;33;93;47m8[0;33;5;43;103mttt[0;37;5;43;103m@[0;37;5;47;107mXXXX[0;37;5;43;103m8[0;33;5;43;103mt%[0;37;43mX[0;33;5;40;100m%[0;35;41m88888888[0;33;5;40;100m:[0;1;30;90;47m%[0;1;37;97;47m8[0;37;5;47;107mX[0;1;37;97;47m8[0;33;5;43;103m%%%%[0;1;37;97;47m8[0;37;5;47;107m@@@[0;1;37;97;47m8[0;33;5;43;103mSSSS[0;1;37;97;47m88:[0;30;5;40;100m8[0m              
                [0;36;5;40;100m [0;1;37;97;47m8[0;33;5;43;103m%%%t[0;1;37;97;47m8[0;37;5;47;107mSSSX[0;33;5;43;103mtttt[0;1;37;97;47m8[0;37;5;47;107mSSS[0;1;37;97;47m8[0;33;5;43;103mS[0;1;30;90;43mS[0;31;43m8[0;35;41m88[0;35;5;40;100mt[0;1;30;90;47mS[0;1;37;97;47m8[0;1;33;93;47m8[0;33;5;43;103m%%%%[0;37;5;47;107mXXXX[0;37;5;43;103mX[0;33;5;43;103m%SS[0;37;5;43;103m8[0;37;5;47;107m@@@@[0;33;5;43;103m8[0;1;30;90;43m [0m                
                  [0;1;30;90;43m.[0;33;5;43;103mS%%[0;1;37;97;47m8[0;37;5;47;107mSSS@[0;33;5;43;103m%%%%[0;1;37;97;47m8[0;37;5;47;107mSSS[0;1;37;97;47m8[0;33;5;43;103m%%%S[0;1;37;97;47m8[0;37;5;47;107mXXX[0;1;33;93;47m8[0;33;5;43;103m%%%%[0;37;5;47;107mXXX@[0;37;5;43;103mX[0;33;5;43;103mSSS[0;37;5;43;103m8[0;37;5;47;107m@@8[0;37;5;40;100m8[0m                  
                    [0;1;30;90;43mX[0;1;33;93;47mXX@@@@SSSS@@@@XSSSS@@@@XXXXX@@@8XXXX@@[0;37;5;40;100m8[0m                    
                      [0;1;30;90;43m8[0;33;5;43;103m@%%%[0;37;5;47;107mXXXX[0;37;5;43;103mX[0;33;5;43;103m%%%[0;37;5;43;103m8[0;37;5;47;107mXXXX[0;33;5;43;103m%%%%[0;1;37;97;47m8[0;37;5;47;107m@@@[0;1;37;97;47m8[0;33;5;43;103mSSSS[0;1;37;97;47m8[0;37;5;47;107m@@[0;1;37;97;47m8[0;33;5;40;100m [0m                      
                        [0;1;30;90;43m.[0;1;33;93;43mX[0;33;5;43;103m%[0;37;5;47;107mXXXX[0;37;5;43;103mX[0;33;5;43;103m%%%[0;37;5;43;103m8[0;37;5;47;107mX@@@[0;33;5;43;103mSSSS[0;1;37;97;47m8[0;37;5;47;107m@@@[0;1;37;97;47m8[0;33;5;43;103mSSSS[0;1;37;97;47m8S[0;36;5;40;100m [0m                        
                          [0;30;5;40;100mX[0;1;30;90;43mt[0;33;5;43;103mSSS[0;1;37;97;47m8[0;37;5;47;107m@@@[0;1;37;97;47m8[0;33;5;43;103mSSSS[0;37;5;47;107m8888[0;1;33;93;47m8[0;33;5;43;103mSSSS[0;37;5;47;107m88[0;1;37;97;47m8[0;1;30;90;47mt[0;31;5;40;100mS[0m                          
                             [0;1;30;90;43m.[0;1;33;93;43mt[0;1;37;97;47m8[0;37;5;47;107m@@@[0;1;37;97;47m8[0;33;5;43;103mSSSS[0;37;5;47;107m@@@@[0;1;33;93;47m8[0;33;5;43;103mSSSS[0;1;37;97;47m:[0;36;5;40;100m [0m                             
                                [0;36;5;40;100m [0;1;30;90;47m [0;1;37;97;47m8[0;1;33;93;47mX[0;37;5;43;103m8888[0;1;37;97;47m8888[0;1;33;93;47m@[0;37;5;43;103m8[0;1;33;93;43mX[0;1;30;90;43m [0m                                
                                   [0;33;5;40;100m8[0;1;30;90;47m;[0;37;5;47;107m8@@[0;33;5;43;103mSSX[0;1;30;90;43m [0;33;5;40;100m@[0m                                   
                                      [0;30;5;40;100mS[0;37;5;40;100m@[0;1;30;90;43m [0;30;41m8[0m                                      
