[0;30;41m8[0;1;31;91;41m........:::::::::::::::::::::::::::::::::::::::::................ [0;1;30;90;41m.      [0;30;41m     8[0m
[0;30;41m%[0;1;31;91;41m888888[0;31;5;41;101m888888888888888888888888888888888888888888888[0;1;31;91;41m888888888888888888888@@@@@@[0;30;41m%[0m
[0;30;41m%[0;1;31;91;41m8888[0;31;5;41;101m888888888888888888888888888888888888888888888888[0;1;31;91;41m888888888888888888888@@@@@[0;30;41m%[0m
[0;30;41m%[0;1;31;91;41m888[0;31;5;41;101m888888888888888888888888888888888888888888888888888[0;1;31;91;41m88888888888888888888@@@@[0;30;41m%[0m
[0;30;41m%[0;1;31;91;41m8[0;31;5;41;101m8888888888888888888888888888888888888888888888888888888[0;1;31;91;41m8888888888888888888@@@[0;30;41m%[0m
[0;30;41m%[0;31;5;41;101m888888888888888888888888888888888888888888888888888888888[0;1;31;91;41m8888888888888888888@@[0;30;41m%[0m
[0;30;41m%[0;31;5;41;101m888888888[0;37;5;47;107mttt;;;[0;1;37;97;47m;[0;31;5;41;101m888888[0;1;37;97;47m [0;37;5;47;107m;;::::[0;31;5;41;101m888888[0;1;30;90;47m8[0;37;5;47;107m;;;;;;[0;1;30;90;47m8[0;31;5;41;101m888888[0;37;5;47;107mtttttt[0;1;37;97;47m.[0;31;5;41;101m88[0;1;31;91;41m8888[0;1;37;97;47m [0;37;5;47;107m%%SSSS[0;1;31;91;41m8888888@@[0;30;41m%[0m
[0;30;41m%[0;31;5;41;101m888888888[0;37;5;47;107mt;;;;;[0;1;37;97;47m%[0;31;5;41;101m@@@@@@[0;1;37;97;47m:[0;37;5;47;107m::::::[0;31;5;41;101mX@@@@@[0;1;30;90;47m8[0;37;5;47;107m:;;;;;[0;1;30;90;47m8[0;31;5;41;101m888888[0;37;5;47;107mtttttt[0;1;37;97;47m;[0;31;5;41;101m888888[0;1;37;97;47m [0;37;5;47;107m%%%SSS[0;1;31;91;41m88888888@[0;30;41m%[0m
[0;30;41m%[0;31;5;41;101m888888888[0;37;5;47;107m;;;;;;;;:::::::::::::::[0;1;37;97;47m@[0;1;30;90;47mt[0;1;37;97;47m@[0;37;5;47;107mt[0;1;30;90;47mtt[0;37;5;47;107m8@[0;1;30;90;47m%%[0;37;5;47;107mX[0;1;37;97;47m@[0;1;30;90;47mS[0;1;37;97;47mt[0;37;5;47;107m;;tttttttttttt%%%%%%SSS[0;1;31;91;41m88888888@[0;30;41m%[0m
[0;30;41m%[0;31;5;41;101m888888888[0;37;5;47;107m888%;;:::::::..........[0;1;30;90;47m%[0;1;31;91;41m8[0;35;5;40;100m; [0;1;30;90;41m8[0;1;31;91;41mX[0;35;5;40;100m:.[0;1;30;90;41m@@[0;35;5;40;100m.[0;31;5;40;100mS[0;1;31;91;41mX[0;1;30;90;47m8[0;37;5;47;107m;;;tttttttttttt%%%%X[0;1;37;97;47m88@[0;1;31;91;41m888888888[0;30;41m%[0m
[0;30;41m%[0;31;5;41;101m888888888888[0;1;37;97;47m [0;37;5;47;107m;:::::...X[0;35;5;40;100m:.[0;37;5;47;107m;[0;1;30;90;47m@[0;35;5;40;100m..[0;1;37;97;47m@t[0;35;5;40;100m.[0;1;37;97;47m:[0;1;30;90;47mX[0;1;31;91;41m@8@@@@@@XX[0;1;30;90;47m8[0;1;37;97;47m:[0;31;5;40;100mS[0;1;30;90;47m:[0;1;37;97;47m%[0;31;5;40;100mX[0;1;30;90;41m8[0;35;5;40;100m [0;37;5;47;107m%[0;31;5;40;100mS[0;1;30;90;41m8[0;1;37;97;47mX[0;37;5;47;107mttttt%%%%[0;1;37;97;47m [0;1;31;91;41m888888888888[0;30;41m%[0m
[0;30;41m%[0;31;5;41;101m888888888888[0;1;37;97;47m [0;37;5;47;107m::::.....X[0;1;30;90;41m88[0;31;5;40;100m@[0;1;30;90;41m888[0;31;5;40;100m@@[0;1;30;90;41m8[0;1;37;97;47m.[0;37;5;47;107m%[0;37;5;40;100m%[0;1;30;90;41m88[0;1;31;91;41mX[0;1;30;90;41m88[0;1;31;91;41mXX[0;35;41mS[0;35;5;40;100m [0;37;5;47;107m@[0;1;37;97;47m.[0;1;30;90;41mXSSS[0;1;31;91;41m%[0;1;30;90;41m%%tt[0;1;37;97;47m%[0;37;5;47;107mtttttt%%%[0;1;37;97;47m [0;1;31;91;41m888888888888[0;30;41m%[0m
[0;30;41m%[0;31;5;41;101m888888888888[0;1;37;97;47m [0;37;5;47;107m:::....   @[0;35;5;40;100mt[0;1;30;90;41m888888[0;35;5;40;100m [0;37;5;47;107m  [0;1;30;90;47m8[0;31;5;41;101m@[0;31;5;40;100m@[0;1;30;90;41m8[0;31;5;40;100m@8[0;1;30;90;41m88[0;31;5;41;101m8[0;37;5;40;100mt[0;37;5;47;107m:;[0;35;5;40;100m [0;1;30;90;41mXSSS%%@[0;1;37;97;47m@[0;37;5;47;107mttttttt%%%[0;1;37;97;47m [0;1;31;91;41m888888888888[0;30;41m%[0m
[0;30;41m%[0;31;5;41;101m888888888888[0;1;37;97;47m [0;37;5;47;107m::....     [0;1;30;90;47mX[0;31;5;41;101m@XXXX@[0;1;37;97;47m;[0;37;5;47;107m  [0;1;30;90;47m8[0;31;5;41;101m@[0;35;5;40;100m%[0;31;5;40;100m@X@[0;1;30;90;41m8[0;31;5;40;100mX[0;31;5;41;101m8[0;37;5;40;100m%[0;37;5;47;107m::[0;1;37;97;47m;[0;1;31;91;41m@[0;31;5;41;101m88888[0;37;5;40;100m%[0;37;5;47;107mttttttttt%%[0;1;37;97;47m.[0;1;31;91;41m888888888888[0;30;41m%[0m
[0;30;41m%[0;31;5;41;101m888888888[0;1;37;97;47mtt%[0;37;5;47;107mX:....      [0;1;30;90;47mS[0;31;5;41;101mX[0;35;5;41;101mXXXX@[0;1;37;97;47mt[0;37;5;47;107m  [0;1;30;90;47m8[0;31;5;41;101m@[0;31;5;40;100mX[0;1;30;90;41m88888[0;31;5;41;101m8[0;37;5;40;100m%[0;37;5;47;107m::[0;1;37;97;47mt[0;1;31;91;41m8[0;31;5;41;101m88888[0;37;5;40;100m%[0;37;5;47;107mttttttttt%%8[0;1;37;97;47m.. [0;1;31;91;41m888888888[0;30;41m%[0m
[0;30;41m%[0;31;5;41;101m888888888[0;37;5;47;107m;::::...       [0;1;30;90;47mS[0;35;5;41;101m@X@@X@[0;1;37;97;47mt[0;37;5;47;107m  [0;1;30;90;47m8[0;31;5;41;101m@@[0;31;5;40;100mX[0;35;5;40;100mtt[0;31;5;40;100m@[0;31;5;41;101m88[0;37;5;40;100m%[0;37;5;47;107m::[0;1;37;97;47mt[0;1;31;91;41m8[0;31;5;41;101m88[0;1;31;91;41m8[0;31;5;41;101m88[0;37;5;40;100mS[0;37;5;47;107mttttttttt%%%%%%[0;1;31;91;41m888888888[0;30;41m%[0m
[0;30;41m%[0;31;5;41;101m888888888[0;37;5;47;107m;::::...       [0;1;30;90;47mS[0;35;5;41;101m@[0;35;5;40;100m:  :[0;35;5;41;101m@[0;1;37;97;47mt[0;37;5;47;107m  [0;1;30;90;47m8[0;31;5;41;101m@[0;1;30;90;41m8[0;36;5;40;100m    [0;1;30;90;41m8[0;31;5;41;101m8[0;37;5;40;100m%[0;37;5;47;107m::[0;1;37;97;47mt[0;1;31;91;41m8[0;1;30;90;41m@[0;31;5;40;100mX[0;30;5;40;100mS[0;1;30;90;41m8[0;1;31;91;41m8[0;37;5;40;100mS[0;37;5;47;107mttttttttt%%%%%%[0;1;31;91;41m888888888[0;30;41m%[0m
[0;30;41m%[0;31;5;41;101m888888888[0;37;5;47;107m;::::...       [0;1;30;90;47mS[0;35;5;41;101m@[0;35;5;40;100m [0;37;5;40;100mSS[0;35;5;40;100m [0;35;5;41;101m8[0;1;37;97;47mt[0;37;5;47;107m  [0;1;30;90;47m8[0;31;5;41;101m@[0;1;30;90;41m8[0;36;5;40;100m    [0;1;30;90;41m8[0;31;5;41;101m8[0;37;5;40;100m%[0;37;5;47;107m::[0;1;37;97;47mt[0;1;31;91;41m@[0;31;5;40;100m8[0;36;5;40;100m;;[0;30;5;40;100m@[0;1;31;91;41m@[0;37;5;40;100mS[0;37;5;47;107mttttttttt%%%%%%[0;1;31;91;41m888888888[0;30;41m%[0m
[0;30;41m%[0;31;5;41;101m888888888[0;1;37;97;47m;;;[0;37;5;47;107mX:...  ;S..S[0;1;30;90;47m@[0;35;5;40;100mt [0;37;5;40;100mSS[0;35;5;40;100m t[0;1;37;97;47m;[0;37;5;47;107m ;[0;1;30;90;47m8[0;1;30;90;41m8[0;31;5;40;100mX[0;36;5;40;100m    [0;1;30;90;41m8[0;1;31;91;41m8[0;35;5;40;100m [0;37;5;47;107m%:[0;1;37;97;47m:[0;1;30;90;41m@[0;31;5;40;100m8[0;36;5;40;100m;t[0;30;5;40;100m@[0;1;31;91;41mt[0;35;5;40;100m [0;37;5;47;107m8%%[0;1;37;97;47m8[0;37;5;47;107mXtttt%%8[0;1;37;97;47m   [0;1;31;91;41m888888888[0;30;41m%[0m
[0;30;41m%[0;31;5;41;101m88888888888@[0;1;37;97;47m.[0;37;5;47;107m:...  [0;1;30;90;47m.[0;31;5;40;100mX[0;1;37;97;47mX[0;37;5;47;107m8[0;31;5;40;100mS[0;31;5;41;101m8[0;35;5;40;100m% [0;36;5;40;100m  [0;35;5;40;100m.%[0;1;30;90;47m8[0;37;5;47;107mS[0;1;30;90;47m:[0;1;31;91;41m8[0;31;5;41;101m8[0;31;5;40;100mX[0;36;5;40;100m   .[0;1;30;90;41m8[0;1;31;91;41m8@[0;1;30;90;47m@[0;37;5;47;107m@[0;37;5;40;100m8[0;1;31;91;41m@[0;31;5;40;100m8[0;36;5;40;100mt[0;30;5;40;100m%8[0;1;31;91;41m%@[0;1;30;90;41mt[0;1;37;97;47m:%[0;1;30;90;41m;[0;1;30;90;47m8[0;37;5;47;107mtttt%%[0;1;37;97;47m.[0;1;31;91;41m888888888888[0;30;41m%[0m
[0;30;41m%[0;31;5;41;101m88888888888@[0;1;37;97;47m [0;37;5;47;107m::... [0;1;37;97;47m [0;31;5;40;100mSXXSSSS%%%[0;31;5;41;101m@888XX8[0;1;31;91;41m8888[0;31;5;41;101m8@8[0;1;31;91;41m8@8[0;31;5;41;101m8[0;1;30;90;41mXSSS%[0;1;31;91;41mt[0;1;30;90;41mttt%[0;1;30;90;47m8[0;37;5;47;107mtttt%%[0;1;37;97;47m [0;1;31;91;41m888888888888[0;30;41m%[0m
[0;30;41mS[0;31;5;41;101m888888888888[0;1;37;97;47m [0;37;5;47;107m::.... X[0;37;5;40;100m;[0;1;30;90;41m888[0;31;5;40;100mXXSSSX[0;1;30;90;41m8888888888888@@@XXSS%%%tt[0;31;5;40;100mX[0;1;37;97;47mX[0;37;5;47;107mttttt%%[0;1;37;97;47m [0;1;31;91;41m888888888888[0;30;41mS[0m
[0;30;41m8[0;31;5;41;101m88888888888@[0;1;37;97;47m [0;37;5;47;107m:::.....8[0;1;30;90;41m8[0;31;5;41;101m@@@@@@8[0;31;5;40;100m@@[0;1;30;90;41m888888888888@@XX[0;1;31;91;41m8[0;31;5;41;101m88[0;1;31;91;41m8888t[0;1;37;97;47m;[0;37;5;47;107mttttt%%%[0;1;37;97;47m [0;31;5;41;101m8[0;1;31;91;41m88888888888[0;30;41m8[0m
[0;31;40mX[0;31;5;41;101m888888888[0;1;37;97;47m [0;37;5;47;107m;;;:::::...8[0;1;30;90;41m8[0;31;5;41;101m@XXXXXXX[0;1;30;90;41m88[0;31;5;41;101m@@@@@@888888[0;1;31;91;41m8[0;1;30;90;41mX[0;31;5;41;101m88888888[0;1;31;91;41mt[0;1;37;97;47m;[0;37;5;47;107mttttt%%%%%S[0;1;37;97;47m [0;1;31;91;41m888888888[0;31;40m@[0m
 [0;1;31;91;41m8[0;31;5;41;101m88888888[0;1;30;90;47m8[0;37;5;47;107m;;;;::::::.8[0;1;30;90;41m8[0;31;5;41;101m@XXXXXXX[0;1;30;90;41m88[0;31;5;41;101m@@@@@@@@@888[0;1;31;91;41m8[0;1;30;90;41mS[0;31;5;41;101m88888888[0;1;31;91;41mt[0;1;37;97;47m;[0;37;5;47;107mtttt%%%%%%S[0;1;30;90;47m8[0;1;31;91;41m888888888[0m 
 [0;1;31;91;41m;[0;31;5;41;101m888888888[0;37;5;47;107mt;;;;;:::::8[0;1;30;90;41m8[0;31;5;41;101m@@@@@@@@[0;1;30;90;41m88[0;31;5;41;101m@@@8[0;1;31;91;41m8XX88[0;31;5;41;101m888[0;1;31;91;41m8[0;1;30;90;41mS[0;31;5;41;101m88888888[0;1;31;91;41mt[0;1;37;97;47m;[0;37;5;47;107mtttt%%%%%%S[0;31;5;41;101m8[0;1;31;91;41m88888888t[0m 
 [0;30;41mS[0;31;5;41;101m888888888[0;1;37;97;47m [0;37;5;47;107m;;S;;;;:::[0;1;37;97;47m8[0;1;30;90;41m8[0;31;5;41;101m8@@8888@[0;1;30;90;41m88[0;31;5;41;101m88[0;1;31;91;41m@[0;31;5;40;100m8[0;35;5;40;100m%[0;36;5;40;100m;;[0;31;5;40;100m%8[0;1;31;91;41mS[0;31;5;41;101m88[0;1;31;91;41m8[0;1;30;90;41m%[0;31;5;41;101m88[0;1;31;91;41m888[0;31;5;41;101m888[0;1;31;91;41mt[0;1;37;97;47m;[0;37;5;47;107mttt%%%%@%S[0;1;37;97;47m.[0;1;31;91;41m888888888[0;30;41m%[0m 
  [0;1;31;91;41m8[0;31;5;41;101m888888888[0;1;30;90;47m8[0;31;5;41;101m88[0;1;37;97;47mt[0;37;5;47;107m;;;;;;[0;1;37;97;47m8[0;1;30;90;41m@[0;31;5;41;101m88[0;1;31;91;41mS[0;31;5;40;100m@[0;35;5;40;100mtt[0;31;5;40;100m@[0;1;31;91;41m@[0;1;30;90;41m8@[0;31;5;41;101m8[0;1;31;91;41m8[0;31;5;40;100m8[0;36;5;40;100m::;;;;[0;31;5;40;100m8[0;1;31;91;41m@[0;31;5;41;101m8[0;1;31;91;41m8[0;1;30;90;41m%[0;1;31;91;41mX[0;1;30;90;41m8[0;30;5;40;100m@@[0;31;5;40;100m8[0;1;31;91;41m;88t[0;1;37;97;47m;[0;37;5;47;107mtt%%%%[0;1;37;97;47m:[0;1;31;91;41m8[0;31;5;41;101m8[0;35;5;41;101m8[0;31;5;41;101m8[0;1;31;91;41m88888888@[0;31;40m%[0m 
  [0;1;30;90;41m:[0;31;5;41;101m888888888888@[0;37;5;47;107m%;;;;;[0;1;37;97;47m8[0;1;30;90;41mX[0;31;5;41;101m8[0;1;31;91;41m8[0;31;5;40;100m8[0;36;5;40;100m::::[0;31;5;40;100m8[0;1;30;90;41m@@[0;31;5;41;101m8[0;1;31;91;41m8[0;31;5;40;100m8[0;36;5;40;100m;;;;tt[0;30;5;40;100m@[0;1;31;91;41mX[0;31;5;41;101m8[0;1;31;91;41m8[0;1;30;90;41m%X[0;30;5;40;100mSSSX[0;1;30;90;40m8[0;1;31;91;41m88t[0;1;37;97;47m;[0;37;5;47;107mt%%%%S[0;31;5;41;101m8[0;1;31;91;41m888888888888.[0m  
  [0;31;40mS[0;1;31;91;41m8[0;31;5;41;101m888888888888[0;1;30;90;47m8[0;37;5;47;107m;;;;;[0;1;37;97;47m8[0;1;30;90;41mX[0;31;5;41;101m8[0;1;31;91;41m8[0;31;5;40;100m@[0;36;5;40;100m;;;;[0;31;5;40;100m8[0;1;30;90;41mXX[0;31;5;41;101m8[0;1;31;91;41m8[0;31;5;40;100m8[0;36;5;40;100m;ttttt[0;30;5;40;100m8[0;1;31;91;41mX[0;31;5;41;101m8[0;1;31;91;41m8[0;1;30;90;41mt@[0;30;5;40;100mSSXX[0;1;30;90;40m8[0;1;31;91;41m@8t[0;1;37;97;47m;[0;37;5;47;107m%%%%%[0;1;30;90;47m8[0;1;31;91;41m888888888888@[0;31;40mX[0m  
   [0;30;41m:[0;31;5;41;101m8888888888888[0;1;37;97;47m@[0;37;5;47;107mt;;;[0;1;37;97;47m8[0;1;30;90;41mS[0;31;5;41;101m8[0;1;31;91;41m8[0;31;5;40;100m8[0;36;5;40;100mtttt[0;31;5;40;100m8[0;1;30;90;41mS[0;1;31;91;41mt[0;31;5;41;101m8[0;1;31;91;41m@[0;31;5;40;100m8[0;36;5;40;100mttt%%[0;30;5;40;100m%8[0;1;31;91;41mX[0;31;5;41;101m8[0;1;31;91;41m@[0;1;30;90;41mt@[0;30;5;40;100mXXXX[0;1;30;90;40m8[0;1;31;91;41m@8;[0;1;37;97;47m;[0;37;5;47;107m%%%%[0;1;37;97;47m8[0;31;5;41;101m8[0;1;31;91;41m888888888888[0;30;41m.[0m   
    [0;1;31;91;41mX[0;31;5;41;101m8888888888[0;1;37;97;47mS[0;37;5;47;107mtttttt[0;1;30;90;47mt[0;1;30;90;41m%%%@[0;31;5;40;100m8888[0;1;30;90;41m@S[0;1;31;91;41mt8@[0;31;5;40;100m8[0;36;5;40;100m%[0;30;5;40;100m%%SSS8[0;1;31;91;41mS8@[0;30;41mSX[0;1;30;90;41m@@@@[0;30;41m8[0;1;30;90;41m:::[0;1;30;90;47m8[0;37;5;47;107mS%%%SS[0;1;37;97;47m%[0;31;5;41;101m8[0;1;31;91;41m888888888S[0m    
    [0;31;40m8[0;1;31;91;41m8[0;31;5;41;101m888888888[0;1;30;90;47mX[0;37;5;47;107mtttt[0;1;37;97;47mt[0;31;5;40;100m8[0;1;30;90;41mtt%%%%%%%%%%%%%%tttttt;;;[0;30;41mt%%[0;1;31;91;41m::::.[0;35;41m..[0;1;30;90;41m:8[0;1;37;97;47m.[0;37;5;47;107m%SSS[0;1;30;90;47mX[0;1;31;91;41m888888888@[0;31;40m8[0m    
     [0;30;41m@[0;1;31;91;41m88[0;31;5;41;101m88888888[0;1;30;90;47m8[0;37;5;47;107mttt[0;1;30;90;47m [0;35;5;40;100m;;;;;;;;;[0;1;30;90;41mS[0;1;31;91;41m@@@@@@@@@@@@@@@@@@[0;1;30;90;41mt[0;35;5;40;100m%%%%%%%%[0;31;5;40;100m%[0;1;30;90;47mt[0;37;5;47;107mSSS[0;1;30;90;47m@[0;1;31;91;41m888888888@[0;30;41mX[0m     
      [0;30;41mt[0;1;31;91;41m888[0;31;5;41;101m8888888[0;1;30;90;47m8[0;37;5;47;107mt[0;1;37;97;47m%[0;1;30;90;47m8[0;37;5;40;100m.[0;37;5;47;107mXttttttt[0;1;37;97;47mt::::::::::::......;[0;37;5;47;107m%%%%%%%X[0;1;30;90;47m8[0;35;5;40;100m:[0;1;37;97;47m;[0;37;5;47;107mS[0;1;30;90;47m8[0;1;31;91;41m888888888@[0;30;41m;[0m      
       [0;30;41m:[0;1;31;91;41m88888[0;31;5;41;101m8888888888[0;1;37;97;47mt[0;37;5;47;107mtttttttttttttttttttttt%%%%%%%%%%[0;1;37;97;47m%[0;31;5;41;101m8[0;1;31;91;41m888888888888@@[0;30;41m.[0m       
        [0;30;41m;[0;1;31;91;41m88888888[0;31;5;41;101m8888888[0;1;30;90;47m8[0;37;5;47;107m@ttttttttttttttttt%%%%%%%%%%%8[0;1;30;90;47m8[0;1;31;91;41m8888888888888@@[0;30;41m:[0m        
         [0;30;41mS[0;1;31;91;41m888888888888[0;31;5;41;101m888[0;1;37;97;47m:[0;37;5;47;107mtttttttttttt%%%%%%%%%%%%%%SS[0;1;37;97;47m:[0;31;5;41;101m8[0;1;31;91;41m888888888888@@[0;30;41mS[0m         
          [0;31;40m8[0;1;31;91;41m@88888888888[0;31;5;41;101m8[0;37;5;47;107mX%%%%%%%%%%%%%%%%%%%%%%%%SSSSSSX[0;35;5;41;101m8[0;1;31;91;41m888888888@@X[0;31;40m8[0m          
            [0;1;31;91;41m;88888888888[0;31;5;41;101m8[0;1;37;97;47m [0;37;5;47;107m%%%%%S%%%%%%%%%%%%%SSSXSSSSS[0;1;37;97;47m [0;31;5;41;101m8[0;1;31;91;41m88888888@@@;[0m            
             [0;30;41m%[0;1;31;91;41m888888888888[0;31;5;41;101m8[0;1;37;97;47m.[0;37;5;47;107m%@[0;35;5;40;100m.[0;31;5;41;101m8[0;1;30;90;47m8[0;37;5;47;107m8%%%%%%SSSSSS8[0;1;30;90;47m8[0;1;31;91;41m8[0;35;5;40;100m;[0;37;5;47;107m8S[0;1;37;97;47m;[0;31;5;41;101m8[0;1;31;91;41m88888888@@@@[0;30;41m%[0m             
              [0;31;40mS[0;1;31;91;41m;888888888888[0;31;5;41;101m88[0;1;31;91;41m8888[0;37;5;40;100m.[0;1;37;97;47m [0;37;5;47;107mSSSSSSSS[0;1;37;97;47m.[0;37;5;40;100m.[0;1;31;91;41m88888[0;31;5;41;101m8[0;1;31;91;41m88888888@@@@;[0;31;40mS[0m              
                [0;30;41m8[0;1;31;91;41mS888888888888888888[0;1;30;90;47m8[0;37;5;47;107mSSSSSS[0;1;30;90;47m8[0;1;31;91;41m88888888888888@@@@S[0;30;41m8[0m                
                  [0;30;41m%[0;1;31;91;41m@888888888888888[0;35;5;40;100m [0;37;5;47;107mXSSSSXXX[0;1;30;90;47m8[0;1;31;91;41m8888888888@@@@@@[0;30;41mt[0m                  
                    [0;30;41mt[0;1;31;91;41m@88888888888888[0;37;5;40;100m.[0;1;37;97;47m [0;37;5;47;107m@XX@[0;1;37;97;47m [0;1;30;90;47m8[0;1;31;91;41m88888888@@@@@@X[0;30;41mt[0m                    
                      [0;30;41m%[0;1;31;91;41mX888888888888888[0;35;5;40;100m:.[0;1;31;91;41m8888888@@@@@@@@X[0;30;41m%[0m                      
                        [0;30;41m@[0;1;31;91;41m%88888888888888888@@@@@@@@@@@%[0;30;41m@[0m                        
                          [0;31;40m@[0;30;41m.[0;1;31;91;41m@888@@@@@@@@@@@@@@@@@@@@[0;30;41m [0;31;40m8[0m                          
                             [0;30;41m@[0;1;31;91;41m:@@@@@@@@@@@@@@@@@@:[0;30;41m@[0m                             
                                [0;30;41mX[0;1;31;91;41m;@@@@@@@@@@@@t[0;30;41mS[0m                                
                                   [0;30;41m@[0;1;31;91;41m X@@@@@.[0;30;41m@[0m                                   
                                      [0;31;40m@[0;30;41mS%[0;31;40m@[0m                                      
