[0;30;44m8[0;1;34;94;44m........:::::::::::::::::::::::::::::::::::::::::................ [0;1;30;90;44m.      [0;30;44m     8[0m
[0;30;44m%[0;1;34;94;44m888888[0;34;5;44;104m888888888888888888888888888888888888888888888[0;1;34;94;44m888888888888888888888@@@@@@[0;30;44m%[0m
[0;30;44m%[0;1;34;94;44m8888[0;34;5;44;104m888888888888888888888888888888888888888888888888[0;1;34;94;44m888888888888888888888@@@@@[0;30;44m%[0m
[0;30;44m%[0;1;34;94;44m888[0;34;5;44;104m888888888888888888888888888888888888888888888888888[0;1;34;94;44m88888888888888888888@@@@[0;30;44m%[0m
[0;30;44m%[0;1;34;94;44m8[0;34;5;44;104m8888888888888888888888888888888888888888888888888888888[0;1;34;94;44m8888888888888888888@@@[0;30;44m%[0m
[0;30;44m%[0;34;5;44;104m888888888888888888888888888888888888888888888888888888888[0;1;34;94;44m8888888888888888888@@[0;30;44m%[0m
[0;30;44m%[0;34;5;44;104m8888888888888888888888888888888[0;1;34;94;44m8[0;1;30;90;44m@[0;32;5;40;100m@[0;34;5;40;100m@[0;1;34;94;44m@[0;34;5;44;104m8888888888888888888888[0;1;34;94;44m888888888888888888@@[0;30;44m%[0m
[0;30;44m%[0;34;5;44;104m8888888888888888888888@@@@@@@[0;1;34;94;44mX[0;34;5;40;100mS[0;1;30;90;42m88[0;36;5;40;100m8[0;1;30;90;44m@[0;34;5;44;104m88888888[0;1;34;94;44mX[0;34;5;44;104m8888[0;1;30;90;44m%[0;1;34;94;44mX[0;34;5;44;104m888888888[0;1;34;94;44m888888888888888888@[0;30;44m%[0m
[0;30;44m%[0;34;5;44;104m8888888888888888888@@@@@@@@[0;1;30;90;44m8[0;36;5;40;100m8[0;1;30;90;42m88[0;34;5;40;100m8[0;1;34;94;44m8[0;34;5;44;104m@@@@@888[0;1;34;94;44m8[0;1;30;90;44mX[0;1;30;90;40m8[0;1;34;94;44mS[0;1;30;90;44mS@[0;32;5;40;100m8[0;1;30;90;42m%[0;1;30;90;44m8[0;30;44m8[0;1;30;90;44m8[0;30;44m8[0;1;30;90;44mt[0;1;34;94;44m88[0;34;5;44;104m8888[0;1;34;94;44m88888888888888888@[0;30;44m%[0m
[0;30;44m%[0;34;5;44;104m8888888888888888@@@@@@@@@[0;36;44mX[0;36;5;40;100m8[0;1;30;90;42m88[0;32;5;40;100m8[0;34;5;40;100m8[0;34;5;44;104m8@@@@@@@@[0;1;34;94;44m@[0;34;5;40;100m8[0;1;30;90;42m@X@XSS%%%t[0;30;42mX[0;1;30;90;42m8[0;32;40mX[0;34;40m@[0;1;30;90;44m;[0;30;44m%[0;1;34;94;44m%[0;34;5;44;104m88[0;1;34;94;44m88888888888888888[0;30;44m%[0m
[0;30;44m%[0;34;5;44;104m888888888888888@@@@@@@X[0;1;34;94;44m@[0;36;5;40;100m8[0;1;30;90;42m8[0;32;5;40;100m8[0;36;5;40;100m88@[0;32;5;40;100m8[0;36;5;40;100m8[0;34;5;44;104m8XX@@@@8[0;32;5;40;100m8[0;1;30;90;42m8@@XXSSS%%%ttt[0;30;42m@[0;1;30;90;44mt[0;1;34;94;44m8[0;34;5;44;104m888[0;1;34;94;44m88888888888888888[0;30;44m%[0m
[0;30;44m%[0;34;5;44;104m8888888888888@@@@@@XX8[0;36;5;40;100m8[0;32;5;40;100m8@[0;36;5;40;100m@[0;34;5;44;104m8XXX[0;34;5;40;100m@[0;32;5;40;100m@[0;36;5;40;100m@[0;1;34;94;44m8[0;34;5;44;104mXXX[0;1;30;90;44m8[0;36;5;40;100m8[0;34;5;40;100m8[0;1;30;90;42m888@@XXXSS%%%t[0;1;30;90;40m8[0;1;30;90;44mt[0;34;5;44;104m88[0;1;34;94;44m8[0;34;5;44;104m8[0;1;34;94;44m8[0;34;5;44;104m8[0;1;34;94;44m8888888888888888[0;30;44m%[0m
[0;30;44m%[0;34;5;44;104m888888888888@@@@@@X@[0;34;5;40;100m8[0;32;5;40;100m@@[0;36;5;40;100m@[0;34;5;44;104m8XXXXXX[0;36;5;40;100mX[0;32;5;40;100m@S[0;34;5;40;100m@[0;34;5;44;104mXX[0;34;5;40;100mS[0;1;30;90;42m8888888@@XSSS%[0;1;30;90;44m8[0;1;34;94;44mS8[0;1;30;90;44mS[0;30;44m8[0;30;5;40;100m@[0;32;40m8[0;34;40m@[0;30;44m8t[0;1;34;94;44mS888888888888888[0;30;44m%[0m
[0;30;44m%[0;34;5;44;104m888888888888@@@@@X[0;1;30;90;44m8[0;36;5;40;100m@[0;32;5;40;100m@[0;36;5;40;100m@[0;34;5;44;104m8XXXXXXX8[0;34;5;40;100mS[0;33;5;40;100mS[0;35;5;40;100mS[0;36;5;40;100mXX[0;1;34;94;44m8[0;34;5;44;104m8[0;36;5;40;100m8[0;1;30;90;42m8[0;32;5;40;100mX[0;35;5;40;100mSSSSX[0;31;5;40;100m@[0;32;5;40;100m@[0;1;30;90;42mXSSS[0;1;30;90;44mXS[0;1;30;90;42m8t;;;;;[0;34;40m8[0;1;30;90;44m;[0;1;34;94;44m@88888888888888[0;30;44m%[0m
[0;30;44m%[0;34;5;44;104m88888888888@@@@@X[0;1;30;90;44m8[0;32;5;40;100m8[0;36;5;40;100m@[0;1;30;90;44m8[0;34;5;44;104mXXXXS[0;36;5;44;104mX8[0;36;5;40;100m%[0;35;5;40;100mt:...:;S[0;34;5;40;100m@[0;1;30;90;44m8[0;30;5;40;100mS[0;35;5;40;100mt%%S[0;1;30;90;45m888[0;35;5;40;100m@[0;30;5;40;100mX[0;1;30;90;42mSSS%%ttt;;;;[0;30;42m@[0;32;40mS[0;1;34;94;44mt88888888888888[0;30;44m%[0m
[0;30;44m%[0;34;5;44;104m88888888888@@@@XX[0;1;34;94;44m8[0;34;5;40;100m@[0;34;5;44;104mX[0;1;30;90;44m8[0;35;5;40;100m%t;:;;[0;36;5;40;100mt[0;35;5;40;100m;[0;37;5;40;100m%%[0;35;5;40;100m  ..::S;Xtt%%S@[0;31;5;40;100m888@S[0;1;30;90;42m8%%%tt;;;::[0;30;42m;[0;34;40m8[0;1;34;94;44m%8888888888888[0;30;44m%[0m
[0;30;44m%[0;34;5;44;104m88888888888@@@@XXXX[0;34;5;40;100mX[0;35;5;40;100m;.. [0;37;5;40;100m%%[0;1;30;90;47m8[0;35;5;40;100m .[0;1;30;90;47m88[0;37;5;40;100m%[0;35;5;40;100m  ..:%;S%t%%[0;31;5;40;100mX[0;35;5;40;100mX[0;1;30;90;45m888888[0;31;5;40;100m8[0;1;30;90;42m%tt[0;30;42mSX[0;1;30;90;42m;;:::[0;32;40m8[0;1;34;94;44m:8888888888888[0;30;44m%[0m
[0;30;44m%[0;34;5;44;104m8888888888@@@@@XXX8[0;35;5;40;100mt:.. [0;37;5;40;100m%S[0;35;5;40;100m  . [0;1;30;90;47m8[0;37;5;40;100mS%[0;35;5;40;100m ..;%t%XSX[0;31;5;40;100mX[0;35;5;40;100mX[0;1;30;90;45m88888888[0;30;42m8[0;1;30;90;42m%tt;[0;30;42mXX[0;1;30;90;42m:::[0;32;40m8[0;30;44m%[0;1;34;94;44m@888888888888[0;30;44m%[0m
[0;30;44m%[0;34;5;44;104m88888888888@@@@XXX@[0;35;5;40;100m%:.. .: [0;37;5;40;100mS[0;1;30;90;47m8[0;35;5;40;100m ..:::;%%;;tt%%@@[0;1;30;90;45m888888[0;31;5;40;100m8[0;1;30;90;40m8[0;1;30;90;42m%tt;;;[0;30;42m8[0;1;30;90;42m;:[0;30;42m;[0;30;44m8[0;1;34;94;44m@888888888888[0;30;44m%[0m
[0;30;44m%[0;34;5;44;104m88888888888@@@@XXXX[0;1;34;94;44m8[0;35;5;40;100m%;;;: [0;37;5;40;100m%%%%[0;35;5;40;100m ::..::;%%tt%%S[0;31;5;40;100m@[0;35;5;40;100m@[0;1;30;90;45m888[0;35;5;40;100m8[0;31;5;40;100m8[0;1;30;90;40m8[0;1;30;90;44m8[0;34;40m88[0;30;42mXX[0;1;30;90;42m;;::::[0;34;40mS[0;1;34;94;44m@888888888888[0;30;44m%[0m
[0;30;44m%[0;34;5;44;104m88888888888@@@@@XX[0;1;30;90;44m8[0;35;5;40;100mS;::t...   ;..:::;;;S%%%S[0;1;30;90;45m8[0;31;5;40;100m@88888[0;30;5;40;100m@[0;1;30;90;42m%%tt[0;32;40m8[0;34;40m8[0;30;44m8[0;34;40m8[0;30;42mSt%[0;1;30;90;42m:[0;30;42mX[0;1;30;90;44m:[0;1;34;94;44m888888888888[0;30;44m%[0m
[0;30;44mS[0;34;5;44;104m888888888888@@@@@8[0;35;5;40;100mX;;;:;t:....t::::;;;tSXX@X[0;31;5;40;100m88[0;1;30;90;45m88888[0;35;5;40;100m8[0;30;42m@[0;1;30;90;42m%tt;[0;32;40m@[0;1;34;94;44mt[0;34;5;44;104m8[0;1;34;94;44m:[0;30;44m8[0;1;30;90;44m:[0;1;34;94;44mt[0;1;30;90;44mt[0;30;44mt[0;1;34;94;44m888888888888[0;30;44mS[0m
[0;30;44m8[0;34;5;44;104m8888888888888@@@@[0;1;34;94;44m@[0;35;5;40;100mSt;;;;;tt;;;%%;;;;ttSX%SS[0;31;5;40;100m88[0;1;30;90;45m888888[0;35;5;40;100m8[0;1;30;90;40m@[0;1;30;90;42mttt;[0;30;42m%[0;30;44m8[0;1;34;94;44mX[0;34;5;44;104m88[0;1;34;94;44m8888888888888888[0;30;44m8[0m
[0;34;40mX[0;34;5;44;104m88888888888888@@@@[0;34;5;40;100m8[0;35;5;40;100m%ttt;;;%t;St;%%SSS[0;31;5;40;100mX[0;35;5;40;100mS%SS[0;1;30;90;45m88[0;31;5;40;100m@[0;35;5;40;100m8[0;1;30;90;45m8888[0;31;5;40;100m8[0;1;30;90;41m88[0;30;5;40;100m8[0;1;30;90;42mt;[0;34;40m8[0;1;34;94;44m:S8[0;34;5;44;104m88[0;1;34;94;44m8888888888888888[0;34;40m@[0m
 [0;1;34;94;44m8[0;34;5;44;104m88888888888888@@@@[0;1;30;90;44m8[0;35;5;40;100m@XSSSSttStttttt%%S@S[0;1;30;90;45m8888[0;31;5;40;100m8888888[0;31;45m8[0;35;41m8[0;1;30;90;41m8[0;1;30;90;42mt;[0;30;42mS[0;30;44mS[0;1;34;94;44m8[0;34;5;44;104m88[0;1;34;94;44m88888888888888888[0m 
 [0;1;34;94;44m;[0;34;5;44;104m8888888888888888@[0;1;34;94;44m@[0;35;5;40;100m8S%@X%%t%[0;31;5;40;100mX[0;35;5;40;100m%t%%%%%SX[0;31;5;40;100m@[0;1;30;90;45m8888[0;31;5;40;100m88888[0;35;5;40;100m8[0;1;30;90;45m8[0;31;45m8[0;35;41m88[0;1;30;90;40m8[0;1;30;90;42m;;;[0;32;40mS[0;30;44mt[0;1;34;94;44m888888888888888888t[0m 
 [0;30;44mS[0;34;5;44;104m88888888888888888[0;34;5;40;100mX[0;35;5;40;100mX[0;1;30;90;45m8[0;35;5;40;100mSSX@@[0;31;5;40;100m@[0;35;5;40;100mXS[0;31;5;40;100m@[0;35;5;40;100mXSSSSS@[0;31;5;40;100m@888888[0;35;5;40;100m8[0;1;30;90;45m88[0;35;5;40;100m8[0;1;30;90;41m888[0;31;5;40;100m8[0;32;40m@[0;1;30;90;42m;;;:[0;30;42m8[0;30;44mt[0;34;5;44;104m8[0;1;34;94;44m88888888888888888[0;30;44m%[0m 
  [0;1;34;94;44m8[0;34;5;44;104m8888888888888888[0;34;5;40;100m@[0;1;30;90;45m888888[0;31;5;40;100m@[0;35;5;40;100mX[0;1;30;90;45m888[0;35;5;40;100mX[0;31;5;40;100m@@@@8[0;35;5;40;100m@[0;1;30;90;45m888888[0;31;5;40;100m8[0;35;5;40;100m8[0;1;30;90;45m88[0;31;45m88[0;1;30;90;41m8[0;1;30;90;42mtt;[0;30;42mXS[0;1;30;90;42m;:[0;32;40mS[0;1;34;94;44mt88888888888888888@[0;34;40m%[0m 
  [0;1;30;90;44m:[0;34;5;44;104m8888888888888888[0;1;34;94;44mX[0;35;5;40;100m8@[0;1;30;90;45m8888[0;31;5;40;100m8[0;1;30;90;45m888888[0;35;5;40;100m@[0;31;5;40;100m88@[0;35;5;40;100m8[0;1;30;90;45m8888[0;35;5;40;100m8[0;31;5;40;100m88[0;1;30;90;45m8[0;31;45m88[0;35;41m88[0;1;30;90;41m8[0;1;30;90;42mt;;;:[0;30;42mt;[0;34;40mX[0;1;34;94;44m@88888888888888888.[0m  
  [0;34;40mS[0;1;34;94;44m8[0;34;5;44;104m88888888888888888[0;1;30;90;44mX[0;34;5;40;100m8[0;35;5;40;100m888[0;1;30;90;44m8[0;31;5;40;100m8[0;1;30;90;45m8888[0;35;5;40;100m@[0;31;5;40;100m8[0;35;5;40;100m@[0;1;30;90;45m88[0;31;5;40;100m88888[0;1;30;90;40m@[0;35;5;40;100m8[0;31;45m888[0;35;41m88[0;1;30;90;41m8[0;34;40m@88[0;30;44m@@[0;1;30;90;44m;:[0;1;34;94;44m;;:8888888888888888@[0;34;40mX[0m  
   [0;30;44m:[0;34;5;44;104m8888888888888888888888[0;1;30;90;44m8[0;31;5;40;100m8888888[0;1;30;90;45m88888888[0;1;30;90;41m@88888888[0;31;5;40;100m8[0;1;30;90;44m;[0;1;34;94;44m88[0;34;5;44;104m8[0;1;34;94;44m88888888888888888888[0;30;44m.[0m   
    [0;1;34;94;44mX[0;34;5;44;104m88888888888888888888[0;1;30;90;44m%[0;31;5;40;100m8[0;1;30;90;45m8888[0;31;5;40;100m888[0;1;30;90;45m8888[0;31;45m888[0;1;30;90;41m88[0;35;41m8888[0;1;30;90;41m@[0;35;41m8888[0;1;30;90;41m8[0;1;34;94;44mX[0;34;5;44;104m8[0;1;34;94;44m88888888888888888888S[0m    
    [0;34;40m8[0;1;34;94;44m8[0;34;5;44;104m8888888888888888888[0;1;30;90;44m%[0;1;30;90;41m8[0;31;45m888[0;1;30;90;41m88[0;31;45m8[0;1;30;90;41m888[0;35;41m888[0;1;30;90;41m888[0;35;41m88888[0;1;30;90;41m@8[0;35;41m888[0;1;30;90;41m8[0;1;34;94;44m;88888888888888888888@[0;34;40m8[0m    
     [0;30;44m@[0;1;34;94;44m88[0;34;5;44;104m888888888888888888[0;1;30;90;44m@[0;1;30;90;41m8[0;35;41m8[0;1;30;90;41m88[0;35;41m8888[0;1;30;90;41m8888[0;31;40m8[0;1;30;90;41m88[0;35;41m88888[0;1;30;90;41m@@[0;35;41m88[0;1;30;90;41m@[0;30;44m@[0;1;34;94;44m88888888888888888888@[0;30;44mX[0m     
      [0;30;44mt[0;1;34;94;44m888[0;34;5;44;104m88888888888888888[0;1;34;94;44mS[0;1;30;90;44mX[0;30;5;40;100mX[0;31;40m8[0;35;41m88888888[0;1;30;90;41m@[0;35;41m8[0;1;30;90;41m@88[0;35;41m8[0;1;30;90;41m@[0;30;5;40;100m@[0;1;30;90;40m8[0;1;30;90;41m8[0;31;5;40;100mS[0;1;30;90;44m8[0;1;34;94;44m:88888888888888888888@[0;30;44m;[0m      
       [0;30;44m:[0;1;34;94;44m88888[0;34;5;44;104m888888888888888[0;1;30;90;44mS[0;1;30;90;41m@88@[0;35;41m8888[0;1;30;90;41m88[0;35;41m8888[0;1;30;90;41m@[0;30;44m8[0;1;34;94;44mS888888888888888888888888@@[0;30;44m.[0m       
        [0;30;44m;[0;1;34;94;44m88888888[0;34;5;44;104m8888888888[0;1;34;94;44m;[0;1;30;90;41m8[0;35;41m888[0;1;30;90;41m88888[0;30;41m8[0;35;41m888888[0;34;40m8[0;1;34;94;44m888888888888888888888888@@[0;30;44m:[0m        
         [0;30;44mS[0;1;34;94;44m888888888888[0;34;5;44;104m88888[0;1;34;94;44m;[0;1;30;90;41m8[0;35;41m88888888[0;31;40m8[0;1;30;90;41m88[0;35;41m888[0;1;30;90;41m8[0;1;30;90;44m:[0;1;34;94;44m88888888888888888888888@@[0;30;44mS[0m         
          [0;34;40m8[0;1;34;94;44m@8888888888888888[0;1;30;90;44m%[0;1;30;90;41m8[0;35;41m88888[0;1;30;90;41m@@@[0;35;41m88[0;1;30;90;41m8@[0;34;5;40;100m@[0;1;34;94;44m:8888888888888888888888@@X[0;34;40m8[0m          
            [0;1;34;94;44m;8888888888888888S[0;1;30;90;44m%8[0;1;30;90;41m888X[0;35;41m88888[0;1;30;90;41m8[0;1;34;94;44mt888888888888888888888@@@;[0m            
             [0;30;44m%[0;1;34;94;44m888888888888888888[0;30;44m8[0;35;41m88888888[0;1;30;90;41m8[0;1;34;94;44m.8888888888888888888@@@@[0;30;44m%[0m             
              [0;34;40mS[0;1;34;94;44m;8888888888888888%[0;1;30;90;40m8[0;35;41m@88888[0;1;30;90;41mX[0;30;44m@[0;1;34;94;44m888888888888888888@@@@;[0;34;40mS[0m              
                [0;30;44m8[0;1;34;94;44mS8888888888888888[0;1;30;90;44m;8[0;31;5;40;100mSX[0;35;5;40;100m8[0;1;30;90;44m@[0;1;34;94;44m;88888888888888888@@@@S[0;30;44m8[0m                
                  [0;30;44m%[0;1;34;94;44m@88888888888888888888888888888888888@@@@@@[0;30;44mt[0m                  
                    [0;30;44mt[0;1;34;94;44m@888888888888888888888888888888@@@@@@X[0;30;44mt[0m                    
                      [0;30;44m%[0;1;34;94;44mX888888888888888888888888@@@@@@@@X[0;30;44m%[0m                      
                        [0;30;44m@[0;1;34;94;44m%88888888888888888@@@@@@@@@@@%[0;30;44m@[0m                        
                          [0;34;40m@[0;30;44m.[0;1;34;94;44m@888@@@@@@@@@@@@@@@@@@@@[0;30;44m [0;34;40m8[0m                          
                             [0;30;44m@[0;1;34;94;44m:@@@@@@@@@@@@@@@@@@:[0;30;44m@[0m                             
                                [0;30;44mX[0;1;34;94;44m;@@@@@@@@@@@@t[0;30;44mS[0m                                
                                   [0;30;44m@[0;1;34;94;44m X@@@@@.[0;30;44m@[0m                                   
                                      [0;34;40m@[0;30;44mS%[0;34;40m@[0m                                      
