[0;1;30;90;40m8[0;36;5;40;100m;;;;;;;;;;;;;;;;;;;;;;;;::::::::;;;;;;;;;;;;;;;;;;;;;;;;;;;ttttttttttt%%%[0;32;5;40;100m%%%%%[0;1;30;90;40m8[0m
[0;32;5;40;100m8[0;36;5;40;100m       [0;37;5;40;100mtttt%%%%%%%%%%%%%SSSSSSSS%%%%%%%%%%%%%ttttt[0;36;5;40;100m                            [0;30;5;40;100m8[0m
[0;32;5;40;100m8[0;36;5;40;100m     [0;37;5;40;100mtttt%%%%%%%%%SSSSSSSSSSSSSSSSSSSSS%%%%%%%%%tttt[0;36;5;40;100m                          [0;30;5;40;100m8[0m
[0;32;5;40;100m8[0;36;5;40;100m   [0;37;5;40;100mtttt%%%%%%%%SSSSSSSSSSXXXXXXXSSSSS%[0;36;5;40;100m      [0;37;5;40;100m%%%%%%ttt[0;36;5;40;100m                         [0;30;5;40;100m8[0m
[0;32;5;40;100m8[0;36;5;40;100m  [0;37;5;40;100mttt%%%%%%%SSSSSSSXXXXXXXXXXXS[0;36;5;40;100m :[0;32;5;40;100mS[0;30;5;40;100m8[0;1;30;90;40m88@XXXXXSSXX8[0;30;5;40;100m8[0;32;5;40;100mS[0;36;5;40;100m; [0;37;5;40;100mttt[0;36;5;40;100m                       [0;30;5;40;100m8[0m
[0;32;5;40;100m@[0;36;5;40;100m [0;37;5;40;100mttt%%%%%%SSSSSSXXXXXXXX@@@[0;36;5;40;100m ;[0;30;5;40;100m8[0;1;30;90;40m@8888@XXX@X@%X[0;34;40m;[0;1;30;90;40mSSSS[0;32;40mt;[0;34;40m:[0;32;40mt[0;30;5;40;100m8[0;36;5;40;100mt                       [0;30;5;40;100m8[0m
[0;32;5;40;100m@[0;37;5;40;100mtt%%%%%%SSSSSXXXXXX@@@@@X[0;36;5;40;100m.[0;30;5;40;100m8[0;1;30;90;40m8888@88[0;30;5;40;100m8[0;1;30;90;40m888[0;30;5;40;100m8[0;1;30;90;40mX[0;30;5;40;100m8[0;1;30;90;40mX@@@8XXS[0;32;40m;;ttt::[0;1;30;90;40m@[0;32;5;40;100m%[0;36;5;40;100m                    [0;32;5;40;100m8[0m
[0;32;5;40;100m@[0;37;5;40;100mt%%%%%%SSSSXXXXX@@@@@[0;1;30;90;47m8[0;37;5;40;100mX[0;36;5;40;100m;[0;1;30;90;40m8[0;30;5;40;100m88[0;1;30;90;40m8[0;30;5;40;100m888X8[0;36;5;40;100m;:   [0;37;5;40;100m@[0;36;5;40;100m [0;37;5;40;100mS[0;36;5;40;100m   [0;32;5;40;100mXX[0;1;30;90;40mS8[0;32;40m;[0;1;30;90;40m@@S[0;32;40mt:tt;[0;34;40m:[0;32;40m:[0;30;5;40;100m8[0;36;5;40;100m                  [0;32;5;40;100m8[0m
[0;32;5;40;100m@[0;37;5;40;100m%%%%%%SSSSXXXX@@@@[0;1;30;90;47m888[0;36;5;40;100m.[0;30;5;40;100m888[0;1;30;90;40m8[0;30;5;40;100m@[0;32;5;40;100mS[0;36;5;40;100m;  [0;1;30;90;47m8[0;37;5;40;100mX[0;1;30;90;47m888888[0;37;5;40;100m@@@XXXX%[0;36;5;40;100m ;[0;1;30;90;40m8[0;30;5;40;100m8[0;32;40m;[0;1;30;90;40mSSX[0;32;40m;;t;[0;34;40m:[0;32;40m:[0;30;5;40;100m8[0;36;5;40;100m                [0;32;5;40;100m8[0m
[0;32;5;40;100m@[0;37;5;40;100m%%%%%SSSSXXXX@@@[0;1;30;90;47m888[0;37;5;40;100m%[0;30;5;40;100mX8@8[0;37;5;40;100m%[0;36;5;40;100m [0;1;30;90;47m888888888888888[0;37;5;40;100m@@@XXXXSS%[0;36;5;40;100m ;[0;30;5;40;100m8[0;34;40m:[0;1;30;90;40mS[0;32;40mt:;t:[0;34;40m.[0;32;40mt[0;36;5;40;100m;              [0;32;5;40;100m8[0m
[0;32;5;40;100m@[0;37;5;40;100m%%%%SSSSXXX@@@[0;1;30;90;47m8888[0;36;5;40;100m [0;30;5;40;100m8@[0;36;5;40;100m; [0;1;30;90;47m88888888888888888888[0;37;5;40;100m@@XXXXSSSS[0;36;5;40;100m t[0;1;30;90;40mX[0;32;40mtt:[0;34;40m:[0;32;40m;;[0;34;40m.[0;32;40m.[0;30;5;40;100m8[0;36;5;40;100m             [0;32;5;40;100m8[0m
[0;32;5;40;100m@[0;37;5;40;100m%%%SSSSXXX@@@[0;1;30;90;47m8888[0;36;5;40;100m:[0;30;5;40;100m@@[0;36;5;40;100m.[0;37;5;40;100m@[0;1;30;90;47m8888888888888888888888[0;37;5;40;100m@@XXXXSSS%%[0;36;5;40;100m [0;1;30;90;40mX[0;32;40mt;t[0;34;40m:[0;32;40m:t[0;34;40m..[0;1;30;90;40m8[0;36;5;40;100m            [0;32;5;40;100m8[0m
[0;32;5;40;100m@[0;37;5;40;100m%%%SSSXXXX@@[0;1;30;90;47m8888[0;36;5;40;100m;[0;30;5;40;100mX@[0;37;5;40;100m%[0;1;30;90;47m88888@@@@@@@8888888888888[0;37;5;40;100m@@XXXXSSS%%[0;36;5;40;100m [0;30;5;40;100m8[0;32;40m;tt[0;34;40m:[0;32;40m:t[0;34;40m..[0;1;30;90;40m8[0;36;5;40;100m           [0;32;5;40;100m8[0m
[0;32;5;40;100m@[0;37;5;40;100m%%SSSXXXX@@[0;1;30;90;47m8888[0;36;5;40;100m:[0;30;5;40;100mX8[0;37;5;40;100m%[0;1;30;90;47m888@@@@@@@@@@@@@8888888888[0;37;5;40;100m@@@XXXSSSS%%%[0;32;5;40;100mS[0;32;40mttt[0;34;40m.[0;32;40m:t[0;34;40m..[0;32;5;40;100m@[0;36;5;40;100m          [0;32;5;40;100m8[0m
[0;32;5;40;100m@[0;37;5;40;100m%%SSSXXX@@@[0;1;30;90;47m888[0;36;5;40;100m t [0;37;5;40;100m@[0;1;30;90;47m888@@@XXXXXXXX@@@@8888888888[0;37;5;40;100m@@XXXXSSS%%%%[0;36;5;40;100m:[0;1;30;90;40m@[0;32;40mtt[0;34;40m.[0;32;40m:;[0;34;40m.[0;32;40m.[0;36;5;40;100m:         [0;32;5;40;100m8[0m
[0;32;5;40;100m@[0;37;5;40;100m%SSSSXXX@@[0;1;30;90;47m88[0;37;5;40;100mX[0;36;5;40;100m  [0;37;5;40;100mX[0;1;30;90;47m8888@@@XXXXXSXXXXX@@@888888888[0;37;5;40;100m@@@XXXSSS%%%%%[0;36;5;40;100m [0;1;30;90;40m8[0;32;40mtt[0;34;40m.[0;32;40mt.[0;34;40m.[0;1;30;90;40mX[0;36;5;40;100m         [0;32;5;40;100m8[0m
[0;32;5;40;100m@[0;37;5;40;100m%SSSSXXX@@[0;1;30;90;47m88888[0;36;5;40;100m t[0;37;5;40;100m@[0;1;30;90;47m8@@@XXXXSSSSSXXX@@@8888888888[0;37;5;40;100m@@XXXSSSS%%%%t[0;36;5;40;100m%[0;32;40mtt;.t[0;34;40m..[0;36;5;40;100m;        [0;32;5;40;100m8[0m
[0;32;5;40;100m@[0;37;5;40;100m%SSSSXXX@@[0;1;30;90;47m88[0;37;5;40;100mXSS[0;36;5;40;100m [0;30;5;40;100mX[0;36;5;40;100m.[0;1;30;90;47m8@@@XXXSSSSSSSXXX@@8888888888[0;37;5;40;100m@@XXXSSSS%%%%t[0;36;5;40;100m [0;30;5;40;100m8[0;32;40m;;[0;34;40m.[0;32;40mt[0;34;40m..[0;1;30;90;40m8[0;36;5;40;100m        [0;32;5;40;100m8[0m
[0;32;5;40;100m@[0;37;5;40;100m%SSSSXXXS[0;36;5;40;100m:[0;30;5;40;100m@8[0;32;5;40;100mS[0;36;5;40;100m:.  [0;1;30;90;47m888@@XXXXSSSSSXXX@@@8888888888[0;37;5;40;100m@@XXXSSSS%%%%t[0;36;5;40;100m [0;32;5;40;100m@[0;32;40m;t.t[0;34;40m..[0;32;40m:[0;36;5;40;100m        [0;32;5;40;100m8[0m
[0;32;5;40;100m@[0;37;5;40;100m%SSSSXX[0;36;5;40;100m [0;1;30;90;40m8[0;30;5;40;100m@[0;36;5;40;100m [0;1;30;90;47m888888888@@@XXXXXXXXXX@@@@888888888[0;37;5;40;100m@@@XXXSSS%%%%%tt[0;36;5;40;100m;[0;32;40m:[0;1;30;90;40mX[0;32;40m.t[0;34;40m...[0;36;5;40;100m.       [0;32;5;40;100m8[0m
[0;32;5;40;100m@[0;37;5;40;100m%%SSSXX[0;30;5;40;100m88[0;37;5;40;100m@@[0;1;30;90;47m8888888888@@@@XXXXXXX@@@@8888888888[0;37;5;40;100m@@XXXXSSS%%%%%tt[0;36;5;40;100m.[0;32;40m;[0;1;30;90;40mS[0;32;40m:t[0;34;40m...[0;36;5;40;100m;       [0;32;5;40;100m8[0m
[0;30;5;40;100m8[0;37;5;40;100m%%SSSSX[0;1;30;90;40m8[0;36;5;40;100m:[0;37;5;40;100m@[0;36;5;40;100m [0;30;5;40;100m8[0;36;5;40;100m;[0;1;30;90;47m8888888888@@@@@@@@@@@88888888888[0;37;5;40;100m@@@XXXSSS%%%%%%tt[0;36;5;40;100m:[0;32;40m;t;t[0;34;40m...[0;36;5;40;100mt       [0;30;5;40;100m8[0m
[0;30;5;40;100m8[0;37;5;40;100m%%%SSSX[0;30;5;40;100m8[0;36;5;40;100mt t[0;1;30;90;40m88[0;36;5;40;100m [0;1;30;90;47m888888888888@@@@@8888888888888[0;37;5;40;100m@@@XXXXSSS%%%%%tt[0;36;5;40;100m [0;32;5;40;100mX[0;32;40m;[0;1;30;90;40mS[0;32;40m:t[0;34;40m...[0;36;5;40;100m:       [0;1;30;90;40m8[0m
[0;32;40m%[0;37;5;40;100m%%%SSSS[0;36;5;40;100m.[0;1;30;90;40m@[0;37;5;40;100mS[0;36;5;40;100m [0;30;5;40;100mX[0;1;30;90;40m8[0;30;5;40;100m8@[0;37;5;40;100m%[0;1;30;90;47m888888888888888888888888888[0;37;5;40;100m@@@XXXXSSS%%%%%ttt[0;36;5;40;100m [0;1;30;90;40m8[0;32;40m:[0;1;30;90;40mS[0;34;40m.[0;32;40mt[0;34;40m..[0;32;40m:[0;36;5;40;100m        [0;1;30;90;40mX[0m
 [0;36;5;40;100m [0;37;5;40;100m%%%SSSS[0;36;5;40;100m;[0;30;5;40;100m8[0;37;5;40;100mS[0;36;5;40;100m t[0;1;30;90;40m@[0;30;5;40;100m8[0;1;30;90;40m8[0;36;5;40;100m [0;1;30;90;47m8888888888888888888888888[0;37;5;40;100m@@@XXXXSSSS%%%%%tt[0;36;5;40;100m t[0;32;40mt;;;:[0;34;40m..[0;30;5;40;100m8[0;36;5;40;100m        [0m 
 [0;36;5;40;100m:[0;37;5;40;100m%%%%S[0;36;5;40;100m [0;30;5;40;100m8[0;36;5;40;100m  [0;32;5;40;100mX[0;36;5;40;100m [0;37;5;40;100m%[0;32;5;40;100mX[0;1;30;90;40m@[0;30;5;40;100m8[0;1;30;90;40m8[0;30;5;40;100m@[0;36;5;40;100m.  [0;37;5;40;100mX[0;1;30;90;47m888888888888888888[0;37;5;40;100m@@@@XXXXSSSS%%%%%ttt[0;36;5;40;100m [0;1;30;90;40m8[0;32;40m:[0;1;30;90;40mS[0;32;40m:t[0;34;40m..[0;32;40m:[0;36;5;40;100m        :[0m 
 [0;30;5;40;100m8[0;37;5;40;100m%%%%%[0;36;5;40;100m [0;1;30;90;40mS8[0;36;5;40;100m:[0;37;5;40;100mS[0;36;5;40;100m.; [0;32;5;40;100mS[0;30;5;40;100m8[0;1;30;90;40m@@8[0;30;5;40;100m@[0;37;5;40;100m%X[0;32;5;40;100mS[0;1;30;90;47m888888888888888[0;37;5;40;100m@@@@XXXXSSSSS%%%%%ttt[0;36;5;40;100m [0;30;5;40;100m8[0;32;40m:t;t:[0;34;40m..[0;32;5;40;100m@[0;36;5;40;100m        [0;32;5;40;100m8[0m 
  [0;36;5;40;100m [0;37;5;40;100m%%%%%[0;36;5;40;100m [0;1;30;90;40m8@[0;30;5;40;100m8[0;36;5;40;100m: ;:  [0;1;30;90;40m8@@[0;30;5;40;100mX[0;36;5;40;100m [0;30;5;40;100m@[0;36;5;40;100mt[0;37;5;40;100m@[0;1;30;90;47m8888888888[0;37;5;40;100m@@@@@XXXXXSSSS%%%%%%tt[0;36;5;40;100m  [0;1;30;90;40m8[0;34;40m.[0;32;40mt;;;[0;34;40m..[0;1;30;90;40mS[0;36;5;40;100m         [0;32;40m;[0m 
  [0;36;5;40;100mt[0;37;5;40;100mt%%%%%%[0;36;5;40;100m [0;30;5;40;100m8[0;1;30;90;40mS@[0;30;5;40;100m8[0;37;5;40;100m%[0;36;5;40;100m.[0;30;5;40;100m@[0;1;30;90;40m88888[0;30;5;40;100m8[0;1;30;90;40m88[0;36;5;40;100m [0;37;5;40;100m@@@@@@@@@@@XXXXXXSSSSS%%%%%%tt[0;36;5;40;100m.[0;1;30;90;40m8[0;32;40mt:tt:;[0;34;40m..[0;32;40m;[0;36;5;40;100m         t[0m  
  [0;32;40mt[0;36;5;40;100m [0;37;5;40;100mt%%%%%%%[0;36;5;40;100m [0;30;5;40;100m8[0;1;30;90;40m@8[0;30;5;40;100m@[0;36;5;40;100m::[0;30;5;40;100m8[0;1;30;90;40m888[0;30;5;40;100m8[0;1;30;90;40m88X[0;36;5;40;100m:[0;37;5;40;100mS@XXXXXXXXXXXSSSSSS%%%%%%%[0;36;5;40;100m [0;32;5;40;100mS@[0;32;40m::tt;:;[0;34;40m..[0;32;40m:[0;36;5;40;100m.         [0;32;40m%[0m  
   [0;32;5;40;100mS[0;37;5;40;100mttt%%%%%%%[0;36;5;40;100m [0;32;5;40;100mX[0;1;30;90;40m@[0;32;40m;;[0;1;30;90;40mXSSXS88SS[0;32;5;40;100m%[0;36;5;40;100m.[0;37;5;40;100mS%XXXXXXSSSSSSS%%%[0;36;5;40;100m   .[0;30;5;40;100m8[0;32;5;40;100mX[0;32;40m:::[0;1;30;90;40mS[0;32;40m%:[0;34;40m.[0;32;40m;;[0;34;40m..[0;32;40m;[0;36;5;40;100m.         [0;32;5;40;100mS[0m   
    [0;36;5;40;100m [0;37;5;40;100mttt%%%%%%%%%[0;32;5;40;100mS[0;1;30;90;40mXXXXSXX%%SS@8[0;30;5;40;100m@8[0;36;5;40;100m;[0;32;5;40;100mX[0;36;5;40;100m t:t;;[0;30;5;40;100m8[0;36;5;40;100mt[0;30;5;40;100m8[0;36;5;40;100mt[0;1;30;90;40m@[0;32;5;40;100mX[0;32;40mt[0;1;30;90;40m@[0;32;40mt;[0;34;40m:[0;32;40m;tttt:[0;34;40m.[0;32;40m:t:[0;34;40m..[0;1;30;90;40m@[0;36;5;40;100m           [0m    
    [0;1;30;90;40mX[0;36;5;40;100m  [0;37;5;40;100mtttt%%%%%%[0;36;5;40;100m [0;1;30;90;40m8SSSSSXS[0;34;40m;;;[0;32;40m;[0;1;30;90;40mXX8XXXSX[0;32;40mt[0;1;30;90;40mX[0;32;40mt[0;1;30;90;40mX[0;32;40mt[0;1;30;90;40mS[0;32;40mt[0;1;30;90;40mS[0;32;40mtttt[0;1;30;90;40mSX[0;32;40m:;[0;34;40m...[0;32;40m:;;[0;34;40m..[0;32;40m:[0;32;5;40;100m@[0;36;5;40;100m           [0;1;30;90;40mX[0m    
     [0;30;5;40;100m8[0;36;5;40;100m   [0;37;5;40;100mtttt%%%%%%[0;32;5;40;100m%[0;32;40m;[0;34;40m;[0;32;40m;;[0;34;40m;;;;[0;32;40mt[0;34;40m;;;;;[0;32;40m;[0;34;40m;[0;1;30;90;40mS[0;32;40m;t;;;;;;:::[0;34;40m:::[0;32;40mt[0;34;40m...[0;1;30;90;40mS[0;32;40m;;[0;34;40m...[0;1;30;90;40m@[0;36;5;40;100m.           [0;30;5;40;100m8[0m     
      [0;32;5;40;100mX[0;36;5;40;100m    [0;37;5;40;100mtttttt%[0;36;5;40;100m  ;[0;32;40mt[0;34;40m:::::[0;32;40m;[0;1;30;90;40mS[0;34;40m:[0;32;40m;[0;1;30;90;40mX[0;32;40m;[0;34;40m::::::::::::::::..[0;32;40mt[0;34;40m...[0;32;40m;;;;[0;1;30;90;40mS[0;36;5;40;100m;            [0;32;5;40;100mX[0m      
       [0;32;5;40;100mS[0;36;5;40;100m    ;[0;1;30;90;40m8@S[0;30;5;40;100m88[0;32;40m:[0;34;40m::[0;32;40m;t;t[0;1;30;90;40mX[0;32;40mt[0;1;30;90;40mX[0;34;40m::[0;1;30;90;40mS[0;32;40m;;tt;;;;;;;;;;;;;;;;%.[0;34;40m......[0;32;40m:[0;36;5;40;100m            [0;32;5;40;100mS[0m       
        [0;32;5;40;100mX[0;36;5;40;100m     [0;32;5;40;100mX[0;32;40m:[0;1;30;90;40mS[0;32;40mt[0;34;40m:[0;32;40m;[0;32;5;40;100m@[0;36;5;40;100m;:;.  [0;32;40m;[0;34;40m:::[0;32;40m:;;t:[0;34;40m::::::.........[0;32;40m.;[0;1;30;90;40mX[0;32;40mt.[0;34;40m..[0;32;40m.[0;34;40m.[0;36;5;40;100mt          [0;32;5;40;100mX[0m        
         [0;30;5;40;100m8[0;36;5;40;100m    [0;30;5;40;100m8[0;36;5;40;100m  [0;32;5;40;100mX[0;34;40m.[0;36;5;40;100m.        [0;30;5;40;100m8[0;1;30;90;40mXS[0;32;40mt;;;;tt::[0;34;40m......[0;32;40m:;;;[0;30;5;40;100m8[0;36;5;40;100m;    [0;1;30;90;40m@[0;32;40m::[0;34;40m.[0;32;5;40;100m@[0;36;5;40;100m         [0;30;5;40;100m8[0m         
          [0;1;30;90;40m@[0;36;5;40;100m       t:    .[0;30;5;40;100m8[0;1;30;90;40m8[0;30;5;40;100m8[0;36;5;40;100mt[0;32;5;40;100mX[0;32;40mt[0;34;40m..[0;32;40m;;[0;34;40m.[0;32;40m;[0;36;5;40;100m         [0;32;5;40;100m8[0;32;40m.[0;34;40m.[0;32;40m.[0;36;5;40;100m.   [0;32;5;40;100m@[0;1;30;90;40mX[0;34;40m.[0;32;40m.;%[0;36;5;40;100m         [0;1;30;90;40m@[0m          
            [0;36;5;40;100m:           : ;[0;32;40m:[0;34;40m.[0;32;40m.[0;34;40m.[0;32;40m;[0;30;5;40;100m8888[0;32;5;40;100mS[0;36;5;40;100m       [0;32;5;40;100m%X[0;32;40m;[0;1;30;90;40m8[0;32;40m:[0;36;5;40;100m:   ; [0;32;5;40;100m8[0;1;30;90;40m@[0;32;5;40;100m8[0;32;40m:[0;36;5;40;100m        ;[0m            
             [0;32;5;40;100m8[0;36;5;40;100m            [0;32;40mt[0;36;5;40;100m% [0;30;5;40;100m8[0;32;40m:[0;36;5;40;100m.             .t t      t  ;       [0;32;5;40;100m8[0m             
              [0;32;40mt[0;36;5;40;100m:              [0;30;5;40;100m8[0;36;5;40;100m                                 ;[0;32;40mt[0m              
                [0;1;30;90;40m8[0;36;5;40;100m                                             .[0;1;30;90;40m8[0m                
                  [0;32;5;40;100m8[0;36;5;40;100m                                          [0;32;5;40;100m@[0m                  
                    [0;32;5;40;100m@[0;36;5;40;100m                                      [0;32;5;40;100m@[0m                    
                      [0;30;5;40;100m8[0;36;5;40;100m                                  [0;32;5;40;100m8[0m                      
                        [0;30;5;40;100m8[0;36;5;40;100m.                            :[0;30;5;40;100m8[0m                        
                          [0;1;30;90;40mS[0;32;5;40;100mS[0;36;5;40;100m                        [0;32;5;40;100m%[0;1;30;90;40mX[0m                          
                             [0;30;5;40;100m8[0;36;5;40;100mt                  t[0;30;5;40;100m8[0m                             
                                [0;30;5;40;100m8[0;36;5;40;100m;            :[0;30;5;40;100m8[0m                                
                                   [0;30;5;40;100m8[0;36;5;40;100m%      t[0;30;5;40;100m8[0m                                   
                                      [0;32;40m%[0;30;5;40;100m88[0;1;30;90;40mX[0m                                      
