[0;34;40m ..................:::::::::::::::::::::..........................              [0m
[0;34;40m.......:::::::::::::;;;[0;1;30;90;40mX8[0;30;5;40;100m8@8@[0;36;5;40;100mt [0;1;30;90;40m8[0;34;40m;;;;;;;:::::::::[0;1;30;90;40mX[0;36;5;40;100m.%[0;1;30;90;40m88[0;30;5;40;100m8[0;1;30;90;40m8@S[0;34;40m.............          [0m
[0;34;40m.....:::::::::::;;;;;;;;;;;[0;36;5;40;100m [0;1;37;97;47m.[0;1;30;90;47m.[0;1;37;97;47mX [0;37;5;40;100m@[0;1;30;90;40mS[0;34;40m;[0;30;5;40;100mS[0;34;40m;;;;;;;:[0;30;5;40;100mX[0;34;40m::[0;36;5;40;100m [0;1;30;90;47m [0;1;37;97;47m%[0;1;30;90;47m;[0;1;37;97;47m.[0;36;5;40;100m [0;34;40m:.................         [0m
[0;34;40m....:::::::::;;;;;;;;[0;1;30;90;40mX[0;30;5;40;100mS[0;36;5;40;100m;;:[0;1;30;90;40m8[0;30;5;40;100mX[0;1;30;90;47m8[0;1;37;97;47m:@t[0;37;5;40;100m@[0;30;5;40;100m@[0;36;5;40;100m:[0;1;30;90;40m8%[0;34;40m;;;;;;;[0;1;30;90;40m@[0;36;5;40;100mt[0;30;5;40;100m8[0;36;5;40;100m [0;1;37;97;47m;X.[0;37;5;40;100m8[0;30;5;40;100m@[0;1;30;90;40mX[0;30;5;40;100mSSX@[0;34;40m;.............        [0m
[0;34;40m..:::::::::;;;;;;;[0;1;30;90;40m%SS[0;30;5;40;100m8[0;36;5;40;100mt[0;30;5;40;100m8[0;1;30;90;40m8[0;37;5;40;100mX[0;1;30;90;47mS[0;1;37;97;47m@@8t[0;1;30;90;47m8[0;1;30;90;40m8[0;36;5;40;100m  t [0;1;30;90;40mSSS%[0;34;40m;;[0;36;5;40;100m [0;30;5;40;100mS[0;36;5;40;100m  [0;1;30;90;40mS[0;37;5;40;100m@[0;1;37;97;47m:@XX[0;1;30;90;47mX[0;36;5;40;100m [0;34;40m;[0;1;30;90;40mX[0;30;5;40;100m8[0;1;30;90;40m@[0;34;40m..............       [0m
[0;34;40m.::::::::;;;;;;[0;1;30;90;40m%SSSSSXX[0;36;5;40;100mt [0;1;30;90;47m8[0;1;37;97;47m:@[0;37;5;47;107m8[0;1;37;97;47m@:[0;30;5;40;100m8[0;1;30;90;40mX[0;36;5;40;100mt[0;1;30;90;47mS;[0;1;30;90;40m8XSSSSS8[0;1;30;90;47mXX[0;36;5;40;100mt[0;34;40m;[0;1;30;90;40mS[0;1;30;90;47m:[0;1;37;97;47mX8X[0;1;30;90;47m [0;37;5;40;100m8[0;36;5;40;100m.[0;30;5;40;100mX[0;34;40m:...............       [0m
[0;34;40m.:::::::;;;;;[0;1;30;90;40m%SSSSXXXX[0;36;5;40;100m  [0;30;5;40;100m8[0;1;30;90;40m8@[0;30;5;40;100m@[0;1;30;90;47m8[0;1;37;97;47m@[0;37;5;47;107m8[0;1;30;90;47mt[0;30;5;40;100mS[0;36;5;40;100m [0;1;30;90;40m@[0;30;5;40;100mX[0;36;5;40;100m [0;1;30;90;40mXXXXSS[0;36;5;40;100m [0;30;5;40;100m@[0;1;30;90;40m%[0;36;5;40;100m:[0;30;5;40;100m@[0;1;30;90;47m@[0;1;37;97;47m8X[0;37;5;40;100m8[0;1;30;90;40m8[0;34;40m:;[0;1;30;90;40m@[0;36;5;40;100m; [0;34;40m:...............      [0m
[0;34;40m.:::::;;;;;[0;1;30;90;40m%SSSXXXX@@8[0;36;5;40;100m.[0;1;30;90;40m8888[0;36;5;40;100m;[0;1;30;90;47mS[0;1;37;97;47m;X[0;37;5;47;107m8[0;1;37;97;47m@[0;36;5;40;100m [0;1;30;90;40m8@[0;36;5;40;100m [0;1;30;90;40m@@@XXX[0;36;5;40;100m [0;1;30;90;40mSS[0;30;5;40;100mS[0;1;37;97;47m%8%.[0;1;30;90;47m@[0;30;5;40;100mS[0;34;40m::::[0;30;5;40;100mX[0;34;40m;:...............     [0m
[0;34;40m.::::;;[0;1;30;90;40mS8[0;30;5;40;100m@@88@[0;36;5;40;100m [0;30;5;40;100m8[0;1;30;90;40mX@@@88888[0;30;5;40;100m8S[0;37;5;40;100m8[0;1;37;97;47m8[0;1;30;90;47mX@[0;37;5;47;107m@[0;1;37;97;47m.[0;36;5;40;100m   ;[0;1;30;90;40m88@@@X[0;30;5;40;100mX[0;36;5;40;100m  :[0;1;30;90;47m%[0;1;37;97;47m8[0;1;30;90;47m8[0;37;5;40;100m8[0;1;37;97;47m%[0;37;5;40;100mX[0;1;30;90;40m8[0;34;40m;::::::...[0;1;30;90;40mS[0;36;5;40;100m;[0;1;30;90;40m8XX88S[0;34;40m:..     [0m
[0;34;40m.:::;;;;;[0;1;30;90;40mSX[0;36;5;40;100mt[0;1;30;90;47mt[0;1;37;97;47m @[0;1;30;90;47m.;[0;30;5;40;100m8[0;1;30;90;40m8[0;36;5;40;100m;[0;1;30;90;40m88888[0;30;5;40;100mS[0;36;5;40;100m  [0;37;5;40;100m@[0;36;5;40;100m%[0;30;5;40;100m8[0;1;30;90;47m@[0;1;37;97;47m.[0;36;5;40;100m [0;30;5;40;100m8[0;1;30;90;40m888888@@@X@[0;36;5;40;100m [0;1;30;90;47m:8[0;1;30;90;40mX8[0;36;5;40;100m :[0;30;5;40;100mS[0;1;30;90;40m8[0;34;40m:::::[0;30;5;40;100m8[0;34;40m.;[0;1;30;90;47m@t[0;1;37;97;47mS[0;1;30;90;47mt%[0;30;5;40;100mX[0;34;40m:......    [0m
[0;34;40m.::;;;[0;30;5;40;100m8%S[0;36;5;40;100m [0;1;30;90;40m8[0;30;5;40;100m8[0;37;5;40;100mX[0;1;30;90;47m;[0;1;37;97;47m@X.[0;30;5;40;100m8[0;36;5;40;100m. [0;1;30;90;40m8[0;30;5;40;100m888[0;36;5;40;100m [0;37;5;40;100m8[0;30;5;40;100mS88@X@[0;36;5;40;100mt[0;1;30;90;47m@[0;30;5;40;100m888[0;1;30;90;40m888888@@@[0;37;5;40;100mX[0;30;5;40;100mS[0;1;30;90;40m@@S[0;34;40m;;[0;1;30;90;40mX[0;36;5;40;100m :[0;34;40m::::[0;30;5;40;100mSX[0;34;40m;[0;1;30;90;47mS[0;1;37;97;47mt%[0;1;30;90;47m%[0;36;5;40;100m [0;1;30;90;40mSS[0;36;5;40;100mt[0;30;5;40;100m88[0;1;30;90;40m@[0;34;40m..    [0m
[0;34;40m.::;;[0;1;30;90;40mS[0;36;5;40;100m.[0;30;5;40;100m@[0;1;30;90;40m8[0;36;5;40;100m.[0;1;30;90;47m@[0;1;37;97;47mS88[0;37;5;47;107m8[0;1;30;90;47mX[0;36;5;40;100m t[0;37;5;40;100m@[0;36;5;40;100m  .[0;30;5;40;100m888@@@@@@[0;36;5;40;100m [0;1;30;90;47mX[0;36;5;40;100mt[0;30;5;40;100m88888[0;1;30;90;40m88888@@8[0;37;5;40;100m8[0;36;5;40;100m [0;1;30;90;40mXS%[0;34;40m;;;;::[0;1;30;90;40m8[0;30;5;40;100mS8[0;36;5;40;100m [0;30;5;40;100m8[0;36;5;40;100m%[0;37;5;40;100m8[0;1;37;97;47m@SS;[0;37;5;40;100m8[0;36;5;40;100mt[0;34;40m;[0;1;30;90;40m8[0;36;5;40;100mt[0;34;40m:..   [0m
[0;34;40m.:;;;;[0;1;30;90;40m%8[0;36;5;40;100m [0;37;5;40;100mS[0;1;37;97;47m:X[0;37;5;47;107m8[0;1;37;97;47m8@[0;36;5;40;100m.[0;1;30;90;40m8[0;30;5;40;100m@[0;1;30;90;47m8[0;1;37;97;47mX[0;30;5;40;100mX[0;36;5;40;100m%[0;30;5;40;100m@@@XXXXXS[0;36;5;40;100m [0;30;5;40;100mX@@@88888[0;1;30;90;40m8888@@@[0;30;5;40;100mX[0;1;30;90;40m@SS%[0;34;40m;;;;:[0;1;30;90;40mSS[0;1;37;97;47m:[0;37;5;40;100m@[0;1;30;90;40mX[0;34;40m.[0;30;5;40;100m8[0;1;37;97;47m%S@t[0;1;30;90;47m.[0;36;5;40;100m ;[0;1;30;90;40mS[0;34;40m....   [0m
[0;34;40m.:;;;;[0;30;5;40;100m8[0;1;30;90;47m8[0;1;30;90;40m8[0;30;5;40;100m8[0;1;30;90;40mX8[0;37;5;40;100mX[0;1;37;97;47m%[0;37;5;47;107m8[0;1;37;97;47m%[0;36;5;40;100m.[0;37;5;40;100mX[0;30;5;40;100m8S[0;1;30;90;47m8[0;30;5;40;100mX@XXXSSSSSSSX[0;36;5;40;100m; [0;37;5;40;100m%[0;36;5;40;100m  [0;37;5;40;100m8[0;36;5;40;100m   ;[0;1;30;90;40m88@@XXSSS[0;34;40m;;;;:;[0;36;5;40;100m [0;1;30;90;40mX[0;34;40m:[0;36;5;40;100m [0;30;5;40;100m8[0;1;30;90;47m.[0;1;37;97;47m8;[0;36;5;40;100m [0;34;40m:.[0;1;30;90;40mS[0;34;40m;[0;37;5;40;100mS[0;1;30;90;40m8[0;34;40m...   [0m
[0;34;40m.;;;;[0;1;30;90;40m%[0;36;5;40;100m;[0;1;30;90;40m8XX@8[0;37;5;40;100mX[0;1;30;90;47m.[0;1;37;97;47mS[0;37;5;47;107m8@[0;37;5;40;100m8[0;30;5;40;100mX8[0;36;5;40;100m  [0;30;5;40;100mXXSS%[0;36;5;40;100m%%tt[0;37;5;40;100m%88[0;1;30;90;47mX[0;37;5;40;100m8SS[0;36;5;40;100mt[0;1;30;90;47mS[0;36;5;40;100m:  [0;37;5;40;100m88[0;36;5;40;100m  [0;30;5;40;100mS[0;1;30;90;40mXXXSS%[0;34;40m;;;;[0;1;30;90;40m@[0;36;5;40;100m%[0;34;40m:;[0;36;5;40;100m [0;1;37;97;47m@X:[0;1;30;90;47mt[0;36;5;40;100m [0;34;40m;...;[0;30;5;40;100mX[0;34;40m...   [0m
[0;34;40m.;;;;[0;1;30;90;40m%SSX@[0;30;5;40;100m8[0;36;5;40;100m [0;1;37;97;47m@;[0;37;5;40;100mS[0;37;5;47;107m@@[0;36;5;40;100m   [0;37;5;40;100m%[0;30;5;40;100mXXSS[0;36;5;40;100m%tt.[0;1;30;90;47m888[0;37;5;40;100m8[0;1;30;90;47m%8[0;37;5;40;100m@[0;1;30;90;47m@t::;S[0;37;5;40;100m8[0;36;5;40;100m [0;37;5;40;100m88[0;36;5;40;100m [0;37;5;40;100m@[0;36;5;40;100m .[0;1;30;90;40mXSS%[0;34;40m;;;;:[0;36;5;40;100mt;t[0;30;5;40;100mX[0;1;37;97;47m88[0;36;5;40;100m [0;1;30;90;47m;[0;1;37;97;47m%[0;36;5;40;100m;[0;1;30;90;40mS[0;34;40m:.......  [0m
[0;34;40m.;;;;[0;1;30;90;40mSSSX8[0;30;5;40;100mS[0;36;5;40;100m [0;37;5;40;100mS[0;36;5;40;100m [0;1;30;90;40m8[0;37;5;40;100m8[0;1;37;97;47m.[0;1;30;90;47m@[0;36;5;40;100m%[0;30;5;40;100m@XXSS[0;36;5;40;100m%tt[0;37;5;40;100m8[0;1;30;90;47m@8@8XX[0;37;5;40;100m8[0;1;30;90;47mS@[0;37;5;40;100mX[0;30;5;40;100mS[0;1;30;90;47mS[0;36;5;40;100m [0;37;5;40;100mS[0;1;30;90;47m8[0;37;5;40;100m8[0;36;5;40;100m [0;1;30;90;47m8[0;37;5;40;100mX@S[0;36;5;40;100m  [0;30;5;40;100mS[0;1;30;90;40mS%[0;34;40m;;;;:::[0;1;30;90;40mS[0;36;5;40;100m [0;1;30;90;47mt[0;36;5;40;100m [0;34;40m.[0;30;5;40;100mX[0;36;5;40;100m [0;30;5;40;100mS[0;1;30;90;40m8[0;34;40m:.......  [0m
[0;34;40m.;;;;[0;1;30;90;40mSSS[0;30;5;40;100m8[0;1;30;90;47m8[0;36;5;40;100mt[0;1;30;90;40m888[0;30;5;40;100m8@8[0;1;30;90;47m%[0;36;5;40;100mt[0;30;5;40;100m@XXSS[0;36;5;40;100m%;[0;1;30;90;47mS[0;37;5;40;100m8[0;1;30;90;47mX8X@8[0;37;5;40;100m8[0;1;30;90;47m@@[0;37;5;40;100m@8[0;1;30;90;47m8X8[0;37;5;40;100mS[0;36;5;40;100m [0;1;30;90;47m8[0;37;5;40;100m@SX@XSX[0;36;5;40;100m  [0;1;30;90;40m%[0;34;40m;;;;:::[0;1;30;90;40mS[0;37;5;40;100m8[0;34;40m:;;..:[0;30;5;40;100m8[0;37;5;40;100m@[0;1;30;90;40m8[0;34;40m......  [0m
[0;34;40m.;;;;[0;1;30;90;40mSSSXX@@888[0;30;5;40;100m%[0;37;5;40;100m8[0;36;5;40;100m [0;30;5;40;100m8@XXSS[0;36;5;40;100mt[0;1;30;90;47m%[0;37;5;40;100m@[0;1;30;90;47m8%@8@@8S[0;37;5;40;100m88[0;1;30;90;47mS[0;36;5;40;100m [0;1;30;90;47m;[0;37;5;40;100m@[0;1;30;90;47mX[0;37;5;40;100mSS8S8SS%X@[0;36;5;40;100m  [0;34;40m;;;;::::[0;30;5;40;100mX[0;36;5;40;100m [0;1;30;90;40m@[0;34;40m.............  [0m
[0;34;40m.;;;;[0;1;30;90;40m%SSXX@@888[0;36;5;40;100m;[0;30;5;40;100mX88@@XXS[0;1;30;90;47m@[0;36;5;40;100m [0;1;30;90;47m@%@[0;37;5;40;100m8[0;1;30;90;47mS@888[0;37;5;40;100m8[0;1;30;90;47mX[0;37;5;40;100m@S[0;1;30;90;47m@[0;36;5;40;100m [0;37;5;40;100mX8%X@[0;36;5;40;100m [0;37;5;40;100mX8[0;36;5;40;100m  [0;37;5;40;100mX8[0;36;5;40;100m [0;30;5;40;100m8[0;34;40m;;;:::::[0;1;30;90;40m%8[0;34;40m.............  [0m
[0;34;40m.;;;;[0;1;30;90;40m%SSXX@@8888[0;30;5;40;100m8888@@X[0;36;5;40;100m;[0;1;30;90;47m8t[0;37;5;40;100m888[0;1;30;90;47m%8[0;37;5;40;100m@[0;1;30;90;47m8@[0;37;5;40;100m@[0;1;30;90;47m8[0;37;5;40;100m8XS[0;1;30;90;47m.[0;37;5;40;100mSSX@[0;36;5;40;100m [0;37;5;40;100mS8[0;36;5;40;100m [0;37;5;40;100mS@8[0;36;5;40;100m   [0;37;5;40;100m@[0;34;40m;;:::::::.............   [0m
[0;34;40m.:;;;;[0;1;30;90;40m8[0;30;5;40;100m8@SS[0;36;5;40;100m; [0;1;30;90;47m8[0;36;5;40;100m:[0;30;5;40;100mX[0;1;30;90;40m8[0;30;5;40;100m8888@@[0;37;5;40;100m@[0;36;5;40;100m [0;1;30;90;47m@XS[0;37;5;40;100m@X[0;1;30;90;47m8%8[0;36;5;40;100m [0;37;5;40;100m8[0;1;30;90;47m@[0;37;5;40;100m88@[0;1;30;90;47mt[0;37;5;40;100m@@XX[0;1;30;90;47m8[0;36;5;40;100m  [0;37;5;40;100m88X[0;30;5;40;100m%[0;36;5;40;100m [0;37;5;40;100m@@X[0;34;40m;;::::::.[0;1;30;90;40mX[0;30;5;40;100m8[0;36;5;40;100m :[0;30;5;40;100m8[0;1;30;90;40m888X[0;34;40m;...   [0m
[0;34;40m.:;;;;[0;1;30;90;40m%SSX[0;36;5;40;100m [0;1;37;97;47m%:St[0;37;5;40;100m8[0;30;5;40;100m8[0;1;30;90;40m8[0;36;5;40;100m [0;30;5;40;100m8888[0;1;30;90;47mX[0;36;5;40;100m [0;1;30;90;47m%[0;37;5;40;100m@[0;1;30;90;47mtS[0;37;5;40;100m@[0;1;30;90;47m88:[0;37;5;40;100m8[0;1;30;90;47mS[0;36;5;40;100m [0;1;30;90;47m8@[0;30;5;40;100mX8S[0;37;5;40;100m8[0;1;30;90;47mX[0;37;5;40;100m@8[0;36;5;40;100m [0;1;30;90;47m%[0;36;5;40;100m [0;37;5;40;100m8[0;36;5;40;100m [0;1;30;90;47m8[0;36;5;40;100m [0;1;30;90;47mX[0;37;5;40;100m@[0;36;5;40;100m [0;1;30;90;40m8[0;34;40m;::::[0;30;5;40;100mX[0;34;40m::[0;36;5;40;100m [0;1;30;90;47m [0;1;37;97;47m:[0;1;30;90;47m:[0;1;37;97;47m;[0;36;5;40;100m [0;34;40m.......   [0m
[0;34;40m ::;[0;1;30;90;40m8[0;36;5;40;100m .: [0;30;5;40;100mS[0;36;5;40;100m [0;1;30;90;47mX[0;1;37;97;47m%[0;37;5;47;107m8[0;1;37;97;47m%[0;37;5;40;100mX[0;36;5;40;100m: [0;30;5;40;100m8[0;1;30;90;40m8[0;30;5;40;100m888[0;1;30;90;47m8[0;36;5;40;100m [0;37;5;40;100mS[0;36;5;40;100m [0;1;30;90;47mX@[0;36;5;40;100m  [0;1;30;90;47m8X[0;37;5;40;100m%[0;36;5;40;100m [0;37;5;40;100mS[0;1;30;90;47mX[0;37;5;40;100m@[0;36;5;40;100m [0;30;5;40;100m8[0;36;5;40;100m  [0;1;30;90;47m8[0;36;5;40;100m . [0;37;5;40;100m8[0;36;5;40;100m   . [0;37;5;40;100m@X[0;36;5;40;100m [0;1;30;90;40m@[0;34;40m::::::[0;36;5;40;100m:[0;30;5;40;100mX[0;36;5;40;100m [0;1;37;97;47m.@;[0;37;5;40;100m8[0;36;5;40;100m;[0;30;5;40;100m8[0;36;5;40;100m.[0;30;5;40;100m%%[0;36;5;40;100m;[0;1;30;90;40mS[0;34;40m.   [0m
 [0;34;40m:::[0;1;30;90;40mX8@X[0;36;5;40;100m [0;1;30;90;47m;[0;1;37;97;47m@@X:[0;37;5;40;100mS[0;1;30;90;40m@[0;36;5;40;100m    [0;1;30;90;40m88[0;30;5;40;100m8[0;36;5;40;100m  [0;1;30;90;47mX@8[0;36;5;40;100m [0;37;5;40;100mX[0;1;30;90;47m@@[0;36;5;40;100m  [0;1;30;90;47m8[0;37;5;40;100mX88[0;36;5;40;100m:[0;1;30;90;47m8@[0;36;5;40;100m.[0;37;5;40;100mX[0;36;5;40;100m [0;37;5;40;100m8[0;36;5;40;100m .[0;37;5;40;100mX8X[0;36;5;40;100mt  [0;37;5;40;100m@X[0;34;40m:::::[0;36;5;40;100m % :[0;34;40m:[0;36;5;40;100m [0;1;30;90;47m:[0;1;37;97;47mt%%[0;1;30;90;47m%[0;36;5;40;100m [0;34;40m:;[0;1;30;90;40mS[0;34;40m;   [0m 
 [0;34;40m.::;;[0;36;5;40;100m. [0;37;5;40;100m8[0;1;30;90;47mX[0;1;37;97;47m:@8;[0;30;5;40;100m8[0;1;30;90;40m@[0;36;5;40;100m:[0;1;30;90;47m8:[0;30;5;40;100m8[0;1;30;90;40m888[0;30;5;40;100m8[0;1;30;90;47m8[0;37;5;40;100m8[0;36;5;40;100m [0;37;5;40;100m8[0;1;30;90;47m8[0;37;5;40;100m8[0;36;5;40;100m [0;37;5;40;100mX[0;1;30;90;47m8[0;37;5;40;100mSX@XX[0;36;5;40;100m.[0;1;30;90;47m8t[0;36;5;40;100m   [0;37;5;40;100m%[0;36;5;40;100m [0;37;5;40;100mX[0;36;5;40;100m   [0;37;5;40;100m8X[0;36;5;40;100m . [0;34;40m:::::[0;1;30;90;40m%[0;1;30;90;47m8[0;37;5;40;100m@[0;30;5;40;100mS[0;34;40m:;[0;1;30;90;47m:[0;1;37;97;47mXS[0;1;30;90;47m 8[0;37;5;40;100mS[0;36;5;40;100m:;[0;34;40m..   [0m 
 [0;34;40m.::[0;1;30;90;40mS[0;37;5;40;100mX[0;36;5;40;100m;[0;1;30;90;40m8[0;34;40m;;[0;1;30;90;40mX[0;36;5;40;100m [0;1;37;97;47m;8[0;1;30;90;47m [0;36;5;40;100m: [0;1;30;90;40m@8[0;36;5;40;100m [0;1;30;90;40m@888[0;36;5;40;100m  [0;1;30;90;47m8[0;37;5;40;100mSXX8S8@XS[0;36;5;40;100m [0;37;5;40;100mX[0;36;5;40;100m [0;1;30;90;47m8X[0;36;5;40;100m        [0;37;5;40;100mX[0;36;5;40;100m   [0;37;5;40;100m@[0;34;40m;:::::[0;36;5;40;100m [0;1;30;90;40m%[0;34;40m.[0;30;5;40;100mS%[0;1;30;90;47mt[0;1;37;97;47m@:[0;36;5;40;100m [0;34;40m:..[0;1;30;90;40mS[0;30;5;40;100m8[0;37;5;40;100mS[0;34;40m:   [0m 
  [0;34;40m:::[0;1;30;90;40m8[0;34;40m:;;;[0;36;5;40;100m.[0;1;30;90;47m.[0;1;37;97;47m%%8X[0;36;5;40;100m [0;1;30;90;40mXX[0;36;5;40;100m [0;1;30;90;40m@@@@@[0;37;5;40;100m%[0;36;5;40;100m [0;37;5;40;100m8S@@[0;36;5;40;100m [0;37;5;40;100mXXS8[0;36;5;40;100m [0;37;5;40;100mX[0;36;5;40;100m;[0;1;30;90;47m;[0;36;5;40;100m   [0;37;5;40;100m8[0;36;5;40;100m [0;37;5;40;100mS[0;36;5;40;100m  [0;37;5;40;100mSX[0;36;5;40;100m   [0;1;30;90;40m8[0;34;40m::::::[0;36;5;40;100m [0;34;40m::[0;30;5;40;100mS[0;1;37;97;47m;@;:[0;1;30;90;47m;[0;36;5;40;100m;[0;34;40m....[0;1;30;90;40mX[0;34;40m.   [0m 
  [0;34;40m.::::;[0;1;30;90;40mS8[0;36;5;40;100m [0;1;37;97;47mt[0;37;5;40;100mSS[0;1;37;97;47m8[0;1;30;90;47m.[0;30;5;40;100m@[0;36;5;40;100m. [0;30;5;40;100m8[0;1;30;90;40mXXXX@@[0;36;5;40;100m  [0;37;5;40;100mS[0;36;5;40;100m [0;37;5;40;100mX8[0;36;5;40;100m [0;37;5;40;100mS[0;36;5;40;100m [0;37;5;40;100m88[0;36;5;40;100m  [0;1;30;90;47m8[0;36;5;40;100m: [0;37;5;40;100m@%[0;36;5;40;100m [0;37;5;40;100mS[0;36;5;40;100m [0;37;5;40;100m8[0;36;5;40;100m    [0;1;30;90;40m8[0;34;40m::::::.[0;1;30;90;40mS[0;36;5;40;100m;t[0;1;30;90;40m8[0;1;30;90;47mX[0;1;37;97;47m@[0;37;5;40;100mS[0;36;5;40;100m [0;1;37;97;47m.[0;36;5;40;100m.[0;1;30;90;40mX[0;34;40m:..    [0m  
  [0;34;40m ::::;[0;30;5;40;100mS[0;36;5;40;100m;;.[0;1;30;90;40mX[0;34;40m;[0;36;5;40;100m [0;1;30;90;47mX[0;37;5;40;100mX[0;1;30;90;40m@SSSSXXXXX[0;30;5;40;100m@[0;36;5;40;100m   [0;37;5;40;100m8[0;36;5;40;100m [0;1;30;90;47m8[0;37;5;40;100mS[0;36;5;40;100m  [0;37;5;40;100m@[0;30;5;40;100mS[0;37;5;40;100m8[0;36;5;40;100m    [0;37;5;40;100m8S[0;36;5;40;100m     [0;34;40m;:::::.....:[0;36;5;40;100m [0;1;30;90;47m8[0;36;5;40;100m [0;34;40m.:[0;36;5;40;100m%[0;30;5;40;100m%S8[0;34;40m:     [0m  
   [0;34;40m.:::[0;30;5;40;100mS[0;36;5;40;100m;[0;34;40m:::;[0;1;30;90;40mS[0;34;40m;[0;30;5;40;100m8[0;36;5;40;100m [0;34;40m;;[0;1;30;90;40m%SSSSSSSSS[0;30;5;40;100m%[0;36;5;40;100m    [0;37;5;40;100m8@[0;36;5;40;100m [0;37;5;40;100m8[0;30;5;40;100mX[0;37;5;40;100m8[0;36;5;40;100m [0;30;5;40;100m8[0;36;5;40;100m [0;37;5;40;100m8[0;36;5;40;100m .  .[0;1;30;90;40mS[0;34;40m::::::.......[0;36;5;40;100m:[0;30;5;40;100m8[0;34;40m.:....[0;30;5;40;100mXX[0;34;40m    [0m   
    [0;34;40m.::::::::[0;1;30;90;40m%[0;36;5;40;100m  [0;1;30;90;40mX[0;34;40m;;;;;;;[0;1;30;90;40m%%%SSSSX[0;36;5;40;100m:   [0;37;5;40;100mX[0;36;5;40;100m [0;30;5;40;100m@[0;37;5;40;100m8[0;36;5;40;100m;[0;37;5;40;100mX@[0;36;5;40;100m   [0;30;5;40;100m@[0;34;40m::::::::........;[0;36;5;40;100m  [0;34;40m;.....    [0m    
    [0;34;40m .::::::::;::[0;1;30;90;40mS8[0;30;5;40;100m888[0;36;5;40;100mt [0;1;30;90;47m@[0;36;5;40;100m [0;30;5;40;100m@[0;34;40m;;[0;1;30;90;40mS[0;34;40m;;;;;;[0;1;30;90;40m@[0;30;5;40;100m8[0;1;30;90;40m%[0;30;5;40;100m88[0;1;30;90;40m8%[0;34;40m:::::::;::[0;1;30;90;40m8[0;36;5;40;100m;[0;1;30;90;47m8[0;36;5;40;100m:[0;30;5;40;100mS[0;1;30;90;40m888X[0;34;40m;..:....      [0m    
     [0;34;40m...::::::::::::;[0;36;5;40;100m:[0;1;37;97;47m:[0;1;30;90;47m.[0;1;37;97;47mS[0;1;30;90;47m.X[0;1;30;90;40mX[0;34;40m;[0;36;5;40;100mt[0;34;40m;;;;;;;;::::::::::::[0;36;5;40;100m%[0;34;40m:;[0;37;5;40;100m8[0;1;30;90;47m.[0;1;37;97;47m%[0;1;30;90;47m:[0;1;37;97;47m:[0;36;5;40;100m:[0;34;40m:.........      [0m     
      [0;34;40m....:::::;[0;36;5;40;100m .;[0;37;5;40;100m%[0;36;5;40;100m% [0;1;30;90;47m8[0;1;37;97;47mS8:[0;37;5;40;100m@[0;1;30;90;40m8[0;36;5;40;100m [0;1;30;90;40mX[0;34;40m;:::::::::::::::::::;[0;36;5;40;100m [0;30;5;40;100m8[0;36;5;40;100m [0;1;37;97;47m.@%[0;37;5;40;100m8[0;36;5;40;100m.[0;30;5;40;100mX[0;36;5;40;100m t;.[0;34;40m;...      [0m      
       [0;34;40m......:::[0;1;30;90;40mX[0;34;40m;:[0;36;5;40;100m.[0;1;30;90;47mS[0;1;37;97;47mS@%.[0;36;5;40;100m [0;1;30;90;40mS[0;30;5;40;100mS[0;36;5;40;100m ..[0;1;30;90;40mX[0;34;40m::::::::::::::..;[0;36;5;40;100m.: [0;30;5;40;100mS[0;34;40m:[0;36;5;40;100m.[0;1;30;90;47m.[0;1;37;97;47m;S%[0;1;30;90;47mS[0;36;5;40;100m.[0;34;40m.:;:..      [0m       
        [0;34;40m........:[0;36;5;40;100m:. [0;37;5;40;100mS[0;1;30;90;47m@[0;1;37;97;47mS8S[0;30;5;40;100m@[0;34;40m:[0;30;5;40;100mX[0;36;5;40;100m [0;1;30;90;47mS[0;1;30;90;40m8[0;34;40m:::::::::::.......[0;1;30;90;40m8[0;1;30;90;47mX[0;36;5;40;100m [0;30;5;40;100mX[0;34;40m.[0;30;5;40;100m8[0;1;37;97;47mt@t[0;1;30;90;47m@[0;36;5;40;100m  ::[0;34;40m..       [0m        
         [0;34;40m......:[0;36;5;40;100m :[0;1;30;90;40mS[0;34;40m:..[0;30;5;40;100mX[0;1;30;90;47m%[0;1;37;97;47mX;[0;36;5;40;100m :[0;34;40m::[0;36;5;40;100m [0;34;40m::::::............[0;36;5;40;100m [0;34;40m.:[0;36;5;40;100mt [0;1;37;97;47m.S[0;1;30;90;47m%[0;30;5;40;100mX[0;34;40m...;[0;30;5;40;100mX[0;36;5;40;100m [0;34;40m.      [0m         
          [0;34;40m .....;....[0;36;5;40;100mt[0;1;37;97;47m.S.8S[0;36;5;40;100m [0;34;40m:.[0;36;5;40;100m [0;34;40m:..[0;1;30;90;40mS@8[0;30;5;40;100m8[0;1;30;90;40m8[0;30;5;40;100mS[0;36;5;40;100m [0;37;5;40;100m8[0;36;5;40;100mt[0;1;30;90;40mX[0;34;40m..:..[0;36;5;40;100m.[0;34;40m..[0;36;5;40;100m [0;1;37;97;47mtX[0;1;30;90;47m.[0;1;37;97;47mt [0;36;5;40;100m;[0;34;40m... :      [0m          
            [0;34;40m.......:[0;1;30;90;40mX[0;30;5;40;100m8[0;1;37;97;47m.[0;36;5;40;100m [0;30;5;40;100mX[0;1;37;97;47m@t[0;34;40m;[0;30;5;40;100mS[0;36;5;40;100mt[0;1;30;90;40mS[0;34;40m......:[0;36;5;40;100m [0;1;37;97;47m;[0;1;30;90;47m:[0;1;37;97;47m:[0;1;30;90;47m [0;36;5;40;100m [0;34;40m::[0;30;5;40;100m@[0;34;40m..;[0;30;5;40;100m%S[0;34;40m;[0;1;30;90;47m [0;1;37;97;47mS[0;30;5;40;100mX[0;36;5;40;100m [0;1;37;97;47m [0;30;5;40;100m8[0;1;30;90;40mS[0;34;40m..      [0m            
             [0;34;40m.....;[0;36;5;40;100mt;%[0;30;5;40;100m8[0;34;40m:.[0;30;5;40;100m@[0;36;5;40;100m [0;1;30;90;47m8[0;1;30;90;40mX[0;34;40m...[0;1;30;90;40mX[0;36;5;40;100m ;; [0;30;5;40;100mX[0;36;5;40;100m [0;1;30;90;47m8[0;1;37;97;47mS@[0;1;30;90;47m [0;36;5;40;100m;[0;30;5;40;100mS[0;36;5;40;100m.[0;34;40m:....;[0;37;5;40;100m8[0;36;5;40;100m [0;30;5;40;100m8[0;34;40m.:[0;1;30;90;40m8[0;30;5;40;100mS%S[0;34;40m;     [0m             
              [0;34;40m ...[0;1;30;90;40m@[0;30;5;40;100mS[0;34;40m....:.[0;1;30;90;40mS[0;36;5;40;100m [0;34;40m....;;;.[0;36;5;40;100m [0;1;30;90;47mt[0;1;37;97;47mSS;[0;1;30;90;47mt[0;36;5;40;100m;[0;34;40m.[0;36;5;40;100m; t:[0;34;40m....[0;36;5;40;100m [0;1;30;90;40m@[0;34;40m.:.   [0;30;5;40;100m@[0;1;30;90;40m@[0;34;40m    [0m              
                [0;34;40m ........[0;36;5;40;100m. [0;34;40m;.....:[0;36;5;40;100m . [0;37;5;40;100mS[0;1;30;90;47m;[0;1;37;97;47m%X [0;1;30;90;40mS[0;34;40m:[0;30;5;40;100mX[0;36;5;40;100m [0;1;30;90;47m8[0;34;40m;....:[0;36;5;40;100m :[0;34;40m.        [0m                
                  [0;34;40m .............;[0;37;5;40;100m8[0;1;30;90;40m8[0;34;40m;...[0;36;5;40;100m;[0;1;30;90;47m:[0;1;37;97;47mS[0;1;30;90;47m:[0;36;5;40;100m:[0;30;5;40;100m@[0;34;40m..[0;36;5;40;100m [0;34;40m.             [0m                  
                    [0;34;40m ............;....[0;36;5;40;100m [0;1;37;97;47m.: X.[0;30;5;40;100mS[0;34;40m..[0;36;5;40;100m:[0;34;40m            [0m                    
                      [0;34;40m .............:[0;1;30;90;40mX[0;30;5;40;100mS[0;1;30;90;47m [0;36;5;40;100m:.[0;1;37;97;47mS[0;1;30;90;47m8[0;1;30;90;40mS[0;30;5;40;100mXX[0;34;40m:          [0m                      
                        [0;34;40m           [0;1;30;90;40m%[0;30;5;40;100mSSS[0;1;30;90;40m8[0;34;40m. [0;30;5;40;100mS[0;37;5;40;100mS[0;36;5;40;100m [0;34;40m.          [0m                        
                          [0;34;40m         [0;30;5;40;100m88[0;34;40m   .. [0;30;5;40;100m@@[0;34;40m         [0m                          
                             [0;34;40m            .[0;36;5;40;100m ;[0;34;40m.      [0m                             
                                [0;34;40m                [0m                                
                                   [0;34;40m          [0m                                   
                                      [0;34;40m    [0m                                      
