[0;36;5;40;100m:[0;1;30;90;47mSSSSSSSSS%%%%%%%%%%%%%%%%%%%%%%%%%%%%%%%%%%%%%%%SSSSSSSSSSSSSXXXXXXXX@@@@@@@@@[0;36;5;40;100m:[0m
[0;36;5;40;100m [0;1;37;97;47m@8888888888888888888888888888888888888888888888888888888@@@@@@@XXXXXXSSSSS%%%%[0;36;5;40;100m [0m
[0;36;5;40;100m [0;1;37;97;47m8888888888888888888888888888888888888@8888888888888888888@@@@@@@XXXXXXSSSSS%%%[0;36;5;40;100m [0m
[0;36;5;40;100m [0;1;37;97;47m8888888888888888888888888888[0;37;5;47;107m8[0;1;37;97;47m8888888@[0;33;47m88[0;1;37;97;47m;8888888888888888888@@@@@@XXXXXXSSSSS%%[0;36;5;40;100m [0m
[0;36;5;40;100m [0;1;37;97;47m88888888888888888888[0;37;5;47;107m88888888888888[0;1;37;97;47m88.[0;33;5;43;103mX[0;1;30;90;43m8[0;33;5;43;103m@[0;1;37;97;47m;X;%t@%8888888888888@@@@@@XXXXXXSSSS%%[0;36;5;40;100m [0m
[0;36;5;40;100m [0;1;37;97;47m8888888888888888[0;37;5;47;107m8888888888888888[0;1;37;97;47m8[0;1;30;90;47m [0;37;43mXS[0;1;33;93;43m@[0;37;43mX[0;1;30;90;43m8[0;1;33;93;43m@[0;37;43m@[0;1;30;90;43m8[0;1;33;93;43m@[0;1;30;90;43m8[0;1;33;93;43mX[0;1;30;90;43m8[0;37;43m@[0;1;37;97;47m@8888888888888@@@@@@XXXXXSSSSS%[0;36;5;40;100m [0m
[0;36;5;40;100m [0;1;37;97;47m88888888888888[0;37;5;47;107m8888888888888888888[0;1;37;97;47mS[0;33;47m8[0;1;33;93;43m@[0;37;43mXX[0;1;30;90;47m@[0;37;43m@SSS[0;1;33;93;43m@[0;1;30;90;43m8[0;1;33;93;43m@[0;37;43m8[0;33;47mSXX[0;1;37;97;47m:88888888888@@@@@@XXXXXSSSSS[0;36;5;40;100m [0m
[0;36;5;40;100m [0;1;37;97;47m888888888888[0;37;5;47;107m88888888888[0;1;37;97;47m@XX[0;37;5;47;107m8[0;1;37;97;47mS[0;33;47m8S[0;1;37;97;47mtX[0;1;33;93;47mS[0;1;37;97;47mS@:[0;37;43m@X[0;33;5;43;103m@[0;37;5;40;100m8[0;33;47m88[0;1;30;90;43m88[0;37;43mS[0;1;30;90;47m%[0;1;33;93;43m@[0;1;30;90;43m88[0;33;5;43;103m8[0;1;30;90;47m:[0;33;47mX[0;1;30;90;47m [0;1;37;97;47m@888888888@@@@@@XXXXXSSSS[0;36;5;40;100m [0m
[0;36;5;40;100m [0;1;37;97;47m8888888888[0;37;5;47;107m8888888888888[0;1;37;97;47m;[0;33;5;43;103m8@[0;1;33;93;47m8[0;33;5;43;103m8[0;37;43m8[0;33;5;43;103m%[0;1;30;90;47m.[0;33;47m8[0;37;43m@[0;33;5;43;103m8[0;37;43m8[0;33;47m8[0;37;43m@@@[0;37;5;40;100m8[0;1;37;97;47mS[0;1;33;93;43m@[0;37;43mXS[0;1;33;93;43m8[0;1;30;90;47m;.[0;33;47m8@[0;1;37;97;47m.[0;37;43m@[0;1;30;90;43m8[0;33;5;43;103mX[0;1;30;90;47m [0;1;37;97;47m8888888888@@@@@XXXXXSSSS[0;36;5;40;100m [0m
[0;36;5;40;100m [0;1;37;97;47m888888888[0;37;5;47;107m888888888888@[0;1;37;97;47m8t[0;33;5;43;103m8[0;37;43m88888@8[0;33;5;43;103m8[0;37;43m@8[0;1;30;90;47m:.[0;1;37;97;47mXX[0;37;43m8[0;1;37;97;47m:[0;37;43m8[0;33;47m88[0;1;30;90;47m8[0;1;37;97;47m8S[0;37;43mS[0;1;33;93;43m@[0;37;43m8[0;1;33;93;43mX[0;1;30;90;43m8[0;33;5;43;103m8[0;33;47m8XS[0;1;37;97;47m;S888888@@@@@@XXXXXSSS[0;36;5;40;100m [0m
[0;36;5;40;100m [0;1;37;97;47m88888888[0;37;5;47;107m88888888888@@[0;1;37;97;47m8[0;33;47m@[0;37;5;43;103m@[0;33;47m888[0;1;30;90;47m%%[0;33;47m88[0;37;5;43;103m@[0;33;47m88[0;37;5;43;103m@[0;1;37;97;47mtS:@[0;33;5;43;103m@[0;1;33;93;47m8[0;1;37;97;47m@S[0;33;47m8[0;1;30;90;47m.[0;1;37;97;47m@8[0;33;47m8[0;37;43mS[0;1;30;90;43m8[0;37;43mS[0;1;30;90;47mX[0;1;30;90;43m888[0;1;33;93;43mS[0;37;43mX[0;1;37;97;47mX8888888@@@@@@XXXXSSS[0;36;5;40;100m [0m
[0;36;5;40;100m [0;1;37;97;47m8888888[0;37;5;47;107m8888888888@@@@X[0;1;30;90;47m [0;1;33;93;47m@[0;37;5;43;103m8[0;33;47m@8[0;1;37;97;47mX[0;1;30;90;47m.[0;33;47m888888[0;1;33;93;47m@[0;1;37;97;47mXX[0;33;47mX[0;33;5;43;103mX[0;1;37;97;47m8t[0;1;30;90;47m [0;1;37;97;47mt%[0;1;30;90;47mS[0;33;47m8[0;37;43m@[0;1;30;90;43m8[0;1;33;93;47m@[0;1;30;90;47m%%[0;33;47m8[0;1;33;93;43mS@[0;33;47m8[0;1;37;97;47m%@;[0;1;30;90;47m [0;1;37;97;47m88888@@@@@@XXXXXSS[0;36;5;40;100m [0m
[0;36;5;40;100m [0;1;37;97;47m888888[0;37;5;47;107m8888888888@@@X[0;1;37;97;47m8[0;37;5;47;107m8[0;1;33;93;47mS[0;33;47m88888[0;1;33;93;47m8[0;1;30;90;47m [0;1;33;93;47m88[0;37;5;43;103m8[0;33;47m8[0;37;5;43;103m8[0;33;47m8[0;37;5;43;103m8[0;33;47m@[0;1;37;97;47m@[0;33;5;43;103mX[0;33;47mXS8[0;1;33;93;43m8[0;1;30;90;43m8[0;37;43mX[0;33;5;43;103m@[0;37;43mX[0;1;33;93;43m8[0;1;30;90;47m.[0;33;47m8[0;33;5;40;100m.[0;1;33;93;43mX[0;1;30;90;43m88[0;1;33;93;43m@[0;37;43mXX[0;1;30;90;43m8[0;1;33;93;43m8[0;1;37;97;47m:88888@@@@@XXXXXSS[0;36;5;40;100m [0m
[0;36;5;40;100m [0;1;37;97;47m888888[0;37;5;47;107m888888888@@@X8[0;1;33;93;47m88[0;33;47m@8[0;1;33;93;47m8[0;37;5;43;103m8[0;1;33;93;47m8[0;33;47m8@[0;1;37;97;47mS[0;37;5;43;103m8[0;1;33;93;47mS[0;1;37;97;47mS8%[0;33;47m@@[0;1;30;90;47m [0;1;37;97;47m%[0;37;5;43;103mS[0;1;33;93;47mX[0;1;37;97;47mX[0;33;5;43;103m@[0;37;43m@[0;37;5;43;103m@[0;1;37;97;47m;t[0;33;47m88[0;37;43mX[0;1;33;93;43mX[0;1;30;90;43m88[0;33;47m8[0;37;43m8[0;1;30;90;47m:[0;37;43m8[0;1;30;90;43m8@@[0;37;43m@[0;33;47m8[0;1;30;90;47m [0;1;37;97;47mt88@@@@@@XXXXSS[0;36;5;40;100m [0m
[0;36;5;40;100m [0;1;37;97;47m88888[0;37;5;47;107m888888888@@@X[0;1;37;97;47mS[0;1;33;93;47m@8[0;33;47m8[0;37;5;43;103m8[0;33;47mX88[0;37;5;43;103m8[0;1;33;93;47m@[0;1;30;90;47m:.[0;1;37;97;47m8[0;37;5;47;107m8[0;1;37;97;47m%[0;1;33;93;47mS8[0;37;5;43;103m888[0;1;33;93;47m8[0;37;5;43;103mS[0;1;37;97;47m%[0;37;5;47;107m@[0;1;37;97;47mt[0;1;30;90;47m [0;1;37;97;47mS[0;1;33;93;47mX@@@[0;37;43mX[0;1;33;93;43m@[0;1;30;90;43m8[0;1;33;93;43m@[0;1;30;90;43m8[0;1;33;93;43m@[0;33;47m8[0;1;37;97;47m%[0;33;5;40;100m.[0;1;30;90;43m88@[0;1;33;93;43mX[0;37;43m@[0;1;37;97;47mS88@@@@@@XXXXSS[0;36;5;40;100m [0m
[0;36;5;40;100m [0;1;37;97;47m88888[0;37;5;47;107m88888888@@@XX[0;1;37;97;47m%[0;37;5;43;103m8[0;33;47m8[0;37;5;43;103m8[0;1;30;90;47mt[0;1;33;93;47m@[0;33;47m88[0;1;33;93;47m88[0;33;47m8[0;1;33;93;47m8S[0;1;37;97;47m8[0;1;33;93;47m@8@[0;1;37;97;47mS[0;1;33;93;47m8[0;33;47m8[0;37;5;43;103m@@[0;1;30;90;47m [0;1;33;93;47mS[0;37;5;43;103m8[0;1;33;93;47m8[0;1;37;97;47mXS[0;1;30;90;47m [0;33;47m@[0;1;30;90;47mt [0;33;5;40;100m.[0;1;30;90;43m88[0;1;33;93;43m@[0;33;47m@[0;1;30;90;47m.;[0;1;37;97;47mXX[0;1;30;90;47m [0;1;37;97;47m;;88888@@@@@XXXXXS[0;36;5;40;100m [0m
[0;36;5;40;100m [0;1;37;97;47m88888[0;37;5;47;107m88888888@8[0;1;37;97;47m@XX[0;33;47mX888[0;1;37;97;47m%X[0;1;30;90;47m  [0;1;33;93;47m88[0;33;47m8[0;1;33;93;47m8@8[0;33;47m@[0;1;33;93;47m8[0;33;47m88[0;1;33;93;47m8[0;33;47m8[0;37;5;43;103m8XX[0;1;33;93;47m@[0;33;47m@8[0;1;37;97;47m%[0;33;47m8[0;1;33;93;43m@[0;1;30;90;43m8[0;1;33;93;43m@[0;1;30;90;43m8[0;37;43m@[0;1;30;90;43m8[0;37;43mS[0;33;5;43;103m8[0;33;47m88[0;1;37;97;47m88tt%888888@@@@@XXXXXS[0;36;5;40;100m [0m
[0;36;5;40;100m [0;1;37;97;47m88888[0;37;5;47;107m88888888@8[0;1;37;97;47mt[0;37;5;43;103m8[0;33;47m88[0;1;33;93;47m88[0;33;47m88[0;1;30;90;47m [0;33;47m@[0;1;30;90;47m.  [0;1;37;97;47m:[0;33;47mX[0;1;33;93;47m@[0;1;30;90;47m.[0;1;37;97;47m%[0;33;47mS[0;1;33;93;47m@[0;1;30;90;47m; [0;1;37;97;47m8[0;33;47mS[0;37;5;43;103mS[0;1;33;93;47mS[0;1;37;97;47mt[0;33;5;43;103mX[0;37;43m8[0;33;5;43;103mX[0;1;33;93;43m8[0;37;43mX[0;33;5;43;103m8[0;37;43mX[0;1;30;90;43m8[0;33;5;43;103m@[0;1;30;90;43m8[0;1;33;93;43m@[0;1;30;90;43m8[0;37;43mS[0;33;47m8[0;1;30;90;47mtt[0;1;33;93;43mS[0;1;30;90;43m@@[0;37;43m@[0;1;37;97;47mtXX88@@@@@XXXXXS[0;36;5;40;100m [0m
[0;36;5;40;100m [0;1;37;97;47m88888[0;37;5;47;107m88888888@@@[0;1;37;97;47m@[0;1;33;93;47mS[0;1;30;90;47m.[0;33;47m88[0;1;33;93;47m88[0;37;5;43;103m8[0;1;33;93;47m@8[0;1;30;90;47m [0;1;33;93;47mXX[0;1;37;97;47m%t[0;1;33;93;47mX[0;1;37;97;47m88[0;1;33;93;47mS8[0;37;5;43;103m8[0;1;33;93;47m@[0;37;5;43;103m8S[0;1;33;93;47m@[0;1;37;97;47mX[0;37;5;43;103m8[0;37;43m@@[0;1;30;90;43m8[0;37;43m@X[0;1;33;93;43m@[0;37;43m8[0;1;30;90;47mt[0;1;30;90;43m88[0;1;33;93;43m8[0;1;30;90;43m8[0;37;43m8[0;1;33;93;43mX[0;1;30;90;43m8[0;37;43m8[0;1;33;93;43mX[0;37;43mX[0;1;30;90;43m88[0;1;33;93;43mX[0;1;30;90;47m:[0;1;37;97;47m88@@@@@XXXXXS[0;36;5;40;100m [0m
[0;36;5;40;100m [0;1;37;97;47m88888[0;37;5;47;107m888888888[0;1;37;97;47mX[0;1;33;93;47mX8[0;37;5;43;103m8[0;33;47m888@[0;1;33;93;47mX[0;33;47mX[0;1;33;93;47mS[0;33;47m8[0;37;5;43;103m8[0;33;47m8[0;1;33;93;47m88[0;1;30;90;47m:[0;1;37;97;47mX[0;1;33;93;47mX[0;33;47m8888[0;37;5;43;103m@[0;1;33;93;47m@[0;37;5;43;103mS[0;1;33;93;47m8[0;37;5;47;107m@[0;1;37;97;47mS[0;1;30;90;47m [0;33;47m8[0;37;43m@[0;33;47m8@[0;1;30;90;47mS[0;33;47m88[0;37;43mS[0;1;33;93;43m8[0;1;30;90;43m8[0;1;33;93;43m@[0;1;30;90;43m8[0;1;33;93;43mX[0;33;47m8[0;1;37;97;47m88 [0;1;33;93;43m@[0;1;30;90;43m8[0;33;5;43;103m8[0;1;30;90;47m:[0;1;37;97;47m88@@@@@XXXXXS[0;36;5;40;100m [0m
[0;36;5;40;100m [0;1;37;97;47m88888[0;37;5;47;107m888888888[0;1;37;97;47m8[0;33;47m8[0;37;43m8[0;33;47m88[0;1;33;93;47m8[0;37;5;43;103m8[0;33;47m@[0;1;37;97;47mt%%X[0;33;47m@8[0;1;33;93;47m8[0;33;47m8[0;1;33;93;47m88@[0;33;47m8[0;1;33;93;47m8[0;33;47m8[0;1;33;93;47m8[0;37;5;43;103m88S8[0;1;37;97;47mS[0;33;47m@[0;1;37;97;47mX.[0;33;47m@[0;37;43m8[0;33;47m8[0;37;43mSS[0;1;30;90;43m8[0;1;33;93;43mX[0;33;47m8[0;1;37;97;47m%[0;1;30;90;47mt[0;33;47m8X[0;1;37;97;47m@88S[0;37;43m8[0;1;30;90;43m88[0;1;37;97;47m.@@@@@@@XXXXSS[0;36;5;40;100m [0m
[0;36;5;40;100m [0;1;37;97;47m888888[0;37;5;47;107m888888888[0;33;47m8[0;37;43m8[0;37;5;43;103m@[0;33;47m8[0;37;5;43;103m@[0;33;47m8[0;1;33;93;47m8[0;33;47m@[0;37;5;43;103m8[0;1;33;93;47m@@[0;1;30;90;47m [0;1;37;97;47mS[0;1;33;93;47m8[0;33;47m8[0;1;33;93;47m@[0;1;30;90;47m.[0;33;47m888[0;1;33;93;47m88[0;1;37;97;47m%[0;33;47m8[0;37;5;43;103mS[0;33;5;43;103m%[0;33;47m8[0;37;5;47;107m8[0;1;37;97;47mS.[0;37;43mX[0;1;33;93;43m@X[0;37;43m@[0;1;30;90;47m [0;33;47m%X[0;1;37;97;47m;[0;1;30;90;47m [0;37;43m8[0;1;30;90;47mt%.  tS[0;1;30;90;43m8X[0;1;33;93;43mX[0;37;43mX[0;1;30;90;47m [0;1;37;97;47m@@@@@XXXXSS[0;36;5;40;100m [0m
[0;36;5;40;100m.[0;1;37;97;47m8888888[0;37;5;47;107m8888888[0;1;37;97;47m8[0;33;47mX[0;37;43m@8[0;33;47m@[0;1;30;90;47m [0;1;33;93;47m@[0;33;47m888[0;37;5;43;103m8[0;33;47m8[0;1;37;97;47m%8S@%[0;1;33;93;47m@8[0;33;47m8X[0;1;37;97;47m@[0;37;5;47;107m8@[0;1;33;93;47m8[0;37;5;43;103m%[0;33;5;43;103m:[0;1;30;90;47m [0;37;43m8[0;1;33;93;43m8[0;37;43mX[0;1;33;93;43m8[0;37;43m8[0;33;47m8X[0;1;37;97;47m%8S[0;37;5;40;100m8[0;33;47m8[0;33;5;40;100m [0;1;30;90;43m8[0;1;33;93;43mX[0;37;43m@[0;1;37;97;47m;[0;1;30;90;47m;[0;1;33;93;43mS[0;1;30;90;43m88[0;37;43mS[0;1;30;90;43m@[0;1;33;93;43mS[0;33;47m8[0;1;37;97;47m;@@@XXXXXSS[0;36;5;40;100m [0m
[0;30;5;40;100m8[0;1;37;97;47m8888888[0;37;5;47;107m888888[0;33;47mX[0;33;5;43;103m8[0;1;33;93;43m8[0;37;43m@[0;33;47m8[0;37;5;43;103m8[0;33;5;43;103m8[0;37;43m88[0;33;47m88888[0;1;33;93;47m8[0;33;47m8[0;1;37;97;47m@8[0;1;33;93;47mS@8[0;37;5;43;103m8888S[0;33;5;43;103m:;[0;1;37;97;47m%X[0;33;47m8[0;1;33;93;43m8[0;37;43mX[0;1;30;90;47mt[0;1;37;97;47m;%%[0;33;47mS8[0;37;43m@[0;1;30;90;43m88[0;1;33;93;43m@[0;1;30;90;43m8[0;1;33;93;43mX[0;1;30;90;47m:[0;37;43mS[0;1;30;90;43m@[0;1;33;93;43mS[0;33;47m8[0;1;37;97;47m@@X@@@@@XXXXXSS[0;30;5;40;100mX[0m
 [0;1;37;97;47m88888888[0;37;5;47;107m888[0;33;47m@8[0;1;33;93;43m@[0;37;43m@[0;1;33;93;43m8[0;37;43m@@[0;1;33;93;43m8[0;33;47m888[0;37;43m8[0;33;47m88[0;37;5;43;103m@[0;33;47m88[0;1;33;93;47m@[0;1;37;97;47mt[0;33;47m88[0;1;37;97;47mt[0;1;33;93;47mS[0;33;47m8X[0;1;37;97;47m;%[0;33;5;43;103mt::[0;1;37;97;47mt[0;37;5;47;107m8[0;1;37;97;47mS[0;33;47m@[0;37;43mX@[0;33;47m8[0;37;43mS@[0;33;5;43;103m@[0;1;30;90;47m:[0;33;47m8[0;1;33;93;43mS@[0;1;30;90;43m8[0;1;33;93;43mS@[0;1;30;90;47m% [0;1;33;93;43mXS[0;37;43m@[0;1;37;97;47m;%;;@@@XXXXXSSS[0m 
 [0;1;30;90;47m;[0;1;37;97;47m88888888[0;37;5;47;107m8[0;1;37;97;47m8[0;33;47m8[0;1;33;93;43m@@[0;37;43mX8[0;1;33;93;43m@[0;37;43mX@[0;1;30;90;47m.[0;1;37;97;47mS[0;1;30;90;47m:[0;1;37;97;47mtX[0;1;30;90;47m [0;1;33;93;47mXS[0;1;37;97;47mX;[0;33;5;43;103mX[0;37;43m8@@@[0;1;33;93;43m8[0;37;43m@[0;1;37;97;47m;S[0;33;5;43;103mt::[0;33;47m88[0;1;30;90;47m : ;[0;37;43mS[0;1;33;93;43mX@[0;33;47m8[0;1;37;97;47m:[0;1;30;90;47m%[0;1;30;90;43m88@8[0;1;33;93;43m8[0;1;30;90;43m8[0;33;47m8[0;1;30;90;43m8[0;1;33;93;43mS[0;1;30;90;43m8[0;1;33;93;43mS[0;1;30;90;43m@[0;33;5;43;103m@[0;1;30;90;47m:[0;1;37;97;47m@@@XXXXXSS[0;1;30;90;47m:[0m 
 [0;36;5;40;100m [0;1;37;97;47m8888888888S[0;33;47m8[0;37;43m@[0;33;47m8[0;1;30;90;47mt[0;33;47m8[0;37;43mX[0;33;47m8[0;1;37;97;47m;X[0;1;33;93;47m@[0;37;5;43;103mX[0;1;37;97;47mSXXXXS[0;33;47m8[0;37;43m@@[0;33;5;43;103m8[0;1;30;90;43m8[0;37;43mX[0;1;33;93;43m8[0;33;47m8[0;1;37;97;47m.[0;33;5;43;103m:::[0;1;33;93;47m8[0;1;37;97;47m:[0;37;43mX[0;1;33;93;43m8[0;37;43mS[0;1;30;90;43m88[0;1;33;93;43m@X@[0;1;30;90;47mS[0;37;43mS[0;1;33;93;43mS[0;1;30;90;43m@[0;1;33;93;43mS[0;37;43m8[0;1;30;90;43m8[0;1;33;93;43mS[0;1;30;90;43m@[0;1;33;93;43mSX[0;1;30;90;43m88@@[0;1;37;97;47mt@@XXXXXSSS[0;36;5;40;100m [0m 
  [0;1;37;97;47m8888888888%[0;33;47m8[0;37;43m@[0;1;30;90;47mt%[0;37;43m8[0;33;47m88[0;37;43m8[0;33;47m8[0;1;37;97;47m%;[0;33;5;43;103mX[0;1;33;93;47m8X[0;37;5;43;103m8[0;33;5;43;103m:t[0;1;33;93;47m@[0;37;43mX[0;1;33;93;43m8[0;37;43m@X[0;33;5;43;103m8[0;37;43m@[0;1;33;93;43m@[0;1;30;90;47m [0;33;5;43;103m:::[0;33;47mX[0;37;43mX[0;1;30;90;43m8[0;1;33;93;43m@[0;37;43m@[0;1;33;93;43m8X[0;1;30;90;43m8[0;1;30;90;47m [0;1;37;97;47mSt[0;1;30;90;47m%[0;37;43m8[0;1;33;93;43m@[0;1;30;90;43m8888[0;1;33;93;43mX[0;1;30;90;47m:.[0;37;5;40;100m8[0;1;30;90;43m8@[0;1;30;90;47m.[0;1;37;97;47m@@@XXXXXSSS[0;1;30;90;40m@[0m 
  [0;1;30;90;47m@[0;1;37;97;47m88888888%[0;1;33;93;43m8[0;1;30;90;43m8[0;1;33;93;43mS[0;1;30;90;43m8[0;33;5;43;103m8[0;1;30;90;43m8[0;33;5;43;103m@[0;1;30;90;43m8[0;1;33;93;43mX@[0;37;43m8[0;37;5;40;100m8[0;1;37;97;47m8[0;37;5;47;107m88[0;1;30;90;47m.  [0;33;47mS8[0;37;43m8X[0;1;30;90;47m:[0;33;47m88[0;1;37;97;47m;;[0;33;5;43;103m;;;[0;33;47m8[0;1;37;97;47m;[0;37;43m88[0;1;30;90;47m:[0;33;47m%88[0;1;33;93;43m@[0;33;5;43;103m8X@[0;1;30;90;43m8[0;1;33;93;43mSXS[0;1;30;90;43m8[0;37;43m8[0;33;47m8[0;1;30;90;47m@[0;1;37;97;47m;[0;33;47m8[0;1;33;93;43mS[0;1;30;90;43m8[0;1;33;93;43m@[0;1;37;97;47m.@XXXXXSSS[0;1;30;90;47mX[0m  
  [0;1;30;90;40m8[0;1;37;97;47m88888888t[0;33;47m88[0;1;37;97;47mtt[0;33;47m8[0;1;33;93;43mX[0;37;43mX[0;1;30;90;47m [0;33;47m8[0;1;33;93;43m@[0;1;30;90;43m8[0;1;33;93;43m@[0;1;30;90;47m;[0;1;37;97;47mSt[0;1;30;90;47m;[0;33;47m8[0;33;5;43;103m8[0;37;43mXX[0;1;33;93;43m@[0;1;30;90;47mX[0;33;5;43;103mS[0;37;43m@[0;1;33;93;47m88@[0;33;5;43;103m;;;[0;33;47m8[0;1;37;97;47m%[0;37;43m@[0;33;5;43;103mX[0;1;33;93;43m8[0;1;33;93;47mS[0;1;30;90;47m S[0;33;47m8[0;1;30;90;47m.[0;1;37;97;47m@[0;1;30;90;47mt[0;37;43m8[0;1;30;90;47m     [0;37;43mX[0;1;33;93;43mS[0;1;30;90;43m@X[0;1;33;93;43mSXS[0;1;30;90;47m [0;1;37;97;47mXXXXXSSSS[0;30;5;40;100m8[0m  
   [0;37;5;40;100m8[0;1;37;97;47m888888888888@%t8[0;1;30;90;47m [0;33;5;43;103m@[0;37;43mS[0;1;33;93;43m@@[0;1;30;90;43m8[0;37;43m8SS[0;1;33;93;43m@[0;37;43mSXS[0;33;47m8[0;1;37;97;47mXSS%[0;33;5;43;103m@;;;@X[0;33;47m8[0;37;43m8[0;1;30;90;43m8[0;1;30;90;47m .[0;1;33;93;43mX[0;1;30;90;43m8[0;1;33;93;43m@[0;1;30;90;47m:[0;1;30;90;43m88[0;1;33;93;43mX[0;1;30;90;43m8[0;1;30;90;47m:.@[0;1;30;90;43m@XX[0;33;47m8[0;1;37;97;47m;.[0;1;30;90;47m.[0;1;37;97;47mXXXXXSSSS[0;1;30;90;47m8[0m   
    [0;1;37;97;47mt888888888888888@:[0;1;30;90;47mt[0;33;5;43;103m8[0;1;30;90;43m8[0;1;33;93;43m@[0;1;30;90;47m .[0;1;33;93;43m@[0;1;30;90;43m8[0;33;5;43;103m@[0;1;30;90;43m8[0;1;33;93;43mX[0;37;43m@[0;1;37;97;47m@888[0;33;47m8[0;33;5;43;103m;;;S[0;1;37;97;47mt[0;33;47m8[0;1;33;93;43m@[0;1;30;90;43m8[0;1;33;93;43mX[0;1;37;97;47mS[0;33;47mX[0;1;33;93;43mXX[0;33;47m8[0;1;30;90;47m.[0;1;33;93;43mX[0;1;30;90;43m@8[0;1;37;97;47m@8[0;33;47m8[0;1;30;90;43m@@X[0;1;30;90;47m:[0;1;37;97;47m@@XXXXXXSSS:[0m    
    [0;30;5;40;100mX[0;1;37;97;47m@8888888888888888t%t@88S[0;1;30;90;47m:[0;33;47m8@[0;1;37;97;47mtX8888[0;37;43m8[0;33;5;43;103m;;;@[0;1;37;97;47mX[0;1;30;90;47m [0;1;33;93;43m8[0;1;30;90;43m8[0;1;30;90;47m [0;1;37;97;47m88S%t8;[0;1;30;90;47m  [0;1;37;97;47m8@%[0;33;47m@8[0;1;33;93;43mX[0;33;47m8[0;1;37;97;47mtXXXXXSSSS%[0;30;5;40;100mX[0m    
     [0;36;5;40;100m [0;1;37;97;47m88888888888888888888888888888888[0;37;43mX[0;33;5;43;103m;;;S[0;1;37;97;47mt8[0;1;30;90;47m [0;1;37;97;47mX888888888@@@@@@@@XXXXXSSSSS[0;36;5;40;100m [0m     
      [0;37;5;40;100mX[0;1;37;97;47m8888888888888888888888888888888[0;1;33;93;43m@[0;33;5;43;103m;;;t[0;1;37;97;47m.88888888888@@@@@@@XXXXXXSSSSS[0;37;5;40;100m@[0m      
       [0;37;5;40;100m8[0;1;37;97;47m888888888888888888888888888888[0;1;33;93;43m@[0;33;5;43;103m;;;;[0;1;30;90;47m [0;1;37;97;47m888888888@@@@@@@@XXXXXXSSSSS[0;1;30;90;47m8[0m       
        [0;37;5;40;100m@[0;1;37;97;47m8888888888888888888888888888X[0;33;5;43;103m8;;;;[0;1;30;90;47m [0;1;37;97;47m888888@@@@@@@@@XXXXXXSSSSSS[0;37;5;40;100m8[0m        
         [0;36;5;40;100m [0;1;37;97;47m@@8888888888888888888888888[0;1;30;90;47m [0;33;5;43;103mttttt[0;1;30;90;47m [0;1;37;97;47m888@@@@@@@@@@XXXXXXXSSSSS%[0;36;5;40;100m [0m         
          [0;30;5;40;100mS[0;1;37;97;47m%@@@888888888888888888888[0;1;30;90;47m [0;33;5;43;103mXttttt8[0;1;37;97;47m;@@@@@@@@@@XXXXXXXSSSSSS;[0;36;5;40;100m%[0m          
            [0;1;30;90;47m;[0;1;37;97;47m@@@@@@@8t@888[0;1;30;90;47m [0;33;47mX[0;1;30;90;47m [0;1;37;97;47m;;tt;[0;1;30;90;47m [0;37;43m@[0;33;5;43;103mtttttttt%[0;1;33;93;43mS[0;33;47m8S[0;1;37;97;47mt@@@XXXXXXX%tSSSSS%[0;1;30;90;47m;[0m            
             [0;36;5;40;100m [0;1;37;97;47mX@@@@@@[0;1;30;90;47m [0;37;43m8X[0;1;33;93;43m@X@[0;33;47m88[0;1;33;93;43m8[0;33;5;43;103m8888[0;1;33;93;43m8[0;33;5;43;103m@S[0;1;30;90;43m8[0;33;5;43;103m8t[0;1;33;93;43mX[0;33;5;43;103mtt[0;1;33;93;43mX[0;33;5;43;103mSX[0;1;30;90;43m8[0;1;33;93;43m@[0;33;5;43;103m@[0;1;33;93;43m88[0;37;43m88@8[0;1;30;90;47m   [0;33;47m8[0;1;30;90;47m%[0;1;37;97;47m%SSSS%[0;37;5;40;100m%[0m             
              [0;1;30;90;40m8[0;1;30;90;47m;[0;1;37;97;47m@@@@@@@X [0;1;30;90;47m:[0;1;37;97;47m;;;;[0;1;30;90;47m [0;1;37;97;47m;;[0;33;47mS[0;37;43m@[0;33;47m8[0;1;30;90;47m:[0;33;5;43;103m@t[0;1;33;93;43m@[0;1;30;90;47m:[0;33;5;43;103mSt[0;1;30;90;47m.[0;1;37;97;47m;[0;33;47mX[0;1;33;93;43m8@[0;1;30;90;47m; [0;1;37;97;47m:;%%:[0;1;30;90;47m  [0;1;37;97;47m.%SSSS%[0;1;30;90;47mt[0;1;30;90;40m8[0m              
                [0;36;5;40;100m:[0;1;37;97;47m;X@@@@@@t[0;33;47m8[0;33;5;43;103m8@[0;1;33;93;43m88[0;37;43mX[0;33;5;43;103mS[0;33;47m8[0;1;37;97;47m;@S[0;1;30;90;47m [0;1;33;93;43m@[0;33;5;43;103m8[0;1;37;97;47m::[0;1;33;93;43m@[0;33;5;43;103mX[0;1;30;90;47m [0;1;37;97;47mX%[0;37;43m8[0;33;5;43;103m%[0;1;33;93;43mS[0;37;43m@[0;33;47m8[0;1;30;90;47mtt.[0;1;37;97;47mSSSSS%%:[0;36;5;40;100m.[0m                
                  [0;36;5;40;100m [0;1;37;97;47mSXXXXXXXXSXX[0;33;47m8[0;1;30;90;47m:[0;1;37;97;47mXXXX%[0;33;47m8[0;33;5;43;103m%[0;1;33;93;43mS[0;1;37;97;47mS%[0;37;43m@[0;33;5;43;103m8[0;1;37;97;47m.X[0;1;30;90;47m:[0;33;5;43;103mS[0;1;30;90;47m:[0;1;37;97;47mSSSSSSSS%%t[0;37;5;40;100mS[0m                  
                    [0;37;5;40;100mX[0;1;37;97;47m%XXXXXXXXX[0;33;47m8[0;1;30;90;47mS[0;1;37;97;47mSXS[0;1;30;90;47m [0;1;33;93;43mS8[0;37;43m@[0;1;30;90;47m [0;1;37;97;47mXX[0;1;30;90;47m:[0;33;5;43;103mX[0;1;30;90;47m.[0;1;37;97;47mt[0;37;43mX[0;1;33;93;43m@[0;1;37;97;47m.SSSSS%%%t[0;37;5;40;100mX[0m                    
                      [0;36;5;40;100m [0;1;37;97;47m;XXXXXXXX% X[0;1;30;90;47m:[0;33;5;43;103m@[0;1;30;90;47m.[0;1;37;97;47mXSSSS[0;33;47m8[0;37;43m8[0;1;37;97;47mS:.SSSS%%%%;[0;37;5;40;100m%[0m                      
                        [0;36;5;40;100m [0;1;30;90;47m [0;1;37;97;47mSSSSSSSSSS[0;1;30;90;47m.[0;1;30;90;43m8[0;1;37;97;47m%SSS[0;1;30;90;47m:[0;37;43m@[0;1;37;97;47mtSSS%%%%%%[0;1;30;90;47m.[0;36;5;40;100m [0m                        
                          [0;30;5;40;100m@[0;1;30;90;47m8[0;1;37;97;47m%SSSSSSSS;[0;1;30;90;47m.[0;1;37;97;47mSSS[0;1;30;90;47m:[0;1;37;97;47mt%%%%%%%%[0;1;30;90;47m8[0;30;5;40;100mS[0m                          
                             [0;36;5;40;100m [0;1;30;90;47m%[0;1;37;97;47m%%%%%%%%%%%%%%%%%%[0;1;30;90;47mt[0;36;5;40;100m [0m                             
                                [0;36;5;40;100m [0;1;30;90;47m;[0;1;37;97;47m%%%%%%%%%%%%[0;1;30;90;47m:[0;36;5;40;100m [0m                                
                                   [0;36;5;40;100m [0;1;30;90;47m@[0;1;37;97;47mt%%%%t[0;1;30;90;47mX[0;36;5;40;100m [0m                                   
                                      [0;30;5;40;100m@[0;36;5;40;100m  [0;30;5;40;100mX[0m                                      
