[0;30;44m@[0;34;46mSSSSSSSS[0;1;30;90;43m;.%[0;34;46mS%%%%%%%%%%%%%%%%%%%%%%%%%%%%%%%%SSSSSSSSSSSSSSSSSSSSSXX[0;1;30;90;43mX .[0;34;46mXXXXXXXX[0;30;44m@[0m
[0;34;46m8[0;1;36;96;46m......[0;1;30;90;46m@[0;36;5;40;100m [0;1;33;93;43mX[0;33;5;43;103m;X[0;37;43m8[0;1;30;90;47m8[0;37;5;40;100m8[0;1;30;90;46m8[0;1;36;96;46m.::::::::::::::::::::::::::.................[0;1;34;94;46m8888[0;1;30;90;46mX[0;36;5;40;100m:[0;37;5;40;100mX[0;1;30;90;43m8[0;1;33;93;43mX[0;33;5;43;103m%[0;1;33;93;43mS[0;36;5;40;100m:[0;1;30;90;46mX[0;1;34;94;46m888888[0;36;44m8[0m
[0;34;46m8[0;1;36;96;46m...[0;1;34;94;46m8[0;36;5;40;100m [0;1;33;93;43m8[0;33;5;43;103m;t@;[0;1;33;93;43m8[0;33;5;43;103mS;;;8[0;37;5;40;100m8[0;1;36;96;46m.:::::::::::::::::::::::::::...............[0;1;34;94;46m8[0;36;5;40;100m [0;1;33;93;43m@[0;33;5;43;103mt%%X[0;1;33;93;43mX[0;33;5;43;103m%[0;1;33;93;43m8[0;33;5;43;103mXS[0;1;33;93;43mX[0;36;5;40;100m.[0;1;34;94;46m8888[0;36;44m8[0m
[0;34;46m8[0;1;36;96;46m..[0;1;30;90;46m8[0;1;33;93;43m8[0;33;5;43;103m;t[0;37;43m8[0;1;30;90;43m8[0;33;5;43;103m;;[0;37;5;40;100m@[0;1;36;96;46m.[0;1;30;90;46mS8[0;33;47m8[0;33;5;43;103m%;8[0;1;30;90;46m8[0;1;36;96;46m::::::::::::::::::::::::::::............[0;1;30;90;46m8[0;1;33;93;43m8[0;33;5;43;103mtS[0;1;30;90;43m8[0;1;30;90;46m8t[0;1;34;94;46m8[0;36;5;40;100mt[0;33;5;43;103m%%[0;1;30;90;43mS8[0;33;5;43;103mXS[0;1;33;93;43m@[0;1;30;90;46m8[0;1;34;94;46m88[0;36;44m8[0m
[0;34;46m8[0;1;36;96;46m.[0;1;30;90;46m8[0;33;5;43;103mS;[0;1;33;93;43m8[0;1;30;90;46m8[0;1;30;90;43m8[0;33;5;43;103m;;[0;33;5;40;100m.[0;1;36;96;46m.::::[0;1;30;90;46m8[0;37;43mX[0;33;5;43;103m;%[0;1;30;90;46m8[0;1;36;96;46m;;;;;;;;;;;;;;;;;::::::::::::.........[0;1;30;90;46m8[0;33;5;43;103mSt[0;1;33;93;43m@[0;1;30;90;46m@[0;1;34;94;46m88888[0;33;5;40;100m:[0;33;5;43;103m%%[0;1;30;90;43m8[0;1;30;90;46m8[0;1;30;90;43m@[0;33;5;43;103mS@[0;1;30;90;46m8[0;1;34;94;46m8[0;36;44m8[0m
[0;36;5;40;100m8[0;1;30;90;46m8[0;1;33;93;43m@[0;33;5;43;103m;S[0;1;30;90;43m8[0;33;5;43;103m%;X[0;36;5;40;100m [0;1;36;96;46m::::::::[0;33;5;43;103m8;@[0;1;36;96;46m:;;;;;;;;;;;;;;;;;;;:::::::::::.......[0;1;33;93;43m8[0;33;5;43;103mt8[0;1;30;90;46mt[0;1;36;96;46m..[0;1;34;94;46m88888[0;36;5;40;100m;[0;1;33;93;43m8[0;33;5;43;103m%S[0;1;30;90;43m@[0;1;33;93;43m8[0;33;5;43;103mS[0;1;33;93;43mX[0;1;30;90;46m@[0;36;5;40;100m8[0m
[0;1;30;90;43m:[0;33;5;43;103m@;;@%[0;1;33;93;43m8[0;37;5;40;100m8[0;1;36;96;46m.::::::;;;[0;1;30;90;47m8[0;33;5;43;103m::[0;36;5;40;100m:[0;1;36;96;46m:;;tttttttt;;;;;;;;;;;:::::::::....[0;1;34;94;46m8[0;1;30;90;46m8[0;33;5;43;103mtt[0;37;5;40;100mX[0;1;36;96;46m....[0;1;34;94;46m888888[0;36;5;40;100m [0;1;30;90;43m8[0;33;5;43;103mX[0;1;33;93;43mX[0;33;5;43;103mSS[0;1;33;93;43mX[0;1;30;90;43m.[0m
[0;36;5;40;100m8.[0;33;5;43;103m;;[0;33;5;40;100m [0;1;36;96;46m.:::::::;;[0;1;30;90;46m8[0;1;30;90;47m8[0;37;43m@[0;1;33;93;43m8[0;33;5;43;103m::X:S[0;33;47m8[0;1;30;90;47m8[0;37;46mX[0;1;36;96;46mttttttttttt;;;;;;;;:::::::[0;1;30;90;46mX[0;37;5;40;100m8[0;37;43m@[0;33;5;43;103m@t8;t[0;1;33;93;43mX8[0;37;5;40;100m8[0;1;30;90;46m8[0;1;34;94;46m8[0;1;36;96;46m.[0;1;34;94;46m88888888[0;33;5;40;100m [0;33;5;43;103mSS[0;36;5;40;100m.8[0m
[0;34;46m8[0;1;36;96;46m.[0;33;5;43;103m8;[0;1;33;93;43m8[0;1;36;96;46m.:::::;;[0;1;30;90;46m8[0;37;43m@[0;33;5;43;103m::SX:%[0;1;30;90;47m8X[0;33;47m8[0;33;5;43;103mt:;[0;1;30;90;47m;[0;1;36;96;46mt[0;36;5;46;106mttttttt[0;1;36;96;46mttttt;;;;;;::::.[0;1;30;90;47m8[0;33;5;43;103m%;%[0;37;43mX[0;1;30;90;47m8[0;36;5;40;100m [0;33;5;43;103m@;@@tt[0;1;33;93;43mX[0;1;30;90;46m8[0;1;36;96;46m.[0;1;34;94;46m8888888[0;1;30;90;43m@[0;33;5;43;103m%[0;1;33;93;43m8[0;1;34;94;46m8[0;34;46m8[0m
[0;34;46m8[0;1;36;96;46m.[0;1;30;90;46m8[0;33;5;43;103mt;[0;37;43m8[0;1;36;96;46m.:::;;[0;1;30;90;47mS[0;33;5;43;103mt:8[0;1;30;90;47mS[0;33;47m8[0;33;5;43;103m::[0;1;30;90;47mX[0;36;5;46;106mttt[0;1;36;96;46mt[0;1;30;90;47mX[0;37;5;43;103mX%@[0;37;46m8[0;36;5;46;106mttttttttt[0;1;36;96;46mtttt;;;;;;:[0;1;30;90;46m8[0;1;33;93;43m8[0;33;5;43;103m;S[0;37;5;40;100m@[0;1;36;96;46m....[0;36;5;40;100m:[0;33;5;43;103mt;[0;1;30;90;43m8[0;36;5;40;100mt[0;1;33;93;43m8[0;33;5;43;103mt%[0;36;5;40;100m.[0;1;34;94;46m888888[0;1;30;90;43m8[0;33;5;43;103m%%[0;36;5;40;100m;[0;1;34;94;46m8[0;34;46m8[0m
[0;34;46m8[0;1;36;96;46m.:[0;36;5;40;100m.[0;33;5;43;103m%;@[0;1;30;90;47m8[0;1;30;90;46m8[0;1;36;96;46m;;[0;1;30;90;46m8[0;33;5;43;103mt:[0;37;43mX[0;1;30;90;47m8[0;33;5;43;103m@:;[0;1;30;90;47mX[0;36;5;46;106mttt;;;[0;37;46m@[0;37;5;43;103m8S8[0;1;36;96;46m%[0;36;5;46;106m;;;;;ttttt[0;1;36;96;46mttt;;;;;:[0;33;5;43;103m8;@[0;1;30;90;46m8[0;1;36;96;46m:::...[0;36;5;40;100m:[0;33;5;43;103mSt8[0;37;5;40;100mS[0;1;30;90;43m8[0;33;5;43;103mt%[0;1;30;90;46m8[0;1;34;94;46m88[0;1;30;90;46mt[0;36;5;40;100m [0;1;33;93;43m8[0;33;5;43;103m%X[0;36;5;40;100m.[0;1;34;94;46m88[0;34;46m8[0m
[0;34;46m8[0;1;36;96;46m:::[0;1;30;90;46m8[0;33;47m8[0;33;5;43;103m%;;@[0;33;47m8[0;1;33;93;43m8[0;33;5;43;103m:tt:;[0;33;47m8[0;37;46m@[0;36;5;46;106mtt;;;;;;[0;36;47m8[0;37;5;43;103mSS[0;1;30;90;47mS[0;36;5;46;106m;;;;;;;ttttt[0;1;36;96;46mtt;;;;[0;37;5;40;100m8[0;33;5;43;103m;;[0;36;5;40;100m.[0;1;36;96;46m:::::...[0;1;30;90;46mX[0;1;30;90;43m8[0;33;5;43;103m%tSXt[0;1;33;93;43mX[0;37;43mX[0;1;33;93;43m8[0;33;5;43;103m%%S[0;1;30;90;43m8[0;1;30;90;46mS[0;1;34;94;46m888[0;34;46m8[0m
[0;34;46m8[0;1;36;96;46m::::::[0;1;30;90;47mSS[0;33;47m8[0;33;5;43;103m8@:8[0;1;30;90;47mt%[0;37;46mX[0;36;5;46;106mtt;;;;;;;[0;36;47m8[0;1;30;90;47m%[0;37;5;43;103mXX[0;1;33;93;47mX[0;1;30;90;47m:%[0;36;47m@[0;1;36;96;46m%[0;36;5;46;106m;;;;;tttt[0;1;36;96;46mt;[0;36;47m8[0;1;30;90;47m8X[0;37;43mX[0;33;5;43;103m;;[0;36;5;40;100m [0;1;30;90;46m8[0;1;36;96;46m::::.....[0;1;30;90;46m%[0;36;5;40;100m.[0;37;5;40;100m8[0;1;33;93;43mX[0;33;5;43;103mt[0;1;33;93;43m88[0;37;43mS[0;1;30;90;43m8[0;36;5;40;100m:[0;1;30;90;46mt[0;1;34;94;46m88888[0;34;46m8[0m
[0;34;46m8[0;1;36;96;46m::::::;;;;[0;33;47m8[0;33;5;43;103m:X[0;1;36;96;46mt[0;36;5;46;106mttt;;;;;[0;36;47m8[0;1;30;90;47m;[0;37;5;43;103m8X@XX@XXXX[0;33;47m@[0;36;47m@[0;36;5;46;106m;;;;tt[0;36;47m8[0;33;47m8[0;33;5;43;103mt::t[0;1;33;93;43m8[0;33;5;43;103m;;@;X[0;1;30;90;47m8[0;1;30;90;46m8[0;1;36;96;46m::.......[0;1;33;93;43m@[0;33;5;43;103mt[0;1;33;93;43mX[0;1;36;96;46m.[0;1;34;94;46m888888888[0;34;46m8[0m
[0;34;46m8[0;1;36;96;46m:::::;;;;;[0;36;47m8[0;33;5;43;103m::[0;1;30;90;47m8[0;36;5;46;106mtt;;;;;[0;1;30;90;47m;[0;37;5;43;103m@X@[0;1;30;90;47m:[0;37;5;43;103m8X8[0;36;47m8[0;37;5;46;106m@[0;36;47m8[0;1;30;90;47m;[0;1;33;93;47m8[0;37;5;43;103mXX[0;33;47m@[0;1;36;96;46m%[0;36;5;46;106m;;[0;1;36;96;46mt[0;33;47m@[0;33;5;43;103m::[0;37;5;43;103m@[0;1;30;90;47m@[0;37;46mX[0;1;36;96;46m;[0;1;30;90;46m8[0;33;5;43;103mS;@[0;1;30;90;47m8[0;33;5;43;103mX;%[0;37;5;40;100m@[0;1;36;96;46m:......[0;37;5;40;100m%[0;33;5;43;103mtt[0;36;5;40;100m:[0;1;36;96;46m.[0;1;34;94;46m888888888[0;34;46m8[0m
[0;34;46m8[0;1;36;96;46m:::::;;;;;t[0;1;30;90;47m@[0;33;5;43;103m::[0;33;47m@[0;37;46m@[0;36;5;46;106m;;;;[0;1;30;90;47m%[0;37;5;43;103mXX[0;1;30;90;47m [0;36;47m@[0;1;33;93;47m@[0;37;5;43;103mX@[0;1;30;90;47m [0;37;5;46;106m@@@@@[0;1;30;90;47m.[0;37;5;43;103m@X[0;1;33;93;47m8[0;1;36;96;46m%[0;36;5;46;106m%[0;33;47m8[0;37;5;43;103m%[0;33;5;43;103mt[0;1;30;90;47m%[0;1;36;96;46mttt;;[0;1;30;90;46m8[0;33;5;43;103m%;[0;1;33;93;43m8[0;1;30;90;46m8[0;1;30;90;47m@[0;33;5;43;103m;;[0;37;5;40;100mX[0;1;36;96;46m....[0;1;30;90;46m%[0;1;30;90;43m8[0;33;5;43;103mtt[0;1;30;90;43m8[0;1;34;94;46m8[0;1;36;96;46m..[0;1;34;94;46m88888888[0;34;46m8[0m
[0;34;46m8[0;1;36;96;46m:::::;;;;;tt[0;1;30;90;47m%[0;33;5;43;103m%[0;37;5;43;103m%S[0;33;47m8[0;1;30;90;47m%[0;36;47m@8[0;37;5;43;103mXX@[0;1;33;93;47m8[0;37;5;43;103mXX[0;1;33;93;47m8[0;36;47m@[0;37;5;46;106m888@@@@[0;36;47m8[0;37;5;43;103mXX[0;1;30;90;47mS8[0;37;5;43;103mSS[0;36;47m8[0;36;5;46;106mtt[0;1;36;96;46mtt;;;[0;1;30;90;46m8[0;37;43mX[0;33;5;43;103m;;[0;1;33;93;43m8@[0;33;5;43;103m;t[0;1;30;90;46m88[0;37;5;40;100m8[0;37;43m8[0;33;5;43;103m%tX[0;36;5;40;100m [0;1;34;94;46m8[0;1;36;96;46m...[0;1;34;94;46m88888888[0;34;46m8[0m
[0;34;46m8[0;1;36;96;46m:::::;;;;;tt[0;36;5;46;106mt[0;1;36;96;46mt[0;1;30;90;47mS[0;1;33;93;47mX[0;37;5;43;103mSSSXXX@@[0;1;33;93;47mX[0;1;30;90;47m [0;37;5;46;106m88888@@@@@[0;33;47m8[0;37;5;43;103mX@@[0;33;5;43;103mt8[0;1;36;96;46mt[0;36;5;46;106mtt[0;1;36;96;46mtt;;;;:[0;1;30;90;46m8[0;33;47m8[0;33;5;43;103mS@;;@;;t[0;1;33;93;43m@[0;37;5;40;100m@[0;1;34;94;46m8[0;1;36;96;46m.....[0;1;34;94;46m88888888[0;34;46m8[0m
[0;34;46m8[0;1;36;96;46m:::::;;;;;tt[0;36;5;46;106mttt;[0;1;36;96;46m%[0;36;47m8[0;1;30;90;47m [0;33;47m@[0;37;5;43;103mXX[0;36;47m8[0;37;5;46;106m@@@88888@[0;36;47m8[0;1;30;90;47m%[0;1;33;93;47m8[0;37;5;43;103mXXXSSSS[0;33;5;43;103m:[0;37;5;43;103m8[0;1;30;90;47m@[0;37;46mX[0;1;36;96;46mt;;;;;::.[0;1;30;90;46m8[0;33;5;43;103mt;[0;1;30;90;43m8[0;1;30;90;46m88[0;1;34;94;46m8[0;1;36;96;46m........[0;1;34;94;46m88888888[0;34;46m8[0m
[0;34;46m8[0;1;36;96;46m:::::;;;;;tt[0;36;5;46;106mtttt;;;[0;36;47m8[0;37;5;43;103mXX[0;1;30;90;47mS[0;37;5;46;106m@@@@@@@[0;1;36;96;47m8[0;1;30;90;47m.[0;37;5;43;103m@XX8XX[0;33;47m88[0;33;5;43;103mttX::;[0;33;47m8[0;1;36;96;46m;;;;;:::[0;37;5;40;100m8[0;33;5;43;103m;;[0;1;30;90;46m8[0;1;36;96;46m...........[0;1;34;94;46m88888888[0;34;46m8[0m
[0;34;46m8[0;1;36;96;46m:::::;;;;;ttt[0;36;5;46;106mttt;;;;[0;33;47m@[0;37;5;43;103mXX[0;1;30;90;47m:[0;37;5;46;106mX@@@@[0;36;47m8[0;37;5;43;103m8XX[0;33;47mX[0;36;47m8[0;1;33;93;47m8[0;37;5;43;103mXX[0;37;46m8@[0;37;5;43;103m@%@[0;36;47m8[0;33;47m8[0;33;5;43;103m::@[0;37;46mS[0;1;36;96;46m;;:::[0;1;30;90;46m8[0;33;5;43;103m%;[0;37;43m@[0;1;36;96;46m...........[0;1;34;94;46m888888888[0;34;46m8[0m
[0;36;44m8[0;1;36;96;46m::::::;;;;;tt[0;36;5;46;106mtttt;;;%[0;33;47mX[0;37;5;43;103mXX[0;1;33;93;47mX[0;36;47mX[0;36;5;46;106mt[0;37;5;46;106mX@[0;37;5;43;103m8XX[0;1;30;90;47mSt[0;37;5;43;103mXS@[0;36;47m8[0;36;5;46;106m;;[0;37;46m8[0;37;5;43;103m@[0;33;5;43;103m:t[0;1;30;90;47mX[0;37;5;40;100m8[0;33;5;43;103m;:8[0;1;36;96;46m:;:[0;1;30;90;46m8[0;37;43m8[0;33;5;43;103m;;[0;37;43m@[0;1;36;96;46m............[0;1;34;94;46m888888888[0;36;44m8[0m
[0;1;30;90;44m8[0;1;36;96;46m:::::::;;;;;tt[0;36;5;46;106mtttt;;;;[0;36;47m@[0;1;33;93;47m8[0;37;5;43;103mXXX[0;1;33;93;47m8@[0;37;5;43;103mXXXXSX[0;1;30;90;47mS[0;1;36;96;46m%[0;36;5;46;106m;ttt[0;1;36;96;46mt[0;1;30;90;47m8[0;33;5;43;103mS::%SS[0;37;43mX[0;1;33;93;43m8[0;33;5;43;103m%;;[0;1;33;93;43m8[0;36;5;40;100m.[0;1;36;96;46m.............[0;1;34;94;46m888888888[0;36;44m@[0m
[0;34;40m@[0;1;36;96;46m:::::::;;;;;;ttt[0;36;5;46;106mtttt;;;;[0;36;47m8[0;1;30;90;47mS[0;33;47m@[0;1;33;93;47m8[0;37;5;43;103m@X8[0;1;33;93;47mX[0;1;30;90;47mt[0;36;47m8[0;36;5;46;106m%;;tttt[0;1;36;96;46mtt;[0;36;47m8[0;1;30;90;47m8[0;33;47m8[0;33;5;43;103m8@@[0;1;33;93;43m8[0;33;47m8[0;1;30;90;47m8[0;1;30;90;46m8[0;1;36;96;46m:::...........[0;1;34;94;46m8888888888[0;34;40m8[0m
 [0;1;36;96;46m.:::::::;;;;;;ttt[0;36;5;46;106mtttttt[0;1;36;96;46m%[0;36;47m@[0;1;30;90;47m;[0;1;33;93;47m@[0;37;5;43;103mXSSS8[0;33;47m8[0;1;30;90;47mS[0;37;46m@[0;36;5;46;106mttttt[0;1;36;96;46mttt[0;37;46mS[0;1;30;90;47m@[0;33;47m8[0;33;5;43;103m8%ttX[0;1;33;93;43m8[0;33;47m8[0;1;30;90;46m8[0;1;36;96;46m.:............[0;1;34;94;46m8888888888[0m 
 [0;34;46mt[0;1;36;96;46m.:::::::;;;;;;;ttt[0;36;5;46;106mtt[0;1;36;96;46mt[0;1;30;90;47m8[0;37;5;43;103mX%%8[0;33;47m@8[0;33;5;43;103mtt%t.:[0;33;47m8[0;37;46m@[0;1;36;96;46mtttt[0;37;46mS[0;33;47m8[0;33;5;43;103m;:tSSS[0;37;43m8[0;33;47m8[0;1;33;93;43m8[0;33;5;43;103mt;X[0;37;5;40;100mX[0;1;36;96;46m...........[0;1;34;94;46m8888888888[0;34;46mt[0m 
 [0;36;44m8[0;1;36;96;46m.:::::::::;;;;;;;tt;[0;33;47m8[0;33;5;43;103m:;[0;1;30;90;47m%[0;37;46m@[0;36;5;46;106mtt[0;1;36;96;46mt[0;33;47m8[0;33;5;43;103m::[0;1;30;90;47mXX[0;33;5;43;103mX:t[0;36;47m8[0;1;36;96;46mt;[0;37;46m8[0;33;5;43;103mS:X[0;1;30;90;47m8[0;37;5;40;100m@[0;33;5;43;103m;;[0;37;43mX[0;1;36;96;46m.::[0;1;30;90;46m@[0;1;30;90;47m8[0;33;5;43;103mt;[0;1;33;93;43m8[0;1;30;90;46mS[0;1;36;96;46m........[0;1;34;94;46m88888888888[0;34;46m8[0m 
  [0;1;36;96;46m...::::::::;;;;;;;;[0;33;47m8[0;33;5;43;103m:%[0;37;46m8[0;1;36;96;46mttttt;[0;33;47m8[0;33;5;43;103m::[0;33;47m8[0;1;30;90;47mS[0;37;43m8[0;33;5;43;103m:t[0;37;46m@[0;1;30;90;46m8[0;33;5;43;103m%;[0;37;43mX[0;36;5;40;100m [0;37;43m@[0;33;5;43;103m;;[0;37;43mX[0;1;30;90;46mX[0;1;36;96;46m::::.[0;1;30;90;46m8[0;33;5;43;103mX;[0;1;33;93;43m@[0;1;34;94;46m8[0;1;36;96;46m.......[0;1;34;94;46m88888888888[0;34;40mS[0m 
  [0;34;46mX[0;1;36;96;46m...:::::::::;;;;;[0;1;30;90;46m8[0;33;5;43;103m::[0;1;30;90;47m8[0;1;36;96;46m;;;;;t;;[0;1;30;90;47m8[0;33;5;43;103mS::%SS[0;37;43m@@[0;33;5;43;103mSSS;;S[0;37;5;40;100mX[0;1;36;96;46m.::::...[0;36;5;40;100m;[0;33;5;43;103m;;[0;36;5;40;100m;[0;1;36;96;46m......[0;1;34;94;46m88888888888[0;34;46mS[0m  
  [0;34;40mS[0;1;36;96;46m....::::::::::[0;1;30;90;46m8[0;36;47m8[0;1;30;90;47m8[0;37;43m@[0;33;5;43;103m;;[0;36;5;40;100m:[0;1;36;96;46m:;;;;;;;;:[0;1;30;90;47mX[0;33;47m8[0;33;5;43;103mX;;;;;;X[0;37;43m8[0;1;30;90;47m8[0;1;36;96;46m.:::::...[0;1;30;90;46m%8[0;33;5;43;103m%t[0;1;30;90;43m8[0;37;5;40;100m@[0;1;30;90;46m8@[0;1;34;94;46m8[0;1;36;96;46m.[0;1;34;94;46m888888888888[0;34;40m@[0m  
   [0;34;46m@[0;1;36;96;46m.....:::::[0;1;30;90;46m8[0;1;30;90;47m8[0;33;5;43;103m8;;;@;;@;[0;1;33;93;43m8[0;1;30;90;47m8[0;1;36;96;46m:;;;;;;;;:[0;37;43mS[0;33;5;43;103mS[0;1;33;93;43m@X[0;33;5;43;103mS[0;1;33;93;43m@[0;1;36;96;46m.::::::...[0;37;5;40;100m8[0;1;33;93;43m8[0;33;5;43;103mt8tt[0;1;33;93;43m8[0;33;5;43;103mttt8[0;33;5;40;100m [0;1;30;90;46m@[0;1;34;94;46m8888888888[0;34;46m@[0m   
    [0;1;34;94;46m8[0;1;36;96;46m......:.[0;37;5;40;100m@[0;33;5;43;103mt;X[0;1;30;90;47m8[0;1;30;90;46m88@[0;33;5;43;103mS;8[0;37;43m8[0;33;5;43;103mt;X[0;1;30;90;46m8[0;1;36;96;46m:::::::[0;36;5;40;100m:[0;33;5;43;103m;;[0;37;5;40;100m@8[0;33;5;43;103m;;[0;36;5;40;100m [0;1;36;96;46m::::...[0;1;30;90;46m8[0;33;5;43;103m8;%[0;1;30;90;43m8[0;1;33;93;43m@[0;33;5;43;103mt%[0;1;30;90;46mXS8[0;37;5;40;100m@[0;33;5;43;103m8t%[0;33;5;40;100m.[0;1;34;94;46m888888888[0m    
    [0;34;40m8[0;1;36;96;46m.......[0;1;30;90;43m8[0;33;5;43;103m;t[0;37;5;40;100m@[0;1;36;96;46m.::::[0;36;5;40;100m:[0;33;5;43;103mt;[0;37;43m@[0;1;30;90;46m8[0;37;43m8[0;33;5;43;103m;;[0;37;5;40;100m8[0;1;36;96;46m:::::[0;37;5;40;100m@[0;33;5;43;103m%;[0;37;43m@[0;1;36;96;46m..[0;37;43m8[0;33;5;43;103m;t[0;37;5;40;100mS[0;1;36;96;46m.....[0;36;5;40;100m:[0;33;5;43;103mt;[0;37;43mX[0;1;30;90;46m8[0;1;30;90;43m8[0;33;5;43;103mtt[0;36;5;40;100m [0;1;36;96;46m..[0;1;34;94;46m888[0;37;5;40;100m%[0;33;5;43;103mS%[0;1;30;90;43m8[0;1;34;94;46m8888888[0;34;40m8[0m    
     [0;36;44m8[0;1;36;96;46m.....[0;36;5;40;100m.[0;33;5;43;103m;;[0;36;5;40;100m [0;1;36;96;46m.::::::[0;1;30;90;46m8[0;33;5;43;103m8;t[0;37;43m8[0;1;33;93;43m8[0;33;5;43;103m;%[0;1;30;90;46m888[0;1;30;90;47m8[0;33;5;43;103m@;t[0;37;5;40;100m8[0;1;36;96;46m.::.[0;37;5;40;100mX[0;33;5;43;103m%;@[0;1;30;90;47m8[0;1;30;90;46m8@8[0;33;5;43;103m%t[0;1;33;93;43m8[0;1;30;90;43m8[0;33;5;43;103m%t8[0;1;30;90;46m8[0;1;36;96;46m..[0;1;34;94;46m88888[0;36;5;40;100m%[0;33;5;43;103m%%[0;36;5;40;100m [0;1;34;94;46m88888[0;36;44m8[0m     
      [0;34;46m8[0;1;36;96;46m....[0;1;30;90;43m8[0;33;5;43;103m;[0;1;33;93;43m8[0;1;36;96;46m.......::.[0;37;5;40;100m8[0;1;33;93;43m8[0;33;5;43;103mt@;;@;;;@[0;1;30;90;47m8[0;1;30;90;46m8[0;1;36;96;46m:.....[0;1;30;90;46mX[0;37;5;40;100m8[0;33;5;43;103m@;;;8tt8t[0;1;33;93;43m@[0;37;5;40;100m@[0;1;34;94;46m8[0;1;36;96;46m.[0;1;34;94;46m88888888[0;1;30;90;43mX[0;33;5;43;103m%[0;1;33;93;43mS[0;1;34;94;46m8888[0;34;46m8[0m      
       [0;36;5;40;100m8[0;37;43m@[0;1;33;93;43m8[0;33;5;43;103mX[0;1;33;93;43m8[0;33;5;43;103m;[0;1;33;93;43m@[0;37;43m@[0;37;5;40;100mX[0;1;30;90;46m8[0;1;36;96;46m.........[0;1;30;90;46m%8[0;33;5;43;103mt;[0;1;30;90;43m8[0;37;5;40;100m@[0;36;5;40;100m.[0;1;30;90;46m8[0;1;36;96;46m............[0;1;30;90;46m@8[0;37;5;40;100m@[0;1;30;90;43m8[0;33;5;43;103mtt[0;36;5;40;100m%[0;1;30;90;46m%[0;1;36;96;46m..[0;1;34;94;46m8888888[0;1;30;90;46m@[0;37;5;40;100m%[0;1;30;90;43m8[0;1;33;93;43mS[0;33;5;43;103m%[0;1;33;93;43mX8@[0;1;30;90;43m8[0;36;5;40;100m8[0m       
        [0;1;30;90;43m:[0;37;43mX8[0;1;30;90;43m8[0;33;5;43;103mtS@tt[0;1;33;93;43m@[0;1;30;90;46m8[0;1;36;96;46m........[0;36;5;40;100m;[0;33;5;43;103m;;[0;36;5;40;100m:[0;1;36;96;46m..................[0;36;5;40;100mt[0;33;5;43;103mtt[0;36;5;40;100m [0;1;36;96;46m.[0;1;34;94;46m8888888[0;1;30;90;46m8[0;1;30;90;43m8[0;33;5;43;103m%%[0;1;33;93;43m@[0;33;5;43;103m@S[0;1;30;90;43mX88.[0m        
         [0;36;44m8[0;1;36;96;46m.[0;1;30;90;46mX[0;33;5;43;103mXt[0;1;33;93;43m@[0;36;5;40;100mt[0;37;43mS[0;33;5;43;103mtt[0;33;5;40;100m [0;1;36;96;46m......[0;1;30;90;46m8[0;33;5;43;103mX;[0;1;33;93;43m@[0;1;34;94;46m8[0;1;36;96;46m..................[0;1;34;94;46m8[0;1;30;90;43m8[0;33;5;43;103mtX[0;1;30;90;46m8[0;1;34;94;46m888888[0;33;5;40;100m [0;33;5;43;103mS%[0;1;30;90;43m8[0;36;5;40;100m%[0;1;30;90;43m@[0;33;5;43;103mSX[0;1;30;90;46mX[0;1;34;94;46m8[0;36;44m8[0m         
          [0;30;44m8[0;1;34;94;46m8[0;1;30;90;46m8[0;33;5;43;103m@t@[0;37;5;40;100mX[0;33;5;40;100m:[0;33;5;43;103mtt[0;37;5;40;100mt[0;1;36;96;46m...[0;1;30;90;46m@[0;37;5;40;100m8[0;33;5;43;103m%t[0;1;33;93;43m@[0;1;30;90;46mS[0;1;36;96;46m...................[0;1;34;94;46m8[0;1;30;90;46mt[0;1;30;90;43m8[0;33;5;43;103mtS[0;33;5;40;100m.[0;1;30;90;46mX[0;1;34;94;46m888[0;36;5;40;100m [0;33;5;43;103m%%[0;1;30;90;43m8[0;36;5;40;100m.[0;1;33;93;43m8[0;33;5;43;103mS8[0;1;30;90;46m8[0;1;34;94;46m8[0;30;44m8[0m          
            [0;34;46m%[0;1;30;90;46m%[0;1;30;90;43m8[0;33;5;43;103mSt%[0;1;33;93;43m8[0;33;5;43;103mtS[0;33;5;40;100m [0;37;43m8[0;1;33;93;43m8[0;33;5;43;103mtt@[0;37;5;40;100mS[0;1;34;94;46m8[0;1;36;96;46m.................[0;1;34;94;46m888888[0;36;5;40;100m [0;1;33;93;43m8[0;33;5;43;103m%%[0;1;33;93;43m@[0;1;30;90;43m8[0;33;5;40;100m.[0;33;5;43;103m@%[0;1;33;93;43m@[0;33;5;43;103mXSX[0;1;30;90;43m8[0;1;30;90;46m%[0;34;46m%[0m            
             [0;34;46m8[0;1;34;94;46m8[0;1;30;90;46mt[0;36;5;40;100m.[0;1;30;90;43m8[0;1;33;93;43mS[0;33;5;43;103mtt[0;1;33;93;43m@[0;33;5;43;103m@[0;1;33;93;43m@[0;33;5;40;100m.[0;1;30;90;46m8[0;1;34;94;46m8[0;1;36;96;46m..............[0;1;34;94;46m8888888888888[0;1;30;90;46m8[0;33;5;40;100m:[0;1;33;93;43mX[0;33;5;43;103m8[0;1;33;93;43mX[0;33;5;43;103m%S[0;1;33;93;43m%[0;1;30;90;43m8[0;36;5;40;100m.[0;1;30;90;46m;[0;1;34;94;46m8[0;34;46m8[0m             
              [0;34;40mX[0;34;46m%[0;1;34;94;46m88[0;37;5;40;100mt[0;33;5;43;103mtt[0;1;30;90;46m8[0;1;34;94;46m8888[0;1;36;96;46m.......[0;1;34;94;46m8888888888888888888888888[0;1;30;90;46mS[0;33;5;43;103mSS[0;33;5;40;100m:[0;1;34;94;46m88[0;34;46m%[0;34;40mX[0m              
                [0;1;30;90;44m8[0;1;30;90;46m%[0;33;5;43;103m8%[0;1;33;93;43m@[0;1;34;94;46m88888888888888888888888888888888888888[0;1;30;90;43m@[0;33;5;43;103mS[0;1;33;93;43m8[0;1;30;90;46mS[0;36;44m@[0m                
                  [0;1;30;90;43m.[0;1;33;93;43m8[0;1;30;90;46mX[0;1;34;94;46m88888888888888888888888888888888888888[0;1;30;90;46mS[0;1;33;93;43m@[0;1;30;90;43m [0m                  
                    [0;34;46m8[0;1;34;94;46m88888888888888888888888888888888888888[0;34;46m8[0m                    
                      [0;36;44m8[0;1;34;94;46m8888888888888888888888888888888888[0;34;46m8[0m                      
                        [0;36;44m8[0;34;46mt[0;1;34;94;46m8888888888888888888888888888[0;34;46mt[0;36;44m8[0m                        
                          [0;34;40m8[0;34;46m@[0;1;34;94;46m888888888888888888888888[0;34;46mX[0;34;40m8[0m                          
                             [0;36;44m8[0;34;46mS[0;1;34;94;46m888888888888888888[0;34;46mS[0;36;44m8[0m                             
                                [0;36;44m8[0;34;46m%[0;1;34;94;46m888888888888[0;34;46m%[0;36;44m8[0m                                
                                   [0;36;44m@[0;34;46mX[0;1;34;94;46m888888[0;34;46mX[0;36;44m8[0m                                   
                                      [0;34;40m8[0;36;44m88[0;34;40m8[0m                                      
