[0;36;5;40;100m [0;1;30;90;47m....      [0;1;37;97;47m                                     [0;1;30;90;47m      .........:::::::::;;;;;;;[0;36;5;40;100m [0m
[0;37;5;40;100m@[0;37;5;47;107m%%%%%%ttttttttttttttttttttttttttttttttttttttttttttt%%%%%%%%SSSSSSSXXXX@@@@@@@@[0;37;5;40;100m8[0m
[0;37;5;40;100m@[0;37;5;47;107m%%%%ttttttttttttttttttttttttttttttttttttttttttttttttt%%%%%%%SSSSSSSXXXX@@@@@@@[0;37;5;40;100m8[0m
[0;37;5;40;100m@[0;37;5;47;107m%%ttttttttttttttttttt;;;;;;;;;;;;;;ttttttttttttttttttt%%%%%%%%SSSSSSXXXX@@@@@@[0;37;5;40;100m8[0m
[0;37;5;40;100m@[0;37;5;47;107m%tttttttttttttttt;;;;;;;;;;;t[0;1;37;97;47m%[0;37;5;47;107m@;tX8X8[0;1;30;90;47m:t;[0;1;37;97;47m:[0;37;5;47;107m8tttttttttttttt%%%%%%%SSSSSSXXXX@@@@@[0;37;5;40;100m8[0m
[0;37;5;40;100m@[0;37;5;47;107mtttttttttttttt;;;;;;;;;;;;%[0;1;30;90;47mX[0;32;5;40;100m8[0;1;30;90;42m8[0;36;5;40;100m [0;32;5;40;100m@[0;1;30;90;42m@XXX@8@SSS[0;32;5;40;100m8[0;1;30;90;47m8[0;1;37;97;47mt[0;37;5;47;107mtt%88Xtttttt%%%%%%%SSSSSSXXXX@@@@[0;37;5;40;100m8[0m
[0;37;5;40;100m8[0;37;5;47;107mtttttttttttt;;;;;;;;;;;;%8[0;36;5;40;100m%[0;1;30;90;42m@@@@@@@@XXXXXXSSS%[0;32;5;40;100m88[0;1;30;90;42m%tttX[0;36;5;40;100m [0;1;37;97;47m.8[0;37;5;47;107m%tt%%%%%%%SSSSSXXXXX@@@[0;37;5;40;100m8[0m
[0;37;5;40;100m8[0;37;5;47;107mtttttttttt;;;;;;;;;;::[0;1;37;97;47m.[0;36;5;40;100m:[0;1;30;90;47mt[0;32;5;40;100m@[0;1;30;90;42m88888888@@@@XXXXSSS%%%%t[0;30;42m%[0;1;30;90;42mtt;;X[0;37;5;40;100mt[0;1;37;97;47mS[0;37;5;47;107mt%%%%%%%SSSSSXXXX@@@[0;37;5;40;100m8[0m
[0;37;5;40;100m8[0;37;5;47;107mttttttttt;;;;;;;;::::[0;1;30;90;47m8[0;1;30;90;42m888888888888888@@@@XXXXSSS%%%ttt;;[0;30;42mt%[0;36;5;40;100m [0;1;37;97;47mX[0;37;5;47;107m%%%%%%SSSSSSXXXX@@[0;37;5;40;100m8[0m
[0;37;5;40;100m8[0;37;5;47;107mtttttttt;;;;;;;:::::[0;1;30;90;47m;[0;1;30;90;42m8888888888888888888@@@XXXSSS%%%tt;;;[0;30;42m;[0;1;30;90;42m8[0;37;5;40;100m%[0;37;5;47;107mX%%%%%%SSSSSXXXX@@[0;37;5;40;100m8[0m
[0;37;5;40;100m8[0;37;5;47;107mttttttt;;;;;;;::::[0;1;37;97;47m [0;36;5;40;100m.[0;1;30;90;42m88[0;32;5;40;100m8[0;1;30;90;42m8[0;32;5;40;100m8[0;1;30;90;42m8[0;32;5;40;100m8[0;1;30;90;42m888888[0;32;5;40;100m8[0;1;30;90;42m8888888@@@XXSSSS%%%tt;;[0;30;42m%%S[0;32;5;40;100m8[0;1;37;97;47m8[0;37;5;47;107m%%%%%SSSSSSXXXX@[0;37;5;40;100m8[0m
[0;37;5;40;100m8[0;37;5;47;107mtttttt;;;;;;::::[0;1;30;90;47m:[0;36;5;40;100mt[0;1;30;90;42m8[0;32;5;40;100m8[0;1;30;90;42m88[0;32;5;40;100m88@@@@@@@@[0;1;30;90;42m88888888888@@@XXSS%%%t[0;30;42mS[0;1;30;90;42mt;[0;30;42m%[0;1;30;90;42m;;[0;30;42mt[0;32;5;40;100m8[0;37;5;47;107m%%%%%%SSSSSXXXX@[0;37;5;40;100m8[0m
[0;37;5;40;100m8[0;37;5;47;107mttttt;;;;;;;::t[0;37;5;40;100m;[0;1;30;90;42m888[0;32;5;40;100m8[0;1;30;90;42m8[0;32;5;40;100m8@@@XXXXXXX@@@[0;1;30;90;42m8[0;32;5;40;100m8[0;1;30;90;42m8888888@@XXSSS%%%tt[0;30;42m%t[0;1;30;90;42m;;;[0;30;42mt[0;1;30;90;47m;[0;37;5;47;107m%%%%%SSSSSSXXX@[0;37;5;40;100m8[0m
[0;37;5;40;100m8[0;37;5;47;107mttttt;;;;;;:::[0;37;5;40;100mS[0;1;30;90;42m8888[0;32;5;40;100m8@@XXXSSSSSSXXX@@@8[0;1;30;90;42m8888888@@XXSS%%%ttt[0;30;42mX[0;1;30;90;42m;[0;30;42mt[0;1;30;90;42m:@[0;36;5;40;100m [0;37;5;47;107m%%%%%%SSSSSXXXX[0;37;5;40;100m8[0m
[0;37;5;40;100m8[0;37;5;47;107mtttt;;;;;;:::S[0;37;5;40;100mS[0;1;30;90;42m88[0;32;5;40;100m8[0;1;30;90;42m8[0;32;5;40;100m@@XXSSS[0;36;5;40;100m%%%%%[0;32;5;40;100mSSSXX@@88[0;1;30;90;42m88888@@@XXSS%%%ttt;[0;30;42mSSS[0;1;30;90;47m8[0;37;5;47;107m%%%%%%SSSSSXXXX[0;37;5;40;100m8[0m
[0;37;5;40;100m8[0;37;5;47;107mtttt;;;;;;:::[0;1;37;97;47m:[0;1;30;90;42m888[0;32;5;40;100m8@@XXSS[0;36;5;40;100m%%ttttt%%[0;32;5;40;100mSSXX@@8[0;1;30;90;42m888888@@XXSS%%%ttt;;[0;30;42m8tS[0;36;5;40;100m%[0;37;5;47;107m8%%%%SSSSSXXXX[0;37;5;40;100m8[0m
[0;37;5;40;100m8[0;37;5;47;107mtttt;;;;;;::t[0;32;5;40;100mS[0;1;30;90;42m88[0;32;5;40;100m8[0;1;30;90;42m8[0;32;5;40;100m@@XSS[0;36;5;40;100m%%tt;;;tt%[0;32;5;40;100m%SXX@@[0;1;30;90;42m8888888@@XXSSS%%ttt;;[0;30;42m%[0;1;30;90;42m;[0;30;42m%t[0;32;5;40;100m@[0;37;5;47;107mS%%%SSSSSXXXX[0;37;5;40;100m8[0m
[0;37;5;40;100m8[0;37;5;47;107mtttt;;;;;;::[0;1;37;97;47m.[0;32;5;40;100m8[0;1;30;90;42m8[0;32;5;40;100m8[0;1;30;90;42m88[0;32;5;40;100m@XXSS[0;36;5;40;100m%tt;;;;;t%%[0;32;5;40;100mSSX@[0;1;30;90;42m88[0;32;5;40;100m88[0;1;30;90;42m8888@@XXSSS%%[0;30;42mS[0;1;30;90;42mtt[0;30;42m@S[0;1;30;90;42m;;[0;30;42mtS[0;1;30;90;42mX[0;1;30;90;47m@[0;37;5;47;107m%%%SSSSSXXXX[0;37;5;40;100m8[0m
[0;37;5;40;100m8[0;37;5;47;107mtttt;;;;;;::[0;1;37;97;47mt[0;36;5;40;100m;[0;1;30;90;42m88[0;32;5;40;100m8[0;1;30;90;42m8[0;32;5;40;100m@@XSS[0;36;5;40;100m%%tt;;;tt%[0;32;5;40;100mSSXX@@8[0;1;30;90;42m888888@@XXSSS%%ttt[0;30;42mS%[0;1;30;90;42m;[0;30;42mS%%[0;1;30;90;42m@[0;1;37;97;47m;[0;37;5;47;107m%%%SSSSSXXXX[0;37;5;40;100m8[0m
[0;37;5;40;100m8[0;37;5;47;107mtttt;;;;;;::[0;1;30;90;47m8[0;1;30;90;42m88[0;32;5;40;100m88[0;1;30;90;42m8[0;32;5;40;100m@@XXSS%[0;36;5;40;100m%%ttt%%[0;32;5;40;100mSSSXX@8[0;1;30;90;42m888888@@XXXSS%%%ttt[0;30;42mS[0;1;30;90;42m;[0;30;42mt%S[0;1;30;90;42m:[0;30;42mt[0;32;5;40;100m%[0;37;5;47;107m%%%SSSSSXXXX[0;37;5;40;100m8[0m
[0;37;5;40;100m8[0;37;5;47;107mtttt;;;;;;:S[0;1;30;90;42m8888888[0;32;5;40;100m@@XXSSSS%%%SSSXXX@@88[0;1;30;90;42m888888@XXXSS%%%t[0;30;42m%S%%[0;1;30;90;42m;;[0;30;42mtS[0;1;30;90;42mt[0;30;42mt[0;1;37;97;47mX[0;37;5;47;107m%%SSSSSXXXX[0;37;5;40;100m8[0m
[0;37;5;40;100mX[0;37;5;47;107mttttt;;;;;;[0;1;37;97;47m;[0;1;30;90;47m8[0;32;5;40;100m@[0;1;30;90;42m8888[0;32;5;40;100m88@@@XXXXSSSXXXX@@8[0;1;30;90;42m8888888@@@XXSSS%%tt[0;30;42m%[0;1;30;90;42m;[0;30;42m%%[0;1;30;90;42m;;[0;30;42mtX[0;1;30;90;42m8[0;32;5;40;100mX[0;1;30;90;47mS[0;37;5;47;107m%SSSSSSXXXX[0;37;5;40;100mX[0m
[0;36;5;40;100m [0;37;5;47;107mttttt;;;;;;t[0;1;30;90;47m8[0;1;30;90;42m88888[0;32;5;40;100m8[0;1;30;90;42m8[0;32;5;40;100m88[0;1;30;90;42m8[0;32;5;40;100m@@@XXXX@@@@888[0;1;30;90;42m8888888@@XXXSS%%%t[0;30;42mS[0;1;30;90;42mt[0;30;42mt[0;1;30;90;42m;;[0;30;42mS[0;1;30;90;42m:[0;30;42mS%t[0;32;5;40;100m8[0;1;37;97;47mS[0;37;5;47;107m%SSSSSXXXX@[0;36;5;40;100m [0m
[0;30;5;40;100m@[0;37;5;47;107mtttttt;;;;;;[0;32;5;40;100m@[0;1;30;90;42m@8888888[0;32;5;40;100m88[0;1;30;90;42m8[0;32;5;40;100m8[0;1;30;90;42m8[0;32;5;40;100m@@@[0;1;30;90;42m8[0;32;5;40;100m@8[0;1;30;90;42m8888888888@@@XXXSS%%%tt[0;30;42m%S[0;1;30;90;42m;[0;30;42mS[0;1;30;90;42m;[0;30;42m%tSSt;[0;1;37;97;47m%[0;37;5;47;107m%SSSSSXXXX@[0;36;5;40;100m%[0m
 [0;37;5;47;107m%tttttt;;;;;[0;32;5;40;100m8X[0;1;30;90;42m@@888888888[0;32;5;40;100m88[0;1;30;90;42m8[0;32;5;40;100m8[0;1;30;90;42m888888888888@@@XXXSS%%%ttt;[0;30;42mS%@[0;1;30;90;42m::[0;30;42m;S%[0;1;30;90;42mX8[0;1;30;90;47mS[0;37;5;47;107mSSSSSSXXXX@[0m 
 [0;1;37;97;47m;[0;37;5;47;107mttttttt;;;;[0;1;30;90;47m8[0;1;30;90;42m@@@@[0;1;30;90;47m%[0;32;5;40;100m8[0;1;30;90;42m8888888[0;32;5;40;100m8[0;1;30;90;42m8[0;32;5;40;100m8[0;1;30;90;42m88888888888@@XXXXSS%%%t[0;30;42mS[0;1;30;90;42mtt;[0;30;42m@[0;1;30;90;42m;;:[0;30;42m;%;S;[0;36;5;40;100m [0;1;30;90;47m%[0;37;5;47;107mSSSSSXXXX@[0;1;37;97;47mt[0m 
 [0;37;5;40;100mS[0;37;5;47;107mtttttttt;;X[0;1;30;90;42m8[0;32;5;40;100mX[0;1;30;90;47m%8[0;1;30;90;42mX[0;37;5;47;107m8[0;1;30;90;47m.[0;1;30;90;42m@88[0;1;30;90;47m8[0;1;30;90;42m8[0;32;5;40;100m@[0;1;30;90;42m8[0;1;30;90;47m8[0;1;30;90;42m8[0;36;5;40;100m%[0;1;30;90;42m88[0;32;5;40;100mS[0;37;5;40;100m%[0;36;5;40;100mt[0;1;37;97;47m%[0;1;30;90;42m88[0;32;5;40;100m@[0;1;37;97;47mX[0;1;30;90;42m@[0;1;30;90;47m%[0;32;5;40;100m8[0;1;30;90;42m@SSS%%[0;30;42m@[0;1;30;90;42m%X[0;32;5;40;100m8[0;1;30;90;42mt[0;36;5;40;100m [0;1;30;90;42m;[0;1;37;97;47m.[0;1;30;90;47mX[0;1;30;90;42m%;S[0;30;42mS[0;1;30;90;42m:[0;30;42mS[0;1;30;90;42mttX[0;37;5;47;107mSSSSSSXXXX@[0;37;5;40;100m@[0m 
  [0;37;5;47;107m%ttttttttt[0;1;37;97;47m.[0;1;30;90;42mS[0;1;30;90;47m8[0;32;5;40;100m8[0;1;37;97;47m:[0;32;5;40;100mX[0;37;5;47;107m;[0;1;37;97;47mt[0;1;30;90;42m@[0;37;5;40;100mt@[0;1;30;90;47m%88[0;1;30;90;42m8[0;1;30;90;47mS[0;1;30;90;42m8[0;1;30;90;47mt[0;36;5;40;100m [0;1;30;90;42m8[0;36;5;40;100m [0;1;37;97;47m8:[0;37;5;47;107m8[0;1;30;90;42m@@[0;36;5;40;100m [0;1;37;97;47m [0;1;30;90;42mX[0;1;30;90;47m%8[0;1;30;90;42mX[0;32;5;40;100mX[0;1;30;90;42m8[0;1;30;90;47mX[0;1;30;90;42mS%[0;32;5;40;100mS@[0;1;30;90;47m8[0;37;5;40;100mS[0;1;30;90;42m;[0;1;30;90;47m8[0;32;5;40;100mX[0;1;30;90;47m%[0;32;5;40;100m8[0;36;5;40;100m [0;30;42mS[0;37;5;47;107m@[0;36;5;40;100m [0;1;30;90;42mS8[0;1;30;90;47m8[0;36;5;40;100m [0;30;42mS[0;37;5;47;107m@SSSSXXXX@@[0;1;30;90;40m8[0m 
  [0;1;30;90;47m;[0;37;5;47;107mttttttttt[0;1;30;90;47m;[0;1;30;90;42m8[0;1;30;90;47mt[0;1;30;90;42mS[0;1;37;97;47mS[0;1;30;90;47m:[0;37;5;47;107m;[0;1;37;97;47mt[0;1;30;90;42m@[0;1;37;97;47mS[0;37;5;40;100m@[0;36;5;40;100mt[0;1;30;90;47m@[0;37;5;47;107m%[0;32;5;40;100mS[0;1;30;90;47m%[0;1;30;90;42m@[0;1;30;90;47mX[0;32;5;40;100mX[0;1;30;90;47mt[0;1;30;90;42m@8[0;36;5;40;100m [0;1;30;90;47m;[0;32;5;40;100mX[0;1;30;90;42mX[0;1;30;90;47m%[0;1;37;97;47mX[0;1;30;90;42mS[0;32;5;40;100mS[0;1;30;90;42mS[0;1;37;97;47m 8[0;1;30;90;42m@[0;1;37;97;47m@[0;1;30;90;42mS[0;32;5;40;100mS[0;1;37;97;47m%[0;32;5;40;100m@[0;1;30;90;42m8[0;37;5;47;107mX[0;1;30;90;42mS[0;1;30;90;47m%[0;37;5;47;107m8[0;36;5;40;100m [0;30;42m%[0;1;37;97;47mS[0;1;30;90;42mX[0;37;5;47;107m%8[0;1;30;90;42mS[0;36;5;40;100m  [0;1;37;97;47m.[0;30;42mX[0;37;5;47;107mXSSSXXXX@@[0;1;30;90;47m.[0m  
  [0;1;30;90;40m8[0;37;5;47;107m%tttttttt[0;1;37;97;47m:.[0;1;30;90;47m8[0;1;30;90;42m%[0;1;37;97;47m [0;37;5;47;107m;;@[0;37;5;40;100m@[0;32;5;40;100m@[0;1;30;90;47m.[0;36;5;40;100m [0;1;30;90;42m8[0;37;5;47;107mS[0;1;37;97;47m8t[0;1;30;90;42mX[0;1;37;97;47m.[0;1;30;90;42mX[0;1;37;97;47m S8[0;1;30;90;47m8[0;1;30;90;42m8SS[0;1;30;90;47m8[0;37;5;47;107m%[0;32;5;40;100mX[0;1;30;90;42m%[0;36;5;40;100m [0;37;5;47;107mt%[0;37;5;40;100m%[0;1;30;90;42m8t[0;1;30;90;47m%[0;36;5;40;100m ;[0;1;30;90;42m;[0;1;37;97;47m8[0;37;5;40;100mS[0;1;37;97;47m%[0;37;5;47;107mt[0;32;5;40;100mS[0;1;30;90;42m%[0;37;5;47;107m%[0;1;37;97;47m.[0;37;5;47;107m%[0;1;30;90;47m@[0;30;42m;[0;1;30;90;47m88[0;1;30;90;42mS[0;1;30;90;47m@[0;37;5;47;107mSSSXXXXX@@[0;30;5;40;100m@[0m  
   [0;1;30;90;47mX[0;37;5;47;107mtttttttttt[0;1;30;90;47m:[0;1;30;90;42m%[0;1;37;97;47m.[0;37;5;47;107mtt;[0;36;5;40;100m [0;1;30;90;42mS[0;1;37;97;47m;[0;1;30;90;47mX[0;1;30;90;42mS[0;1;37;97;47mX[0;37;5;47;107m;%[0;37;5;40;100m%[0;37;5;47;107m8[0;1;30;90;42mS[0;36;5;40;100m [0;37;5;47;107m;;;X[0;36;5;40;100m%[0;1;30;90;42mS%[0;32;5;40;100m@[0;1;30;90;42m@%[0;36;5;40;100m;[0;37;5;40;100mt[0;1;30;90;42m@[0;36;5;40;100m:[0;1;37;97;47m [0;1;30;90;47m88[0;32;5;40;100m8[0;1;30;90;47m8[0;30;42mt[0;37;5;47;107mXXSt[0;32;5;40;100m@[0;36;5;40;100m [0;37;5;47;107m%%%[0;1;30;90;47m8[0;30;42mt[0;1;37;97;47m [0;1;30;90;47m;[0;30;42mt[0;36;5;40;100m.[0;37;5;47;107mSSXXXXX@@[0;1;30;90;47m%[0m   
    [0;37;5;47;107m8tttttttttX[0;1;30;90;42mX[0;1;37;97;47mX[0;37;5;47;107mttt[0;1;30;90;42mS8[0;1;30;90;47m8[0;1;37;97;47m;[0;1;30;90;42mX[0;1;37;97;47m@[0;37;5;47;107m;;t;[0;36;5;40;100m [0;1;30;90;42m8[0;37;5;47;107mt;;t[0;1;30;90;47m;[0;1;30;90;42m%%%ttt[0;36;5;40;100m;[0;1;37;97;47mS[0;37;5;47;107mttt[0;1;30;90;42m8[0;32;5;40;100m8[0;1;37;97;47m8[0;32;5;40;100mX[0;37;5;47;107mttt%[0;36;5;40;100m:[0;1;37;97;47m@[0;37;5;47;107m%%%[0;1;30;90;47m@[0;32;5;40;100mS[0;1;30;90;47m88[0;30;42m%[0;1;30;90;42mX[0;37;5;47;107mSSXXXX@@[0;1;37;97;47m8[0m    
    [0;36;5;40;100m%[0;37;5;47;107m%ttttttttt[0;1;30;90;47mt[0;37;5;47;107m%ttt[0;1;30;90;42mX[0;36;5;40;100m t[0;37;5;40;100mS[0;1;30;90;47m8[0;37;5;47;107m%tttt8[0;1;30;90;42m8[0;37;5;47;107mSttt[0;1;37;97;47mX[0;1;30;90;42mttttt[0;37;5;40;100m;[0;37;5;47;107mtttt[0;1;37;97;47m8[0;1;30;90;42m;[0;1;30;90;47m8[0;37;5;47;107mt[0;1;37;97;47m8[0;37;5;47;107mt%%%[0;1;37;97;47m8[0;37;5;47;107m%%%%[0;1;37;97;47mS.[0;1;30;90;42m8[0;36;5;40;100m ;[0;1;30;90;42m8[0;37;5;47;107mXXXXX@@@[0;36;5;40;100mt[0m    
     [0;36;5;40;100m [0;37;5;47;107m%ttttttttttttt[0;36;5;40;100m;[0;1;37;97;47mt[0;32;5;40;100mS[0;1;30;90;42m8[0;37;5;47;107mttttttt[0;1;37;97;47m%[0;37;5;47;107m%tttt[0;36;5;40;100m [0;1;30;90;42mt;;;[0;1;30;90;47mX[0;37;5;47;107mtttt[0;1;37;97;47m.[0;1;30;90;42m@[0;37;5;47;107m@t%%%%%%%%%SS[0;1;37;97;47m@[0;30;42mt[0;36;5;40;100m.[0;1;37;97;47m;[0;36;5;40;100m.[0;37;5;47;107mXXXX@@@[0;36;5;40;100m [0m     
      [0;1;30;90;47m8[0;37;5;47;107m%%%tttttttttt[0;1;37;97;47m8[0;37;5;47;107mt[0;37;5;40;100mS[0;1;30;90;42mt[0;37;5;47;107m8tttttttttttt[0;1;30;90;47m8[0;1;30;90;42m;;;;[0;1;30;90;47m8[0;37;5;47;107mtttt[0;1;37;97;47m::[0;37;5;47;107m%%%%%%%%%SSSS[0;1;37;97;47m [0;30;42mt[0;1;30;90;47m8[0;37;5;47;107mX8XXX@@@[0;1;30;90;47m@[0m      
       [0;1;30;90;47mX[0;37;5;47;107m%%%%tttttttttt[0;1;37;97;47m8[0;1;30;90;42m%[0;1;37;97;47mS[0;37;5;47;107mtttttttttttt[0;1;30;90;47m8[0;1;30;90;42m::::[0;37;5;40;100mS[0;37;5;47;107mttt%%%%%%%%%%SSSSSS[0;1;30;90;47m;[0;1;30;90;42m%[0;37;5;47;107m8XXXX@@@[0;1;30;90;47m%[0m       
        [0;1;30;90;47m8[0;37;5;47;107m%%%%%%%ttttttt[0;1;30;90;47m@[0;1;37;97;47m@[0;37;5;47;107mtttttttttttt[0;1;30;90;47mX[0;1;30;90;42m::::[0;37;5;40;100mt[0;37;5;47;107m%%%%%%%%%%%SSSSSSSS[0;1;37;97;47m.[0;1;30;90;47m%[0;37;5;47;107mXXX@@@@[0;1;30;90;47mX[0m        
         [0;37;5;40;100mX[0;37;5;47;107m%%%%%%%%%%%tttttttttttttttt[0;1;30;90;47m8[0;1;30;90;42m::::[0;36;5;40;100m;[0;37;5;47;107m%%%%%%%%%SSSSSSSSXXXXXX@@@@[0;37;5;40;100mX[0m         
          [0;36;5;40;100m;[0;37;5;47;107m8%%%%%%%%%%%%%%%%%%%%%%%%%[0;36;5;40;100m [0;1;30;90;42m::::[0;36;5;40;100m;[0;37;5;47;107m%%%%%%SSSSSSSSSXXXXXX@@@@[0;1;37;97;47m8[0;36;5;40;100m:[0m          
            [0;1;37;97;47m:[0;37;5;47;107mS%%%%%%%%%%%%%%%%%%%%%%%[0;36;5;40;100m.[0;1;30;90;42m::::[0;36;5;40;100mt[0;37;5;47;107m%%SSSSSSSSSSSXXXXXX@@@@@[0;1;37;97;47m;[0m            
             [0;37;5;40;100m@[0;37;5;47;107mXSSS%%%%%%%%%%%%%%%%%S[0;1;37;97;47m:[0;1;30;90;42mt::::%[0;1;37;97;47m8[0;37;5;47;107mSSSSSSSSSXXXXXXX@@@@@8[0;37;5;40;100m8[0m             
              [0;30;5;40;100m8[0;1;37;97;47m;[0;37;5;47;107mSSSSSSSSSSSS[0;1;37;97;47mX[0;1;30;90;47m.X8[0;36;5;40;100m.[0;32;5;40;100mS[0;1;30;90;42m8t:.:.:..;[0;36;5;40;100mt[0;1;30;90;47m8888[0;1;37;97;47m.%t[0;37;5;47;107mXXXXXX@@@@@@[0;1;37;97;47m:[0;30;5;40;100m8[0m              
                [0;36;5;40;100m [0;1;37;97;47m8[0;37;5;47;107mSSSSSSSSSSSS8[0;1;37;97;47m8[0;37;5;47;107m8[0;1;37;97;47m.[0;1;30;90;47m8[0;36;5;40;100m%[0;1;30;90;42m:[0;36;5;40;100m [0;1;30;90;42m%[0;30;42m:[0;36;5;40;100m [0;1;30;90;42m:[0;1;30;90;47m8[0;1;30;90;42mS[0;32;5;40;100mS[0;1;30;90;47m%;[0;1;37;97;47mXS::8[0;37;5;47;107mXXX@@@@@@@[0;1;37;97;47m8[0;36;5;40;100m [0m                
                  [0;37;5;40;100m8[0;37;5;47;107m@SSSSSSSSS[0;1;37;97;47mS[0;1;30;90;47m8[0;36;5;40;100m.%[0;37;5;40;100mSS[0;1;30;90;42mt[0;1;30;90;47m:[0;37;5;47;107mS[0;1;37;97;47mS[0;1;30;90;42m:[0;37;5;40;100mX[0;1;30;90;47m8[0;36;5;40;100m:[0;1;37;97;47m8[0;36;5;40;100m%[0;1;30;90;42m8[0;1;30;90;47m8[0;1;37;97;47m.@[0;37;5;47;107m@XX@@@@@@@@8[0;37;5;40;100m8[0m                  
                    [0;1;30;90;47m8[0;37;5;47;107m8XXXXXXXXXXX@[0;1;30;90;42m8[0;1;37;97;47m:[0;37;5;47;107mX[0;1;30;90;47m@[0;1;30;90;42mX[0;36;5;40;100mt[0;1;30;90;47m%[0;37;5;47;107m@[0;1;30;90;42m%[0;37;5;47;107mX8[0;1;30;90;42m8[0;1;30;90;47m%[0;1;37;97;47m;t[0;37;5;47;107m8@@@@@@@@8[0;1;30;90;47m8[0m                    
                      [0;37;5;40;100m@[0;1;37;97;47m8[0;37;5;47;107mXXXXXXXXX@[0;1;30;90;47m8[0;37;5;47;107mXX[0;1;30;90;47m88[0;37;5;47;107mXX[0;1;30;90;47m;8[0;37;5;47;107mX8[0;36;5;40;100m:[0;1;37;97;47mX[0;37;5;47;107m@@@@@@@@@[0;1;37;97;47m8[0;37;5;40;100m8[0m                      
                        [0;36;5;40;100m [0;1;37;97;47mS[0;37;5;47;107mXXXXXXXXXXX@[0;1;30;90;47m;[0;37;5;47;107m@@[0;1;30;90;47m:[0;37;5;47;107m@@@@@@@@@@@@[0;1;37;97;47mS[0;36;5;40;100m [0m                        
                          [0;30;5;40;100mS[0;1;30;90;47m%[0;37;5;47;107m8@@@@@@@@@@@@@@@@@@@@@@8[0;1;30;90;47m;[0;36;5;40;100mt[0m                          
                             [0;36;5;40;100m [0;1;37;97;47m.[0;37;5;47;107m@@@@@@@@@@@@@@@@@@[0;1;37;97;47m:[0;36;5;40;100m [0m                             
                                [0;36;5;40;100m [0;1;37;97;47m;[0;37;5;47;107m@@@@@@@@@@@@[0;1;37;97;47mt[0;37;5;40;100mX[0m                                
                                   [0;36;5;40;100m [0;1;30;90;47m;[0;37;5;47;107m8@@@@8[0;1;30;90;47m.[0;36;5;40;100m [0m                                   
                                      [0;30;5;40;100mS[0;37;5;40;100m@@[0;36;5;40;100m%[0m                                      
