[0;36;5;40;100m [0;1;30;90;47m....      [0;1;37;97;47m [0;1;30;90;47m.[0;36;5;40;100mt[0;1;34;94;44m::::::::::::::::::::::::::::::::::::................[0;1;30;90;44mS[0;1;30;90;47mX::::;;;;;;;[0;36;5;40;100m [0m
[0;37;5;40;100m@[0;37;5;47;107m%%%%%%ttttttt[0;1;37;97;47m [0;34;5;44;104m8888888888888888888888888888888888888[0;1;34;94;44m8888888888888[0;1;30;90;47m8[0;37;5;47;107m8XXXX@@@@@@@@[0;1;30;90;47m8[0m
[0;37;5;40;100m@[0;37;5;47;107m%%%%tttttttttt%[0;1;30;90;47m8[0;34;5;44;104m888888888888888888888888888888888888[0;1;34;94;44m8888888888[0;36;5;44;104m8[0;1;37;97;47m@[0;37;5;47;107mSSSXXXX@@@@@@@[0;1;30;90;47m8[0m
[0;37;5;40;100m@[0;37;5;47;107m%%tttttttttttttt8[0;1;30;90;47m8[0;34;5;44;104m888888888888888888888888888888888888[0;1;34;94;44m888888[0;34;5;44;104m8[0;1;37;97;47m [0;37;5;47;107mSSSSSSXXXX@@@@@@[0;1;30;90;47m8[0m
[0;37;5;40;100m@[0;37;5;47;107m%tttttttttttttttt;[0;1;37;97;47m:[0;34;5;44;104m@888888888888888888888888888888888888[0;1;34;94;44m88[0;34;5;44;104m8[0;1;30;90;47m8[0;37;5;47;107mX%%SSSSSSXXXX@@@@@[0;1;30;90;47m8[0m
[0;37;5;40;100m@[0;37;5;47;107mtttttttttttttt;;;;;t[0;1;37;97;47m [0;34;5;44;104m888888888888888888888888888888888888[0;37;5;40;100m.[0;37;5;47;107m8%%%%%SSSSSSXXXX@@@@[0;1;30;90;47m8[0m
[0;37;5;40;100m8[0;37;5;47;107mtttttttttttt;;;;;;;;;@[0;1;30;90;47m8[0;34;5;44;104m888888888888888888888888888888888[0;1;37;97;47m:[0;37;5;47;107mt%%%%%%%SSSSSXXXXX@@@[0;1;30;90;47m8[0m
[0;37;5;40;100m8[0;37;5;47;107mtttttttttt;;;;;;;;;;:::[0;1;37;97;47mX[0;36;5;44;104mX[0;34;5;44;104m@@@@@@@@@@8888888888888888888[0;1;30;90;47mX[0;37;5;47;107m%ttt%%%%%%%SSSSSXXXX@@@[0;1;30;90;47m8[0m
[0;1;30;90;44mX[0;1;37;97;47m [0;37;5;47;107mtttttttt;;;;;;;;::::::::[0;1;37;97;47m [0;34;5;44;104mX@@@@@@@@@@@88888888888888[0;1;30;90;47m8[0;37;5;47;107m@tttttt%%%%%%SSSSSSXXXX@[0;1;37;97;47m%[0;34;5;40;100m8[0m
[0;30;44m%[0;34;5;44;104m8[0;36;5;44;104m8[0;1;37;97;47m@[0;37;5;47;107mttttt;;;;;;;:::::::....%[0;1;30;90;47m8[0;34;5;44;104mXX@@@@@@@@@@8888888888@[0;1;37;97;47m%[0;37;5;47;107mttttttttt%%%%%%SSSSSXXX8[0;1;30;90;47m8[0;1;34;94;44m8[0;30;44m%[0m
[0;30;44m%[0;34;5;44;104m888[0;1;30;90;47m8[0;37;5;47;107mXtt;;;;;;;:::::....S[0;1;37;97;47mt[0;1;30;90;47m;;[0;1;37;97;47m: [0;1;30;90;47m8[0;34;5;44;104mXXXXX@@@@@@@8888888[0;1;30;90;47m8.S8t[0;1;37;97;47mX[0;37;5;47;107mtttttt%%%%%%SSSSSSX[0;1;30;90;47mS[0;1;34;94;44m888[0;30;44m%[0m
[0;30;44m%[0;34;5;44;104m88888[0;1;37;97;47m [0;37;5;47;107mt;;;;;:::::....[0;1;37;97;47m8[0;37;5;40;100m8[0;30;5;40;100mSX[0;36;5;40;100m [0;1;30;90;47m;[0;37;5;47;107m8. [0;1;37;97;47mt[0;36;5;44;104mX[0;34;5;44;104mXXXXX@@@@@@8888[0;1;30;90;47m8[0;37;5;47;107mS;8[0;1;30;90;47m;[0;36;5;40;100m [0;1;30;90;40mX[0;34;40m;[0;30;5;40;100mS[0;1;30;90;47m;[0;37;5;47;107m%tttt%%%%%%SSSS[0;1;37;97;47m%[0;34;5;44;104m8[0;1;34;94;44m8888[0;30;44m%[0m
[0;30;44m%[0;34;5;44;104m888888[0;36;5;44;104m@[0;1;37;97;47mX[0;37;5;47;107m;;;;:::::[0;37;5;40;100m@[0;36;5;40;100m:[0;1;30;90;47m:[0;37;5;40;100m8[0;30;5;40;100mX[0;36;5;40;100mt[0;1;30;90;47mX[0;37;5;47;107m8      ;[0;1;37;97;47m [0;34;5;44;104mXXXXXX@@@@@8[0;36;5;44;104m@[0;37;5;47;107m8;;;;tt8[0;1;30;90;47mS[0;30;5;40;100m@[0;34;40m;[0;30;5;40;100m@[0;1;30;90;47mS[0;36;5;40;100mt[0;30;5;40;100m8[0;1;37;97;47m@[0;37;5;47;107m%%%%%%SS8[0;1;30;90;47m8[0;1;34;94;44m888888[0;30;44m%[0m
[0;30;44m%[0;34;5;44;104m88888888[0;1;30;90;47m8[0;37;5;47;107mX;::::..[0;1;30;90;47m.[0;36;5;40;100m%[0;30;5;40;100mXS[0;36;5;40;100m [0;37;5;47;107m@          @[0;1;30;90;47m8[0;34;5;44;104mXXXXX@@@[0;36;5;44;104m@[0;1;37;97;47m:[0;37;5;47;107m;;;;;;;tttS[0;36;5;40;100m [0;1;30;90;40mX[0;34;40m:[0;1;30;90;40mX[0;36;5;40;100m.[0;37;5;47;107mXt%%%%%S[0;1;30;90;47mX[0;1;34;94;44m88888888[0;30;44m%[0m
[0;30;44m%[0;34;5;44;104m888888888@[0;1;37;97;47m [0;37;5;47;107m;::8[0;1;37;97;47mX[0;1;30;90;47m%[0;30;5;40;100mS8[0;36;5;40;100m :[0;30;5;40;100mX[0;36;5;40;100m:[0;1;30;90;47m.[0;37;5;47;107m;          [0;1;37;97;47mX[0;36;5;44;104mS[0;34;5;44;104mXXXX@[0;1;37;97;47m [0;37;5;47;107m;:::;;;;;tt[0;1;37;97;47m.[0;36;5;40;100mt[0;34;40m;;[0;30;5;40;100mX[0;34;40m::[0;36;5;40;100m [0;1;37;97;47m:;[0;37;5;47;107mS%%[0;1;37;97;47m;[0;34;5;44;104m8[0;1;34;94;44m888888888[0;30;44m%[0m
[0;30;44m%[0;34;5;44;104m88888888888[0;36;5;44;104m@[0;1;37;97;47mX8[0;30;5;40;100m@888[0;36;5;40;100m [0;37;5;47;107mt@[0;37;5;40;100mX[0;30;5;40;100m%%[0;36;5;40;100m [0;1;37;97;47m.[0;37;5;47;107m:         :[0;1;37;97;47m [0;34;5;44;104mXX[0;1;30;90;47m8[0;37;5;47;107m@.::::;;;;;[0;1;37;97;47mt[0;36;5;40;100m:[0;1;30;90;40m%[0;34;40m;[0;30;5;40;100m8[0;1;30;90;47m:[0;37;5;47;107m%[0;37;5;40;100m8[0;34;40m::::[0;1;30;90;47m8[0;37;5;47;107m8[0;1;30;90;47m8[0;1;34;94;44m88888888888[0;30;44m%[0m
[0;30;44m%[0;34;5;44;104m88888888888@@[0;1;30;90;47m8X[0;30;5;40;100mS88[0;1;30;90;47mX[0;37;5;47;107m  .[0;1;37;97;47mt[0;36;5;40;100m t; [0;1;37;97;47m%[0;37;5;47;107m.         X8...::::;;;[0;1;37;97;47m@[0;36;5;40;100m [0;1;30;90;40mS[0;34;40m;[0;1;30;90;40mX[0;37;5;40;100m@[0;37;5;47;107m@tt[0;1;37;97;47m;[0;34;40m;::[0;36;5;40;100m [0;1;30;90;47m8[0;34;5;44;104m8[0;1;34;94;44m888888888888[0;30;44m%[0m
[0;30;44m%[0;34;5;44;104m8888888888@@@@X[0;1;30;90;47m8S8[0;1;37;97;47m8[0;37;5;47;107m    t[0;1;30;90;47m%[0;36;5;40;100m:;:[0;37;5;40;100m@[0;37;5;47;107m8          ...::::;@[0;37;5;40;100m@[0;1;30;90;40m@SS[0;36;5;40;100m.[0;1;37;97;47mX[0;37;5;47;107mtttt8[0;37;5;40;100m8[0;36;5;40;100m [0;1;30;90;47m8[0;34;5;44;104m8[0;1;34;94;44m88888888888888[0;30;44m%[0m
[0;30;44m%[0;34;5;44;104m88888888888@@@@X[0;36;5;44;104mX[0;1;37;97;47mX[0;37;5;47;107m       8[0;37;5;40;100m@[0;36;5;40;100m:;:[0;1;30;90;47m@[0;37;5;47;107m%        ...:::t[0;1;30;90;47mt[0;30;5;40;100m8[0;1;30;90;40mXS[0;30;5;40;100m8[0;1;30;90;47m;[0;37;5;47;107mttttttt8[0;37;5;40;100m.[0;34;5;44;104m8[0;1;34;94;44m888888888888888[0;30;44m%[0m
[0;30;44m%[0;34;5;44;104m88888888888@@@@XXX[0;1;30;90;47m8[0;37;5;47;107mX      .[0;1;37;97;47mt[0;36;5;40;100m tt.[0;1;30;90;47m.[0;37;5;47;107m:     ....::[0;1;37;97;47m%[0;36;5;40;100m:[0;1;30;90;40m@X8[0;37;5;40;100m8[0;37;5;47;107mX;tttttS[0;1;30;90;47m8[0;34;5;44;104m888[0;1;34;94;44m888888888888888[0;30;44m%[0m
[0;30;44m%[0;34;5;44;104m88888888888@@@@@XXXX[0;1;37;97;47m [0;37;5;47;107m:      ;[0;1;30;90;47mt[0;36;5;40;100m;[0;30;5;40;100mSS[0;36;5;40;100m [0;1;37;97;47mX[0;37;5;47;107m    ...:8[0;37;5;40;100m%[0;1;30;90;40m8@@[0;36;5;40;100m [0;1;37;97;47m8[0;37;5;47;107m;;ttttt[0;1;37;97;47m [0;34;5;44;104m88888[0;1;34;94;44m888888888888888[0;30;44m%[0m
[0;30;44mS[0;34;5;44;104m888888888888@@@@@XXXX[0;36;5;44;104mS[0;1;37;97;47m%[0;37;5;47;107m       @[0;37;5;40;100mX[0;30;5;40;100mSXX[0;37;5;40;100m@[0;37;5;47;107m@ ...t[0;1;30;90;47mS[0;30;5;40;100m8[0;1;30;90;40m8@[0;30;5;40;100mS[0;1;30;90;47m [0;37;5;47;107m;;;;ttt8[0;36;5;44;104m@[0;34;5;44;104m88888[0;1;34;94;44m8888888888888888[0;30;44mS[0m
[0;30;44m8[0;34;5;44;104m8888888888888@@@@@XXXXX[0;1;30;90;47m8[0;37;5;47;107m8       [0;1;37;97;47m%[0;36;5;40;100m [0;30;5;40;100m@8X[0;1;30;90;47mS[0;37;5;47;107mt:[0;1;37;97;47m;[0;36;5;40;100m;[0;1;30;90;40m88[0;30;5;40;100m8[0;1;30;90;47m8[0;37;5;47;107mS;;;;ttX[0;1;30;90;47m8[0;34;5;44;104m8888888[0;1;34;94;44m8888888888888888[0;30;44m8[0m
[0;34;40mX[0;34;5;44;104m88888888888888@@@@@@XXXXX[0;1;30;90;47m@[0;37;5;47;107m;      ;[0;1;30;90;47mt[0;30;5;40;100mX88[0;36;5;40;100m. [0;1;30;90;40m888[0;36;5;40;100m [0;37;5;47;107m8;;;;;;t[0;1;37;97;47m [0;34;5;44;104m888888888[0;1;34;94;44m8888888888888888[0;34;40m@[0m
 [0;1;34;94;44m8[0;34;5;44;104m88888888888888@@@@@@@@XX[0;1;30;90;47m8[0;37;5;47;107mt........@[0;36;5;40;100m [0;30;5;40;100mX8[0;1;30;90;40m88[0;30;5;40;100m%[0;1;37;97;47m;[0;37;5;47;107m;;;;;;;tt[0;1;37;97;47m [0;34;5;44;104m88888888[0;1;34;94;44m88888888888888888[0m 
 [0;1;34;94;44m;[0;34;5;44;104m8888888888888888@@@@@@[0;1;30;90;47m8[0;37;5;47;107m8.........:[0;1;37;97;47m [0;30;5;40;100m%[0;1;30;90;40m88[0;30;5;40;100m88[0;1;30;90;40m8[0;37;5;40;100m8[0;37;5;47;107mX;;;;;ttttX[0;1;30;90;47m8[0;34;5;44;104m88888[0;1;34;94;44m88888888888888888t[0m 
 [0;30;44mS[0;34;5;44;104m888888888888888888@@X[0;1;37;97;47m;[0;37;5;47;107m::::::::::[0;1;37;97;47m@[0;36;5;40;100m [0;1;30;90;40m888[0;37;5;40;100mS[0;1;30;90;47m%[0;30;5;40;100m8[0;1;30;90;40mXX[0;30;5;40;100m8[0;1;30;90;47m;[0;37;5;47;107mt;tttttttt8[0;36;5;44;104m8[0;34;5;44;104m888[0;1;34;94;44m88888888888888888[0;30;44m%[0m 
  [0;1;34;94;44m8[0;34;5;44;104m888888888888888888[0;1;30;90;47m8[0;37;5;47;107m%:::::::::X[0;37;5;40;100m8[0;1;30;90;40m8@@[0;36;5;40;100m:[0;1;37;97;47m%[0;37;5;47;107m;;8[0;37;5;40;100mS[0;1;30;90;40m@SS[0;36;5;40;100m;[0;1;37;97;47m%[0;37;5;47;107mtttttttttt[0;1;37;97;47m [0;34;5;44;104m8[0;1;34;94;44m88888888888888888@[0;34;40m%[0m 
  [0;1;30;90;44m:[0;34;5;44;104m8888888888888888[0;1;30;90;47m8[0;37;5;47;107m8;;;;;;;;;;[0;1;30;90;47m:[0;30;5;40;100m@[0;1;30;90;40m@@[0;30;5;40;100m8[0;1;30;90;47m%[0;37;5;47;107mt;;;;;[0;1;37;97;47mt[0;36;5;40;100m%[0;1;30;90;40m%[0;34;40m;[0;1;30;90;40mS[0;37;5;40;100m%[0;37;5;47;107m8ttttttttt@[0;1;30;90;47m8[0;1;34;94;44m8888888888888888.[0m  
  [0;34;40mS[0;1;34;94;44m8[0;34;5;44;104m8888888888888@[0;1;37;97;47m:[0;37;5;47;107m;;;;;;;;;;[0;1;37;97;47m%[0;36;5;40;100m:[0;1;30;90;40m@X@[0;37;5;40;100mX[0;37;5;47;107m8;;;;;;;t%[0;1;30;90;47mS[0;1;30;90;40m8[0;34;40m;;[0;1;30;90;40m8[0;1;30;90;47mS[0;37;5;47;107mStttttt%%%[0;1;37;97;47mS[0;34;5;44;104m8[0;1;34;94;44m8888888888888@[0;34;40mX[0m  
   [0;30;44m:[0;34;5;44;104m888888888888[0;1;30;90;47m8[0;37;5;47;107m%t;;;;;;;;@[0;37;5;40;100m%[0;1;30;90;40m@SX[0;36;5;40;100m:[0;1;37;97;47mS[0;37;5;47;107m;;;;;;tttttt@[0;37;5;40;100mS[0;1;30;90;40m%[0;34;40m::[0;30;5;40;100mX[0;1;37;97;47m;[0;37;5;47;107mtttt%%%%%%[0;1;37;97;47m [0;34;5;44;104m8[0;1;34;94;44m88888888888[0;30;44m.[0m   
    [0;1;34;94;44mX[0;34;5;44;104m888888888[0;1;30;90;47m8[0;37;5;47;107m8tttttttt;t[0;1;30;90;47m:[0;30;5;40;100m8[0;1;30;90;40mSS[0;30;5;40;100m8[0;1;30;90;47mt[0;37;5;47;107mt;;tttt8[0;1;37;97;47m;[0;37;5;47;107mttttttt[0;1;37;97;47m%[0;36;5;40;100m%[0;34;40m::;[0;36;5;40;100m [0;37;5;47;107m@%%%%%%%SS8[0;1;30;90;47m8[0;1;34;94;44m888888888S[0m    
    [0;34;40m8[0;1;34;94;44m8[0;34;5;44;104m8888888[0;1;37;97;47m;[0;37;5;47;107mtttttttttt[0;1;37;97;47m@[0;36;5;40;100m.[0;1;30;90;40m%[0;34;40m;[0;1;30;90;40m@[0;37;5;40;100m8[0;37;5;47;107mXtttttt%[0;1;30;90;47m8[0;34;5;44;104m88[0;36;5;40;100m.[0;37;5;47;107m8tttttt%[0;1;30;90;47m:[0;30;5;40;100m8[0;34;40m:.[0;1;30;90;40m8[0;1;30;90;47m:[0;37;5;47;107m%%%%%SSSSS[0;1;37;97;47m%[0;34;5;44;104m8[0;1;34;94;44m888888@[0;34;40m8[0m    
     [0;30;44m@[0;1;34;94;44m88[0;34;5;44;104m888[0;1;30;90;47m@[0;37;5;47;107m%tttttttttt[0;1;30;90;47m:[0;1;30;90;40mX[0;34;40m;[0;1;30;90;40mS[0;36;5;40;100m [0;1;37;97;47m8[0;37;5;47;107mttttttt[0;1;37;97;47m [0;34;5;44;104m888888[0;1;30;90;47m8[0;37;5;47;107mXttttttX[0;1;30;90;47m@[0;1;30;90;40m@[0;34;40m.:[0;36;5;40;100m [0;37;5;47;107m%%%SSSSSSXX[0;1;30;90;47m%[0;1;34;94;44m8888@[0;30;44mX[0m     
      [0;30;44mt[0;1;34;94;44m88[0;1;30;90;47m8[0;37;5;47;107m@tttttttttttt[0;1;37;97;47mX[0;36;5;40;100m  [0;1;37;97;47mS[0;37;5;47;107mttttttt8[0;36;5;44;104m@[0;34;5;44;104m888888888[0;1;37;97;47m [0;37;5;47;107mttt%%%%8[0;37;5;40;100m8[0;36;5;40;100m.[0;1;30;90;47m%[0;37;5;47;107m%SSSSSSSXXXX8[0;1;30;90;47m8[0;1;34;94;44m8@[0;30;44m;[0m      
       [0;1;30;90;44mX[0;1;37;97;47mt[0;37;5;47;107m%%%ttttttttttttttttttttS[0;1;30;90;47m8[0;34;5;44;104m8888888888888[0;1;37;97;47m%[0;37;5;47;107m%%%%%%%%SSSSSSSXXXXXX@@[0;1;37;97;47mt[0;1;30;90;44m8[0m       
        [0;1;30;90;47m8[0;37;5;47;107m%%%%%%%ttttttttttttttt[0;1;37;97;47m [0;34;5;44;104m8888888888[0;1;34;94;44m888888[0;1;30;90;47m8[0;37;5;47;107m8%%%%SSSSSSSSXXXXX@@@@[0;1;30;90;47mX[0m        
         [0;37;5;40;100mX[0;37;5;47;107m%%%%%%%%%%%tttttttt[0;1;37;97;47mS[0;34;5;44;104m8888888[0;1;34;94;44m888888888888[0;34;5;44;104m8[0;1;30;90;47m8[0;37;5;47;107mXSSSSSSSSXXXXXX@@@@[0;37;5;40;100mX[0m         
          [0;36;5;40;100m;[0;37;5;47;107m8%%%%%%%%%%%%%%%@[0;1;30;90;47m8[0;1;34;94;44m8888888888888888888888[0;34;5;44;104m8[0;1;37;97;47m [0;37;5;47;107mSSSSSXXXXXX@@@@[0;1;37;97;47m8[0;36;5;40;100m:[0m          
            [0;1;37;97;47m:[0;37;5;47;107mS%%%%%%%%%%%%[0;1;30;90;47mS[0;34;5;44;104m8[0;1;34;94;44m8888888888888888888888888[0;36;5;40;100m;[0;1;37;97;47mX[0;37;5;47;107mSXXXXXX@@@@@[0;1;37;97;47m;[0;30;5;40;100m8[0m           
             [0;37;5;40;100m@[0;37;5;47;107mXSSS%%%%%%[0;1;37;97;47m;[0;34;5;44;104m8[0;1;34;94;44m88888888888888888888888888888[0;1;30;90;47m8[0;37;5;47;107m8XXX@@@@@8[0;37;5;40;100m8[0m             
              [0;30;5;40;100m8[0;1;37;97;47m;[0;37;5;47;107mSSSSSS8[0;1;30;90;47m8[0;1;34;94;44m888888888888888888888888888888888[0;1;30;90;47mX[0;37;5;47;107m@@@@@@[0;1;37;97;47m:[0;30;5;40;100m8[0m              
                [0;36;5;40;100m [0;1;37;97;47m8[0;37;5;47;107mSSX[0;1;30;90;47m8[0;1;34;94;44m8888888888888888888888888888888888888[0;1;37;97;47m:[0;37;5;47;107m@@[0;1;37;97;47m8[0;36;5;40;100m [0m                
                  [0;37;5;40;100m8[0;1;37;97;47m [0;1;34;94;44m88888888888888888888888888888888888@@@@@[0;36;5;40;100m.[0;37;5;40;100m8[0m                  
                    [0;30;44mt[0;1;34;94;44m@888888888888888888888888888888@@@@@@X[0;30;44mt[0m                    
                      [0;30;44m%[0;1;34;94;44mX888888888888888888888888@@@@@@@@X[0;30;44m%[0m                      
                        [0;30;44m@[0;1;34;94;44m%88888888888888888@@@@@@@@@@@%[0;30;44m@[0m                        
                          [0;34;40m@[0;30;44m.[0;1;34;94;44m@888@@@@@@@@@@@@@@@@@@@@[0;30;44m [0;34;40m8[0m                          
                             [0;30;44m@[0;1;34;94;44m:@@@@@@@@@@@@@@@@@@:[0;30;44m@[0m                             
                                [0;30;44mX[0;1;34;94;44m;@@@@@@@@@@@@t[0;30;44mS[0m                                
                                   [0;30;44m@[0;1;34;94;44m X@@@@@.[0;30;44m@[0m                                   
                                      [0;34;40m@[0;30;44mS%[0;34;40m@[0m                                      
