[0;34;40m ..................:::::::::::::::::::::..........................              [0m
[0;34;40m.......:::::::::::::;;;;;;;;;;;;;;;;;;;:::::::::::::..................          [0m
[0;34;40m.....:::::::::::;;;;;;;;;;;;;;;;;;;;;;;;;;;::::::::::..................         [0m
[0;34;40m....::::::[0;31;40m;[0;1;30;90;40m888[0;31;40m;[0;34;40m;;;;;;[0;1;30;90;40mS8[0;30;5;40;100m8[0;1;30;90;40m8SSSSSSSS8[0;30;5;40;100m8[0;1;30;90;40m8S[0;34;40m;;;;;;[0;31;40m;[0;1;30;90;40m888[0;31;40m;[0;34;40m::::::[0;31;40m:S@X:[0;34;40m......[0;31;40m.%XS:[0;34;40m..        [0m
[0;34;40m..::::::[0;31;5;40;100m@[0;1;30;90;43m@[0;1;33;93;43mSXXX%[0;1;30;90;43m8[0;1;30;90;40m8[0;34;40m;[0;1;30;90;40m%[0;31;5;40;100mX[0;1;30;90;43m8[0;1;33;93;43mSX[0;33;5;43;103mXX[0;1;33;93;43mS[0;1;30;90;43m8[0;30;5;40;100m@[0;1;30;90;40mXX[0;30;5;40;100m@[0;1;30;90;43m8[0;1;33;93;43mX[0;33;5;43;103mXXX[0;1;33;93;43mX[0;1;30;90;43m8[0;30;5;40;100m@[0;1;30;90;40mS%8[0;1;30;90;43m8[0;1;33;93;43mSXXXS[0;1;30;90;43m@[0;1;30;90;40m8[0;34;40m::[0;31;40mS[0;1;30;90;43mX[0;1;33;93;43mtSSS%[0;1;30;90;43mX[0;1;30;90;40m8[0;34;40m..[0;31;40m%[0;1;30;90;43mS@[0;1;33;93;43m%%%t[0;1;30;90;43mS[0;31;5;40;100m@[0;31;40m.[0;34;40m       [0m
[0;34;40m.::::::[0;33;5;40;100m8[0;1;33;93;43mXXXXXXXXS[0;31;5;40;100mS[0;33;5;40;100m8[0;1;33;93;43mX[0;33;5;43;103mXXXXXXX[0;1;33;93;43mX[0;33;5;40;100m88[0;33;5;43;103mXXXXXXXX[0;1;33;93;43mX[0;33;5;40;100m8[0;31;5;40;100mS[0;1;33;93;43mSXXXXXXXS[0;33;5;40;100m8[0;1;30;90;40m8[0;1;33;93;43m%SSSSSSSS[0;1;30;90;43mS[0;31;40m@[0;1;33;93;43mt%%%%%%%%[0;1;30;90;43m%[0;34;40m       [0m
[0;34;40m.::::::[0;1;33;93;43m%XXXXXXXX[0;33;5;43;103mX[0;37;43mX[0;1;33;93;43mX[0;33;5;43;103mXXXXXXXXX[0;37;43mX@[0;33;5;43;103mXXXXXXXXX[0;37;43mXX[0;33;5;43;103mX[0;1;33;93;43mXXXXXXXXS[0;1;30;90;43m8[0;1;33;93;43mXSSSSSSSS%[0;1;30;90;43m@[0;1;33;93;43mS%%%%%%%%t[0;31;40m:[0;34;40m      [0m
[0;34;40m.:::::;[0;1;30;90;43m8[0;1;33;93;43mXXXXXX[0;33;5;43;103mXXXXXXXX[0;37;5;43;103m@@@@@@@@@@@@@@@[0;33;5;43;103mXXXXXXXX[0;1;33;93;43mXXXXXXXXXSSSSSSSSSSS%%%%%%%[0;1;30;90;43mX[0;31;40m.[0;34;40m.     [0m
[0;34;40m.::::;;[0;1;30;90;40m@[0;1;30;90;43m8[0;1;33;93;43mXXXX[0;33;5;43;103mXXXXXX[0;37;5;43;103m@@@@888888888888@@@@@[0;33;5;43;103mXXXXXX[0;1;33;93;43mXXXXXXXXXSSSSSSSSSSS%%%%%[0;1;30;90;43mX[0;31;40m%[0;34;40m..     [0m
[0;34;40m.:::;;;;;[0;31;5;40;100m@[0;1;30;90;43m88[0;33;5;43;103mXXXXX[0;37;5;43;103m@@@8888888888[0;33;47m8[0;1;33;93;47m8[0;37;5;43;103m888888@@@@[0;33;5;43;103mXXXXXX[0;1;33;93;43mXXXXXXXXSSSSSSSSSSS%[0;1;30;90;43mXS[0;31;40m8.[0;34;40m....    [0m
[0;34;40m.::;;;;;[0;30;5;40;100m8[0;1;30;90;43m8[0;37;43mX[0;33;5;43;103mXXXX[0;37;5;43;103m@@@888888888[0;37;43m8[0;37;5;43;103m88[0;33;47m8[0;1;30;90;43m8[0;37;43m@[0;33;47m8[0;37;5;43;103m888888[0;37;43m@[0;37;5;43;103m@@[0;1;30;90;43m8[0;33;5;43;103mXXXXX[0;1;33;93;43mXXXXXXXXSSSSSSSSSS%%[0;1;30;90;43m@S[0;31;40m@[0;34;40m....    [0m
[0;34;40m.::;;;;[0;33;5;40;100m8[0;1;33;93;43mX[0;33;5;43;103mXXXXX[0;37;5;43;103m@@@8888888888[0;37;43m8@[0;33;47m8[0;1;33;93;47m8[0;37;43m@[0;33;5;43;103m@S[0;1;30;90;43m888888[0;33;5;40;100m8[0;1;30;90;43m8[0;33;5;40;100m88[0;37;43m@[0;33;5;43;103mXXXXX[0;1;33;93;43mXXXXXXXSSSSSSSSSSS%%%%[0;33;5;40;100m8[0;34;40m....   [0m
[0;34;40m.:;;;;[0;1;30;90;40m%[0;37;43mS[0;33;5;43;103mXXXXX[0;37;5;43;103m@@888888888[0;1;33;93;47m8888[0;37;43m@X[0;1;30;90;43m8[0;33;5;40;100mS[0;37;5;43;103mX[0;1;33;93;43m@[0;37;5;43;103mX[0;33;5;43;103mS[0;1;30;90;43m8[0;31;5;41;101m8XX@88@[0;1;30;90;41m8[0;33;5;40;100m8[0;1;30;90;43m8[0;37;43mX[0;33;5;43;103mX[0;1;33;93;43mX[0;1;30;90;43m8[0;1;33;93;43mXXXXXXXSSSSSSSSSS%%%%t[0;31;40m:[0;34;40m...   [0m
[0;34;40m.:;;;;[0;1;30;90;40mS[0;1;30;90;43m8[0;33;5;43;103mXXXX[0;37;5;43;103m@@@8888888[0;1;33;93;47m888888[0;1;30;90;43m8[0;31;5;41;101m8X@[0;1;30;90;43m8[0;37;5;43;103mX[0;1;30;90;43m8[0;33;5;43;103mX[0;37;5;43;103mX[0;1;30;90;43m8[0;31;5;41;101mX@8@@@@@8[0;1;31;91;41m@[0;1;30;90;41m@[0;31;5;40;100m8[0;1;30;90;43m8[0;1;33;93;43mXXXXXXXSSSSSSSSSS%%%%[0;1;30;90;43m@[0;31;40m:[0;34;40m...   [0m
[0;34;40m.;;;;[0;1;30;90;40m%S[0;31;5;40;100m@[0;37;43mX[0;33;5;43;103mXXX[0;37;5;43;103m@@8888888[0;1;33;93;47m8888[0;33;47m8[0;33;5;40;100m%[0;33;5;41;101m8[0;35;5;40;100m%[0;35;5;41;101mX[0;1;30;90;43m8[0;37;5;43;103m@XX[0;33;5;43;103m@[0;37;5;43;103m@X[0;37;43mX[0;33;5;43;103m@X[0;1;30;90;43m8[0;31;5;41;101mX@@@@@[0;1;31;91;41m@[0;1;30;90;41mX[0;33;5;40;100m8[0;1;30;90;43m8[0;1;33;93;43mXXXXXXXXSSSSSSSSSS%%[0;1;30;90;43m@[0;31;40m8[0;34;40m....   [0m
[0;34;40m.;;;;[0;1;30;90;40m%SS@[0;33;5;40;100m8[0;1;30;90;43m8[0;37;43mX[0;37;5;43;103m@@888888[0;1;33;93;47m888888[0;33;47m8[0;33;5;40;100mt[0;1;30;90;43m8[0;35;5;41;101m@[0;1;30;90;43m8[0;37;5;43;103m@XXXXXXXSS[0;1;30;90;43m888[0;33;41m8[0;31;5;41;101m@@[0;1;31;91;41m@[0;33;41m8[0;1;30;90;43m88[0;33;5;40;100m8[0;1;30;90;43m8[0;1;33;93;43mXXXXXXSSSSSSSSS[0;1;30;90;43m@X[0;33;5;40;100m8[0;31;40m;[0;34;40m......  [0m
[0;34;40m.;;;;[0;1;30;90;40mSSS8[0;1;30;90;43m88[0;37;43m@[0;37;5;43;103m@888888[0;1;33;93;47m888888[0;33;47m8[0;1;30;90;43m8[0;37;5;43;103m@X[0;33;47m8[0;37;43m88[0;1;33;93;47m8[0;37;5;43;103mXXXXXXSSSS%[0;33;5;43;103m@[0;33;41m8[0;31;5;41;101m88888[0;1;30;90;41mX[0;1;30;90;43m8[0;37;43mS[0;1;33;93;43mXXXXXSSSSSSSSSt[0;1;30;90;43mXS[0;31;40mt[0;34;40m......  [0m
[0;34;40m.;;;;[0;1;30;90;40mSS[0;31;5;40;100mX[0;37;43mX[0;33;5;43;103mXX[0;37;5;43;103m@@888888[0;1;33;93;47m8888[0;33;47m8[0;1;30;90;43m8[0;37;5;43;103m8X8[0;33;47m8[0;1;37;97;47mt[0;37;43m8[0;33;47m8[0;37;5;43;103m8XXXXXXSSSS%[0;33;5;43;103m::[0;1;33;93;43m@%[0;1;30;90;43mX[0;1;31;91;41m8[0;31;5;41;101m888[0;1;31;91;41mX[0;1;30;90;43m8[0;1;33;93;43mSXS[0;1;30;90;43m8[0;1;33;93;43mSSSSSSSSSS%%t[0;31;5;40;100m@[0;34;40m..... [0;31;40m [0m
[0;34;40m.;;;;[0;1;30;90;40mSS[0;1;30;90;43m8[0;33;5;43;103mXXX[0;37;5;43;103m@@8888888[0;1;33;93;47m88[0;1;30;90;43m8[0;37;43m@[0;37;5;43;103mXXX8[0;1;30;90;47m @@ [0;33;47m8[0;37;5;43;103m8XXXXXSS[0;1;30;90;43m8[0;37;5;43;103mS%[0;33;5;43;103m:::::[0;1;33;93;43mS[0;33;41mX[0;31;5;41;101m8888[0;1;31;91;41mS[0;33;41m8[0;1;31;91;41mS[0;1;30;90;43m@[0;1;33;93;43mSSSSSSSSSS%%%[0;1;30;90;43m@[0;34;40m..... [0;32;40m [0m
[0;34;40m.;;;;[0;1;30;90;40m%S[0;1;30;90;43m8[0;33;5;43;103mXXXX[0;37;5;43;103m@@888888[0;33;47m8[0;1;30;90;43m8[0;37;5;43;103mXXXXXXX@@XXXXXXXXSS[0;33;5;43;103m8[0;37;43mS[0;33;5;43;103m.::::::[0;31;43m8[0;31;5;41;101m888888[0;33;41mS[0;1;33;93;43mtSSSSSSSSSS%%%[0;1;30;90;43m@[0;34;40m..... [0;31;40m [0m
[0;34;40m.;;;;[0;1;30;90;40m%S[0;31;5;40;100mS[0;1;33;93;43mX[0;33;5;43;103mXXX[0;37;5;43;103m@@88888[0;1;30;90;43m88[0;37;5;43;103mXXXXX@@XXXXXXXXXXS[0;33;5;43;103m8[0;37;5;43;103mSS[0;1;30;90;43m8[0;33;5;43;103m:::::::S[0;31;43m8[0;1;31;91;41m8[0;31;5;41;101m88[0;1;31;91;41m8[0;1;30;90;41mS[0;1;33;93;43m%XS[0;1;30;90;43m8[0;1;33;93;43mSSSSSSSS%%%[0;31;5;40;100mS[0;34;40m....  [0;31;40m [0m
[0;34;40m.:;;;;[0;1;30;90;40mSS8[0;1;30;90;43m8[0;37;43mX[0;33;5;43;103mXX[0;37;5;43;103m@@88[0;1;33;93;47m8[0;1;30;90;43m8[0;33;5;43;103m@[0;37;5;43;103mSSSXX[0;37;43mX[0;37;5;43;103m@XXXXXXXXXSSS[0;1;30;90;43m8[0;37;5;43;103mS%[0;1;30;90;43m8[0;33;5;43;103m::::::;;;[0;31;43m8[0;31;5;41;101m8888[0;33;41m%[0;31;43m@X[0;31;5;40;100m@[0;1;33;93;43mSSSSSSS%[0;1;30;90;43mXS[0;31;40mS[0;34;40m.....  [0;31;40m [0m
[0;34;40m.:;;;;[0;1;30;90;40m%SSX[0;33;5;40;100m8[0;1;30;90;43m8[0;33;5;43;103mX[0;37;5;43;103m@@@[0;37;43m@[0;1;30;90;43m8[0;33;5;43;103mt[0;37;5;43;103mSSSS[0;33;5;43;103mX[0;1;30;90;43m8[0;37;5;43;103mXXXXXXXXXSSSS[0;1;33;93;43mX[0;1;30;90;43m8[0;37;5;43;103m%[0;1;33;93;43mX[0;1;30;90;43m8[0;33;5;43;103mX:::::;;;[0;33;41mS[0;31;5;41;101m8888[0;1;31;91;41m8[0;1;30;90;41mt[0;1;30;90;43mX[0;1;33;93;43mSSSSSSS%[0;1;30;90;43mX[0;31;5;40;100mS[0;31;40m:[0;34;40m......  [0;32;40m [0m
[0;34;40m ::;;;;[0;1;30;90;40m%8[0;1;30;90;43m8[0;33;5;43;103mXXXX[0;37;5;43;103m@[0;37;43m@[0;1;30;90;43m8[0;33;5;43;103m;:%[0;1;33;93;43mX[0;33;5;43;103m%X[0;1;33;93;43m@[0;37;5;43;103mSSSSSSSSSSSS[0;33;5;43;103mt8%.[0;1;33;93;43mX[0;1;30;90;43m8[0;33;5;43;103m:[0;1;33;93;43m8[0;33;5;43;103m;:::;;;;[0;1;30;90;43m%[0;1;31;91;41m8[0;31;5;41;101m88888[0;1;31;91;41mS[0;1;30;90;43mX[0;1;33;93;43mSS[0;1;30;90;43mX@[0;1;33;93;43mSSS%%[0;1;30;90;43mX[0;31;40mX[0;34;40m.....   [0m
 [0;34;40m:::;;;;[0;1;30;90;43m8[0;1;33;93;43mX[0;33;5;43;103mXXXX[0;1;33;93;43mX[0;33;5;40;100m8[0;33;5;43;103mX[0;1;33;93;43mS[0;33;5;43;103m::;[0;1;30;90;43m8[0;33;5;43;103m;[0;37;5;43;103m%SSSSSSSSSSS%%[0;33;5;43;103m;[0;1;33;93;43mS[0;1;30;90;43m8[0;1;33;93;43mS[0;33;5;43;103m::X[0;1;33;93;43m8[0;33;5;43;103m::;;;;;;[0;1;30;90;43mt[0;1;31;91;41m8Xt%S8[0;1;30;90;41m;[0;33;41m8[0;1;30;90;43m%S[0;1;33;93;43m%SS%%%%[0;1;30;90;43mX[0;31;40m.[0;34;40m...   [0m 
 [0;34;40m.::;;;;[0;1;30;90;43m8[0;1;33;93;43mXXX[0;33;5;43;103mXXX[0;33;5;40;100m8[0;1;30;90;43mX@[0;33;5;43;103m:::[0;1;30;90;43m8[0;1;33;93;43m@[0;33;5;43;103m@.[0;37;5;43;103m%%%%[0;33;5;43;103mX[0;1;30;90;43m88888888[0;33;5;43;103mS::::t[0;1;30;90;43mX[0;33;5;43;103m:;;;;;;X[0;1;31;91;41m%[0;31;5;41;101m88[0;1;31;91;41m%[0;1;30;90;43mX8X[0;1;30;90;41m;[0;33;41m8[0;31;43m8[0;1;30;90;43m%@[0;1;33;93;43mSS%%%%[0;1;30;90;43m@[0;31;40m.[0;34;40m...   [0m 
 [0;34;40m.:::;;;[0;33;5;40;100m8[0;1;33;93;43mSXXX[0;33;5;43;103mX[0;37;43mX[0;1;30;90;43m@[0;33;5;43;103m;:S[0;1;30;90;43m@@8[0;33;5;43;103mt%:::[0;1;33;93;43m@[0;1;30;90;43m88[0;37;5;43;103m8888@@[0;1;30;90;43m8[0;1;33;93;43m8[0;33;5;43;103m::::::[0;1;30;90;43mS[0;33;5;43;103m;;;;;;;[0;1;30;90;43mt[0;31;5;41;101m88888[0;1;31;91;41m@@:[0;33;41mSS8[0;1;30;90;43mX[0;1;33;93;43mS%%%%%[0;31;5;40;100mX[0;34;40m...    [0m 
  [0;34;40m:::::;;[0;1;30;90;40m8[0;1;30;90;43m8[0;37;43mS[0;1;33;93;43mXXX[0;37;43mS[0;33;5;40;100m8[0;1;30;90;43m@[0;33;5;40;100m8[0;1;30;90;43m8[0;1;33;93;43m%[0;33;5;43;103mt:[0;1;33;93;43mX[0;1;30;90;43m@888[0;37;5;43;103m@@@@@@@@[0;33;5;40;100m8[0;33;5;43;103m;::::;;[0;1;30;90;43mS[0;33;5;43;103m;;;;;;;[0;1;33;93;43m@[0;1;31;91;41mS[0;31;5;41;101m888[0;1;31;91;41m@[0;1;30;90;41m;[0;33;41m@[0;1;30;90;43mS@[0;1;33;93;43mS[0;1;30;90;43m@S[0;1;33;93;43m%%%[0;1;30;90;43m@S[0;31;40mX[0;34;40m....    [0m 
  [0;34;40m.:::::;;;[0;32;40m;[0;1;30;90;40m@[0;1;30;90;43m8[0;1;33;93;43mXXS[0;33;5;43;103mX[0;1;30;90;43m8XS[0;33;5;43;103m;[0;1;33;93;43m@[0;1;30;90;43m8[0;33;5;43;103mXXXXXXXXXXXX[0;1;30;90;43m@[0;33;5;43;103m::;;;;;[0;1;30;90;43mS[0;33;5;43;103m;;;;;;;;@[0;33;41mt[0;31;5;41;101m888[0;1;31;91;41m8S%[0;33;41m;[0;31;43m8[0;1;30;90;43m@[0;1;33;93;43m%%[0;1;30;90;43mS[0;31;40m%.[0;34;40m.....    [0m  
  [0;34;40m :::::::;[0;31;40mt[0;1;30;90;43m8[0;1;33;93;43mXXXXXXX[0;1;30;90;43m888[0;1;33;93;43mX[0;33;5;43;103mXXXXXXXXXXX[0;37;43mX[0;1;30;90;43mS[0;33;5;43;103m;;;;;;;[0;1;30;90;43m%[0;33;5;43;103m8;;;;;;;[0;1;30;90;43m:[0;1;31;91;41m8[0;31;5;41;101m8[0;33;41m%[0;1;31;91;41m%[0;33;41m@[0;31;43m@[0;33;5;40;100m8[0;31;5;40;100mS[0;1;30;90;43m%[0;1;30;90;41m8[0;1;30;90;43m@[0;1;33;93;43m%%[0;1;30;90;43mX[0;31;40m;[0;34;40m....     [0m  
   [0;34;40m.:::::::[0;33;5;40;100m8[0;1;33;93;43mXXXXXXXXXXXXX[0;33;5;43;103mXXXXXXXX[0;1;33;93;43mXX[0;1;30;90;43m8%[0;33;5;43;103m;;;;;;;[0;1;30;90;43mtt[0;33;5;43;103m;;;;;;;S[0;33;41m8[0;1;31;91;41m@%[0;33;41m8XX[0;1;30;90;43mSX@X@[0;1;33;93;43m%%%[0;1;30;90;43mS[0;34;40m...     [0m   
    [0;34;40m.::::::[0;33;5;40;100m8[0;1;33;93;43mXXXXXXXXXXXXXXXXXXXXXXX[0;1;30;90;43m8[0;1;33;93;43mS[0;33;5;43;103m;;;;;;;[0;1;30;90;43m;t[0;33;5;43;103m;;;;;;;;S[0;33;41mt[0;1;31;91;41m8;[0;33;41m8[0;1;30;90;41m88[0;1;30;90;43mS[0;1;33;93;43mt%%%%%[0;1;30;90;43m%[0;34;40m...    [0m    
    [0;34;40m .:::::[0;31;40m;[0;1;30;90;43m@[0;1;33;93;43mSXXXXXXXXXXXXXXXXXXXXX[0;1;30;90;43m@[0;1;33;93;43m@[0;33;5;43;103m;;;;;;;[0;1;30;90;43m;[0;31;40mt[0;33;5;43;103m%;;;;;;t@[0;1;31;91;41m;@[0;31;43m8[0;33;41mS[0;1;30;90;43mS[0;1;33;93;43m%%%%%%%[0;1;30;90;43mS[0;31;40m:[0;34;40m.      [0m    
     [0;34;40m...::::[0;31;40m:[0;31;5;40;100m@[0;1;30;90;43m@8[0;1;33;93;43m%ttXXXXXXXXXXXXXXXX[0;1;30;90;43m@[0;1;33;93;43m@[0;33;5;43;103m;;;;;;;[0;1;30;90;43m:[0;31;40m:[0;1;33;93;43mt[0;33;5;43;103m;;;;tttt[0;1;33;93;43mS[0;33;41m8:[0;1;30;90;43mS[0;1;33;93;43m%%[0;1;30;90;43m@@@XS[0;31;40m8.[0;34;40m.      [0m     
      [0;34;40m....:::::::[0;31;40m;[0;1;30;90;43m@[0;1;33;93;43mSSSSXXXXXXXXXXXS[0;1;30;90;43mX[0;1;33;93;43mS[0;33;5;43;103m;;;;;;[0;1;30;90;43m;:[0;33;5;43;103mS;;;ttttttS[0;1;30;90;43m:%[0;1;33;93;43mt%%[0;1;30;90;43mX[0;31;40m;[0;34;40m.....      [0m      
       [0;34;40m......::::[0;1;30;90;43mX[0;1;33;93;43mSSSSSSSSSSSSSSS[0;1;30;90;43m8%[0;1;33;93;43mS[0;33;5;43;103mt;;;;;[0;1;33;93;43mX@[0;33;5;43;103m;;ttttttt[0;1;33;93;43m@[0;1;30;90;43m:S@[0;1;33;93;43m%%%%%[0;1;30;90;43mS[0;34;40m....      [0m       
        [0;34;40m........:[0;1;30;90;43mX[0;1;33;93;43mSSSSSSSSSSSSSS%[0;1;30;90;43mt[0;33;5;43;103mt;;;;;;;tttttttt8[0;1;30;90;43m:tX[0;1;33;93;43m%%%%%%%%[0;1;30;90;43mS[0;34;40m..       [0m        
         [0;34;40m........[0;31;40mS[0;1;30;90;43m@[0;1;33;93;43mSSSSSSSSSSSSS[0;1;30;90;43mX[0;1;33;93;43mt[0;33;5;43;103m;;;;tttttttt8[0;1;30;90;43m.;%S@[0;1;33;93;43m%%%%%%%%%[0;1;30;90;43mX[0;31;40mX[0;34;40m.       [0m         
          [0;34;40m .......[0;31;40mt[0;1;30;90;43mS@[0;1;33;93;43mSSSS[0;1;30;90;43m@[0;1;33;93;43mSSSSSS[0;1;30;90;43mS:::::::::;ttSXX[0;1;33;93;43m%%%%%%[0;1;30;90;43mX[0;1;33;93;43m%%%%[0;1;30;90;43mX%[0;31;40mt[0;34;40m        [0m          
            [0;34;40m.........[0;31;40mt%%;[0;1;30;90;43mS[0;1;33;93;43mSSSSSSSS%%ttt%%S%%%%%%%%%%%%[0;1;30;90;43mS[0;31;40m:SS;[0;34;40m.        [0m            
             [0;34;40m............[0;1;30;90;43m@[0;1;33;93;43mSSSSSSSSSS%%%%%%%%%%%%%%%%%%[0;1;30;90;43mX[0;34;40m...         [0m             
              [0;34;40m ..........[0;1;30;90;43mS[0;1;33;93;43m%%%%%%%%%%%%%%%%%%%%%%%%%%%%[0;1;30;90;43m%[0;34;40m.          [0m              
                [0;34;40m ........[0;31;40m.[0;1;30;90;43mS[0;1;33;93;43mt%%%%%%[0;1;30;90;43m@[0;1;33;93;43m%%%%%%%%%%[0;1;30;90;43mX[0;1;33;93;43m%%%%%%t[0;1;30;90;43m%[0;31;40m.[0;34;40m         [0m                
                  [0;34;40m ........[0;31;40m;[0;31;5;40;100m@[0;1;30;90;43m%SS[0;33;5;40;100m8[0;31;40m%[0;1;30;90;43mS[0;1;33;93;43m%%%%%%%%%%[0;1;30;90;43mS[0;31;40mt[0;31;5;40;100mS[0;1;30;90;43m%%%[0;31;5;40;100m@[0;31;40m;[0;34;40m         [0m                  
                    [0;34;40m .............[0;1;30;90;43mX[0;1;33;93;43m%%%%%%%%%t[0;1;30;90;43mX[0;34;40m              [0m                    
                      [0;34;40m ...........[0;33;5;40;100m8[0;1;33;93;43mtttttttttt[0;31;5;40;100mX[0;34;40m            [0m                      
                        [0;34;40m           [0;31;40m@[0;1;30;90;43mS[0;1;33;93;43mtttttt[0;1;30;90;43mS[0;31;40m@[0;34;40m           [0m                        
                          [0;34;40m           [0;31;40m:8[0;1;30;90;41m8[0;31;5;40;100mX[0;31;40m8t[0;34;40m           [0m                          
                             [0;34;40m                      [0m                             
                                [0;34;40m                [0m                                
                                   [0;34;40m          [0m                                   
                                      [0;34;40m    [0m                                      
