                                [0;34;40m@[0;30;44m8Xt[0;1;30;90;44m:::::::[0;30;44m:tX8[0;34;40m@[0m                                
                          [0;34;40mX[0;30;44mX[0;1;30;90;44m;[0;1;34;94;44m%8[0;34;5;44;104m888888888888888888[0;1;34;94;44m8%[0;1;30;90;44m:[0;30;44mX[0;34;40mX[0m                          
                      [0;34;40mX[0;30;44m%[0;1;34;94;44mt8[0;34;5;44;104m8888888888[0;1;34;94;44m8[0;34;5;44;104m8888888888888888[0;1;34;94;44m88;[0;30;44m%[0;34;40mX[0m                      
                   [0;34;40mX[0;1;30;90;44m;[0;1;34;94;44m@[0;34;5;44;104m8888[0;1;34;94;44m8[0;1;30;90;44m88[0;1;34;94;44m@[0;34;5;44;104m8888[0;1;30;90;44m8@[0;1;34;94;44m8[0;34;5;44;104m888888888888888888[0;1;34;94;44m888@[0;30;44m;[0;34;40m@[0m                   
                 [0;30;44mX[0;1;34;94;44mS[0;34;5;44;104m88888[0;1;34;94;44mX[0;33;5;40;100m;[0;1;33;93;43mS[0;33;5;43;103mXX[0;1;33;93;43mX[0;34;5;40;100mS[0;34;5;44;104m8[0;1;34;94;44m8[0;35;5;40;100m [0;1;30;90;43m8[0;1;34;94;44mX[0;34;5;44;104m88888888888888888888[0;1;34;94;44m88888S[0;30;44mX[0m                 
               [0;1;30;90;44m;[0;1;34;94;44m8[0;34;5;44;104m888888[0;1;30;90;44m8[0;1;30;90;43m@[0;33;5;43;103m;:::[0;1;33;93;43mS[0;1;34;94;44m8[0;1;30;90;44m8[0;1;30;90;43m8[0;1;33;93;43m8[0;34;5;40;100mX[0;34;5;44;104m88888888888888888888888[0;1;34;94;44m88888@[0;30;44mt[0m               
             [0;1;30;90;44m;[0;1;34;94;44m8[0;34;5;44;104m8888888[0;1;34;94;44m8[0;1;30;90;43m8[0;33;5;43;103m:::::[0;1;30;90;43m8[0;1;30;90;44m8[0;33;5;40;100mS[0;1;30;90;43m8[0;35;5;40;100m [0;34;5;44;104m8888888888888888888888888[0;1;34;94;44m8888888[0;30;44m;[0m             
           [0;30;44m8[0;1;34;94;44m@[0;34;5;44;104m888888888[0;34;5;40;100m8[0;33;5;43;103m@::::;[0;1;30;90;43m@@[0;33;5;40;100m8[0;1;34;94;44mS[0;34;5;44;104m@@88888888[0;1;30;90;44m8[0;35;5;40;100mS[0;34;5;44;104m888888888888888[0;1;34;94;44m8888888[0;37;5;40;100m;[0;36;5;40;100m [0m           
          [0;1;30;90;44mt[0;34;5;44;104m888888888@@[0;34;5;40;100mS[0;33;5;43;103m::%[0;37;43m8[0;37;5;40;100m8[0;1;30;90;43m8[0;33;5;43;103m;;[0;1;30;90;43m8[0;35;5;40;100m:[0;1;34;94;44m@[0;34;5;44;104m@@@8[0;35;5;40;100mS[0;33;5;40;100m [0;37;43mX[0;1;33;93;43m8[0;1;30;90;43m8[0;33;5;43;103mt[0;1;33;93;43m%[0;1;30;90;43m8[0;1;30;90;44m8[0;34;5;44;104m88888888888888[0;1;34;94;44m8888[0;1;30;90;44m8[0;1;37;97;47mt[0;37;5;47;107mSS[0;1;37;97;47m.[0m          
        [0;34;40m@[0;1;34;94;44m8[0;34;5;44;104m88888888@@@@[0;34;5;40;100mS[0;33;5;43;103m@[0;37;43m@[0;35;44m@[0;34;5;44;104m8[0;33;5;40;100m [0;37;5;43;103m%[0;33;5;40;100m [0;35;5;40;100mt[0;1;30;90;44m8[0;33;5;40;100m.[0;35;5;40;100mt[0;1;34;94;44m8[0;34;5;44;104m@[0;35;5;40;100m:[0;37;43mX[0;1;30;90;43m8[0;37;43m@[0;33;5;43;103m%:[0;1;30;90;43m8[0;1;33;93;43mX[0;33;5;43;103mt:t[0;33;5;40;100m@[0;34;5;40;100m@[0;1;34;94;44mt[0;34;5;44;104m88888888888[0;1;34;94;44m888[0;1;30;90;47mt[0;37;5;47;107m%%%SS@[0;36;5;40;100m [0m        
       [0;30;44m@[0;34;5;44;104m88888888@@@@@88[0;35;5;40;100mt[0;34;5;44;104m88[0;37;43m8[0;37;5;43;103mS[0;37;5;40;100mX[0;34;5;44;104m@XXX[0;35;5;40;100m;[0;1;30;90;47mX[0;33;5;43;103m@%[0;1;33;93;43m@[0;1;30;90;43m8[0;33;5;43;103mt:::::[0;1;30;90;43m88[0;33;5;43;103mt[0;33;5;40;100m:[0;34;5;44;104m888888888888[0;1;34;94;44m8[0;1;30;90;47m8[0;37;5;47;107m@%%%%SSSS[0;37;5;40;100m@[0m       
      [0;30;44mS[0;34;5;44;104m88888888@@@@[0;1;30;90;44m8[0;35;5;40;100m:.[0;33;5;40;100m;[0;1;30;90;43m8[0;33;5;40;100m [0;37;5;43;103m@S[0;35;5;40;100m [0;34;5;44;104mXXXXX[0;1;30;90;44m8[0;33;5;43;103m@[0;37;5;43;103mSSS[0;37;43m8[0;37;5;40;100m@[0;37;43m8[0;33;5;43;103mt[0;1;33;93;43m8[0;33;5;40;100m@[0;33;5;43;103m:;;%[0;1;30;90;43mX[0;35;5;40;100m:[0;1;34;94;44mt[0;34;5;44;104m888888[0;1;34;94;44m@[0;1;30;90;44m8[0;1;34;94;44m@[0;1;30;90;44m8[0;1;37;97;47m%[0;37;5;47;107mSX%%%%%SSSS[0;1;30;90;47m@[0m      
     [0;30;44mS[0;34;5;44;104m88888888@@@@[0;1;34;94;44m8[0;1;30;90;44m8[0;35;5;40;100m:[0;33;5;40;100m:[0;37;43mX[0;1;33;93;43m@[0;37;5;43;103mXX[0;37;5;40;100mS[0;34;5;44;104mXXXXXXX[0;35;5;40;100m;[0;37;5;40;100m@[0;33;5;40;100mt[0;35;5;40;100mS [0;1;30;90;47mX[0;37;43mS[0;1;30;90;43m8[0;33;5;43;103m::::::;[0;35;5;40;100m;[0;34;5;44;104m888888[0;34;5;40;100mX[0;1;33;93;43m@X@[0;37;43m@[0;1;30;90;43m88[0;37;43mX[0;33;5;40;100m8[0;37;43mS[0;1;30;90;47m:[0;37;5;47;107m%%SSSSS[0;1;30;90;47m8[0m     
    [0;30;44m8[0;34;5;44;104m88888888@@@@@[0;1;30;90;44m8[0;35;5;40;100m .[0;33;5;40;100m.[0;1;30;90;43m8[0;37;5;43;103mXX@X[0;33;47m8[0;35;5;40;100m [0;34;5;44;104m@X[0;1;34;94;44m8[0;35;5;40;100m   [0;37;5;40;100mX[0;33;5;40;100m :[0;37;5;40;100mX[0;34;5;40;100mSX[0;37;43m@[0;33;5;43;103m%[0;1;33;93;43m@[0;33;5;43;103mX[0;33;5;40;100m@[0;33;5;43;103m%:%[0;1;33;93;43mX[0;1;34;94;44m8[0;34;5;44;104m8888[0;33;5;40;100m.[0;1;33;93;43mX[0;33;5;43;103m@X[0;1;33;93;43mX[0;37;43m8[0;37;5;47;107mttt%[0;1;30;90;47m%[0;1;30;90;43m:[0;37;5;47;107m@%SSSSSS[0;36;5;40;100m [0m    
   [0;34;40mS[0;1;34;94;44m8[0;34;5;44;104m8888888@@@@@XXX[0;35;5;40;100m%[0;1;30;90;43m8[0;37;5;43;103mX[0;33;47m8[0;37;43m8[0;37;5;43;103mXX8@8[0;37;5;40;100m8[0;35;5;44;104m8[0;34;5;44;104m@[0;35;5;40;100m [0;37;5;40;100mt[0;35;5;40;100m;[0;34;5;44;104m@[0;1;30;90;43m8[0;33;47m8[0;37;43m@[0;33;5;43;103mX[0;37;43m8[0;35;5;40;100m;[0;33;5;43;103mX::::[0;1;33;93;43mX[0;33;5;40;100m;[0;35;5;40;100mt[0;1;34;94;44m8[0;34;5;44;104m88[0;1;34;94;44m@[0;1;30;90;43m8[0;1;37;97;47mS@[0;37;5;47;107m8[0;1;37;97;47m8[0;37;5;47;107mXtt@[0;33;47mS[0;1;33;93;43mX[0;1;30;90;43m8[0;37;5;47;107m%%%SSSSSX[0;36;5;40;100m%[0m   
   [0;1;34;94;44m%[0;34;5;44;104m88888888@@@@XXX8[0;1;30;90;47m@[0;37;5;43;103mX[0;1;30;90;43m8[0;33;5;40;100m [0;1;30;90;47m%[0;33;47m8[0;37;5;43;103mX[0;33;47m8[0;37;5;43;103m8X@[0;33;47m8[0;1;30;90;47m8[0;35;5;40;100m.[0;34;5;44;104m8XX[0;35;5;40;100m% [0;1;30;90;44m8[0;35;5;40;100mt[0;37;5;40;100mX[0;37;43m@[0;33;5;43;103m.::[0;1;33;93;43mX[0;1;30;90;43m8[0;33;5;43;103m:[0;33;5;40;100m.[0;34;5;44;104m888[0;1;34;94;44m8[0;1;37;97;47m [0;37;5;47;107mttttt%[0;1;37;97;47mS[0;1;30;90;47mS[0;1;33;93;43m@[0;1;30;90;43m8[0;1;37;97;47m;[0;37;5;47;107mS%%%SSSSSX[0;1;37;97;47m@[0m   
  [0;30;44m@[0;34;5;44;104m888888888@@@@XX8[0;33;47m8[0;37;5;43;103mX[0;37;5;40;100m8[0;34;5;44;104mXX[0;36;5;44;104mX@[0;33;47m8[0;37;5;43;103mXXX[0;1;33;93;47m@[0;33;47m8[0;37;5;43;103mX@@[0;37;43m@[0;37;5;43;103m@XXSSS[0;33;5;43;103m8[0;33;5;40;100mS[0;33;5;43;103m::X8:[0;35;5;40;100m [0;34;5;44;104m88[0;1;30;90;47m8[0;37;5;47;107mXtttt[0;1;37;97;47m@[0;33;47mX[0;1;30;90;43m8[0;1;33;93;43m@[0;1;30;90;47m [0;1;37;97;47m8[0;37;5;47;107m%%%%%%SSSSSXX[0;37;5;40;100m8[0m  
  [0;1;34;94;44mX[0;34;5;44;104m88888888@@@@@X[0;34;5;40;100mS[0;37;5;43;103m@X[0;35;5;40;100m [0;34;5;44;104mXXS[0;36;5;44;104mXX[0;1;30;90;47m@[0;37;5;40;100m8[0;1;30;90;47mX[0;37;5;43;103m@88[0;33;47m88[0;37;5;43;103m@XX[0;1;30;90;43m8[0;37;43m@[0;37;5;43;103mSSSS%[0;33;5;43;103m:::::[0;34;5;40;100m@[0;36;5;40;100m;[0;1;37;97;47mS[0;37;5;47;107m;;tt[0;1;37;97;47mS[0;37;43m@[0;1;33;93;43m%[0;33;47m@[0;1;37;97;47mX[0;37;5;47;107mttt%%%%%%SSSSSXX8[0m  
 [0;30;44m8[0;34;5;44;104m8888888888@@@@[0;35;5;40;100mt[0;33;5;43;103mS[0;37;5;43;103mX[0;35;5;40;100m:[0;34;5;44;104mXXXX[0;36;5;44;104mXX8[0;36;5;40;100mt[0;35;5;40;100m [0;37;5;40;100m8[0;1;33;93;47m8[0;37;5;43;103m88@X@@XXSS[0;1;30;90;43m8[0;33;5;43;103mS[0;37;5;43;103m%[0;33;5;43;103m:[0;1;30;90;43m88[0;33;5;43;103m:[0;1;33;93;43mX[0;37;43mX[0;1;30;90;47m.[0;37;5;47;107mX;;t[0;33;47m8[0;1;33;93;43m%[0;33;47m@[0;37;5;47;107m8ttttt%%%%%%SSSSSXXX[0;37;5;40;100mS[0m 
 [0;1;30;90;44m;[0;34;5;44;104m8888888888@@@[0;35;5;40;100m.[0;33;5;43;103mt@[0;35;5;40;100m%[0;34;5;44;104mXXXXXS[0;36;5;44;104mXXX[0;35;5;44;104m@[0;37;5;40;100m@[0;1;30;90;47mt[0;33;47m@[0;1;30;90;47mS[0;33;5;40;100m [0;37;43m@[0;37;5;43;103mXXXXSS[0;37;43mX[0;33;5;43;103m%.:%%:[0;33;47m8[0;37;5;47;107m;;;;;[0;1;30;90;47m [0;33;5;43;103m%[0;1;30;90;47m [0;37;5;47;107mt[0;1;37;97;47m@[0;1;30;90;47m:[0;1;37;97;47m:[0;37;5;47;107mttt%%%%%%SSSSSXXX[0;1;37;97;47mt[0m 
 [0;1;34;94;44m8[0;34;5;44;104m8888888888@[0;1;30;90;44m8[0;1;30;90;43m8[0;1;33;93;43mX[0;37;43mX[0;1;34;94;44m8[0;34;5;44;104mXXXXXXXXS[0;36;5;44;104mXX@8[0;35;5;40;100m.[0;1;30;90;47m@[0;37;5;43;103m@X@[0;33;5;40;100mt[0;37;5;43;103mXS[0;33;5;43;103m@[0;37;5;43;103mSS%[0;33;5;43;103m::@@t[0;1;30;90;43m8[0;37;5;47;107m;;;;t[0;37;43m8[0;1;30;90;43m8[0;1;37;97;47mt[0;37;43mX[0;33;47m8[0;37;5;47;107m8tttt%%%%%%SSSSSXXXX[0;1;30;90;40mS[0m
[0;34;40mS[0;34;5;44;104m888888888888[0;1;34;94;44m8[0;33;5;40;100m.[0;1;30;90;43m8[0;35;5;40;100mt[0;34;5;44;104m@XXXXXXX[0;35;5;40;100mt [0;1;30;90;45m8[0;34;5;44;104mX[0;35;5;40;100m;[0;1;30;90;47m@[0;33;47m8[0;1;30;90;47mS[0;37;5;43;103m@XXXS[0;33;5;43;103m8[0;1;33;93;43mX[0;1;30;90;43m8[0;37;5;43;103mS[0;1;30;90;43m8[0;33;5;43;103m;S[0;1;33;93;43m@@[0;33;5;43;103m@[0;1;30;90;43mX[0;1;37;97;47mX[0;37;5;47;107m;;;t[0;37;43m@[0;1;33;93;43mS[0;33;5;43;103mX[0;33;47m8[0;37;5;47;107m%ttttt%%%%%%SSSSSXXXX[0;36;5;40;100m;[0m
[0;30;44m8[0;34;5;44;104m888888888888@@@@@@XXX[0;1;30;90;44m8[0;33;5;40;100m [0;33;47m8[0;37;5;40;100m@[0;33;5;40;100m.[0;1;33;93;43m8[0;1;30;90;47m@[0;37;5;40;100mS@[0;35;5;40;100m [0;37;43m@[0;37;5;43;103mX[0;33;5;43;103mSSXX[0;37;5;43;103mSS[0;1;33;93;43mX[0;33;5;43;103m;[0;1;30;90;43m8[0;33;5;43;103mt[0;1;33;93;43mX[0;33;5;43;103m:[0;1;33;93;43mS[0;33;5;43;103mX%[0;1;37;97;47m@[0;37;5;47;107m;;;t[0;33;47m8[0;1;33;93;43mX@[0;1;37;97;47mt[0;1;30;90;47m.[0;1;37;97;47m:[0;37;5;47;107m%tt%%%%%%SSSSSSXXX@[0;36;5;40;100m [0m
[0;30;44m@[0;34;5;44;104m8888888888888@@@@@@X8[0;35;5;40;100m% [0;37;5;40;100mX[0;37;43m@[0;37;5;43;103mSXS[0;37;43m@[0;33;5;43;103m@[0;37;5;43;103mS[0;33;5;43;103m%[0;37;5;43;103mSSS[0;33;5;40;100mS[0;37;43mX[0;33;5;43;103m%S@[0;1;30;90;43m8[0;33;5;43;103mX8[0;1;33;93;43mS[0;33;5;43;103m:[0;1;30;90;43m8[0;33;5;43;103m@;[0;1;37;97;47mt[0;37;5;47;107m;;tt[0;1;37;97;47m%[0;1;33;93;43mSX[0;1;30;90;43mt[0;1;37;97;47mS[0;37;5;47;107mS[0;1;37;97;47m8[0;37;5;47;107m8t%%%%%%SSSSSXXXX@[0;37;5;40;100m@[0m
[0;30;44m@[0;34;5;44;104m888888888888888@@@@@[0;1;34;94;44m88[0;35;5;40;100m [0;37;5;40;100mSS[0;33;5;43;103mX[0;37;5;43;103mS[0;33;5;43;103m%[0;37;43mX[0;1;33;93;43m@[0;37;5;43;103mSS[0;37;43m@[0;33;5;40;100m.[0;37;5;43;103mS[0;37;43m8[0;37;5;40;100mX[0;35;5;40;100m.[0;37;5;43;103m8[0;33;5;43;103m;t[0;1;30;90;43m8[0;33;5;43;103mS:::;;[0;1;37;97;47m;[0;37;5;47;107m;tttt[0;33;47m@[0;33;5;43;103m%[0;1;30;90;43m%[0;37;43m8[0;1;30;90;43m8[0;1;37;97;47mt[0;37;5;47;107m%%%%%%%SSSSSSXXXX@[0;37;5;40;100m@[0m
[0;30;44m8[0;34;5;44;104m8888888888888888@@@@@@8[0;34;5;40;100mX[0;33;5;40;100m [0;37;5;40;100m8[0;1;34;94;44m8[0;34;5;44;104m@8[0;35;5;40;100m;[0;37;5;40;100m8[0;35;5;40;100m:[0;34;5;44;104m@[0;1;34;94;44m8[0;35;5;40;100mt[0;34;5;44;104m8[0;1;30;90;47m8[0;37;5;47;107m%t[0;1;37;97;47mt[0;33;5;43;103m%@;:t[0;33;5;40;100m8[0;1;33;93;43m8[0;33;5;43;103m;[0;1;37;97;47m;[0;37;5;47;107mtttttS[0;1;30;90;43m8[0;33;5;43;103mS[0;1;33;93;43m@[0;37;5;47;107m8tt%%%%%%SSSSSXXXX@@[0;36;5;40;100m [0m
[0;34;40mS[0;34;5;44;104m888888888888888888@@@@@@@@@@@@@@@@[0;36;5;40;100m [0;1;37;97;47m@[0;37;5;47;107m::::[0;1;37;97;47m8[0;33;5;43;103m@::;t;;[0;1;37;97;47m:[0;37;5;47;107mtttttt8[0;1;30;90;43m8[0;1;33;93;43m%[0;37;5;47;107m8t%%%%%%SSSSSSXXXX@@[0;36;5;40;100m;[0m
 [0;1;34;94;44m8[0;34;5;44;104m88888888888888888888@@@@@@@@@@@8[0;1;37;97;47m [0;37;5;47;107m:::;;;S[0;1;37;97;47m:[0;1;33;93;43m8[0;33;5;43;103m;[0;1;30;90;43m@[0;1;33;93;43m8[0;33;5;43;103m;;[0;1;30;90;47m [0;37;5;47;107mttttttt[0;1;37;97;47mS[0;33;5;43;103mX[0;1;30;90;47m [0;37;5;47;107m%%%%%%%SSSSSXXXX@@@[0;1;30;90;40mS[0m
 [0;1;30;90;44m:[0;34;5;44;104m888888888888888888888888888888[0;1;30;90;47m8[0;37;5;47;107mX[0;1;37;97;47m88@X[0;1;33;93;47mSX@[0;33;47m8[0;1;33;93;43mS[0;1;30;90;43m%[0;33;5;43;103mt[0;1;33;93;43mX[0;33;5;43;103mS;tX[0;1;30;90;43mS[0;33;47m8[0;37;5;47;107m8ttttt[0;1;30;90;43m8[0;33;47m8[0;37;5;47;107m%%%%%%SSSSSSXXXX@@[0;1;37;97;47mt[0m 
 [0;30;44m8[0;34;5;44;104m8888888888888888888888888888[0;36;5;40;100m;[0;1;30;90;47m%[0;1;33;93;47m8[0;33;5;43;103mX;::;t[0;1;30;90;43m@[0;33;5;43;103mS;;[0;1;33;93;43m%S[0;33;5;43;103m;;t[0;33;5;40;100m8[0;1;33;93;43m@[0;1;30;90;43mt8[0;1;33;93;43mX[0;37;5;47;107m@ttt%[0;1;30;90;43m@[0;33;47m8[0;37;5;47;107m%%%%%SSSSSSXXXX@@@[0;37;5;40;100mS[0m 
  [0;1;34;94;44mX[0;34;5;44;104m88888888888888888888[0;34;5;40;100m@[0;1;34;94;44m%[0;34;5;44;104m88[0;1;34;94;44m8[0;34;5;40;100m@[0;33;5;40;100m [0;1;30;90;43m8[0;33;5;43;103m@;;[0;1;30;90;43m88[0;33;5;43;103m;;t[0;1;30;90;43mX[0;33;5;43;103m%;[0;1;33;93;43mX[0;1;30;90;43mt[0;33;5;43;103m%[0;1;30;90;43mS[0;33;5;43;103m8;;;@[0;1;37;97;47m:[0;1;30;90;43mS[0;1;30;90;47m%[0;37;5;47;107mttt[0;1;30;90;47m [0;1;33;93;43mX[0;1;37;97;47m@[0;37;5;47;107m%%%%SSSSSSXXXX@@@8[0m  
  [0;30;44m@[0;34;5;44;104m88888888888888888888[0;1;30;90;44m8[0;34;5;40;100m8X[0;35;5;40;100m:[0;33;47m@[0;1;37;97;47mX[0;1;30;90;47m%[0;33;5;43;103mS[0;1;30;90;43mX[0;33;5;43;103m8;;;;[0;1;33;93;43m8[0;1;33;93;47m88[0;33;5;43;103m88[0;1;33;93;43mS[0;33;5;43;103mX;[0;1;30;90;43mS[0;1;33;93;43m8[0;33;5;43;103m;t;[0;1;33;93;43m8[0;1;37;97;47m8[0;1;30;90;47m.[0;1;33;93;43mX[0;37;5;47;107m8t[0;1;37;97;47m;[0;1;30;90;43mS[0;1;37;97;47mt[0;37;5;47;107m%%%%SSSSSSXXXX@@@@[0;37;5;40;100m8[0m  
   [0;1;34;94;44mt8[0;34;5;44;104m88888888888888888888[0;36;5;40;100mt[0;1;37;97;47mS[0;37;5;47;107mtt[0;1;30;90;47m [0;33;5;43;103mt[0;1;33;93;43m%[0;33;5;43;103m8t;;[0;33;47m8[0;37;5;47;107mtttt[0;1;37;97;47m@[0;33;5;43;103m@%@;;;[0;33;5;40;100m8[0;1;33;93;43mX%[0;37;5;47;107m%@[0;1;33;93;43mS[0;1;30;90;43m8[0;1;33;93;43m@[0;37;43mS[0;1;37;97;47mX[0;37;5;47;107m%%%%SSSSSSXXXXX@@@[0;1;37;97;47mX[0m   
   [0;34;40mS[0;1;34;94;44m888[0;34;5;44;104m8888888888888888[0;1;34;94;44m8[0;1;37;97;47m [0;37;5;47;107mttttt[0;1;37;97;47m%[0;1;33;93;43m8[0;33;5;43;103m;[0;1;30;90;43m@X[0;33;5;43;103m;[0;33;47m8[0;37;5;47;107mtttt[0;1;30;90;47m [0;33;5;43;103mt[0;1;33;93;43mS[0;1;30;90;43mS[0;33;5;43;103m;;;;;[0;1;30;90;43m@[0;37;5;47;107mt%X[0;1;37;97;47mSX[0;37;5;47;107m%%%%SSSSSSSXXXXX@@@@[0;36;5;40;100mt[0m   
    [0;30;44m8[0;1;34;94;44m8888[0;34;5;44;104m888888888888[0;1;34;94;44m8[0;1;30;90;47m8[0;37;5;47;107m@tttttttX[0;37;43m8[0;33;5;43;103m;;;t[0;1;33;93;43m8[0;1;37;97;47mS[0;37;5;47;107mtt%[0;1;33;93;43mS[0;33;5;43;103m;;;S8;;[0;1;33;93;43m%[0;37;5;47;107mS%%%%%%%SSSSSSSXXXX@@@@@[0;37;5;40;100mS[0m    
     [0;30;44mS[0;1;34;94;44m88888[0;34;5;44;104m888888888[0;1;30;90;44m8[0;1;37;97;47m%[0;37;5;47;107mtttttttttt[0;1;30;90;47m.[0;33;5;43;103mt[0;1;33;93;43mS[0;1;30;90;43mX[0;33;5;43;103m;%[0;33;47m8[0;37;5;47;107mttt[0;33;47m8[0;33;5;43;103m;;;[0;1;33;93;43m%[0;1;30;90;43m%[0;33;5;43;103mttt[0;1;30;90;47m.[0;37;5;47;107m%%%%%SSSSSSSXXXXX@@@@@[0;1;30;90;47m8[0m     
      [0;30;44mS[0;1;34;94;44m8888888[0;34;5;44;104m8888[0;1;34;94;44m8[0;1;30;90;47mt[0;37;5;47;107mt[0;1;37;97;47m@XXX[0;37;5;47;107m%ttt[0;1;37;97;47m@[0;1;33;93;47mX[0;1;33;93;43m8[0;33;5;43;103mt;%X8[0;1;37;97;47mt[0;37;5;47;107mtt8[0;1;30;90;47m.[0;37;43mX[0;1;30;90;47m [0;1;33;93;43mX[0;33;5;43;103mtttt%[0;1;33;93;43mX[0;33;5;43;103mX[0;33;47m@[0;37;5;47;107m@%SSSSSSSSXXXXX@@@@@[0;1;30;90;47m@[0m      
       [0;30;44m@[0;1;34;94;44m888888888[0;1;30;90;47m8[0;37;5;47;107m@tS[0;1;37;97;47m.[0;33;47m8[0;1;30;90;43m%[0;33;5;43;103m@[0;1;33;93;43m@[0;1;33;93;47m@@[0;33;47m8[0;33;5;43;103m%;[0;1;30;90;43m%S[0;33;5;43;103m;;[0;1;33;93;43mX[0;37;5;47;107m8ttt[0;33;5;40;100mt[0;1;37;97;47m@[0;37;5;47;107m%%S[0;1;37;97;47mt[0;37;43m8[0;33;5;43;103mtt8[0;1;30;90;43m%[0;33;5;43;103mXS[0;1;37;97;47mt[0;37;5;47;107mSSSSSSSXXXXXX@@@@@[0;37;5;40;100m8[0m       
        [0;34;40m8[0;1;34;94;44m@88888[0;1;30;90;44m8[0;1;37;97;47mt[0;37;5;47;107m%%[0;1;37;97;47m%[0;1;30;90;47m;;[0;1;30;90;43m@[0;1;33;93;43m%[0;33;5;43;103m@;;[0;1;30;90;43mS%[0;33;5;43;103m;t[0;1;33;93;43m@[0;33;5;43;103mX[0;37;43m@[0;1;33;93;47mX[0;1;30;90;47m [0;37;5;47;107m%%%%[0;1;37;97;47m8[0;37;5;47;107m8%%%S[0;37;43mX[0;33;5;43;103mtttt8[0;33;47m@[0;1;37;97;47m8[0;37;5;47;107mSSSSSXXXXXX@@@@@8[0;36;5;40;100m [0m        
          [0;1;34;94;44m.888[0;1;30;90;47m%[0;37;5;47;107m%%%%%[0;1;37;97;47mS[0;1;30;90;43m8[0;37;43m@[0;33;47m8[0;1;33;93;43mS[0;33;5;43;103mt[0;1;33;93;43m@88[0;33;47m8[0;1;30;90;47m [0;37;5;47;107m%@%%%%%%%%%%%%[0;1;37;97;47m:[0;33;5;43;103mS[0;1;30;90;43mt[0;33;5;40;100m8[0;33;5;43;103mtt[0;1;30;90;43m8[0;37;5;47;107mXSSSSXXXXXX@@@@@@[0;1;37;97;47m.[0m          
           [0;30;44m8[0;36;5;40;100m [0;37;5;47;107m8S%%%%%[0;1;37;97;47m8[0;37;5;47;107mS[0;1;37;97;47m%[0;1;30;90;47m@ [0;1;37;97;47m%[0;37;5;47;107mS%%%%%%%%%%%%%%%%%S[0;1;30;90;47m.[0;33;5;43;103mXtt[0;1;33;93;43m@[0;33;5;43;103m%[0;1;30;90;43m8[0;37;5;47;107m@SSXXXXXXX@@@@@8[0;36;5;40;100m [0m           
             [0;1;30;90;47m@[0;37;5;47;107mXSSSSSS%%%%%%%%%%%%%%%%%[0;1;37;97;47mS[0;1;30;90;47m:%[0;33;47m8[0;1;37;97;47m;%[0;37;43m8[0;1;30;90;43m;;[0;33;5;43;103m%%[0;1;30;90;47m;[0;1;37;97;47mt%[0;37;5;47;107mXXXXXXX@@@@@@8[0;1;30;90;47mX[0m             
               [0;1;30;90;47mX[0;37;5;47;107m@SSSSSSSSSSSSSSSSSSSSS[0;1;37;97;47m8:[0;37;43m@[0;1;30;90;43m%[0;33;5;43;103mX%%[0;1;33;93;43mS%[0;37;43mX[0;1;37;97;47m;[0;37;5;47;107mXXXXXXXX@@@@@@8[0;1;30;90;47m@[0m               
                 [0;37;5;40;100m@[0;1;37;97;47m8[0;37;5;47;107mSSSSSSSSSSSSSSSSSS[0;1;37;97;47m8[0;37;5;40;100m8[0;1;30;90;47mt;[0;1;30;90;43m8[0;1;33;93;43mXXX[0;33;5;43;103m%[0;1;30;90;47mt[0;37;5;47;107mXXXXXXX@@@@@@@[0;1;37;97;47m8[0;37;5;40;100m8[0m                 
                   [0;36;5;40;100m;[0;1;30;90;47mS[0;37;5;47;107m8SSSSSSSSSSSSSSS@X[0;1;37;97;47m.[0;1;30;90;43m8[0;33;47m@[0;1;37;97;47m;[0;37;5;47;107mX[0;1;37;97;47mS[0;33;5;40;100m8[0;37;5;47;107m8XXXX@@@@@@@[0;1;37;97;47m8[0;1;30;90;47mX[0;36;5;40;100m;[0m                   
                      [0;30;5;40;100mS[0;1;30;90;47m8[0;1;37;97;47m%[0;37;5;47;107mXXXXXXXXXXXXXX[0;1;37;97;47mS[0;37;5;47;107mXXXXX@XX@@@@@@@[0;1;37;97;47mt[0;1;30;90;47m8[0;36;5;40;100m%[0m                      
                          [0;36;5;40;100m;[0;37;5;40;100m@[0;1;30;90;47m:[0;1;37;97;47m@[0;37;5;47;107mXXXXXXXXXXXXX@@@@@@@[0;1;37;97;47m@[0;1;30;90;47m:[0;37;5;40;100m8[0;36;5;40;100m;[0m                          
                                [0;36;5;40;100m; [0;37;5;40;100mX[0;1;30;90;47m8Xt;::;tX8[0;37;5;40;100mX[0;36;5;40;100m ;[0m                                
