[0;30;41m8[0;1;31;91;41m........:::::::::::::::::::::::::::::::::::::::::................ [0;1;30;90;41m.      [0;30;41m     8[0m
[0;30;41m%[0;1;31;91;41m888888[0;31;5;41;101m888888888888888888888888888888888888888888888[0;1;31;91;41m888888888888888888888@@@@@@[0;30;41m%[0m
[0;30;41m%[0;1;31;91;41m8888[0;31;5;41;101m888888888888888888888888888888888888888888888888[0;1;31;91;41m888888888888888888888@@@@@[0;30;41m%[0m
[0;30;41m%[0;1;31;91;41m888[0;31;5;41;101m888888888888888888888888888888888888888888888888888[0;1;31;91;41m88888888888888888888@@@@[0;30;41m%[0m
[0;30;41m%[0;1;31;91;41m8[0;31;5;41;101m8888888888888888888888888888888[0;1;31;91;41m%8[0;31;5;41;101m8888888888888888888888[0;1;31;91;41m8888888888888888888@@@[0;30;41m%[0m
[0;30;41m%[0;31;5;41;101m88888888888888888888888888888888[0;35;5;40;100mt[0;1;37;97;47m.[0;37;5;40;100mt[0;1;30;90;41m8[0;1;31;91;41m8[0;31;5;41;101m88888888888888888888[0;1;31;91;41m8888888888888888888@@[0;30;41m%[0m
[0;30;41m%[0;31;5;41;101m88888888888888888888888888888888[0;35;5;40;100m.[0;37;5;47;107mttS[0;1;37;97;47m [0;35;5;40;100m [0;1;30;90;41m8[0;31;5;41;101m8888888888888888888[0;1;31;91;41m888888888888888888@@[0;30;41m%[0m
[0;30;41m%[0;31;5;41;101m8888888888888888888888@@@@@@@@@@[0;35;5;40;100m [0;37;5;47;107m;ttttX[0;37;5;40;100mX[0;35;5;40;100m [0;1;30;90;41m@[0;31;5;41;101m88888888888888888[0;1;31;91;41m888888888888888888@[0;30;41m%[0m
[0;30;41m%[0;31;5;41;101m8888888888888888888@@@@@@@@@@@@@[0;35;5;40;100m [0;37;5;47;107m;;;;;t[0;1;30;90;47mt[0;37;5;47;107m@8[0;1;30;90;47m%[0;35;5;40;100m.[0;1;30;90;41mX[0;31;5;41;101m888888888888888[0;1;31;91;41m88888888888888888@[0;30;41m%[0m
[0;30;41m%[0;31;5;41;101m8888888888888888@@@@@@@@@@@XXX@@[0;37;5;40;100m%[0;37;5;47;107m;;;;;;[0;1;30;90;47m;[0;37;5;47;107mX@@@[0;1;37;97;47m8[0;37;5;40;100mS[0;1;31;91;41m@[0;31;5;41;101m88888888888888[0;1;31;91;41m88888888888888888[0;30;41m%[0m
[0;30;41m%[0;31;5;41;101m888888888888888@@@@@@@XXXXXXXXXX[0;37;5;40;100m@[0;37;5;47;107m:::;;;[0;1;30;90;47m;[0;37;5;47;107mXX@@@[0;1;30;90;47m%[0;1;31;91;41mX[0;31;5;41;101m88888888888888[0;1;31;91;41m88888888888888888[0;30;41m%[0m
[0;30;41m%[0;31;5;41;101m8888888888888@@@@@@XXXXXXXXXXXXX[0;1;30;90;47m8[0;37;5;47;107m:::::;[0;1;30;90;47m;[0;37;5;47;107mXXX@@[0;1;30;90;47mt[0;1;31;91;41mX[0;31;5;41;101m888888888888888[0;1;31;91;41m8888888888888888[0;30;41m%[0m
[0;30;41m%[0;31;5;41;101m888888888888@@@@@@XXXXXXXXXXXXXX[0;1;30;90;47m8[0;37;5;47;107m..::::[0;1;30;90;47m:[0;37;5;47;107mSXXX@[0;1;30;90;47m:[0;1;31;91;41mX[0;31;5;41;101m888888888888888[0;1;31;91;41m8888888888888888[0;30;41m%[0m
[0;30;41m%[0;31;5;41;101m888888888888@@@@@XXXXXXXXXXXXXXX[0;1;30;90;47mX[0;37;5;47;107m....::[0;1;30;90;47m:[0;37;5;47;107mSSXXX[0;1;30;90;47m.[0;1;31;91;41mS[0;31;5;41;101m8888888888888888[0;1;31;91;41m888888888888888[0;30;41m%[0m
[0;30;41m%[0;31;5;41;101m88888888888@@@@@XXXXXXXXXS[0;35;5;41;101mXXXXX[0;31;5;41;101mS[0;1;30;90;47mS[0;37;5;47;107m.....:[0;1;30;90;47m:[0;37;5;47;107mSSSXX[0;1;30;90;47m.[0;1;31;91;41mS[0;31;5;41;101m8888888888888888[0;1;31;91;41m888888888888888[0;30;41m%[0m
[0;30;41m%[0;31;5;41;101m88888888888@@@@XXXXXXXXS[0;35;5;41;101mXXXXXXXX[0;1;30;90;47mt[0;37;5;47;107m.....:[0;1;30;90;47m.[0;37;5;47;107mSSSXX[0;1;37;97;47m [0;1;31;91;41mS[0;31;5;41;101m8888888888888888[0;1;31;91;41m888888888888888[0;30;41m%[0m
[0;30;41m%[0;31;5;41;101m88888888888@@@@XXXXXXXS[0;35;5;41;101mXXXXXXXX@[0;1;30;90;47m;[0;37;5;47;107m......[0;1;30;90;47m.[0;37;5;47;107mSSSXX[0;1;37;97;47m.[0;1;30;90;41m@[0;31;5;41;101m8888888888888888[0;1;31;91;41m888888888888888[0;30;41m%[0m
[0;30;41m%[0;31;5;41;101m8888888888@@@@@XXXXXXXS[0;35;5;41;101mXXXXXXXX@[0;1;30;90;47m.[0;37;5;47;107m......[0;1;30;90;47m.[0;37;5;47;107mSSSXX[0;1;37;97;47m:[0;1;30;90;41m@[0;31;5;41;101m8888888888888888[0;1;31;91;41m888888888888888[0;30;41m%[0m
[0;30;41m%[0;31;5;41;101m88888888888@@@@XXXXXXXX[0;35;5;41;101mXXXXXXXX8[0;1;30;90;47m [0;37;5;47;107m......[0;1;30;90;47m:[0;37;5;47;107mSSSXX[0;1;37;97;47m;[0;1;30;90;41m@[0;31;5;41;101m8888888888888888[0;1;31;91;41m888888888888888[0;30;41m%[0m
[0;30;41m%[0;31;5;41;101m88888888888@@@@XXXXXXXXXS[0;35;5;41;101mXXXXXX8[0;1;37;97;47m.[0;37;5;47;107m.....:[0;1;30;90;47m:[0;37;5;47;107mSSSXX[0;1;37;97;47m;[0;1;30;90;41m@[0;31;5;41;101m8888888888888888[0;1;31;91;41m888888888888888[0;30;41m%[0m
[0;30;41m%[0;31;5;41;101m88888888888@@@@@XXXXXXXXXSSSSSS8[0;1;37;97;47m:[0;37;5;47;107m.....:[0;1;30;90;47m:[0;37;5;47;107mSSXXX[0;1;37;97;47mt[0;1;30;90;41m@[0;31;5;41;101m8888888888888888[0;1;31;91;41m888888888888888[0;30;41m%[0m
[0;30;41mS[0;31;5;41;101m888888888888@@@@@XXXXXXXXXXXXXX[0;1;31;91;41m8[0;1;37;97;47m;[0;37;5;47;107m...:::[0;1;30;90;47m;[0;37;5;47;107mSSXXX[0;1;37;97;47m%[0;1;30;90;41m@[0;31;5;41;101m888888888888888[0;1;31;91;41m8888888888888888[0;30;41mS[0m
[0;30;41m8[0;31;5;41;101m8888888888888@@@@88@XXXXXXXXXXX[0;1;31;91;41m8[0;1;37;97;47mt[0;37;5;47;107m.::::@[0;1;30;90;47mS[0;37;5;47;107mXXXX@[0;1;37;97;47m%[0;1;30;90;41mX[0;31;5;41;101m88888888888[0;1;31;91;41m@SX88888888888888888[0;30;41m8[0m
[0;31;40mX[0;31;5;41;101m88888888888888@[0;31;5;40;100mS[0;1;30;90;47mX[0;1;37;97;47m;t;[0;1;30;90;47mS[0;35;5;40;100mt[0;31;5;41;101mXXXXXXXXX[0;1;30;90;41m8[0;1;37;97;47m%[0;37;5;47;107m:::[0;1;37;97;47m8[0;1;30;90;47mXSS8[0;1;37;97;47m.[0;37;5;47;107mX@@[0;1;37;97;47mS[0;1;30;90;41mX[0;31;5;41;101m888888888[0;1;30;90;41m8[0;1;30;90;47m8. .X[0;31;5;40;100m8[0;1;31;91;41m888888888888888[0;31;40m@[0m
 [0;1;31;91;41m8[0;31;5;41;101m8888888888888[0;1;30;90;41m8[0;1;37;97;47m%[0;1;30;90;47mt[0;1;37;97;47m:t:[0;1;30;90;47m.[0;1;37;97;47m:[0;35;5;40;100m;[0;31;5;41;101mXXXXXXXX[0;1;30;90;41m8[0;1;37;97;47mS[0;37;5;47;107m::[0;1;37;97;47m.[0;1;30;90;47m@[0;1;37;97;47m.SX.[0;1;30;90;47mX@[0;37;5;47;107m8@[0;1;37;97;47mS[0;1;30;90;41mS[0;31;5;41;101m88888888[0;1;30;90;41m8[0;1;30;90;47m:X [0;1;37;97;47m: [0;1;30;90;47m8[0;1;37;97;47m;[0;1;30;90;41m8[0;1;31;91;41m88888888888888[0m 
 [0;1;31;91;41m;[0;31;5;41;101m8888888888888[0;35;5;40;100m;[0;1;37;97;47mS[0;1;30;90;47m.[0;37;5;47;107m8888[0;1;30;90;47mS.XSSSSSSSS[0;1;37;97;47m.;[0;1;30;90;47m [0;37;5;40;100m8[0;1;37;97;47m:8[0;37;5;47;107m88[0;1;37;97;47m8:[0;1;30;90;47m8%[0;1;37;97;47m [0;1;30;90;47m.@@@@@@888t8[0;1;37;97;47mX888[0;1;30;90;47m: [0;35;5;40;100m%[0;1;31;91;41m8888888888888t[0m 
 [0;30;41mS[0;31;5;41;101m8888888888888[0;1;31;91;41mX[0;1;30;90;47mt:[0;1;37;97;47m   .[0;1;30;90;47mt:[0;1;37;97;47m............[0;37;5;40;100m8[0;1;37;97;47mS[0;37;5;47;107m8888[0;1;37;97;47mX[0;37;5;40;100m8[0;1;30;90;47m.....::::::;%@;;;;%@[0;1;31;91;41m%8888888888888[0;30;41m%[0m 
  [0;1;31;91;41m8[0;31;5;41;101m8888888888888[0;1;31;91;41m8[0;31;5;40;100mS[0;35;5;40;100m.              .. [0;37;5;40;100m@[0;1;37;97;47m:8[0;37;5;47;107m888[0;1;37;97;47mt[0;37;5;40;100m8[0;35;5;40;100m tt%%[0;31;5;40;100m%SSSXXX@[0;1;30;90;41m88888@[0;1;31;91;41m@8888888888888@[0;31;40m%[0m 
  [0;1;30;90;41m:[0;31;5;41;101m888888888888888888888888888888888[0;35;5;40;100m [0;1;30;90;47m8S::t8[0;35;5;40;100m [0;1;31;91;41m8[0;31;5;41;101m88888888888888[0;1;31;91;41m888888888888888888.[0m  
  [0;31;40mS[0;1;31;91;41m8[0;31;5;41;101m88888888888888888888888888888888[0;35;5;40;100m%[0;1;30;90;47m8:[0;1;37;97;47m;;[0;1;30;90;47m.@[0;35;5;40;100m [0;31;5;41;101m88888888888888[0;1;31;91;41m888888888888888888@[0;31;40mX[0m  
   [0;30;41m:[0;31;5;41;101m88888888888888888888888888888888[0;35;5;40;100m%[0;37;5;40;100mX[0;1;30;90;47m8SS8[0;37;5;40;100mX[0;35;5;40;100m.[0;31;5;41;101m888888888888[0;1;31;91;41m88888888888888888888[0;30;41m.[0m   
    [0;1;31;91;41mX[0;31;5;41;101m8888888888888888888888888888888[0;35;5;40;100m;[0;37;5;40;100mS8[0;1;30;90;47m88[0;37;5;40;100m8S[0;36;5;40;100m [0;1;31;91;41m@[0;31;5;41;101m8888888888[0;1;31;91;41m88888888888888888888S[0m    
    [0;31;40m8[0;1;31;91;41m8[0;31;5;41;101m888888888888888888888888888888[0;35;5;40;100m [0;37;5;40;100m8[0;1;30;90;47mXttS[0;37;5;40;100m8[0;36;5;40;100m [0;1;30;90;41mX[0;31;5;41;101m88888888[0;1;31;91;41m888888888888888888888@[0;31;40m8[0m    
     [0;30;41m@[0;1;31;91;41m88[0;31;5;41;101m888888888888888888888888888[0;1;31;91;41m@[0;36;5;40;100m [0;1;30;90;47mX[0;1;37;97;47m ttt[0;1;30;90;47m%[0;37;5;40;100m8[0;1;30;90;41m@[0;31;5;41;101m888888[0;1;31;91;41m8888888888888888888888@[0;30;41mX[0m     
      [0;30;41mt[0;1;31;91;41m888[0;31;5;41;101m8888888888888888888888888[0;1;31;91;41mX[0;36;5;40;100m [0;37;5;40;100m8[0;1;30;90;47mXttt8[0;37;5;40;100mS[0;1;30;90;41m@[0;31;5;41;101m8888[0;1;31;91;41m88888888888888888888888@[0;30;41m;[0m      
       [0;30;41m:[0;1;31;91;41m88888[0;31;5;41;101m8888888888888888888888[0;1;31;91;41mS[0;36;5;40;100m [0;37;5;40;100m8[0;1;30;90;47mX%%%[0;37;5;40;100m8[0;36;5;40;100m [0;1;30;90;41m@[0;31;5;41;101m8[0;1;31;91;41m888888888888888888888888@@[0;30;41m.[0m       
        [0;30;41m;[0;1;31;91;41m88888888[0;31;5;41;101m888888888888888888[0;1;31;91;41mX[0;36;5;40;100m [0;37;5;40;100mX[0;1;30;90;47m8XXX[0;37;5;40;100m8[0;36;5;40;100m [0;1;30;90;41mX[0;1;31;91;41m888888888888888888888888@@[0;30;41m:[0m        
         [0;30;41mS[0;1;31;91;41m888888888888[0;31;5;41;101m8888888888888[0;1;31;91;41m8[0;36;5;40;100m [0;1;30;90;47mX[0;1;37;97;47m.tt;[0;1;30;90;47m%[0;37;5;40;100mX[0;1;30;90;41mX[0;1;31;91;41m88888888888888888888888@@[0;30;41mS[0m         
          [0;31;40m8[0;1;31;91;41m@888888888888888888888888[0;35;5;40;100m:[0;37;5;40;100m@[0;1;30;90;47mXttS[0;37;5;40;100m8[0;36;5;40;100m [0;1;31;91;41mt888888888888888888888@@X[0;31;40m8[0m          
            [0;1;31;91;41m;88888888888888888888888[0;31;5;40;100mS[0;36;5;40;100m [0;37;5;40;100m@[0;1;30;90;47m88[0;37;5;40;100m8[0;36;5;40;100m .[0;1;31;91;41mS8888888888888888888@@@;[0m            
             [0;30;41m%[0;1;31;91;41m8888888888888888888888[0;31;5;40;100m8[0;36;5;40;100m [0;37;5;40;100mS88X[0;36;5;40;100m ;[0;1;31;91;41m888888888888888888@@@@[0;30;41m%[0m             
              [0;31;40mS[0;1;31;91;41m;88888888888888888888[0;1;30;90;41m8[0;1;30;90;47m88XX8[0;37;5;40;100m@[0;35;5;40;100m [0;1;31;91;41m8888888888888888@@@@;[0;31;40mS[0m              
                [0;30;41m8[0;1;31;91;41mX888888888888888888[0;31;5;40;100m@[0;1;30;90;47m8[0;1;37;97;47m;SXX;[0;37;5;40;100mX[0;1;31;91;41m;8888888888888@@@@S[0;30;41m8[0m                
                  [0;30;41m%[0;1;31;91;41m@888888888888888[0;1;30;90;41mX[0;1;30;90;47mX[0;1;37;97;47m%XXXXXS[0;37;5;40;100mS[0;1;31;91;41mS888888888@@@@@@[0;30;41mt[0m                  
                    [0;30;41mt[0;1;31;91;41m@8888888888888[0;31;5;40;100m@[0;1;30;90;47m;[0;1;37;97;47mSXXXXXX[0;1;30;90;47mX[0;1;30;90;41m%[0;1;31;91;41m888888@@@@@@X[0;30;41mt[0m                    
                      [0;30;41m%[0;1;31;91;41mX88888888888[0;1;30;90;41mt[0;37;5;40;100m8[0;1;30;90;47m.[0;1;37;97;47m%SSSS:[0;35;5;40;100m [0;1;31;91;41mX88@@@@@@@@X[0;30;41m%[0m                      
                        [0;30;41m@[0;1;31;91;41m%8888888888[0;1;30;90;41m%[0;35;5;40;100m [0;1;30;90;47m@. .8[0;35;5;40;100m%[0;1;31;91;41m%@@@@@@@@@%[0;30;41mX[0m                        
                          [0;31;40m@[0;30;41m.[0;1;31;91;41m@888@@@@@@t[0;1;30;90;41m%Xt[0;1;31;91;41mS@@@@@@@@@[0;30;41m [0;31;40m8[0m                          
                             [0;30;41m@[0;1;31;91;41m:@@@@@@@@@@@@@@@@@@:[0;30;41m@[0m                             
                                [0;30;41mX[0;1;31;91;41m;@@@@@@@@@@@@t[0;30;41mS[0m                                
                                   [0;30;41m@[0;1;31;91;41m X@@@@@.[0;30;41m@[0m                                   
                                      [0;31;40m@[0;30;41m%%[0;31;40m8[0m                                      
