[0;33;5;40;100mX[0;1;30;90;47mttttttttttttttttttttt;;;;;;;;;;;;;;;tttttttttttttttttttt%%%%%%%%%SSSSSSSSXXXXX[0;33;5;40;100mX[0m
[0;33;5;40;100m:[0;1;37;97;47m8888888888888888888888888888888888888888888888888888888888888888888888@@@@@XXX[0;33;5;40;100m:[0m
[0;33;5;40;100m:[0;1;37;97;47m88888888888888888888888888888888888888888888888888888888888888888888888@@@@@XX[0;33;5;40;100m:[0m
[0;33;5;40;100m:[0;1;37;97;47m888888888888888888888888888888888888t8[0;1;30;90;47m [0;1;37;97;47m8[0;1;30;90;47m:[0;1;37;97;47m8t88888888888888888888888888888@@@@@X[0;33;5;40;100m:[0m
[0;33;5;40;100m:[0;1;37;97;47m8888888888888888888888888[0;1;30;90;47mt[0;1;37;97;47m8[0;1;30;90;47m [0;1;37;97;47m8888888[0;1;30;90;47m:8[0;1;37;97;47m%[0;1;30;90;47mS :[0;1;37;97;47m@[0;1;30;90;47m8[0;1;37;97;47m8[0;1;30;90;47mX[0;1;37;97;47m88888[0;1;30;90;47m:[0;1;37;97;47m8[0;1;30;90;47mS[0;1;37;97;47m8X888888888888888888@@@@X[0;33;5;40;100m:[0m
[0;33;5;40;100m:[0;1;37;97;47m888888888888888888888[0;1;30;90;47m.[0;1;37;97;47m8[0;1;30;90;47mt[0;1;37;97;47m::[0;1;30;90;47m.88[0;1;37;97;47m8;888[0;1;30;90;47m%8%t%[0;37;5;40;100m@[0;1;37;97;47m8[0;37;5;40;100m@[0;1;37;97;47m8[0;1;30;90;47m8[0;1;37;97;47m%[0;1;30;90;47mX[0;1;37;97;47m8[0;1;30;90;47m [0;1;37;97;47mX[0;1;30;90;47m8[0;33;5;40;100m:[0;1;30;90;47mt ;t[0;1;37;97;47m8[0;1;30;90;47m;[0;1;37;97;47m88888888888888888@@@@[0;33;5;40;100m:[0m
[0;33;5;40;100m.[0;1;37;97;47m8888888888888888888%@@[0;1;30;90;47m8[0;1;37;97;47m8[0;1;30;90;47mS[0;1;37;97;47mt[0;1;30;90;47m88X[0;1;37;97;47m:[0;1;30;90;47mX[0;1;37;97;47m%8%[0;1;30;90;47mt%8[0;37;5;40;100mX[0;1;30;90;47mt[0;33;5;40;100m [0;1;30;90;47m .8:8t[0;37;5;40;100m@[0;1;30;90;47m8;X[0;37;5;40;100m8[0;33;5;40;100m.[0;1;30;90;47m X[0;1;37;97;47m@[0;37;5;40;100m@[0;1;37;97;47mXSt888888888888888@@@@[0;33;5;40;100m:[0m
[0;33;5;40;100m.[0;1;37;97;47m8888888888888888888:[0;1;30;90;47m %[0;1;37;97;47m@[0;1;30;90;47m%[0;1;37;97;47m:[0;1;30;90;47mS 8[0;33;5;40;100m [0;1;30;90;47m8%8[0;1;37;97;47m;[0;1;30;90;47mt88[0;37;5;40;100mX[0;33;5;40;100m;[0;1;30;90;47m888888@8[0;33;5;40;100m%[0;1;30;90;47m8[0;33;5;40;100m.;:[0;1;30;90;47m:8:@[0;1;37;97;47m%[0;1;30;90;47m8; [0;1;37;97;47m8888888888888888@@@[0;33;5;40;100m:[0m
[0;33;5;40;100m.[0;1;37;97;47m8888888888888S;%[0;1;30;90;47m [0;1;37;97;47m8%[0;1;30;90;47m:t;S%.S88[0;33;5;40;100m:;[0;37;5;40;100mS[0;33;5;40;100m [0;1;30;90;47mX8[0;37;5;40;100mX[0;33;5;40;100m.S[0;1;30;90;43m8[0;1;32;92;43m8[0;1;33;93;43m.[0;1;32;92;43m8[0;1;30;90;43m8[0;33;5;40;100m.[0;37;5;40;100mX[0;1;30;90;47mX[0;33;5;40;100mS%;@S;:[0;1;30;90;47m8%88X@S[0;1;37;97;47m;8[0;1;30;90;47m:   [0;1;37;97;47m8888888888@@@[0;33;5;40;100m:[0m
[0;33;5;40;100m.[0;1;37;97;47m88888888888:8[0;1;30;90;47m %S:X8 8.88[0;37;5;40;100mS[0;33;47m8[0;37;43mSXX[0;1;30;90;43m8[0;33;5;40;100m%:[0;37;5;40;100mX[0;1;30;90;47m8[0;33;5;40;100m:[0;32;5;40;100mX[0;1;30;90;43m8[0;37;43m@[0;36;47m8[0;37;5;46;106m@[0;37;43m@[0;1;30;90;43m8[0;33;5;40;100m;[0;1;30;90;47mX8[0;32;5;40;100m@[0;33;5;40;100mX[0;1;30;90;42m8[0;32;43mX[0;1;32;92;43m888[0;1;30;90;43m8[0;33;5;40;100mt.:[0;1;30;90;47m%[0;33;5;40;100m:[0;1;30;90;47mt[0;33;5;40;100m.[0;37;5;40;100m8[0;1;30;90;47mS88:[0;1;37;97;47mS[0;1;30;90;47m [0;1;37;97;47m888888888@@[0;33;5;40;100m:[0m
[0;33;5;40;100m.[0;1;37;97;47m8888888888[0;1;30;90;47m [0;1;37;97;47m8[0;1;30;90;47m.%[0;1;37;97;47mS[0;1;30;90;47m@88S8[0;33;5;40;100m. [0;1;30;90;47m%8[0;33;5;40;100m [0;1;30;90;43m8[0;1;33;93;43m%[0;37;5;46;106m8[0;1;36;96;47m8[0;36;47m@[0;37;43m@[0;33;5;40;100mS[0;1;30;90;47m8[0;1;37;97;47mt[0;1;30;90;47m@[0;33;5;40;100m%[0;1;30;90;43m8[0;1;36;96;47m8[0;1;33;93;47m8[0;1;36;96;47mX[0;1;30;90;47m8[0;1;30;90;43m8[0;33;5;40;100m..tt[0;1;30;90;42m8[0;1;32;92;43m8[0;36;47m8[0;36;5;46;106mX[0;1;36;96;46mX[0;1;33;93;43m.[0;32;43m8[0;33;5;40;100mS [0;1;30;90;47m8[0;33;5;40;100mSX;[0;1;30;90;47m8[0;33;5;40;100m..[0;37;5;40;100m@[0;1;30;90;47m 8t[0;1;37;97;47m8[0;1;30;90;47m;[0;1;37;97;47m@8888888@@[0;33;5;40;100m:[0m
[0;33;5;40;100m.[0;1;37;97;47m88888888888[0;1;30;90;47m;t[0;1;37;97;47m%[0;1;30;90;47m.%X[0;33;5;40;100m . [0;1;30;90;47m8[0;33;5;40;100m :[0;37;5;40;100mS[0;1;30;90;47m8[0;33;5;40;100m.[0;37;43m@[0;37;5;46;106m8[0;1;33;93;47m8[0;37;5;43;103m8[0;1;30;90;47m@[0;1;30;90;43m8[0;33;5;40;100mt[0;1;30;90;47mS[0;33;5;40;100m %[0;1;30;90;43m8[0;33;47mX[0;37;5;43;103mS[0;33;47m@[0;1;30;90;43m8[0;32;5;40;100mX[0;33;5;40;100m [0;1;37;97;47m;[0;1;30;90;47m8[0;32;5;40;100m8[0;32;43m@[0;1;30;90;47m8[0;37;5;43;103m@[0;1;33;93;47m8[0;1;36;96;46mX[0;1;32;92;43m8[0;33;5;40;100m@;S[0;32;5;40;100m8[0;33;5;40;100mXtXXS[0;1;30;90;47m88t @X[0;1;37;97;47mX888888888@[0;33;5;40;100m:[0m
[0;33;5;40;100m.[0;1;37;97;47m888888888[0;1;30;90;47m.::..;;8[0;37;43m8[0;1;30;90;43m888[0;33;5;40;100mtt[0;1;30;90;47m8t8[0;33;5;40;100m:[0;1;30;90;43m8[0;33;47m@[0;37;5;43;103m8[0;33;47m8[0;33;5;40;100m.t:.t;;[0;37;43m8[0;1;30;90;47m8[0;33;5;40;100m%X[0;1;30;90;47mt[0;1;37;97;47mS[0;33;5;40;100mX[0;1;30;90;42m8[0;1;30;90;43m8[0;37;43m8[0;33;5;43;103mX[0;37;43m8[0;32;43m8[0;1;30;90;42m8[0;33;5;40;100mt[0;1;30;90;47m8[0;33;5;40;100m%[0;1;30;90;42m@@[0;33;42m8[0;32;43m8@[0;1;30;90;43m88[0;1;30;90;47m@X%%SSt[0;1;37;97;47m88888888@[0;33;5;40;100m:[0m
[0;33;5;40;100m.[0;1;37;97;47m888888888[0;1;30;90;47m ...8[0;37;5;40;100mS[0;1;30;90;47m8[0;37;43m8[0;1;33;93;43m%[0;33;47m@[0;36;47m8X[0;33;47m8[0;1;30;90;43m8[0;33;5;40;100m:[0;1;30;90;47m8[0;1;37;97;47m:[0;33;5;40;100m :[0;1;30;90;47m88[0;33;5;40;100m :.::::S.   [0;1;37;97;47mX[0;1;30;90;47m@[0;33;5;40;100mSS[0;1;30;90;42m8[0;33;5;40;100mX;t[0;1;30;90;42m8[0;33;5;40;100mX[0;1;30;90;47m;[0;33;5;40;100mt[0;1;30;90;42m8[0;32;43m8[0;1;32;92;43m8[0;37;46m8@[0;1;30;90;43m8[0;1;33;93;43m.[0;32;43mX[0;33;5;40;100m:% [0;1;30;90;47m%%%:[0;1;37;97;47m88888888@[0;33;5;40;100m:[0m
[0;33;5;40;100m.[0;1;37;97;47m8888888[0;1;30;90;47m [0;1;37;97;47m@[0;1;30;90;47m8@[0;33;5;40;100m [0;1;30;90;47m@8@8[0;1;30;90;43m8[0;37;43mX[0;36;47m@[0;37;5;46;106m8[0;1;33;93;47m8X[0;1;30;90;47m8[0;37;5;40;100m%[0;33;5;40;100mt[0;1;30;90;47m8[0;1;37;97;47mt[0;1;30;90;47m8888[0;33;5;40;100m: .  :;[0;1;30;90;47m8[0;33;5;40;100m.. [0;1;37;97;47m@[0;33;5;40;100m SS[0;32;5;40;100m@[0;33;5;40;100m;;;;[0;1;30;90;47m:[0;33;5;40;100m%[0;1;30;90;42m@[0;1;30;90;43m8[0;33;47m88[0;37;5;43;103m@[0;36;5;46;106mX[0;37;46m8[0;1;32;92;43m8[0;33;42m8[0;33;5;40;100m% . S[0;37;5;40;100m8[0;33;5;40;100m;[0;1;37;97;47mS[0;1;30;90;47mt[0;1;37;97;47m8888888[0;33;5;40;100m:[0m
[0;33;5;40;100m.[0;1;37;97;47m88888@[0;1;30;90;47mttSX[0;37;5;40;100mX[0;1;30;90;47m8[0;33;5;40;100m.t;[0;1;30;90;47m8[0;37;5;40;100m%[0;33;5;40;100m.[0;1;30;90;43m8[0;1;30;90;47m8[0;33;47mX[0;37;5;43;103m8[0;1;33;93;47m8[0;33;5;40;100m.  [0;1;30;90;47m8%888[0;33;5;40;100m :[0;1;30;90;47m8[0;36;5;40;100m:;:% [0;37;5;40;100mS%[0;1;30;90;47m@S[0;33;5;40;100m;:[0;32;5;40;100m@[0;33;5;40;100mSt:%[0;1;30;90;47m8[0;33;5;40;100mS[0;32;5;40;100m8[0;1;30;90;42m8[0;1;30;90;43m8[0;37;43mX[0;1;33;93;43mX[0;33;47m8[0;1;30;90;43m8[0;32;43m8[0;33;5;40;100m8X%[0;1;30;90;42m88[0;33;5;40;100mXtt[0;1;30;90;47m88@@[0;1;37;97;47m%88888[0;33;5;40;100m:[0m
[0;33;5;40;100m.[0;1;37;97;47m8888X[0;1;30;90;47m;:[0;1;37;97;47m;[0;1;30;90;47m;S[0;37;5;40;100mXX[0;1;30;90;47m8[0;37;5;40;100mS[0;33;5;40;100mttt ;tt[0;1;30;90;47m88[0;33;5;40;100m :[0;1;30;90;47m8[0;37;5;40;100mt[0;1;30;90;47m88888[0;33;5;40;100m [0;1;30;90;47m8[0;33;5;40;100m.[0;32;5;40;100mS[0;33;5;40;100m;;.[0;1;30;90;47m888[0;33;5;40;100mt;;X.::;%[0;32;5;40;100m@[0;33;5;40;100m@[0;1;30;90;42m8[0;33;5;40;100m@tX[0;1;30;90;42mX@8[0;33;5;40;100m8[0;1;30;90;42m@88[0;33;5;40;100m%ttt[0;1;30;90;47m8X.%X[0;1;37;97;47m%8888[0;33;5;40;100m:[0m
[0;33;5;40;100m.[0;1;37;97;47m8888[0;1;30;90;47m:[0;1;37;97;47mt8;[0;1;30;90;47m;;88[0;33;5;40;100mt[0;1;30;90;43m8888[0;33;5;40;100m; : [0;1;30;90;47m8888[0;33;5;40;100m..[0;1;30;90;47m@8[0;37;5;40;100mt[0;1;30;90;47m@X[0;36;5;40;100m  tX:[0;33;5;40;100m:.[0;1;30;90;47m888[0;33;5;40;100m;%%;[0;1;30;90;47m8[0;33;5;40;100m.[0;32;5;40;100m@[0;33;5;40;100m%:[0;1;30;90;42m88[0;33;5;40;100mtt%S[0;32;5;40;100m8[0;1;30;90;42m8[0;32;5;40;100m8[0;1;30;90;42m8[0;33;42mX8[0;32;43m8[0;33;42m88[0;33;5;40;100mt.[0;1;30;90;47mXX [0;1;37;97;47mS[0;1;30;90;47m S[0;1;37;97;47mX888[0;33;5;40;100m:[0m
[0;33;5;40;100m.[0;1;37;97;47m88888@:[0;1;30;90;47m....[0;37;43m8[0;1;33;93;43m.[0;37;43m@[0;36;47m8[0;1;36;96;47m8[0;1;30;90;47m88[0;1;30;90;43m8[0;33;5;40;100m:;[0;37;5;40;100mt[0;33;5;40;100m [0;37;5;40;100m%[0;1;30;90;47m88[0;33;5;40;100m [0;1;30;90;47m888[0;33;5;40;100m  [0;36;5;40;100m  [0;37;46m8[0;1;30;90;46m88[0;36;5;40;100mS[0;33;5;40;100m.[0;1;30;90;47m88[0;33;5;40;100mX;t[0;1;30;90;42m8[0;33;5;40;100m..[0;32;5;40;100m@[0;33;5;40;100mSSX[0;1;30;90;42m8[0;33;5;40;100m%S@[0;32;5;40;100m8[0;33;5;40;100m@[0;1;30;90;42m@8[0;33;42m8[0;1;30;90;43m8[0;1;30;90;47m8[0;37;46m@@[0;1;32;92;43m88[0;1;30;90;43m8[0;1;30;90;47m%%%%.[0;1;37;97;47mt88888[0;33;5;40;100m:[0m
[0;33;5;40;100m.[0;1;37;97;47m888@[0;1;30;90;47m:;S8[0;37;5;40;100mX[0;33;5;40;100m..[0;1;30;90;43m8[0;1;32;92;43m8[0;37;43m@[0;37;5;46;106m8[0;1;36;96;47mX[0;37;5;43;103m@X[0;1;33;93;47m8[0;33;5;40;100m::....[0;1;30;90;47m88[0;37;5;40;100m%%[0;33;5;40;100m.[0;37;5;40;100m@[0;1;30;90;47mX[0;36;5;40;100mt%[0;1;30;90;46m8888[0;33;5;40;100mt[0;1;30;90;47m8[0;33;5;40;100m:[0;32;5;40;100mX[0;33;5;40;100m;%;.[0;1;30;90;42m88[0;32;5;40;100m@[0;33;5;40;100m@X;t[0;1;30;90;42m888888[0;37;43m@[0;33;5;43;103mX@[0;36;47m8[0;1;36;96;46m%[0;1;32;92;43m88[0;1;30;90;43m8[0;33;5;40;100mSSt.[0;1;30;90;47m8XS[0;1;37;97;47mS888[0;33;5;40;100m:[0m
[0;33;5;40;100m.[0;1;37;97;47m8888X[0;1;30;90;47mS88S;[0;37;5;40;100m@[0;33;5;40;100m.;[0;1;30;90;43m888[0;37;5;40;100m.[0;33;47m8[0;1;30;90;47m8[0;33;5;40;100m.;:;[0;37;5;40;100m%[0;33;5;40;100m ; [0;1;30;90;47m8[0;37;5;40;100m%[0;33;5;40;100m;.t:[0;37;5;40;100mS[0;36;5;40;100mX[0;1;30;90;46m888[0;33;5;40;100m%[0;37;5;40;100mS[0;33;5;40;100m:X;X;[0;32;5;40;100m@[0;1;30;90;42m8[0;33;5;40;100mX[0;1;30;90;42m8[0;33;5;40;100m%%[0;32;5;40;100m@[0;1;30;90;42m8[0;33;5;40;100mS[0;32;5;40;100m8[0;1;30;90;42m@88[0;33;5;40;100m8[0;1;30;90;43m88[0;1;30;90;42m8[0;32;43m88[0;1;30;90;43m8[0;33;5;40;100m8St[0;1;30;90;47mX8[0;33;5;40;100m..[0;1;30;90;47m8[0;1;37;97;47mt8888[0;33;5;40;100m:[0m
[0;33;5;40;100m;[0;1;37;97;47m88888X8[0;1;30;90;47m@8[0;33;5;40;100m;:;ttt[0;32;5;40;100mX[0;33;5;40;100mXS:[0;37;5;40;100mS[0;1;30;90;47m88[0;33;5;40;100m::.[0;1;30;90;47m8[0;33;5;40;100mtt: t:%t[0;36;5;40;100mX[0;1;30;90;46m88[0;36;5;40;100mX[0;33;5;40;100mS[0;1;30;90;47m8[0;32;5;40;100m@[0;1;30;90;42m8[0;33;5;40;100mS[0;1;30;90;42m888[0;32;5;40;100mX[0;1;30;90;42m8[0;33;5;40;100mX[0;1;30;90;42m888[0;33;5;40;100mS[0;32;5;40;100m8[0;1;30;90;42m88[0;33;5;40;100mS%X@[0;1;30;90;42mXXX[0;33;5;40;100mtSX:;:[0;1;30;90;47mXS[0;1;37;97;47mSt8888@[0;33;5;40;100m;[0m
[0;33;5;40;100m%[0;1;37;97;47m88888%[0;1;30;90;47m:;8[0;33;5;40;100m:[0;1;30;90;47m@[0;33;5;40;100mS%[0;1;30;90;42m88[0;33;5;40;100m;[0;32;5;40;100m@[0;33;5;40;100mS[0;32;5;40;100mX[0;1;30;90;42m8[0;32;5;40;100mX[0;33;5;40;100m%%;tSt[0;32;5;40;100mS[0;33;5;40;100mS%%[0;32;5;40;100mSX[0;36;5;40;100m@[0;1;30;90;46m88[0;36;5;40;100m8[0;1;30;90;42m88[0;33;5;40;100m%[0;1;30;90;42m88888888X@X8X888XXXXX[0;32;5;40;100m8[0;33;5;40;100m@[0;1;30;90;42m@@[0;32;5;40;100m88[0;33;5;40;100m ;[0;1;30;90;47mSS[0;1;37;97;47mS%8888@[0;33;5;40;100m%[0m
[0;30;5;40;100m8[0;1;37;97;47m8888[0;1;30;90;47mS888@8[0;33;5;40;100m;%[0;1;30;90;43m88[0;37;43m@[0;36;47m8[0;1;30;90;47m8[0;33;47m8[0;1;30;90;43m8[0;33;5;40;100mtS;SS%%%[0;32;5;40;100mSX[0;1;30;90;42m88[0;32;5;40;100m@[0;36;5;40;100m@[0;1;30;90;46m88[0;36;5;40;100m8[0;1;30;90;42m888888@@@X@XS@X8@8XX888[0;33;42m8[0;33;5;40;100mS[0;32;43m8@8[0;33;42m@[0;1;30;90;42m8[0;33;5;40;100m@% .;t [0;1;30;90;47mS[0;1;37;97;47m888@[0;30;5;40;100mX[0m
 [0;1;37;97;47m8888%[0;1;30;90;47m ;@8[0;37;5;40;100m@X[0;1;30;90;43m8[0;1;33;93;43m:[0;33;47m8[0;36;5;46;106mS[0;1;30;90;47mS[0;37;5;43;103mX@[0;33;47m8[0;33;5;40;100m;;::t.S[0;32;5;40;100mXSXXX[0;36;5;40;100m8[0;1;30;90;46m888[0;32;5;40;100m8[0;1;30;90;42m88888@@@XXSSXSSX@[0;33;5;40;100m@[0;1;30;90;42m8[0;32;5;40;100m88[0;1;30;90;42m88[0;37;43mS[0;33;5;43;103m@@[0;36;47m8[0;1;36;96;46m%[0;1;32;92;43m88[0;33;42m8[0;33;5;40;100m%;.[0;37;5;40;100m8[0;1;30;90;47m8XS [0;1;37;97;47m8@@[0m 
 [0;1;30;90;47m.[0;1;37;97;47m88S[0;1;30;90;47m; [0;1;37;97;47mt[0;1;30;90;47m ;;t[0;1;30;90;43m8[0;1;32;92;43m88[0;33;47m8[0;36;47m88[0;1;30;90;43m8[0;33;5;40;100mX;: ;.. :[0;1;30;90;42m8[0;33;5;40;100mS[0;1;30;90;42m8[0;36;5;40;100m8[0;1;30;90;46m8888[0;1;30;90;42m88888@@XXXXXSSXS@888[0;33;5;40;100m@%@@[0;1;30;90;43m88[0;1;30;90;47m8[0;37;46m@X[0;1;32;92;43m88[0;32;43m@[0;33;5;40;100mt[0;1;30;90;47m@%SSSt[0;1;37;97;47mS8@[0;1;30;90;47m [0m 
 [0;33;5;40;100m;[0;1;37;97;47m888[0;1;30;90;47mtt;[0;1;37;97;47mt[0;1;30;90;47m:%[0;33;5;40;100m.[0;37;5;40;100mX[0;33;5;40;100mt%%;;Xt[0;1;30;90;47m88[0;33;5;40;100m:;t%ttt%[0;32;5;40;100m@[0;1;30;90;46m88888[0;36;5;40;100m8[0;32;5;40;100m88[0;36;5;40;100m888[0;32;5;40;100m88[0;1;30;90;42m8@S@8[0;33;5;40;100mX[0;1;30;90;42m@8888XS8[0;32;5;40;100m8[0;1;30;90;42m8SS[0;32;43m8888[0;1;30;90;43m8[0;33;5;40;100mt[0;37;5;40;100m8[0;1;30;90;47m8X@%[0;1;37;97;47mX@@@@[0;33;5;40;100m:[0m 
  [0;1;37;97;47m8888[0;1;30;90;47m.%tSX[0;37;5;40;100m@[0;1;30;90;47m8[0;37;5;40;100m@[0;33;5;40;100m. t.[0;1;30;90;47m88[0;33;5;40;100mt[0;32;5;40;100m@[0;33;5;40;100mXXS%[0;32;5;40;100m@[0;33;5;40;100mS%[0;36;5;40;100m88[0;1;30;90;46m888@@@@@XXXXSSS%[0;36;5;40;100m88%[0;33;5;40;100m@t[0;1;30;90;42m88888X88[0;33;5;40;100mX@tX;;;%[0;37;5;40;100m8[0;33;5;40;100m [0;1;30;90;47m8%[0;1;37;97;47mS[0;1;30;90;47mt;[0;1;37;97;47m8@@[0;1;30;90;40m@[0m 
  [0;1;30;90;47mX[0;1;37;97;47m88888[0;1;30;90;47mXt8.[0;33;5;40;100mt;S[0;1;30;90;42m8[0;33;5;40;100mX[0;1;30;90;42m8[0;33;42m8[0;1;30;90;43m88[0;33;5;40;100m.[0;1;30;90;43m8[0;1;30;90;42m88[0;33;5;40;100mS:S[0;36;5;40;100m8[0;1;30;90;46m@@@@@@XXXXXSSSS%%%%tt[0;34;46mX8[0;1;30;90;46m%[0;36;5;40;100m88[0;1;30;90;42m88[0;1;30;90;43m88[0;32;43m@[0;33;42m8[0;1;30;90;42m8%8[0;33;5;40;100m8@t[0;1;30;90;47mX[0;33;5;40;100m.[0;1;30;90;47m8[0;37;5;40;100m8[0;1;30;90;47m.8 [0;1;37;97;47m8@@[0;1;30;90;47m%[0m  
  [0;1;30;90;40m8[0;1;37;97;47m888888@t[0;1;30;90;47m8t@8[0;33;5;40;100mt[0;32;5;40;100m@[0;32;43mX[0;37;43m@[0;36;47m8[0;1;33;93;47m8[0;33;5;43;103mSX[0;33;5;40;100mt::t[0;1;30;90;42m8[0;1;30;90;46mXXXXXXXXXSSSSS%%%%tt[0;34;46mS@888888[0;32;5;40;100m8[0;1;33;93;43m@[0;33;5;43;103m@[0;1;30;90;47m8[0;37;46m8[0;1;32;92;43m8[0;33;42mS[0;32;5;40;100m8[0;33;5;40;100mXt.:[0;1;30;90;47m @  [0;1;37;97;47m88@@@[0;30;5;40;100m8[0m  
   [0;37;5;40;100m8[0;1;37;97;47m88888[0;1;30;90;47m @[0;33;5;40;100m:;.tS[0;32;43m@[0;1;33;93;43m:[0;37;46m8[0;36;5;46;106mX[0;36;47m8[0;1;30;90;47m8[0;32;43m8[0;1;30;90;42m8[0;32;5;40;100m8[0;33;5;40;100mt[0;1;30;90;42m88[0;1;30;90;46mSS[0;36;5;40;100m8[0;1;30;90;46mSSSSSSS%%S%%%tt[0;34;46mSX888888888[0;36;5;40;100m8[0;36;47m8[0;1;36;96;46mX[0;36;5;46;106m@[0;1;32;92;43m8[0;32;43mX[0;1;30;90;42m@[0;33;5;40;100mX;;t[0;37;5;40;100m8[0;1;37;97;47mX888@@@[0;37;5;40;100m8[0m   
    [0;1;37;97;47mS888%[0;1;30;90;47mS88%@[0;37;5;40;100m@[0;1;30;90;47mX[0;1;30;90;43m8[0;1;32;92;43m888[0;32;43mS[0;1;30;90;43m8[0;32;5;40;100m8[0;1;30;90;42m8[0;33;5;40;100mXS[0;33;42m@[0;1;30;90;43m8[0;1;30;90;46m@SS[0;36;5;40;100m8[0;1;30;90;46m%%%%%%%%%[0;1;30;90;44m8[0;1;30;90;46mtt[0;34;46mSSSS888888888[0;36;44m8[0;1;30;90;42mX[0;1;32;92;43m8888[0;33;5;40;100mt.S.[0;1;30;90;47m8[0;33;5;40;100m;[0;1;30;90;47m8[0;1;37;97;47m888@@%[0m    
    [0;30;5;40;100mX[0;1;37;97;47m888X[0;1;30;90;47m;[0;1;37;97;47m%[0;1;30;90;47m;S;%@8[0;33;5;40;100mtXSt%[0;1;30;90;42m8[0;33;5;40;100mS[0;1;30;90;42m8[0;33;42mX[0;1;32;92;43m8[0;36;47m8[0;33;5;43;103m@[0;1;30;90;43m8[0;33;5;40;100mS[0;1;30;90;42m@[0;32;5;40;100m@[0;1;30;90;46m%%%tttt[0;34;46mSS8@SSS88@XX@8[0;1;30;90;44m8[0;30;5;40;100m@[0;32;5;40;100m88[0;33;5;40;100mS8[0;33;42m8[0;1;30;90;43m8[0;1;30;90;47m88@8S@88 [0;1;37;97;47m8@@X[0;30;5;40;100mS[0m    
     [0;33;5;40;100mt[0;1;37;97;47m888t[0;1;30;90;47m%[0;1;37;97;47m8[0;1;30;90;47m:8[0;1;37;97;47mt[0;1;30;90;47m88[0;33;5;40;100m [0;1;30;90;47m8[0;33;5;40;100m SX;@[0;32;5;40;100m8[0;32;43m@[0;1;30;90;43m8[0;36;5;46;106mXX[0;37;46m8[0;32;43m@[0;1;30;90;42m8[0;32;5;40;100m@[0;36;5;40;100m%[0;34;46mSS@8XSSSSX8[0;36;5;40;100m8[0;1;30;90;46m%[0;34;46m8@8[0;36;5;40;100m8[0;1;30;90;46mt[0;36;5;40;100m8[0;32;43mX[0;1;30;90;42m@[0;32;5;40;100m8[0;1;30;90;42m8[0;33;5;40;100m.Xt%t:[0;1;30;90;47m [0;33;5;40;100m.[0;1;37;97;47m;[0;1;30;90;47mX8[0;1;37;97;47m%[0;1;30;90;47mt[0;1;37;97;47mX@@@[0;33;5;40;100mt[0m     
      [0;33;5;40;100m [0;1;37;97;47m8888[0;1;30;90;47m8[0;1;37;97;47m%%[0;37;5;40;100m8[0;1;30;90;47m.8[0;33;5;40;100m:[0;1;30;90;47m@S[0;33;5;40;100mX[0;1;30;90;47m8[0;33;5;40;100mt%[0;32;5;40;100m8[0;1;30;90;43m8[0;1;32;92;43m888[0;32;43mX[0;33;5;40;100mSt[0;1;30;90;47m8[0;1;37;97;47mt[0;36;5;40;100m;[0;34;46mSS[0;1;30;90;46mS[0;1;30;90;47m@[0;36;5;40;100mS[0;34;46m@SS[0;1;30;90;46mt[0;1;30;90;47m;[0;1;37;97;47m8[0;1;30;90;47m8[0;33;5;40;100m;%[0;32;43m8[0;1;32;92;43m8888[0;1;30;90;42m8[0;33;5;40;100m8;S;X.[0;1;30;90;47mX8[0;33;5;40;100m;[0;1;37;97;47mX[0;1;30;90;47m8S[0;1;37;97;47m@[0;1;30;90;47mS[0;1;37;97;47m@@@@[0;33;5;40;100m [0m      
       [0;37;5;40;100m8[0;1;37;97;47m8888@[0;1;30;90;47mS[0;1;37;97;47m%[0;1;30;90;47m88[0;1;37;97;47m%[0;1;30;90;47mX;X[0;33;5;40;100m.[0;37;5;40;100m8[0;33;5;40;100mt[0;1;30;90;47m88[0;1;30;90;43m888[0;33;5;40;100mX;[0;1;30;90;47m@[0;33;5;40;100m [0;1;30;90;47m:[0;37;5;40;100m8[0;34;46mS[0;1;30;90;46m%[0;1;30;90;47m [0;1;37;97;47m88t[0;1;30;90;46mS[0;34;46mX[0;36;5;40;100m [0;1;37;97;47m8t[0;1;30;90;47m@S[0;33;5;40;100m;t[0;1;30;90;42m8[0;1;30;90;43m88[0;33;5;40;100m.:.t:[0;1;30;90;47m8[0;33;5;40;100m8[0;1;37;97;47mt[0;33;5;40;100m::[0;1;37;97;47mt[0;33;5;40;100m;[0;1;37;97;47m@[0;1;30;90;47m  [0;1;37;97;47m@@@@[0;37;5;40;100m8[0m       
        [0;33;5;40;100m [0;1;37;97;47m8888888888[0;1;30;90;47m%888:8@ [0;33;5;40;100m.::; [0;1;37;97;47m%8[0;36;5;40;100m [0;34;46m@[0;1;30;90;47m%[0;1;37;97;47m8888[0;36;5;40;100m [0;34;46m8[0;1;30;90;47m [0;1;37;97;47m88@[0;33;5;40;100m:[0;1;30;90;47m88[0;33;5;40;100m:.[0;1;30;90;47m8[0;33;5;40;100m;[0;1;30;90;47m [0;33;5;40;100m.[0;1;30;90;47mt[0;37;5;40;100m8[0;1;30;90;47m88[0;1;37;97;47m%t@SXS8@@@@[0;33;5;40;100m [0m        
         [0;33;5;40;100m;[0;1;37;97;47m888888888[0;1;30;90;47m @% 8[0;1;37;97;47mS[0;33;5;40;100m [0;1;30;90;47m.:[0;33;5;40;100m::[0;1;30;90;47m8[0;1;37;97;47m;@%[0;36;5;40;100mt[0;33;5;40;100m [0;1;37;97;47m88888[0;37;5;40;100mS[0;36;5;40;100m8[0;1;37;97;47m88888[0;33;5;40;100m;[0;1;30;90;47m@%8[0;33;5;40;100m;[0;1;37;97;47mt[0;1;30;90;47m8[0;1;37;97;47mt[0;33;5;40;100m.[0;1;37;97;47mS[0;33;5;40;100m:[0;1;30;90;47m [0;1;37;97;47m%8888@@@@@[0;33;5;40;100m;[0m         
          [0;33;5;40;100m8[0;1;37;97;47mX88888888@t[0;1;30;90;47m8[0;1;37;97;47m8[0;33;5;40;100m:[0;1;37;97;47m8[0;33;5;40;100m.[0;1;37;97;47m@[0;33;5;40;100m :[0;1;37;97;47m8[0;1;30;90;47m [0;1;37;97;47m8[0;33;5;40;100m  [0;1;37;97;47m888888[0;33;5;40;100m  [0;1;37;97;47m88888[0;1;30;90;47m [0;33;5;40;100m:[0;1;37;97;47m%[0;1;30;90;47m8[0;33;5;40;100m:[0;1;37;97;47m8[0;33;5;40;100m [0;1;37;97;47mt;[0;1;30;90;47m8[0;1;37;97;47m8X888@@@@@%[0;33;5;40;100m@[0m          
            [0;1;30;90;47m:[0;1;37;97;47m8888888888t[0;1;30;90;47m [0;1;37;97;47m8[0;33;5;40;100m.[0;1;37;97;47m8[0;1;30;90;47m.[0;1;37;97;47mt%[0;1;30;90;47m [0;33;5;40;100m [0;1;30;90;47m@[0;33;5;40;100m:[0;37;5;40;100m8[0;1;37;97;47m88888[0;33;5;40;100m:[0;37;5;40;100m8[0;1;37;97;47m888888X8[0;1;30;90;47m.; [0;1;37;97;47m8[0;1;30;90;47mS[0;1;37;97;47m888888@@@@@[0;1;30;90;47m:[0m            
             [0;33;5;40;100m:[0;1;37;97;47m88888888888888[0;1;30;90;47mX[0;33;5;40;100mtSt[0;1;30;90;47mS[0;37;5;40;100m8[0;1;37;97;47m8X8888[0;1;30;90;47mX@[0;33;5;40;100m :[0;1;30;90;47m [0;1;37;97;47m88888888888888@@@@@@X[0;33;5;40;100m.[0m             
              [0;1;30;90;40m8[0;1;30;90;47m.[0;1;37;97;47m888888888888%[0;33;5;40;100mt[0;37;5;40;100m8[0;33;5;40;100m%;[0;1;37;97;47m88888[0;1;30;90;47m [0;37;5;40;100m8[0;33;5;40;100m;[0;1;30;90;47m%[0;33;5;40;100m [0;1;37;97;47m88888888888888@@@@@@@[0;1;30;90;47m:[0;1;30;90;40m8[0m              
                [0;33;5;40;100mS[0;1;37;97;47m%8888888888XS8[0;33;5;40;100m;[0;1;30;90;47m [0;1;37;97;47m888S[0;33;5;40;100m:.S;; [0;1;37;97;47m88888888888@@@@@@@@t[0;33;5;40;100m%[0m                
                  [0;33;5;40;100m.[0;1;37;97;47m@8888888888888888X@[0;1;30;90;47m.[0;33;5;40;100m;[0;1;37;97;47mX[0;33;5;40;100m. [0;1;37;97;47m88888888@@@@@@@@@S[0;33;5;40;100m.[0m                  
                    [0;33;5;40;100m [0;1;37;97;47mX8888888888888888@S8[0;1;30;90;47m%[0;1;37;97;47mX88888@@@@@@@@@XS[0;33;5;40;100m [0m                    
                      [0;33;5;40;100m:[0;1;37;97;47m%888888888888888888@@@@@@@@@@@@XX%[0;33;5;40;100m.[0m                      
                        [0;33;5;40;100mt[0;1;30;90;47m [0;1;37;97;47m@88888@@@@@@@@@@@@@@@@@@@XXX[0;1;30;90;47m [0;33;5;40;100mt[0m                        
                          [0;30;5;40;100mX[0;37;5;40;100m8[0;1;37;97;47mX@@@@@@@@@@@@@@@@@XXXXXX[0;1;30;90;47mX[0;30;5;40;100mS[0m                          
                             [0;33;5;40;100m%[0;1;30;90;47m;[0;1;37;97;47mX@@@@@@@@XXXXXXXXX[0;1;30;90;47m;[0;33;5;40;100mt[0m                             
                                [0;33;5;40;100mt[0;1;30;90;47m.[0;1;37;97;47mXXXXXXXXXXXX[0;1;30;90;47m [0;33;5;40;100m;[0m                                
                                   [0;33;5;40;100m%[0;1;30;90;47mS[0;1;37;97;47mSXXXXS[0;1;30;90;47m%[0;33;5;40;100mt[0m                                   
                                      [0;30;5;40;100m@[0;33;5;40;100m;:[0;30;5;40;100mX[0m                                      
