[0;30;41m8[0;1;31;91;41m........:::::::::::::::::::::::::::::::::::::::::................ [0;1;30;90;41m.      [0;30;41m     8[0m
[0;30;41m%[0;1;31;91;41m888888[0;31;5;41;101m888888888888888888888888888888888888888888888[0;1;31;91;41m888888888888888888888@@@@@@[0;30;41m%[0m
[0;30;41m%[0;1;31;91;41m8888[0;31;5;41;101m888888888888888888888888888888888888888888888888[0;1;31;91;41m888888888888888888888@@@@@[0;30;41m%[0m
[0;30;41m%[0;1;31;91;41m888[0;31;5;41;101m888888888888888888888888888888888888888888888888888[0;1;31;91;41m88888888888888888888@@@@[0;30;41m%[0m
[0;30;41m%[0;1;31;91;41m8[0;31;5;41;101m8888888888888888888888888888888888888888888888888888888[0;1;31;91;41m8888888888888888888@@@[0;30;41m%[0m
[0;30;41m%[0;31;5;41;101m888888888888888888888888888888888888888888888888888888888[0;1;31;91;41m8888888888888888888@@[0;30;41m%[0m
[0;30;41m%[0;31;5;41;101m888888888[0;37;5;47;107mttt;;;[0;1;37;97;47m;[0;31;5;41;101m888888[0;1;37;97;47m [0;37;5;47;107m;;::::[0;31;5;41;101m888888[0;1;30;90;47m8[0;37;5;47;107m;;;;;;[0;1;30;90;47m8[0;31;5;41;101m888888[0;37;5;47;107mtttttt[0;1;37;97;47m.[0;31;5;41;101m88[0;1;31;91;41m8888[0;1;37;97;47m [0;37;5;47;107m%%SSSS[0;1;31;91;41m8888888@@[0;30;41m%[0m
[0;30;41m%[0;31;5;41;101m888888888[0;37;5;47;107mt;;;;;[0;1;37;97;47m%[0;31;5;41;101m@@@@@@[0;1;37;97;47m:[0;37;5;47;107m::::::[0;31;5;41;101mX@@@@@[0;1;30;90;47m8[0;37;5;47;107m:;;;;;[0;1;30;90;47m8[0;31;5;41;101m888888[0;37;5;47;107mtttttt[0;1;37;97;47m;[0;31;5;41;101m888888[0;1;37;97;47m [0;37;5;47;107m%%%SSS[0;1;31;91;41m88888888@[0;30;41m%[0m
[0;30;41m%[0;31;5;41;101m888888888[0;37;5;47;107m;;;;;;;;:::::::::::::::::::::::;;;;;;;;tttttttttttt%%%%%%SSS[0;1;31;91;41m88888888@[0;30;41m%[0m
[0;30;41m%[0;31;5;41;101m888888888[0;37;5;47;107m888%;;:::::::.............:::::::;;;;;;;tttttttttttt%%%%X[0;1;37;97;47m88@[0;1;31;91;41m888888888[0;30;41m%[0m
[0;30;41m%[0;31;5;41;101m888888888888[0;1;37;97;47m [0;37;5;47;107m;:::::...................:::::;;;;;;;ttttttttttt%%%%[0;1;37;97;47m [0;1;31;91;41m888888888888[0;30;41m%[0m
[0;30;41m%[0;31;5;41;101m888888888888[0;1;37;97;47m [0;37;5;47;107m::::..@@@@XXXXXXXXXXX@@@@888888888888888888888ttt%%%[0;1;37;97;47m [0;1;31;91;41m888888888888[0;30;41m%[0m
[0;30;41m%[0;31;5;41;101m888888888888[0;1;37;97;47m [0;37;5;47;107m:::...[0;31;5;41;101mXXXXXXXXXXXXXXXXXXXX@@@@@888888888888888[0;37;5;47;107mttt%%%[0;1;37;97;47m [0;1;31;91;41m888888888888[0;30;41m%[0m
[0;30;41m%[0;31;5;41;101m888888888888[0;1;37;97;47m [0;37;5;47;107m::....[0;31;5;41;101mXXXXXXXXXXXXXXXXXXXXX@@@@@88888888888888[0;37;5;47;107mtttt%%[0;1;37;97;47m.[0;1;31;91;41m888888888888[0;30;41m%[0m
[0;30;41m%[0;31;5;41;101m888888888[0;1;37;97;47mtt%[0;37;5;47;107mX:.... [0;31;5;41;101mXXXXXXS[0;35;5;41;101mXXXXX[0;31;5;41;101mSXXXXXX[0;35;5;41;101mXX[0;31;5;41;101mX@@@@@8888888888888[0;37;5;47;107mtttt%%8[0;1;37;97;47m.. [0;1;31;91;41m888888888[0;30;41m%[0m
[0;30;41m%[0;31;5;41;101m888888888[0;37;5;47;107m;::::...  [0;31;5;41;101mXXXXS[0;35;5;41;101mXXXXXXXXX[0;31;5;41;101mXXXX[0;35;5;41;101mX[0;37;5;47;107m8@[0;35;5;41;101mX[0;31;5;41;101m@@@@@8888888888888[0;37;5;47;107mtttt%%%%%%[0;1;31;91;41m888888888[0;30;41m%[0m
[0;30;41m%[0;31;5;41;101m888888888[0;37;5;47;107m;::::...  [0;31;5;41;101mXXXS[0;35;5;41;101mXXXXXXXXXX[0;31;5;41;101mS[0;35;5;41;101mX[0;1;30;90;47m88[0;1;37;97;47m@[0;37;5;47;107mtt8[0;1;30;90;47m88[0;31;5;41;101m@@@8888888888888[0;37;5;47;107mtttt%%%%%%[0;1;31;91;41m888888888[0;30;41m%[0m
[0;30;41m%[0;31;5;41;101m888888888[0;37;5;47;107m;::::...  [0;31;5;41;101mXXXS[0;35;5;41;101mXXXXXXXXS[0;1;37;97;47m [0;37;5;47;107m8@X%:;;;S@88[0;1;30;90;47mX[0;31;5;41;101m@888888888888[0;37;5;47;107mtttt%%%%%%[0;1;31;91;41m888888888[0;30;41m%[0m
[0;30;41m%[0;31;5;41;101m888888888[0;1;37;97;47m;;;[0;37;5;47;107mX:...  [0;31;5;41;101mXXXX[0;35;5;41;101mXXXXXXX[0;1;37;97;47m [0;37;5;47;107m%8[0;1;37;97;47m@[0;37;5;47;107mt   ::...%[0;1;37;97;47m%X[0;37;5;47;107m@[0;1;37;97;47m [0;31;5;41;101m88888888888[0;37;5;47;107mtttt%%8[0;1;37;97;47m   [0;1;31;91;41m888888888[0;30;41m%[0m
[0;30;41m%[0;31;5;41;101m88888888888@[0;1;37;97;47m.[0;37;5;47;107m:...  [0;31;5;41;101mXXXXXS[0;35;5;41;101mXXXX[0;37;5;47;107m8@Xt;[0;1;37;97;47m@[0;37;5;47;107m. .::..:[0;1;37;97;47mS[0;37;5;47;107m%S8[0;1;37;97;47m8%[0;31;5;41;101m8888888888[0;37;5;47;107mtttt%%[0;1;37;97;47m.[0;1;31;91;41m888888888888[0;30;41m%[0m
[0;30;41m%[0;31;5;41;101m88888888888@[0;1;37;97;47m [0;37;5;47;107m::... [0;31;5;41;101mXXXXX[0;35;5;41;101mX[0;1;30;90;47m8[0;1;37;97;47m  X[0;37;5;47;107mS    X@;t@@%t88::;;8[0;1;37;97;47m;[0;1;30;90;47mX88[0;31;5;41;101m888888[0;37;5;47;107mtttt%%[0;1;37;97;47m [0;1;31;91;41m888888888888[0;30;41m%[0m
[0;30;41mS[0;31;5;41;101m888888888888[0;1;37;97;47m [0;37;5;47;107m::....[0;31;5;41;101mXXXXX[0;35;5;41;101mX[0;1;37;97;47m;[0;37;5;47;107m;;t;.  t;...SX:;:%X;;tSXXX[0;1;37;97;47m [0;31;5;41;101m888888[0;37;5;47;107mtttt%%[0;1;37;97;47m [0;1;31;91;41m888888888888[0;30;41mS[0m
[0;30;41m8[0;31;5;41;101m88888888888@[0;1;37;97;47m [0;37;5;47;107m:::...[0;1;31;91;47m8[0;31;5;41;101mXXXXXX[0;1;30;90;47m8[0;37;5;47;107m8; .::[0;1;37;97;47m8[0;37;5;47;107mttt888[0;1;37;97;47m8[0;37;5;47;107mS%X[0;1;37;97;47mS[0;37;5;47;107mt%t;S[0;1;37;97;47m8[0;35;5;40;100m:[0;31;5;41;101m8888888[0;37;5;47;107mttt%%%[0;1;37;97;47m [0;31;5;41;101m8[0;1;31;91;41m88888888888[0;30;41m8[0m
[0;31;40mX[0;31;5;41;101m888888888[0;1;37;97;47m [0;37;5;47;107m;;;:::::.[0;1;30;90;47m@[0;31;5;41;101mXXXXXX[0;35;5;41;101mX[0;37;5;47;107m8.   %;.;[0;1;37;97;47m8[0;37;5;47;107m8@X8[0;1;37;97;47m8[0;37;5;47;107m%;%@;;;t[0;1;37;97;47m@[0;31;5;41;101m8888888[0;1;30;90;47m8[0;37;5;47;107mttt%%%%%S[0;1;37;97;47m [0;1;31;91;41m888888888[0;31;40m@[0m
 [0;1;31;91;41m8[0;31;5;41;101m88888888[0;1;30;90;47m8[0;37;5;47;107m;;;;:::::8[0;31;5;41;101m@@@XXX[0;35;5;41;101mX[0;37;5;47;107mt[0;1;37;97;47m@[0;37;5;47;107m:.SX%::X[0;1;37;97;47m8888[0;37;5;47;107m8;;S8@;t[0;1;37;97;47m%[0;37;5;47;107m8[0;35;5;41;101m8[0;31;5;41;101m888888[0;1;37;97;47m;[0;37;5;47;107mtt%%%%%%S[0;1;30;90;47m8[0;1;31;91;41m888888888[0m 
 [0;1;31;91;41m;[0;31;5;41;101m888888888[0;37;5;47;107mt;;;;;::::[0;1;30;90;47m8[0;31;5;41;101m@@@@@@[0;37;5;47;107m8[0;1;37;97;47m8@[0;37;5;47;107m;[0;1;37;97;47m@[0;37;5;47;107mt%t:8SSX%[0;1;37;97;47m8[0;37;5;47;107m;%XS[0;1;37;97;47mS[0;37;5;47;107mX[0;1;37;97;47mS%[0;37;5;47;107m8[0;31;5;41;101m8888888[0;37;5;47;107mttt%%%%%%S[0;31;5;41;101m8[0;1;31;91;41m88888888t[0m 
 [0;30;41mS[0;31;5;41;101m888888888[0;1;37;97;47m [0;37;5;47;107m;;S;;;;::[0;1;37;97;47mX[0;31;5;41;101m@@@@@@[0;1;30;90;47m8[0;37;5;47;107m;[0;1;37;97;47m:[0;37;5;47;107m::::S[0;1;37;97;47m8[0;37;5;47;107m@:;;;@[0;1;37;97;47m8[0;37;5;47;107mX;;;t[0;1;37;97;47m.[0;37;5;47;107m%[0;1;30;90;47m8[0;31;5;41;101m888888[0;1;37;97;47m [0;37;5;47;107mtt%%%%@%S[0;1;37;97;47m.[0;1;31;91;41m888888888[0;30;41m%[0m 
  [0;1;31;91;41m8[0;31;5;41;101m888888888[0;1;30;90;47m8[0;31;5;41;101m88[0;1;37;97;47mt[0;37;5;47;107m;;;;;;[0;1;30;90;47m8[0;31;5;41;101m8@@@@@[0;1;30;90;47m8[0;1;37;97;47m8[0;37;5;47;107mX::;%;tS88S%tS%;tX[0;1;37;97;47mX[0;1;30;90;47m8[0;31;5;41;101m888888[0;35;5;40;100m [0;37;5;47;107mtt%%%%[0;1;37;97;47m:[0;1;31;91;41m8[0;31;5;41;101m8[0;35;5;41;101m8[0;31;5;41;101m8[0;1;31;91;41m88888888@[0;31;40m%[0m 
  [0;1;30;90;41m:[0;31;5;41;101m888888888888@[0;37;5;47;107m%;;;;;t[0;35;5;41;101m@[0;31;5;41;101m888888@[0;1;37;97;47m [0;37;5;47;107mS%S;;;;[0;1;37;97;47mXS[0;37;5;47;107m;;;;XSX[0;1;37;97;47m [0;31;5;41;101m88888888[0;37;5;47;107m@t%%%%S[0;31;5;41;101m8[0;1;31;91;41m888888888888.[0m  
  [0;31;40mS[0;1;31;91;41m8[0;31;5;41;101m888888888888[0;1;30;90;47m8[0;37;5;47;107m;;;;;;8[0;31;5;41;101m@888888[0;1;37;97;47m%[0;37;5;47;107mSSX@SX8[0;1;37;97;47m88[0;37;5;47;107m8XX8@XX[0;1;37;97;47mX[0;31;5;41;101m8888888[0;37;5;47;107m8t%%%%%[0;1;30;90;47m8[0;1;31;91;41m888888888888@[0;31;40mX[0m  
   [0;30;41m:[0;31;5;41;101m8888888888888[0;1;37;97;47m@[0;37;5;47;107mt;;;;;8[0;31;5;41;101m@88888[0;1;37;97;47m8 [0;1;30;90;47m8[0;31;5;41;101m8[0;35;5;41;101m8[0;1;30;90;47m8[0;1;37;97;47m %XX% [0;1;30;90;47m8[0;35;5;41;101m8[0;31;5;41;101m8[0;1;30;90;47m8[0;1;37;97;47m @[0;31;5;41;101m888888[0;37;5;47;107m8t%%%%%[0;1;37;97;47m8[0;31;5;41;101m8[0;1;31;91;41m888888888888[0;30;41m.[0m   
    [0;1;31;91;41mX[0;31;5;41;101m8888888888[0;1;37;97;47mS[0;37;5;47;107mtttttttt;S[0;35;5;40;100m [0;31;5;41;101m888888888888888888888888888[0;37;5;47;107m8%%%%%%%SS[0;1;37;97;47m%[0;31;5;41;101m8[0;1;31;91;41m888888888S[0m    
    [0;31;40m8[0;1;31;91;41m8[0;31;5;41;101m888888888[0;1;30;90;47mX[0;37;5;47;107mttttttttttt[0;1;30;90;47m8[0;31;5;41;101m888888888888888888888888[0;1;30;90;47m8[0;37;5;47;107mS%%%%%%%SSS[0;1;30;90;47mX[0;1;31;91;41m888888888@[0;31;40m8[0m    
     [0;30;41m@[0;1;31;91;41m88[0;31;5;41;101m88888888[0;1;30;90;47m8[0;37;5;47;107mttttttttttt[0;1;37;97;47mS[0;31;5;41;101m8888888888888888888888[0;1;37;97;47m:[0;37;5;47;107m%%%%%%%%SSS[0;1;30;90;47m@[0;1;31;91;41m888888888@[0;30;41mX[0m     
      [0;30;41mt[0;1;31;91;41m888[0;31;5;41;101m8888888[0;1;30;90;47m8[0;37;5;47;107mt[0;1;37;97;47m%[0;1;30;90;47m8[0;37;5;40;100m.[0;37;5;47;107mXtttttt%[0;1;30;90;47m@[0;31;5;41;101m888888888888888888[0;1;30;90;47m8[0;37;5;47;107mS%%%%%%X[0;1;30;90;47m8[0;35;5;40;100m:[0;1;37;97;47m;[0;37;5;47;107mS[0;1;30;90;47m8[0;1;31;91;41m888888888@[0;30;41m;[0m      
       [0;30;41m:[0;1;31;91;41m88888[0;31;5;41;101m8888888888[0;1;37;97;47mt[0;37;5;47;107mttttttt@[0;1;30;90;47m8[0;31;5;41;101m88888888888888[0;1;30;90;47m8[0;37;5;47;107m8%%%%%%%[0;1;37;97;47m%[0;31;5;41;101m8[0;1;31;91;41m888888888888@@[0;30;41m.[0m       
        [0;30;41m;[0;1;31;91;41m88888888[0;31;5;41;101m8888888[0;1;30;90;47m8[0;37;5;47;107m@ttttttt8[0;1;30;90;47m8[0;31;5;41;101m8888888[0;1;31;91;41m88[0;31;5;41;101m8[0;1;30;90;47m8[0;37;5;47;107m8%%%%%%%8[0;1;30;90;47m8[0;1;31;91;41m8888888888888@@[0;30;41m:[0m        
         [0;30;41mS[0;1;31;91;41m888888888888[0;31;5;41;101m888[0;1;37;97;47m:[0;37;5;47;107mtttttttttS[0;1;30;90;47mS[0;31;5;41;101m8[0;1;31;91;41m8888[0;31;5;41;101m8[0;1;30;90;47m@[0;37;5;47;107mX%%%%%%%SS[0;1;37;97;47m:[0;31;5;41;101m8[0;1;31;91;41m888888888888@@[0;30;41mS[0m         
          [0;31;40m8[0;1;31;91;41m@88888888888[0;31;5;41;101m8[0;37;5;47;107mX%%%%%%%%%%%%%[0;1;37;97;47m;[0;1;30;90;47m88[0;1;37;97;47m:[0;37;5;47;107m%%%%%%%SSSSSSX[0;35;5;41;101m8[0;1;31;91;41m888888888@@X[0;31;40m8[0m          
            [0;1;31;91;41m;88888888888[0;31;5;41;101m8[0;1;37;97;47m [0;37;5;47;107m%%%%%S%%%%%%%%%%%%%SSSXSSSSS[0;1;37;97;47m [0;31;5;41;101m8[0;1;31;91;41m88888888@@@;[0m            
             [0;30;41m%[0;1;31;91;41m888888888888[0;31;5;41;101m8[0;1;37;97;47m.[0;37;5;47;107m%@[0;35;5;40;100m.[0;31;5;41;101m8[0;1;30;90;47m8[0;37;5;47;107m8%%%%%%SSSSSS8[0;1;30;90;47m8[0;1;31;91;41m8[0;35;5;40;100m;[0;37;5;47;107m8S[0;1;37;97;47m;[0;31;5;41;101m8[0;1;31;91;41m88888888@@@@[0;30;41m%[0m             
              [0;31;40mS[0;1;31;91;41m;888888888888[0;31;5;41;101m88[0;1;31;91;41m8888[0;37;5;40;100m.[0;1;37;97;47m [0;37;5;47;107mSSSSSSSS[0;1;37;97;47m.[0;37;5;40;100m.[0;1;31;91;41m88888[0;31;5;41;101m8[0;1;31;91;41m88888888@@@@;[0;31;40mS[0m              
                [0;30;41m8[0;1;31;91;41mS888888888888888888[0;1;30;90;47m8[0;37;5;47;107mSSSSSS[0;1;30;90;47m8[0;1;31;91;41m88888888888888@@@@S[0;30;41m8[0m                
                  [0;30;41m%[0;1;31;91;41m@888888888888888[0;35;5;40;100m [0;37;5;47;107mXSSSSXXX[0;1;30;90;47m8[0;1;31;91;41m8888888888@@@@@@[0;30;41mt[0m                  
                    [0;30;41mt[0;1;31;91;41m@88888888888888[0;37;5;40;100m.[0;1;37;97;47m [0;37;5;47;107m@XX@[0;1;37;97;47m [0;1;30;90;47m8[0;1;31;91;41m88888888@@@@@@X[0;30;41mt[0m                    
                      [0;30;41m%[0;1;31;91;41mX888888888888888[0;35;5;40;100m:.[0;1;31;91;41m8888888@@@@@@@@X[0;30;41m%[0m                      
                        [0;30;41m@[0;1;31;91;41m%88888888888888888@@@@@@@@@@@%[0;30;41m@[0m                        
                          [0;31;40m@[0;30;41m.[0;1;31;91;41m@888@@@@@@@@@@@@@@@@@@@@[0;30;41m [0;31;40m8[0m                          
                             [0;30;41m@[0;1;31;91;41m:@@@@@@@@@@@@@@@@@@:[0;30;41m@[0m                             
                                [0;30;41mX[0;1;31;91;41m;@@@@@@@@@@@@t[0;30;41mS[0m                                
                                   [0;30;41m@[0;1;31;91;41m X@@@@@.[0;30;41m@[0m                                   
                                      [0;31;40m@[0;30;41mS%[0;31;40m@[0m                                      
