[0;30;44m8[0;1;34;94;44m........:::::::::::::::::::::::::::::::::::::::::................ [0;1;30;90;44m.      [0;30;44m     8[0m
[0;30;44m%[0;1;34;94;44m888888[0;34;5;44;104m888888888888888888888888888888888888888888888[0;1;34;94;44m888888888888888888888@@@@@@[0;30;44m%[0m
[0;30;44m%[0;1;34;94;44m8888[0;34;5;44;104m888888888888888888888888888888888888888888888888[0;1;34;94;44m888888888888888888888@@@@@[0;30;44m%[0m
[0;30;44m%[0;1;34;94;44m888[0;34;5;44;104m888888888888888888888888888888888888888888888888888[0;1;34;94;44m88888888888888888888@@@@[0;30;44m%[0m
[0;30;44m%[0;1;34;94;44m8[0;34;5;44;104m8888888888888888888888888888888888888888888888888888888[0;1;34;94;44m8888888888888888888@@@[0;30;44m%[0m
[0;1;30;90;40m8[0;35;5;40;100m8[0;35;44m@[0;1;34;94;44m8[0;34;5;44;104m888888[0;1;34;94;44m8[0;34;5;40;100m8[0;35;5;40;100mX%%X[0;1;30;90;44m8[0;34;5;44;104m8888888[0;1;34;94;44m8[0;35;5;40;100m@%;tS[0;1;30;90;44m8[0;34;5;44;104m8888888[0;1;34;94;44m8[0;35;5;40;100m8S%%X[0;35;44m@[0;34;5;44;104m8888888[0;1;34;94;44m@[0;35;5;40;100m8@XX8[0;35;44mS[0;1;34;94;44m8888888X[0;34;5;40;100m8[0;35;5;40;100m8[0;31;5;40;100mS[0;35;5;40;100m88[0;35;44m%[0;1;34;94;44m8888@@[0;30;44m%[0m
[0;30;41m8[0;31;43m88[0;33;5;40;100m8[0;35;5;40;100m8[0;35;44m@[0;1;34;94;44mS[0;35;44mS8[0;35;5;40;100m@[0;33;5;40;100m8[0;1;30;90;43m888888[0;33;5;40;100mS[0;35;5;40;100mX[0;35;44m8@@[0;35;5;40;100m8%[0;33;5;40;100m@[0;1;30;90;43m888888[0;33;5;40;100mt[0;35;5;40;100mS[0;35;44m8@8[0;35;5;40;100m8%[0;33;5;40;100m8[0;1;30;90;43m888888[0;33;5;40;100m%[0;35;5;40;100m8[0;35;44m@[0;1;34;94;44mX[0;35;44mX[0;1;30;90;44m8[0;35;5;40;100mX[0;1;30;90;43m@XX[0;31;43m8888[0;31;5;40;100mX[0;34;5;40;100m8[0;35;44mS[0;1;34;94;44m%[0;35;44m%[0;1;30;90;44mX[0;35;5;40;100m8[0;31;43m8888888[0;31;5;40;100m@[0;1;30;90;44m@[0;35;44m%[0;1;34;94;44mt[0;35;44mt[0;1;30;90;44mS[0;1;30;90;40m8[0m
[0;30;41m8[0;31;43m88[0;1;30;90;43mXXX@@@@888888888888888888888888888888888888888@@@XXXX[0;31;43m88888888888888888[0;33;41m888888[0;30;41m8[0m
[0;30;41m8[0;31;43m8[0;1;30;90;43mXXX@@@888888888888888888888888888888888888888888@@@XXXX[0;31;43m88888888888888888[0;33;41m88888[0;30;41m8[0m
[0;30;41m8[0;1;30;90;43mXXX@@@88888888888888888888888888888888888888888888@@@XXXX[0;31;43m88888888888888888[0;33;41m8888[0;30;41m8[0m
[0;30;41m8[0;1;30;90;43mXX@@@8888888888888888888888888888888888888888888888@@@XXXX[0;31;43m8888888888888888[0;33;41m8888[0;30;41m8[0m
[0;30;41m8[0;1;30;90;43mXX@@@8888888[0;33;5;40;100mXX[0;1;30;90;43m888888888888[0;33;5;40;100m:;[0;1;30;90;43m888888888888[0;33;5;40;100m%S[0;1;30;90;43m8888888888@8[0;33;5;40;100m88[0;1;30;90;43mXX[0;31;43m8888888888[0;31;5;40;100m8[0;1;30;90;41mX[0;31;43m88888[0;33;41m888[0;30;41m8[0m
[0;30;44m%[0;1;34;94;44m8[0;1;30;90;44m8[0;35;5;40;100mS[0;1;30;90;43m@88888[0;35;5;40;100m%[0;35;44m8[0;34;5;44;104m8@@8[0;35;5;40;100mX.[0;1;30;90;43m88888[0;33;5;40;100mt[0;35;5;40;100m t[0;34;5;44;104mXXX[0;35;5;44;104m8[0;35;5;40;100m; [0;1;30;90;43m88888[0;33;5;40;100mt[0;35;5;40;100m:[0;1;30;90;45m8[0;34;5;44;104m@@@8[0;35;5;40;100mX[0;33;5;40;100m:[0;1;30;90;43m88888[0;33;5;40;100m8[0;35;5;40;100mX[0;35;44mX[0;34;5;44;104m888[0;1;34;94;44m@[0;34;5;40;100m8[0;31;5;40;100mX[0;31;43m88888[0;33;5;40;100m8[0;35;5;40;100m8[0;35;44m%[0;1;34;94;44m888X[0;1;30;90;44m@[0;31;5;40;100m8[0;31;43m88[0;33;41m888[0;30;41m8[0m
[0;30;44m%[0;34;5;44;104m888[0;1;34;94;44m@[0;34;5;40;100m8[0;35;5;40;100m88[0;34;5;40;100m8[0;1;34;94;44m8[0;34;5;44;104m888@@@@@[0;1;34;94;44m8[0;35;5;40;100mt;;;[0;34;5;44;104m@XXXXXXXX[0;1;30;90;45m8[0;35;5;40;100m:.:t[0;34;5;44;104m@XXX@@@@@[0;35;44m8[0;35;5;40;100m@X@[0;1;30;90;44m8[0;1;34;94;44m8[0;34;5;44;104m88888888[0;1;34;94;44mS[0;1;30;90;44m8[0;35;5;40;100m8[0;34;5;40;100m8[0;35;44mX[0;1;34;94;44m888888888[0;35;44m%[0;1;30;90;44mX[0;34;5;40;100m8[0;1;30;90;44m@[0;35;44mS[0;30;44mS[0m
[0;30;44m%[0;34;5;44;104m88888888888@@@@@XXXXXXXXXS[0;36;5;44;104mXXXXX[0;34;5;44;104mSXXXXXXXXX@@@@@88888888888888888[0;1;34;94;44m888888888888888[0;30;44m%[0m
[0;30;44m%[0;34;5;44;104m88888888888@@@@XXXXXXXXS[0;36;5;44;104mXXXXXXXXX[0;34;5;44;104mXXXXXXXX@@@@@88888888888888888[0;1;34;94;44m888888888888888[0;30;44m%[0m
[0;30;44m%[0;34;5;44;104m88888888888@@@@XXXXXXXS[0;36;5;44;104mXXXXXXXXXX[0;34;5;44;104mSXXXXXXXX@@@@88888888888888888[0;1;34;94;44m888888888888888[0;30;44m%[0m
[0;30;44m%[0;34;5;44;104m8888888888@@@@@XXXXXXXS[0;36;5;44;104mXXXXXXXXXXX[0;34;5;44;104mXXXXXXXX@@@@88888888888888888[0;1;34;94;44m888888888888888[0;30;44m%[0m
[0;34;40m8[0;1;30;90;44m8[0;1;34;94;44m8[0;34;5;44;104m88888888[0;1;34;94;44m8[0;35;5;40;100mXS%S[0;34;5;44;104m8XXXXXXX[0;36;5;44;104mX[0;1;30;90;45m8[0;35;5;40;100m  [0;37;5;40;100mX[0;35;5;40;100m [0;35;5;44;104m@[0;36;5;44;104mXXX[0;34;5;44;104mSXXXX[0;1;30;90;45m8[0;35;5;40;100mtt [0;1;30;90;47m8[0;36;5;40;100m t[0;1;34;94;44m8@@8[0;34;5;44;104m888[0;1;34;94;44mX[0;35;5;40;100m888[0;35;44m@[0;1;34;94;44m8[0;34;5;44;104m88888[0;1;34;94;44m888%[0;1;30;90;44m@[0;34;5;40;100m8[0;1;30;90;44m@[0;35;44mS[0;1;34;94;44m8888888[0;30;44m%[0m
[0;30;41m8[0;1;30;90;43m@8[0;35;5;40;100mX[0;35;44m@[0;34;5;44;104m8888[0;35;5;40;100m8;[0;1;30;90;43m88888[0;33;5;40;100mS[0;35;5;40;100m:[0;1;30;90;45m8[0;34;5;44;104mXXX@[0;35;5;40;100m:[0;37;5;40;100mS[0;33;5;40;100m;::[0;1;30;90;47m8[0;33;5;40;100m: [0;37;5;40;100m8[0;35;5;40;100m:[0;35;5;44;104mX[0;34;5;44;104mXX[0;35;5;44;104m8[0;35;5;40;100m; [0;33;5;40;100m [0;1;37;97;47m%[0;37;5;47;107mt..::::;S[0;1;37;97;47m@[0;1;30;90;47mS[0;35;5;40;100m:[0;1;30;90;43m88@@X[0;33;5;40;100m8[0;35;5;40;100m8[0;1;34;94;44mS[0;34;5;44;104m888[0;1;34;94;44m@[0;1;30;90;44m@[0;31;5;40;100mX[0;31;43m88888[0;31;5;40;100m8[0;35;5;40;100m8[0;1;34;94;44m%888S[0;30;44m8[0m
[0;30;41m8[0;1;30;90;43mX@@88[0;33;5;40;100m@@[0;1;30;90;43m88888888888[0;33;5;40;100m%::[0;1;30;90;43m88888[0;33;5;40;100m [0;37;5;47;107m;[0;1;30;90;47mX[0;33;5;40;100m;;[0;1;30;90;43m8[0;33;5;40;100m: .[0;1;30;90;43m88[0;1;30;90;47mS[0;37;5;47;107m:...::::;;;;;S[0;33;5;40;100m:[0;1;30;90;43m@@@XXX[0;31;43m8[0;1;30;90;43m@[0;33;5;40;100m88[0;31;43m88888888888[0;33;41m8[0;31;5;40;100m8[0;1;30;90;41mX[0;33;41m8[0;30;41m8[0m
[0;31;40m8[0;1;30;90;43mX@@@888888888888888888888[0;33;5;40;100mt[0;1;37;97;47m8[0;37;5;47;107m;8[0;1;30;90;47mt;%8[0;37;5;40;100m888[0;1;37;97;47m [0;37;5;47;107m@%..:::::;;;;;;@[0;33;5;40;100m8[0;1;30;90;43m@@XXX[0;31;43m8888888888888888[0;33;41m888[0;31;40m8[0m
[0;31;40m@[0;1;30;90;43mX@@@888888888888888888888[0;33;5;40;100m.[0;1;37;97;47m8[0;37;5;47;107mS    .[0;1;37;97;47m@8[0;37;5;47;107m;..[0;1;37;97;47mX[0;37;5;47;107mt:::::;;;;;;tt[0;1;30;90;47mt[0;1;30;90;43m@XXXS[0;31;43m8888888888888888[0;33;41m888[0;31;40m@[0m
[0;31;40m%[0;1;30;90;43mXX@@@8888888888888888888[0;37;5;40;100m8[0;37;5;47;107mS       t8[0;1;37;97;47m@[0;37;5;47;107m;S[0;1;37;97;47m@[0;37;5;47;107m:::::;;;;;;;ttS[0;33;5;40;100m8[0;1;30;90;43mXXX[0;31;43m88888888888888888[0;33;41m888[0;31;40mS[0m
 [0;1;30;90;43mXXX@@@8888888888888888[0;33;5;40;100mS[0;1;30;90;47m.[0;37;5;47;107m:..X[0;35;5;40;100m:[0;1;37;97;47m [0;37;5;47;107m.....t[0;1;37;97;47m;8[0;37;5;47;107m:::::;;;;;;;tttt[0;33;5;40;100m%[0;1;30;90;43mXX[0;31;43m88888888888888888[0;33;41m8888[0m 
 [0;1;30;90;44m8[0;35;5;40;100m@[0;33;5;40;100m8[0;1;30;90;43mX@@@88[0;33;5;40;100mX[0;35;5;40;100mX[0;1;30;90;44m8[0;35;44m@8[0;35;5;40;100m8%[0;33;5;40;100m@[0;1;30;90;43m88888[0;37;5;40;100m@[0;1;37;97;47mX[0;37;5;47;107m:..;[0;1;30;90;47mX[0;1;37;97;47m [0;37;5;47;107m....:::::::;;;;;;;;tttt[0;1;37;97;47m%[0;35;5;40;100m [0;35;44mS[0;1;30;90;44m8[0;35;5;40;100m@[0;1;30;90;43mX[0;31;43m888888[0;31;5;40;100m@[0;34;5;40;100m8[0;35;44mS%%[0;1;30;90;44mX[0;35;5;40;100m8[0;33;41m88888[0;1;30;90;41m8[0m 
 [0;30;44mS[0;34;5;44;104m8[0;1;34;94;44m8[0;35;5;40;100m8XSSX[0;1;30;90;44m8[0;34;5;44;104m8888888[0;1;34;94;44m8[0;35;5;40;100mXt::t [0;1;37;97;47mt[0;37;5;47;107m:::::::::::::::;;;;;;;;tttt[0;1;37;97;47mtS[0;36;5;40;100m;[0;1;30;90;47m%[0;34;5;40;100mS[0;34;5;44;104m88[0;1;34;94;44mX[0;35;5;40;100m8@[0;31;5;40;100mX[0;35;5;40;100m@8[0;35;44mS[0;1;34;94;44m8888888%[0;34;5;40;100mX[0;35;5;40;100m8[0;31;5;40;100m@S[0;1;30;90;40m8[0m 
  [0;1;34;94;44m8[0;34;5;44;104m888888888888888888888[0;37;5;40;100mt[0;1;37;97;47m:[0;37;5;47;107m8;:::::::::;;;;;;;;;;tt@[0;1;30;90;47mX[0;1;30;90;44m8[0;1;30;90;47mt[0;37;5;47;107mt[0;36;5;40;100m.[0;34;5;40;100mX[0;1;30;90;47mX[0;34;5;44;104m888[0;1;34;94;44m88888888888888888@[0;34;40m%[0m 
  [0;1;30;90;44m:[0;34;5;44;104m888888888888888888888888[0;1;30;90;44m8[0;1;30;90;47m;[0;37;5;47;107m;;;;;;;;;;;;;;;;tt[0;1;37;97;47mt[0;37;5;40;100mt[0;1;34;94;44m@[0;34;5;44;104m8[0;1;30;90;44mS[0;1;30;90;47mX;[0;34;5;40;100mS[0;1;30;90;44mS[0;1;30;90;47mt[0;34;5;44;104m88[0;1;34;94;44m888888888888888888.[0m  
  [0;34;40mS[0;1;34;94;44m8[0;34;5;44;104m8888888888888888888888888[0;36;5;40;100mt[0;1;37;97;47m [0;37;5;47;107mS;;;;;;;;;;;X[0;1;37;97;47m [0;1;30;90;47m8[0;1;30;90;44m8[0;1;34;94;44m8[0;34;5;44;104m8888[0;1;34;94;44m88[0;34;5;44;104m8[0;36;5;40;100m. [0;34;5;44;104m8[0;1;34;94;44m888888888888888888@[0;34;40mX[0m  
   [0;30;44m:[0;34;5;44;104m888888888888888888888888[0;1;34;94;44m8[0;36;5;40;100m:[0;1;37;97;47m;8[0;1;30;90;47m88[0;1;37;97;47m ;%t:[0;1;30;90;47m%[0;1;37;97;47m 8S[0;34;5;40;100mX[0;34;5;44;104m888888888[0;1;34;94;44m8[0;36;5;40;100m;[0;1;30;90;47m8[0;1;34;94;44m@8888888888888888888[0;30;44m.[0m   
    [0;1;34;94;44mX[0;34;5;44;104m8888888[0;1;34;94;44m8X@[0;34;5;44;104m88888888888[0;1;34;94;44m8@[0;1;30;90;44m8[0;37;5;47;107m%%[0;1;30;90;47m8[0;34;5;44;104m888888[0;1;30;90;44m8[0;1;30;90;47mt[0;37;5;47;107mt[0;1;37;97;47m [0;1;30;90;44m8[0;34;5;44;104m88888888[0;1;34;94;44m@[0;34;5;40;100mS[0;1;30;90;47m8[0;35;5;40;100m.[0;1;34;94;44mSX88888888888X%S8888S[0m    
    [0;34;40m8[0;1;34;94;44m8[0;34;5;44;104m888[0;1;34;94;44m8[0;34;5;40;100m8[0;31;5;40;100mS[0;1;30;90;43mXXX@[0;35;5;40;100mX[0;35;44m8[0;34;5;44;104m88888[0;1;34;94;44m8[0;35;5;40;100m8[0;33;5;40;100m%[0;1;30;90;43m888[0;33;5;40;100m:%[0;1;30;90;44m8[0;34;5;44;104m88888[0;1;34;94;44m8[0;1;30;90;47m8[0;37;5;47;107mS[0;1;37;97;47mS[0;33;5;40;100m8[0;1;30;90;43mX[0;33;5;40;100m8[0;35;5;40;100mX[0;35;44mX[0;34;5;44;104m88888[0;35;5;40;100mS [0;31;5;40;100m8[0;31;43m888[0;33;5;40;100m8[0;35;5;40;100m8[0;35;44mS[0;1;34;94;44m88888X[0;35;5;40;100m8[0;31;5;40;100m8[0;33;41m888[0;1;30;90;41mX[0;35;5;40;100m8[0;35;44mt[0;1;34;94;44m@[0;34;40m8[0m    
     [0;34;40m@[0;35;5;40;100m88X[0;1;30;90;43m@[0;31;43m8888[0;1;30;90;43mXXXX[0;33;5;40;100m8[0;35;5;40;100mX@@S[0;1;30;90;43m8@@@@@@@@[0;33;5;40;100m8[0;35;5;40;100mS@@S[0;1;30;90;43m8X[0;33;5;40;100m8[0;1;30;90;43mXXXXX[0;31;43m8[0;33;5;40;100m8[0;35;5;40;100m@88X[0;1;30;90;43mX[0;31;43m88888888[0;31;5;40;100m8[0;35;5;40;100m888[0;31;5;40;100mX[0;31;43m888[0;33;41m888888[0;31;40mX[0m     
      [0;30;41m8[0;31;43m8888888888[0;1;30;90;43mXXXXXXXXXXXXXXXXXXXXXXXXS[0;31;43m888888888888888888888888[0;33;41m8888888[0;30;41m8[0m      
       [0;1;30;90;41m8[0;31;43m88888888888888[0;1;30;90;43mSXXXXXXXXXXXXX[0;31;43m88888888888888888888888888888[0;33;41m8888888[0;1;30;90;41m8[0m       
        [0;30;41m8[0;31;43m888888888888888888888888888888888888888888888888888888[0;33;41m88888888[0;30;41m8[0m        
         [0;31;40m8[0;31;43m8888888888888888888888888888888888888888888888888888[0;33;41m88888888[0;31;40m8[0m         
          [0;31;40mS[0;31;5;40;100m@[0;35;5;40;100m8888[0;31;5;40;100m8[0;31;43m88888888[0;31;5;40;100mX[0;35;5;40;100m888@[0;33;5;40;100m8[0;31;43m88888888[0;31;5;40;100mX[0;35;5;40;100m888@[0;33;5;40;100m8[0;31;43m88888888[0;31;5;40;100m@[0;35;5;40;100m8888[0;1;30;90;41mX[0;31;43m8[0;33;41m8888888[0;31;5;40;100m@[0;35;5;40;100m8[0;31;40mS[0m          
            [0;1;34;94;44m;8888[0;1;30;90;44mX[0;35;5;40;100m@[0;33;5;40;100m8[0;31;43m88[0;31;5;40;100m8[0;35;5;40;100m8[0;35;44m%[0;1;34;94;44m888888[0;1;30;90;44m@[0;35;5;40;100mX[0;1;30;90;43mX[0;31;43m88[0;31;5;40;100m8[0;35;5;40;100m8[0;1;34;94;44m%888888[0;1;30;90;44m@[0;35;5;40;100m@[0;31;43m888[0;31;5;40;100m8[0;35;5;40;100m8[0;1;34;94;44m%88888@[0;1;30;90;44mX[0;31;5;40;100m@[0;33;41m888[0;31;5;40;100m8[0;35;5;40;100m8[0;1;34;94;44mt;[0m            
             [0;30;44m%[0;1;34;94;44m8888888888888888888888888888888888@888888888888@X@@@[0;30;44m%[0m             
              [0;34;40mS[0;1;34;94;44m;88888888888888888888888888888888888888888888@@@@;[0;34;40mS[0m              
                [0;30;44m8[0;1;34;94;44mS8888888888888888888888888888888888888888@@@@S[0;30;44m8[0m                
                  [0;30;44m%[0;1;34;94;44m@88888888888888888888888888888888888@@@@@@[0;30;44mt[0m                  
                    [0;30;44mt[0;1;34;94;44m@888888888888888888888888888888@@@@@@X[0;30;44mt[0m                    
                      [0;30;44m%[0;1;34;94;44mXt[0;35;5;40;100m8[0;31;5;40;100mX88[0;35;5;40;100m8[0;1;30;90;44mX[0;1;34;94;44mX888888[0;35;44mt[0;35;5;40;100m8[0;31;5;40;100m@88[0;35;5;40;100m8[0;1;30;90;44mS[0;1;34;94;44mX88@@@@[0;35;44mt[0;35;5;40;100m8[0;31;5;40;100m888[0;34;40m8[0m                      
                        [0;31;40m8[0;33;41m888888[0;1;30;90;41mX[0;35;5;40;100m8[0;1;30;90;44mS[0;35;44mS[0;1;30;90;44m%8[0;31;5;40;100mX[0;33;41m8888888[0;1;30;90;41m@[0;35;5;40;100m8[0;1;30;90;44mS[0;35;44mS[0;1;30;90;44m%[0;34;5;40;100m@[0;31;5;40;100m8[0;33;41m88@[0;31;40m8[0m                        
                          [0;31;40m%[0;1;30;90;41m8[0;33;41m888888888888888888888888[0;1;30;90;41m8[0;31;40mS[0m                          
                             [0;31;40m8[0;1;30;90;41m8[0;33;41m888888888888888888[0;1;30;90;41m8[0;31;40m8[0m                             
                                [0;31;40m8[0;1;30;90;41m8[0;33;41m888888888888[0;1;30;90;41m8[0;31;40m8[0m                                
                                   [0;31;40m@[0;1;30;90;41m8[0;33;41m888888[0;1;30;90;41m8[0;31;40m8[0m                                   
                                      [0;31;40m%88S[0m                                      
