[0;31;40m8[0;33;41m@@@@@@@@@@@@@@@@@@@@@@@@@@@88@@@@@@@@@@@@@@@@@@@@@@@@@@@@@@@XXXXXXXXXXXXXXXXXX[0;31;40m8[0m
[0;1;30;90;41m@[0;31;43m88888888888888888888888888888888888888888888888888888888888888[0;33;41m8888888888888888[0;30;41mX[0m
[0;1;30;90;41m@[0;31;43m88888888888888888888888@@@@@@@@@@888888888888888888888888888888[0;33;41m888888888888888[0;30;41mX[0m
[0;1;30;90;41m@[0;31;43m888888888888888888@@@@@@@@@@@@@@@@@@@@@8888888888888888888888888[0;33;41m88888888888888[0;30;41mX[0m
[0;1;30;90;41m@[0;31;43m888888888888888@@@@@@@@@@@@@@@@@@@@@@@@@@@88888888888888888888888[0;33;41m8888888888888[0;30;41mX[0m
[0;1;30;90;41m@[0;31;43m888888888888@@@@[0;35;5;40;100m%[0;1;30;90;43m8[0;31;43m@@@[0;35;5;40;100mt[0;33;5;40;100mS[0;1;30;90;43m888[0;33;5;40;100m;;[0;1;30;90;43m888[0;33;5;40;100mt[0;35;5;40;100m;[0;1;30;90;43m8[0;31;43mXX[0;1;30;90;43m8[0;35;5;40;100m%[0;31;43m@[0;1;30;90;43m8[0;35;5;40;100mS[0;31;43m@@@8[0;35;5;40;100mX[0;31;43m8888[0;35;5;40;100m@[0;31;43m8888[0;35;5;40;100m8[0;33;41m8[0;31;43m888[0;35;5;40;100m8[0;31;5;40;100m8[0;31;43m8888[0;33;41m888888888888[0;30;41mX[0m
[0;1;30;90;41m@[0;31;43m8888888888@@@@@@[0;1;30;90;45m88[0;31;43mX[0;1;30;90;43m88[0;35;5;40;100mX[0;35;44m8[0;1;30;90;43m888[0;35;5;40;100m%[0;34;5;44;104m8[0;1;30;90;43m888[0;35;5;40;100m:[0;34;5;44;104m8[0;33;5;40;100mt[0;1;30;90;43m88[0;33;5;40;100m%[0;34;5;44;104m8[0;35;5;40;100mt[0;35;44m8[0;1;30;90;45m8[0;31;43m@@@[0;35;5;40;100m8[0;35;44m@[0;31;43m888[0;35;5;40;100m8[0;1;34;94;44m@[0;31;43m888[0;35;5;40;100m@[0;34;5;44;104m8[0;33;41m8[0;31;43m88[0;31;5;40;100m@[0;1;34;94;44m8[0;31;5;40;100m@[0;31;43m88888[0;33;41m88888888888[0;30;41mX[0m
[0;1;30;90;41m@[0;31;43m888888888[0;35;5;40;100m8@[0;31;43m@@@[0;33;5;40;100mX[0;1;30;90;45m8[0;34;5;44;104m8[0;33;5;40;100m;[0;1;30;90;43m88[0;35;5;40;100m@[0;34;5;44;104m8[0;35;5;40;100m;[0;1;30;90;43m88[0;35;5;40;100mS[0;34;5;44;104m8[0;35;5;40;100m%[0;1;30;90;43m88[0;35;5;40;100m%[0;34;5;44;104m8[0;35;5;40;100mX[0;1;30;90;43m88[0;35;5;40;100mt[0;1;34;94;44m8[0;1;30;90;45m8[0;1;30;90;43m8[0;35;5;40;100m;[0;34;5;44;104m8[0;1;30;90;45m8[0;33;5;40;100mX[0;31;43m@[0;1;30;90;43m8[0;1;34;94;44m8[0;35;44m@[0;35;5;40;100m%[0;31;43m88[0;35;44m@[0;1;34;94;44mX[0;35;5;40;100mX[0;31;43m88[0;35;44m8[0;1;34;94;44m@[0;35;5;40;100m8[0;31;43m88[0;1;30;90;45m@[0;1;34;94;44m8[0;35;5;40;100m8[0;31;43m888[0;31;5;40;100m@[0;1;30;90;45mX[0;31;5;40;100m8[0;33;41m888888888[0;30;41mX[0m
[0;1;30;90;41m@[0;31;43m88888888@[0;33;5;40;100m%[0;34;5;44;104m8[0;35;5;40;100m%[0;31;43m@[0;33;5;40;100m;[0;34;5;44;104m88[0;1;30;90;45m8[0;1;30;90;43m88[0;1;34;94;44m8[0;34;5;44;104m@[0;34;45m8[0;1;30;90;43m88[0;34;45m8[0;34;5;44;104m@8[0;1;30;90;43m88[0;1;30;90;45m8[0;34;5;44;104m@@[0;33;5;40;100m:[0;1;30;90;43m8[0;35;5;40;100m%[0;34;5;44;104m@@[0;35;5;40;100mt[0;1;30;90;43m88[0;1;30;90;45m8[0;34;5;44;104m8[0;1;34;94;44m8[0;33;5;40;100mS[0;31;43m@[0;35;5;40;100m8[0;34;5;44;104m88[0;35;5;40;100m%[0;31;43m8[0;35;5;40;100m8[0;34;5;44;104m88[0;35;5;40;100m8[0;31;43m8[0;35;5;40;100m@[0;34;5;44;104m88[0;35;5;40;100m8[0;31;43m8[0;31;5;40;100m@[0;1;34;94;44m88[0;1;30;90;45mX[0;31;43m88[0;35;44mX8[0;31;43m8[0;33;41m888888888[0;30;41mX[0m
[0;1;30;90;41m@[0;31;43m888888@@@[0;35;5;40;100m8[0;34;5;44;104m8[0;35;5;40;100mS[0;1;30;90;43m8[0;35;5;40;100m@[0;34;5;44;104m88[0;34;45m8[0;1;30;90;43m8[0;35;5;40;100mt[0;34;5;44;104m@@8[0;1;30;90;43m8[0;35;5;40;100m.[0;34;5;44;104m@@@[0;33;5;40;100m:[0;1;30;90;43m8[0;34;5;44;104mX@@[0;35;5;40;100m:[0;1;30;90;43m8[0;34;5;44;104m8@@[0;35;5;40;100m%[0;1;30;90;43m88[0;1;34;94;44m8[0;34;5;44;104m88[0;35;5;40;100mS[0;31;43mX[0;34;45m8[0;34;5;44;104m88[0;35;5;40;100m8[0;31;43m@[0;1;30;90;45m8[0;34;5;44;104m88[0;35;44m8[0;31;43m8[0;35;5;40;100m8[0;34;5;44;104m88[0;1;34;94;44mX[0;31;43m8[0;35;5;40;100m8[0;1;34;94;44m888[0;31;43m88[0;1;34;94;44mS8[0;1;30;90;41m8[0;33;41m888888888[0;30;41mX[0m
[0;1;30;90;41m@[0;31;43m88888@@@[0;33;5;40;100mX[0;34;5;44;104m88[0;35;44m8[0;1;30;90;43m8[0;35;5;40;100mS[0;34;5;44;104m8@@[0;35;5;40;100m%.[0;34;5;44;104m@@@[0;35;5;40;100m%[0;33;5;40;100m;[0;34;5;44;104m8XX[0;1;30;90;45m8[0;33;5;40;100m;[0;1;30;90;45m8[0;34;5;44;104mXX8[0;33;5;40;100m.[0;35;5;40;100m%[0;34;5;44;104m@@[0;35;44m8[0;1;30;90;43m8[0;35;5;40;100m;[0;34;5;44;104m@@8[0;33;5;40;100m;[0;35;5;40;100mX[0;34;5;44;104m888[0;35;5;40;100mSX[0;34;5;44;104m888[0;35;5;40;100m8X[0;1;34;94;44m8[0;34;5;44;104m88[0;1;30;90;45m@[0;31;5;40;100m8[0;1;34;94;44mX88[0;35;44mX[0;31;43m8[0;35;5;40;100m8[0;1;34;94;44m88[0;1;30;90;45mX[0;31;43m8[0;33;41m88888888[0;30;41mX[0m
[0;1;30;90;41m8[0;31;43m88888@@@[0;1;30;90;43m8[0;1;34;94;44m8[0;34;5;44;104m888[0;35;5;40;100mX[0;34;5;44;104m8@@@[0;35;5;40;100mS[0;34;45m8[0;34;5;44;104mX[0;1;34;94;44m8[0;34;5;44;104m@[0;1;30;90;45m8[0;35;5;40;100mt[0;34;5;44;104mXXX@[0;35;5;40;100m:[0;34;5;44;104mXX@[0;1;34;94;44m8[0;35;5;40;100m;[0;34;5;44;104mXX@[0;35;5;40;100m;[0;1;30;90;45m8[0;34;5;44;104m@@[0;1;34;94;44m8[0;1;30;90;45m8[0;1;34;94;44m@8[0;34;5;44;104m88[0;35;5;40;100m8[0;34;5;44;104m8888[0;1;30;90;45m8[0;34;5;44;104m8[0;1;34;94;44m8S[0;34;5;44;104m8[0;1;30;90;45m@[0;1;34;94;44m8[0;34;5;44;104m88[0;1;34;94;44m8[0;35;44m8S[0;1;34;94;44m888[0;35;5;40;100m8[0;31;43m8[0;33;41m88888888[0;30;41mX[0m
[0;1;30;90;41m8[0;31;43m8888@@@@@[0;1;30;90;43m8[0;35;5;40;100m@[0;34;5;44;104m8@@@@@@@[0;35;5;40;100mX:[0;1;30;90;43m8[0;33;5;40;100mt[0;35;5;40;100mt[0;1;34;94;44m8[0;34;5;44;104mXXXXX[0;1;34;94;44m8[0;35;5;40;100m;[0;33;5;40;100mtS[0;35;5;40;100m:S[0;34;5;44;104m@XX@@@[0;1;30;90;44m8[0;35;5;40;100m%[0;1;30;90;43m8[0;33;5;40;100m8[0;35;5;40;100m@[0;1;34;94;44mS[0;34;5;44;104m88888[0;1;34;94;44mX[0;35;5;40;100m8[0;1;30;90;41m8[0;33;41m8[0;31;5;40;100m8[0;1;30;90;44m@[0;1;34;94;44m8@88888[0;35;44m8[0;31;5;40;100m@[0;31;43m888[0;33;41m8888888[0;30;41mX[0m
[0;1;30;90;41m8[0;31;43m8888@@@@[0;1;30;90;43m8888[0;35;5;40;100m;tt:t[0;34;45m8[0;34;5;44;104mX8[0;35;5;40;100m;[0;1;30;90;43m8[0;33;5;40;100mt[0;35;5;40;100m%[0;34;5;44;104mXXXXXXX[0;35;5;40;100m%[0;33;5;40;100m;[0;1;30;90;43m8[0;35;5;40;100m:[0;34;5;44;104m8XXXX@@8[0;35;5;40;100mX[0;1;30;90;43m88[0;1;30;90;44m8[0;34;5;44;104m8888888[0;1;34;94;44m%[0;31;5;40;100m8[0;33;41m8[0;31;5;40;100m8[0;1;34;94;44mX[0;34;5;44;104m8[0;1;34;94;44mX[0;35;5;40;100m8@8@[0;33;41m8[0;31;43m88[0;33;41m8[0;1;30;90;41m8[0;31;43m8[0;33;41m8888888[0;30;41mX[0m
[0;1;30;90;41m8[0;31;43m888@@@[0;1;30;90;43m8[0;1;30;90;45m8[0;35;44m8[0;1;34;94;44m8[0;35;5;40;100m@%%S[0;1;30;90;45m8[0;34;5;44;104m@XXXX[0;35;5;40;100mS[0;1;30;90;43m8[0;35;5;40;100m [0;34;5;44;104mXXS[0;36;5;44;104mXXXXX[0;34;5;44;104mS[0;35;5;40;100m [0;1;30;90;43m8[0;35;5;40;100m%[0;34;5;44;104mXXXXXX@@[0;1;30;90;44m8[0;1;30;90;43m8[0;33;5;40;100m8[0;34;5;44;104m888888888[0;35;5;40;100m8[0;33;41m8[0;34;5;40;100m8[0;34;5;44;104m8888[0;1;34;94;44m8[0;35;44m@[0;1;30;90;45m@@[0;34;45m8[0;1;34;94;44mX[0;35;44mS[0;1;30;90;45mX[0;35;5;40;100m8[0;33;41m8888888[0;30;41mX[0m
[0;1;30;90;41m8[0;31;43m888@@@@X[0;1;30;90;43m8[0;35;5;40;100m:[0;1;30;90;45m8[0;34;5;44;104m@@@@XXXXX[0;1;34;94;44m8[0;1;30;90;43m8[0;35;5;40;100m.[0;34;5;44;104mS[0;36;5;44;104mXXXXXXXX[0;35;5;40;100m [0;33;5;40;100mt[0;1;30;90;44m8[0;34;5;44;104mXXXXXX@@[0;1;34;94;44m8[0;1;30;90;43m8[0;35;5;40;100mS[0;34;5;44;104m888888888[0;35;5;40;100m8[0;33;41m8[0;35;44mS[0;34;5;44;104m88[0;1;34;94;44m88[0;34;5;44;104m8[0;1;34;94;44m888S[0;35;5;40;100m8[0;31;43m888[0;33;41m8888888[0;30;41mX[0m
[0;1;30;90;41m8[0;31;43m888@@@@[0;1;30;90;43m8888[0;33;5;40;100m:[0;35;5;40;100mtt;.t[0;34;5;44;104m8XXX[0;33;5;40;100mt[0;35;5;40;100m;[0;36;5;44;104mXXXXXXXXX[0;35;5;40;100m:[0;33;5;40;100m;[0;34;5;44;104mXXXXXXXX@@[0;33;5;40;100mX[0;35;5;40;100m@[0;34;5;44;104m888888888[0;1;30;90;44mS[0;33;41m8[0;1;34;94;44mX[0;34;5;44;104m88[0;1;34;94;44mX[0;35;5;40;100m8@88[0;31;5;40;100m@[0;31;43m88[0;33;41m8[0;1;30;90;41m8[0;31;43m88[0;33;41m888888[0;30;41mX[0m
[0;1;30;90;41m8[0;31;43m888@@@[0;33;5;40;100m%[0;35;44m8[0;1;34;94;44m8[0;1;30;90;45m8[0;35;5;40;100mSt;t[0;1;30;90;45m8[0;34;5;44;104m8XXXXX[0;35;5;40;100m.%[0;36;5;44;104mXXXXXXXXX[0;35;5;40;100m;.[0;34;5;44;104mXXXXXXXX@@[0;35;5;40;100mS[0;34;5;40;100m8[0;34;5;44;104m888888888[0;1;34;94;44mS[0;1;30;90;41m8[0;34;5;44;104m88888[0;1;34;94;44m8[0;35;44m@[0;1;30;90;45m@[0;35;5;40;100m88[0;35;44mX[0;1;34;94;44mX[0;35;44m8[0;35;5;40;100m8[0;31;43m8[0;33;41m888888[0;30;41mX[0m
[0;1;30;90;41m8[0;31;43m888@@@[0;1;30;90;43m8[0;31;43mX[0;1;30;90;43m8[0;35;5;40;100m%[0;1;34;94;44m8[0;34;5;44;104m@@@@XXXXXX[0;35;5;40;100mt[0;34;5;44;104m8[0;36;5;44;104mXX[0;35;5;44;104m8[0;35;5;40;100m. .[0;35;5;44;104m@[0;36;5;44;104mXX[0;35;5;40;100m%;[0;34;5;44;104mXXXX[0;35;5;40;100mSX[0;34;5;44;104m@X@@[0;35;5;40;100m8[0;35;44mX[0;34;5;44;104m8888[0;35;44mS[0;1;34;94;44m8[0;34;5;44;104m888[0;1;34;94;44m8[0;30;5;40;100m@[0;34;5;44;104m8888[0;1;34;94;44m8[0;34;5;44;104m8[0;1;34;94;44m8888[0;35;5;40;100m8[0;33;41m8[0;31;43m888[0;33;41m888888[0;30;41mX[0m
[0;1;30;90;41m8[0;31;43m888@@@@X[0;1;30;90;43m888[0;35;5;40;100mtSS%:%[0;34;5;44;104m@XXX[0;34;5;40;100mS[0;34;5;44;104mXX@[0;35;5;40;100m:[0;33;5;40;100m:;:[0;35;5;40;100m.[0;36;5;44;104m8X[0;34;5;44;104mX[0;34;5;40;100mS[0;34;5;44;104mXX[0;34;5;40;100mS[0;33;5;40;100m:[0;1;30;90;43m8[0;33;5;40;100mX%[0;1;30;90;44m8[0;34;5;44;104m@@[0;1;30;90;44m8[0;1;34;94;44m8[0;34;5;44;104m88[0;35;5;40;100m8[0;33;5;40;100m8[0;31;43m8[0;31;5;40;100m8[0;35;5;40;100m8[0;1;34;94;44m@[0;34;5;44;104m88[0;1;30;90;44mt[0;34;5;44;104m888[0;1;34;94;44m@[0;35;5;40;100m88888[0;33;41m8[0;31;43m88[0;1;30;90;41m8[0;33;41m88888888[0;30;41mX[0m
[0;1;30;90;41m8[0;31;43m888@@@[0;35;5;40;100mt[0;35;44m88[0;35;5;40;100m@%;;tS[0;34;5;44;104m8XXXXX8XXXS[0;35;5;40;100m.[0;1;30;90;43m8[0;35;5;40;100m [0;34;5;44;104mSSXX8XXX[0;35;44m8[0;1;30;90;43m88[0;35;5;40;100m@[0;34;5;44;104m@@@[0;1;34;94;44m8[0;34;5;44;104m888[0;1;34;94;44m8[0;35;5;40;100m@[0;31;43m8[0;33;5;40;100m8[0;1;34;94;44mX[0;34;5;44;104m888[0;1;34;94;44m@[0;34;5;44;104m88888[0;1;34;94;44m8[0;35;44m8[0;35;5;40;100m888[0;35;44m8[0;1;34;94;44mX[0;35;44m8[0;1;30;90;45mX[0;33;41m8888888[0;30;41mX[0m
[0;30;41m@[0;31;43m8888@@[0;1;30;90;43m8[0;31;43m@[0;1;30;90;43m8[0;35;5;40;100m@[0;34;5;44;104m88@@@@@XXXXXXXXX[0;35;5;40;100m;[0;1;30;90;43m8[0;35;5;40;100m;[0;34;5;44;104mXXXXXXXX@[0;1;30;90;43m88[0;1;34;94;44m8[0;34;5;44;104m@@@@8888[0;34;5;40;100m8[0;31;43m8[0;35;5;40;100m@[0;34;5;44;104m8888888888[0;1;34;94;44m88888[0;35;44m8[0;1;30;90;41m8[0;31;43m88[0;33;41m8888888[0;30;41m@[0m
[0;30;41m8[0;31;43m8888@@@@@[0;1;30;90;43m8[0;33;5;40;100mS[0;35;5;40;100mSXXXtS[0;34;5;44;104m8XXXXXXXX[0;35;5;40;100mS[0;1;30;90;43m8[0;35;5;40;100mS[0;34;5;44;104mXXXXXXXXX[0;33;5;40;100m:@[0;34;5;44;104m@@@@88888[0;35;44mS[0;31;43m8[0;35;5;40;100m8[0;34;5;44;104m88888888[0;1;34;94;44m@[0;1;30;90;45m@[0;35;5;40;100m8888[0;1;30;90;41m8[0;31;43m88[0;33;41m888888888[0;30;41m8[0m
[0;31;40mX[0;31;43m88888@[0;35;5;40;100mS[0;35;44m@[0;1;30;90;45m8[0;35;5;40;100m@t[0;33;5;40;100mt;[0;35;5;40;100m%X[0;34;5;44;104m8@@@@XXXXXX[0;1;34;94;44m8[0;33;5;40;100mS[0;1;34;94;44m8[0;34;5;44;104mXXXXXXXX@[0;35;5;40;100m%S[0;34;5;44;104m@@@888888[0;1;34;94;44m8[0;33;41m8[0;1;30;90;44m@[0;34;5;44;104m8888888[0;1;34;94;44m@@[0;34;5;44;104m8[0;1;34;94;44m8[0;35;44m8[0;35;5;40;100m8888[0;35;44mS[0;1;34;94;44m%[0;35;44m8[0;1;30;90;41m8[0;33;41m888888[0;31;40m@[0m
 [0;31;43m888888[0;1;30;90;43m8[0;31;43m8[0;35;5;40;100m%[0;34;45m8[0;34;5;44;104m888888[0;35;5;40;100mXt[0;34;5;44;104m8@@@@XXX@[0;33;5;40;100mS[0;34;5;44;104mXXXXXX@@@@[0;35;5;40;100mX[0;34;5;40;100m8[0;34;5;44;104m@@88888888[0;31;5;40;100m8[0;1;34;94;44mS[0;34;5;44;104m8888888[0;1;34;94;44m8[0;35;5;40;100m88[0;1;34;94;44mX8888[0;35;44mS[0;35;5;40;100m8[0;33;41m888888888[0m 
 [0;33;41m8[0;31;43m888888@@@[0;33;5;40;100m%[0;35;5;40;100mX@X%[0;1;30;90;43m8[0;35;5;40;100m;[0;34;5;44;104m8@@@@@@@@@[0;34;5;40;100m8[0;34;5;44;104m@@@[0;1;30;90;44m8[0;35;5;40;100mS%@[0;1;34;94;44m8[0;34;5;44;104m@@[0;1;30;90;44m88[0;34;5;44;104m888[0;35;44m8[0;35;5;40;100m@8[0;1;34;94;44mX[0;34;5;44;104m888[0;30;5;40;100m@[0;1;34;94;44m8[0;34;5;44;104m88888888[0;1;34;94;44m8[0;35;5;40;100m8[0;31;43m8[0;31;5;40;100m@[0;35;5;40;100m88[0;1;30;90;41m8[0;31;43m88[0;33;41m88888888@[0m 
 [0;30;41m@[0;31;43m8888888@@@@[0;1;30;90;43m88[0;35;5;40;100mt[0;1;30;90;45m8[0;34;5;44;104m8888[0;1;34;94;44m8[0;34;5;44;104m@@@@@@[0;1;30;90;44m8[0;34;5;44;104m@@[0;1;34;94;44m8[0;35;5;40;100mX[0;1;30;90;43m88[0;33;5;40;100m%[0;34;5;40;100m8[0;34;5;44;104m88[0;1;34;94;44mSS[0;34;5;44;104m88[0;1;30;90;44m8[0;33;5;40;100m8[0;31;43m@8[0;31;5;40;100m@[0;1;34;94;44m%[0;34;5;44;104m88[0;1;30;90;44m%[0;34;5;44;104m888888[0;35;44mXX[0;34;5;44;104m8[0;1;34;94;44m88[0;35;44mS[0;35;5;40;100m888[0;31;5;40;100m@[0;33;41m8888888888[0;30;41mX[0m 
  [0;31;43m88888888[0;35;5;40;100m%[0;35;44m@@[0;34;5;44;104m88888[0;1;34;94;44m8[0;35;5;40;100m@t[0;34;5;44;104m888@@@@@@@@@[0;33;5;40;100mt[0;1;30;90;43m8[0;35;5;40;100m8[0;34;5;44;104m88888888[0;1;30;90;44m@[0;31;43m@[0;1;30;90;41m@[0;1;34;94;44m8[0;34;5;44;104m888[0;1;34;94;44m8[0;34;5;44;104m8888888[0;35;5;40;100m88[0;35;44m8[0;1;34;94;44m@88[0;35;44mS8[0;1;30;90;45m@[0;35;44mX[0;1;30;90;41m8[0;33;41m88888888[0;31;40mt[0m 
  [0;33;41mX[0;31;43m8888888[0;31;5;40;100m%[0;31;43m8@@[0;33;5;40;100mX[0;35;5;40;100mSS[0;33;5;40;100m%[0;31;43m@[0;35;5;40;100mt[0;1;34;94;44m8[0;34;5;44;104m888888888888[0;35;5;40;100mX[0;1;30;90;43m8[0;35;44mS[0;34;5;44;104m88888888[0;1;34;94;44mS[0;31;43m8[0;31;5;40;100m8[0;34;5;44;104m888888888888[0;1;34;94;44m8[0;35;5;40;100m8[0;33;41m8[0;31;43m8[0;33;41m88[0;31;43m888[0;33;41m888888888X[0m  
  [0;31;40m%[0;31;43m8888888888[0;1;30;90;43m8[0;35;5;40;100m%SS@[0;34;45m8[0;34;5;44;104m888[0;1;34;94;44m@[0;1;30;90;45m8[0;34;5;44;104m888888888[0;35;5;40;100m8[0;33;5;40;100m8[0;1;34;94;44m8[0;34;5;44;104m88888888[0;1;34;94;44m8[0;33;41m8[0;35;5;40;100m8[0;34;5;44;104m888888888[0;35;44m8[0;1;30;90;45m@[0;1;34;94;44m888@[0;35;44m8[0;1;30;90;45m@[0;35;5;40;100m88[0;31;5;40;100m@[0;33;41m8888888888[0;31;40mS[0m  
   [0;1;30;90;41m8[0;31;43m88888888[0;1;30;90;43m8[0;35;44m@[0;1;30;90;45m88[0;35;44mX[0;34;5;44;104m88[0;1;34;94;44m8[0;35;44m8[0;35;5;40;100m8[0;33;5;40;100mS[0;1;34;94;44m8[0;34;5;44;104m888888888[0;1;30;90;44m8[0;31;5;40;100m@[0;34;5;44;104m8888888888[0;31;5;40;100m8[0;34;5;40;100m8[0;34;5;44;104m888888888[0;1;34;94;44m8[0;35;5;40;100m8[0;31;5;40;100m@[0;35;5;40;100m8[0;35;44m8S@[0;1;30;90;45m@[0;35;5;40;100m88[0;35;44m8[0;33;41m888888888S[0m   
    [0;33;41m8[0;31;43m888888888888888@[0;35;5;40;100mS[0;1;34;94;44mX[0;34;5;44;104m8888888888[0;1;34;94;44m%[0;35;5;40;100m8[0;34;5;44;104m8888888888[0;35;5;40;100m8[0;1;30;90;44m%[0;34;5;44;104m88888888[0;1;34;94;44m888[0;1;30;90;45m@[0;1;30;90;41m8[0;31;43m88888[0;33;41m88888888888[0m    
    [0;31;40m@[0;31;43m8888888888[0;31;5;40;100mX[0;35;5;40;100m888[0;1;30;90;45m8[0;1;34;94;44mX[0;34;5;44;104m888[0;35;44mX[0;35;5;40;100m8[0;1;34;94;44m8[0;34;5;44;104m888888[0;1;34;94;44m8[0;1;30;90;44mX[0;34;5;44;104m88[0;1;34;94;44mS[0;34;5;40;100m@[0;31;5;40;100m88[0;35;5;40;100m8[0;1;34;94;44m%[0;34;5;44;104m88[0;1;30;90;44mX[0;1;34;94;44mS[0;34;5;44;104m888888[0;1;34;94;44m8[0;35;5;40;100m8[0;1;30;90;45m@[0;1;34;94;44m8888X[0;35;44mX@8[0;35;5;40;100m8[0;33;41m8888888888[0;31;40m@[0m    
     [0;30;41m8[0;31;43m888888888[0;35;44m8[0;35;5;40;100m8@8[0;1;30;90;45m@[0;35;44m@8[0;1;30;90;45m8[0;35;5;40;100mX[0;33;5;40;100m8[0;35;44m@[0;34;5;44;104m88[0;1;34;94;44m88[0;34;5;44;104m8888[0;1;34;94;44mt[0;34;5;44;104m88[0;1;34;94;44mX[0;35;5;40;100m8[0;31;43m8[0;33;41m8[0;35;5;40;100m8[0;1;34;94;44mS[0;34;5;44;104m88[0;1;30;90;44m;[0;1;34;94;44m8[0;34;5;44;104m8888[0;1;34;94;44mX888[0;35;5;40;100m8[0;33;41m8[0;35;5;40;100m8888[0;31;5;40;100m8[0;33;41m88[0;35;5;40;100m8[0;33;41m888888888[0;30;41m8[0m     
      [0;1;30;90;41m8[0;31;43m8888888888888888[0;35;5;40;100m8[0;1;34;94;44m8[0;34;5;44;104m88[0;1;34;94;44m8[0;35;5;40;100m@[0;1;34;94;44m8[0;34;5;44;104m88888888[0;1;34;94;44m8[0;33;41m88[0;1;34;94;44mt[0;34;5;44;104m8888888[0;1;34;94;44m88[0;35;5;40;100m8[0;34;45m8[0;1;34;94;44m888[0;35;44m8[0;35;5;40;100m8[0;1;30;90;41m8[0;33;41m88888888888888[0;1;30;90;41m8[0m      
       [0;1;30;90;41m8[0;31;43m888888888[0;33;41m8[0;35;44m8@X[0;1;34;94;44mX8[0;34;5;44;104m888[0;35;44m8[0;31;5;40;100m@[0;35;5;40;100m8[0;34;5;44;104m8888888888[0;1;30;90;41m8X[0;1;34;94;44m8[0;34;5;44;104m8888[0;1;34;94;44m88888[0;35;44m@[0;31;43m8[0;35;5;40;100m8[0;35;44mS[0;1;34;94;44m8888X[0;35;44mX%[0;31;5;40;100m8[0;33;41m888888888S[0m       
        [0;1;30;90;41m8[0;31;43m88888888[0;31;5;40;100mX@[0;31;43m8[0;33;41m8[0;35;5;40;100m@88@[0;31;43m88[0;35;5;40;100m@[0;1;34;94;44m8[0;34;5;44;104m88[0;1;34;94;44mX[0;35;5;40;100m8[0;34;5;44;104m888888[0;35;5;40;100m8[0;31;5;40;100m8[0;34;5;44;104m8[0;1;34;94;44m88888[0;34;45m8[0;35;5;40;100m8[0;1;34;94;44m888[0;1;30;90;45m@[0;33;41m8[0;31;43m8[0;33;41m8[0;1;30;90;41m88[0;33;41m8888[0;1;30;90;41m8[0;33;41m88888888[0;1;30;90;41m8[0m        
         [0;30;41mX[0;31;43m88888888888888[0;35;5;40;100m@8[0;35;44m8[0;1;34;94;44m8[0;34;5;44;104m88[0;35;44m8[0;31;5;40;100m8[0;35;5;40;100m8[0;34;5;44;104m8888[0;1;34;94;44m88[0;35;5;40;100m8[0;34;5;40;100m8[0;1;34;94;44m888888@[0;31;43m8[0;35;5;40;100m8[0;1;34;94;44mX88@[0;35;44m8[0;35;5;40;100m8[0;31;5;40;100m8[0;33;41m8888888888888[0;30;41mX[0m         
          [0;31;40m8[0;33;41m8[0;31;43m8888888888[0;33;41m8[0;1;34;94;44m@[0;1;30;90;45m@[0;35;5;40;100m8888[0;1;30;90;41m8[0;31;43m8[0;35;5;40;100m8[0;1;34;94;44m888[0;35;44mX[0;1;30;90;45m@[0;1;34;94;44m88[0;1;30;90;44mX%[0;1;34;94;44m88@[0;1;30;90;45m@[0;1;34;94;44m888[0;35;44m8[0;33;41m8[0;31;43m8[0;31;5;40;100m@[0;35;5;40;100m8888[0;35;44m%[0;35;5;40;100m8[0;33;41m88888888888[0;31;40m8[0m          
            [0;33;41m@[0;31;43m8888888888[0;31;5;40;100m@[0;31;43m8888[0;31;5;40;100m@[0;35;5;40;100m8[0;35;44m8[0;1;34;94;44m888[0;1;30;90;45mX[0;33;41m8[0;35;44mX[0;1;34;94;44m@S::8S8[0;35;5;40;100m88[0;1;34;94;44mX88X[0;1;30;90;45mX[0;35;5;40;100m8[0;1;30;90;41m8[0;33;41m88888888888888@[0m            
             [0;30;41mX[0;33;41m8[0;31;43m88888888888[0;31;5;40;100m@[0;1;34;94;44mS[0;1;30;90;45mX@@[0;35;5;40;100m88[0;1;30;90;41m8[0;31;43m8[0;35;5;40;100m8[0;1;34;94;44m8@[0;35;5;40;100m8[0;1;34;94;44m%@[0;35;44m8[0;35;5;40;100m8[0;1;34;94;44m8[0;35;44mX[0;33;41m88[0;35;5;40;100m88888[0;35;44mX[0;35;5;40;100m8[0;33;41m888888888888[0;30;41mS[0m             
              [0;31;40mS[0;33;41m@8[0;31;43m888888888[0;33;41m8[0;31;5;40;100m@[0;31;43m888[0;33;41m8[0;31;5;40;100m8[0;35;5;40;100m8[0;35;44mX[0;1;34;94;44m888[0;35;5;40;100m8[0;1;30;90;45mX[0;1;34;94;44m8[0;1;30;90;41m8[0;1;34;94;44mX88X[0;35;5;40;100m88[0;1;30;90;41m8[0;33;41m888888888888888@[0;31;40mS[0m              
                [0;31;40m8[0;33;41m88888888[0;31;43m88888[0;35;5;40;100m8[0;1;34;94;44mS[0;35;44m888[0;1;30;90;45mX[0;35;5;40;100m8[0;33;41m88[0;1;34;94;44mS8[0;35;5;40;100m8[0;33;41m8[0;35;5;40;100m88[0;35;44m8[0;34;45m8[0;1;30;90;45mX[0;35;44m@8[0;33;41m8888888888888[0;30;41m8[0m                
                  [0;1;30;90;41m@[0;33;41m88888888888[0;31;5;40;100m@[0;1;30;90;41m8[0;33;41m888888[0;35;5;40;100m8[0;1;34;94;44m88[0;35;44m@[0;33;41m8888888[0;1;30;90;41m8[0;33;41m88888888888[0;1;30;90;41m@[0m                  
                    [0;1;30;90;41m@[0;33;41m888888888888888888[0;1;30;90;45mX[0;1;34;94;44m%[0;35;5;40;100m8[0;33;41m88888888888888888[0;1;30;90;41m@[0m                    
                      [0;30;41mX[0;33;41m8888888888888888888888888888888888[0;30;41mS[0m                      
                        [0;30;41m8[0;33;41m@8888888888888888888888888888@[0;30;41m8[0m                        
                          [0;31;40mX[0;33;41mX888888888888888888888888X[0;31;40m@[0m                          
                             [0;30;41m8[0;33;41mX888888888888888888X[0;30;41m8[0m                             
                                [0;30;41m8[0;33;41m@888888888888@[0;30;41m@[0m                                
                                   [0;30;41m8[0;33;41mX888888X[0;30;41m8[0m                                   
                                      [0;31;40mX[0;30;41mXX[0;31;40m@[0m                                      
