[0;36;5;40;100m [0;1;30;90;47m....     [0;30;5;40;100m8[0;34;40m........:[0;1;30;90;47mX[0;1;37;97;47m         [0;1;30;90;40mS[0;34;40m:::::::::[0;1;37;97;47m        [0;1;30;90;47m ;[0;34;40m.........[0;1;30;90;40m@[0;1;30;90;47m...::::::[0;37;5;40;100m8[0;34;40m          [0m
[0;37;5;40;100m@[0;1;37;97;47mS[0;1;30;90;43mS[0;37;43mS[0;33;47m@[0;1;37;97;47m:[0;37;5;47;107m8ttt[0;36;5;40;100m;[0;34;40m:::::::::[0;1;37;97;47mX[0;37;5;47;107mttttttttt[0;1;30;90;40m8[0;34;40m;;;;;;;;:[0;37;5;47;107mttttttttt8[0;34;40m::.......[0;30;5;40;100m8[0;37;5;47;107mSSSSSSSXX[0;1;37;97;47m [0;34;40m          [0m
[0;37;5;40;100m@[0;37;5;47;107m%@[0;1;30;90;43m@:[0;33;5;43;103m@[0;1;33;93;43m@[0;37;43mX[0;1;30;90;47m [0;1;37;97;47mt[0;36;5;40;100mt[0;34;40m:::::;;;;[0;1;37;97;47mX[0;37;5;47;107mttttttttt[0;1;30;90;40m8[0;34;40m;;;;;;;;;[0;37;5;47;107mttttttttt8[0;34;40m:::......[0;30;5;40;100m8[0;37;5;47;107m%SSSSSSSX[0;1;37;97;47m.[0;34;40m.         [0m
[0;37;5;40;100m@[0;37;5;47;107m%%[0;1;37;97;47m@[0;37;43m8[0;1;30;90;43m:[0;1;33;93;43m%S[0;33;5;43;103mS%[0;1;33;93;43m%[0;1;30;90;43m;[0;1;30;90;40m88[0;31;40m;[0;34;40m;;;;;[0;1;37;97;47m@[0;37;5;47;107mt;;;;;;;;[0;30;5;40;100m8[0;1;30;90;40mSSSS%%[0;34;40m;;;[0;37;5;47;107mttttttttt8[0;34;40m:::::....[0;30;5;40;100m8[0;37;5;47;107m%%%SSSSSS[0;1;37;97;47m.[0;34;40m..        [0m
[0;37;5;40;100m@[0;37;5;47;107m%ttt[0;33;5;40;100m [0;1;30;90;43m:[0;1;33;93;43m%[0;1;30;90;43m;[0;1;33;93;43mSSS@%[0;1;30;90;43mtttS[0;1;30;90;40m8S[0;1;37;97;47m@[0;37;5;47;107m;;;;;;;;;[0;30;5;40;100m8[0;1;30;90;40mSSSSSSSSS[0;37;5;47;107m;tttttttt8[0;34;40m:::::::..[0;30;5;40;100m8[0;37;5;47;107m%%%%SSSSS[0;1;37;97;47m.[0;34;40m...       [0m
[0;37;5;40;100m@[0;37;5;47;107mttttt[0;1;37;97;47m%[0;33;47m8[0;1;30;90;43mt[0;1;33;93;43m%SSX8[0;33;5;43;103m;8[0;1;30;90;43m%[0;1;33;93;43m@[0;33;5;43;103m;[0;1;33;93;43m8[0;33;47m8[0;1;37;97;47m8[0;37;5;47;107m;;;;;;;;[0;30;5;40;100m8[0;1;30;90;40mXXXXXXXSS[0;37;5;47;107m;;;tttttt@[0;34;40m::::::::.[0;30;5;40;100m8[0;37;5;47;107m%%%%%SSSS[0;1;37;97;47m.[0;34;40m...       [0m
[0;36;5;40;100m [0;1;30;90;47m:::....[0;33;5;40;100m [0;1;30;90;43mt[0;1;33;93;43mSS[0;1;30;90;43m%[0;1;33;93;43mS[0;33;5;43;103mt;[0;1;30;90;43mS[0;33;5;43;103m@[0;1;30;90;43mS[0;33;5;43;103mt:8[0;1;30;90;47m;[0;1;37;97;47m.......[0;37;5;40;100mS[0;36;5;40;100m         [0;1;37;97;47m   [0;1;30;90;47m    ..:[0;36;5;40;100m          [0;1;30;90;47m::;;;;;;;@[0;36;5;40;100m....:::::[0;1;30;90;40m8[0m
[0;34;40m.:::::;;;[0;31;40mt[0;33;5;40;100m.[0;1;33;93;43mX[0;33;5;43;103m@[0;1;33;93;43m@X[0;33;5;43;103m;[0;1;30;90;43mS[0;1;33;93;43m%@SX[0;33;5;43;103m:[0;1;33;93;43m@[0;1;30;90;40m8888888[0;37;5;47;107mX:::::::;;[0;1;30;90;40mXXXSSSS[0;34;40m;;[0;1;30;90;40m8[0;37;5;47;107mttttttttt[0;1;37;97;47mX[0;34;40m.........[0;30;5;40;100mS[0;37;5;47;107mSSXXXX@@@[0;37;5;40;100m8[0m
[0;34;40m.::::;;;;;[0;1;37;97;47m;t[0;1;30;90;43mS[0;1;33;93;43mXXX@[0;1;30;90;43m@[0;1;33;93;43m@[0;33;5;43;103mXt[0;1;33;93;43m@X[0;1;30;90;43m8[0;1;30;90;40m888888[0;37;5;47;107mS:::::::::[0;1;30;90;40m@@XXXSSS%8[0;37;5;47;107mttttttttt[0;1;37;97;47m@[0;34;40m:........[0;30;5;40;100mS[0;37;5;47;107mSSSXXXX@@[0;37;5;40;100m8[0m
[0;34;40m.:::;;;;;[0;1;30;90;40mS[0;1;37;97;47m;[0;37;5;47;107m;[0;1;37;97;47m8[0;1;30;90;47m.[0;1;30;90;43mX[0;1;33;93;43m@@[0;1;30;90;43m@@8[0;33;5;43;103mt%:8[0;1;30;90;40m8[0;30;5;40;100m88888[0;37;5;47;107mS.....::::[0;1;30;90;40m8@@@XXXSS8[0;37;5;47;107mttttttttt[0;1;37;97;47m@[0;34;40m:........[0;30;5;40;100mS[0;37;5;47;107mSSSXXXX@@[0;37;5;40;100m8[0m
[0;34;40m.::;;;;;[0;1;30;90;40mSS[0;1;37;97;47mt[0;37;5;47;107m;;%[0;1;30;90;47m [0;1;30;90;43m@[0;1;33;93;43m@@X[0;1;30;90;43m88[0;1;33;93;43mX[0;33;5;43;103m8[0;37;5;43;103mS[0;31;5;40;100mS[0;30;5;40;100m88888[0;37;5;47;107m%........:[0;1;30;90;40m888@@XXXS8[0;37;5;47;107m;tttttttt[0;1;37;97;47m@[0;34;40m::.......[0;30;5;40;100mS[0;37;5;47;107mSSSSXXXX@[0;37;5;40;100m8[0m
[0;34;40m.::;;;;[0;1;30;90;40mSSS[0;1;37;97;47mt[0;37;5;47;107m;;::[0;1;37;97;47mS[0;1;30;90;43m8[0;33;5;43;103mS[0;1;33;93;43m@[0;33;5;43;103m8[0;1;30;90;43m8[0;37;5;43;103mSSS[0;33;5;40;100m@[0;30;5;40;100m@@@@@[0;37;5;47;107m%    .....[0;1;30;90;40m8888@@XXX[0;30;5;40;100m8[0;37;5;47;107m;;ttttttt[0;1;37;97;47m@[0;34;40m:::......[0;30;5;40;100mS[0;37;5;47;107mSSSSXXXX@[0;37;5;40;100m8[0m
[0;34;40m.:;;;;[0;1;30;90;40m%SSX[0;1;37;97;47mt[0;37;5;47;107m;;:::8[0;1;37;97;47mt[0;37;43m8@[0;1;30;90;43m8[0;37;43mS[0;37;5;43;103mSX[0;30;5;40;100mSXXXXX[0;37;5;47;107m%      ...[0;30;5;40;100m8[0;1;30;90;40m8888@@XX[0;30;5;40;100m8[0;37;5;47;107m;;ttttttt[0;1;37;97;47m@[0;34;40m:::......[0;30;5;40;100mS[0;37;5;47;107mSSSSSXXX@[0;37;5;40;100m8[0m
[0;37;5;40;100mS[0;37;5;47;107m8888888@@[0;36;5;40;100m [0;30;5;40;100m@XXSSS[0;36;5;40;100m%tt[0;1;37;97;47mS[0;37;5;47;107m%88%%%%%%[0;36;5;40;100m ...:::;;t[0;37;5;47;107mSSXXXX@@@[0;1;37;97;47m8[0;30;5;40;100m8888[0;1;30;90;40m88888[0;36;5;40;100m%[0;37;5;47;107m888888[0;1;37;97;47m888[0;1;30;90;47m.[0;1;30;90;40mXXXXXSSSS[0;34;40m:[0m
[0;37;5;40;100m8[0;37;5;47;107mtttt;;;;;[0;36;5;40;100m [0;1;30;90;40m@8888[0;30;5;40;100m8888[0;37;5;47;107m8 %[0;1;30;90;43m8[0;1;33;93;47m@[0;1;37;97;47mS8[0;37;5;47;107m:  [0;36;5;40;100m %[0;30;5;40;100mSSSXX@@8[0;37;5;47;107m...:::::;X[0;1;30;90;40mXSS%[0;34;40m;;;;:[0;30;5;40;100m8[0;37;5;47;107mtttt%%%%%[0;1;37;97;47m:[0;34;40m.......   [0m
[0;37;5;40;100m8[0;37;5;47;107mtttt;;;;;[0;36;5;40;100m [0;1;30;90;40m@8888[0;30;5;40;100m888@[0;37;5;47;107m8  %[0;1;30;90;47mX[0;37;5;43;103m@@8[0;1;33;93;47mS[0;1;37;97;47m@[0;33;5;40;100m.[0;36;5;40;100mtt%[0;30;5;40;100mSSXX@@[0;37;5;47;107m....::::;X[0;1;30;90;40mXSS%[0;34;40m;;;;:[0;30;5;40;100m8[0;37;5;47;107mtttt%%%%%[0;1;37;97;47m:[0;34;40m........  [0m
[0;37;5;40;100m8[0;37;5;47;107mtttt;;;;;[0;36;5;40;100m [0;1;30;90;40m@888[0;30;5;40;100m8888@[0;37;5;47;107m8   S[0;33;47mS8[0;1;33;93;47m88[0;37;5;43;103m88[0;33;47m8[0;1;30;90;43m8[0;33;5;40;100mt%[0;30;5;40;100mSSX@@[0;37;5;47;107m ...::::;X[0;1;30;90;40mXSS%[0;34;40m;;;;:[0;30;5;40;100m8[0;37;5;47;107mtttt%%%%%[0;1;37;97;47m:[0;34;40m........  [0m
[0;37;5;40;100m8[0;37;5;47;107mtttt;;;;;[0;36;5;40;100m [0;1;30;90;40m@888[0;30;5;40;100m888@@[0;37;5;47;107m8     [0;1;30;90;47m.[0;33;47m8[0;1;33;93;47m8888[0;37;5;43;103m8@[0;37;43m@@@[0;1;30;90;43m8[0;33;5;40;100m@@[0;37;5;47;107m;...::::;X[0;1;30;90;40mXSS%[0;34;40m;;;;:[0;30;5;40;100m8[0;37;5;47;107mtttt%%%%%[0;1;37;97;47m:[0;34;40m........  [0m
[0;37;5;40;100m8[0;37;5;47;107mtttt;;;;;[0;36;5;40;100m [0;1;30;90;40m@888[0;30;5;40;100m8888@[0;37;5;47;107m8      [0;1;37;97;47m8[0;1;33;93;47mS[0;33;47m8[0;1;33;93;47m8[0;37;5;43;103m888@X@[0;37;43mX[0;33;5;43;103mX[0;37;5;43;103mS[0;33;5;43;103m@[0;33;47mX[0;37;5;47;107m8.::::;X[0;1;30;90;40mXSS%[0;34;40m;;;;:[0;30;5;40;100m8[0;37;5;47;107mtttt%%%%%[0;1;37;97;47m:[0;34;40m........  [0m
[0;36;5;40;100mt[0;1;30;90;47m88@@@@XXX888@@@XXSS;::::....[0;37;5;40;100m8[0;37;43m8[0;37;5;43;103m88[0;37;43m@[0;33;5;43;103m8[0;37;5;43;103mXX[0;1;30;90;43m8[0;37;5;43;103mX[0;37;43mX[0;37;5;43;103mSS[0;33;5;43;103mX[0;1;30;90;47mt%%SSSX8[0;37;5;40;100m888888888[0;1;30;90;47m888888888[0;37;5;40;100m8XXXSSSSSS[0;30;5;40;100mX[0m
[0;34;40m.;;;;[0;1;30;90;40m%SSXX[0;1;37;97;47mt[0;37;5;47;107m:::::... [0;36;5;40;100m [0;30;5;40;100m@XXSSS%%%[0;1;37;97;47m@%[0;1;33;93;47m8[0;37;5;43;103m@[0;33;5;43;103m@8[0;37;5;43;103mX[0;33;5;43;103m@[0;1;30;90;43m8[0;33;5;43;103m8[0;1;33;93;43mX8[0;37;5;43;103m%[0;33;5;43;103mX[0;1;30;90;40m88@@X[0;30;5;40;100m8[0;37;5;47;107m;;;tttttt[0;1;37;97;47m@[0;34;40m::::.....[0;30;5;40;100mS[0;37;5;47;107mSSSSSXXXX[0;37;5;40;100m8[0m
[0;34;40m.:;;;;[0;1;30;90;40mSSSX[0;1;37;97;47mt[0;37;5;47;107m;::::....[0;36;5;40;100m [0;30;5;40;100m@@XXXXSSS[0;37;5;47;107m% 8[0;1;30;90;43m8[0;33;5;43;103m@@@X[0;1;30;90;43m8[0;1;33;93;43m8[0;33;5;43;103mSt[0;1;33;93;43m@X[0;1;30;90;43m8[0;1;30;90;40m8@@X[0;30;5;40;100m8[0;37;5;47;107m;;;tttttt[0;1;37;97;47m@[0;34;40m:::......[0;30;5;40;100mS[0;37;5;47;107mSSSSSXXXX[0;37;5;40;100mX[0m
[0;34;40m.:;;;;[0;1;30;90;40m%SSX[0;1;37;97;47mt[0;37;5;47;107m;;::::...[0;36;5;40;100m [0;30;5;40;100m88@@@@XXX[0;37;5;47;107m%  @[0;1;37;97;47m%[0;37;43mX[0;33;5;43;103m8[0;1;33;93;43m8X[0;1;30;90;43m88[0;33;5;43;103mt%:S[0;1;30;90;40m@@XX[0;30;5;40;100m8[0;37;5;47;107m;;ttttttt[0;1;37;97;47m@[0;34;40m:::......[0;30;5;40;100mS[0;37;5;47;107mSSSSXXXX@[0;36;5;40;100m [0m
[0;34;40m ::;;;;[0;1;30;90;40m%SS[0;1;37;97;47mt[0;37;5;47;107m;;;:::::.[0;36;5;40;100m.[0;30;5;40;100m88888@@@@[0;37;5;47;107m%   .[0;1;37;97;47m;[0;37;43mX[0;1;33;93;43m@[0;33;5;43;103m8[0;1;30;90;43m8888[0;1;33;93;43mX[0;33;5;43;103m:[0;33;5;40;100m8[0;1;30;90;40mXXS[0;30;5;40;100m8[0;37;5;47;107m;;ttttttt[0;1;37;97;47m@[0;34;40m:::......[0;30;5;40;100mS[0;37;5;47;107mSSSSXXXX@[0;36;5;40;100m%[0m
 [0;34;40m:::;;;;[0;1;30;90;40m%S[0;1;37;97;47m;[0;37;5;47;107m;;;;:::::[0;36;5;40;100m.[0;1;30;90;40m8[0;30;5;40;100m88888888[0;37;5;47;107m%.....[0;1;37;97;47mX[0;37;43m8[0;33;5;43;103m8@[0;1;30;90;43m8[0;1;33;93;43m@[0;33;5;43;103mX::[0;1;30;90;43mX[0;1;30;90;40mXSS8[0;37;5;47;107m;tttttttt[0;1;37;97;47m@[0;34;40m::.......[0;30;5;40;100mS[0;37;5;47;107mSSSSXXXX@[0m 
 [0;34;40m:[0;1;30;90;40m%SSSXXX@[0;1;37;97;47m:[0;37;5;47;107m%%%%%%ttt[0;36;5;40;100m.[0;30;5;40;100m88888@@@@[0;37;5;47;107mX;;;ttt[0;1;37;97;47m8[0;1;30;90;47m [0;1;30;90;43m8[0;1;33;93;43m@[0;1;30;90;43m@[0;1;33;93;43mX[0;33;5;43;103m;t[0;31;5;40;100mS[0;1;30;90;40m8@@[0;30;5;40;100m8[0;37;5;47;107mSSSSSSSSS[0;1;37;97;47mS[0;34;40m;;;;;;;;;[0;36;5;40;100mt[0;37;5;47;107m@8888888[0;1;37;97;47m;[0m 
 [0;37;5;40;100mS[0;37;5;47;107mtttttttt[0;36;5;40;100m.[0;1;30;90;40mSSSXXX@@@[0;1;37;97;47m8[0;37;5;47;107m:::::::::[0;30;5;40;100mX[0;1;30;90;40m8888888@@[0;37;5;47;107m;[0;1;37;97;47m8[0;37;5;47;107m@[0;1;37;97;47m%%[0;37;5;47;107mt;;t@[0;34;40m;;;::::::[0;30;5;40;100m8[0;37;5;47;107mt%%%%%%SS[0;1;37;97;47m.[0;34;40m.....    [0m 
  [0;37;5;47;107m%ttttttt[0;36;5;40;100m.[0;34;40m;[0;1;30;90;40m%SSSXXXX[0;1;37;97;47m8[0;37;5;47;107m;::::::::[0;30;5;40;100m@[0;1;30;90;40m888@@@@@X[0;37;5;47;107m;;;%[0;33;5;40;100m;[0;33;47m8[0;1;30;90;47m [0;1;37;97;47m%[0;37;5;47;107m%@[0;34;40m;;:::::::[0;30;5;40;100m8[0;37;5;47;107m%%%%%%SSS[0;1;37;97;47m.[0;34;40m.....    [0m 
  [0;1;30;90;47m;[0;37;5;47;107mttttttt[0;36;5;40;100m.[0;34;40m;;;[0;1;30;90;40mSSSSXX[0;1;37;97;47m8[0;37;5;47;107m;;;;;;;;;[0;30;5;40;100m@[0;1;30;90;40m@@@@XXXXX[0;37;5;47;107m;;;;8[0;33;5;40;100m%[0;1;33;93;43m%[0;33;5;43;103m@[0;1;33;93;43mX[0;33;47m8[0;1;30;90;40m8[0;32;40m:[0;34;40m:::::::[0;30;5;40;100m8[0;37;5;47;107m%%%%%%SSS[0;1;37;97;47m.[0;34;40m....    [0m  
  [0;1;30;90;40m8[0;37;5;47;107m%tttttt[0;36;5;40;100m:[0;34;40m;;;;;[0;1;30;90;40m%SSS[0;1;37;97;47m@[0;37;5;47;107m;;;;;;;;;[0;30;5;40;100m8[0;1;30;90;40mXXXXXXSSS[0;37;5;47;107m;;;tt8[0;37;43m8[0;1;33;93;43m%%X[0;33;5;43;103m%@[0;1;30;90;43m:;[0;31;40mX;[0;34;40m:..[0;30;5;40;100m8[0;37;5;47;107m%%%%%SSSS[0;1;37;97;47m.[0;34;40m...     [0m  
   [0;1;30;90;47mX[0;37;5;47;107mtttttt[0;36;5;40;100m:[0;34;40m:;;;;;;;[0;1;30;90;40m%[0;1;37;97;47m@[0;37;5;47;107m;;;;;;;;;[0;30;5;40;100m8[0;1;30;90;40mSSSSSSS%%[0;37;5;47;107mttttttt[0;1;30;90;47m@[0;1;30;90;43m;[0;1;33;93;43m%%S%S8t[0;1;30;90;43m::;[0;33;5;40;100m8[0;1;37;97;47m:[0;37;5;47;107m@%SSSSSS[0;1;37;97;47m.[0;34;40m..     [0m   
    [0;37;5;47;107m8ttttt[0;36;5;40;100m:[0;34;40m:::;;;;;;[0;1;37;97;47m@[0;37;5;47;107mttt;;;;;;[0;1;30;90;40m8S%%%[0;34;40m;;;;;[0;37;5;47;107mtttttttt[0;1;37;97;47m;[0;1;30;90;43m8:[0;1;33;93;43m%%S%%[0;33;5;43;103mt[0;1;33;93;43mX[0;1;30;90;43m.[0;1;33;93;43mX[0;33;5;43;103m%[0;1;33;93;43mS[0;33;47m8[0;1;37;97;47mX[0;37;5;47;107mSSSSS[0;1;37;97;47m.[0;34;40m..    [0m    
    [0;30;5;40;100m8[0;37;5;40;100mSSSSS[0;1;30;90;47m8XXXXXXXXX[0;37;5;40;100m@XXXXX@@@@[0;1;30;90;47mXSSSSXXXXX[0;37;5;40;100mXXXXXSSSSX[0;1;30;90;47m8[0;1;30;90;43m;[0;1;33;93;43m%%%%[0;33;5;43;103m@t[0;1;30;90;43m:[0;1;33;93;43m@[0;1;30;90;43m.[0;33;5;43;103mSt[0;1;33;93;43mX[0;33;5;40;100m [0;36;5;40;100m    [0;37;5;40;100mS[0;1;30;90;47m88[0;37;5;40;100m888[0;34;40m;[0m    
     [0;34;40m...::[0;1;37;97;47m:[0;37;5;47;107mttttttttt[0;30;5;40;100mX[0;34;40m;;;;;;;;;[0;37;5;47;107m8ttttttttt[0;34;40m:::::::::[0;1;30;90;40mX[0;37;5;47;107mt[0;1;37;97;47m%[0;33;47m8[0;1;33;93;43m%S%%[0;33;5;43;103mX8[0;1;30;90;43m:[0;1;33;93;43m%[0;1;30;90;43m.[0;1;33;93;43m%[0;33;5;43;103m%[0;1;33;93;43m@[0;31;40m;[0;34;40m...[0;30;5;40;100mX[0;37;5;47;107mX@@@[0;36;5;40;100m [0m     
      [0;34;40m....[0;1;37;97;47m:[0;37;5;47;107mttttttttt[0;30;5;40;100m@[0;34;40m:::::::::[0;37;5;47;107m8ttttttttt[0;34;40m:::::::::[0;1;30;90;40mX[0;37;5;47;107m%%%[0;1;37;97;47m8[0;1;30;90;43m;[0;1;33;93;43m%%%S[0;1;30;90;43m:.[0;1;33;93;43mX[0;33;5;43;103m@[0;1;30;90;43m..:[0;34;40m.. [0;30;5;40;100mX[0;37;5;47;107m@@@[0;1;30;90;47m@[0m      
       [0;34;40m...[0;1;37;97;47m.[0;37;5;47;107m%tttttttt[0;30;5;40;100m@[0;34;40m:::::::::[0;37;5;47;107m8ttttttttt[0;34;40m::::::...[0;1;30;90;40mX[0;37;5;47;107m%%%%[0;1;37;97;47m%[0;1;30;90;47m.[0;1;30;90;43mt[0;1;33;93;43m%%[0;1;30;90;43m...[0;1;33;93;43m@[0;33;5;43;103mS%S[0;31;40m;[0;34;40m  [0;30;5;40;100mX[0;37;5;47;107m@@[0;1;30;90;47m%[0m       
        [0;34;40m..[0;1;37;97;47m.[0;37;5;47;107m%%%%%tttt[0;30;5;40;100m8[0;34;40m:::::::::[0;37;5;47;107m8ttttttttt[0;34;40m::.......[0;1;30;90;40mX[0;37;5;47;107m%%%%SS[0;1;30;90;47m;[0;1;30;90;43m%[0;1;33;93;43mt%[0;1;30;90;43m.... [0;33;5;43;103m%[0;1;30;90;43m.[0;34;40m  [0;30;5;40;100mX[0;37;5;47;107m@[0;1;30;90;47mX[0m        
         [0;34;40m.[0;1;37;97;47m.[0;37;5;47;107m%%%%%%%%%[0;30;5;40;100m8[0;34;40m.::::::::[0;37;5;47;107m8ttttttt%%[0;34;40m.........[0;1;30;90;40mS[0;37;5;47;107m%%SSSSS[0;1;37;97;47m.[0;1;30;90;43m8.[0;33;5;43;103mX[0;1;30;90;43m.[0;1;33;93;43m@[0;1;30;90;43m [0;33;5;43;103m%%[0;1;30;90;43m [0;34;40m  [0;30;5;40;100m@[0;37;5;40;100mX[0m         
          [0;36;5;40;100mt[0;1;37;97;47mX@@@@8888[0;36;5;40;100mt[0;1;30;90;40m888888888[0;1;37;97;47m%888888888[0;1;30;90;40m888888888[0;30;5;40;100m8[0;1;37;97;47m@@@@@XXX[0;1;30;90;47m:[0;1;30;90;43m8t[0;1;33;93;43mX[0;1;30;90;43m.[0;1;33;93;43mS[0;33;5;43;103mSS[0;1;30;90;43mt[0;1;30;90;40m@S[0;34;40m [0m          
            [0;34;40m........[0;1;37;97;47mS[0;37;5;47;107m%%%%%%%%%[0;1;30;90;40mX[0;34;40m.........[0;37;5;47;107m%%%%%SSSS8[0;34;40m.........[0;1;30;90;40m8[0;37;5;47;107m8[0;1;37;97;47m@::[0;1;30;90;47m..[0;1;37;97;47m@;[0m            
             [0;34;40m.......[0;1;37;97;47mS[0;37;5;47;107m%%%%%%%%%[0;1;30;90;40mX[0;34;40m.........[0;37;5;47;107mSSSSSSSSS[0;1;37;97;47m8[0;34;40m........ [0;1;30;90;40m8[0;37;5;47;107m@@@@@8[0;37;5;40;100m8[0m             
              [0;34;40m .....[0;1;37;97;47m%[0;37;5;47;107mSSSSSSSSS[0;1;30;90;40mX[0;34;40m.........[0;37;5;47;107mSSSSSSSSS[0;1;37;97;47m8[0;34;40m......   [0;1;30;90;40m8[0;37;5;47;107m@@@@[0;1;37;97;47m:[0;30;5;40;100m8[0m              
                [0;34;40m ...[0;1;37;97;47m%[0;37;5;47;107mSSSSSSSSS[0;1;30;90;40mS[0;34;40m.........[0;37;5;47;107mSSSSSSXXX[0;1;37;97;47m8[0;34;40m...      [0;1;30;90;40m8[0;37;5;47;107m@@[0;1;37;97;47m8[0;36;5;40;100m [0m                
                  [0;34;40m .[0;1;37;97;47m%[0;37;5;47;107mSSSSSSSSS[0;1;30;90;40mS[0;34;40m.........[0;37;5;47;107mSXXXXXXXX[0;1;37;97;47m8[0;34;40m         [0;1;30;90;40m8[0;37;5;47;107m8[0;37;5;40;100m8[0m                  
                    [0;37;5;40;100mX[0;37;5;47;107m8XXXXXXXX[0;1;30;90;40mS[0;34;40m.........[0;37;5;47;107mXXXXXXXXX[0;1;37;97;47m8[0;34;40m         :[0m                    
                      [0;36;5;40;100mt;;;;;;;[0;1;30;90;47mt::::::::;[0;36;5;40;100m;;;tttttt:[0;1;30;90;47m;;;;ttS[0;30;5;40;100mX[0m                      
                        [0;34;40m      [0;1;37;97;47m8[0;37;5;47;107mXXXXXX@@@[0;34;40m         ;[0;37;5;47;107m@@@@[0;1;37;97;47mS[0;36;5;40;100m [0m                        
                          [0;34;40m    [0;1;37;97;47m@[0;37;5;47;107m@@@@@@@@@[0;34;40m         ;[0;37;5;47;107m@8[0;1;30;90;47m;[0;36;5;40;100mt[0m                          
                             [0;34;40m [0;1;30;90;47m:[0;37;5;47;107m@@@@@@@@@[0;34;40m         :[0;36;5;40;100m [0m                             
                                [0;36;5;40;100m [0;1;37;97;47m;[0;37;5;47;107m@@@@@@[0;34;40m        [0m                                
                                   [0;36;5;40;100m [0;1;30;90;47m;[0;37;5;47;107m8@@[0;34;40m     [0m                                   
                                      [0;30;5;40;100mS[0;37;5;40;100m@[0;34;40m  [0m                                      
