[0;34;40m@[0;1;30;90;44m88[0;35;5;40;100m%[0;37;5;40;100m8[0;1;30;90;47m;    t[0;37;5;40;100m8[0;35;5;40;100mS[0;1;30;90;44m88888888888[0;35;5;40;100m@ [0;1;30;90;47mS[0;1;37;97;47m    [0;1;30;90;47m.@[0;35;5;40;100m.[0;34;5;40;100m8[0;1;30;90;44m88888[0;1;33;93;43mXXXXXXXXXXXXXXXXXSSSSSSSSSSSSS%%%[0;1;30;90;43m       [0m
[0;30;44m8[0;35;44m88888[0;1;30;90;47m8[0;37;5;47;107mtt[0;35;5;40;100m%[0;35;44m88888888888888888[0;1;30;90;45m8[0;37;5;47;107mXt[0;1;37;97;47m;[0;34;45m8[0;35;44m88888888[0;33;5;43;103m;;;;;;;;;;;;;;;;;;ttttttttt%%%%%%%%SSSS[0;1;30;90;43m [0m
[0;30;44m8[0;35;44m888888[0;1;37;97;47m8:[0;35;44m8888888888888888[0;34;45m888[0;1;30;90;47mS[0;37;5;47;107m%[0;1;30;90;45m8[0;34;45m88[0;35;44m8888888[0;33;5;43;103m;;;;;;;;;;;;;;;;;;;;tttttttt%%%%%%%%SSS[0;1;30;90;43m [0m
[0;30;44m8[0;35;44m888888[0;35;5;40;100m:[0;1;30;90;45m8[0;35;44m888888888[0;1;30;90;45m8[0;35;44m8[0;34;45m888888888[0;1;30;90;47m@[0;34;45m888888888[0;1;30;90;45m8[0;33;5;43;103m::;;;;;;;;;;;;;;;;;;;ttttttttt%%%%%%%SS[0;1;30;90;43m [0m
[0;30;44m8[0;35;44m888888888888888[0;34;45m8[0;1;30;90;45m8[0;37;5;47;107mX[0;35;5;40;100mt[0;34;45m8888888888888888888[0;1;37;97;47m.[0;33;5;43;103m:::::;;;;;;;;;;;;;;;;;tttttttt%%%%%%%%S[0;1;30;90;43m [0m
[0;30;44m8[0;35;44m8888888888888[0;34;45m888[0;1;30;90;47m:[0;37;5;47;107m;[0;1;37;97;47mX[0;34;45m888888888888888888[0;1;30;90;45m8[0;37;5;47;107mt[0;33;5;43;103m:::::::;;;;;;;;;;;;;;;;tttttttt%%%%%%%%[0;1;30;90;43m [0m
[0;35;5;40;100mX:[0;1;30;90;45m8[0;35;44m888888888[0;34;45m8[0;1;30;90;45m8[0;1;30;90;47m8;[0;1;37;97;47m%[0;37;5;47;107mt;;[0;1;37;97;47m8 [0;1;30;90;47m@[0;35;5;40;100mt[0;1;30;90;45m8@@@@@@@@@8[0;35;5;40;100m [0;1;30;90;47m%[0;1;37;97;47m;[0;37;5;47;107m@;[0;33;5;43;103m:::::::::;;;;;;;;;;;;;;;tttttttt%%%%%%%[0;1;30;90;43m.[0m
[0;35;5;40;100m;[0;1;30;90;47m8[0;35;5;40;100m%[0;35;44m8888888[0;34;45m88[0;1;30;90;45m8[0;35;5;40;100m.[0;1;30;90;47m%[0;1;37;97;47m;[0;37;5;47;107m8;;;X[0;1;37;97;47mS[0;1;30;90;47m:8[0;1;30;90;45m8888888888[0;35;5;40;100m;[0;1;30;90;47mX[0;1;37;97;47m.8[0;37;5;47;107mt;[0;33;5;43;103m::::::::::;;;;;;;;;;;;;;;tttttttt%%%%%%[0;1;30;90;43m.[0m
[0;30;44m8[0;35;44m88888888[0;34;45m88888888[0;1;37;97;47m:[0;37;5;47;107m:8[0;1;30;90;45m888888888888888888[0;35;5;40;100m.[0;37;5;47;107m:[0;33;5;43;103m::::::::::::;;;;;;;;;;;;;;ttttttt%%%%%%[0;1;30;90;43m.[0m
[0;30;44m8[0;35;44m8888888[0;34;45m8888888[0;1;30;90;45m@@8[0;37;5;47;107mt[0;1;30;90;47m8[0;1;30;90;45m8888888888888888888[0;1;37;97;47mS[0;33;5;43;103m.::::::::::::;;;;;;;;;;;;;;ttttttt%%%%%[0;1;30;90;43m.[0m
[0;30;44m8[0;35;44m888888[0;35;5;40;100mt[0;1;30;90;45m8[0;34;45m88888[0;1;30;90;45m@@88[0;1;30;90;47m8[0;1;30;90;45m8888888888[0;1;30;90;47m@[0;1;30;90;45m8888888888[0;37;5;43;103m:;[0;33;5;43;103m.::::::::::;;;;;;;;;;;;;;ttttttt%%%%%[0;1;30;90;43m.[0m
[0;30;44m8[0;35;44m88888[0;34;45m8[0;1;37;97;47m@ [0;34;45m8888[0;1;30;90;45m@@8888888888888[0;1;30;90;47mt[0;37;5;47;107m;[0;1;30;90;45m8888888888[0;37;5;43;103m:::[0;33;5;43;103m.::::::::::;;;;;;;;;;;;;;ttttttt%%%%[0;1;30;90;43m.[0m
[0;30;44m8[0;35;44m8888[0;34;45m8[0;1;30;90;47m8[0;37;5;47;107m;t[0;1;30;90;45m8[0;34;45m88[0;1;30;90;45m@@88888888888888[0;37;5;47;107m% [0;1;37;97;47mt[0;1;30;90;45m888888888[0;37;5;43;103m::::[0;33;5;43;103m.::::::::::;;;;;;;;;;;;;ttttttt%%%%[0;1;30;90;43m.[0m
[0;30;44m8[0;35;44m8[0;35;5;40;100mt[0;1;30;90;47mX[0;1;37;97;47m:8[0;37;5;47;107mt;;t[0;1;37;97;47m8:[0;1;30;90;47mS[0;35;5;40;100m:[0;1;30;90;45m888888888[0;35;5;40;100m.[0;1;30;90;47mt[0;1;37;97;47m;[0;37;5;47;107m8;   %[0;1;37;97;47m@.[0;1;30;90;47mX[0;1;30;90;45m88888[0;37;5;43;103m.::::[0;33;5;43;103m.::::::;;:;;;;;;;;;;tt;ttttttt%%%%[0;1;30;90;43m.[0m
[0;30;44m8[0;35;44m8[0;34;45m8[0;35;5;40;100m;[0;1;30;90;47mS[0;1;37;97;47m;[0;37;5;47;107mX;;8[0;1;37;97;47m:[0;1;30;90;47mS[0;35;5;40;100m.[0;1;30;90;45m88888888888[0;1;30;90;47m8;[0;1;37;97;47m%[0;37;5;47;107m@  .8[0;1;37;97;47m:[0;1;30;90;47mS[0;1;30;90;45m888888[0;37;5;43;103m..:::;[0;33;5;43;103m:::::::;;:;;;[0;1;33;93;43m:[0;33;5;43;103m;;;;t[0;1;33;93;43m:[0;33;5;43;103mt;tttttttt%%%[0;1;30;90;43m.[0m
[0;30;44m8[0;35;44m888[0;34;45m88[0;35;5;40;100m;[0;37;5;47;107m;%[0;1;30;90;45m8@@8888888888888888[0;37;5;47;107mS [0;1;37;97;47m:[0;1;30;90;45m888888888[0;37;5;43;103m..::::[0;33;5;43;103m.::::::;[0;1;33;93;43m;[0;33;5;43;103m;;;;;[0;1;33;93;43m:[0;33;5;43;103m;;;t[0;1;33;93;43m.[0;33;5;43;103m;;;ttttttt%%%[0;1;30;90;43m.[0m
[0;30;44m8[0;35;44m888[0;34;45m888[0;1;37;97;47mt[0;1;30;90;47mt[0;34;45m8[0;1;30;90;45m@@8888888888888888[0;1;30;90;47m%[0;37;5;47;107m%[0;1;30;90;45m8888888888[0;37;5;43;103m..::::[0;33;5;43;103m.:::::::;[0;1;33;93;43m::[0;33;5;43;103m;;;[0;1;33;93;43m.[0;33;5;43;103m;;;[0;1;33;93;43m..[0;33;5;43;103mt;;t[0;1;33;93;43m;[0;33;5;43;103mttttt%%%[0;1;30;90;43m.[0m
[0;30;44m8[0;35;44m888[0;34;45m888[0;1;30;90;45m88[0;34;45m8[0;1;30;90;45m@@888888[0;1;37;97;47m [0;1;30;90;45m8888888888[0;1;30;90;47m@[0;1;30;90;45m888888888[0;1;30;90;47m8[0;37;5;43;103m..::::[0;33;5;43;103m.::::;;;;[0;1;33;93;43m:::[0;33;5;43;103m;[0;1;33;93;43m..:[0;33;5;43;103m;[0;1;33;93;43m..:[0;33;5;43;103mttt[0;1;33;93;43m.[0;33;5;43;103mtttttt%%%[0;1;30;90;43m.[0m
[0;30;44m8[0;35;44m888[0;34;45m888888[0;1;30;90;45m@@88888[0;35;5;40;100m [0;37;5;47;107m.[0;1;30;90;47mt[0;1;30;90;45m8888888888888888888[0;37;5;47;107m8[0;37;5;43;103m..::::[0;33;5;43;103m.::::;[0;1;33;93;43m;:[0;33;5;43;103m;[0;1;33;93;43m::::......[0;33;5;43;103mtt[0;1;33;93;43m..t[0;33;5;43;103mtttt%%%%%[0;1;30;90;43m.[0m
[0;30;44m8[0;35;44m888[0;34;45m888888[0;1;30;90;45m@@88888[0;1;37;97;47m8[0;37;5;47;107m t[0;1;30;90;45m888888888888888888[0;1;30;90;47m;[0;37;5;47;107m [0;37;5;43;103m..:%[0;33;5;43;103m::::::;;;[0;1;33;93;43m::::::.........[0;33;5;43;103mttttt[0;1;33;93;43m;[0;33;5;43;103m%%%%%[0;1;30;90;43m.[0m
[0;35;5;40;100m [0;1;37;97;47m.[0;1;30;90;47m8[0;34;45m88888888[0;1;30;90;45m@8[0;1;30;90;47m%[0;1;37;97;47mS[0;37;5;47;107mX...  ;[0;1;37;97;47m8.[0;35;5;40;100m.[0;1;30;90;45m888888888[0;1;30;90;47mX[0;1;37;97;47m%[0;37;5;47;107m8.  [0;37;5;43;103m.::::[0;33;5;43;103m:::::;[0;1;33;93;43m;:::::::.........;:.[0;1;31;91;43m8[0;1;33;93;43mt[0;33;5;43;103m%tt%%%[0;1;30;90;43m.[0m
[0;34;5;40;100m8[0;1;30;90;45m8[0;35;44m888[0;34;45m888888[0;1;30;90;45m@@88[0;1;30;90;47mX[0;1;37;97;47m.[0;37;5;47;107mt..[0;1;37;97;47mt[0;1;30;90;47m;8[0;1;30;90;45m8888888888888[0;1;30;90;47m@[0;1;37;97;47m [0;37;5;47;107m8.[0;37;5;43;103m::::;[0;33;5;43;103m.:::;;[0;1;33;93;43m;:::::::...........[0;33;5;43;103mttttt%%%%[0;1;30;90;43m.[0m
[0;34;40m@[0;35;44m8888[0;34;45m8888888[0;1;30;90;45m@@888[0;1;30;90;47mt[0;37;5;47;107m.[0;1;37;97;47m%[0;1;30;90;45m8888888888888888888[0;37;5;47;107m;[0;37;5;43;103m::::[0;33;5;43;103m:::::;[0;1;33;93;43m;:::::::...........t[0;33;5;43;103mtt%%%%%%%[0;1;30;90;43m.[0m
[0;34;40m%[0;35;44m88888[0;34;45m8888888[0;1;30;90;45m@@888[0;37;5;47;107m@[0;1;30;90;45m88888888888888888888[0;1;37;97;47m [0;37;5;43;103m::[0;33;5;43;103m::::::;;;[0;1;33;93;43m:::::::...........[0;1;31;91;43m888[0;1;33;93;43m.[0;33;5;43;103m%%%%%%[0;33;5;40;100m8[0m
 [0;35;44m888888[0;1;30;90;47m@[0;35;5;40;100mt[0;34;45m88888[0;1;30;90;45m@@8888888888888[0;1;37;97;47m;[0;1;30;90;45m8888888888[0;37;5;43;103m:[0;33;5;43;103m.::::::;;;[0;1;33;93;43m::::::............[0;33;5;43;103mtt%tt%%%%%[0m 
 [0;35;44mX8888[0;1;30;90;45m@[0;37;5;47;107mX[0;1;37;97;47m@[0;34;45m8888888[0;1;30;90;45m@@8888888888[0;1;37;97;47m;[0;37;5;47;107m:[0;37;5;40;100m@[0;1;30;90;45m888888888[0;33;5;43;103m:::::::;[0;1;33;93;43m;:::::::............[0;1;31;91;43m88[0;1;33;93;43m.[0;33;5;43;103m%%%%%%%[0;1;33;93;43m8[0m 
 [0;34;40m8[0;35;44m888[0;1;30;90;45m8[0;1;37;97;47m [0;37;5;47;107mtt[0;1;30;90;47mS[0;1;30;90;45m8[0;34;45m888888[0;1;30;90;45m@@@@888888[0;1;30;90;47m8[0;37;5;47;107m::8[0;35;5;40;100m.[0;1;30;90;45m888888@@[0;33;5;43;103m::::;;;;;;;;[0;1;33;93;43m:::............;[0;33;5;43;103mtt%%%%%%%%[0;1;30;90;43m.[0m 
  [0;35;5;40;100m:[0;1;37;97;47m;[0;37;5;47;107mSttttttX[0;1;37;97;47m.[0;35;5;40;100m;[0;34;45m888888[0;1;30;90;45m@@@8[0;1;37;97;47m [0;37;5;47;107m@::::::;[0;1;37;97;47m8[0;1;30;90;47mX[0;1;30;90;45m8@@@[0;34;45m8[0;33;5;43;103m:::;;;;::;;[0;1;33;93;43m::[0;33;5;43;103m;;[0;1;33;93;43m..........;.[0;1;31;91;43m8[0;33;5;43;103mt%ttt%%%%%[0;32;40mS[0m 
  [0;1;30;90;44m8[0;35;44m8[0;1;30;90;45m8[0;35;5;40;100m.[0;1;37;97;47mt[0;37;5;47;107mtt[0;1;37;97;47m [0;35;5;40;100m:[0;1;30;90;45m8[0;34;45m888888888888[0;1;30;90;45m@8[0;35;5;40;100m:[0;1;30;90;47mt[0;37;5;47;107m;;@[0;1;30;90;47m@[0;1;30;90;45m8@[0;34;45m888888[0;33;5;43;103m::::::::;;[0;1;33;93;43m:[0;33;5;43;103m;;;;[0;1;33;93;43m..[0;33;5;43;103m;[0;1;33;93;43m:..[0;33;5;43;103mt[0;1;33;93;43m...[0;33;5;43;103mtt[0;1;33;93;43m;[0;1;31;91;43m8[0;1;33;93;43m.[0;33;5;43;103m%%%%%%%[0;1;33;93;43mS[0m  
  [0;34;40mt[0;35;44m888[0;1;30;90;45m8[0;37;5;47;107mS8[0;35;44m88888[0;34;45m88888888888888[0;1;37;97;47mt[0;37;5;47;107m;[0;1;30;90;47m8[0;34;45m888888888[0;33;5;43;103m::::::;;;;;;;;[0;1;33;93;43m..[0;33;5;43;103m;;t[0;1;33;93;43m.:[0;33;5;43;103mtt[0;1;33;93;43m..[0;33;5;43;103mttt%%%[0;1;33;93;43mt[0;33;5;43;103m%%%%%[0;32;40m8[0m  
   [0;30;44m@[0;35;44m888[0;1;30;90;47m%[0;35;5;40;100m.[0;35;44m88888888[0;34;45m88888888888[0;1;30;90;45m8[0;1;37;97;47mt[0;34;45m8888888888[0;33;5;43;103m::::;;;;;;;;;;[0;1;33;93;43m:[0;33;5;43;103m;;;t[0;1;33;93;43m.;[0;33;5;43;103m;ttt[0;1;33;93;43m.[0;33;5;43;103mtttt%%%%%%[0;1;30;90;43m [0m   
    [0;35;44m@8888888888888[0;1;37;97;47mS[0;1;30;90;45m@[0;35;44m8[0;34;45m88888888888888888[0;35;44m8[0;1;30;90;47m8[0;33;5;43;103m:;;;;;;;;;;;;;[0;1;33;93;43m:[0;33;5;43;103mt;;;t[0;1;33;93;43m.[0;33;5;43;103mttttt[0;1;33;93;43m:[0;33;5;43;103m%t%%%%%%@[0m    
    [0;34;40mS[0;35;44m888888888888[0;1;30;90;47m8[0;37;5;47;107mt[0;1;30;90;47m;[0;35;44m888888888888888888[0;34;45m8[0;37;5;47;107m@[0;33;5;43;103m;;;;;;;;;;;;;tt;;;;t[0;1;33;93;43m:[0;33;5;43;103mttttt%%%%%%%%S[0;1;30;90;43m.[0m    
     [0;34;40m8[0;35;44m888888888[0;1;30;90;45m8[0;1;30;90;47m8[0;37;5;47;107m8t%[0;1;30;90;47m@[0;35;5;40;100m%[0;34;45m8[0;35;44m8888888888888[0;1;30;90;45m8[0;35;5;40;100m:[0;1;37;97;47m:[0;37;5;47;107mt[0;33;5;43;103m;;;;;;;;;;;;;;;;;;ttttttttt%%%%%%%[0;1;30;90;43m.[0m     
      [0;30;44m8[0;35;44m88888[0;34;45m8[0;1;30;90;47m@[0;1;37;97;47m8[0;37;5;47;107mttttttt8[0;1;30;90;47mt[0;1;30;90;45m8[0;35;44m888888888[0;35;5;40;100m:[0;1;37;97;47m:[0;37;5;47;107mSttt[0;33;5;43;103m;;;;;;;;;;;;;;;;tttttttttt%%%%%%%[0;1;30;90;43m [0m      
       [0;30;44m@[0;35;44m8888888[0;34;45m8[0;1;30;90;45m8[0;1;37;97;47m8[0;37;5;47;107mtX[0;35;5;40;100m:[0;1;30;90;45m@[0;35;44m888888888888888[0;1;30;90;45m8[0;1;30;90;47m;[0;37;5;47;107mt[0;33;5;43;103m;;;;;;;;;;;;;;tttttttttt%%%%%%%%[0;1;30;90;43m [0m       
        [0;30;44m8[0;35;44m88888888[0;35;5;40;100mt[0;37;5;47;107mt[0;1;30;90;47mX[0;35;44m8888888888888888888[0;37;5;47;107m8[0;33;5;43;103m;;;;;;;;;;;;ttttttttttt%%%%%%%%[0;1;30;90;43m [0m        
         [0;34;40m8[0;35;44m88888888[0;1;37;97;47m [0;35;44m8888888888[0;34;45m8[0;35;44m888888888[0;35;5;40;100m [0;33;5;43;103m;;;;;;;;;tttttttttttt%%%%%%%%S[0;1;30;90;43m.[0m         
          [0;34;40mS[0;35;44m@8888888888888888[0;1;30;90;45m8[0;1;37;97;47mX[0;35;44m8888888888[0;33;5;43;103m;;;;;;ttttttttttttt%%%%%%%%%X[0;1;30;90;43m.[0m          
            [0;35;44mX888888888888888[0;1;37;97;47m%[0;37;5;47;107m%[0;1;30;90;47m8[0;35;44m888888888[0;33;5;43;103m;tttttttttttttttt%%%%%%%%%%[0;1;33;93;43m8[0m            
             [0;30;44m8[0;35;44m@@888888888[0;1;30;90;45m8[0;1;30;90;47m8[0;1;37;97;47m [0;37;5;47;107m%%8[0;1;30;90;47m%[0;35;5;40;100m.[0;1;30;90;45m8[0;35;44m888888[0;33;5;43;103mttttttttttttttt%%%%%%%%%%S[0;1;30;90;43m [0m             
              [0;34;40mt[0;35;44mX@@@@@@@[0;1;30;90;45m8[0;1;30;90;47mS[0;1;37;97;47m;[0;37;5;47;107m8SSSSS[0;1;37;97;47m8 [0;1;30;90;47m8[0;35;44m8@@@@[0;33;5;43;103mtttttttttttt%%%%%%%%%%%%[0;1;33;93;43m@[0;32;40m@[0m              
                [0;34;40m@[0;35;44mX@@@@@@@@@[0;1;30;90;45m8[0;37;5;47;107m@S[0;1;37;97;47m.[0;35;44m8@@@@@@@@[0;33;5;43;103mtttttttt%%%%%%%%%%%%%S@[0;1;30;90;43m [0m                
                  [0;30;44m8[0;35;44m@@@@@@@@@[0;1;30;90;47m@[0;37;5;47;107m@[0;1;30;90;45m@[0;35;44m@@@@@@@@@[0;33;5;43;103mtttt%%%%%%%%%%%%%%%SS[0;1;30;90;43m [0m                  
                    [0;30;44m8[0;35;44m@@@@@@@8[0;1;30;90;47m8[0;35;44m@@@@@@@@@[0;34;45m8[0;33;5;43;103m%%%%%%%%%%%%%%%%SSX[0;1;30;90;43m [0m                    
                      [0;34;40m8[0;35;44mX@@@@@@@@@@@@@@@[0;1;30;90;47mt[0;33;5;43;103m%%%%%%%%%%%%%SSSX[0;1;30;90;43m [0m                      
                        [0;34;40m8[0;35;44mX@@@@@@@@@@@@[0;1;30;90;45m8[0;37;5;47;107m@[0;33;5;43;103m%%%%%%%%%SSSSS8[0;1;30;90;43m [0m                        
                          [0;34;40m%[0;30;44m@[0;35;44m@@@@@@8[0;1;30;90;45m8[0;35;5;40;100m [0;1;30;90;47m%[0;1;37;97;47mX[0;37;5;47;107m@[0;33;5;43;103m%%%%%SSSSSSS[0;1;30;90;43m  [0m                          
                             [0;34;40m8[0;1;30;90;44m@[0;35;44mXX@[0;35;5;40;100m@[0;37;5;40;100m8[0;1;30;90;47mt[0;1;37;97;47mt[0;37;5;47;107m8@[0;33;5;43;103mSSSSSSSSS[0;1;33;93;43m@[0;1;30;90;43m [0m                             
                                [0;34;40m8[0;35;44mSXXXX[0;35;5;40;100mX[0;37;5;47;107m@[0;33;5;43;103mSSSSSS[0;1;33;93;43m8[0;1;30;90;43m [0m                                
                                   [0;34;40m@[0;30;44mX[0;35;44mXX[0;1;37;97;47m [0;33;5;43;103mSSS[0;1;33;93;43mS[0;1;30;90;43m [0m                                   
                                      [0;34;40m%[0;34;5;40;100m8[0;1;30;90;43m  [0m                                      
