[0;1;30;90;43m.....[0;34;40m....[0;1;30;90;43m....:[0;34;40m...[0;31;40m:[0;1;30;90;43m::::[0;33;5;40;100m8[0;34;40m:::[0;31;40mS[0;1;30;90;43m::::[0;31;40m@[0;34;40m:::[0;31;5;40;100mS[0;1;30;90;43m::::[0;34;40m....[0;1;30;90;43m:....[0;34;40m....[0;1;30;90;43m....:[0;34;40m....[0;1;30;90;43m.   .[0;34;40m   [0;31;40m:[0;1;30;90;43m    [0;31;40mX[0;34;40m    [0m
[0;1;30;90;43m.[0;33;5;43;103mttt[0;1;33;93;43m%[0;34;40m..::[0;1;33;93;43m8[0;33;5;43;103m;;;[0;1;30;90;43m:[0;34;40m:::[0;31;40m;[0;33;5;43;103m;;;;[0;1;30;90;43m%[0;34;40m;;;[0;1;30;90;40m8[0;33;5;43;103m;;;;[0;33;5;40;100m8[0;34;40m;;;[0;1;30;90;43m%[0;33;5;43;103m;;;;[0;34;40m::::[0;1;30;90;43m:[0;33;5;43;103m;;;[0;1;33;93;43m@[0;34;40m:::.[0;1;33;93;43m%[0;33;5;43;103mttt[0;1;30;90;43m.[0;34;40m....[0;33;5;43;103m@t%%[0;1;30;90;43m:[0;34;40m...[0;31;40mt[0;33;5;43;103mSSSS[0;31;40m8[0;34;40m    [0m
[0;1;30;90;43m.[0;1;33;93;43mXXX[0;1;30;90;43m:[0;31;40m8888[0;1;30;90;43m:[0;1;33;93;43mXXX[0;1;30;90;43m;[0;1;30;90;40m8[0;30;5;40;100m@@X[0;1;33;93;43m@@@@[0;1;30;90;43m%[0;30;5;40;100mXX[0;31;5;40;100mX[0;33;5;40;100m8[0;1;33;93;43m@@@@[0;1;30;90;43m%[0;31;5;40;100mXX[0;30;5;40;100mX[0;1;30;90;43m%[0;1;33;93;43m@@@@[0;30;5;40;100mX@@@[0;1;30;90;43m;[0;1;33;93;43m@XX[0;1;30;90;43m:[0;1;30;90;40m8[0;31;40m888[0;1;30;90;43m:[0;1;33;93;43mXXX[0;1;30;90;43m.[0;31;40m8888[0;1;33;93;43m%SSS[0;1;30;90;43m:[0;31;40m@@@8[0;1;33;93;43m%%%%[0;31;43m8[0;31;40mXXXt[0m
[0;34;40m....[0;31;5;40;100mS[0;33;5;43;103m;;;;[0;31;40m@[0;34;40m:::[0;1;30;90;43mt[0;33;5;43;103m;;;;[0;34;40m;;;;[0;1;30;90;43m%[0;33;5;43;103m;;;[0;1;33;93;43m8[0;1;30;90;40mSSSS[0;1;33;93;43mX[0;33;5;43;103m;;;[0;1;30;90;43m%[0;1;30;90;40m%[0;34;40m;;;[0;33;5;43;103m;;;;[0;1;30;90;43mt[0;34;40m;::[0;1;30;90;40m8[0;33;5;43;103m;;;;[0;31;5;40;100mS[0;34;40m:..[0;1;30;90;43m;[0;33;5;43;103mtttt[0;31;40mt[0;34;40m...[0;1;30;90;43m:[0;33;5;43;103m%%%@[0;34;40m.   [0;1;30;90;43m [0;33;5;43;103mSSS[0;1;30;90;43m [0m
[0;34;40m..::[0;31;5;40;100mS[0;33;5;43;103m;;;;[0;1;30;90;40m8[0;34;40m:;;[0;1;30;90;43m%[0;33;5;43;103m;;;;[0;1;30;90;40m%SSS[0;1;30;90;43mS[0;33;5;43;103m;;;8[0;1;30;90;40mSXXX[0;1;33;93;43mX[0;33;5;43;103m;;;[0;1;30;90;43mS[0;1;30;90;40mSSSS[0;33;5;43;103m;;;;[0;1;30;90;43m%[0;34;40m;;;[0;1;30;90;40m8[0;33;5;43;103m;;;;[0;31;5;40;100mS[0;34;40m:::[0;1;30;90;43m;[0;33;5;43;103mtttt[0;31;40mt[0;34;40m...[0;1;30;90;43m:[0;33;5;43;103m%%%@[0;34;40m..  [0;1;30;90;43m [0;33;5;43;103mSSS[0;1;30;90;43m [0m
[0;1;30;90;43m::::;;ttt;ttt%SSSSSSSSSXXXXXXXXXXXXSSSSSSSSS%tttttttt;::::;;;::...:::::........[0;31;40m@[0m
[0;1;30;90;43m:[0;33;5;43;103m;;;[0;1;33;93;43m%[0;34;40m:::;[0;33;5;43;103m8;;;[0;1;30;90;43m%[0;1;30;90;40mSSSX[0;33;5;43;103m;:::[0;1;30;90;43m@[0;1;30;90;40m@@@[0;33;5;40;100m8[0;33;5;43;103m::::[0;33;5;40;100m8[0;1;30;90;40m@@@[0;1;30;90;43m@[0;33;5;43;103m::::[0;1;30;90;40mXSSS[0;1;30;90;43m%[0;33;5;43;103m;;;[0;1;33;93;43m8[0;34;40m;;::[0;1;33;93;43mS[0;33;5;43;103m;;;[0;1;30;90;43m:[0;34;40m:...[0;33;5;43;103mXttt[0;1;30;90;43m:[0;34;40m...[0;31;40mt[0;33;5;43;103m%%%%[0;30;41m8[0;34;40m    [0m
[0;1;30;90;43m:[0;33;5;43;103mttt[0;1;33;93;43m%[0;31;40m;;;t[0;1;33;93;43m8[0;33;5;43;103mt;;[0;1;30;90;43m%[0;1;30;90;40mSXXX[0;33;5;43;103mSSSS[0;1;30;90;43m@[0;1;30;90;40m888[0;33;5;40;100m8[0;33;5;43;103mSSSS[0;33;5;40;100m8[0;1;30;90;40m888[0;1;30;90;43m8[0;33;5;43;103mSSSS[0;1;30;90;40mXXXS[0;1;30;90;43mS[0;33;5;43;103mXXX[0;1;33;93;43mS[0;34;40m;;;;[0;1;30;90;43m;[0;33;5;43;103mXXX[0;1;30;90;43m:[0;34;40m::..[0;1;33;93;43mX[0;33;5;43;103m@@@[0;1;30;90;43m:[0;31;40m:::%[0;33;5;43;103m%SSS[0;1;30;90;41m8[0;31;40m... [0m
[0;34;40m.:::[0;33;5;40;100m8[0;33;5;43;103m;;;;[0;1;30;90;40m8%SSSXXX@@@8888888888888888888@@@XXXSSS%[0;34;40m;;;;;:::::::.....[0;31;5;40;100mS[0;33;5;43;103mttt@[0;34;40m....[0;1;30;90;43m [0;33;5;43;103m%SS[0;1;30;90;43m.[0m
[0;34;40m.:::[0;33;5;40;100m8[0;33;5;43;103m;;;;[0;30;5;40;100m@[0;1;30;90;40mSSXXX[0;1;30;90;41m@@8[0;1;30;90;40m8888888[0;30;5;40;100m888888888[0;1;30;90;40m8888888@@@XXXSS%[0;34;40m;;;;;::::::.....[0;31;5;40;100mS[0;33;5;43;103mttt@[0;34;40m....[0;1;30;90;43m [0;33;5;43;103m%SS[0;1;30;90;43m.[0m
[0;31;40m8[0;1;30;90;43mtttttt%%SXXX[0;30;5;40;100mX[0;1;30;90;40m@@[0;1;30;90;41m8[0;1;31;91;41m88[0;1;30;90;41m8[0;31;5;40;100m8[0;30;5;40;100m8888888888888888[0;1;30;90;40m888888@@XXXSS%[0;34;40m;;;;:::::::....[0;31;40m@[0;1;30;90;43m:::.:::.... [0;33;41m8[0m
[0;1;30;90;43m:[0;33;5;43;103m;;;[0;1;33;93;43mS[0;34;40m;;[0;1;30;90;40mSS[0;33;5;43;103m@;::[0;1;30;90;43m@[0;1;30;90;40m@88[0;1;30;90;43m8[0;1;31;91;43m88[0;1;30;90;43m8[0;30;5;40;100m8888@@@@@@@@@88888[0;1;30;90;40m88888@@XXXSS%[0;34;40m;;;;:::::::.......[0;31;40mt[0;33;5;43;103mt%%%[0;1;30;90;41m8[0;34;40m.   [0m
[0;1;30;90;43m:[0;33;5;43;103m;;;[0;1;33;93;43mS[0;34;40m;[0;1;30;90;40m%SS[0;33;5;43;103m@:::[0;1;30;90;43m8[0;1;30;90;40m888[0;30;5;40;100m8[0;33;5;40;100m88[0;1;30;90;43m8[0;1;33;93;43m8[0;33;5;40;100m@[0;30;5;40;100m@@XXXXXXXX@@@88888[0;1;30;90;40m8888@@XXXSS%[0;34;40m;;;;::::::.......[0;31;40mt[0;33;5;43;103mt%%%[0;1;30;90;41m8[0;34;40m.   [0m
[0;31;40m%[0;30;5;40;100m@XX[0;1;30;90;43m%[0;1;33;93;43m@@@@[0;33;5;40;100m8888[0;30;5;40;100m8[0;1;30;90;40m888[0;30;5;40;100m8888[0;33;5;40;100m@[0;33;5;43;103m@[0;37;43mX[0;33;5;40;100mS[0;30;5;40;100mXSSSSSSSXXX@@8888[0;1;30;90;40m8888@@XXSSS[0;34;40m;;;;::::::...[0;31;40m8[0;1;33;93;43mXXS%[0;31;40m8@@@[0;1;30;90;43m.[0;1;33;93;43mS%%[0;1;30;90;43m.[0m
[0;34;40m.;;;[0;33;5;40;100m8[0;33;5;43;103m;;;;[0;30;5;40;100mX[0;1;30;90;40m@@8888[0;30;5;40;100m8888@@X[0;1;30;90;43m8[0;37;5;43;103mX[0;1;30;90;43m8[0;33;5;40;100m%[0;36;5;40;100m%%t%%[0;30;5;40;100mSSSXX@@8888[0;1;30;90;40m888@@XXXSS%[0;34;40m;;;;::::::..[0;31;5;40;100mS[0;33;5;43;103mtttX[0;34;40m....[0;1;30;90;43m.[0;33;5;43;103m%%%[0;1;30;90;43m.[0m
[0;31;40m%[0;1;30;90;40m8[0;30;5;40;100m@X[0;1;30;90;43mS[0;1;33;93;43m@888[0;33;5;40;100m8888[0;30;5;40;100m8[0;1;30;90;40m88[0;30;5;40;100m888@@XXS[0;33;5;40;100m%[0;37;43m@[0;37;5;43;103m@[0;33;5;40;100m%[0;36;5;40;100mttttt%[0;30;5;40;100mSSXX@@888[0;1;30;90;40m8888@@XXSS%[0;34;40m;;;;::::::..[0;31;40m8[0;1;33;93;43mXXX%[0;31;40m@@@@[0;1;30;90;43m.[0;1;33;93;43mSSS[0;1;30;90;43m.[0m
[0;1;30;90;43m:[0;33;5;43;103m;;;[0;1;33;93;43mS[0;1;30;90;40mSSSX[0;33;5;43;103m@:::[0;1;30;90;43m8[0;1;30;90;40m8[0;30;5;40;100m8888@XXSS[0;36;5;40;100m%t[0;33;5;40;100m%[0;37;5;43;103m8[0;33;47m8[0;33;5;40;100m;[0;36;5;40;100m;;tt[0;30;5;40;100m%SSX@@888[0;1;30;90;40m8888@@XXSS%[0;34;40m;;;;::::::......[0;31;40mt[0;33;5;43;103mtt%%[0;1;30;90;41m8[0;34;40m..  [0m
[0;1;30;90;43m:[0;33;5;43;103m;;;[0;1;33;93;43mS[0;1;30;90;40mSSSX[0;33;5;43;103m@:::[0;1;30;90;43m8[0;1;30;90;40m8[0;30;5;40;100m888@@XXSS[0;36;5;40;100m%t;[0;33;5;40;100m;;[0;37;5;43;103m8[0;37;43m8[0;33;5;40;100m;[0;36;5;40;100mtt%[0;30;5;40;100mSSXX@8888[0;1;30;90;40m888@@XXSS%[0;34;40m;;;;::::::......[0;31;40mt[0;33;5;43;103mtt%%[0;1;30;90;41m8[0;34;40m..  [0m
[0;31;40m8[0;1;30;90;43mt%%%%%SSX@@@[0;33;5;40;100m8[0;1;30;90;40m8[0;30;5;40;100m8888@XXSS[0;36;5;40;100m%tt;;[0;33;5;40;100m;[0;37;43m8[0;37;5;43;103m8[0;33;5;40;100m%t[0;30;5;40;100m%SSX@@888[0;1;30;90;40m8888@@XXSS%[0;34;40m;;;;::::::..[0;31;40mX[0;1;30;90;43m::::::::....[0;33;41m8[0m
[0;34;40m.;;;[0;33;5;40;100m8[0;33;5;43;103m;;;:[0;30;5;40;100mX[0;1;30;90;40m@@8888[0;30;5;40;100m888@@XXSS%[0;36;5;40;100mttttt[0;33;5;40;100mt[0;33;47m8[0;37;5;43;103m@[0;33;5;40;100m%[0;30;5;40;100mSXX@@888[0;1;30;90;40m8888@@XXSS%[0;34;40m;;;;::::::..[0;33;5;40;100m8[0;33;5;43;103mtttX[0;34;40m....[0;1;30;90;43m.[0;33;5;43;103m%%%[0;1;30;90;43m.[0m
[0;34;40m.;;;[0;33;5;40;100m8[0;33;5;43;103m;;;;[0;30;5;40;100mX[0;1;30;90;40m@@8888[0;30;5;40;100m8888@@XXSSS%%%%SS[0;33;5;40;100mX[0;37;5;43;103mX[0;1;30;90;43m8[0;33;5;40;100mX[0;30;5;40;100m@@888[0;1;30;90;40m8888@@XXSSS[0;34;40m;;;;:::::::..[0;33;5;40;100m8[0;33;5;43;103mtttX[0;34;40m....[0;1;30;90;43m [0;33;5;43;103m%%%[0;1;30;90;43m.[0m
[0;1;30;90;43m:[0;33;5;43;103mttt[0;1;33;93;43m%[0;1;30;90;40mSXX@[0;33;5;43;103m8;;;[0;1;30;90;43m8[0;1;30;90;40m888[0;30;5;40;100m8888@@XXXXSSSSSXX[0;33;5;40;100mX[0;1;30;90;43m8[0;37;5;43;103mX[0;1;30;90;43m8[0;30;5;40;100m8888[0;1;30;90;40m8888@@XXSS%[0;34;40m;;;;::::::...[0;31;40m::::%[0;33;5;43;103mSSSS[0;1;30;90;41m8[0;31;40m:...[0m
[0;1;30;90;43m:[0;33;5;43;103m;;;[0;1;33;93;43mS[0;34;40m;[0;1;30;90;40m%SS[0;33;5;43;103m@:::[0;1;30;90;43m@[0;1;30;90;40m8888[0;30;5;40;100m88888@@@@XXXXX@@@@[0;33;5;40;100m@[0;37;43mS[0;33;5;43;103m8[0;33;5;40;100m8[0;1;30;90;40m88888@@XXSSS[0;34;40m;;;;;::::::...[0;31;40m:[0;34;40m...[0;31;40mt[0;33;5;43;103mt%%%[0;1;30;90;41m8[0;34;40m.   [0m
[0;31;40mX[0;1;30;90;43m;;;t%SSSSSXX@[0;1;30;90;40m@88888[0;30;5;40;100m888888@@@@@@888888[0;33;5;40;100m8[0;33;5;43;103mX[0;1;30;90;43m8[0;30;5;40;100m@[0;1;30;90;40m88@@XXSSS%[0;34;40m;;;;:::::::...[0;30;5;40;100mX[0;1;30;90;43m::::........[0;31;40m;[0m
 [0;34;40m:::[0;33;5;40;100m8[0;33;5;43;103m;;;;[0;30;5;40;100m@[0;1;30;90;40mSXX[0;1;30;90;43m@[0;1;30;90;40m8@888888[0;30;5;40;100m888888888888888[0;1;30;90;40m88[0;30;5;40;100m8[0;1;30;90;43m8[0;33;5;43;103mX[0;1;30;90;43m@[0;1;30;90;40m@@XXSSS%[0;34;40m;;;;:::::::....[0;1;30;90;43m:[0;33;5;43;103mttt@[0;34;40m....[0;1;30;90;43m [0;33;5;43;103m%%S[0m 
 [0;34;40m.::[0;33;5;40;100m8[0;33;5;43;103m;;;;[0;30;5;40;100m@[0;1;30;90;40mSSS[0;1;30;90;43mX[0;33;5;40;100m8[0;1;30;90;40m@@@88888888[0;30;5;40;100m888888[0;1;30;90;40m88888888@[0;30;5;40;100m8[0;1;30;90;43mX[0;1;33;93;43m8[0;33;5;40;100m8[0;1;30;90;40mXSSS%[0;34;40m;;;;:::::::.....[0;1;30;90;43m:[0;33;5;43;103mttt@[0;34;40m....[0;1;30;90;43m [0;33;5;43;103m%S[0;1;33;93;43mS[0m 
 [0;1;30;90;43m:[0;1;33;93;43mXX[0;1;30;90;43m;[0;30;5;40;100mXX[0;31;5;40;100mXX[0;1;30;90;43m%[0;1;33;93;43m@@@[0;1;30;90;43mS[0;30;5;40;100m8[0;1;30;90;40mXX@@@@88888888888888888@@@@X[0;33;5;40;100m8[0;33;5;43;103m8[0;1;30;90;43mS[0;1;30;90;40m8S[0;34;40m;;;;;:::::::.....[0;1;30;90;43m.:[0;31;40m8888[0;1;33;93;43mS%%%[0;1;30;90;43m.[0;31;40m@@%[0m 
  [0;33;5;43;103mt;[0;1;33;93;43m%[0;34;40m::;;[0;33;5;43;103m8;;;[0;1;30;90;43m%[0;1;30;90;40mSSXXXX@@@@@888888888@@@@@XXXXSX[0;1;30;90;43mS[0;33;5;43;103m@[0;1;30;90;43m%[0;31;40mt[0;34;40m;;;::::::::....[0;31;5;40;100mX[0;33;5;43;103mt[0;1;30;90;43m:[0;34;40m...[0;31;40mt[0;33;5;43;103m%%%%[0;30;41m8[0;34;40m   [0m 
  [0;1;30;90;43m:[0;33;5;43;103m8[0;1;30;90;43m:[0;31;40m@[0;1;30;90;40m888[0;1;33;93;43mS[0;33;5;43;103m@@@[0;1;30;90;43m%[0;30;5;40;100m@@[0;1;30;90;40mXSXXXXXX@@@@@@@@@@@XXXXXSSSS%[0;34;40m;[0;1;30;90;40m@[0;1;30;90;43mt[0;1;33;93;43m8[0;31;5;40;100mS[0;34;40m;::::::::....[0;31;40m.[0;1;30;90;43m.[0;1;33;93;43m@[0;1;30;90;43m:[0;31;40mXSS8[0;1;33;93;43mXXXX[0;31;43m8[0;31;40mS;[0m  
  [0;34;40m :[0;31;5;40;100mS[0;33;5;43;103m;;;;[0;1;30;90;40m8[0;34;40m;;;[0;1;30;90;43m%[0;33;5;43;103m;;[0;1;30;90;43m%[0;1;30;90;40mSSSSSXXXXXXXXXXXXXXXSSSSS%[0;34;40m;;;;;[0;31;5;40;100mX[0;1;33;93;43mX[0;1;30;90;43m;[0;31;40mX[0;34;40m:::::.........[0;1;30;90;43m:[0;33;5;43;103mt%%@[0;34;40m..  [0;1;30;90;43m [0;33;5;43;103mS[0;31;40m8[0m  
   [0;34;40m.[0;31;5;40;100mS[0;33;5;43;103m;;;;[0;1;30;90;40m8[0;34;40m::;[0;1;30;90;43m%[0;33;5;43;103m;;;[0;1;30;90;43m%[0;34;40m;[0;1;30;90;40m%SSSSSSSSSSSSSSSSSS%%[0;34;40m;;;;;;;::[0;31;40m:[0;1;30;90;43mt[0;33;5;43;103m8[0;1;30;90;43m;[0;31;40m;[0;34;40m::..........[0;1;30;90;43m:[0;33;5;43;103m%%%@[0;34;40m.   [0;1;30;90;43m  [0m   
    [0;1;30;90;43m;;;;;;;;;tt%%%[0;33;5;40;100m8[0;34;40m;;;;;[0;1;30;90;40m%%%SSSSS%%%[0;34;40m;;;;;;;;;;::::::[0;31;40m;[0;1;30;90;43m:[0;33;5;43;103m8[0;33;5;40;100m8[0;34;40m......[0;31;40m:[0;1;30;90;43m::..:::.......[0m    
    [0;31;40mt[0;34;40m.:::[0;1;33;93;43m8[0;33;5;43;103m;;;[0;1;30;90;43m;[0;34;40m:::[0;31;40m;[0;33;5;43;103mt[0;1;30;90;43m%[0;34;40m;;;;;;;;;;;;;;;;;;;;;;:::::::::::[0;31;40m@[0;1;33;93;43m%[0;1;30;90;43m:[0;34;40m......[0;33;5;43;103m@tt%[0;1;30;90;43m:[0;34;40m...[0;31;40mt[0;33;5;43;103m%SSS[0;31;40mX[0m    
     [0;34;40m...:[0;1;33;93;43m8[0;33;5;43;103m;;;[0;1;30;90;43m:[0;34;40m:::[0;31;40m;[0;33;5;43;103m;t[0;1;30;90;43mt[0;31;40m;[0;34;40m;;;;;;;;;;;;;;;;:::::::::::::...........[0;33;5;43;103m@%%%[0;1;30;90;43m:[0;34;40m.. [0;31;40mt[0;33;5;43;103mSSS[0;1;30;90;43m.[0m     
      [0;1;30;90;43m:[0;33;5;43;103m%%[0;31;40m@;;;[0;1;30;90;43m;[0;33;5;43;103mttt%[0;31;40m;;;:[0;34;40m:::::::::::::::::::::::::::........[0;31;40m:[0;1;30;90;43m.[0;33;5;43;103mSSS[0;31;40m%:::[0;1;30;90;43m.[0;33;5;43;103mSSX[0;1;33;93;43m@[0;31;40m...[0m      
       [0;1;30;90;43m.[0;33;5;43;103mt[0;31;40mX[0;34;40m...[0;1;30;90;43m;[0;33;5;43;103m;;;t[0;34;40m::::[0;1;30;90;43m;[0;30;5;40;100mX[0;34;40m::::::::::::::::::::::...........[0;1;30;90;43m:[0;33;5;43;103mtt%%[0;31;40mt[0;34;40m...[0;1;30;90;43m.[0;33;5;43;103m%%S8[0;34;40m  [0m       
        [0;1;30;90;43m::;;;;::::;;;;::[0;1;30;90;40m8[0;34;40m:::::::::::::::::............[0;31;40m;[0;1;30;90;43m:::....:.....   [0;31;40mt[0m        
         [0;1;30;90;43m.[0;33;5;43;103mttt[0;1;30;90;43m:[0;34;40m...[0;31;40m:[0;33;5;43;103mttt;[0;1;30;90;43m;[0;34;40m:::[0;31;40m;:[0;34;40m:::::::::................[0;1;30;90;43m:[0;33;5;43;103m@t%[0;1;30;90;43m.[0;34;40m....[0;33;5;43;103m@%%%[0;1;30;90;43m.[0;34;40m   [0;31;40m [0m         
          [0;33;41m8[0;33;5;43;103mXt[0;1;30;90;43m:[0;34;40m...[0;31;40m:[0;33;5;43;103mtttt[0;1;30;90;43m;[0;34;40m...[0;31;40m@[0;1;33;93;43m@[0;1;30;90;43m;[0;31;40m:[0;34;40m.......................[0;1;33;93;43m%[0;33;5;43;103m%%%[0;1;30;90;43m.[0;34;40m....[0;33;5;43;103m@%SS[0;1;30;90;43m.[0;34;40m   [0m          
            [0;31;40m8[0;1;30;90;43m:[0;1;33;93;43m%%%%[0;31;5;40;100mXXXX[0;1;30;90;43m:[0;1;33;93;43m%%%[0;1;30;90;43m:[0;31;5;40;100mXX[0;31;40m%[0;34;40m.[0;31;40m.[0;34;40m................[0;31;40m.[0;1;30;90;43m:.[0;1;33;93;43mtt[0;1;30;90;43m:[0;31;40m888[0;1;30;90;43m.    [0;1;30;90;41m8[0;31;40m888[0;1;30;90;43m..[0m            
             [0;1;30;90;41m8[0;33;5;43;103m%tt%[0;34;40m....[0;1;30;90;43m:[0;33;5;43;103mttt[0;1;33;93;43mX[0;34;40m....[0;1;30;90;43m.:[0;31;40mt[0;34;40m..............[0;31;40mX[0;33;5;43;103m%%%%[0;31;40m8[0;34;40m...[0;31;43m8[0;33;5;43;103m%%SS[0;31;40m;[0;34;40m   [0;31;40mX[0m             
              [0;31;40m@[0;1;33;93;43mt@@[0;31;40mSSSS[0;1;30;90;43m:[0;1;33;93;43m@@@t[0;31;40mSSSS[0;1;30;90;43m.[0;1;33;93;43m@X[0;1;30;90;43m:[0;31;40mX.[0;34;40m.......[0;31;40mtSSS8[0;1;33;93;43m@@@X[0;31;43m8[0;31;40mSSS[0;1;30;90;43m.[0;1;33;93;43mXXXX[0;31;40m@%:[0;34;40m [0m              
                [0;34;40m [0;31;40m.[0;33;5;43;103m%%%t[0;1;30;90;43m:[0;34;40m...[0;31;40mX[0;33;5;43;103mtttt[0;31;40m8[0;34;40m...[0;1;30;90;43m:[0;33;5;43;103m@[0;1;30;90;43m.[0;31;40m8.[0;34;40m....[0;1;30;90;43m.[0;33;5;43;103m%%%[0;1;33;93;43mX[0;34;40m....[0;1;30;90;43m [0;33;5;43;103m%SS[0;1;30;90;43m [0;34;40m    [0;1;33;93;43mS[0;1;30;90;43m [0m                
                  [0;1;30;90;43m.[0;33;5;43;103mS%%[0;1;30;90;43m:[0;34;40m...[0;31;40mX[0;33;5;43;103m%%%%[0;31;40m8[0;34;40m...[0;1;30;90;43m:[0;33;5;43;103m%%%[0;1;33;93;43m@[0;34;40m....[0;1;30;90;43m.[0;33;5;43;103m%%%[0;1;33;93;43mX[0;34;40m    [0;1;30;90;43m [0;33;5;43;103mSSS[0;1;30;90;43m [0;34;40m    [0m                  
                    [0;1;30;90;43m..:::::::::::::::..................... [0;31;40m%[0m                    
                      [0;1;30;90;43m.[0;33;5;43;103m@%%[0;1;33;93;43mS[0;34;40m....[0;1;33;93;43mt[0;33;5;43;103m%%%[0;1;30;90;43m.[0;34;40m... [0;33;5;43;103m%%%%[0;1;30;90;43m.[0;34;40m   [0;31;40mS[0;33;5;43;103mSSSS[0;31;40m8[0;34;40m   [0;31;40m%[0m                      
                        [0;1;30;90;43m.[0;1;33;93;43mXS[0;34;40m    [0;1;33;93;43mt[0;33;5;43;103m%%%[0;1;30;90;43m.[0;34;40m    [0;33;5;43;103mSSSS[0;1;30;90;43m.[0;34;40m   [0;31;40mS[0;33;5;43;103mSSSS[0;31;40m8[0;34;40m  [0m                        
                          [0;31;40m%[0;1;30;90;43m [0;1;33;93;43m@[0;33;5;43;103m88[0;30;41m8[0;31;40m;;;[0;1;30;90;43m.[0;33;5;43;103m8888[0;31;40m;;;;[0;1;30;90;43m [0;1;33;93;43m888t[0;31;40m;;;;S[0m                          
                             [0;1;30;90;43m.[0;1;33;93;43mt[0;31;40m8[0;34;40m   [0;31;43m8[0;33;5;43;103mSSSS[0;34;40m    [0;1;30;90;43m [0;33;5;43;103mSSS[0;1;33;93;43mS[0;34;40m  [0m                             
                                [0;34;40m [0;31;40m%[0;33;41m8[0;1;30;90;43m     [0;33;41m8888[0;1;30;90;43m    [0m                                
                                   [0;31;40m8[0;34;40m    [0;33;5;43;103mSSX[0;1;30;90;43m [0;31;40m@[0m                                   
                                      [0;34;40m  [0;1;30;90;43m [0;30;41m8[0m                                      
