[0;36;5;40;100m:[0;1;30;90;47mSSSSSSSSS[0;1;30;90;43m8.....::::[0;1;30;90;47m%%%%%%%%%%[0;1;30;90;43m%:::::::::[0;1;30;90;47m%%%%%%%%%S[0;1;30;90;43m.........S[0;1;30;90;47mSSXXXXXXXX[0;1;30;90;43m         [0;31;43m8[0m
[0;36;5;40;100m [0;1;37;97;47m@88888888[0;37;5;43;103m@[0;33;5;43;103m;;;;;;;;;[0;1;37;97;47m8888888888[0;33;5;43;103m;;;;;;;;;;[0;1;37;97;47m8888888888[0;33;5;43;103m;;ttttttt%[0;1;37;97;47m@@@@XXXXXX[0;33;5;43;103m%SSSSSSSS[0;1;30;90;43m [0m
[0;36;5;40;100m [0;1;37;97;47m888888888[0;37;5;43;103m@[0;33;5;43;103m;;;;;;;;;[0;1;37;97;47m8888888888[0;33;5;43;103m;;;;;;;;;;[0;1;37;97;47m8888888888[0;33;5;43;103m;;;;ttttt%[0;1;37;97;47m@@@@@XXXXX[0;33;5;43;103m%%SSSSSSS[0;1;30;90;43m [0m
[0;36;5;40;100m [0;1;37;97;47m888888888[0;37;5;43;103m@[0;33;5;43;103m;;;;;;;;;[0;1;37;97;47m888888888[0;37;5;47;107m8[0;33;5;43;103m;;;;;;;;;;[0;1;37;97;47m8888888888[0;33;5;43;103m;;;;;tttt%[0;1;37;97;47m@@@@@@XXXX[0;33;5;43;103m%%%SSSSSS[0;1;30;90;43m [0m
[0;36;5;40;100m [0;1;37;97;47m888888888[0;37;5;43;103m@[0;33;5;43;103m;;;;;;;;;[0;1;37;97;47m8[0;37;5;47;107m888888888[0;33;5;43;103m;;;;;;;;;;[0;1;37;97;47m8888888888[0;33;5;43;103m;;;;;;;tt%[0;1;37;97;47m8@@@@@@XXX[0;33;5;43;103m%S%%SSSSS[0;1;30;90;43m [0m
[0;36;5;40;100m [0;1;37;97;47m8888888:[0;36;5;40;100m [0;1;30;90;43m8[0;33;5;43;103mS;;;;;;;;[0;1;37;97;47m8[0;37;5;47;107m888888888[0;37;5;43;103mS[0;33;5;43;103m::::::;;;[0;37;5;47;107m88[0;1;37;97;47m88888888[0;33;5;43;103m;;;;;;;;tt[0;1;37;97;47m88@@@@@@%[0;1;30;90;47mX[0;33;5;40;100m8[0;1;33;93;43mS[0;33;5;43;103m%%%SSSS[0;1;30;90;43m [0m
[0;33;5;40;100mt[0;1;37;97;47m88888888[0;1;30;90;47m:[0;33;5;40;100mttS[0;1;30;90;43m8[0;37;5;43;103m888888[0;1;37;97;47m8888888888[0;1;33;93;47m8[0;37;5;43;103m888888888[0;1;37;97;47m8888888888[0;37;5;43;103m8888888888[0;1;37;97;47m888@@t[0;1;30;90;47m8[0;36;5;40;100m [0;30;5;40;100m@@[0;1;30;90;47mS[0;37;5;43;103m8888888@[0;1;30;90;43m@[0m
[0;1;30;90;43m:[0;33;5;43;103m;;;;;;;;;[0;1;30;90;47m;[0;30;5;40;100mX[0;36;5;40;100m;[0;30;5;40;100m%X[0;36;5;40;100m [0;1;37;97;47m%[0;37;5;47;107m888[0;37;5;43;103m@[0;33;5;43;103m:::::::::[0;37;5;47;107m8888888888[0;33;5;43;103m:::;;;;;;;[0;1;37;97;47m8888888888[0;33;5;43;103mttt@[0;33;5;40;100m8[0;1;30;90;40m8[0;30;5;40;100m8@[0;1;30;90;40m8[0;33;5;40;100m [0;1;37;97;47mXXXXXSSSS[0;36;5;40;100m [0m
[0;1;30;90;43m:[0;33;5;43;103m;;;;;;;;;[0;1;37;97;47m8[0;1;30;90;47mS[0;30;5;40;100m@%[0;36;5;40;100m:[0;30;5;40;100mS[0;1;37;97;47m%[0;37;5;47;107m888[0;37;5;43;103m@[0;33;5;43;103m:::::::::[0;37;5;47;107m@@88888888[0;33;5;43;103m::::;;;;;;[0;1;37;97;47m8888888888[0;33;5;43;103m;ttX[0;1;30;90;40m8[0;30;5;40;100mX8[0;1;30;90;40m8[0;1;30;90;43m8[0;37;5;43;103mX[0;1;37;97;47mXXXXXSSSS[0;36;5;40;100m [0m
[0;1;30;90;43m:[0;33;5;43;103m;;;;;;;;;[0;1;37;97;47m8[0;37;5;47;107m8[0;1;30;90;47mX88[0;36;5;40;100m  [0;1;30;90;47m;[0;37;5;47;107m88[0;37;5;43;103m8[0;33;5;43;103m::.[0;37;5;43;103m%%%%%%[0;37;5;47;107m@@@@@@@888[0;33;5;43;103m::::::;;;;[0;1;37;97;47m8888888888[0;33;5;43;103m;t[0;1;30;90;43m8[0;33;5;40;100m..[0;1;30;90;43m888[0;33;5;43;103mt[0;37;5;43;103mX[0;1;37;97;47m@XXXXXSSS[0;36;5;40;100m [0m
[0;1;30;90;43m:[0;33;5;43;103m;;;;;;;;;[0;1;37;97;47m8[0;37;5;47;107m88888[0;1;30;90;47m%[0;36;5;40;100m: [0;1;37;97;47m:[0;37;5;43;103m8%%SSSSSSS[0;37;5;47;107mXXXX@@@@@8[0;33;5;43;103m:::::::;;;[0;1;37;97;47m8888888888[0;1;33;93;43mS[0;33;5;40;100mX[0;30;5;40;100m8[0;1;30;90;43m8[0;33;5;43;103m%tttt[0;37;5;43;103mX[0;1;37;97;47m@@XXXXSSS[0;36;5;40;100m [0m
[0;1;30;90;43m:[0;33;5;43;103m;;;;;;;;;[0;1;37;97;47m8[0;37;5;47;107m888888[0;1;37;97;47mX[0;36;5;40;100m [0;30;5;40;100m8[0;33;5;40;100m%[0;37;5;43;103mXSSSSSSSS[0;37;5;47;107mXXXXXXX@@@[0;33;5;43;103m::::::::;;[0;37;5;47;107m8[0;1;37;97;47m8888888%[0;33;5;40;100m [0;34;40m:[0;30;5;40;100mX[0;1;33;93;43m@[0;33;5;43;103mtttttt[0;37;5;43;103mX[0;1;37;97;47m@@XXXXXSS[0;36;5;40;100m [0m
[0;1;30;90;43m:[0;33;5;43;103m;;;;;;;;;[0;1;37;97;47m8[0;37;5;47;107m888888@@[0;1;30;90;47m.[0;33;5;40;100mt[0;30;5;40;100mX[0;1;30;90;43m8[0;37;5;43;103mXXXXXXX[0;37;5;47;107mXXXXXXXXX@[0;37;5;43;103m%[0;33;5;43;103m.:::::::;[0;37;5;47;107m8[0;1;37;97;47m888888[0;37;5;40;100m8[0;1;30;90;40mS8[0;1;30;90;43mX[0;33;5;43;103mt;tttttt[0;37;5;43;103mX[0;1;37;97;47m@@XXXXXSS[0;36;5;40;100m [0m
[0;33;5;40;100m [0;1;37;97;47m888888888[0;37;5;43;103m8SSXXXX@@@[0;1;37;97;47m8[0;1;30;90;47mS[0;30;5;40;100mS[0;33;5;40;100m:[0;1;37;97;47m:[0;37;5;47;107mXXXXX[0;37;5;43;103mXXXXXXXX@@[0;37;5;47;107m@@@888[0;1;37;97;47m8888[0;33;5;43;103m;;;;;[0;37;43mX[0;30;5;40;100m@[0;31;40mt[0;1;30;90;43m@[0;37;5;43;103m@[0;1;37;97;47m8888888@@@[0;33;5;43;103m%%%%%SSSS[0;1;30;90;43m;[0m
[0;36;5;40;100m [0;1;37;97;47m88888[0;37;5;47;107m8888[0;37;5;43;103m8[0;33;5;43;103m::::.[0;37;5;43;103m%SSS[0;37;5;47;107mXX[0;1;37;97;47m8[0;37;5;40;100mX[0;30;5;40;100mS[0;37;5;40;100mS[0;1;37;97;47m8[0;37;5;47;107mSSS[0;37;5;43;103mXXXXXXXXSS[0;37;5;47;107mX@@@88888[0;1;37;97;47m8[0;33;5;43;103m;;;X[0;33;5;40;100m8[0;34;40m;[0;33;5;40;100m8[0;33;5;43;103m8;t[0;1;37;97;47m8888888@@@[0;33;5;43;103mttt%%%%%%[0;1;30;90;43m.[0m
[0;36;5;40;100m [0;1;37;97;47m88888[0;37;5;47;107m8888[0;37;5;43;103m8[0;33;5;43;103m::::[0;37;5;43;103m%SSSS[0;37;5;47;107mXXXX[0;1;37;97;47m;[0;36;5;40;100m ;[0;1;30;90;47mS[0;37;5;47;107m@S[0;37;5;43;103mXXXXXXXXXS[0;37;5;47;107mXX@@88888[0;1;37;97;47m8[0;33;5;43;103m;t[0;1;30;90;43m8[0;1;30;90;40mX[0;30;5;40;100m8[0;1;30;90;43m8[0;33;5;43;103m;;;t[0;1;37;97;47m88888888@@[0;33;5;43;103mttt%%%%%%[0;1;30;90;43m.[0m
[0;36;5;40;100m [0;1;37;97;47m88888[0;37;5;47;107m8888[0;37;5;43;103m8[0;33;5;43;103m::::[0;37;5;43;103m%SSSS[0;37;5;47;107mXXXXSX[0;1;30;90;47m:[0;36;5;40;100m  [0;1;37;97;47m:[0;37;5;43;103mXXXXXXXXXS[0;37;5;47;107mXX@@88888[0;1;37;97;47m8[0;1;30;90;43m8[0;30;5;40;100m@[0;1;30;90;40m@[0;1;30;90;43m8[0;33;5;43;103mt;;;;t[0;1;37;97;47m88888888@@[0;33;5;43;103mttt%%%%%%[0;1;30;90;43m.[0m
[0;36;5;40;100m [0;1;37;97;47m88888[0;37;5;47;107m8888[0;37;5;43;103m8[0;33;5;43;103m::::[0;37;5;43;103m%SSSS[0;37;5;47;107mXXXXSSS8[0;1;30;90;47m8[0;36;5;40;100m:[0;33;5;40;100m [0;1;33;93;47m8[0;37;5;43;103mXXXXXXXS[0;37;5;47;107mXX@@@888[0;1;37;97;47m%[0;36;5;40;100m.[0;1;30;90;40mX[0;33;5;40;100m8[0;33;5;43;103mX;;;;;;t[0;1;37;97;47m88888888@@[0;33;5;43;103mttt%%%%%%[0;1;30;90;43m.[0m
[0;36;5;40;100m [0;1;37;97;47m88888[0;37;5;47;107m8888[0;37;5;43;103m8[0;33;5;43;103m::::[0;37;5;43;103m%SSSS[0;37;5;47;107mXXXXSSSSS[0;1;37;97;47mS[0;33;5;40;100m ; [0;37;5;43;103m8XXXXXS[0;37;5;47;107mXX@@88[0;1;37;97;47m8[0;37;5;40;100m8[0;1;30;90;40m8[0;33;5;40;100mS[0;1;33;93;43mX[0;33;5;43;103m;;;;;;;;t[0;1;37;97;47m88888888@@[0;33;5;43;103mttt%%%%%%[0;1;30;90;43m.[0m
[0;33;5;40;100mX[0;1;33;93;47mXXXSSSSS[0;1;37;97;47m8[0;1;33;93;47mXXSSSS[0;1;37;97;47m888888888888888[0;1;30;90;47m [0;36;5;40;100m.[0;33;5;40;100m;[0;33;47m8[0;1;37;97;47m8888888888[0;1;30;90;47mt[0;30;5;40;100mX8[0;1;30;90;43m8[0;1;33;93;47mSXX@@@@@@@@XXXXXX@@@@888888888[0;33;5;40;100m8[0m
[0;1;30;90;43m:[0;33;5;43;103m;;;;;;;;:[0;1;37;97;47m8[0;37;5;47;107m8888@@@XX[0;37;5;43;103mXXXXXXXXXX[0;37;5;47;107mXX8[0;1;30;90;47m8[0;30;5;40;100mS[0;36;5;40;100m [0;1;37;97;47m%[0;37;5;47;107mXXX[0;37;5;43;103mSS%[0;33;5;43;103m@[0;33;5;40;100mX[0;1;30;90;40m8[0;33;5;40;100m@[0;33;5;43;103m%:;[0;37;5;47;107m88[0;1;37;97;47m88888888[0;33;5;43;103m;;;;ttttt[0;37;5;43;103mX[0;1;37;97;47m@@@XXXXSS[0;36;5;40;100m [0m
[0;1;30;90;43m:[0;33;5;43;103m;;;;;;;;:[0;1;37;97;47m8[0;37;5;47;107m88888@@@X[0;37;5;43;103m@SSXXXXXXX[0;37;5;47;107mXXXX[0;1;37;97;47mS[0;36;5;40;100m [0;30;5;40;100m@[0;37;5;40;100m8[0;1;37;97;47m8[0;37;5;47;107mX[0;37;5;43;103mSX[0;33;5;40;100mX[0;1;30;90;40m8[0;33;5;40;100m@[0;1;33;93;43m8[0;33;5;43;103m:::;[0;37;5;47;107m88[0;1;37;97;47m88888888[0;33;5;43;103m;;;;ttttt[0;37;5;43;103mX[0;1;37;97;47m@@@XXXXSS[0;36;5;40;100m [0m
[0;1;30;90;43m:[0;33;5;43;103m;;;;;;;;;[0;1;37;97;47m8[0;37;5;47;107m888888@@@[0;37;5;43;103m@SSSSXXXXX[0;37;5;47;107mXXXXXX[0;1;30;90;47m [0;36;5;40;100m;[0;30;5;40;100mX[0;1;30;90;47mS[0;37;43m8[0;30;5;40;100mXX[0;1;30;90;43m8[0;33;5;43;103m:::::;[0;37;5;47;107m8[0;1;37;97;47m888888888[0;33;5;43;103m;;;tttttt[0;37;5;43;103mX[0;1;37;97;47m@@XXXXXSS[0;36;5;40;100m [0m
[0;31;40m8[0;33;5;43;103m;;;;;;;;;[0;1;37;97;47m8[0;37;5;47;107m8888888@@[0;37;5;43;103m8SSSSSSSSS[0;37;5;47;107mXXXXXX@8[0;36;5;40;100m [0;30;5;40;100m8@[0;33;5;40;100mt[0;33;5;43;103mt:::::;;[0;1;37;97;47m8888888888[0;33;5;43;103m;;;tttttt[0;37;5;43;103mX[0;1;37;97;47m@@XXXXXSS[0;30;5;40;100mX[0m
 [0;33;5;43;103mt;;;;;;;;[0;1;37;97;47m8[0;37;5;47;107m888888888[0;37;5;43;103m8%%%SSSSSS[0;37;5;47;107mXX@@@@[0;1;37;97;47m8[0;37;5;40;100mS[0;1;30;90;40m8[0;36;5;40;100m [0;33;5;40;100mX[0;1;30;90;40m8[0;33;5;40;100m@[0;33;5;43;103mS:::;;;[0;1;37;97;47m8888888888[0;33;5;43;103m;;ttttttt[0;37;5;43;103mX[0;1;37;97;47m@XXXXXSSS[0m 
 [0;1;33;93;43mS[0;33;5;43;103m;;;;;;;;[0;1;37;97;47m8888[0;37;5;47;107m888888[0;37;5;43;103m8SSSSSSSSS[0;37;5;47;107m@@@@8[0;1;30;90;47m@[0;30;5;40;100m@S[0;1;30;90;47m:[0;37;5;47;107m8[0;33;5;43;103m:[0;37;43m@[0;30;5;40;100mS[0;1;30;90;40m8[0;1;30;90;43m8[0;33;5;43;103mt;;;;[0;1;37;97;47m8888888888[0;33;5;43;103mttttttttt[0;37;5;43;103m@[0;1;37;97;47m@XXXXSSS[0;1;30;90;47m:[0m 
 [0;36;5;40;100m [0;1;37;97;47m88888888[0;37;5;43;103m8[0;33;5;43;103m;;;;:::::[0;1;37;97;47m8[0;37;5;47;107m888888888[0;37;5;43;103mX[0;33;5;43;103m::[0;37;43mX[0;33;5;40;100m@[0;1;30;90;40m8[0;1;30;90;43m8[0;33;5;43;103m;::[0;37;5;47;107m88[0;1;37;97;47m8[0;37;5;40;100m8[0;1;30;90;40m@[0;30;5;40;100m8[0;1;30;90;47mt[0;1;37;97;47m888[0;33;5;43;103m;;;;;;;;;t[0;1;37;97;47m8888@@@@@@[0;33;5;43;103m%%%%%%%S[0;1;30;90;43m.[0m 
  [0;1;37;97;47m88888888[0;37;5;43;103m8[0;33;5;43;103m;;;;;;:::[0;1;37;97;47m8[0;37;5;47;107m888888888[0;37;5;43;103mS[0;33;5;43;103mS[0;33;5;40;100m@[0;1;30;90;40m8[0;33;5;40;100mX[0;33;5;43;103mX::::[0;37;5;47;107m8888[0;1;37;97;47m%[0;36;5;40;100m [0;1;30;90;40mS[0;36;5;40;100m.[0;1;37;97;47mt8[0;33;5;43;103m;;;;;;;;;t[0;1;37;97;47m8888@@@@@@[0;33;5;43;103m%%%%%%SS[0;31;40mS[0m 
  [0;1;30;90;47m@[0;1;37;97;47m8888888[0;37;5;43;103m8[0;33;5;43;103m;;;;;;;;:[0;1;37;97;47m8[0;37;5;47;107m88888888[0;1;37;97;47m8[0;1;30;90;43m8[0;1;30;90;40m8[0;30;5;40;100mX[0;37;43mX[0;33;5;43;103m:::::;[0;37;5;47;107m888[0;1;37;97;47m888[0;1;30;90;47m.[0;30;5;40;100m8[0;1;30;90;40mS[0;37;5;40;100mX[0;33;5;43;103mt;;;;;;;;t[0;1;37;97;47m888@@@@@@X[0;33;5;43;103m%%%%%SS[0;1;30;90;43m [0m  
  [0;1;30;90;40m8[0;1;37;97;47m8888888[0;37;5;43;103m@[0;33;5;43;103m;;;;;;;;;[0;1;37;97;47m8[0;37;5;47;107m8888888[0;1;30;90;47m;[0;30;5;40;100mX[0;1;30;90;40m8[0;1;30;90;43m8[0;33;5;43;103mt::;;;;;[0;37;5;47;107m8[0;1;37;97;47m8888888[0;37;5;40;100m8[0;1;30;90;40mS8[0;1;30;90;43m@[0;33;5;43;103m;;;;;;tt[0;1;37;97;47m88@@@@@@XX[0;33;5;43;103m%%%%%SS[0;31;40m8[0m  
   [0;37;5;40;100m8[0;1;37;97;47m888888[0;37;5;43;103m@[0;33;5;43;103m;;;;;;;;;[0;1;37;97;47m88[0;37;5;47;107m8888[0;1;37;97;47mt[0;36;5;40;100m.[0;1;30;90;40mS[0;36;5;40;100m [0;33;5;43;103mX;;;;;;;;;[0;1;37;97;47m888888888%[0;33;5;40;100m8[0;34;40m:[0;31;5;40;100mS[0;1;33;93;43m@[0;33;5;43;103m;;;tt%[0;1;37;97;47m8@@@@@@XXX[0;33;5;43;103m%%%%SS[0;1;30;90;43m [0m   
    [0;1;37;97;47mt88888[0;37;5;43;103m@[0;33;5;43;103m;;;;;;;;;[0;1;37;97;47m8888@[0;37;5;40;100mX[0;1;30;90;40mX[0;30;5;40;100m@[0;1;30;90;47m.[0;1;37;97;47m8[0;33;5;43;103m;;;;;;;;;;[0;1;37;97;47m8888888888[0;33;5;43;103m;[0;1;33;93;43mX[0;30;5;40;100m8[0;31;40m:[0;1;30;90;43m@[0;33;5;43;103mSttt%[0;1;37;97;47m@@@@@@XXXX[0;33;5;43;103m%%%SS@[0m    
    [0;30;5;40;100mX[0;1;33;93;47m88888XSSSSSSSSS@8@[0;1;30;90;47mS[0;1;30;90;40m8X[0;1;30;90;43m8[0;1;33;93;47m888SSSSSSSSSS8888888888XXS[0;37;5;40;100m8[0;1;30;90;40mSX[0;1;30;90;43m8[0;1;33;93;47mXXX8888888888XXXX@[0;30;5;40;100mX[0m    
     [0;1;30;90;43m.[0;33;5;43;103mt;;;[0;1;37;97;47m8888888888[0;37;5;43;103mS[0;1;33;93;43m@[0;33;5;40;100m8[0;34;40m;[0;33;5;40;100m8[0;33;5;43;103mS;;;;[0;1;37;97;47m8888888888[0;33;5;43;103m;;;;;;;;;t[0;1;37;97;47m8888%[0;36;5;40;100m [0;34;40m:[0;30;5;40;100m8[0;1;30;90;47m:[0;1;37;97;47m@[0;33;5;43;103mttt%%%%%%S[0;1;37;97;47mSSSS[0;36;5;40;100m [0m     
      [0;1;30;90;43m.[0;33;5;43;103mttt[0;1;37;97;47m888888888S[0;33;5;40;100m@[0;32;40m;[0;30;5;40;100m@[0;1;33;93;43m@[0;33;5;43;103m;;;;;;[0;1;37;97;47m8888888888[0;33;5;43;103m;;;;;;;;;t[0;1;37;97;47m88888@ [0;30;5;40;100m@[0;34;40m.[0;33;5;40;100mt[0;33;5;43;103mXt%%%%%%%X[0;1;37;97;47mSSS[0;37;5;40;100m@[0m      
       [0;1;30;90;43m.[0;33;5;43;103mtt[0;1;37;97;47m88888888[0;1;30;90;47m8[0;1;30;90;40mXX[0;1;30;90;43m@[0;33;5;43;103mt;;;;;;;[0;1;37;97;47m8888888888[0;33;5;43;103m;;;;;;tttt[0;1;37;97;47m888@@@@@[0;1;30;90;47m8[0;1;30;90;40mS[0;31;40m;[0;1;30;90;43mS[0;33;5;43;103m%%%%%%%X[0;1;37;97;47mSS[0;1;30;90;47m8[0m       
        [0;1;30;90;43m.[0;33;5;43;103mt[0;1;37;97;47m888888[0;1;30;90;47m.[0;30;5;40;100m@[0;34;40m:[0;36;5;40;100m [0;33;5;43;103mS;;;;;;;;;[0;1;37;97;47m8888888888[0;33;5;43;103m;;;ttttttt[0;1;37;97;47m@@@@@@@@@%[0;1;30;90;43mX[0;31;40m:[0;1;30;90;40m8[0;1;30;90;43mS[0;33;5;43;103m%%%SSX[0;1;37;97;47mS[0;37;5;40;100m8[0m        
         [0;1;30;90;43m.[0;1;37;97;47m@@88t[0;36;5;40;100m [0;34;40m:[0;30;5;40;100mX[0;1;37;97;47m.8[0;33;5;43;103mt;;;;;;;;;[0;1;37;97;47m8888888888[0;33;5;43;103mtttttttttt[0;1;37;97;47m@@@@@@@XXX[0;33;5;43;103m%[0;1;33;93;43m@[0;31;5;40;100mX[0;34;40m.[0;33;5;40;100m8[0;1;33;93;43m8[0;33;5;43;103mSSSX[0;36;5;40;100m [0m         
          [0;30;5;40;100mS[0;1;37;97;47m%@[0;1;30;90;47m [0;34;40m;[0;1;30;90;40mX[0;37;5;40;100m8[0;1;37;97;47m@88[0;37;5;43;103mX[0;33;5;43;103mttttttttt[0;1;37;97;47m8888888888[0;33;5;43;103mtt%%%%%%%%[0;1;37;97;47m@@@@@XXXXX[0;33;5;43;103mSSS[0;1;30;90;43m8[0;1;30;90;40mS[0;31;40m:[0;1;30;90;43m8[0;33;5;43;103mS@[0;31;43m8[0m          
            [0;1;33;93;43m%[0;33;5;43;103m%[0;1;33;93;43mX[0;33;5;43;103m%tttt[0;1;37;97;47m8888888888[0;33;5;43;103mtttttttttt[0;1;37;97;47m@@@@@@@@@@[0;33;5;43;103mt%%%%%%%%S[0;1;37;97;47mSSSS%[0;1;30;90;47mt[0;1;37;97;47mt[0;1;30;90;47m;[0m            
             [0;1;30;90;43m.[0;33;5;43;103m%ttttt[0;1;37;97;47m@@@@@@@@@@[0;33;5;43;103mtttttttttt[0;1;37;97;47m@@@@@@@@@X[0;33;5;43;103m%%%%%%%%%S[0;1;37;97;47mSSSSS%[0;37;5;40;100m%[0m             
              [0;31;40m@[0;1;33;93;43mS[0;33;5;43;103mtttt[0;1;37;97;47m@@@@@@@@@@[0;33;5;43;103m%ttttttttt[0;1;37;97;47m@@@@@XXXXX[0;33;5;43;103m%%%%%%%%SS[0;1;37;97;47mSSS%[0;1;30;90;47mt[0;1;30;90;40m8[0m              
                [0;1;30;90;43m.[0;33;5;43;103m@%%[0;1;37;97;47m@@@@@@@@@@[0;33;5;43;103m%ttttttt%%[0;1;37;97;47mXXXXXXXXXX[0;33;5;43;103m%%%%%SSSSX[0;1;37;97;47m%%:[0;36;5;40;100m.[0m                
                  [0;1;30;90;43m.[0;33;5;43;103mS[0;1;37;97;47mXXXXXXXXXX[0;33;5;43;103m%%%%%%%%%%[0;1;37;97;47mXXXXXXXXXS[0;33;5;43;103m%%SSSSSSSX[0;1;37;97;47mt[0;37;5;40;100mS[0m                  
                    [0;33;5;40;100m [0;1;37;97;47m%XXXXXXXX[0;33;5;43;103m%%%%%%%%%%[0;1;37;97;47mXXXXXSSSSS[0;33;5;43;103mSSSSSSSSX[0;1;30;90;43m;[0m                    
                      [0;33;5;40;100mX[0;33;5;43;103m8[0;37;5;43;103m@@@@@@[0;1;37;97;47mXXXXXXXXXS[0;37;5;43;103m@@@@@@@@@8[0;1;37;97;47mSS%%%%[0;1;30;90;47m [0;33;5;40;100m8[0m                      
                        [0;1;30;90;43m.[0;1;33;93;43mX[0;33;5;43;103m%%%%[0;1;37;97;47mSSSSSSSSSS[0;33;5;43;103mSSSSSSSSSS[0;1;37;97;47m%%%%[0;1;30;90;47m.[0;36;5;40;100m [0m                        
                          [0;31;40m8[0;1;30;90;43m [0;33;5;43;103mSS[0;1;37;97;47mSSSSSSSSSS[0;33;5;43;103mSSSSSSSSSS[0;1;37;97;47m%%[0;1;30;90;47m8[0;30;5;40;100mS[0m                          
                             [0;1;30;90;43m.[0;1;30;90;47m%[0;1;37;97;47m%%%%%%%%%[0;33;5;43;103mSSSSSSSSS[0;1;33;93;43m%[0;36;5;40;100m [0m                             
                                [0;36;5;40;100m [0;1;30;90;47m;[0;1;37;97;47m%%%%%%[0;33;5;43;103mSSSSSS[0;1;33;93;43mS[0;1;30;90;43m [0m                                
                                   [0;36;5;40;100m [0;1;30;90;47m@[0;1;37;97;47mt%%[0;33;5;43;103mSSX[0;1;30;90;43m  [0m                                   
                                      [0;30;5;40;100m@[0;36;5;40;100m [0;1;30;90;43m [0;30;41m8[0m                                      
