[0;30;41m8[0;1;31;91;41m........:::::::::::::::::::::::::::::::::::::::::................ [0;1;30;90;41m.      [0;30;41m     8[0m
[0;30;41m%[0;1;31;91;41m888888[0;31;5;41;101m888888888888888888888888888888888888888888888[0;1;31;91;41m888888888888888888888@@@@@@[0;30;41m%[0m
[0;30;41m%[0;1;31;91;41m8888[0;31;5;41;101m888888888888888888888888888888888888888888888888[0;1;31;91;41m888888888888888888888@@@@@[0;30;41m%[0m
[0;30;41m%[0;1;31;91;41m888[0;31;5;41;101m888888888888888888888888888888888888888888888888888[0;1;31;91;41m88888888888888888888@@@@[0;30;41m%[0m
[0;30;41m%[0;1;31;91;41m8[0;31;5;41;101m8888888888888888888888888888888888888888888888888888888[0;1;31;91;41m8888888888888888888@@@[0;30;41m%[0m
[0;30;41m%[0;31;5;41;101m888888888888888888888888888888888888888888888888888888888[0;1;31;91;41m8888888888888888888@@[0;30;41m%[0m
[0;30;41m%[0;31;5;41;101m8888888888[0;1;37;97;47m t [0;35;5;41;101m@[0;31;5;41;101m88888888888@[0;1;30;90;47m8[0;1;37;97;47m ;%: [0;1;30;90;47m8[0;31;5;41;101m@88888888888[0;1;30;90;47m8@[0;1;37;97;47m ;.[0;1;30;90;47mS8[0;31;5;41;101m888888[0;1;31;91;41m888888[0;35;5;41;101m8[0;1;30;90;47mX[0;1;37;97;47m. [0;31;5;41;101m8[0;1;31;91;41m8888888@@[0;30;41m%[0m
[0;30;41m%[0;31;5;41;101m888888888[0;1;37;97;47mX[0;37;5;47;107m;;;;X[0;1;37;97;47m.[0;1;30;90;47m88[0;31;5;41;101m@@@[0;35;5;41;101m@[0;1;30;90;47m8[0;1;37;97;47m [0;37;5;47;107m8::::::;::8[0;1;37;97;47m [0;1;30;90;47m8[0;35;5;41;101m@[0;31;5;41;101m@@[0;35;5;41;101m@[0;1;30;90;47m8[0;1;37;97;47m [0;37;5;47;107m8;;ttttttt[0;1;37;97;47mS[0;1;30;90;47m@[0;35;5;40;100m [0;31;5;41;101m8888[0;35;5;41;101m8[0;1;30;90;47m8[0;1;37;97;47m [0;37;5;47;107m8%%SS[0;1;37;97;47m%[0;1;31;91;41m88888888@[0;30;41m%[0m
[0;30;41m%[0;31;5;41;101m888888888[0;1;30;90;47m8[0;37;5;47;107mt;;;;;[0;1;30;90;47m8[0;37;5;47;107m8:::::8[0;1;30;90;47m8[0;37;5;47;107m::::::[0;1;30;90;47m8[0;37;5;47;107mX:::::[0;1;37;97;47mt [0;37;5;47;107m;;;;;;[0;1;30;90;47m8[0;37;5;47;107mXttttt[0;1;37;97;47m  [0;37;5;47;107mttttt%[0;35;5;40;100m [0;37;5;47;107mS%%%SS[0;1;30;90;47m8[0;1;31;91;41m88888888@[0;30;41m%[0m
[0;30;41m%[0;31;5;41;101m8888888888[0;1;30;90;47m8[0;37;5;47;107m;;;;8[0;31;5;41;101m@[0;1;37;97;47m:[0;37;5;47;107m::::.[0;1;30;90;47m8[0;35;5;41;101mX[0;37;5;47;107m.....8[0;31;5;41;101mX[0;37;5;47;107m8..:::[0;1;30;90;47m88[0;37;5;47;107m::;;;[0;1;37;97;47mt[0;31;5;41;101m8[0;37;5;47;107m8;tttt[0;31;5;41;101m8[0;1;30;90;47m8[0;37;5;47;107mttttt[0;1;37;97;47m [0;31;5;41;101m8[0;37;5;47;107m8%%%%[0;1;30;90;47m8[0;1;31;91;41m8888888888[0;30;41m%[0m
[0;30;41m%[0;31;5;41;101m88888888888[0;1;37;97;47m;[0;37;5;47;107m;;:[0;1;37;97;47m:[0;31;5;40;100m8[0;35;5;40;100m [0;1;30;90;47m8[0;37;5;47;107m@...[0;1;30;90;47m88[0;37;5;47;107m.....8[0;31;5;41;101mX[0;37;5;47;107mS.....[0;35;5;41;101mX[0;1;30;90;47m8[0;37;5;47;107m:::;;[0;1;37;97;47m;[0;31;5;41;101m8[0;37;5;47;107mS;;ttt[0;31;5;41;101m8[0;1;30;90;47m@[0;37;5;47;107mttttt[0;1;37;97;47m [0;31;5;41;101m8[0;37;5;47;107mS%%%[0;1;37;97;47m;[0;1;31;91;41m88888888888[0;30;41m%[0m
[0;30;41m%[0;31;5;41;101m88888888888[0;35;5;41;101m@[0;37;5;47;107m::X[0;30;5;40;100m8[0;1;30;90;40m88[0;30;5;40;100m8[0;36;5;40;100mt[0;37;5;47;107mS.8[0;31;5;41;101mXX[0;1;37;97;47m [0;37;5;47;107m    [0;1;30;90;47m8[0;31;5;41;101mX[0;1;31;91;47m8[0;37;5;47;107m....[0;1;37;97;47mS[0;31;5;41;101m@@[0;1;37;97;47m;[0;37;5;47;107m:::;[0;35;5;41;101m@[0;31;5;41;101m8[0;35;5;40;100m [0;37;5;47;107m;;;t[0;1;37;97;47m [0;31;5;41;101m88[0;1;37;97;47mt[0;37;5;47;107mtttX[0;31;5;41;101m88[0;1;30;90;47m8[0;37;5;47;107m%%%[0;35;5;40;100m.[0;1;31;91;41m88888888888[0;30;41m%[0m
[0;30;41m%[0;31;5;41;101m88888888888@[0;37;5;47;107m::;[0;35;5;40;100m [0;30;5;40;100m888S[0;36;5;40;100m:[0;1;30;90;47m;[0;1;37;97;47m:[0;31;5;41;101mXX[0;1;37;97;47m [0;37;5;47;107m    [0;1;30;90;47m8[0;31;5;41;101mX[0;35;5;41;101mX[0;37;5;47;107mt  .[0;1;37;97;47m [0;31;5;41;101mX@[0;1;37;97;47m [0;37;5;47;107m:::t[0;31;5;41;101m@8@[0;37;5;47;107mt;;t[0;1;30;90;47m8[0;31;5;41;101m88[0;1;37;97;47m [0;37;5;47;107mttt8[0;31;5;41;101m888[0;37;5;47;107m%%%[0;31;5;41;101m8[0;1;31;91;41m88888888888[0;30;41m%[0m
[0;30;41m%[0;31;5;41;101m88888888888[0;35;5;41;101m@[0;37;5;47;107m;:::8[0;1;37;97;47m [0;36;5;40;100m ;;: [0;1;30;90;47m;[0;37;5;47;107mS  .   %.  t[0;1;30;90;47m%[0;37;5;40;100m8[0;1;37;97;47m:[0;37;5;47;107mt..:::;X;;t;;tXSttttt%8%%%%[0;31;5;41;101m8[0;1;31;91;41m88888888888[0;30;41m%[0m
[0;30;41m%[0;31;5;41;101m88888888888[0;1;37;97;47m ::[0;37;5;47;107m....t[0;1;30;90;47m8[0;36;5;40;100m::.. [0;1;37;97;47m%[0;37;5;47;107m [0;1;37;97;47m:[0;37;5;47;107m8    .[0;1;37;97;47m.[0;35;5;40;100m%[0;30;5;40;100m@@@[0;1;37;97;47mX[0;37;5;47;107m..[0;1;37;97;47m [0;37;5;47;107m8:::;;S[0;1;30;90;47m8[0;37;5;47;107m;ttttt[0;1;30;90;47m8[0;37;5;47;107m8tttt%[0;1;37;97;47m@[0;1;30;90;47m8[0;1;37;97;47m [0;1;31;91;41m88888888888[0;30;41m%[0m
[0;30;41m%[0;31;5;41;101m8888888888[0;1;30;90;47m8[0;37;5;47;107m:[0;35;5;41;101mX[0;1;30;90;47m8[0;37;5;47;107m...  [0;1;37;97;47mt[0;35;5;40;100m;[0;36;5;40;100m .   [0;1;30;90;47m88[0;1;37;97;47m [0;37;5;47;107m   [0;1;37;97;47m8[0;36;5;40;100m [0;30;5;40;100mS[0;35;5;40;100m:[0;36;5;40;100m .[0;1;30;90;47m8[0;37;5;47;107m;.S[0;35;5;41;101m@[0;1;37;97;47m [0;37;5;47;107m:::;;[0;1;30;90;47m8[0;31;5;41;101m@[0;37;5;47;107mt;ttt8[0;31;5;41;101m8[0;1;37;97;47m [0;37;5;47;107mtttt%[0;1;30;90;47m8[0;31;5;41;101m8[0;37;5;47;107m%[0;1;30;90;47m8[0;1;31;91;41m8888888888[0;30;41m%[0m
[0;30;41m%[0;31;5;41;101m888888888[0;35;5;41;101m@[0;37;5;47;107mt:[0;35;5;41;101m@[0;1;37;97;47m [0;37;5;47;107m...  [0;1;37;97;47m:[0;35;5;41;101mX[0;37;5;47;107mt[0;1;30;90;47m:[0;36;5;40;100m    [0;35;5;40;100m [0;1;37;97;47m.[0;37;5;47;107m.t[0;1;30;90;47m@[0;36;5;40;100mt [0;1;30;90;47m8[0;1;31;91;47m8[0;37;5;47;107m.   .;[0;31;5;41;101m@[0;1;37;97;47mX[0;37;5;47;107m:::;;[0;1;30;90;47m8[0;35;5;41;101m@[0;37;5;47;107m;;ttt8[0;31;5;41;101m8[0;37;5;47;107m8tttt%[0;35;5;40;100m:[0;1;30;90;47m8[0;37;5;47;107m%S[0;31;5;41;101m8[0;1;31;91;41m888888888[0;30;41m%[0m
[0;30;41m%[0;31;5;41;101m888888888[0;1;37;97;47m [0;37;5;47;107m:[0;1;37;97;47m;[0;31;5;41;101m@@[0;37;5;47;107m8.. ;[0;1;31;91;47m8[0;31;5;41;101mX[0;1;30;90;47m8[0;37;5;47;107m %[0;1;30;90;47m;[0;36;5;40;100m       [0;1;30;90;47m [0;37;5;47;107mS[0;37;5;41;101m8[0;31;5;41;101mX[0;1;37;97;47m [0;37;5;47;107m   .[0;1;37;97;47m [0;31;5;41;101m@X[0;37;5;47;107mX::;8[0;31;5;41;101m@8[0;1;30;90;47mX[0;37;5;47;107m;ttt[0;1;30;90;47m8[0;31;5;41;101m88[0;37;5;47;107mSttt[0;1;37;97;47mt[0;31;5;41;101m8[0;1;31;91;41m8[0;1;37;97;47m [0;37;5;47;107m%[0;1;37;97;47m [0;1;31;91;41m888888888[0;30;41m%[0m
[0;30;41m%[0;31;5;41;101m888888888[0;37;5;47;107m8:[0;1;37;97;47m [0;31;5;41;101m@@[0;1;37;97;47m.[0;37;5;47;107m.. S[0;35;5;41;101mX[0;31;5;41;101mX[0;1;31;91;47m8[0;37;5;47;107m   %[0;37;5;40;100m8[0;36;5;40;100m:;:.: [0;35;5;40;100m t%[0;37;5;40;100m:[0;37;5;47;107m@t .[0;1;30;90;47m8[0;31;5;41;101m@@[0;37;5;47;107m8:S8[0;1;37;97;47m [0;31;5;41;101m88[0;1;30;90;47m8[0;37;5;47;107m;ttt[0;35;5;41;101m8[0;31;5;41;101m88[0;37;5;47;107m8ttt[0;1;37;97;47m [0;1;31;91;41m88[0;1;30;90;47m8[0;37;5;47;107m%[0;1;37;97;47mS[0;1;31;91;41m888888888[0;30;41m%[0m
[0;30;41m%[0;31;5;41;101m888888888[0;1;37;97;47m [0;37;5;47;107m::St...  .%. . %[0;37;5;40;100m8[0;36;5;40;100m::::;[0;30;5;40;100m%SSXS[0;31;5;40;100mS[0;31;5;41;101mX[0;35;5;41;101mX[0;1;30;90;47m8[0;37;5;47;107m8S[0;1;37;97;47mX[0;1;30;90;47m8[0;31;5;41;101m@88888[0;1;30;90;47m8[0;1;37;97;47m [0;37;5;47;107mtttt8%tt%t%X8%%[0;1;30;90;47mX[0;1;31;91;41m888888888[0;30;41m%[0m
[0;30;41m%[0;31;5;41;101m8888888888[0;1;37;97;47mS[0;37;5;47;107m::::.[0;1;37;97;47m [0;37;5;47;107m@     8[0;1;30;90;47m8[0;36;5;40;100m::[0;1;37;97;47m.[0;36;5;40;100m [0;30;5;40;100m%S[0;36;5;40;100mt;[0;30;5;40;100mSXX@@[0;31;5;40;100mS[0;31;5;41;101m@X@[0;1;30;90;47m8[0;31;5;41;101m@@888888888[0;1;37;97;47m [0;37;5;47;107mtttttt[0;1;30;90;47m8[0;37;5;47;107m%%%%%[0;1;37;97;47m%[0;1;31;91;41m8888888888[0;30;41m%[0m
[0;30;41mS[0;31;5;41;101m8888888888@[0;37;5;47;107m8:::@[0;31;5;41;101mX[0;1;37;97;47m;[0;37;5;47;107m.   [0;1;37;97;47mX[0;36;5;40;100m [0;30;5;40;100mS[0;1;30;90;47m8[0;37;5;47;107m% [0;1;30;90;47mt[0;30;5;40;100mSSXX[0;36;5;40;100m%[0;30;5;40;100mS@@8@[0;1;30;90;41m8[0;31;5;41;101m@@@@@8888888888[0;37;5;47;107mXtttt[0;1;37;97;47m [0;31;5;41;101m8[0;37;5;47;107m8%%%8[0;31;5;41;101m8[0;1;31;91;41m8888888888[0;30;41mS[0m
[0;30;41m8[0;31;5;41;101m88888888888[0;1;30;90;47m8[0;37;5;47;107m:::X[0;31;5;41;101m@[0;37;5;47;107m8..S[0;37;5;40;100m@[0;30;5;40;100m@X[0;1;30;90;47m8[0;37;5;47;107m   8[0;30;5;40;100mSX@@@@S@[0;31;5;40;100m@[0;1;30;90;41m8[0;31;5;41;101m@@@@@88888888888[0;1;30;90;47mX[0;37;5;47;107mtttt[0;1;37;97;47m [0;31;5;41;101m8[0;37;5;47;107m%%%%[0;1;30;90;47m8[0;1;31;91;41m88888888888[0;30;41m8[0m
[0;31;40mX[0;31;5;41;101m888888888888[0;37;5;47;107mt::[0;1;30;90;47m8[0;31;5;41;101m@[0;35;5;41;101mX[0;37;5;47;107mt.[0;1;30;90;47m@[0;30;5;40;100m888[0;31;5;40;100mS[0;1;37;97;47m.[0;37;5;47;107m   [0;1;30;90;47mS[0;31;5;40;100mS[0;30;5;40;100mX888@[0;31;5;40;100mX[0;31;5;41;101m8@@@@@888888888888[0;1;30;90;47m8[0;37;5;47;107mtttS[0;31;5;41;101m88[0;1;30;90;47m8[0;37;5;47;107m%%%[0;31;5;41;101m8[0;1;31;91;41m88888888888[0;31;40m@[0m
 [0;1;31;91;41m8[0;31;5;41;101m88888888888[0;37;5;47;107m8;:[0;1;30;90;47m8[0;31;5;41;101m@@[0;37;5;47;107m8:t[0;1;30;90;47m:[0;37;5;40;100mX[0;31;5;40;100mX[0;31;5;41;101m8[0;1;30;90;47m8[0;37;5;47;107m...[0;1;37;97;47m:[0;31;5;41;101mX8[0;31;5;40;100m@@@[0;31;5;41;101m8@@@@@@8888888888888[0;1;30;90;47m@[0;37;5;47;107mttt8[0;31;5;41;101m8[0;1;31;91;41m8[0;31;5;41;101m8[0;37;5;47;107m%%@[0;1;31;91;41m888888888888[0m 
 [0;1;31;91;41m;[0;31;5;41;101m88888888888[0;37;5;47;107m%;;;@t:::::%S....;[0;35;5;41;101m@[0;31;5;41;101m@@@@@@@@@888888888888888[0;37;5;47;107m@ttttS8%%%S[0;31;5;41;101m8[0;1;31;91;41m8888888888t[0m 
 [0;30;41mS[0;31;5;41;101m8888888888[0;1;30;90;47m8[0;37;5;47;107m;;;;;;::[0;1;30;90;47m8[0;37;5;47;107m;:::::[0;1;37;97;47m X[0;37;5;47;107m:[0;1;37;97;47mX[0;31;5;41;101m@@@@@@88888888888888888[0;1;37;97;47m.[0;37;5;47;107mtt[0;1;30;90;47m8[0;37;5;47;107m8t%%%%%%[0;1;30;90;47m8[0;1;31;91;41m8888888888[0;30;41m%[0m 
  [0;1;31;91;41m8[0;31;5;41;101m888888888[0;1;37;97;47m.[0;37;5;47;107m;;;;;;;[0;1;37;97;47m.[0;31;5;41;101m@[0;37;5;47;107m@::::t[0;35;5;41;101m@[0;1;30;90;47mX[0;37;5;47;107m::[0;1;37;97;47m:[0;31;5;41;101m@88888888888888888888[0;1;37;97;47m [0;37;5;47;107mtt8[0;31;5;41;101m8[0;1;37;97;47m [0;37;5;47;107m%%%%%%S[0;1;37;97;47m:[0;1;31;91;41m888888888@[0;31;40m%[0m 
  [0;1;30;90;41m:[0;31;5;41;101m888888888[0;1;37;97;47m [0;37;5;47;107mt;;;;;;[0;1;37;97;47m [0;31;5;41;101m@[0;37;5;47;107m;;;;;;[0;31;5;41;101m@[0;1;37;97;47m:[0;37;5;47;107m;;;[0;1;37;97;47mX[0;31;5;41;101m@888888888888888888[0;1;37;97;47mt[0;37;5;47;107mttt8[0;31;5;41;101m8[0;37;5;47;107m8%%%%%%S[0;1;37;97;47m [0;1;31;91;41m888888888.[0m  
  [0;31;40mS[0;1;31;91;41m8[0;31;5;41;101m888888888[0;37;5;47;107mStt;;;S[0;35;5;41;101m@[0;31;5;41;101m8[0;1;30;90;47m8[0;37;5;47;107m;;;;[0;1;37;97;47m [0;31;5;41;101m8@[0;37;5;47;107m8;;;8[0;31;5;41;101m888888888888888[0;1;31;91;41m88[0;1;30;90;47m8[0;37;5;47;107mtttt[0;1;30;90;47m8[0;1;31;91;41m8[0;31;5;41;101m8[0;37;5;47;107mX%%%%SX[0;31;5;41;101m8[0;1;31;91;41m88888888@[0;31;40mX[0m  
   [0;30;41m:[0;31;5;41;101m888888888@[0;37;5;47;107m8tttt8[0;31;5;41;101m88@[0;37;5;47;107m;;;;[0;1;30;90;47m8[0;31;5;41;101m88[0;1;37;97;47m:[0;37;5;47;107m;;;[0;1;37;97;47mX[0;31;5;41;101m8888888888888[0;1;31;91;41m8[0;1;30;90;41m;[0;31;40m@X[0;35;5;40;100m [0;37;5;47;107mtttt[0;31;5;41;101m8[0;1;31;91;41m8[0;31;5;41;101m8[0;1;37;97;47m8[0;37;5;47;107m%%SS[0;1;37;97;47m8[0;31;5;41;101m8[0;1;31;91;41m888888888[0;30;41m.[0m   
    [0;1;31;91;41mX[0;31;5;41;101m8888888888[0;1;30;90;47m8[0;1;37;97;47m%[0;37;5;47;107mttt%8tt;;;;8X;;;;;S8t8[0;1;30;90;47m8[0;31;5;41;101m8888888[0;1;30;90;47m8[0;1;37;97;47mX[0;1;30;90;47m8[0;1;30;90;40m8[0;34;40m;[0;1;30;90;40m8[0;1;37;97;47m;[0;37;5;47;107mt%%%[0;1;37;97;47m@[0;37;5;47;107mX%%S[0;1;37;97;47m%[0;1;30;90;47m8[0;1;31;91;41m8888888888S[0m    
    [0;31;40m8[0;1;31;91;41m8[0;31;5;41;101m88888888888@[0;1;37;97;47mt[0;37;5;47;107mttttt[0;1;37;97;47m@[0;1;30;90;47m@[0;37;5;47;107mtttttt[0;1;30;90;47m8[0;37;5;47;107m@ttttt[0;1;37;97;47m; .[0;1;30;90;47m8[0;31;5;41;101m8[0;1;30;90;47m8[0;1;37;97;47m [0;37;5;47;107m%[0;1;30;90;47m8[0;37;5;47;107mSt%[0;1;30;90;47m:[0;36;5;40;100mt[0;1;30;90;40m@[0;35;5;40;100m [0;1;37;97;47m [0;37;5;47;107m%%%%%[0;1;37;97;47m%[0;31;5;41;101m8[0;1;31;91;41m88888888888@[0;31;40m8[0m    
     [0;30;41m@[0;1;31;91;41m88[0;31;5;41;101m88888888888[0;1;30;90;47m8[0;37;5;47;107mtttt[0;1;30;90;47m8[0;31;5;41;101m8[0;37;5;47;107mttttt[0;1;37;97;47m@[0;31;5;41;101m8[0;1;37;97;47m;[0;37;5;47;107mttttt[0;35;5;40;100m.[0;35;5;41;101m@[0;37;5;47;107mttttt[0;1;37;97;47m;[0;31;5;41;101m8[0;1;37;97;47m@[0;37;5;47;107mtt%%[0;1;37;97;47mt[0;1;30;90;41mX[0;35;5;40;100mt[0;37;5;47;107m@%%%[0;1;30;90;47m8[0;1;31;91;41m888888888888@[0;30;41mX[0m     
      [0;30;41mt[0;1;31;91;41m888[0;31;5;41;101m8888888888[0;1;30;90;47m@[0;37;5;47;107mttt[0;35;5;40;100m.[0;1;30;90;47m8[0;37;5;47;107mttttt[0;1;37;97;47mS[0;31;5;41;101m8[0;37;5;47;107m@ttttt[0;31;5;41;101m8[0;1;30;90;47m8[0;37;5;47;107mttttt[0;1;37;97;47m [0;31;5;41;101m8[0;37;5;47;107mS%%%%%[0;31;5;41;101m8[0;1;30;90;47m8[0;1;37;97;47m:[0;37;5;47;107m%S[0;1;30;90;47m@[0;1;31;91;41m888888888888@[0;30;41m;[0m      
       [0;30;41m:[0;1;31;91;41m88888[0;31;5;41;101m88888888[0;1;37;97;47m@[0;37;5;47;107mt[0;1;37;97;47m@[0;31;5;41;101m88[0;1;37;97;47m [0;37;5;47;107mtttt[0;1;30;90;47m8[0;31;5;41;101m8[0;35;5;41;101m8[0;37;5;47;107m%ttt[0;1;37;97;47mt[0;31;5;41;101m88[0;1;37;97;47m:[0;37;5;47;107mttt%[0;35;5;40;100m.[0;1;31;91;41m8[0;35;5;40;100m [0;37;5;47;107m%%%%[0;1;37;97;47m [0;1;31;91;41m88[0;1;37;97;47mt[0;37;5;47;107mS[0;1;37;97;47m8[0;1;31;91;41m88888888888@@[0;30;41m.[0m       
        [0;30;41m;[0;1;31;91;41m88888888[0;31;5;41;101m8888[0;1;30;90;47m8[0;37;5;47;107mt[0;1;37;97;47m [0;31;5;41;101m88[0;1;30;90;47m8[0;37;5;47;107mtttt[0;31;5;41;101m888[0;37;5;47;107m8ttt[0;1;30;90;47mX[0;31;5;41;101m88[0;1;30;90;47m8[0;37;5;47;107mt%%X[0;31;5;41;101m8[0;1;31;91;41m8[0;31;5;41;101m8[0;37;5;47;107mS%%%[0;1;30;90;47m8[0;1;31;91;41m88[0;1;30;90;47mX[0;37;5;47;107mS[0;1;30;90;47m8[0;1;31;91;41m8888888888@@[0;30;41m:[0m        
         [0;30;41mS[0;1;31;91;41m88888888888[0;31;5;41;101m8[0;37;5;47;107m8t88ttttt%[0;1;37;97;47m@[0;37;5;47;107mStttt%88%%%%%X[0;1;37;97;47mX[0;37;5;47;107mX%%%SS[0;1;37;97;47m@[0;37;5;47;107m8S8[0;1;31;91;41m8888888888@@[0;30;41mS[0m         
          [0;31;40m8[0;1;31;91;41m@8888888888[0;31;5;41;101m8[0;37;5;47;107m8%%%%%%%%%%%%[0;1;30;90;47m8[0;37;5;47;107m%%%%%%[0;1;30;90;47m@[0;1;37;97;47mX[0;37;5;47;107m%%%%SSSSSSS[0;1;37;97;47m8[0;31;5;41;101m8[0;1;31;91;41m88888888@@X[0;31;40m8[0m          
            [0;1;31;91;41m;88888888888[0;1;30;90;47m8[0;1;37;97;47m.[0;37;5;47;107mX%%%%%%%%[0;1;30;90;47mS[0;31;5;41;101m8[0;37;5;47;107m@%%%%8[0;31;5;41;101m8[0;1;30;90;47m@[0;37;5;47;107mSSSSSSSS@[0;1;37;97;47m [0;1;30;90;47m8[0;1;31;91;41m88888888@@@;[0m            
             [0;30;41m%[0;1;31;91;41m8888888888888[0;31;5;41;101m8[0;35;5;40;100m.[0;1;30;90;47m8[0;1;37;97;47m [0;37;5;47;107m8%%%[0;1;30;90;47m8[0;31;5;41;101m8[0;37;5;47;107m%%%SS8[0;1;31;91;41m8[0;1;37;97;47m;[0;37;5;47;107mSSS8[0;1;37;97;47m [0;1;30;90;47m8[0;35;5;40;100m.[0;31;5;41;101m8[0;1;31;91;41m888888888@@@@[0;30;41m%[0m             
              [0;31;40mS[0;1;31;91;41m;8888888888888888[0;35;5;41;101m8[0;1;37;97;47m.[0;37;5;47;107m8[0;31;5;41;101m8[0;1;31;91;41m8[0;1;30;90;47m8[0;37;5;47;107mSSSS[0;1;30;90;47m@[0;1;31;91;41m8[0;31;5;41;101m8[0;37;5;47;107m8[0;1;37;97;47m:[0;35;5;40;100m;[0;1;31;91;41m888888888888@@@@;[0;31;40mS[0m              
                [0;30;41m8[0;1;31;91;41mS8888888888888888[0;31;5;41;101m8[0;1;31;91;41m88[0;31;5;41;101m8[0;37;5;47;107mSSSS[0;35;5;40;100m;[0;1;31;91;41m88[0;31;5;41;101m8[0;1;31;91;41m888888888888@@@@S[0;30;41m8[0m                
                  [0;30;41m%[0;1;31;91;41m@8888888888888888[0;1;37;97;47m [0;37;5;47;107mXSSSXX[0;1;37;97;47m [0;1;31;91;41m88888888888@@@@@@[0;30;41mt[0m                  
                    [0;30;41mt[0;1;31;91;41m@888888888888888[0;1;30;90;47m8[0;37;5;47;107m8XX8[0;1;30;90;47m@[0;1;31;91;41m888888888@@@@@@X[0;30;41mt[0m                    
                      [0;30;41m%[0;1;31;91;41mX888888888888888888888888@@@@@@@@X[0;30;41m%[0m                      
                        [0;30;41m@[0;1;31;91;41m%88888888888888888@@@@@@@@@@@%[0;30;41m@[0m                        
                          [0;31;40m@[0;30;41m.[0;1;31;91;41m@888@@@@@@@@@@@@@@@@@@@@[0;30;41m [0;31;40m8[0m                          
                             [0;30;41m@[0;1;31;91;41m:@@@@@@@@@@@@@@@@@@:[0;30;41m@[0m                             
                                [0;30;41mX[0;1;31;91;41m;@@@@@@@@@@@@t[0;30;41mS[0m                                
                                   [0;30;41m@[0;1;31;91;41m X@@@@@.[0;30;41m@[0m                                   
                                      [0;31;40m@[0;30;41mS%[0;31;40m@[0m                                      
