[0;1;30;90;43m.....t[0;1;30;90;41m8888888888[0;1;30;90;43m%:::::::::::;[0;31;5;40;100mS@@@@@[0;1;30;90;41m8888888888888888[0;1;30;90;43m:...........[0;31;43m8[0;1;30;90;41m8888888888[0;33;41m8[0;1;30;90;43m    [0;31;43m8[0m
[0;1;30;90;43m.[0;33;5;43;103mttttt[0;1;30;90;43m;SSSSSSXXXXX[0;1;33;93;43mt[0;33;5;43;103m;;;;;;;;;;%[0;1;30;90;43mS@@@@@@@@XXXXXXXSSSt[0;33;5;43;103mS;ttttttttt[0;1;33;93;43mt[0;1;30;90;43m%[0;31;43m88888[0;33;41m8888[0;31;43m8[0;1;30;90;43m:[0;33;5;43;103mXSSSS[0;1;30;90;43m [0m
[0;1;30;90;43m.[0;33;5;43;103mtttt;;S[0;1;30;90;43m%SSXXXXX@@@X[0;33;5;43;103m@;;;;;;;;;;X[0;1;30;90;43m@88@@@@@@@XXXXXS[0;1;33;93;43m@[0;33;5;43;103m;;;;;ttttt[0;1;33;93;43m@[0;1;30;90;43m%SS[0;31;43m888888[0;33;41m88[0;1;30;90;43m;[0;1;33;93;43m@[0;33;5;43;103mSSSSSS[0;1;30;90;43m [0m
[0;1;30;90;43m:[0;33;5;43;103mtt;;;;;;[0;1;33;93;43mX[0;1;30;90;43mSXX@@@@@@88X[0;33;5;43;103m%;;;;;;;;;;[0;1;33;93;43m%[0;1;30;90;43m888888@@@@@X[0;1;33;93;43mt[0;33;5;43;103mt;;;;;;;tt%[0;1;30;90;43mtSSSSS[0;31;43m88888[0;1;30;90;43mt[0;1;33;93;43m%[0;33;5;43;103m%%SSSSSS[0;1;30;90;43m [0m
[0;1;30;90;43m:[0;33;5;43;103mt;;;;;;;;;[0;1;33;93;43m%[0;1;30;90;43m@@@@8888888[0;1;33;93;43mt[0;33;5;43;103m;;;;;;;;;;t[0;1;30;90;43m@8888888@S[0;33;5;43;103m%;;;;;;;;;t[0;1;33;93;43mt[0;1;30;90;43mSSSSSSSS[0;31;43m88[0;1;30;90;43m%:[0;33;5;43;103m%%%%%SSSSS[0;1;30;90;43m [0m
[0;30;41m8[0;1;33;93;43m;[0;33;5;43;103mt;;;;;;;;;%[0;1;30;90;43mX88888888888[0;33;5;43;103m@::::::::::S[0;1;30;90;43m88888@[0;33;5;43;103mX;;;;;;;;;;[0;1;33;93;43m@[0;1;30;90;43mSSSSSSSSSSSt[0;33;5;43;103mX%%%%%%%SSS[0;1;30;90;43m.[0;30;41m8[0m
[0;31;40m8[0;1;30;90;43mSS[0;1;33;93;43m@[0;33;5;43;103m;;;;;;;;;;X[0;1;30;90;43m888888888888[0;33;5;43;103m%::::::::::[0;1;33;93;43mX[0;1;30;90;43m88[0;1;33;93;43mS[0;33;5;43;103m;;;;;;;;;;%[0;1;30;90;43m%XSSSSSSSSS%[0;1;33;93;43mX[0;33;5;43;103mttt%%%%%%%[0;1;33;93;43mX[0;1;30;90;43m;[0;33;41m8[0;31;40m8[0m
[0;31;40m8[0;1;30;90;43mSSX%[0;33;5;43;103mS;;;;;;;;;;[0;1;33;93;43mX[0;1;30;90;43m888888[0;33;5;40;100m8888[0;1;30;90;43m8[0;37;43mS[0;33;5;43;103m;:::::::::;t::;;;;;;;t[0;1;30;90;43m%XXXXSSSSSSS[0;1;33;93;43mt[0;33;5;43;103mtttttt%%%%X[0;1;30;90;43m;[0;33;41m888[0;31;40m8[0m
[0;31;40m8[0;1;30;90;43mSXXXXS[0;33;5;43;103mt;;;;;;:::;[0;1;30;90;43m88[0;33;5;40;100m88@@@@@@@[0;1;30;90;43m8[0;33;5;43;103m@:::::::::::::;;;;;[0;1;33;93;43mX[0;1;30;90;43m@@@XXXXSSSSt[0;33;5;43;103m%ttttttt%%%[0;1;30;90;43m:[0;31;43m8[0;33;41m8888[0;31;40m8[0m
[0;31;40m8[0;1;30;90;43mXXX@@@@[0;1;33;93;43m@[0;33;5;43;103m;;;;::::::S[0;1;30;90;43m8[0;33;5;40;100m@@XXXXXXXX[0;1;30;90;43m8[0;33;5;43;103m%[0;37;5;43;103m%%[0;33;5;43;103m.::::::::::;%[0;1;30;90;43m@88@@@XXXXS%[0;33;5;43;103m@;ttttttttt[0;1;33;93;43mX[0;1;30;90;43mt[0;31;43m88[0;33;41m8888[0;31;40m8[0m
[0;31;40m8[0;1;30;90;43mXX@@@888@[0;33;5;43;103mS;::::::::.X[0;1;30;90;43m8[0;33;5;40;100mXXSSSSSSSS[0;37;43mX[0;37;5;43;103mSS%%[0;33;5;43;103m.::::::;[0;1;30;90;43m@88888@@@XXS[0;1;33;93;43m%[0;33;5;43;103m;;;tttttttX[0;1;30;90;43mt[0;31;43m8888[0;33;41m8888[0;31;40m8[0m
[0;31;40m8[0;1;30;90;43mXX@@@888888[0;33;5;43;103m;:::::.[0;37;5;43;103m%%SS[0;37;43mX[0;33;5;40;100mS%%%%%%%%S[0;1;30;90;43m8[0;33;5;43;103m@[0;37;5;43;103mSS%%[0;33;5;43;103m::::[0;1;33;93;43m@[0;1;30;90;43m88888888@@@%[0;33;5;43;103mt;;;;;tttt%[0;1;30;90;43m;S[0;31;43m888888[0;33;41m888[0;31;40m8[0m
[0;1;30;90;43m:%@@@88888888[0;1;33;93;43m@[0;33;5;43;103m:::[0;37;5;43;103m%%SSSSSX[0;37;43m@[0;33;5;40;100m%ttttt%%%%[0;1;30;90;43m8[0;33;5;43;103m%[0;37;5;43;103mSS%[0;33;5;43;103m.%[0;1;30;90;43m8[0;33;5;40;100m8[0;1;30;90;43m888888888X[0;33;5;43;103mX;;;;;;;ttt[0;1;33;93;43mX[0;1;30;90;43m%SS[0;31;43m888888[0;33;41m88[0;1;30;90;43m;.[0m
[0;1;30;90;43m:[0;33;5;43;103m;X[0;1;30;90;43mX888888888[0;33;5;40;100m8[0;1;30;90;43m8[0;33;5;43;103m%[0;37;5;43;103m%%SSSSXXXX@[0;1;30;90;43m8[0;33;5;40;100m;;;;ttt%%%[0;37;43mX[0;37;5;43;103mSS[0;37;43mX[0;1;30;90;43m8[0;33;5;40;100m@@8[0;1;30;90;43m8888888[0;1;33;93;43mX[0;33;5;43;103m;;;;;;;;;;X[0;1;30;90;43m%SSSSS[0;31;43m88888[0;1;30;90;43mt[0;1;33;93;43mX[0;33;5;43;103m%[0;1;30;90;43m.[0m
[0;1;30;90;43m:[0;33;5;43;103m;;;[0;1;33;93;43mS[0;1;30;90;43m8888888[0;33;5;40;100m8@@X[0;37;43mX[0;37;5;43;103mSSSSXXXXXX@[0;33;47m8[0;33;5;40;100m::;;;ttt%%[0;1;30;90;43m88[0;33;5;40;100mXX@@8[0;1;30;90;43m88888@[0;33;5;43;103mt;;;;;;;;;t[0;1;30;90;43mtSSSSSSS[0;31;43m888[0;1;30;90;43m%[0;1;33;93;43mt[0;33;5;43;103m%%%[0;1;30;90;43m.[0m
[0;1;30;90;43m:[0;33;5;43;103m;;;;t[0;1;30;90;43mX88888[0;33;5;40;100m8@@XX[0;1;30;90;43m8[0;33;5;43;103m@[0;37;5;43;103mSXXXXXXXXX8[0;33;47m8[0;33;5;40;100m::;;;t%%%SXXX@@8[0;1;30;90;43m888[0;33;5;43;103m%;;;;;;;;;;[0;1;33;93;43mS[0;1;30;90;43mSSSSSSSSS[0;31;43m8[0;1;30;90;43mS;[0;33;5;43;103mS%%%%[0;1;30;90;43m.[0m
[0;1;30;90;43m:[0;33;5;43;103m;;;;;;%[0;1;30;90;43m8888[0;33;5;40;100m8@XXXSS[0;1;30;90;43m8[0;37;5;43;103mXXXXXXXXXXX8[0;37;43m8[0;33;5;40;100m:;;tt%%SSXX@@8[0;1;30;90;43m8[0;33;5;43;103m@::;;;;;;;;X[0;1;30;90;43mSSSSSSSSSSSt[0;33;5;43;103m@%%%%%%[0;1;30;90;43m.[0m
[0;1;30;90;43m:[0;33;5;43;103m;;;;;;;:@[0;1;30;90;43m88[0;33;5;40;100m8@XXXSS%%[0;37;43m@[0;37;5;43;103m@XXXXXXXXXX[0;1;33;93;47m8[0;33;5;40;100m;;tt%%SSXX@[0;1;30;90;43m8[0;1;33;93;43m%[0;33;5;43;103m;:::;;;;;;t[0;1;30;90;43m%XXSSSSSSSS%[0;1;33;93;43m%[0;33;5;43;103mtt%%%%%%[0;1;30;90;43m.[0m
[0;1;30;90;43m:[0;33;5;43;103m;;;;;;;::;[0;1;33;93;43m%[0;1;30;90;43m8[0;33;5;40;100m@@XXSS%%t[0;1;30;90;43m8[0;1;33;93;47m8[0;37;5;43;103mXXXXXXXXXX@[0;37;43m8[0;33;5;40;100mtt%%SSXX[0;1;30;90;43m8[0;33;5;43;103mt:::::;;;;;[0;1;33;93;43m%[0;1;30;90;43mXXXXSSSSSSS;[0;33;5;43;103m%ttt%%%%%%[0;1;30;90;43m.[0m
[0;1;30;90;41m8[0;1;33;93;43m%[0;33;5;43;103m;;;;;;::::t[0;1;30;90;43m8[0;33;5;40;100m@XXXS%%%t;[0;1;30;90;43m8[0;37;5;43;103m@XXXXXXXXXXX[0;1;30;90;43m8[0;33;5;40;100m%SSX[0;1;30;90;43m8[0;33;5;43;103mS::::::;;;;@[0;1;30;90;43m@@XXXXSSSSS%[0;33;5;43;103mXttttt%%%%%[0;1;33;93;43m;[0;30;41m8[0m
[0;31;40m8[0;1;30;90;43mXX[0;33;5;43;103mX;;;;;:::::X[0;1;30;90;43m8[0;33;5;40;100mXXSS%%%tt;[0;37;43m8[0;37;5;43;103m@XXXXXXXXXX[0;33;5;43;103m@[0;1;30;90;43m88[0;1;33;93;43mX[0;37;5;43;103m%[0;33;5;43;103m:::::::;;%[0;1;30;90;43mX@@@XXXSSSS%[0;1;33;93;43mX[0;33;5;43;103mttttttt%%%[0;1;33;93;43m@[0;1;30;90;43mt[0;33;41m8[0;31;40m8[0m
[0;31;40m8[0;1;30;90;43mX@@X[0;33;5;43;103m%;;;:::::::[0;1;33;93;43mX[0;1;30;90;43m8[0;33;5;40;100mXSS%%%tttt[0;33;47m8[0;37;5;43;103mXXXXXXXSSSSS%[0;33;5;43;103m:::::::;;[0;1;33;93;43m%[0;1;30;90;43m88@@@XXXSSSt[0;33;5;43;103mtttttttt%%S[0;1;30;90;43m;[0;31;43m8[0;33;41m88[0;31;40m8[0m
[0;31;40mX[0;1;30;90;43mX@@@@[0;1;33;93;43mt[0;33;5;43;103m;;;:::::::;[0;1;30;90;43m8[0;33;5;40;100mXXSS%%%%%%[0;1;30;90;43m8[0;37;5;43;103m@XXXSSSSS%%[0;33;5;43;103m::::::::[0;1;33;93;43m@[0;1;30;90;43m8888@@XXXSS%[0;33;5;43;103mSttttttttt%[0;1;30;90;43m:%[0;31;43m8[0;33;41m888[0;31;40mX[0m
[0;31;40mt[0;1;30;90;43mXX@@@88[0;33;5;43;103m@;;::::::::%[0;1;30;90;43m8[0;33;5;40;100mXXSSSS%%%%[0;1;30;90;43m8[0;37;5;43;103mXSSSSS%[0;33;5;43;103m.:::::::%[0;1;30;90;43m@8888@@@XXXS[0;33;5;43;103m@;;tttttttt[0;1;33;93;43m@[0;1;30;90;43mt[0;31;43m888[0;33;41m888[0;31;40m%[0m
 [0;1;30;90;43mXXX@@@88@[0;33;5;43;103m%;:::::::::[0;1;33;93;43m@[0;1;30;90;43m8[0;33;5;40;100mXXXXSSSSS[0;1;30;90;43m8[0;37;43mX[0;37;5;43;103mS%%[0;33;5;43;103m.:::::::;[0;1;33;93;43m%[0;1;30;90;43m88888@@@XXX[0;1;33;93;43mt[0;33;5;43;103mt;;tttttttX[0;1;30;90;43mt[0;31;43m8888[0;33;41m8888[0m 
 [0;1;30;90;41m8[0;1;30;90;43mXXX@@@888@[0;33;5;43;103m;:::::::::;[0;37;43mS[0;1;30;90;43m8[0;33;5;40;100mXXXXXXXXX[0;1;30;90;43m8[0;1;33;93;43m@[0;33;5;43;103m::::::::[0;1;33;93;43mX[0;1;30;90;43m888888@@@XX%[0;33;5;43;103m%;;;;ttttt%[0;1;30;90;43m;%[0;31;43m8888[0;33;41m8888[0;1;30;90;41m8[0m 
 [0;31;40m8[0;1;30;90;43mXXXX@@@8888[0;1;33;93;43m@[0;33;5;43;103m;:::::::::%[0;1;30;90;43m8[0;33;5;40;100m@@@@@@@@@@[0;1;30;90;43m8[0;33;5;43;103m%::::%[0;1;30;90;43m8888888@@@XS[0;33;5;43;103mX;;;;;ttttt[0;1;33;93;43mX[0;1;30;90;43m%[0;31;43m888888[0;33;41m8888[0;30;41m8[0m 
  [0;33;5;43;103m@[0;1;30;90;43mSXXX@@@8888@[0;33;5;43;103m%;:::::::::@[0;1;30;90;43m8[0;33;5;40;100m888888[0;1;30;90;43m88888[0;33;5;43;103mt;[0;1;30;90;43m@888888@@@@X[0;1;33;93;43m%[0;33;5;43;103m;;;;;;ttttX[0;1;30;90;43mtSS[0;31;43m88888[0;33;41m888[0;1;30;90;43mt[0;1;33;93;43mS[0;31;40mS[0m 
  [0;1;30;90;43m.[0;33;5;43;103m;[0;1;33;93;43m%[0;1;30;90;43mXXX@@@@8888@[0;33;5;43;103m;;::::::::;[0;1;30;90;43m8888888888888888888@@@X%[0;33;5;43;103mt;;;;;;tttt[0;1;30;90;43m;SSS[0;31;43m888888[0;33;41m8[0;31;43m8[0;1;30;90;43m:[0;33;5;43;103mS[0;1;30;90;43m [0m  
  [0;31;40mX[0;33;5;43;103mt;%[0;1;30;90;43m%XXX@@@@8888[0;1;33;93;43mX[0;33;5;43;103m;;;;;:::::S[0;1;30;90;43m888888888888888@@@@S[0;33;5;43;103mX;;;;;;;ttt[0;1;33;93;43mX[0;1;30;90;43m%SSS[0;31;43m8888888[0;1;30;90;43m;[0;33;5;43;103mXSS[0;31;40m8[0m  
   [0;1;30;90;43m.[0;33;5;43;103m;;;X[0;1;30;90;43mSXXX@@@@888@[0;33;5;43;103mS;;;;;;;;;;@[0;1;30;90;43m8888888888@@@@@X[0;1;33;93;43mS[0;33;5;43;103m;;;;;;;;ttX[0;1;30;90;43m%SSSS[0;31;43m888888[0;1;30;90;43mt[0;1;33;93;43mX[0;33;5;43;103m%SS[0;1;30;90;43m [0m   
    [0;33;5;43;103mX;;;;[0;1;33;93;43mS[0;1;30;90;43mSXXX@@@@@@8X[0;33;5;43;103mt;;;;;;;;;;[0;1;30;90;43mX88888@@@@@@X%[0;33;5;43;103mt;;;;;;;tt%[0;1;30;90;43m;SSSSS[0;31;43m88888[0;1;30;90;43m%[0;1;33;93;43m;[0;33;5;43;103m%%SS@[0m    
    [0;30;41m8[0;33;5;43;103mt;;;;t[0;1;30;90;43mtXXXXX@@@@@@[0;1;33;93;43mS[0;33;5;43;103m;;;;;;;;;;S[0;1;30;90;43mX@@@@@@XXS[0;33;5;43;103mS;;;;;;;ttt[0;1;33;93;43mS[0;1;30;90;43m%SSSSS[0;31;43m88888[0;1;30;90;43m;[0;33;5;43;103mS%%SSS[0;30;41m8[0m    
     [0;1;30;90;43m.[0;33;5;43;103mt;;;;;S[0;1;30;90;43m%XXXXXXXX@@X[0;33;5;43;103m@;;;;;;;;;;@[0;1;30;90;43mXXXXXS[0;1;33;93;43mX[0;33;5;43;103m;;;;;;;ttt@[0;1;30;90;43m%SSSSS[0;31;43m88888[0;1;30;90;43mt[0;1;33;93;43m@[0;33;5;43;103m%%%SSS[0;1;30;90;43m.[0m     
      [0;1;30;90;43m.[0;33;5;43;103mttt;;;;[0;1;33;93;43mX[0;1;30;90;43mSSXXXXXXXXX%[0;33;5;43;103m%;;;;;;;;;;[0;1;33;93;43mt[0;1;30;90;43mXSt[0;33;5;43;103mt;;;;;;ttt%[0;1;30;90;43mtSSSSSS[0;31;43m8888[0;1;30;90;43mt[0;1;33;93;43m%[0;33;5;43;103m%%%%SSS[0;1;30;90;43m [0m      
       [0;1;30;90;43m.[0;33;5;43;103mtttt;;;t[0;1;30;90;43mtSSSSSSXXXXS[0;1;33;93;43mt[0;33;5;43;103m;;;;;;;;;;%S;;;;;ttttt[0;1;33;93;43m%[0;1;30;90;43m%SSSSS[0;31;43m88888[0;1;30;90;43m;[0;33;5;43;103mS%%%%SSS[0;1;30;90;43m [0m       
        [0;1;30;90;43m.[0;33;5;43;103mttttttt;S[0;1;30;90;43m%SSSSSSSSSSS[0;1;33;93;43m@[0;33;5;43;103m;;;;;;;;;;;;tttttt[0;1;33;93;43m@[0;1;30;90;43m%SSSSS[0;31;43m88888[0;1;30;90;43mt[0;33;5;43;103m@%%%%SSSS[0;1;30;90;43m [0m        
         [0;1;30;90;43m.[0;33;5;43;103mttttttttt[0;1;33;93;43mX[0;1;30;90;43m%SSSSSSSSSS%[0;33;5;43;103mS;;;;;tttttttttS[0;1;30;90;43mtSSSSS[0;31;43m88888[0;1;30;90;43mt[0;1;33;93;43mS[0;33;5;43;103m%%%%%SSSS[0;1;30;90;43m.[0m         
          [0;33;41m8[0;33;5;43;103mXttttttttt[0;1;33;93;43mt[0;1;30;90;43mSSSSSSSSSSS;[0;33;5;43;103mtttttttttttt[0;1;33;93;43m;[0;1;30;90;43m%SSS[0;31;43m888888[0;1;30;90;43m%:[0;33;5;43;103mS%%%%SSSS@[0;31;43m8[0m          
            [0;1;33;93;43m%[0;33;5;43;103mtttttttttS[0;1;30;90;43mtSSSSSSSSSS%[0;1;33;93;43mS[0;33;5;43;103mtttttttt[0;1;33;93;43mS[0;1;30;90;43m%SS[0;31;43m88888888[0;1;30;90;43mt[0;33;5;43;103mX%%%%SSSSS[0;1;33;93;43m%[0m            
             [0;1;30;90;43m.[0;33;5;43;103m%ttttttttt[0;1;33;93;43m@[0;1;30;90;43m%SSSSSSSSSS%[0;33;5;43;103mXttttX[0;1;30;90;43mtS[0;31;43m888888888[0;1;30;90;43mt[0;1;33;93;43mX[0;33;5;43;103m%%%%SSSSSS[0;1;30;90;43m [0m             
              [0;31;40m@[0;1;33;93;43mS[0;33;5;43;103mtttttttttt[0;1;33;93;43mt[0;1;30;90;43m%SSSSSSSSSS;[0;33;5;43;103m%%[0;1;30;90;43m;%[0;31;43m888888888[0;1;30;90;43m%:[0;33;5;43;103mS%%%SSSSSS[0;1;33;93;43m%[0;31;40m@[0m              
                [0;1;30;90;43m.[0;33;5;43;103m@%%%ttttttS[0;1;30;90;43m;S[0;31;43m888888888[0;1;30;90;43m%%[0;31;43m88888888[0;33;41m8[0;31;43m8[0;1;30;90;43m;[0;33;5;43;103mX%%SSSSSSS[0;1;33;93;43m8[0;1;30;90;43m [0m                
                  [0;1;30;90;43m.[0;33;5;43;103mS%%%%%%%%%[0;1;33;93;43m@[0;1;30;90;43mt[0;31;43m88888888888888[0;33;41m8888[0;1;30;90;43mt[0;1;33;93;43mX[0;33;5;43;103m%SSSSSSSSX[0;1;30;90;43m [0m                  
                    [0;1;30;90;43m.[0;33;5;43;103mS%%%%%%%%%[0;1;33;93;43m%[0;1;30;90;43mt[0;31;43m888888[0;33;41m88888888[0;31;43m8[0;1;30;90;43m:[0;33;5;43;103mSSSSSSSSSX[0;1;30;90;43m [0m                    
                      [0;1;30;90;43m.[0;33;5;43;103m@%%%%%%%%S[0;1;30;90;43m:[0;31;43m8[0;33;41m88888888888[0;1;30;90;43m;[0;33;5;43;103mXSSSSSSSS@[0;1;30;90;43m [0m                      
                        [0;1;30;90;43m.[0;1;33;93;43mX[0;33;5;43;103m%%%%%%%%[0;1;33;93;43m@[0;1;30;90;43m;[0;33;41m88888888[0;1;30;90;43m;[0;1;33;93;43m@[0;33;5;43;103mSSSSSSSS[0;1;33;93;43mX[0;1;30;90;43m [0m                        
                          [0;31;40m8[0;1;30;90;43m [0;33;5;43;103mSSSSSSSS[0;1;33;93;43m%[0;1;30;90;43mt[0;33;41m8888[0;31;43m8[0;1;33;93;43mt[0;33;5;43;103mSSSSSSSX[0;1;30;90;43m [0;30;41m8[0m                          
                             [0;1;30;90;43m.[0;1;33;93;43mt[0;33;5;43;103mSSSSSSX[0;1;30;90;43m.[0;31;43m8[0;33;41m8[0;1;30;90;43m:[0;33;5;43;103mXSSSSSS[0;1;33;93;43m%[0;1;30;90;43m [0m                             
                                [0;1;30;90;43m [0;1;33;93;43m%[0;33;5;43;103mSSSSS@[0;1;33;93;43m@[0;33;5;43;103mSSSSS[0;1;33;93;43mS[0;1;30;90;43m [0m                                
                                   [0;1;30;90;43m  [0;33;5;43;103mXSSSSX[0;1;30;90;43m  [0m                                   
                                      [0;31;40m8[0;1;30;90;43m  [0;30;41m8[0m                                      
