[0;30;44m8[0;1;34;94;44m........:::::::::::::::::::::::::::::::::::::::::................ [0;1;30;90;44m.      [0;30;44m     8[0m
[0;30;44m%[0;1;34;94;44m888888[0;34;5;44;104m888888888888888888888888888888888888888888888[0;1;34;94;44m888888888888888888888@@@@@@[0;30;44m%[0m
[0;30;44m%[0;1;34;94;44m8888[0;34;5;44;104m888888888888888888888888888888888888888888888888[0;1;34;94;44m888888888888888888888@@@@@[0;30;44m%[0m
[0;30;44m%[0;1;34;94;44m888[0;34;5;44;104m888888888888888888888888888888888888888888888888888[0;1;34;94;44m88888888888888888888@@@@[0;30;44m%[0m
[0;30;44m%[0;1;34;94;44m8[0;34;5;44;104m888888888888888[0;1;34;94;44m8@S[0;1;30;90;44m88[0;1;34;94;44mS@[0;34;5;44;104m888888888888888888888888888888[0;1;34;94;44m8X%[0;1;30;90;44mSS[0;1;34;94;44mtS888888888888888@@@[0;30;44m%[0m
[0;32;40m@[0;1;30;90;46m;[0;36;44m@[0;1;34;94;44m8[0;34;5;44;104m888888[0;1;34;94;44m8[0;36;44m8[0;1;30;90;46m%%[0;36;5;40;100m8[0;34;5;40;100m88[0;1;30;90;40m8@XXX@8[0;30;5;40;100m8[0;34;5;40;100m88[0;36;5;40;100m88[0;1;30;90;46m@[0;36;44m8[0;34;5;44;104m8888888[0;1;34;94;44m8[0;1;30;90;46mSSSSS[0;36;44m@[0;34;5;44;104m888888[0;1;34;94;44mX[0;1;30;90;44m8[0;34;5;40;100m8[0;1;30;90;40mX[0;34;40m;::::;[0;1;30;90;40m%[0;34;40mX[0;1;30;90;44mSS[0;1;34;94;44mXX[0;36;44m8[0;36;42m8@8[0;34;46m8[0;36;44m%[0;1;34;94;44m8888@@[0;30;44m%[0m
[0;30;42m8[0;1;30;90;42m::[0;36;42m%[0;1;30;90;46m;[0;36;44m@SS8[0;1;30;90;46m%[0;1;30;90;42m%%@[0;32;5;40;100m@[0;1;30;90;40m8SSSXXX@@@8@@@[0;30;5;40;100m8[0;32;5;40;100m8[0;1;30;90;42m88[0;1;30;90;46m@[0;36;44m8@8[0;34;46m8[0;1;30;90;46m@[0;1;30;90;42mXXXSSS%S[0;1;30;90;46mS[0;36;44m@S%[0;34;5;40;100m8[0;1;30;90;40m8[0;34;40m;::::::..::..;[0;32;40m@[0;1;30;90;42m%:....[0;36;42mX[0;36;44m8%ttX[0;32;40mS[0m
[0;30;42m8[0;1;30;90;42m:;;;;ttt%S[0;32;5;40;100m@[0;30;5;40;100m8[0;1;30;90;40mSS@8XX[0;30;5;40;100m8[0;1;30;90;40m8[0;30;5;40;100mX8X8[0;1;30;90;40m88[0;30;5;40;100m8[0;1;30;90;40m888[0;32;5;40;100mX8[0;1;30;90;42m88@@@@XXXXSSS%%[0;32;5;40;100m8[0;30;5;40;100m8[0;34;40m;;;[0;1;30;90;40mS[0;34;40m::[0;1;30;90;40mX[0;34;40m;[0;1;30;90;40m@S@S[0;34;40m.:::.:[0;1;30;90;40mX[0;1;30;90;42m%.....[0;30;42m....8[0m
[0;30;42m8[0;1;30;90;42m;;;;ttt%S[0;32;5;40;100mX[0;1;30;90;40m8SSXX@[0;30;5;40;100mS@88888X[0;36;5;40;100mt[0;30;5;40;100mX[0;1;30;90;40m88888[0;30;5;40;100mX[0;32;5;40;100m@[0;1;30;90;42m8888@@@@XXXSS[0;32;5;40;100mX[0;1;30;90;40m8[0;34;40m;;;;;[0;30;5;40;100m8[0;1;30;90;40m@XS[0;34;40m;;;[0;1;30;90;40mX8@[0;34;40m.....[0;32;40m;[0;1;30;90;42mX.....[0;30;42m...8[0m
[0;30;42m8[0;1;30;90;42m;;;ttt%%[0;32;5;40;100mX[0;1;30;90;40m@SX@8[0;30;5;40;100m88[0;1;30;90;40m8[0;30;5;40;100m88[0;1;30;90;40m88[0;30;5;40;100m8@X@@[0;36;5;40;100m;[0;30;5;40;100mSXX@8[0;36;5;40;100mt[0;1;30;90;42m8888888@@@XX[0;32;5;40;100m@[0;1;30;90;40m8S%SS@@S%[0;34;40m;:::[0;1;30;90;40m%S[0;34;40m;;[0;1;30;90;40m8X[0;34;40m;;;.[0;1;30;90;40mX[0;1;30;90;42mt.....[0;30;42m..8[0m
[0;30;42m8[0;1;30;90;42m;;ttt%%8[0;30;5;40;100m8[0;1;30;90;40mSXX8[0;30;5;40;100m88[0;1;30;90;40m888[0;30;5;40;100m8S[0;36;5;40;100m:;[0;30;5;40;100m88@XS[0;36;5;40;100mt[0;30;5;40;100mX888X[0;32;5;40;100mS[0;1;30;90;42m8888888@@@8[0;30;5;40;100mX[0;1;30;90;40mXSSS88S%[0;34;40m;;[0;1;30;90;40mX[0;30;5;40;100m88[0;34;40m;::;[0;1;30;90;40m%X[0;34;40m;....[0;1;30;90;42m@.....[0;30;42m..8[0m
[0;30;42m8[0;1;30;90;42m;ttt%%%[0;32;5;40;100m@[0;1;30;90;40m@XX88@888[0;30;5;40;100m8[0;36;5;40;100m [0;1;37;97;47m;[0;37;5;47;107m@[0;37;5;40;100mX[0;30;5;40;100mS8@@@@XS@@@[0;36;5;40;100mt[0;1;30;90;42m888888888@[0;32;5;40;100m@[0;30;5;40;100m8[0;1;30;90;40mXX@@%[0;34;40m;;;;[0;30;5;40;100m8[0;1;30;90;47m%[0;37;5;47;107m8[0;36;5;40;100m [0;1;30;90;40mS[0;34;40m::...:;...[0;1;30;90;42m@.....[0;30;42m..8[0m
[0;30;44m%[0;1;34;94;44m8[0;36;44m8[0;32;46m8[0;1;30;90;42m%%%S[0;32;5;40;100m8[0;1;30;90;40m8X888[0;30;5;40;100m8[0;36;5;40;100m: [0;1;30;90;47mS[0;1;37;97;47m@[0;37;5;47;107m:.  X[0;1;37;97;47m;[0;1;30;90;47m%[0;37;5;40;100mS[0;36;5;40;100m;t[0;30;5;40;100mSXXXS[0;36;5;40;100m;[0;1;30;90;42m888[0;1;30;90;46m8[0;34;46m8[0;34;5;44;104m@@@[0;1;34;94;44m8[0;1;30;90;46m8[0;36;5;40;100m8[0;30;5;40;100m8[0;1;30;90;40mX@@@8[0;30;5;40;100mX[0;36;5;40;100m [0;37;5;40;100m8[0;1;37;97;47m:[0;37;5;47;107mSttt8[0;1;30;90;47m.[0;37;5;40;100m8[0;36;5;40;100m:[0;1;30;90;40mX[0;34;40m;;....[0;1;30;90;44m8[0;36;44m8[0;36;42m%[0;1;30;90;42m....[0;30;42m.8[0m
[0;30;44m%[0;34;5;44;104m888[0;1;34;94;44m@[0;36;44m8[0;1;30;90;46mSS[0;36;44m8[0;30;5;40;100m@[0;1;30;90;40m@@8[0;36;5;40;100m;[0;1;37;97;47m%8tt8[0;37;5;47;107m:  t[0;1;37;97;47m@%@[0;37;5;47;107m8[0;37;5;40;100m%[0;30;5;40;100mSSS[0;36;5;40;100mtt;%[0;1;30;90;46m88[0;34;5;44;104m@XXX@@@@8[0;34;5;40;100mS[0;1;30;90;40m@X@[0;30;5;40;100m8[0;1;30;90;47m:[0;1;37;97;47m@:[0;1;30;90;47m [0;1;37;97;47mt[0;37;5;47;107mSttX[0;1;37;97;47m;[0;1;30;90;47m.[0;1;37;97;47m.S[0;36;5;40;100m.[0;34;40m:..:;:[0;1;30;90;44mS[0;1;34;94;44m88[0;36;44m%888S[0;30;44mS[0m
[0;30;44m%[0;34;5;44;104m88888888[0;36;5;40;100m%[0;30;5;40;100m88S[0;1;37;97;47mX[0;1;30;90;47m:[0;37;5;47;107m8[0;1;37;97;47m88@[0;37;5;47;107mt;@8[0;1;37;97;47m88[0;37;5;47;107mX[0;1;37;97;47m@t[0;37;5;40;100mX[0;36;5;40;100m:%%: [0;34;5;44;104mXXXXXXXX@@@@[0;36;5;40;100m%[0;30;5;40;100m8[0;1;30;90;40m8[0;30;5;40;100m@[0;1;30;90;47m .[0;1;37;97;47mX@St[0;37;5;47;107m8%[0;1;37;97;47mS8;%@t[0;1;30;90;47mt[0;36;5;40;100m [0;1;30;90;40m%[0;34;40m..;[0;30;5;40;100m8[0;1;34;94;44m@8888888[0;30;44m%[0m
[0;30;44m%[0;34;5;44;104m8888888[0;1;30;90;44m8[0;30;5;40;100mX[0;1;30;90;40m@@[0;36;5;40;100m:[0;37;5;47;107m:%[0;1;37;97;47m S[0;36;5;40;100m [0;1;37;97;47mX[0;37;5;47;107mt[0;1;37;97;47m.[0;37;5;47;107m;8[0;1;30;90;47m;t[0;1;37;97;47mt@[0;37;5;47;107m [0;1;37;97;47mt[0;36;5;40;100m  ..:[0;34;5;44;104mXXXXXXXX@@@[0;1;34;94;44m8[0;36;5;40;100m;[0;1;30;90;40m8@[0;30;5;40;100mX[0;37;5;47;107mSt[0;1;30;90;47m.[0;1;37;97;47m.[0;36;5;40;100m [0;1;30;90;47m [0;1;37;97;47m8:8@[0;1;30;90;47m%[0;36;5;40;100m [0;1;30;90;47m:.[0;37;5;47;107m%[0;1;37;97;47mt[0;1;30;90;40m8S%%[0;1;30;90;44mX[0;1;34;94;44m88888888[0;30;44m%[0m
[0;30;44m%[0;34;5;44;104m8888888[0;1;30;90;44m8[0;36;5;40;100m%[0;1;30;90;40m8[0;30;5;40;100mS[0;36;5;40;100m [0;37;5;47;107m::...  @[0;1;37;97;47m@[0;37;5;47;107m      8[0;36;5;40;100m ;;;.[0;34;5;44;104mSXXXXXXXX@@[0;1;34;94;44m@[0;36;5;40;100m:[0;1;30;90;40m8[0;30;5;40;100mX[0;36;5;40;100m.[0;37;5;47;107m;;;;tttX[0;1;30;90;47m:[0;37;5;47;107mttttt%@[0;30;5;40;100m8[0;34;40m..:[0;1;30;90;44mX[0;1;34;94;44m88888888[0;30;44m%[0m
[0;30;44m%[0;34;5;44;104m8888888[0;1;34;94;44m8[0;36;5;40;100m;[0;30;5;40;100m@8[0;36;5;40;100m:[0;37;5;47;107m::...   [0;1;30;90;47m:[0;37;5;47;107m      [0;1;37;97;47m8[0;36;5;40;100m  :::[0;36;5;44;104mX[0;34;5;44;104mXXXXXXXX@@8[0;36;5;40;100m:[0;30;5;40;100mX8@[0;37;5;47;107m%;;;tttt[0;1;30;90;47m8[0;37;5;47;107mttttt%[0;1;37;97;47m8[0;1;30;90;40m8@[0;34;40m::[0;1;30;90;44mS[0;1;34;94;44m88888888[0;30;44m%[0m
[0;34;40m8[0;36;44m8[0;1;34;94;44m8[0;34;5;44;104m888888[0;34;5;40;100mX[0;30;5;40;100m8@S[0;1;37;97;47mX[0;37;5;47;107m:...  %[0;1;37;97;47m:[0;37;5;47;107m      [0;1;30;90;47mX[0;36;5;40;100m;;  [0;36;5;44;104mX[0;34;5;44;104mSXXXX[0;34;46m8[0;1;30;90;46m8888[0;34;5;44;104m8@[0;34;5;40;100m@[0;30;5;40;100m@@@[0;1;30;90;47m.[0;37;5;47;107m;;;tttX[0;1;30;90;47mS[0;37;5;47;107mttttt%[0;37;5;40;100m8[0;34;40m:.[0;1;30;90;40mX8[0;36;44m8S[0;1;34;94;44m8888888[0;30;44m%[0m
[0;30;42m8[0;1;30;90;42mt%[0;1;30;90;46m%[0;36;44m@[0;34;5;44;104m8888[0;34;5;40;100m@[0;30;5;40;100m%[0;1;30;90;40m8[0;30;5;40;100m8[0;36;5;40;100m [0;37;5;47;107mX... X[0;1;37;97;47m88[0;37;5;47;107m8    [0;1;37;97;47m.[0;36;5;40;100m .t;:[0;36;5;44;104mX[0;34;5;44;104mXX[0;36;5;44;104m8[0;1;30;90;46m8[0;36;5;40;100m@[0;1;30;90;42m888888[0;1;30;90;46m8[0;36;5;40;100m8t[0;1;30;90;40m88[0;36;5;40;100m;[0;1;37;97;47mX[0;37;5;47;107m;;tt8[0;1;37;97;47m%%%[0;37;5;47;107m%ttt[0;1;30;90;47m:[0;1;30;90;40m8@[0;34;40m..[0;1;30;90;42mX:.%[0;34;46m8[0;1;34;94;44m%888S[0;30;44m8[0m
[0;30;42m8[0;1;30;90;42mttt%SSSX[0;32;5;40;100mS[0;1;30;90;40m8@[0;30;5;40;100mS8[0;36;5;40;100m [0;1;37;97;47m@[0;37;5;47;107m... X8.  .[0;1;30;90;47m [0;36;5;40;100m.[0;30;5;40;100m%[0;36;5;40;100m;: tSSX[0;1;30;90;42m8888888888[0;32;5;40;100mX[0;30;5;40;100m8[0;1;30;90;40mX[0;30;5;40;100m8[0;1;30;90;40m@[0;36;5;40;100mt[0;1;37;97;47m.[0;37;5;47;107mtttt8[0;1;37;97;47mX[0;37;5;47;107mSttt[0;1;30;90;47mt[0;1;30;90;40m@[0;34;40m.:[0;1;30;90;40mS@[0;1;30;90;42m%:....:%;[0;30;42m.8[0m
[0;32;40m8[0;1;30;90;42mttt%%%SS[0;36;5;40;100m%[0;1;30;90;40m8[0;30;5;40;100mS@[0;32;5;40;100mS[0;1;30;90;42m8[0;32;5;40;100mX[0;1;30;90;47m8[0;37;5;47;107m@..    [0;1;37;97;47m8[0;37;5;40;100m8[0;36;5;40;100mt:[0;30;5;40;100mSS[0;36;5;40;100mt.[0;32;5;40;100mXX[0;1;30;90;42m88888888888@[0;32;5;40;100mS[0;30;5;40;100m8X@@[0;1;30;90;42m88[0;37;5;40;100m%[0;1;37;97;47m@[0;37;5;47;107mtttttt[0;1;37;97;47m8[0;36;5;40;100m [0;1;30;90;42mS[0;32;40m8[0;34;40m..:[0;32;5;40;100m8[0;1;30;90;42m:........[0;30;42m.[0;32;40m8[0m
[0;32;40m@[0;1;30;90;42m;ttt%%SS8[0;32;5;40;100mX[0;36;5;40;100mt[0;32;5;40;100m8[0;1;30;90;42m8888[0;32;5;40;100mX[0;37;5;40;100mS[0;1;30;90;47m;[0;1;37;97;47m;;[0;1;30;90;47m;[0;37;5;40;100m%[0;36;5;40;100m%[0;1;30;90;42m88[0;32;5;40;100mS[0;36;5;40;100m;[0;30;5;40;100mSX[0;36;5;40;100m.[0;1;30;90;42m8888888888888@8[0;32;5;40;100mX[0;36;5;40;100mt[0;32;5;40;100m8[0;1;30;90;42mX%%%@[0;36;5;40;100m:[0;1;30;90;47m8::@[0;36;5;40;100m.[0;1;30;90;42mX;:;[0;32;40m8[0;34;40m;.[0;30;5;40;100m8[0;1;30;90;42m:........[0;30;42m.[0;32;40m@[0m
[0;32;40m%[0;1;30;90;42m;ttt%%%SSS@X@@88888888888888[0;36;5;40;100m%t%[0;1;30;90;42m88888[0;32;5;40;100m@@@@[0;1;30;90;42m888@@XXXSS%%ttt;;;;::::::%XX:.......[0;30;42m..[0;32;40mS[0m
 [0;1;30;90;42m;;ttt%%%SSSXX@@@8888888888888888[0;32;5;40;100mS[0;36;5;40;100m%[0;32;5;40;100mS[0;30;5;40;100mX88[0;1;30;90;40m888[0;30;5;40;100m88[0;32;5;40;100m88[0;1;30;90;42m8XSS%%%ttt;;;::::::::::........[0;30;42m..[0m 
 [0;1;30;90;44m8[0;1;30;90;46mt[0;1;30;90;42mtttt%%%S[0;1;30;90;46mX[0;36;44m8@8[0;34;46m8[0;1;30;90;46m@[0;1;30;90;42m@@88888[0;32;5;40;100m8[0;1;30;90;46m88[0;34;46m88[0;1;30;90;46m8[0;36;5;40;100m8%t[0;30;5;40;100m8[0;1;30;90;40m8888888@@8XXX8[0;32;5;40;100m8[0;1;30;90;42mX%%[0;36;42m@[0;1;30;90;46mt[0;36;44m@SS8[0;1;30;90;46m;[0;1;30;90;42m;::::::[0;36;42mS[0;36;44m8S%%@[0;36;42m8[0;1;30;90;42m...[0;30;42m..t[0m 
 [0;30;44mS[0;34;5;44;104m8[0;1;34;94;44m8[0;34;46m8[0;1;30;90;46mt[0;36;42m88[0;1;30;90;46m%[0;36;44m8[0;34;5;44;104m8888888[0;1;34;94;44m8[0;1;30;90;46m@8[0;36;5;40;100m88[0;1;30;90;46m88[0;34;5;44;104m@@@@@[0;1;30;90;44m8[0;36;5;40;100m;[0;30;5;40;100m8[0;1;30;90;40m88[0;30;5;40;100m8[0;1;30;90;40m888[0;30;5;40;100m8[0;1;30;90;40m8[0;30;5;40;100mX[0;1;30;90;40m8[0;30;5;40;100m@[0;1;30;90;40mXX@@S[0;34;40m;[0;1;30;90;40m@[0;32;5;40;100m8[0;36;44m8[0;34;5;44;104m8888888[0;1;34;94;44mX[0;34;46m8[0;32;46m8[0;36;42m@8[0;1;30;90;46m:[0;36;44mS[0;1;34;94;44m8888888%[0;36;44m8[0;36;42m8X@[0;32;40mX[0m 
  [0;1;34;94;44m8[0;34;5;44;104m888888888888888888888@@@@[0;1;30;90;44m8[0;36;5;40;100m%[0;1;30;90;40m8888@[0;30;5;40;100m@X88[0;1;30;90;40m8888[0;30;5;40;100m8@[0;1;30;90;40mX%[0;34;40m;;;;[0;34;5;40;100m8[0;1;34;94;44m8[0;34;5;44;104m8888888[0;1;34;94;44m88888888888888888@[0;34;40m%[0m 
  [0;1;30;90;44m:[0;34;5;44;104m888888888888888888888888[0;1;34;94;44mX[0;34;5;40;100mS[0;1;30;90;40m@@@88[0;30;5;40;100m88[0;1;30;90;40m88@XS@88X8[0;30;5;40;100m@[0;1;30;90;40m@XX[0;34;40m;;[0;1;30;90;44m8[0;34;5;44;104m888888[0;1;34;94;44m888888888888888888.[0m  
  [0;34;40mS[0;1;34;94;44m8[0;34;5;44;104m88888888888888888888888[0;34;5;40;100mS[0;1;30;90;40m@XXX8[0;30;5;40;100m8[0;1;30;90;40m8@@X@[0;30;5;40;100m@S[0;1;30;90;40m8SSX@8@[0;34;40m;:::[0;1;30;90;40m8[0;1;34;94;44m8[0;34;5;44;104m8888[0;1;34;94;44m888888888888888888@[0;34;40mX[0m  
   [0;30;44m:[0;34;5;44;104m88888888888888888888888[0;30;5;40;100mX[0;1;30;90;40mSSS8XSSSS8[0;37;5;40;100mX[0;1;37;97;47m8[0;1;30;90;47m;[0;30;5;40;100mX[0;1;30;90;40mS[0;34;40m;;;;:[0;1;30;90;40mS[0;34;40m;::[0;1;30;90;40m@[0;1;34;94;44m@[0;34;5;44;104m88[0;1;34;94;44m88888888888888888888[0;30;44m.[0m   
    [0;1;34;94;44mX[0;34;5;44;104m8888888[0;1;34;94;44m8X@[0;34;5;44;104m88888888888[0;1;34;94;44m8[0;34;5;40;100m@[0;1;30;90;40mSS@XX[0;30;5;40;100m8[0;36;5;40;100m; [0;1;30;90;47mt[0;37;5;47;107m8ttt%[0;1;37;97;47m%[0;1;30;90;47mS[0;36;5;40;100m [0;30;5;40;100m8[0;1;30;90;40mXS[0;34;40m::::[0;1;30;90;40m@[0;1;34;94;44m88SX88888888888X%S8888S[0m    
    [0;34;40m8[0;1;34;94;44m8[0;34;5;44;104m888[0;1;34;94;44m8[0;36;44m8[0;36;42m@[0;1;30;90;42m;;;t[0;32;46m8[0;36;44m8[0;34;5;44;104m88888[0;1;34;94;44m8[0;34;46m8[0;36;42m8[0;1;30;90;42m%[0;32;5;40;100m8[0;1;30;90;40mS[0;34;40m;;[0;1;30;90;40mX[0;36;5;40;100m [0;1;37;97;47m8%.;[0;37;5;47;107m8ttt[0;1;37;97;47m8:.S[0;1;30;90;47m;[0;1;30;90;40mS[0;34;40m:::[0;1;30;90;40mS[0;34;40m:[0;1;30;90;40m8[0;36;42mS[0;1;30;90;42m:::;[0;1;30;90;46m:[0;36;44mS[0;1;34;94;44m88888X[0;34;46m8[0;36;42m%[0;1;30;90;42m...;[0;1;30;90;46m.[0;36;44mt[0;1;34;94;44m@[0;34;40m8[0m    
     [0;34;40m@[0;1;30;90;46m;;[0;36;42m8[0;1;30;90;42m;:::;;;;;t[0;1;30;90;46mttt[0;36;42m8[0;1;30;90;42mtttt@[0;30;5;40;100m8[0;1;30;90;40mS@[0;36;5;40;100m.[0;1;37;97;47m@[0;1;30;90;47m:[0;1;37;97;47m8ttt[0;37;5;47;107mt[0;1;37;97;47m%[0;37;5;47;107mS[0;1;37;97;47m:tt@[0;1;30;90;47mSt[0;1;30;90;40m@[0;34;40m:::[0;1;30;90;40m8[0;1;30;90;42mX:::::::[0;36;42m%[0;32;46m8[0;1;30;90;46m::[0;36;42mX[0;1;30;90;42m:....[0;30;42m....[0;32;40mX[0m     
      [0;30;42m8[0;1;30;90;42m:::::::::;;;;;;;;;;;[0;32;5;40;100m8[0;1;30;90;40mX[0;34;40m;[0;1;30;90;40m%[0;1;30;90;47m@[0;37;5;47;107mt[0;1;37;97;47mX[0;1;30;90;47mSX[0;36;5;40;100m [0;1;37;97;47mt[0;37;5;47;107mt[0;1;30;90;47mX[0;37;5;47;107mS[0;1;37;97;47m;[0;36;5;40;100mt[0;1;30;90;47m.X[0;37;5;47;107m8t[0;36;5;40;100m [0;1;30;90;40mSSS8[0;1;30;90;42m;::::::..........[0;30;42m....8[0m      
       [0;30;42m@[0;1;30;90;42m::::::::::::;;;;;;;[0;32;5;40;100m8[0;1;30;90;40mXS[0;30;5;40;100m@[0;1;30;90;47m:[0;37;5;47;107mttttttt[0;1;30;90;47mS[0;37;5;47;107mtttttt%[0;37;5;40;100m@[0;34;40m;..[0;1;30;90;40m@[0;1;30;90;42m::::::.........[0;30;42m.....@[0m       
        [0;30;42m8[0;1;30;90;42m::::::::::::::::::8[0;30;5;40;100m8[0;1;30;90;40mX[0;34;40m;[0;1;30;90;47mX[0;37;5;47;107mttttttt[0;1;30;90;47m%[0;37;5;47;107m8tt%%%%[0;36;5;40;100m [0;1;30;90;40m@S[0;34;40m.[0;1;30;90;40mX[0;1;30;90;42m::::..........[0;30;42m.....8[0m        
         [0;32;40m8[0;1;30;90;42m:::::::::::::::::;[0;30;5;40;100m8[0;1;30;90;40mS@[0;36;5;40;100m:[0;37;5;47;107m%ttttt%[0;1;30;90;47m;[0;1;37;97;47m@[0;37;5;47;107m%%%%%[0;1;37;97;47m8[0;1;30;90;40m@[0;34;40m.;[0;1;30;90;40m8[0;1;30;90;42m%:...........[0;30;42m.....:[0;32;40m8[0m         
          [0;32;40mS[0;1;30;90;42m@[0;1;30;90;46m:[0;34;46m8[0;1;30;90;46m::[0;1;30;90;42m%::::::::[0;36;42mX[0;1;30;90;46m;[0;34;46m8[0;30;5;40;100mX[0;1;30;90;40mX[0;34;40m.[0;1;30;90;40m8[0;37;5;40;100m8[0;37;5;47;107m%%%%S[0;1;37;97;47mt%t8[0;37;5;47;107m%%%8[0;36;5;40;100m;[0;1;30;90;40m8[0;34;40m:.[0;1;30;90;40m@[0;1;30;90;42m:.[0;36;42mX[0;1;30;90;46m:[0;34;46m88[0;36;42m8[0;1;30;90;42m;....[0;30;42m....[0;36;42mX[0;1;30;90;46m.[0;32;40mS[0m          
            [0;1;34;94;44m;8888[0;36;44m@[0;36;42m8[0;1;30;90;42m:::%[0;1;30;90;46m:[0;36;44m%[0;1;34;94;44m88S[0;1;30;90;40m8[0;34;40m.:[0;1;30;90;40m@@[0;37;5;40;100mS[0;37;5;47;107m8%%%@[0;1;37;97;47m%8[0;37;5;47;107m%%%[0;1;37;97;47mX[0;36;5;40;100m:[0;34;40m..[0;1;30;90;40m%[0;34;40m;[0;30;5;40;100m@[0;1;30;90;46m:[0;1;34;94;44m%88888@[0;36;44m8[0;36;42mX[0;1;30;90;42m:[0;30;42m..[0;1;30;90;42mS[0;34;46m8[0;1;34;94;44mt;[0m            
             [0;30;44m%[0;1;34;94;44m8888888888888t[0;1;30;90;40m8S[0;30;5;40;100m8[0;1;30;90;40mS[0;1;30;90;44m@[0;1;34;94;44m@[0;34;5;40;100m@[0;1;30;90;47m;[0;37;5;47;107mX%%%SSX[0;1;30;90;47mS[0;1;30;90;44m8%[0;34;40m:..[0;1;30;90;40m@[0;1;34;94;44mX8888888888@X@@@[0;30;44m%[0m             
              [0;34;40mS[0;1;34;94;44m;888888888888[0;1;30;90;44m@[0;34;5;40;100m88[0;1;34;94;44m;888S[0;1;30;90;44m8[0;37;5;40;100mS[0;1;30;90;47m%:%[0;37;5;40;100mS[0;1;30;90;44m8[0;1;34;94;44mS88[0;1;30;90;44m%[0;34;40mt.[0;1;30;90;40mX[0;1;34;94;44mt888888888@@@@;[0;34;40mS[0m              
                [0;30;44m8[0;1;34;94;44mS88888888888@88888888888888888X[0;1;30;90;44m%@[0;1;34;94;44m@8888888@@@@S[0;30;44m8[0m                
                  [0;30;44m%[0;1;34;94;44m@88888888888888888888888888888888888@@@@@@[0;30;44mt[0m                  
                    [0;30;44mt[0;1;34;94;44m@888888888888888888888888888888@@@@@@X[0;30;44mt[0m                    
                      [0;30;44m%[0;1;34;94;44mX[0;36;44mt[0;34;46m8[0;36;42mX[0;1;30;90;42mX[0;36;42m%8[0;36;44m8[0;1;34;94;44mX888888[0;36;44mt[0;1;30;90;46m.[0;36;42mX[0;1;30;90;42mX[0;36;42m%8[0;36;44m@[0;1;34;94;44mX88@@@@[0;36;44mt[0;34;46m8[0;36;42mS[0;30;42mtS[0;34;40m8[0m                      
                        [0;32;40m8[0;30;42mt.....[0;1;30;90;42m;[0;1;30;90;46m.[0;36;44m@SX8[0;36;42mX[0;30;42m.......;[0;1;30;90;46m.[0;36;44mXSS8[0;36;42mX[0;30;42m::t[0;32;40m8[0m                        
                          [0;32;40m%[0;30;42m@:..............:::::::::X[0;32;40mS[0m                          
                             [0;32;40m8[0;30;42mS:.::::::::::::::::S[0;32;40m8[0m                             
                                [0;32;40m8[0;30;42m%::::::::::::%[0;32;40m8[0m                                
                                   [0;32;40m@[0;30;42mX::::::X[0;32;40m8[0m                                   
                                      [0;32;40m%88S[0m                                      
