[0;36;5;40;100m [0;1;30;90;47m....      [0;1;37;97;47m                                     [0;1;30;90;47m      .........:::::::::;;;;;;;[0;36;5;40;100m [0m
[0;37;5;40;100m@[0;37;5;47;107m%%%%%%ttttttttttttttttttttttttttttttttttttttttttttt%%%%%%%%SSSSSSSXXXX@@@@@@@@[0;37;5;40;100m8[0m
[0;37;5;40;100m@[0;37;5;47;107m%%%%ttttttttttttttttttttttttttttttttttttttttttttttttt%%%%%%%SSSSSSSXXXX@@@@@@@[0;37;5;40;100m8[0m
[0;37;5;40;100m@[0;37;5;47;107m%%ttttttttttttttttttt;;;;;;t;;;;;;;ttttttttttttttt%ttt%%%%%%%%SSSSSSXXXX@@@@@@[0;37;5;40;100m8[0m
[0;37;5;40;100m@[0;37;5;47;107m%tttttttttttttttt;;;;;;;;;;[0;37;5;43;103m8[0;37;5;47;107m;;;;;;;;;;;;tttttttttt[0;37;5;43;103m8[0;37;5;47;107mttttt%%%%%%%SSSSSSXXXX@@@@@[0;37;5;40;100m8[0m
[0;37;5;40;100m@[0;37;5;47;107mtttttttttttttt;;;;;;;;;;;;%[0;33;5;43;103m:[0;37;5;47;107mt;;;;;;;;;;;;;ttttttt%[0;33;5;43;103m;[0;1;37;97;47m8[0;37;5;47;107mttttt%%%%%%%SSSSSSXXXX@@@@[0;37;5;40;100m8[0m
[0;37;5;40;100m8[0;37;5;47;107mtttttttttttt;;;;;;;;%[0;37;5;43;103m@[0;1;37;97;47m8[0;37;5;47;107m;;:[0;37;5;43;103m@[0;33;5;43;103m:[0;1;33;93;47mS[0;37;5;47;107m::;[0;1;37;97;47m8[0;37;5;43;103m@[0;37;5;47;107m%;;;;;;;;S[0;37;5;43;103m8[0;1;37;97;47m8[0;37;5;47;107m%tt[0;1;33;93;47mX[0;33;5;43;103m;[0;37;5;43;103m8[0;37;5;47;107mtt%[0;1;37;97;47m8[0;37;5;43;103m8[0;1;37;97;47m8[0;37;5;47;107m%%%%%%%SSSSSXXXXX@@@[0;37;5;40;100m8[0m
[0;37;5;40;100m8[0;37;5;47;107mtttttttttt;;;;;;;;;;:t[0;37;5;43;103m@[0;33;5;43;103m:[0;37;5;43;103m@[0;1;33;93;47mS[0;33;5;43;103m::[0;37;5;43;103mS[0;1;33;93;47mS[0;37;5;43;103m@[0;33;5;43;103m:[0;37;5;43;103m@[0;37;5;47;107m;:::;;;;;;;t[0;37;5;43;103m8[0;33;5;43;103m;[0;37;5;43;103mS[0;1;33;93;47m@[0;33;5;43;103m;;;[0;1;33;93;47m@[0;37;5;43;103mS[0;33;5;43;103m;;[0;37;5;47;107mStt%%%%%%%SSSSSXXXX@@@[0;37;5;40;100m8[0m
[0;37;5;40;100m8[0;37;5;47;107mttttttttt;;;;;;;;::::::[0;37;5;43;103mX[0;33;5;43;103m:::::::[0;1;33;93;47mS[0;37;5;47;107m::::::::;;;;;t[0;1;33;93;47mS[0;33;5;43;103m;;;;;;;[0;37;5;43;103m8[0;37;5;47;107m%tttt%%%%%%SSSSSSXXXX@@[0;37;5;40;100m8[0m
[0;37;5;40;100m8[0;37;5;47;107mtttttttt;;;;;;;::::::t[0;1;37;97;47m8[0;37;5;43;103m@%%%%%%%X[0;1;37;97;47m8[0;37;5;47;107m;::::::::;;%[0;1;37;97;47m8[0;37;5;43;103m@[0;33;5;43;103m;;;;;;;;[0;1;33;93;47m8[0;1;37;97;47m8[0;37;5;47;107mtttt%%%%%%SSSSSXXXX@@[0;37;5;40;100m8[0m
[0;37;5;40;100m8[0;37;5;47;107mttttttt;;;;;;;::::;[0;1;37;97;47m8[0;37;5;43;103mXXXSXSSSSSXSSXX[0;1;37;97;47m8[0;37;5;47;107m;::::;[0;1;37;97;47m8[0;37;5;43;103m@888@[0;33;5;43;103m;;;;;[0;37;5;43;103mS@@@8[0;1;33;93;47mX[0;37;5;47;107mS%%%%%%%SSSSSSXXXX@[0;37;5;40;100m8[0m
[0;37;5;40;100m8[0;37;5;47;107mtttttt;;;;;;:::::.....  [0;1;37;97;47m8[0;37;5;43;103mSSSSS[0;1;37;97;47m8[0;37;5;47;107m   .....:::::;;;[0;1;37;97;47m8[0;33;5;43;103m;;[0;37;5;43;103m8[0;33;5;43;103m;;[0;37;5;43;103m8[0;37;5;47;107mtttttttt%%%%%%SSSSSXXXX@[0;37;5;40;100m8[0m
[0;37;5;40;100m8[0;37;5;47;107mttttt;;;;;;;::::....   .[0;37;5;43;103mXX[0;37;5;47;107m: ;[0;37;5;43;103mXX[0;37;5;47;107m.    .....::::;;[0;37;5;43;103mX[0;33;5;43;103m;[0;1;37;97;47m8[0;37;5;47;107m;%[0;33;5;43;103m;;[0;37;5;47;107mtttttttt%%%%%%SSSSSSXXX@[0;37;5;40;100m8[0m
[0;37;5;40;100m8[0;37;5;47;107mttttt;;;;;;::::....    ;[0;37;5;43;103mS[0;37;5;47;107m.   .[0;37;5;43;103mS[0;37;5;47;107m:      ....::::t[0;37;5;43;103m@[0;37;5;47;107mt;;;t[0;37;5;43;103m8[0;1;37;97;47m8[0;37;5;47;107mtttttttt%%%%%%SSSSSXXXX[0;37;5;40;100m8[0m
[0;37;5;40;100m8[0;37;5;47;107mtttt;;;;;;::;;....     :      .:       ...::::t;;;;;ttStttttttt%%S%%%SSSSSXXXX[0;37;5;40;100m8[0m
[0;37;5;40;100m8[0;37;5;47;107mtttt;;;;;;::[0;1;37;97;47m88[0;37;5;47;107m...                      ....::::;;;;;;tttttttttt%[0;1;37;97;47m8[0;1;33;93;47mX[0;37;5;47;107m%%%SSSSSXXXX[0;37;5;40;100m8[0m
[0;37;5;40;100m8[0;37;5;47;107mtttt;tt;;;::[0;37;5;43;103m@@[0;37;5;47;107m...  ..                   ...::::;;;;;;tttt%%tttt%[0;33;5;43;103mtt[0;37;5;47;107m%%%SSXXSXXXX[0;37;5;40;100m8[0m
[0;37;5;40;100m8[0;37;5;47;107mtttt;;[0;1;37;97;47m8[0;37;5;43;103mX[0;1;33;93;47mX[0;37;5;47;107m%;t[0;33;5;43;103m::[0;37;5;47;107m;.;[0;1;37;97;47m8[0;37;5;43;103mS[0;37;5;47;107m;                    ...::::;;;;;;ttttt[0;1;37;97;47m8[0;33;5;43;103m;[0;37;5;43;103m8[0;1;37;97;47m8[0;37;5;47;107m%S[0;33;5;43;103mtt[0;1;37;97;47m8[0;37;5;47;107mS[0;1;37;97;47m8[0;1;33;93;47m8[0;33;5;43;103mt[0;1;33;93;47mS[0;37;5;47;107mSSXXXX[0;37;5;40;100m8[0m
[0;37;5;40;100m8[0;37;5;47;107mtttt;;;t[0;37;5;43;103mX[0;33;5;43;103m::[0;37;5;43;103mX[0;33;5;43;103m::[0;37;5;43;103m@XSX[0;37;5;47;107m:                     ...::::;;;;;;tttttt%[0;37;5;43;103mS[0;33;5;43;103m;;ttttttt[0;1;37;97;47m8[0;37;5;47;107mSSSXXXX[0;37;5;40;100m8[0m
[0;37;5;40;100m8[0;37;5;47;107mtttt;;;;t[0;37;5;43;103m@[0;33;5;43;103m::::[0;37;5;43;103m%%X[0;37;5;47;107m.                     ....::::;;;;;;ttttttt%[0;33;5;43;103m;;tttttt[0;37;5;47;107mXSSSSXXXX[0;37;5;40;100m8[0m
[0;37;5;40;100m8[0;37;5;47;107mtttt;t[0;1;37;97;47m8[0;37;5;43;103m8[0;33;5;43;103m:::::::[0;37;5;43;103m%SSS[0;37;5;47;107m;.                  ...::::;;;;;;ttttt%[0;1;37;97;47m8[0;37;5;43;103m8[0;33;5;43;103m;;;ttttttt[0;37;5;43;103mX[0;1;33;93;47mS[0;37;5;47;107m@SXXXX[0;37;5;40;100m8[0m
[0;37;5;40;100mX[0;37;5;47;107mttttS[0;1;37;97;47m88888[0;37;5;43;103mS[0;33;5;43;103m::::[0;37;5;43;103mS[0;37;5;47;107mtttt;;.               ...:::::;;;;;;tttt[0;1;37;97;47m888888[0;33;5;43;103m;ttttt[0;1;33;93;47mSSSSS[0;1;37;97;47m8[0;37;5;47;107mXXXX[0;37;5;40;100mX[0m
[0;36;5;40;100m [0;37;5;47;107mttttt;;;;t[0;33;5;43;103m::[0;1;33;93;47m@X[0;33;5;43;103m::[0;37;5;47;107m;....               ....:::::;;;;;;ttttttttttS[0;33;5;43;103mtt[0;37;5;43;103m8[0;1;33;93;47m8[0;33;5;43;103mtt[0;37;5;47;107mXSSSSXXXX@[0;36;5;40;100m [0m
[0;30;5;40;100m@[0;37;5;47;107mtttttt;;;[0;1;33;93;47mS[0;33;5;43;103m:[0;1;37;97;47m8[0;37;5;47;107m;:t[0;37;5;43;103mS[0;1;33;93;47mX[0;37;5;47;107m:.....          ......:::::;;;;;;;tttttttttt[0;1;33;93;47mX[0;33;5;43;103mt[0;1;37;97;47m8[0;37;5;47;107m%%[0;1;37;97;47m8[0;33;5;43;103mt[0;1;33;93;47m8[0;37;5;47;107mSSSSXXXX@[0;36;5;40;100m%[0m
 [0;37;5;47;107m%tttttt;t[0;37;5;43;103m8[0;37;5;47;107mt;;;:;[0;37;5;43;103m@[0;37;5;47;107m:::.................::::::;;;;;;;tttttttttt%[0;37;5;43;103m@[0;37;5;47;107mS%%%%X[0;37;5;43;103m@[0;37;5;47;107mSSSSXXXX@[0m 
 [0;1;37;97;47m;[0;37;5;47;107mttttttttt;;;;;;;;:::::...........:::::::;;;;;;;;ttttttttttt%%%%%%%SSXSSXXXX@[0;1;37;97;47mt[0m 
 [0;37;5;40;100mS[0;37;5;47;107mtttttttt;;;;;;;;;:::::::::::::::::::::;;;;;;;;ttttttttttttt%%%%%%SSSSSSXXXX@[0;37;5;40;100m@[0m 
  [0;37;5;47;107m%ttttttttt;;;;;;;;;;:::::::::::::::;;;;;;;;;;ttttttttttttt%%%%%%SSSSSSXXXX@@[0;1;30;90;40m8[0m 
  [0;1;30;90;47m;[0;37;5;47;107mttttttttttt;;;;t[0;1;37;97;47m8[0;37;5;47;107m;;;;;;;;;;;;;;;;;;;;;;;;;tttttttttttttt%[0;1;37;97;47m8[0;37;5;47;107mX%%%%SSSSSXXXX@@[0;1;30;90;47m.[0m  
  [0;1;30;90;40m8[0;37;5;47;107m%tttttttttttt;;[0;1;33;93;47mX[0;37;5;43;103mS[0;37;5;47;107m;;;;;;;;;;;;;;;;;;;;;;;ttttttttttttttt%%[0;33;5;43;103mt[0;37;5;43;103m8[0;37;5;47;107m%%%SSSXSXXXXX@@[0;30;5;40;100m@[0m  
   [0;1;30;90;47mX[0;37;5;47;107mtttttttt[0;1;33;93;47mS@[0;37;5;47;107mSttt[0;33;5;43;103m;;[0;37;5;47;107mS;t%[0;1;37;97;47m8[0;37;5;43;103m@[0;37;5;47;107m%;;;;;;;;;;;;;ttttttttttttt%[0;37;5;43;103m8[0;1;33;93;47mX[0;37;5;47;107mS%%[0;1;37;97;47m8[0;33;5;43;103mtt[0;37;5;47;107mSSS[0;1;37;97;47m8[0;1;33;93;47m8@[0;37;5;47;107mXXXXXX@@[0;1;30;90;47m%[0m   
    [0;37;5;47;107m8tttttttt[0;1;37;97;47m8[0;33;5;43;103m;;[0;37;5;43;103m88[0;33;5;43;103m;;[0;37;5;43;103m@8[0;33;5;43;103m;;[0;37;5;43;103m8[0;37;5;47;107mt;;;;;;;;;ttttttttttttttttttt%[0;37;5;43;103m8[0;33;5;43;103mtt[0;37;5;43;103m8@[0;33;5;43;103mtt[0;37;5;43;103m8@[0;33;5;43;103mtt[0;1;37;97;47m8[0;37;5;47;107mSSXXXX@@[0;1;37;97;47m8[0m    
    [0;36;5;40;100m%[0;37;5;47;107m%tttttttt%[0;37;5;43;103mS[0;33;5;43;103m;;;;;;;[0;1;37;97;47m8[0;37;5;47;107mttttttttttttttttttttttttttttt%%%[0;1;37;97;47m8[0;33;5;43;103mtttttttt[0;1;37;97;47m8[0;37;5;47;107mSXXXXX@@@[0;36;5;40;100mt[0m    
     [0;36;5;40;100m [0;37;5;47;107m%ttttt%[0;1;37;97;47m8[0;37;5;43;103m8[0;33;5;43;103m;;;;;;;;[0;37;5;43;103m8[0;1;37;97;47m8[0;37;5;47;107m%ttttttttttttttttttttttttt%%%S[0;1;37;97;47m8[0;37;5;43;103m8[0;33;5;43;103mtttttt%%[0;37;5;43;103m8[0;1;37;97;47m8[0;37;5;47;107m@XXX@@@[0;36;5;40;100m [0m     
      [0;1;30;90;47m8[0;37;5;47;107m%%%[0;1;37;97;47m8[0;1;33;93;47m8[0;37;5;43;103mXXXX[0;33;5;43;103m;;;;;;[0;37;5;43;103mXXXX8[0;1;37;97;47m8[0;37;5;47;107m%tttttttttt[0;1;37;97;47m88[0;37;5;47;107mtttttttt%%%[0;1;37;97;47m8[0;37;5;43;103m8SSSS[0;33;5;43;103mtttt%%%%%%[0;37;5;43;103m8[0;1;37;97;47m8[0;37;5;47;107m@@@[0;1;30;90;47m@[0m      
       [0;1;30;90;47mX[0;37;5;47;107m%%%%tttt[0;33;5;43;103m;;;[0;37;5;43;103mS[0;33;5;43;103m;;[0;37;5;47;107mSttttttttt%tttttt[0;37;5;43;103m@S[0;37;5;47;107mttttt%%%%%%%%%%SX[0;33;5;43;103mtt%%%%[0;37;5;47;107mXXXXX@@@[0;1;30;90;47m%[0m       
        [0;1;30;90;47m8[0;37;5;47;107m%%%%%%S[0;33;5;43;103m;[0;37;5;43;103mX[0;37;5;47;107m%%[0;1;33;93;47m@[0;33;5;43;103m;[0;37;5;43;103m8[0;37;5;47;107mttttttttt%[0;1;33;93;47m@[0;37;5;43;103m8[0;1;37;97;47m8[0;37;5;47;107m%t%[0;33;5;43;103m;;[0;37;5;47;107mSt%[0;1;37;97;47m8[0;37;5;43;103m88[0;37;5;47;107m%%%%%%%SSS[0;1;33;93;47m8[0;33;5;43;103m%[0;1;33;93;47m8[0;37;5;47;107mXX[0;37;5;43;103mX[0;33;5;43;103m%[0;1;37;97;47m8[0;37;5;47;107mXX@@@@[0;1;30;90;47mX[0m        
         [0;37;5;40;100mX[0;37;5;47;107m%%%%%[0;37;5;43;103m88[0;37;5;47;107m%%%%[0;1;37;97;47m8[0;33;5;43;103m;[0;37;5;47;107m%tttttttttt[0;1;37;97;47m8[0;33;5;43;103m;;[0;37;5;43;103mX@[0;33;5;43;103mtt[0;37;5;43;103m@@[0;33;5;43;103mtt[0;1;33;93;47mS[0;37;5;47;107m%%%%%%SSSSS[0;33;5;43;103m%[0;1;37;97;47m8[0;37;5;47;107mSXXX[0;1;33;93;47m@[0;37;5;43;103m8[0;37;5;47;107mX@@@@[0;37;5;40;100mX[0m         
          [0;36;5;40;100m;[0;37;5;47;107m8%%S[0;1;37;97;47m8[0;37;5;47;107m%%%%%%SS%%%%%%%%%%%S[0;33;5;43;103mtttttttt[0;37;5;47;107mX%%%%SSSSSSS@@XXXXXX[0;1;37;97;47m8[0;37;5;47;107m@@@[0;1;37;97;47m8[0;36;5;40;100m:[0m          
            [0;1;37;97;47m:[0;37;5;47;107mS%%%%%%%%%%%%%%%%%%%S[0;1;33;93;47mS[0;37;5;43;103m@[0;33;5;43;103mtttttttt[0;37;5;43;103mX[0;1;33;93;47mX[0;37;5;47;107mXSSSSSSSSSXXXXXX@@@@@[0;1;37;97;47m;[0m            
             [0;37;5;40;100m@[0;37;5;47;107mXSSS%%%%%%%%%%%%S[0;1;37;97;47m8[0;37;5;43;103m8@@@@[0;33;5;43;103mtttttt[0;37;5;43;103m@@@@8[0;1;37;97;47m8[0;37;5;47;107mXSSSXXXXXXX@@@@@8[0;37;5;40;100m8[0m             
              [0;30;5;40;100m8[0;1;37;97;47m;[0;37;5;47;107mSSSSSSSSSSSSSSSSSSSSS[0;33;5;43;103mtttttt[0;37;5;47;107mXSSSSSSXXXXXXXX@@@@@@[0;1;37;97;47m:[0;30;5;40;100m8[0m              
                [0;36;5;40;100m [0;1;37;97;47m8[0;37;5;47;107mSSSSSSSSSSSSSSSSSS[0;1;37;97;47m8[0;33;5;43;103mt[0;37;5;43;103m8[0;37;5;47;107mXX[0;1;33;93;47m8[0;33;5;43;103m%[0;1;33;93;47mX[0;37;5;47;107mSSXXXXXXXXX@@@@@@@[0;1;37;97;47m8[0;36;5;40;100m [0m                
                  [0;37;5;40;100m8[0;37;5;47;107m@SSSSSSSSSSSSSSSS[0;37;5;43;103mX[0;1;37;97;47m8[0;37;5;47;107mSSSX[0;1;37;97;47m8[0;33;5;43;103m%[0;37;5;47;107mXXXXXXXX@@@@@@@@8[0;37;5;40;100m8[0m                  
                    [0;1;30;90;47m8[0;37;5;47;107m8XXXXXXXXXXXXXX[0;1;37;97;47m8[0;37;5;47;107mXXXXXX@@XXXX@@@@@@@@@8[0;1;30;90;47m8[0m                    
                      [0;37;5;40;100m@[0;1;37;97;47m8[0;37;5;47;107mXXXXXXXXXXXXXXXXXXXX@@@@@@@@@@@@[0;1;37;97;47m8[0;37;5;40;100m8[0m                      
                        [0;36;5;40;100m [0;1;37;97;47mS[0;37;5;47;107mXXXXXXXXXXX@@@@@@@@@@@@@@@@@[0;1;37;97;47mS[0;36;5;40;100m [0m                        
                          [0;30;5;40;100mS[0;1;30;90;47m%[0;37;5;47;107m8@@@@@@@@@@@@@@@@@@@@@@8[0;1;30;90;47m;[0;36;5;40;100mt[0m                          
                             [0;36;5;40;100m [0;1;37;97;47m.[0;37;5;47;107m@@@@@@@@@@@@@@@@@@[0;1;37;97;47m:[0;36;5;40;100m [0m                             
                                [0;36;5;40;100m [0;1;37;97;47m;[0;37;5;47;107m@@@@@@@@@@@@[0;1;37;97;47mt[0;37;5;40;100mX[0m                                
                                   [0;36;5;40;100m [0;1;30;90;47m;[0;37;5;47;107m8@@@@8[0;1;30;90;47m.[0;36;5;40;100m [0m                                   
                                      [0;30;5;40;100mS[0;37;5;40;100m@@[0;36;5;40;100m%[0m                                      
