[0;36;5;40;100m [0;1;30;90;47m....      [0;1;37;97;47m                             [0;34;40m..........................              [0m
[0;37;5;40;100m@[0;37;5;47;107m%%%%%%ttttttttttttttttttttttttttttttttt[0;34;40m::::::::::::..................          [0m
[0;37;5;40;100m@[0;37;5;47;107m%%%%ttttttttttttttttttttttttttttttttttt[0;34;40m;;;::::::::::..................         [0m
[0;37;5;40;100m@[0;37;5;47;107m%%ttttttttttttttttttt;;;;;;;;;;;;;;tttt[0;34;40m;;;;;;:::::::::.................        [0m
[0;37;5;40;100m@[0;37;5;47;107m%tttttttttttttttt;;;;;;;;;;;;;;;;;;;;;;[0;1;30;90;40m%[0;34;40m;;;;;;;:::::::::................       [0m
[0;37;5;40;100m@[0;37;5;47;107mtttttttttttttt;;;;;;;;;;;;;;;;;;;;;;;;;[0;1;30;90;40mSSS%[0;34;40m;;;;;;::::::::...............       [0m
[0;37;5;40;100m8[0;37;5;47;107mtttttttttttt;;;;;;;;;;;;;:::::::;;;;;;;[0;1;30;90;40mXSSSS%[0;34;40m;;;;;::::::::...............      [0m
[0;37;5;40;100m8[0;37;5;47;107mtttttttttt;;;;;;;;;;:::::::::::::::::;;[0;1;30;90;40mXXXSSSS[0;34;40m;;;;;;:::::::...............     [0m
[0;37;5;40;100m8[0;37;5;47;107mttttttttt;;;;;;;;::::::::::::::::::::::[0;1;30;90;40m@@XXXSSS%[0;34;40m;;;;;:::::::..............     [0m
[0;37;5;40;100m8[0;37;5;47;107mtttttttt;;;;;;;:::::::;t%t:........::::[0;1;30;90;40m8@@@XXXSS%[0;34;40m;;;[0;1;30;90;40mX@X[0;34;40m;::::...............    [0m
[0;37;5;40;100m8[0;37;5;47;107mttttttt;;;;;;;::::8[0;1;30;90;47m@[0;36;5;40;100m [0;30;5;40;100mX88888[0;36;5;40;100m:   [0;37;5;40;100m8[0;1;30;90;47m:[0;37;5;47;107m8....:[0;1;30;90;40m888@@[0;30;5;40;100mS[0;37;5;40;100m@[0;1;30;90;47m:[0;1;37;97;47m;tS8[0;37;5;47;107mtttttX[0;1;37;97;47mS[0;1;30;90;47m@[0;30;5;40;100m8[0;34;40m:..............    [0m
[0;37;5;40;100m8[0;37;5;47;107mtttttt;;;;;;:::::[0;1;37;97;47m;[0;30;5;40;100m888[0;36;5;40;100m; [0;37;5;40;100mXS[0;36;5;40;100m.[0;30;5;40;100m@@@@[0;1;37;97;47m8[0;37;5;40;100mS[0;1;30;90;47mXX[0;1;37;97;47m%[0;37;5;47;107mS...[0;1;30;90;40m888[0;30;5;40;100m8[0;33;5;40;100m.[0;37;5;40;100m8[0;1;30;90;47m@[0;1;37;97;47mt[0;36;5;40;100m;[0;37;5;47;107m%;;t[0;1;37;97;47m8:[0;1;30;90;47m [0;1;37;97;47m:8[0;37;5;47;107mtt%[0;36;5;40;100m [0;34;40m:..............   [0m
[0;37;5;40;100m8[0;37;5;47;107mXSttt;;;;;;;::::;[0;30;5;40;100mX88[0;1;30;90;47mt[0;37;5;47;107m.    S[0;1;30;90;47m;[0;36;5;40;100m [0;30;5;40;100mXX[0;37;5;40;100mX[0;1;33;93;47m8[0;37;43m@[0;33;5;43;103m8[0;1;33;93;47m@[0;1;37;97;47mSS[0;37;5;47;107mS[0;30;5;40;100m8[0;33;5;40;100m8[0;1;30;90;43m88[0;1;33;93;43m@[0;1;30;90;43m@[0;1;33;93;43mS[0;1;30;90;47m%[0;37;5;47;107m;;[0;1;37;97;47m8[0;1;30;90;47m8[0;30;5;40;100m@[0;34;40m;;;;:[0;36;5;40;100m [0;37;5;47;107mttS[0;1;30;90;40mX[0;34;40m..............:; [0m
[0;37;5;40;100m8[0;1;37;97;47m8[0;1;30;90;40m@[0;36;5;40;100m [0;1;30;90;47mt[0;1;37;97;47m8[0;37;5;47;107m;;t;;;::::.8[0;30;5;40;100m888[0;37;5;47;107mX        ;8[0;1;37;97;47m88[0;1;33;93;47m8[0;37;43m@8[0;1;30;90;47m [0;1;37;97;47m@[0;37;5;47;107m.[0;30;5;40;100m8[0;31;5;40;100mS[0;33;5;40;100m8[0;1;30;90;43m88@@[0;33;5;40;100mS[0;36;5;40;100m;[0;1;30;90;40m8SSS[0;34;40m;;;;:[0;1;30;90;40mX[0;37;5;47;107mttt[0;30;5;40;100mS[0;34;40m...........[0;1;30;90;40m@[0;36;5;40;100m [0;1;30;90;47m%[0;1;37;97;47m8[0;30;5;40;100m8[0;34;40m [0m
[0;37;5;40;100m8[0;37;5;47;107mX[0;1;30;90;47m%[0;30;5;40;100m8[0;34;40m;[0;1;30;90;40m%[0;30;5;40;100m8[0;37;5;40;100mS[0;30;5;40;100m8[0;37;5;40;100m@[0;1;37;97;47m.[0;37;5;47;107m8:::..:[0;30;5;40;100m%8@[0;1;30;90;47m@[0;37;5;47;107m             .X[0;1;37;97;47m8[0;37;5;47;107m. [0;30;5;40;100m88[0;33;5;40;100m8[0;30;5;40;100mX[0;1;30;90;40m88@@XXXSS%[0;34;40m;;;;[0;37;5;40;100m8[0;37;5;47;107mttS[0;1;30;90;40mS[0;34;40m:....[0;1;30;90;40m@[0;36;5;40;100m.[0;1;30;90;47m@[0;1;37;97;47m8[0;1;30;90;47mS[0;1;37;97;47m@[0;37;5;47;107mSX[0;1;37;97;47m8[0;36;5;40;100m [0;1;30;90;40m%[0;34;40m [0m
[0;37;5;40;100m8[0;37;5;47;107m@[0;1;30;90;40m8[0;36;5;40;100mt.;[0;30;5;40;100mX[0;1;30;90;40m@[0;36;5;40;100m [0;1;30;90;40m8@@[0;30;5;40;100m8[0;36;5;40;100m:[0;37;5;40;100m@[0;1;37;97;47mX[0;37;5;47;107m..[0;1;30;90;47m [0;30;5;40;100m@@X[0;1;30;90;47m8[0;37;5;47;107mt                [0;30;5;40;100m888[0;1;30;90;40m8888@@XXSS%[0;34;40m;;[0;1;30;90;40m@[0;1;30;90;47mS[0;37;5;47;107mttt[0;37;5;40;100m8[0;34;40m::[0;30;5;40;100mS[0;1;30;90;47m%[0;1;37;97;47mS[0;37;5;47;107m@%%X[0;1;30;90;47m:[0;37;5;47;107m8[0;1;37;97;47mX; .[0;37;5;47;107m8[0;1;30;90;40mX[0;34;40m [0m
[0;37;5;40;100m8[0;37;5;47;107mt[0;1;37;97;47m%[0;36;5;40;100m [0;1;30;90;40mSSX[0;30;5;40;100mX[0;36;5;40;100m:;:;[0;30;5;40;100m8[0;1;30;90;40m88[0;30;5;40;100m8[0;37;5;47;107m%. [0;1;30;90;47m;[0;30;5;40;100mXXS[0;36;5;40;100m;[0;1;30;90;47mX[0;1;37;97;47m@[0;37;5;47;107m:             [0;30;5;40;100m888[0;1;30;90;40m8888@@XXSSX[0;36;5;40;100m:[0;1;30;90;47m%[0;37;5;47;107mXttt[0;37;5;40;100m8[0;34;40m::;[0;37;5;47;107mX%%X[0;1;37;97;47mXt%;X[0;37;5;47;107m@SX[0;1;30;90;47m.[0;30;5;40;100mS[0;34;40m  [0m
[0;37;5;40;100m8[0;37;5;47;107mt[0;1;37;97;47m8[0;30;5;40;100m@[0;36;5;40;100m  .[0;30;5;40;100mS[0;36;5;40;100m; [0;30;5;40;100m8[0;1;30;90;40m@888[0;30;5;40;100m8[0;37;5;47;107m%.  [0;1;37;97;47m8[0;36;5;40;100m [0;30;5;40;100mSS[0;36;5;40;100m%t:[0;37;5;40;100mX[0;1;30;90;47mt[0;1;37;97;47m%[0;37;5;47;107mS         [0;30;5;40;100m8888[0;1;30;90;40m888@@[0;30;5;40;100mX[0;36;5;40;100m [0;1;30;90;47mS[0;1;37;97;47mt[0;37;5;47;107mStttt[0;1;37;97;47m@[0;36;5;40;100mt[0;34;40m::::[0;37;5;47;107m%%%%%8[0;1;37;97;47m ;X [0;1;30;90;47m:;[0;1;37;97;47mS[0;30;5;40;100m8[0;34;40m  [0m
[0;37;5;40;100m8[0;37;5;47;107mtt[0;1;37;97;47m8[0;36;5;40;100m [0;1;30;90;40mSS8[0;36;5;40;100m [0;30;5;40;100m8S%[0;1;30;90;40m888[0;30;5;40;100m8[0;37;5;47;107m@.   .[0;1;37;97;47m%[0;36;5;40;100m %tt;;;; [0;1;30;90;47m.[0;37;5;47;107m;      [0;30;5;40;100m888[0;1;30;90;40m888[0;30;5;40;100m8[0;37;5;40;100m8[0;1;37;97;47m8[0;37;5;47;107m;;;;;tt[0;1;37;97;47m@[0;36;5;40;100m [0;34;40m;::::[0;1;30;90;40mX[0;37;5;47;107m%%%S[0;1;37;97;47m@@[0;37;5;47;107m@[0;1;37;97;47m [0;37;5;47;107m8SX[0;1;30;90;47m.[0;30;5;40;100m8[0;34;40m.  [0m
[0;37;5;40;100m8[0;37;5;47;107mttt[0;1;37;97;47m%[0;36;5;40;100m .;%  :[0;30;5;40;100mS[0;1;30;90;40m888[0;36;5;40;100m:[0;1;37;97;47m:[0;37;5;47;107mXS[0;1;37;97;47m.[0;36;5;40;100m [0;30;5;40;100mSSS%[0;36;5;40;100mttttttt [0;37;5;47;107m8     [0;30;5;40;100m888[0;1;30;90;40m88[0;36;5;40;100m;[0;37;5;47;107m8:;;;;;;ttt%[0;1;37;97;47mX[0;36;5;40;100m [0;1;30;90;40m88[0;36;5;40;100m [0;1;37;97;47mS[0;37;5;47;107m%%%[0;1;37;97;47m8%:[0;1;30;90;47m;[0;1;37;97;47mSt.[0;1;30;90;47m;[0;30;5;40;100mS[0;34;40m..  [0m
[0;37;5;40;100m8[0;37;5;47;107mtttt[0;1;37;97;47m:[0;36;5;40;100m;[0;1;30;90;40mSX[0;30;5;40;100m@[0;36;5;40;100mt[0;30;5;40;100m8[0;1;30;90;40m8888[0;30;5;40;100m8888@@XXSSS%%%%SSS[0;36;5;40;100m [0;37;5;47;107m     [0;30;5;40;100m88[0;1;30;90;40m888[0;1;37;97;47m@[0;37;5;47;107m:;;;;;;ttttttttttt%%%%8[0;1;37;97;47mS@[0;37;5;47;107mSS[0;1;37;97;47mt[0;36;5;40;100m:[0;34;40m..   [0m
[0;37;5;40;100mX[0;37;5;47;107mttttt8[0;36;5;40;100m .t  ;t[0;1;30;90;40m888[0;30;5;40;100m8888@@XXXXSSSSSXX[0;36;5;40;100m [0;37;5;47;107m    .[0;30;5;40;100m88[0;1;30;90;40m888[0;1;37;97;47m8[0;37;5;47;107m:;;;;;;tttttttttt%%%[0;1;37;97;47m@S[0;1;30;90;47m:[0;1;37;97;47m %:[0;1;30;90;47m;[0;1;30;90;40m8[0;34;40m...   [0m
[0;36;5;40;100m [0;37;5;47;107mttttt;[0;1;37;97;47m%[0;36;5;40;100m [0;30;5;40;100m8[0;1;30;90;40mX@[0;30;5;40;100mS[0;36;5;40;100m  .;..[0;30;5;40;100mXX[0;36;5;40;100m [0;30;5;40;100m8[0;36;5;40;100m.[0;30;5;40;100m@@@XXXXX@@[0;1;37;97;47m:[0;37;5;47;107m  ...[0;1;30;90;40m88888[0;36;5;40;100m [0;37;5;47;107m;;;;;;tttt[0;1;37;97;47m8[0;37;5;47;107mt[0;1;37;97;47mt[0;37;5;47;107mXX[0;1;37;97;47mXS@%;[0;1;30;90;47m;[0;1;37;97;47m8[0;37;5;47;107mXS8[0;1;30;90;47m;[0;36;5;40;100mt[0;34;40m....   [0m
[0;30;5;40;100m@[0;37;5;47;107mtttttt;;[0;1;37;97;47mt[0;36;5;40;100m :t[0;30;5;40;100mS[0;36;5;40;100m :[0;37;5;40;100m8[0;36;5;40;100m :[0;37;5;40;100mS8[0;36;5;40;100m; ;[0;30;5;40;100m88@@@@@@8[0;1;30;90;47mS[0;37;5;47;107m......[0;1;30;90;40m8888@@[0;1;30;90;47m8[0;37;5;47;107m;;;;;tttt8[0;1;37;97;47m 8[0;1;30;90;47m;:[0;1;37;97;47mXS[0;1;30;90;47mS[0;1;37;97;47mS;@X;[0;1;30;90;47m.[0;36;5;40;100m;[0;34;40m......   [0m
 [0;37;5;47;107m%tttttt;[0;1;37;97;47mS[0;36;5;40;100mt[0;30;5;40;100m@@X[0;36;5;40;100m..;%[0;30;5;40;100m@8[0;36;5;40;100mt;[0;30;5;40;100m888888888X[0;1;30;90;47m [0;37;5;47;107m.....::[0;1;30;90;40m88@@@XX[0;36;5;40;100m [0;37;5;47;107mS;;tttttt%[0;1;37;97;47m88[0;37;5;47;107mX@[0;1;37;97;47m8Xt;888%[0;30;5;40;100mS[0;34;40m.....   [0m 
 [0;1;37;97;47m;[0;37;5;47;107mtttttS[0;37;5;40;100mX[0;1;30;90;40mSSSSX[0;30;5;40;100m8XXXS@[0;1;30;90;40m888888[0;30;5;40;100m8888[0;37;5;40;100m@[0;37;5;47;107m@...:::::[0;1;30;90;40m@@@XXXSS[0;30;5;40;100m8[0;1;30;90;47m;[0;37;5;47;107m%ttttttttt@[0;1;37;97;47m8888[0;37;5;47;107m8%%SSS[0;1;30;90;47mS[0;34;40m;...   [0m 
 [0;37;5;40;100mS[0;37;5;47;107mt[0;1;37;97;47mS.[0;1;30;90;47m.8[0;30;5;40;100m8[0;34;40m;;[0;1;30;90;40m%SSSXXX@@@@888888[0;36;5;40;100mt[0;1;30;90;47mX[0;37;5;47;107m@::::::::::[0;1;30;90;40m@@XXXSSS[0;34;40m;;[0;1;30;90;40m8[0;37;5;40;100m8[0;1;37;97;47m8[0;37;5;47;107mtttttttt%%%%%%SSSSS[0;1;37;97;47m8[0;37;5;40;100m@[0;36;5;40;100m:t[0;30;5;40;100m@[0;34;40m  [0m 
  [0;37;5;47;107m%@[0;36;5;40;100m [0;34;40m;:;;;;;[0;1;30;90;40m%SSSXXXX@@@[0;36;5;40;100mt[0;37;5;40;100mS[0;1;30;90;47m;[0;1;37;97;47m8[0;37;5;47;107m::::::::::;;;[0;1;30;90;40mXXXSSS%[0;34;40m;;;;;:[0;30;5;40;100m8[0;36;5;40;100m [0;1;30;90;47mt[0;1;37;97;47mX[0;37;5;47;107m%tt%%%%%%SSSSSSXX@[0;1;30;90;47mS[0;1;30;90;40mS[0;34;40m  [0m 
  [0;1;30;90;47m;[0;37;5;47;107mtt[0;1;37;97;47m@[0;37;5;40;100mS[0;1;30;90;40m@[0;34;40m;;;;;[0;1;30;90;40m8SSSS[0;30;5;40;100m%[0;36;5;40;100m [0;30;5;40;100mXX[0;36;5;40;100m [0;37;5;47;107mt;;;;;;;;;;;;;;;;[0;1;30;90;40mSSSS%[0;34;40m;;;;;;::::::[0;1;30;90;47m%[0;1;37;97;47m88[0;1;30;90;47m:[0;1;37;97;47m%[0;37;5;47;107m%%%%8SSSSX8[0;1;30;90;47m@[0;1;30;90;40m8[0;34;40m   [0m  
  [0;1;30;90;40m8[0;37;5;47;107m%tttt[0;1;37;97;47mX[0;1;30;90;47m:X@%[0;1;37;97;47mt[0;33;5;40;100m [0;30;5;40;100m8S[0;1;30;90;47m:[0;37;5;47;107mt;[0;1;37;97;47m.[0;33;47m8[0;33;5;43;103mS[0;1;37;97;47m@[0;37;5;47;107mt;;;;;;;;;;;;;;;[0;1;30;90;40mSS%[0;34;40m;;;;;;:::::::[0;1;30;90;40m8[0;1;33;93;43mS[0;1;30;90;43m8[0;33;5;40;100mS[0;34;40m..[0;36;5;40;100m [0;1;37;97;47m%8[0;1;30;90;47m;[0;30;5;40;100mS[0;36;5;40;100m [0;37;5;40;100m%[0;36;5;40;100m  [0;30;5;40;100m8[0;34;40m.     [0m  
   [0;1;30;90;47mX[0;37;5;47;107mtttttttttt[0;1;37;97;47mt[0;33;5;43;103m;[0;1;37;97;47mS[0;37;5;47;107mtt;;t[0;1;37;97;47m8[0;1;33;93;47mX[0;1;33;93;43m8[0;1;37;97;47m@8[0;37;5;47;107m8[0;1;37;97;47m888[0;37;5;47;107m@;;;;;;;;[0;34;40m;;;;;;;:[0;31;40m:[0;33;5;40;100m8[0;1;30;90;40m8[0;31;40mS;;[0;1;30;90;43m;:;[0;31;40mX[0;34;40m.....[0;31;40m;[0;33;5;43;103m%[0;1;30;90;41m8[0;34;40m......     [0m   
    [0;37;5;47;107m8ttttttttt[0;33;47m8[0;33;5;43;103mS[0;37;5;47;107m8ttttttt[0;1;30;90;47m [0;33;5;43;103mX%@@XX[0;33;47m@[0;37;5;47;107m@;;ttttt[0;34;40m;;;;;::[0;31;40m;[0;1;30;90;43mt[0;33;5;43;103m@@8[0;1;33;93;43m8[0;33;5;43;103m%[0;1;33;93;43mX[0;1;30;90;43m;[0;34;40m........[0;1;33;93;43mX[0;1;30;90;43m:[0;34;40m......    [0m    
    [0;36;5;40;100m%[0;37;5;47;107m%tttttt%[0;1;37;97;47mt[0;33;5;43;103mXX[0;1;30;90;47m [0;1;37;97;47m@@%[0;37;5;47;107mSttttt[0;1;37;97;47m8[0;1;33;93;47m8[0;33;5;43;103mt;[0;1;33;93;47m8[0;1;37;97;47m88[0;37;5;47;107mttttttt[0;34;40m;;:::::[0;31;40m;X[0;1;30;90;43m:[0;33;5;43;103m;t[0;1;30;90;43m:[0;31;40mS[0;34;40m......[0;31;40m8[0;1;30;90;43m::[0;1;30;90;41m8[0;1;33;93;43m@@[0;1;30;90;43m:[0;32;40m.[0;34;40m..      [0m    
     [0;36;5;40;100m [0;37;5;47;107m%ttttt[0;1;37;97;47m@[0;37;5;47;107m8[0;33;47m8[0;33;5;43;103mt%@@[0;37;43m8[0;37;5;47;107mtttttttt[0;1;37;97;47m8[0;33;47m8[0;37;5;47;107m%ttttttttt[0;34;40m::::::::::[0;1;30;90;43m;[0;31;40mX[0;34;40m........[0;1;30;90;43m:[0;1;33;93;43m8@[0;33;5;43;103mX%[0;1;30;90;43m:[0;31;40m..[0;34;40m.      [0m     
      [0;1;30;90;47m8[0;37;5;47;107m%%%ttttt[0;1;30;90;47m [0;33;5;43;103m%t@[0;37;43mX[0;1;30;90;47m [0;37;5;47;107mttttttttttttttttttt[0;34;40m:::::::::..........[0;31;40mX[0;1;30;90;43m:.[0;33;5;43;103mSS[0;1;30;90;43m:[0;34;40m...      [0m      
       [0;1;30;90;47mX[0;37;5;47;107m%%%%tttt[0;1;30;90;47m.[0;1;37;97;47mX[0;37;5;47;107mtt8ttttttttttttttttttt[0;34;40m::::::.............[0;31;40m.[0;34;40m..[0;31;40m%[0;1;30;90;41m8[0;34;40m...      [0m       
        [0;1;30;90;47m8[0;37;5;47;107m%%%%%%%%ttttttttttttttttttttttt[0;34;40m::.......................       [0m        
         [0;37;5;40;100mX[0;37;5;47;107m%%%%%%%%%%%ttttttttttttttttt%%[0;34;40m........................       [0m         
          [0;36;5;40;100m;[0;37;5;47;107m8%%%%%%%%%%%%%%%%%%%%%%%%%%%%[0;34;40m......................        [0m          
            [0;1;37;97;47m:[0;37;5;47;107mS%%%%%%%%%%%%%%%%%%%%%%%%%%[0;34;40m....................        [0m            
             [0;37;5;40;100m@[0;37;5;47;107mXSSS%%%%%%%%%%%%%%%%%%%%%%[0;34;40m..................         [0m             
              [0;30;5;40;100m8[0;1;37;97;47m;[0;37;5;47;107mSSSSSSSSSSSSSSSSSSSSSSSS[0;34;40m................          [0m              
                [0;36;5;40;100m [0;1;37;97;47m8[0;37;5;47;107mSSSSSSSSSSSSSSSSSSSSSS[0;34;40m.............           [0m                
                  [0;37;5;40;100m8[0;37;5;47;107m@SSSSSSSSSSSSSSSSSSSS[0;34;40m.........             [0m                  
                    [0;1;30;90;47m8[0;37;5;47;107m8XXXXXXXXXXXXXXXXXX[0;34;40m.....               [0m                    
                      [0;37;5;40;100m@[0;1;37;97;47m8[0;37;5;47;107mXXXXXXXXXXXXXXXX[0;34;40m                  [0m                      
                        [0;36;5;40;100m [0;1;37;97;47mS[0;37;5;47;107mXXXXXXXXXXX@@@[0;34;40m                [0m                        
                          [0;30;5;40;100mS[0;1;30;90;47m%[0;37;5;47;107m8@@@@@@@@@@@[0;34;40m              [0m                          
                             [0;36;5;40;100m [0;1;37;97;47m.[0;37;5;47;107m@@@@@@@@@[0;34;40m           [0m                             
                                [0;36;5;40;100m [0;1;37;97;47m;[0;37;5;47;107m@@@@@@[0;34;40m        [0m                                
                                   [0;36;5;40;100m [0;1;30;90;47m;[0;37;5;47;107m8@@[0;34;40m     [0m                                   
                                      [0;30;5;40;100mS[0;37;5;40;100m@[0;34;40m  [0m                                      
