[0;30;44m8[0;1;34;94;44m.......[0;1;30;90;47m8  [0;1;37;97;47m     [0;1;30;90;44m8[0;1;34;94;44m:::::::[0;1;30;90;47m%[0;1;37;97;47m       [0;1;30;90;44mX[0;1;34;94;44m:::::::[0;1;37;97;47m       [0;1;30;90;47m.[0;1;34;94;44m::.....[0;1;30;90;44mt[0;1;30;90;47m.......@[0;1;34;94;44m.. [0;1;30;90;44m.   8[0;1;30;90;47m;;;;;;;[0;36;5;40;100m [0m
[0;30;44m%[0;1;34;94;44m888888[0;34;5;44;104m8[0;1;37;97;47m [0;37;5;47;107mttttttt[0;36;5;44;104m8[0;34;5;44;104m8888888[0;37;5;47;107m8ttttttt[0;34;5;44;104m88888888[0;37;5;47;107mtttttttS[0;34;5;44;104m8888[0;1;34;94;44m888[0;34;5;44;104m8[0;37;5;47;107m%%%%SSS[0;1;37;97;47m%[0;1;34;94;44m88888888[0;37;5;47;107m@@@@@@@[0;37;5;40;100m8[0m
[0;30;44m%[0;1;34;94;44m8888[0;34;5;44;104m888[0;1;37;97;47m.[0;37;5;47;107mttttttt[0;36;5;44;104m8[0;34;5;44;104m8888888[0;37;5;47;107m8ttttttt[0;34;5;44;104m88888888[0;37;5;47;107mtttttttS[0;34;5;44;104m88888[0;1;34;94;44m88[0;34;5;44;104m8[0;37;5;47;107m%%%%%SS[0;1;37;97;47m%[0;1;34;94;44m88888888[0;37;5;47;107m@@@@@@@[0;37;5;40;100m8[0m
[0;30;44m%[0;1;34;94;44m888[0;34;5;44;104m8888[0;1;37;97;47m.[0;37;5;47;107mttttttt[0;36;5;44;104m@[0;34;5;44;104m8888888[0;37;5;47;107m8;;;;;;;[0;34;5;44;104m88888888[0;37;5;47;107mtttttttS[0;34;5;44;104m88888888[0;37;5;47;107m%%%%%%%[0;1;37;97;47m%[0;1;34;94;44m88888888[0;37;5;47;107mX@@@@@@[0;37;5;40;100m8[0m
[0;34;5;40;100m8[0;1;30;90;47m8888888@[0;1;37;97;47m       [0;1;30;90;47m88888888[0;1;37;97;47m        [0;1;30;90;47m88888888[0;1;37;97;47m        [0;1;30;90;47m88888888[0;1;37;97;47m    [0;1;30;90;47mSSS@88888888X@@@@@@[0;36;5;40;100m;[0m
[0;37;5;40;100m@[0;37;5;47;107mttttttt[0;36;5;40;100m.[0;34;5;44;104m8888888[0;1;37;97;47mt[0;37;5;47;107m;;;;;;;[0;34;5;44;104m@8888888[0;37;5;47;107m@;;;;;;;[0;34;5;44;104m88888888[0;37;5;47;107mttttttt@[0;34;5;44;104m88[0;1;34;94;44m88888[0;34;5;44;104m8[0;37;5;47;107m%SSSSSS[0;1;37;97;47m;[0;1;34;94;44m88888@@[0;30;44m%[0m
[0;37;5;40;100m8[0;37;5;47;107mttttttt[0;36;5;40;100m.[0;34;5;44;104m8888888[0;1;37;97;47mt[0;37;5;47;107m;;;;;;;[0;34;5;44;104m@8888888[0;37;5;47;107m@;;;;;;;[0;34;5;44;104m88888888[0;37;5;47;107mttttttt@[0;34;5;44;104m888[0;1;34;94;44m8888[0;34;5;44;104m8[0;37;5;47;107m%%SSSSS[0;1;37;97;47m;[0;1;34;94;44m88888@@[0;30;44m%[0m
[0;37;5;40;100m8[0;37;5;47;107mttttttt[0;36;5;40;100m [0;34;5;44;104m8888888[0;1;37;97;47m%[0;37;5;47;107m;;;;:::[0;36;5;44;104m@[0;34;5;44;104m@@@@@@@[0;37;5;47;107m@:::::;;[0;34;5;44;104m88888888[0;37;5;47;107mttttttt@[0;34;5;44;104m8888[0;1;34;94;44m888[0;34;5;44;104m8[0;37;5;47;107m%%%SSSS[0;1;37;97;47m;[0;1;34;94;44m888888@[0;30;44m%[0m
[0;37;5;40;100m8[0;37;5;47;107mttttttt[0;36;5;40;100m [0;34;5;44;104m8888888[0;1;37;97;47m%[0;37;5;47;107m;::::::[0;36;5;44;104m@[0;34;5;44;104m@@@@@@@[0;37;5;47;107mX:::::::[0;34;5;44;104m88888888[0;37;5;47;107m;tttttt@[0;34;5;44;104m88888[0;1;34;94;44m88[0;34;5;44;104m8[0;37;5;47;107m%%%SSSS[0;1;37;97;47m;[0;1;34;94;44m888888@[0;30;44m%[0m
[0;30;44m%[0;34;5;44;104m8888888[0;1;37;97;47m.[0;37;5;47;107mtttttt;[0;1;30;90;47m8[0;34;5;44;104m@@@@@@@[0;37;5;47;107m8:::::::[0;36;5;44;104mX[0;34;5;44;104m@@@@@@@[0;37;5;47;107m;;;ttttS[0;34;5;44;104m88888888[0;37;5;47;107m%%%%%%S[0;1;37;97;47mS[0;1;34;94;44m8888888[0;34;5;44;104m8[0;37;5;47;107mX@@@@@8[0;37;5;40;100m@[0m
[0;30;44m%[0;34;5;44;104m8888888[0;1;37;97;47m:[0;37;5;47;107m;;;;;;:[0;1;30;90;47m8[0;34;5;44;104m@@@@@@X[0;37;5;47;107m@.......[0;36;5;44;104mX[0;34;5;44;104mXXX@@@@[0;37;5;47;107m::::;;;%[0;34;5;44;104m88888888[0;37;5;47;107mtttttt%[0;1;37;97;47mS[0;1;34;94;44m8888888[0;34;5;44;104m8[0;37;5;47;107mSSXXXX@[0;37;5;40;100m8[0m
[0;30;44m%[0;34;5;44;104m8888888[0;1;37;97;47m:[0;37;5;47;107m;;;;:::[0;1;30;90;47m8[0;34;5;44;104m@@@XXXX[0;37;5;47;107mX       [0;36;5;44;104mX[0;34;5;44;104mXXXXX@@[0;37;5;47;107m:::::;;%[0;34;5;44;104m88888888[0;37;5;47;107mttttttt[0;1;37;97;47mS[0;1;34;94;44m8888888[0;34;5;44;104m8[0;37;5;47;107mSSXXXX@[0;37;5;40;100m8[0m
[0;30;44m%[0;34;5;44;104m8888888[0;1;37;97;47m:[0;37;5;47;107m;;;;:::[0;1;30;90;47m8[0;34;5;44;104m@@XXXXX[0;37;5;47;107mX       [0;36;5;44;104mS[0;34;5;44;104mXXXXXXX[0;37;5;47;107m..::::;t[0;34;5;44;104m88888888[0;37;5;47;107mttttttt[0;1;37;97;47mX[0;1;34;94;44m8888888[0;34;5;44;104m8[0;37;5;47;107mSSSXXX@[0;37;5;40;100m8[0m
[0;36;5;40;100m:[0;1;37;97;47m       [0;1;30;90;47m88888888[0;1;37;97;47m  ....:: [0;1;30;90;47m@@@@@@@[0;1;37;97;47m.::::...[0;1;30;90;47m88888888[0;1;37;97;47m        [0;1;30;90;47m88888888[0;1;37;97;47m  [0;1;30;90;47mSSSSS88888[0;37;5;40;100m::.[0;34;5;40;100m8[0m
[0;37;5;40;100m8[0;37;5;47;107mtttt;;;[0;1;30;90;47m8[0;34;5;44;104m888@@@@[0;1;37;97;47mX[0;37;5;47;107m..     [0;1;34;94;47m8[0;34;5;44;104mXS[0;36;5;44;104mXXXXX[0;37;5;47;107m%       [0;34;5;44;104mXX@@@@@@[0;37;5;47;107m;;;;;tt@[0;34;5;44;104m88888888[0;37;5;47;107m%%%%%%S[0;1;37;97;47m;[0;1;34;94;44m8888888[0;30;44m%[0m
[0;37;5;40;100m8[0;37;5;47;107mtttt;;;[0;1;30;90;47m8[0;34;5;44;104m888@@@@[0;1;37;97;47mX[0;37;5;47;107m.      [0;1;34;94;47m8[0;36;5;44;104mXXXXXXX[0;37;5;47;107m%       [0;34;5;44;104mXX@@@@@@[0;37;5;47;107m;;;;;;t@[0;34;5;44;104m88888888[0;37;5;47;107m%%%%%%S[0;1;37;97;47m;[0;1;34;94;44m8888888[0;30;44m%[0m
[0;37;5;40;100m8[0;37;5;47;107mtttt;;;[0;1;30;90;47m8[0;34;5;44;104m888@@@@[0;1;37;97;47mX[0;37;5;47;107m.      [0;1;34;94;47m8[0;36;5;44;104mXXXXXXX[0;37;5;47;107m%       [0;34;5;44;104mXXX@@@@@[0;37;5;47;107m;;;;;;t@[0;34;5;44;104m88888888[0;37;5;47;107m%%%%%%S[0;1;37;97;47m;[0;1;34;94;44m8888888[0;30;44m%[0m
[0;36;5;40;100m [0;1;37;97;47mttttt%%[0;36;5;40;100m:[0;1;34;94;44m%%S[0;1;30;90;44m8888[0;1;37;97;47m @@88888[0;36;5;40;100m tt;;;;;[0;1;37;97;47mS8888888[0;1;30;90;44m888888[0;1;34;94;44mS[0;1;30;90;44m8[0;1;37;97;47mS%%%%tt.[0;1;34;94;44mtttt;;;[0;1;30;90;44m8[0;1;37;97;47m;;:::::[0;1;30;90;47mX[0;1;34;94;44m:::::::[0;30;44m8[0m
[0;34;40m.;;;;[0;1;30;90;40mSSSXX@@888[0;30;5;40;100m8888@XXSS[0;36;5;40;100m%tt;;;;;tt[0;30;5;40;100m%SSX@@888[0;1;30;90;40m8888@@XXSS%[0;34;40m;;;;::::::..............  [0m
[0;34;40m.;;;;[0;1;30;90;40m%SSXX@@8888[0;30;5;40;100m888@@XXSS%[0;36;5;40;100mttttttt[0;30;5;40;100m%S[0;33;5;40;100mS[0;1;30;90;43m88[0;37;43mX[0;1;33;93;43mXX[0;1;30;90;43m888[0;33;5;40;100m8[0;1;30;90;40m88@@XXSS%[0;34;40m;;;;::::::..............  [0m
[0;34;40m.;;;;[0;1;30;90;40m%SSXX@@888[0;30;5;40;100m8XX88@@XXSSS%%%%S[0;33;5;40;100mS[0;37;43m@[0;37;5;43;103m8[0;1;33;93;47mX[0;37;5;47;107mt[0;37;5;43;103mSXSSSX[0;1;37;97;47m8[0;37;5;43;103mX[0;33;5;43;103mt[0;1;30;90;43m@[0;33;5;40;100m8[0;1;30;90;40mXXSSS[0;34;40m;;;;::::[0;31;40m:t%t:[0;34;40m...........   [0m
[0;34;40m.:;;;;[0;1;30;90;40mSSSX[0;30;5;40;100m@[0;1;30;90;43m@@[0;33;5;43;103mX[0;37;5;43;103mX[0;33;5;43;103m:.[0;37;5;43;103m%X@[0;1;33;93;43m8[0;1;30;90;43m8[0;33;5;40;100m@[0;30;5;40;100mXXXXSSS[0;33;5;40;100mS[0;37;43m@[0;37;5;43;103mS[0;37;5;47;107m;..[0;37;5;43;103mXSS[0;37;43mSS[0;33;5;43;103mt:[0;37;5;43;103mS[0;37;5;47;107mt;%[0;37;5;43;103m8[0;1;33;93;43mS[0;30;5;40;100mX[0;1;30;90;40mSS%[0;34;40m;;;[0;31;40m;[0;31;5;40;100mS[0;1;30;90;43m;[0;1;33;93;43m%[0;33;5;43;103mXt;;t%[0;1;33;93;43m8[0;1;30;90;43m.:[0;31;40mS[0;34;40m.......   [0m
[0;34;40m.:;;;;[0;1;30;90;40m%S[0;33;5;40;100m8[0;1;33;93;43m@[0;37;5;43;103m8[0;1;37;97;47m8[0;37;5;47;107mt[0;37;5;43;103m@[0;33;5;43;103m:::.[0;37;5;43;103m%X[0;37;5;47;107m;;[0;1;33;93;47mS[0;37;5;43;103mX[0;1;30;90;43m8[0;33;5;40;100mX[0;30;5;40;100m@XX[0;1;30;90;43m8[0;37;5;43;103mX[0;37;5;47;107m;   [0;37;5;43;103mSSS[0;31;5;40;100mS[0;30;5;40;100m8[0;1;30;90;40m8[0;30;5;40;100m@[0;33;5;43;103m%:[0;37;5;43;103m@[0;37;5;47;107m:;;S[0;33;5;43;103mt[0;1;30;90;43mS[0;1;30;90;40mS[0;34;40m;;[0;31;40m%[0;1;30;90;43mt[0;33;5;43;103m@[0;37;5;43;103m8[0;1;37;97;47m88[0;37;5;43;103mS[0;33;5;43;103m;;ttt[0;37;5;43;103m8[0;1;37;97;47m88[0;37;5;43;103mX[0;1;33;93;43mS[0;1;30;90;43m:[0;31;40m.[0;34;40m....   [0m
[0;34;40m ::;;;[0;1;30;90;40m8[0;1;33;93;43mX[0;37;5;43;103m8[0;37;5;47;107m%;;[0;37;5;43;103m8[0;33;5;43;103m:t[0;1;30;90;43m@[0;33;5;40;100m88[0;1;33;93;43m8[0;37;5;43;103m%S[0;37;5;47;107m;..[0;1;37;97;47m8[0;37;5;43;103mX[0;1;30;90;43m8[0;30;5;40;100m@@[0;33;5;40;100m@[0;33;5;43;103mS[0;37;5;43;103m%[0;37;5;47;107m. .[0;1;33;93;47mS[0;37;5;43;103mSS[0;33;5;40;100m8[0;1;30;90;40m88[0;33;5;40;100m8[0;33;5;43;103m;:[0;37;5;43;103mX[0;37;5;47;107m;;t[0;37;5;43;103m@[0;33;5;43;103m@[0;30;5;40;100mX[0;1;30;90;40m%[0;34;40m;[0;1;30;90;43m%[0;33;5;43;103mS[0;1;33;93;47m@[0;37;5;47;107m%t%[0;33;5;43;103m;;[0;1;33;93;43m@[0;1;30;90;43m;[0;31;40m@[0;1;30;90;43m;[0;33;5;43;103mStt[0;37;5;47;107mSSX[0;37;5;43;103m@[0;1;33;93;43mS[0;31;40mS[0;34;40m...   [0m
 [0;34;40m:::;[0;31;40m;[0;1;33;93;43mX[0;37;5;43;103mX[0;37;5;47;107mt;;t[0;33;5;43;103m::[0;1;30;90;43mX[0;1;30;90;40m@88[0;33;5;40;100m8[0;33;5;43;103m::[0;1;37;97;47m8[0;37;5;47;107m...t[0;37;5;43;103mS[0;33;5;40;100m8[0;30;5;40;100m888[0;1;30;90;43m8[0;37;5;43;103mX[0;1;33;93;47mS[0;37;5;47;107m;:[0;37;5;43;103mX[0;33;5;43;103m.:%%::[0;37;5;43;103m@[0;37;5;47;107m;t[0;1;33;93;47mX[0;33;5;43;103m%[0;1;30;90;43mS[0;1;30;90;40mX%[0;34;40m;[0;1;30;90;40m8[0;33;5;43;103mt[0;1;33;93;47mS[0;37;5;47;107mttt[0;1;37;97;47m8[0;33;5;43;103m;;[0;1;30;90;43m;[0;34;40m...[0;1;30;90;43m:[0;33;5;43;103mtt[0;37;5;47;107mXSSS[0;37;5;43;103mX[0;1;33;93;43mX[0;31;40m.[0;34;40m.   [0m 
 [0;34;40m.::;;[0;31;40m%[0;1;30;90;43mt[0;37;5;43;103mS[0;1;37;97;47m8[0;37;5;47;107mt;[0;37;5;43;103m8[0;33;5;43;103m:;[0;1;30;90;43mX@@[0;33;5;43;103mX:[0;37;5;43;103mS[0;37;5;47;107m;:;[0;37;5;43;103mX[0;33;5;43;103mX[0;33;5;40;100m8[0;30;5;40;100m888888[0;33;5;40;100m8[0;1;30;90;43m8[0;37;5;43;103mXX@[0;33;5;43;103m::::[0;37;5;43;103m@@[0;33;5;43;103mS[0;1;30;90;43mSX[0;1;30;90;40mXS%[0;34;40m;;;[0;30;5;40;100mX[0;1;33;93;43m@[0;37;5;43;103m8[0;37;5;47;107mSt%[0;33;5;43;103m;;@[0;1;30;90;43m;;:[0;33;5;43;103m%t[0;37;5;43;103mX[0;37;5;47;107mSS[0;1;37;97;47m8[0;33;5;43;103m%[0;1;30;90;43m.[0;31;40mt[0;34;40m..   [0m 
 [0;34;40m.:::;;;[0;30;5;40;100m@[0;1;30;90;43m%[0;33;5;43;103mt[0;1;33;93;47mX[0;37;5;47;107mS[0;1;33;93;47m@[0;33;5;43;103m;::::[0;37;5;43;103m@[0;37;5;47;107m%[0;1;37;97;47m8[0;37;5;43;103m@[0;33;5;43;103m8[0;1;30;90;43m8[0;1;30;90;40m88888888888[0;30;5;40;100m@[0;33;5;40;100m8[0;1;30;90;43m8@@@[0;33;5;40;100m8[0;1;30;90;40m8XSSS[0;34;40m;;;;;:[0;31;40m;[0;1;30;90;43mt[0;1;33;93;43mS[0;37;5;43;103mX[0;1;37;97;47m88[0;37;5;43;103m8[0;33;5;43;103mttttt[0;37;5;43;103m8[0;1;37;97;47m8[0;1;33;93;47m@[0;33;5;43;103m%[0;1;30;90;43m.[0;31;40m8[0;34;40m...    [0m 
  [0;34;40m:::::;;;[0;1;30;90;40mX[0;1;30;90;43mS%[0;1;33;93;43mS[0;33;5;43;103mXt;tS[0;1;33;93;43m8[0;1;30;90;43mX@[0;31;5;40;100mS[0;1;30;90;40m@@888888888@@@@@XXXXSSS%[0;34;40m;;;;;:::::[0;31;40mX[0;1;30;90;43m;:[0;1;33;93;43mX[0;33;5;43;103mX%%S8[0;1;33;93;43m%[0;1;30;90;43m::[0;31;40m;[0;34;40m.....    [0m 
  [0;34;40m.:::::;;;;;;[0;1;30;90;40mSSSSXXXXXX@@@@@@@@@@@XXXXXSSSS%[0;34;40m;;;;;;::::::::...............    [0m  
  [0;34;40m.[0;30;44mXS[0;1;30;90;44m%%%[0;36;5;40;100m:       [0;34;5;40;100m8[0;1;30;90;44m@@@@@88[0;36;5;40;100m [0;37;5;40;100mXXXXXXX[0;34;5;40;100m8[0;1;30;90;44m8888@@@[0;37;5;40;100mSS%[0;36;5;40;100m     [0;1;30;90;44mSSS%%%[0;30;44mS[0;1;30;90;44mS[0;36;5;40;100m       .[0;30;44mXXXX@@@[0;1;30;90;44mX[0;36;5;40;100m     [0;34;40m.[0m  
   [0;30;44m:[0;34;5;44;104m8888[0;1;37;97;47m.[0;37;5;47;107mttttttt[0;36;5;44;104m@[0;34;5;44;104m8888888[0;37;5;47;107m8;;;;;;;[0;34;5;44;104m88888888[0;37;5;47;107mtttttttS[0;34;5;44;104m88888888[0;37;5;47;107mt%%%%%%[0;1;37;97;47mS[0;1;34;94;44m8888888[0;34;5;44;104m8[0;37;5;47;107mXX@@[0;1;30;90;47m%[0m   
    [0;1;34;94;44mX[0;34;5;44;104m888[0;1;37;97;47m.[0;37;5;47;107mttttttt[0;36;5;44;104m@[0;34;5;44;104m8888888[0;37;5;47;107m8;;;;;;;[0;34;5;44;104m88888888[0;37;5;47;107mtttttttS[0;34;5;44;104m88888888[0;37;5;47;107m%%%%%%S[0;1;37;97;47m%[0;1;34;94;44m88888888[0;37;5;47;107mX@@[0;1;37;97;47m8[0m    
    [0;34;40m8[0;1;34;94;44m8[0;34;5;44;104m88[0;1;37;97;47m.[0;37;5;47;107mttttttt[0;36;5;44;104m8[0;34;5;44;104m8888888[0;37;5;47;107m8ttttttt[0;34;5;44;104m88888888[0;37;5;47;107mtttttttS[0;34;5;44;104m88888[0;1;34;94;44m88[0;34;5;44;104m8[0;37;5;47;107m%%%%%SS[0;1;37;97;47m%[0;1;34;94;44m88888888[0;37;5;47;107m@@@[0;36;5;40;100mt[0m    
     [0;30;44m@[0;1;34;94;44m8[0;34;5;44;104m8[0;1;37;97;47m [0;37;5;47;107m%%%%%tt[0;36;5;44;104m8[0;34;5;44;104m8888888[0;37;5;47;107m8ttttttt[0;34;5;44;104m88888888[0;37;5;47;107mttttt%%X[0;34;5;44;104m8888[0;1;34;94;44m888[0;34;5;44;104m8[0;37;5;47;107mSSSSSSS[0;1;37;97;47m%[0;1;34;94;44m88888888[0;37;5;47;107m@@[0;36;5;40;100m [0m     
      [0;1;30;90;47m8[0;37;5;47;107m%[0;36;5;44;104m8[0;1;34;94;44m8[0;34;5;44;104m888888[0;1;37;97;47m;[0;37;5;47;107mttttttt[0;34;5;44;104m88888888[0;37;5;47;107m8ttttttt[0;34;5;44;104m88888888[0;37;5;47;107mt%%%%%%8[0;1;34;94;44m8888888[0;34;5;44;104m8[0;37;5;47;107mSXXXXX@[0;1;37;97;47m:[0;1;34;94;44m@[0;30;44m;[0m      
       [0;1;30;90;47mX[0;36;5;44;104m8[0;1;34;94;44m8888[0;34;5;44;104m888[0;1;37;97;47m:[0;37;5;47;107mttttttt[0;34;5;44;104m88888888[0;37;5;47;107m8ttttttt[0;34;5;44;104m888888[0;1;34;94;44m8[0;34;5;44;104m8[0;37;5;47;107m%%%%%%%8[0;1;34;94;44m8888888[0;34;5;44;104m8[0;37;5;47;107mXXXXX@@[0;1;37;97;47m.[0;30;44m.[0m       
        [0;1;30;90;44m%[0;1;34;94;44m8888888[0;1;37;97;47m:[0;37;5;47;107mttttttt[0;34;5;44;104m88888888[0;37;5;47;107m8ttttttt[0;34;5;44;104m88[0;1;34;94;44m88888[0;34;5;44;104m8[0;37;5;47;107m%%%%%%S8[0;1;34;94;44m88888888[0;37;5;47;107mXXX@@@@[0;1;30;90;47m8[0m        
         [0;30;44mS[0;1;34;94;44m888888[0;1;37;97;47m:[0;37;5;47;107m%%%%ttt[0;34;5;44;104m88888888[0;37;5;47;107m8ttttt%%[0;1;34;94;44m88888888[0;37;5;47;107m%%%%SSS8[0;1;34;94;44m88888888[0;37;5;47;107mXX@@@@[0;37;5;40;100mX[0m         
          [0;34;40m8[0;1;30;90;47m8XSSS88888888@SSSSSSS88888888SSSSSXXX88888888X@@@@@@8[0;37;5;40;100m::::[0;36;5;40;100m [0;34;5;40;100mS[0m          
            [0;1;37;97;47m:[0;37;5;47;107mS%%[0;36;5;44;104m8[0;1;34;94;44m8888888[0;1;37;97;47m@[0;37;5;47;107m%%%%%%%[0;34;5;44;104m8[0;1;34;94;44m8888888[0;37;5;47;107m%%%%%SSX[0;1;34;94;44m88888888[0;37;5;47;107mXXXXXX@[0;1;37;97;47mt[0;1;34;94;44m@@@;[0m            
             [0;37;5;40;100m@[0;37;5;47;107mXS[0;36;5;44;104m8[0;1;34;94;44m8888888[0;1;37;97;47m@[0;37;5;47;107m%%%%%%%[0;34;5;44;104m8[0;1;34;94;44m8888888[0;37;5;47;107mSSSSSSS@[0;1;34;94;44m88888888[0;37;5;47;107mXXXX@@@[0;1;37;97;47m;[0;1;34;94;44m@@[0;30;44m%[0m             
              [0;30;5;40;100m8[0;1;37;97;47m;[0;36;5;44;104m8[0;1;34;94;44m8888888[0;1;37;97;47mX[0;37;5;47;107mSSSSSSS[0;34;5;44;104m8[0;1;34;94;44m8888888[0;37;5;47;107mSSSSSSS@[0;1;34;94;44m88888888[0;37;5;47;107mXX@@@@@[0;1;37;97;47m;[0;1;34;94;44m;[0;34;40mS[0m              
                [0;30;44m8[0;1;34;94;44m@[0;34;5;44;104m888888[0;1;37;97;47m ;;;;;;;[0;36;5;44;104m8[0;34;5;44;104m8888888[0;1;37;97;47m:::::::.[0;34;5;44;104m888888[0;1;34;94;44m8[0;34;5;44;104m8[0;1;37;97;47m.....  [0;36;5;40;100m [0m                
                  [0;37;5;40;100m8[0;37;5;47;107m@SSSS[0;1;34;94;44m88888888[0;1;37;97;47m8[0;37;5;47;107mSSSSSSS[0;1;34;94;44m88888888[0;37;5;47;107mXXXX@@@[0;1;37;97;47m8[0;1;34;94;44m@@@@@[0;30;44mt[0m                  
                    [0;1;30;90;47m8[0;37;5;47;107m8XX[0;1;34;94;44m88888888[0;1;37;97;47m@[0;37;5;47;107mXXXXXXX[0;1;34;94;44m88888888[0;37;5;47;107mX@@@@@@[0;1;37;97;47m8[0;1;34;94;44m@@X[0;30;44mt[0m                    
                      [0;37;5;40;100m@[0;1;37;97;47m8[0;1;34;94;44m88888888[0;1;37;97;47m@[0;37;5;47;107mXXXXXXX[0;1;34;94;44m88888888[0;37;5;47;107m@@@@@@@[0;1;37;97;47m8[0;1;34;94;44mX[0;30;44m%[0m                      
                        [0;30;44m@[0;1;34;94;44m%888888[0;1;37;97;47m@[0;37;5;47;107mXXXX@@@[0;1;34;94;44m888@@@@8[0;37;5;47;107m@@@@@@[0;1;37;97;47mS[0;36;5;40;100m [0m                        
                          [0;34;40m8[0;37;5;40;100mS[0;1;37;97;47m:;;;[0;1;34;94;44m88888888[0;1;37;97;47m;;;;;;;:[0;1;34;94;44m8888[0;1;30;90;44m8[0;30;5;40;100m8[0m                          
                             [0;36;5;40;100m [0;1;37;97;47m.[0;37;5;47;107m@[0;1;34;94;44m8@@@@@@@[0;37;5;47;107m@@@@@@@8[0;1;34;94;44m@:[0;30;44m@[0m                             
                                [0;30;44mX[0;1;34;94;44m;@@@@@@[0;37;5;47;107m@@@@@@[0;1;37;97;47mt[0;37;5;40;100mS[0m                                
                                   [0;30;44m@[0;1;34;94;44m X@@[0;37;5;47;107m@@8[0;1;30;90;47m.[0;36;5;40;100m [0m                                   
                                      [0;34;40m@[0;30;44mS[0;37;5;40;100mX[0;36;5;40;100m%[0m                                      
