[0;36;5;40;100m:[0;1;30;90;47mSSSSSSSSS%%%%%%%%%%%[0;34;5;40;100m@[0;1;34;94;44m::::::::::::::::::[0;1;30;90;47m%%%%%%%%%SSSSSSSSS[0;37;5;40;100mX[0;1;34;94;44m....... [0;1;30;90;44m.      [0;30;44m     8[0m
[0;36;5;40;100m [0;1;37;97;47m@8888888888888888888%[0;34;5;44;104m888888888888888888[0;1;37;97;47m88888888888888888S[0;1;34;94;44m888888888888888@@@@@@[0;30;44m%[0m
[0;36;5;40;100m [0;1;37;97;47m888888888888888888888 [0;34;5;44;104m88888888888888888[0;1;37;97;47m88888888888888888[0;36;5;40;100m%[0;1;34;94;44m8888888888888888@@@@@[0;30;44m%[0m
[0;36;5;40;100m [0;1;37;97;47m8888888888888888888888[0;1;30;90;47m8[0;34;5;44;104m8888888888888888[0;1;37;97;47m8888888888888888[0;1;30;90;47m8[0;1;34;94;44m888888888888888888@@@@[0;30;44m%[0m
[0;36;5;40;100m [0;1;37;97;47m88888888888888888888[0;37;5;47;107m888[0;1;30;90;47m8[0;34;5;44;104m888888888888888[0;1;37;97;47m 88888888888888[0;1;30;90;47m@[0;34;5;44;104m8[0;1;34;94;44m8888888888888888888@@@[0;30;44m%[0m
[0;1;30;90;44mt[0;1;30;90;47m8[0;1;37;97;47mS88888888888888[0;37;5;47;107m8888888[0;1;37;97;47m8[0;36;5;44;104m8[0;34;5;44;104m8888888888888[0;1;30;90;47m@8[0;37;5;47;107m8[0;1;37;97;47m888888888888 [0;34;5;44;104m888[0;1;34;94;44m8888888888888888888@[0;36;5;40;100m  [0m
[0;30;44m%[0;34;5;44;104m88[0;1;30;90;47m8[0;1;37;97;47m%8888888888[0;37;5;47;107m8888888888[0;1;37;97;47m@[0;34;5;44;104m@888888888888[0;1;37;97;47m@[0;34;5;44;104m8[0;1;37;97;47m@[0;37;5;47;107m88[0;1;37;97;47m888888888%[0;34;5;44;104m88888[0;1;34;94;44m88888888888888888[0;1;30;90;47m8[0;1;37;97;47m;S[0;36;5;40;100m [0m
[0;30;44m%[0;34;5;44;104m8888[0;37;5;40;100m.[0;1;37;97;47m:888888[0;37;5;47;107m8888888888888[0;1;37;97;47m%[0;34;5;44;104m@@@@@@@@@88[0;1;30;90;47m8[0;37;5;47;107m8[0;34;5;44;104m8[0;1;30;90;47m@[0;37;5;47;107m8888[0;1;37;97;47m8888888[0;34;5;44;104m8888888[0;1;34;94;44m88888888888888[0;1;30;90;47m8[0;1;37;97;47m%SSS[0;36;5;40;100m [0m
[0;30;44m%[0;34;5;44;104m888888[0;36;5;40;100m.[0;1;37;97;47m.88[0;37;5;47;107m8888888888888888[0;1;37;97;47m [0;34;5;44;104m@@@@@@@@@@[0;1;37;97;47m [0;37;5;47;107m8[0;34;5;44;104m8[0;36;5;44;104m8[0;37;5;47;107m88888[0;1;37;97;47m88888[0;1;30;90;47m8[0;34;5;44;104m88888888[0;1;34;94;44m88888888888[0;1;30;90;47m8[0;1;37;97;47mSXSSSS[0;36;5;40;100m [0m
[0;30;44m%[0;34;5;44;104m88888888[0;36;5;40;100m:[0;1;37;97;47m [0;37;5;47;107m88888888888@@@@@@[0;1;30;90;47m8[0;34;5;44;104mXX@@@@@@@[0;37;5;47;107m88[0;34;5;44;104m@8[0;1;37;97;47mt[0;37;5;47;107m888888[0;1;37;97;47m88[0;1;30;90;47m8[0;34;5;44;104m8888888888[0;1;34;94;44m88888888[0;1;30;90;47mX[0;1;37;97;47mXXXXXSSS[0;36;5;40;100m [0m
[0;30;44m%[0;34;5;44;104m8888888888[0;36;5;44;104m8[0;1;37;97;47m [0;37;5;47;107m8888888@@@@@XXXX[0;1;30;90;47m8[0;34;5;44;104mXXXXXX@[0;1;30;90;47m8[0;37;5;47;107m@8[0;34;5;44;104m@@[0;1;30;90;47m8[0;37;5;47;107m8888888[0;1;37;97;47m [0;34;5;44;104m88888888888[0;1;34;94;44m88888[0;36;5;44;104m8[0;1;37;97;47m @@@XXXXSSS[0;36;5;40;100m [0m
[0;30;44m%[0;34;5;44;104m888888888888@[0;1;37;97;47m %[0;37;5;47;107m88@@@@XXXXXXX8[0;36;5;44;104mX[0;34;5;44;104mXXXXXX[0;1;37;97;47m@[0;37;5;47;107m@@[0;34;5;44;104m@@@[0;37;5;47;107m888888[0;1;37;97;47mt[0;34;5;44;104m8888888888888[0;1;34;94;44m8[0;34;5;44;104m8[0;36;5;40;100mt[0;1;37;97;47m @@@@@XXXXXSS[0;36;5;40;100m [0m
[0;30;44m%[0;34;5;44;104m888888888888@@[0;1;30;90;47m8@8[0;1;37;97;47m [0;37;5;47;107m8XXXXXXXXXX[0;1;37;97;47m8[0;36;5;44;104mX[0;34;5;44;104mXXXX[0;1;30;90;47m8[0;37;5;47;107mXX@[0;34;5;44;104m@@@[0;1;37;97;47m [0;37;5;47;107m8888[0;1;37;97;47m8[0;34;5;44;104m888888888888[0;36;5;40;100mt[0;1;30;90;47m888[0;1;37;97;47m@8@@@@@XXXXXSS[0;36;5;40;100m [0m
[0;30;44m%[0;34;5;44;104m888888888888@@@[0;37;5;40;100m [0;1;37;97;47m%[0;1;30;90;47m@[0;36;5;44;104mX[0;1;30;90;47m8X[0;1;37;97;47m%[0;37;5;47;107mXXXXXXXX[0;1;37;97;47mt[0;34;5;44;104mXXXX[0;1;37;97;47m [0;37;5;47;107mXXX[0;34;5;44;104mX@@[0;1;30;90;47m8[0;37;5;47;107m8888[0;36;5;40;100m [0;34;5;44;104m888888888[0;1;30;90;47m8[0;1;37;97;47m S[0;1;30;90;47m8[0;34;5;44;104m8[0;1;30;90;47m%[0;1;37;97;47m888@@@@@@XXXXSS[0;36;5;40;100m [0m
[0;30;44m%[0;34;5;44;104m88888888888@@@@@X[0;1;37;97;47m:[0;37;5;47;107m8[0;1;37;97;47m [0;36;5;44;104mX[0;34;5;44;104mX[0;36;5;44;104mX[0;1;30;90;47m8[0;1;37;97;47m.[0;37;5;47;107m8SSSSS[0;1;37;97;47m [0;34;5;44;104mXX[0;36;5;44;104mX[0;37;5;47;107m@XXX[0;34;5;44;104mXX@@[0;1;37;97;47m@[0;37;5;47;107m88[0;1;30;90;47m8[0;34;5;44;104m888888[0;36;5;40;100m.[0;1;30;90;47m@[0;1;37;97;47m%8S[0;1;30;90;47m8[0;34;5;44;104m88[0;1;37;97;47mt8888@@@@@@XXXXSS[0;36;5;40;100m [0m
[0;30;44m%[0;34;5;44;104m88888888888@@@@XXX[0;1;30;90;47mX[0;37;5;47;107mX@[0;1;37;97;47m [0;37;5;44;104m8[0;34;5;44;104mS[0;36;5;44;104mXX[0;1;30;90;47m8[0;1;37;97;47m X[0;37;5;47;107mXSS[0;1;30;90;47m8[0;34;5;44;104mX[0;1;30;90;47m8[0;37;5;47;107mXXXX[0;34;5;44;104mXX@@[0;1;30;90;47m@[0;37;5;47;107m8[0;1;37;97;47m [0;34;5;44;104m8888[0;1;30;90;47m8[0;1;37;97;47m 888%[0;1;30;90;47m8[0;34;5;44;104m88[0;1;30;90;47m8[0;1;37;97;47m@888888@@@@@XXXXXS[0;36;5;40;100m [0m
[0;30;44m%[0;34;5;44;104m88888888888@@@@XXXX[0;1;30;90;47m8[0;1;37;97;47m8[0;37;5;47;107mXX[0;1;37;97;47m.[0;1;30;90;47m8[0;36;5;44;104mXXXX[0;37;5;44;104m8[0;1;30;90;47m8[0;1;37;97;47m [0;37;5;47;107m8[0;1;30;90;47m8[0;1;37;97;47m@[0;37;5;47;107mXXXX[0;34;5;44;104mXXX@[0;36;5;44;104m@[0;1;37;97;47mt[0;34;5;44;104m@[0;1;30;90;47m8S[0;1;37;97;47mX[0;37;5;47;107m888[0;1;37;97;47m8:[0;37;5;40;100m.[0;34;5;44;104m888[0;1;37;97;47m 88888888@@@@@XXXXXS[0;36;5;40;100m [0m
[0;30;44m%[0;34;5;44;104m8888888888@@@@@XXXXX[0;36;5;44;104mX[0;1;37;97;47m:[0;37;5;47;107mXSS[0;1;37;97;47m%[0;1;30;90;47m8[0;36;5;44;104mXXXXXX[0;1;30;90;47m8[0;37;5;47;107m8XXXX[0;34;5;44;104mXXX@@[0;1;37;97;47mt[0;37;5;47;107m888888[0;1;37;97;47m.[0;36;5;40;100m.[0;34;5;44;104m888[0;36;5;44;104m8[0;1;37;97;47mS888888888@@@@@XXXXXS[0;36;5;40;100m [0m
[0;36;5;40;100mt[0;1;30;90;47m88[0;36;5;44;104m8[0;34;5;44;104m88888888@@@@XXXXXXX[0;1;30;90;47m@[0;37;5;47;107mXSSS[0;1;37;97;47mS[0;1;30;90;47m8[0;36;5;44;104mXXXX[0;34;5;44;104mS[0;1;30;90;47m8[0;37;5;47;107m@XXX[0;34;5;44;104mXXX@[0;1;37;97;47m:[0;37;5;47;107m88888[0;1;37;97;47m [0;36;5;40;100m:[0;34;5;44;104m8888[0;1;30;90;47m8[0;1;37;97;47m88888888888@@@@@XX.[0;1;30;90;47m%8[0;37;5;40;100m;[0;1;30;90;44m8[0m
[0;36;5;40;100m [0;1;37;97;47m88888% [0;1;30;90;47mX88[0;36;5;44;104m8[0;34;5;44;104m@@@@XXXXXXXX[0;1;30;90;47m8[0;37;5;47;107m8SSSS[0;1;37;97;47m@[0;1;30;90;47m8[0;36;5;44;104mX[0;34;5;44;104mSXX[0;1;30;90;47m8[0;37;5;47;107mXXX[0;34;5;44;104mXX@[0;1;37;97;47m [0;37;5;47;107m8888[0;1;37;97;47m [0;34;5;44;104m888888[0;1;37;97;47m 88888888888S [0;1;30;90;47m@8[0;36;5;40;100m [0;1;34;94;44m8888888[0;30;44m%[0m
[0;36;5;40;100m [0;1;37;97;47m88888[0;37;5;47;107m8888888[0;1;37;97;47m8; [0;1;30;90;47m@88[0;36;5;44;104mX[0;34;5;44;104mXXXXX[0;36;5;44;104mX[0;1;37;97;47m [0;37;5;47;107mXSSXX8[0;1;30;90;47m8[0;36;5;44;104mX[0;34;5;44;104mXX[0;1;37;97;47m [0;37;5;47;107mXX[0;34;5;44;104mXX[0;1;30;90;47m8[0;37;5;47;107m@88[0;1;37;97;47m [0;34;5;44;104m@88888[0;36;5;40;100m:[0;1;37;97;47mX88888% [0;1;30;90;47m88[0;36;5;40;100m:[0;34;5;44;104m8[0;1;34;94;44m8888888888888[0;30;44m%[0m
[0;36;5;40;100m [0;1;37;97;47m888888[0;37;5;47;107m888888888@@@X@[0;1;37;97;47mX: [0;1;30;90;47m88[0;1;34;94;47m8[0;1;30;90;47m8[0;37;5;47;107m@XXXXX8[0;1;30;90;47m@[0;36;5;44;104mX[0;34;5;44;104mX[0;1;37;97;47m:[0;37;5;47;107mX[0;34;5;44;104mX[0;36;5;44;104m@[0;37;5;47;107m88[0;1;30;90;47m@[0;34;5;44;104m@888888[0;1;30;90;47m8[0;1;37;97;47m; [0;1;30;90;47m88[0;36;5;40;100m:[0;34;5;44;104m88888[0;1;34;94;44m8888888888888888[0;30;44mS[0m
[0;36;5;40;100m.[0;1;37;97;47m8888888[0;37;5;47;107m888888888@@@XXXXX8[0;1;37;97;47m [0;1;30;90;47m8[0;36;5;44;104mX[0;1;30;90;47m88X[0;1;37;97;47m t[0;37;5;47;107m8X8[0;1;37;97;47m [0;36;5;44;104mX[0;1;37;97;47mX[0;34;5;44;104mX[0;1;37;97;47m%[0;1;30;90;47m8[0;34;5;44;104m@@@[0;36;5;44;104m8[0;1;30;90;47m88S[0;1;37;97;47m %[0;1;30;90;47m%8[0;34;5;44;104m888888888[0;1;34;94;44m8888888888888888[0;30;44m8[0m
[0;30;5;40;100m8[0;1;37;97;47m8888888[0;37;5;47;107m8888888888@@@@[0;1;37;97;47mt[0;1;30;90;47m@[0;36;5;44;104mX[0;34;5;44;104mXXXXXXXXXXX[0;36;5;44;104mX[0;1;30;90;47m8XS88[0;1;37;97;47m t[0;37;5;47;107m888888[0;1;37;97;47m88888.[0;1;30;90;47m8[0;34;5;44;104m888888[0;1;34;94;44m8888888888888888[0;34;40m@[0m
 [0;1;37;97;47m88888888[0;37;5;47;107m888888888[0;1;37;97;47m@ [0;1;30;90;47m8[0;34;5;44;104m@@@XXXXXXX[0;36;5;44;104mX[0;1;30;90;47m88[0;1;37;97;47m .X%[0;1;30;90;47m8[0;1;37;97;47m [0;1;30;90;47m8[0;1;37;97;47m [0;36;5;44;104m@[0;34;5;44;104m@[0;36;5;40;100m.[0;1;30;90;47m88[0;1;37;97;47m :@88888888S[0;1;30;90;47mX[0;36;5;40;100m [0;34;5;44;104m8[0;1;34;94;44m88888888888888888[0m 
 [0;1;30;90;47m;[0;1;37;97;47m88888888[0;37;5;47;107m8888[0;1;37;97;47m8 [0;1;30;90;47m8[0;36;5;44;104m8[0;34;5;44;104m@@@@@[0;36;5;44;104m@[0;1;30;90;47m88@[0;1;37;97;47m t[0;37;5;47;107m8@@@@@[0;1;37;97;47m;[0;1;30;90;47m8[0;34;5;44;104m@[0;1;30;90;47m8[0;37;5;47;107m8[0;34;5;44;104m@[0;1;30;90;47m8[0;37;5;47;107m8[0;1;37;97;47m [0;36;5;44;104m8[0;34;5;44;104m8888888[0;36;5;40;100m.[0;1;30;90;47m88[0;1;37;97;47m ;88888.[0;1;30;90;47m8[0;34;5;44;104m8[0;1;34;94;44m8888888888888t[0m 
 [0;36;5;40;100m [0;1;37;97;47m888888888X[0;1;30;90;47mX[0;37;5;40;100m.[0;34;5;44;104m888[0;37;5;40;100m.[0;1;30;90;47m8X[0;1;37;97;47m S[0;37;5;47;107m88888888888[0;1;37;97;47m.[0;36;5;40;100m.[0;34;5;44;104m@@[0;1;30;90;47m8[0;37;5;47;107m88[0;34;5;44;104m88[0;1;30;90;47m%[0;37;5;47;107m88[0;1;37;97;47m.[0;36;5;40;100m.[0;34;5;44;104m888888888888[0;36;5;44;104m8[0;37;5;40;100m:[0;1;30;90;47m8S[0;1;37;97;47m.XS[0;1;30;90;47mS[0;36;5;40;100m [0;1;34;94;44m8888888888[0;30;44m%[0m 
  [0;1;37;97;47m888888; [0;1;30;90;47m88X[0;1;37;97;47m S[0;37;5;47;107m8888888888888888[0;1;37;97;47m [0;36;5;44;104m@[0;34;5;44;104m@88@[0;1;37;97;47m8[0;37;5;47;107m88[0;34;5;44;104m888[0;1;37;97;47m:[0;37;5;47;107m8[0;1;37;97;47m88:[0;37;5;40;100m.[0;34;5;44;104m88888888888[0;1;34;94;44m8888888[0;36;5;40;100m:[0;1;30;90;47m8[0;37;5;40;100m:[0;34;5;40;100m%[0;1;34;94;44m888888@[0;34;40m%[0m 
  [0;37;5;40;100mS[0;1;30;90;47m88[0;36;5;40;100m:[0;34;5;44;104m88888888888888888888888[0;1;30;90;47m88[0;34;5;44;104m88888[0;1;37;97;47mt[0;37;5;47;107m888[0;34;5;44;104m8888[0;1;37;97;47mX8888[0;1;30;90;47m88[0;1;37;97;47mX@@@@@@@XXXXXXXSSSSSS% [0;1;30;90;47m@8[0;36;5;40;100m.[0;1;30;90;44m@[0m  
  [0;34;40mS[0;1;34;94;44m8[0;34;5;44;104m88888888888888888888888[0;1;30;90;47m8[0;1;37;97;47m%[0;37;5;47;107m8[0;34;5;44;104m88888[0;1;37;97;47m [0;37;5;47;107m8888[0;34;5;44;104m8888[0;36;5;44;104m8[0;1;37;97;47m8888;[0;34;5;44;104m88[0;1;30;90;47m8[0;1;37;97;47mX88888888@@@@@@XXXXXSSSS[0;30;5;40;100m8[0m  
   [0;30;44m:[0;34;5;44;104m888888888888888888888[0;1;30;90;47m8[0;1;37;97;47mX[0;37;5;47;107m88[0;1;37;97;47m [0;34;5;44;104m8888[0;1;30;90;47m8[0;37;5;47;107m88[0;1;37;97;47m88X[0;34;5;44;104m88888[0;1;30;90;47m8[0;1;37;97;47m8888[0;36;5;44;104m8[0;34;5;44;104m888[0;1;30;90;47m8[0;1;37;97;47m%88888@@@@@@XXXXXSSSS[0;1;30;90;47m8[0m   
    [0;1;34;94;44mX[0;34;5;44;104m888888888888888888[0;1;30;90;47m8[0;1;37;97;47m88888[0;1;30;90;47m8[0;34;5;44;104m888[0;1;30;90;47m8[0;1;37;97;47m8888.[0;34;5;44;104m8[0;1;37;97;47m%[0;36;5;44;104m8[0;34;5;44;104m8888[0;1;30;90;47m8[0;1;37;97;47m888[0;1;30;90;47mS[0;34;5;44;104m8888[0;1;34;94;44m8[0;37;5;40;100m.[0;1;37;97;47m;8@@@@@@@XXXXXXSSS:[0m    
    [0;34;40m8[0;1;34;94;44m8[0;34;5;44;104m888888888888888[0;1;30;90;47m8[0;1;37;97;47m@88888@[0;34;5;44;104m8888[0;1;37;97;47m8888[0;1;30;90;47m8[0;34;5;44;104m88[0;1;37;97;47m88[0;1;30;90;47m8[0;34;5;44;104m8888[0;1;37;97;47m 888[0;34;5;44;104m88[0;1;34;94;44m88888[0;36;5;40;100m.[0;1;37;97;47m.@@@@@XXXXXSSSS%[0;30;5;40;100mX[0m    
     [0;30;44m@[0;1;34;94;44m88[0;34;5;44;104m88888888888[0;1;30;90;47mS[0;1;37;97;47m88888888[0;1;30;90;47m8[0;34;5;44;104m888[0;1;37;97;47m%88X[0;36;5;40;100m:[0;34;5;44;104m888[0;1;37;97;47m888 [0;34;5;44;104m8888[0;1;37;97;47m;88[0;1;30;90;47m8[0;1;34;94;44m88888888[0;36;5;40;100m%[0;1;30;90;47mt[0;1;37;97;47m@@XXXXXSSSSS[0;36;5;40;100m [0m     
      [0;30;44mt[0;1;34;94;44m888[0;34;5;44;104m8888888[0;1;37;97;47m 8888888888[0;34;5;44;104m888[0;1;37;97;47m 88 [0;34;5;44;104m88888[0;1;37;97;47m8888%[0;34;5;44;104m8888[0;1;37;97;47mX8:[0;1;34;94;44m88888888888[0;1;30;90;47m%[0;1;37;97;47mXXXXSSSSS[0;37;5;40;100m@[0m      
       [0;30;44m:[0;1;34;94;44m88888[0;34;5;44;104m8[0;36;5;40;100m;[0;1;37;97;47m 88888888888;[0;34;5;44;104m88[0;1;30;90;47m@[0;1;37;97;47m88[0;1;30;90;47m8[0;34;5;44;104m888888[0;1;37;97;47m888888[0;1;30;90;47m8[0;1;34;94;44m88[0;36;5;40;100m.[0;1;37;97;47m88[0;34;5;44;104m8[0;1;34;94;44m888888888888[0;1;30;90;47m8[0;1;37;97;47mSSSSSS[0;1;30;90;47m8[0m       
        [0;30;44m;[0;1;34;94;44m888[0;36;5;40;100m.[0;1;37;97;47m.8888888888888[0;1;30;90;47m8[0;34;5;44;104m8[0;1;30;90;47m8[0;1;37;97;47m8%[0;36;5;44;104m8[0;34;5;44;104m8888888[0;1;37;97;47m8888888 [0;1;34;94;44m88[0;1;30;90;47m8[0;1;37;97;47m@[0;1;30;90;47m8[0;1;34;94;44m88888888888888[0;1;30;90;47m8[0;1;37;97;47m%SS[0;37;5;40;100m8[0m        
         [0;30;44mS[0;37;5;40;100m.[0;1;37;97;47m;888888888888888[0;34;5;44;104m8[0;36;5;44;104m8[0;1;37;97;47m8 [0;34;5;44;104m888888[0;1;34;94;44m888[0;1;37;97;47m8888888@%[0;34;5;44;104m8[0;1;34;94;44m8[0;1;30;90;47m@[0;1;37;97;47mS[0;1;34;94;44m8888888888888888[0;1;30;90;47m8[0;36;5;40;100m [0m         
          [0;30;5;40;100mS[0;1;37;97;47m%@@@88888888888[0;1;30;90;47m%[0;34;5;44;104m8[0;1;37;97;47m%[0;1;30;90;47m8[0;1;34;94;44m8888888888[0;1;37;97;47m8888@@@@@@[0;1;30;90;47m8[0;1;34;94;44m8[0;1;37;97;47m [0;36;5;40;100m:[0;1;34;94;44m888888888888@@X[0;34;40m8[0m          
            [0;1;30;90;47m;[0;1;37;97;47m@@@@@@@888888[0;36;5;40;100m.[0;1;30;90;47m%[0;34;5;44;104m8[0;1;34;94;44m88888888888[0;1;37;97;47m@@@@@@@@@@@ [0;1;34;94;44m8[0;1;30;90;47m@[0;1;34;94;44m8888888888@@@;[0m            
             [0;36;5;40;100m [0;1;37;97;47mX@@@@@@@@@@%[0;37;5;40;100m:[0;1;34;94;44m8888888888888[0;1;37;97;47m@@@@@@@@@XXX%[0;1;30;90;47m8[0;1;34;94;44m88888888@@@@[0;30;44m%[0m             
              [0;1;30;90;40m8[0;1;30;90;47m;[0;1;37;97;47m@@@@@@@@@[0;1;30;90;47m8[0;1;34;94;44m88888888888888[0;1;37;97;47m@@@@@XXXXXXXXX[0;1;30;90;47m8[0;1;34;94;44m88888@@@@;[0;34;40mS[0m              
                [0;36;5;40;100m:[0;1;37;97;47m;X@@@@@[0;1;30;90;47m8[0;1;34;94;44m888888888888888[0;1;37;97;47mXXXXXXXXXXXXXSS[0;36;5;40;100m:[0;1;34;94;44m88@@@@S[0;30;44m8[0m                
                  [0;36;5;40;100m [0;1;37;97;47mSXXX [0;1;34;94;44m8888888888888888[0;1;37;97;47mXXXXXXXXXSSSSSS%[0;1;34;94;44m8@@@@[0;30;44mt[0m                  
                    [0;37;5;40;100mX[0;1;37;97;47m%;[0;1;34;94;44m88888888888888888[0;1;37;97;47mXXXXXSSSSSSSSSS%.[0;1;34;94;44m@X[0;30;44mt[0m                    
                      [0;1;30;90;44m8[0;1;34;94;44mX8888888888888888[0;1;37;97;47mSSSSSSSSSSSS%%%%;[0;36;5;40;100m:[0m                      
                        [0;30;44m@[0;1;34;94;44m%88888888888888[0;1;37;97;47mSSSSSSSS%%%%%%[0;1;30;90;47m.[0;36;5;40;100m [0m                        
                          [0;34;40m@[0;30;44m.[0;1;34;94;44m@888@@@@@@@@[0;1;37;97;47mSS%%%%%%%%%%[0;1;30;90;47m8[0;30;5;40;100mS[0m                          
                             [0;30;44m@[0;1;34;94;44m:@@@@@@@@@[0;1;37;97;47m%%%%%%%%%[0;1;30;90;47mt[0;36;5;40;100m [0m                             
                                [0;30;44mX[0;1;34;94;44m;@@@@@@[0;1;37;97;47m%%%%%%[0;1;30;90;47m:[0;36;5;40;100m [0m                                
                                   [0;30;44m@[0;1;34;94;44m X@@[0;1;37;97;47m%%t[0;1;30;90;47mX[0;36;5;40;100m [0m                                   
                                      [0;34;40m@[0;30;44mS[0;36;5;40;100m [0;30;5;40;100mX[0m                                      
