[0;30;41m8[0;1;31;91;41m........:::::::::::::::::::::::::::::::::::::::::................ [0;1;30;90;41m.      [0;30;41m     8[0m
[0;30;41m%[0;1;31;91;41m888888[0;31;5;41;101m888888888888888888888888888888888888888888888[0;1;31;91;41m888888888888888888888@@@@@@[0;30;41m%[0m
[0;30;41m%[0;1;31;91;41m8888[0;31;5;41;101m888888888888888888888888888888888888888888888888[0;1;31;91;41m888888888888888888888@@@@@[0;30;41m%[0m
[0;30;41m%[0;1;31;91;41m888[0;31;5;41;101m888888888888888888888888888888888888888888888888888[0;1;31;91;41m88888888888888888888@@@@[0;30;41m%[0m
[0;30;41m%[0;1;31;91;41m8[0;31;5;41;101m8888888888888888888888888888888888888888888888888888888[0;1;31;91;41m8888888888888888888@@@[0;30;41m%[0m
[0;30;41m%[0;31;5;41;101m888888888888888888888888888888888888888888888888888888888[0;1;31;91;41m8888888888888888888@@[0;30;41m%[0m
[0;30;41m%[0;31;5;41;101m8888888888888888888888888888888888888888888888888888888888[0;1;31;91;41m888888888888888888@@[0;30;41m%[0m
[0;30;41m%[0;31;5;41;101m888888888888[0;1;31;91;41m88888888888888888888888888888888@@@@@@@@@@@@XXXXXXXXX@88888888888@[0;30;41m%[0m
[0;30;41m%[0;31;5;41;101m888888888888[0;1;30;90;41mX[0;1;30;90;40mXXX@@@8888888888888888888@@@XXXSSS%[0;34;40m;;;;;:::::::.....[0;31;40m8[0;1;31;91;41m88888888888@[0;30;41m%[0m
[0;30;41m%[0;31;5;41;101m888888888888[0;1;30;90;41mX[0;1;30;90;40mX@@@8888888[0;30;5;40;100m888888888[0;1;30;90;40m8888888@@@XXXSS%[0;34;40m;;;;;::::::.....[0;31;40m8[0;1;31;91;41m888888888888[0;30;41m%[0m
[0;30;41m%[0;31;5;41;101m888888888888[0;1;30;90;41m@[0;1;30;90;40m@@88888[0;30;5;40;100m888888888888[0;36;5;40;100m:[0;30;5;40;100mX[0;35;5;40;100m%[0;31;5;40;100mSS@S[0;1;31;91;41mX[0;1;30;90;41m8@@[0;31;40m8[0;1;30;90;40mXXXSS%[0;34;40m;;;;:::::::....[0;31;40m8[0;1;31;91;41m888888888888[0;30;41m%[0m
[0;30;41m%[0;31;5;41;101m888888888888[0;1;30;90;41m@[0;1;30;90;40m@8888[0;30;5;40;100m888888@@@[0;31;5;40;100m@@@@[0;30;5;40;100m@[0;37;5;40;100mS[0;36;5;40;100m  [0;37;5;40;100m%[0;35;5;40;100m.[0;31;5;40;100mX[0;1;30;90;41m888[0;1;31;91;41mS@[0;1;30;90;41m@@XXX[0;31;40mX[0;1;30;90;40mS%[0;34;40m;;;;:::::::...[0;31;40m8[0;1;31;91;41m888888888888[0;30;41m%[0m
[0;30;41m%[0;31;5;41;101m888888888888[0;1;30;90;41m8[0;1;30;90;40m8888[0;30;5;40;100m8888@@@[0;31;5;40;100mX[0;35;5;40;100mt[0;31;5;40;100mX[0;1;31;91;41m8[0;1;30;90;41m88[0;31;5;41;101m@8[0;31;5;40;100m@[0;30;5;40;100m@[0;31;5;40;100m@888[0;30;5;40;100m88[0;1;30;90;40m8[0;1;30;90;41m8[0;31;5;41;101m@[0;1;31;91;41mS[0;1;30;90;40m8@[0;1;30;90;41mX[0;1;31;91;41mS[0;1;30;90;41mSS[0;30;41m8[0;31;40mX[0;34;40m;;;;::::::...[0;31;40m8[0;1;31;91;41m888888888888[0;30;41m%[0m
[0;30;41m%[0;31;5;41;101m888888888888[0;1;30;90;41m8[0;1;30;90;40m888[0;30;5;40;100m8888@@X[0;31;5;40;100mX[0;35;5;40;100m. [0;31;5;41;101m8[0;31;5;40;100mSSSS[0;31;5;41;101m8@[0;31;5;40;100mX[0;30;5;40;100mX@@8888[0;1;30;90;41m8[0;31;5;41;101m@[0;1;30;90;41m8[0;1;30;90;40m8[0;1;30;90;41m@[0;1;31;91;41m8[0;1;30;90;41mXXS[0;1;31;91;41mt[0;1;30;90;41m%%[0;30;41mX[0;31;40m;[0;34;40m;::::::...[0;31;40m8[0;1;31;91;41m888888888888[0;30;41m%[0m
[0;30;41m%[0;31;5;41;101m88888888888@[0;1;30;90;41m8[0;1;30;90;40m88[0;30;5;40;100m8888@@[0;31;5;40;100mX[0;35;5;40;100m  [0;37;5;40;100m8[0;35;5;40;100m %%[0;36;5;40;100mt%%[0;31;5;40;100mS[0;31;5;41;101mX[0;1;30;90;41m8[0;31;5;40;100mX[0;30;5;40;100mX@@[0;31;5;40;100m8[0;1;30;90;41m8[0;1;31;91;41m88[0;1;30;90;41m8[0;1;30;90;40m88[0;1;30;90;41m@[0;1;31;91;41mS[0;1;30;90;40mXX[0;31;40m@[0;31;5;41;101m8[0;1;30;90;41mS%[0;1;31;91;41mS[0;1;30;90;41m%[0;30;41mX[0;34;40m;::::::..[0;31;40m8[0;1;31;91;41m888888888888[0;30;41m%[0m
[0;30;41m%[0;31;5;41;101m88888888888@[0;1;30;90;41m8[0;1;30;90;40m88[0;30;5;40;100m888@@X[0;37;5;40;100m%X[0;36;5;40;100m [0;35;5;40;100m %t[0;36;5;40;100mtttt[0;35;5;40;100m%[0;35;5;41;101m8[0;31;5;40;100mSSXX[0;1;31;91;41m8[0;31;5;41;101m@[0;1;31;91;41m8[0;1;30;90;41m8[0;31;5;40;100m8[0;1;30;90;40m888[0;1;30;90;41m8[0;1;31;91;41mS[0;1;30;90;41m@X[0;1;31;91;41m@[0;1;30;90;41mS[0;31;40m8%[0;30;41m@[0;1;31;91;41mt[0;1;30;90;41mt[0;30;41mX[0;31;40mS[0;34;40m:::::..[0;31;40m8[0;1;31;91;41m888888888888[0;30;41m%[0m
[0;30;41m%[0;31;5;41;101m88888888888@[0;1;30;90;41m8[0;1;30;90;40m8[0;30;5;40;100m8888@[0;31;5;40;100mX[0;30;5;40;100mXSS[0;35;5;40;100m%tt[0;36;5;40;100m;;;;;[0;35;5;40;100mt[0;35;5;41;101m8[0;31;5;40;100m%S[0;31;5;41;101m8@[0;31;5;40;100m@@[0;30;5;40;100m@[0;31;5;40;100m888[0;1;30;90;41m888@@XX[0;31;40mX[0;1;30;90;40mS%[0;34;40m;[0;31;40m%[0;1;30;90;41mt[0;1;31;91;41mt[0;1;30;90;41m;[0;31;40mS[0;34;40m::::..[0;31;40m8[0;1;31;91;41m888888888888[0;30;41m%[0m
[0;30;41m%[0;31;5;41;101m8888888888@@[0;1;30;90;41m8[0;1;30;90;40m8[0;30;5;40;100m888@[0;31;5;40;100m@XXSS[0;35;5;40;100m%tt;;;[0;36;5;40;100m:;[0;35;5;40;100mt[0;35;5;41;101mX[0;35;5;40;100m%[0;31;5;41;101m8[0;1;30;90;41m8[0;31;5;40;100mX[0;30;5;40;100mX[0;31;5;40;100m@[0;31;5;41;101m8[0;1;30;90;41m88[0;1;31;91;41mXXX[0;1;30;90;41m8[0;1;31;91;41mX@X%@%[0;1;30;90;41mS[0;31;40m@[0;34;40m;[0;31;40m;[0;30;41mS[0;1;31;91;41mt%[0;31;40m;[0;34;40m:::..[0;31;40m8[0;1;31;91;41m888888888888[0;30;41m%[0m
[0;30;41m%[0;31;5;41;101m88888888888@[0;1;30;90;41m8[0;1;30;90;40m8[0;30;5;40;100m888[0;31;5;40;100m@[0;1;30;90;41m888[0;1;31;91;41m8[0;31;5;40;100mS[0;35;5;40;100m%%t[0;35;5;41;101m8X[0;35;5;40;100m;;;t[0;35;5;41;101mX[0;31;5;40;100mS[0;1;30;90;41m8[0;31;5;40;100mS[0;30;5;40;100mX@@[0;31;5;40;100m8[0;1;30;90;41m8[0;1;31;91;41m8[0;31;5;41;101m8[0;1;31;91;41m888[0;31;5;41;101m8[0;1;31;91;41m8[0;31;5;41;101m88[0;1;31;91;41m@@88[0;1;30;90;41mt[0;30;41m8[0;31;40m;[0;30;41mX[0;1;31;91;41m;;[0;31;40mt[0;34;40m::..[0;31;40m8[0;1;31;91;41m888888888888[0;30;41m%[0m
[0;30;41m%[0;31;5;41;101m88888888888@[0;1;30;90;41m8[0;1;30;90;40m88[0;30;5;40;100m8[0;31;5;40;100m@[0;35;5;40;100m;[0;1;31;91;41m8[0;31;5;41;101m8[0;31;5;40;100mXX[0;30;5;40;100mSS%[0;35;5;40;100mttt[0;35;5;41;101m8X[0;35;5;40;100m%%[0;31;5;41;101mX[0;31;5;40;100mSS[0;30;5;40;100mXX@@8[0;1;30;90;41m8[0;31;5;41;101m8[0;1;31;91;41m8[0;31;5;41;101m8[0;1;30;90;41m8@@X[0;1;30;90;40mX[0;30;41m8[0;1;30;90;41mS[0;31;5;41;101m8[0;1;31;91;41m8[0;31;5;41;101m8[0;1;31;91;41m8%[0;1;30;90;41mt[0;31;40m@[0;30;41m%[0;1;31;91;41m;[0;1;30;90;41m:[0;34;40m::..[0;31;40m8[0;1;31;91;41m888888888888[0;30;41m%[0m
[0;30;41m%[0;31;5;41;101m88888888888@[0;1;30;90;41m8[0;1;30;90;40m88[0;30;5;40;100m8[0;31;5;40;100m8[0;35;5;40;100m:;[0;31;5;40;100m@[0;30;5;40;100mXXXSSS%%[0;31;5;40;100m%[0;31;5;41;101m8X[0;31;5;40;100mSS[0;31;5;41;101m8[0;31;5;40;100mXX[0;30;5;40;100m@@8[0;31;5;40;100m8[0;1;31;91;41m@[0;31;5;41;101m@@[0;1;31;91;41m8[0;31;5;40;100m8[0;1;30;90;40m@@X[0;1;30;90;41mXX[0;31;40mS[0;30;41m@[0;1;30;90;41m%[0;30;41mX[0;1;30;90;41mt[0;1;31;91;41m8X@[0;31;40m8[0;30;41mX[0;1;31;91;41mt[0;1;30;90;41m;[0;34;40m:..[0;31;40m8[0;1;31;91;41m888888888888[0;30;41m%[0m
[0;30;41mS[0;31;5;41;101m888888888888[0;1;30;90;41m8[0;1;30;90;40m888[0;31;5;40;100m@[0;37;5;40;100m8[0;35;5;40;100m.[0;1;30;90;41m8[0;31;5;40;100m@[0;30;5;40;100m@XX[0;36;5;40;100m [0;37;5;40;100m@[0;35;5;40;100m [0;1;30;90;47m@[0;30;5;40;100mS[0;31;5;40;100mS[0;31;5;41;101m@X8[0;1;30;90;41m8888[0;31;5;41;101m8[0;1;30;90;41m8[0;1;31;91;41m888[0;1;30;90;41m8[0;31;5;40;100m88[0;1;30;90;40m@@[0;31;40m8[0;1;31;91;41m%St[0;1;30;90;41mS[0;31;40mt[0;34;40m;[0;31;40m;[0;1;30;90;41mt[0;31;5;41;101m8[0;1;31;91;41m@@[0;31;40m8[0;1;31;91;41mS@[0;34;40m...[0;30;41m8[0;1;31;91;41m888888888888[0;30;41mS[0m
[0;30;41m8[0;31;5;41;101m888888888888[0;1;30;90;41m@[0;1;30;90;40m888[0;35;5;40;100mt[0;37;5;40;100mX[0;36;5;40;100m:[0;31;5;40;100mX8[0;30;5;40;100m8X[0;1;30;90;47m8[0;31;5;40;100m@[0;1;31;91;41m8[0;31;5;41;101m88[0;31;5;40;100mX[0;30;5;40;100mX[0;31;5;40;100m@[0;31;5;41;101m8XXXXXXX@@88[0;1;31;91;41m88[0;1;30;90;41m@X[0;1;31;91;41mXX@X[0;1;30;90;41m%%[0;31;40mS[0;34;40m;[0;31;40mS[0;31;5;41;101m8[0;1;31;91;41m88t[0;31;40m@[0;1;31;91;41m8[0;31;40m;[0;34;40m..[0;30;41mS[0;1;31;91;41m888888888888[0;30;41m8[0m
[0;31;40mX[0;31;5;41;101m888888888888[0;1;30;90;41m@[0;1;30;90;40m@88[0;36;5;40;100m  [0;1;30;90;40m8[0;30;5;40;100m888X8[0;31;5;40;100m8[0;1;30;90;41m8[0;31;5;41;101m8[0;1;31;91;41m8[0;31;5;40;100m@[0;30;5;40;100m@[0;31;5;40;100m@8[0;31;5;41;101m8XXXX@@@@@@8888[0;1;31;91;41m8[0;31;5;41;101m8[0;1;31;91;41m8XXtt[0;31;40m%[0;34;40m:[0;1;31;91;41mS888[0;30;41mX%[0;31;40mS[0;34;40m..[0;1;30;90;41m:[0;1;31;91;41m888888888888[0;31;40m@[0m
 [0;1;31;91;41m8[0;31;5;41;101m88888888888[0;1;31;91;41m8[0;1;30;90;40m@@8[0;1;30;90;41m8[0;31;5;40;100m8[0;1;30;90;40m8[0;31;5;40;100m88[0;1;30;90;41m8[0;31;5;40;100m88[0;30;5;40;100m88[0;31;5;40;100m8[0;31;5;41;101m@8[0;31;5;40;100m8[0;30;5;40;100m88[0;31;5;40;100m8[0;1;31;91;41m8[0;31;5;41;101m8@@@@88@8[0;1;31;91;41m8[0;31;5;41;101m8[0;1;31;91;41m888[0;31;5;41;101m88[0;1;31;91;41m8[0;31;5;41;101m8[0;1;30;90;41mt[0;1;31;91;41m%[0;1;30;90;41mt[0;31;40m;[0;34;40m:[0;31;40mt[0;1;31;91;41mS[0;31;5;41;101m8[0;1;31;91;41m:[0;31;40mt@[0;34;40m.[0;31;40m.[0;1;31;91;41mX888888888888[0m 
 [0;1;31;91;41m;[0;31;5;41;101m888888888888[0;1;30;90;41mX[0;1;30;90;40m@@[0;1;30;90;41m@@8[0;1;31;91;41mX[0;1;30;90;41m888[0;1;31;91;41m8[0;1;30;90;41m8[0;31;5;40;100m8[0;30;5;40;100m8[0;31;5;41;101m8[0;1;30;90;41m8[0;31;5;41;101m8[0;1;30;90;41m8[0;30;5;40;100m8[0;1;30;90;40m88[0;1;30;90;41m8[0;1;31;91;41m8[0;31;5;41;101m8@@[0;1;31;91;41m8[0;31;5;41;101m888888[0;1;31;91;41m8[0;31;5;41;101m88[0;1;31;91;41m8[0;31;5;41;101m88[0;1;31;91;41mtSt[0;30;41mS[0;34;40m::[0;1;30;90;41m;[0;31;5;41;101m8[0;1;31;91;41mX[0;31;40m::[0;34;40m.[0;31;40m8[0;1;31;91;41m888888888888t[0m 
 [0;30;41mS[0;31;5;41;101m888888888888[0;1;31;91;41mt[0;1;30;90;40mXX[0;1;30;90;41m@[0;1;31;91;41mSX[0;1;30;90;41m8[0;1;30;90;40m888[0;31;5;40;100m8[0;31;5;41;101m8[0;1;30;90;41m8[0;35;5;40;100m%[0;37;5;40;100mS[0;30;5;40;100m8[0;31;5;40;100m8[0;1;31;91;41m@8[0;1;30;90;41m8[0;31;5;40;100m8[0;1;30;90;41m8[0;31;5;41;101m@8[0;1;31;91;41m8XX[0;31;5;41;101m888888888[0;1;31;91;41mS[0;1;30;90;41mtt[0;1;31;91;41m@8t%[0;34;40m::[0;1;30;90;41m:[0;31;5;41;101m8[0;1;31;91;41m%[0;31;40m:[0;34;40m..[0;1;31;91;41m:888888888888[0;30;41m%[0m 
  [0;1;31;91;41m8[0;31;5;41;101m888888888888[0;30;41m8[0;1;30;90;40mX[0;31;40m8[0;1;31;91;41mX[0;1;30;90;41mX[0;1;30;90;40m@@@@8[0;1;31;91;41m8[0;1;30;90;41m8[0;1;30;90;40m88888[0;1;30;90;41m8[0;1;31;91;41mS[0;31;5;41;101m8[0;1;31;91;41m88[0;31;5;41;101m8[0;1;30;90;41mX[0;1;30;90;40m@[0;1;31;91;41m@[0;31;5;41;101m8888888[0;1;31;91;41m8[0;31;5;41;101m8[0;1;31;91;41m8[0;1;30;90;41mt[0;31;40mt[0;1;30;90;41m;[0;31;5;41;101m8[0;1;31;91;41m;X[0;31;40mtS[0;1;31;91;41m88[0;1;30;90;41m:[0;34;40m..[0;31;40m8[0;1;31;91;41m888888888888@[0;31;40m%[0m 
  [0;1;30;90;41m:[0;31;5;41;101m888888888888[0;1;31;91;41m@[0;1;30;90;40mSS[0;30;41m8[0;1;31;91;41mS[0;1;30;90;41mXXXXX[0;1;31;91;41m%[0;1;30;90;40m@@@@[0;36;5;40;100mt[0;1;30;90;40m8@@@[0;1;30;90;41m@@[0;1;31;91;41mX[0;1;30;90;40mXX[0;1;30;90;41mS[0;31;5;41;101m88888[0;1;31;91;41m@@@[0;31;5;41;101m88[0;1;30;90;41mt[0;31;40m:[0;1;31;91;41m%8%%[0;31;40m%[0;34;40m:[0;30;41mS[0;1;31;91;41m@[0;31;40m8[0;34;40m.[0;31;40m:[0;1;31;91;41m%888888888888.[0m  
  [0;31;40mS[0;1;31;91;41m8[0;31;5;41;101m888888888888[0;1;30;90;41m%[0;1;30;90;40mS[0;31;40mS[0;1;30;90;41mS[0;1;31;91;41mS[0;1;30;90;41mX[0;30;41m8[0;1;30;90;41mX[0;31;40m8[0;1;30;90;40mXXX8[0;35;5;40;100m [0;31;5;40;100mX[0;1;31;91;41m@[0;1;30;90;41mX[0;1;30;90;40mXX@[0;36;5;40;100m [0;1;30;90;40m8SS[0;31;40m@[0;1;31;91;41mX[0;31;5;41;101m88[0;1;31;91;41mX[0;31;40mX[0;1;30;90;41m%[0;31;5;41;101m888[0;1;31;91;41m@[0;30;41m8[0;31;40m;[0;30;41mX[0;31;5;41;101m8[0;1;31;91;41m%t[0;31;40m:[0;34;40m.[0;30;41m;[0;1;30;90;41m:[0;31;40m.[0;34;40m.[0;30;41mt[0;1;31;91;41m888888888888@[0;31;40mX[0m  
   [0;30;41m:[0;31;5;41;101m8888888888888[0;1;30;90;41m%[0;34;40m;[0;31;40m@[0;1;31;91;41m%[0;1;30;90;41mS[0;31;40mS[0;1;30;90;40mSSSSS[0;30;5;40;100m8[0;1;30;90;41m8[0;1;31;91;41m88@[0;1;30;90;41mS[0;31;40m8[0;1;30;90;40mSSS[0;31;40mtX[0;30;41m8[0;1;30;90;41m%[0;31;5;41;101m88[0;1;30;90;41mt[0;34;40m;[0;1;30;90;41mt[0;31;5;41;101m888[0;1;30;90;41m;[0;30;41m8[0;34;40m:[0;31;40mS[0;31;5;41;101m8[0;1;31;91;41mS[0;30;41m@[0;34;40m.[0;31;40mX[0;1;30;90;41m:[0;31;40m;[0;34;40m.[0;30;41m8[0;1;31;91;41m8888888888888[0;30;41m.[0m   
    [0;1;31;91;41mX[0;31;5;41;101m8888888888888[0;30;41m8[0;34;40m;[0;31;40mt[0;1;30;90;41m%[0;1;31;91;41mX[0;31;40m8[0;1;30;90;40m%%%S[0;36;5;40;100m [0;31;5;40;100m8[0;31;40m8[0;30;41m8[0;1;30;90;41m%[0;1;31;91;41m88%X8[0;31;5;41;101m888[0;1;31;91;41m8S[0;1;30;90;41mt[0;35;5;40;100m:[0;31;40mt[0;1;31;91;41m@[0;31;5;41;101m88[0;1;31;91;41mS[0;30;41m@[0;34;40m:[0;31;40m8[0;1;31;91;41mX8[0;1;30;90;41m:[0;31;40m;S[0;1;30;90;41m:[0;31;40m;[0;34;40m.[0;31;40m8[0;1;31;91;41m8888888888888S[0m    
    [0;31;40m8[0;1;31;91;41m8[0;31;5;41;101m888888888888[0;1;31;91;41m8[0;30;41m8[0;34;40m;[0;31;40mt[0;30;41mX[0;1;31;91;41m@[0;1;30;90;41m%[0;31;40mX[0;34;40m;;;;;;;[0;1;30;90;41m%%[0;34;40m;;[0;31;40m;ttt[0;34;40m;:;[0;30;5;40;100m8[0;1;30;90;41m;[0;31;5;41;101m8[0;1;31;91;41m8X[0;31;40m@:[0;1;30;90;41m;[0;31;5;41;101m8[0;1;31;91;41m8t[0;31;40m%8[0;30;41mX[0;31;40m:[0;34;40m.[0;31;40m8[0;1;31;91;41m@888888888888@[0;31;40m8[0m    
     [0;30;41m@[0;1;31;91;41m88[0;31;5;41;101m888888888888[0;1;30;90;41mt[0;31;40m;;@[0;1;30;90;41mt[0;1;31;91;41mX[0;1;30;90;41mt[0;30;41m8[0;31;40mt[0;34;40m;;;;[0;35;5;40;100m:[0;31;5;40;100m%[0;34;40m;;;::::[0;31;40mt[0;30;41mS[0;1;31;91;41mX[0;31;5;41;101m8[0;1;31;91;41m8[0;30;41m8[0;31;40m@[0;34;40m::[0;30;41mX[0;1;31;91;41m8;[0;31;40m8[0;30;41m@[0;31;40mS[0;34;40m.[0;31;40m.[0;30;41mX[0;1;31;91;41m8888888888888@[0;30;41mX[0m     
      [0;30;41mt[0;1;31;91;41m888[0;31;5;41;101m88888888888[0;1;30;90;41m;[0;31;40mt[0;34;40m:[0;31;40m;8[0;30;41mX[0;1;31;91;41mS8[0;1;30;90;41m;[0;30;41mS[0;31;40m8%;[0;34;40m:[0;31;40m:;%@[0;30;41m8%[0;1;30;90;41m;[0;1;31;91;41m88X[0;30;41m8[0;31;40m@%@[0;30;41mX[0;1;31;91;41m;S[0;30;41m@[0;31;40mSS[0;34;40m..[0;31;40m:[0;1;30;90;41m:[0;1;31;91;41m8888888888888@[0;30;41m;[0m      
       [0;30;41m:[0;1;31;91;41m88888[0;31;5;41;101m888888888[0;1;31;91;41mX[0;31;40m8[0;34;40m::[0;31;40m:8[0;30;41m8[0;1;30;90;41m;[0;1;31;91;41m88888888@%@t[0;31;40m88;[0;34;40m:[0;30;41mS[0;1;31;91;41m8@;[0;30;41m@[0;31;40mt[0;34;40m....[0;31;40mX[0;1;31;91;41m%888888888888@@[0;30;41m.[0m       
        [0;30;41m;[0;1;31;91;41m88888888[0;31;5;41;101m888888[0;1;31;91;41m8[0;1;30;90;41m;[0;31;40m;[0;34;40m::::[0;31;40m;S%[0;30;41m88[0;31;40m@@[0;30;41mX8[0;31;40m;t;S8[0;30;41mXt[0;1;30;90;41m:[0;30;41m8[0;31;40mX.[0;34;40m....[0;31;40m;[0;30;41mt[0;1;31;91;41m8888888888888@@[0;30;41m:[0m        
         [0;30;41mS[0;1;31;91;41m888888888888[0;31;5;41;101m888[0;1;31;91;41m@[0;30;41mX[0;31;40m:[0;34;40m:::::::[0;31;40m;@[0;30;41m8@@@8[0;31;40m@S:[0;34;40m.......[0;31;40m.[0;30;41m8[0;1;31;91;41mX8888888888888@@[0;30;41mS[0m         
          [0;31;40m8[0;1;31;91;41m@888888888888888%[0;30;41m8[0;31;40m:[0;34;40m....................[0;31;40m.8[0;1;31;91;41m;8888888888888@@X[0;31;40m8[0m          
            [0;1;31;91;41m;8888888888888888%[0;30;41m8[0;31;40m:[0;34;40m................[0;31;40m.[0;30;41m8[0;1;31;91;41mt8888888888888@@@;[0m            
             [0;30;41m%[0;1;31;91;41m88888888888888888X[0;30;41mS[0;31;40m;[0;34;40m............[0;31;40m:[0;30;41mX[0;1;31;91;41mS8888888888888@@@@[0;30;41m%[0m             
              [0;31;40mS[0;1;31;91;41m;888888888888888888[0;1;30;90;41m:[0;31;40m8.[0;34;40m......[0;31;40m.@[0;30;41m:[0;1;31;91;41m@8888888888888@@@@;[0;31;40mS[0m              
                [0;30;41m8[0;1;31;91;41mS888888888888888888X[0;30;41mt[0;31;40mX..S[0;30;41m%[0;1;31;91;41mS88888888888888@@@@S[0;30;41m8[0m                
                  [0;30;41m%[0;1;31;91;41m@8888888888888888888S%88888888888888@@@@@@[0;30;41mt[0m                  
                    [0;30;41mt[0;1;31;91;41m@888888888888888888888888888888@@@@@@X[0;30;41mt[0m                    
                      [0;30;41m%[0;1;31;91;41mX888888888888888888888888@@@@@@@@X[0;30;41m%[0m                      
                        [0;30;41m@[0;1;31;91;41m%88888888888888888@@@@@@@@@@@%[0;30;41m@[0m                        
                          [0;31;40m@[0;30;41m.[0;1;31;91;41m@888@@@@@@@@@@@@@@@@@@@@[0;30;41m [0;31;40m8[0m                          
                             [0;30;41m@[0;1;31;91;41m:@@@@@@@@@@@@@@@@@@:[0;30;41m@[0m                             
                                [0;30;41mX[0;1;31;91;41m;@@@@@@@@@@@@t[0;30;41mS[0m                                
                                   [0;30;41m@[0;1;31;91;41m X@@@@@.[0;30;41m@[0m                                   
                                      [0;31;40m@[0;30;41mS%[0;31;40m@[0m                                      
