[0;34;40m ..................:::::::::::::::::::::..........................              [0m
[0;34;40m.......:::::::::::::;;;;;;;;;;;;;;;;;;;:::::::::::::..................          [0m
[0;34;40m.....:::::::::::;;;;;;;;;;;;;;;;;;;;;;;;;;;::::::::::..................         [0m
[0;34;40m....:::::::::;;;;;;;;;[0;1;30;90;40m%%SSSSSSSSSSS%%[0;34;40m;[0;31;40mt;[0;34;40m;;;;;;:::::::::.................        [0m
[0;34;40m..:::::::::;;;;;;;[0;1;30;90;40m%SSSSSSSSSXXXXX[0;1;30;90;41m8SSSS[0;31;5;40;100mS[0;1;30;90;41m8%%%%%[0;30;41mS[0;31;40m8;[0;34;40m:::::::::................       [0m
[0;34;40m.::::::::;;;;;;[0;1;30;90;40m%SSSSSXXXXX[0;31;40m8[0;1;30;90;40mXXX[0;1;30;90;47mX[0;36;5;40;100m [0;31;5;40;100mS%[0;35;5;40;100m [0;37;5;40;100m%[0;35;5;40;100m t[0;1;30;90;41mS[0;1;31;91;41m%XX%t[0;1;30;90;41m%%[0;31;40m@[0;34;40m;;;::::::::...............       [0m
[0;34;40m.:::::::;;;;;[0;1;30;90;40m%SSSSXXXX@[0;30;41m8[0;1;30;90;41m@@@@[0;1;30;90;40m@@8[0;36;5;40;100m   [0;35;5;40;100m.[0;31;5;40;100m88[0;1;30;90;41mXXXX[0;30;41m88[0;1;31;91;41m%S8[0;30;41m@[0;31;40m8[0;1;31;91;41mXXt[0;1;30;90;41mt[0;31;40m8X;[0;34;40m::::...............      [0m
[0;34;40m.:::::;;;;;[0;1;30;90;40m%SSSXXXX@@[0;1;30;90;41m@@[0;1;31;91;41m8[0;1;30;90;41m88[0;1;31;91;41mX[0;31;5;41;101m8[0;1;31;91;41m8S[0;1;30;90;41m8[0;1;30;90;40m88[0;1;30;90;41m888@@@[0;1;30;90;40m@@XX[0;1;30;90;41mS[0;1;31;91;41m8[0;31;5;41;101m8[0;1;31;91;41mt[0;30;41m8[0;31;40mt8[0;30;41mS[0;1;30;90;41mt[0;1;31;91;41mS:[0;1;30;90;41m;[0;31;40m:t:[0;34;40m::...............     [0m
[0;34;40m.::::;;;;;[0;1;30;90;40m%SSSXXX@[0;1;30;90;41m@[0;35;5;40;100m  [0;1;31;91;41mX[0;31;5;41;101m8[0;1;31;91;41m@[0;1;30;90;41m888[0;1;31;91;41m8[0;31;5;41;101m8@8[0;1;30;90;41m8[0;30;5;40;100m8[0;1;30;90;40m888888@@@X[0;1;30;90;41mX[0;1;31;91;41m@[0;31;5;41;101m8[0;1;31;91;41m%[0;30;41m8[0;1;30;90;40m%[0;30;41m8[0;1;31;91;41m%SX%St;[0;1;30;90;41m;[0;30;41m@[0;31;40m;:[0;34;40m..............     [0m
[0;34;40m.:::;;;;;[0;1;30;90;40mSSSXXX@@[0;1;30;90;41m88[0;31;5;40;100m@[0;35;5;40;100m.[0;1;30;90;41m8[0;1;31;91;41m8[0;1;30;90;41m8[0;31;5;40;100m88[0;30;5;40;100m88[0;1;30;90;41m8[0;1;31;91;41m8[0;31;5;41;101mX8[0;1;30;90;41m8[0;30;5;40;100m8[0;1;30;90;40m88888888[0;1;30;90;41m@@[0;31;5;41;101m8[0;1;31;91;41m8[0;1;30;90;41mX[0;1;30;90;40mS[0;30;41m@[0;1;31;91;41mt8[0;35;41m;[0;31;40m8%%[0;30;41mS[0;1;31;91;41mt[0;1;30;90;41m;[0;1;31;91;41m;t;[0;31;40m@[0;34;40m..............    [0m
[0;34;40m.::;;;;;[0;1;30;90;40mSSSXX@@[0;31;5;40;100m8[0;35;5;40;100mt[0;31;5;40;100m@[0;35;5;40;100m [0;37;5;40;100mS[0;35;5;40;100m [0;1;30;90;41m88[0;31;5;40;100m8[0;30;5;40;100m8888[0;31;5;40;100m88[0;31;5;41;101mXX[0;1;30;90;41m8[0;31;5;40;100m8[0;30;5;40;100m888[0;1;30;90;40m88[0;31;5;40;100m8[0;1;30;90;41m88[0;31;5;41;101m88[0;1;30;90;41m@X[0;1;30;90;40mXX[0;1;30;90;41mS[0;1;31;91;41mS8[0;31;40mX[0;34;40m;;;[0;30;41mX[0;31;5;41;101m8[0;1;30;90;41m;[0;31;40m@[0;1;30;90;41m:[0;1;31;91;41mS%[0;30;41m@@[0;31;40m.[0;34;40m...........    [0m
[0;34;40m.::;;;;[0;1;30;90;40mSSSXX@@[0;30;5;40;100mS8[0;35;5;40;100m [0;37;5;40;100m@[0;36;5;40;100m [0;35;5;40;100m [0;1;30;90;41m8[0;31;5;40;100m88[0;30;5;40;100m88@@@@[0;31;5;40;100m@[0;1;31;91;41m8[0;31;5;41;101mX[0;1;30;90;41m8[0;31;5;40;100m@[0;30;5;40;100m888[0;31;5;40;100m8[0;1;30;90;41m8[0;31;5;41;101m8@8[0;1;30;90;41m88[0;1;30;90;40m8@XXX[0;1;31;91;41mS8[0;1;30;90;41m%[0;30;41m@[0;31;40m8[0;1;30;90;41mt[0;1;31;91;41m@%[0;30;41m%[0;34;40m:[0;31;40mS[0;1;30;90;41m::::[0;30;41m@[0;31;40m.[0;34;40m...........   [0m
[0;34;40m.:;;;;[0;1;30;90;40m%SSXX@@@[0;30;5;40;100m%[0;37;5;40;100m@[0;36;5;40;100m [0;30;5;40;100m8S[0;31;5;40;100m@8[0;30;5;40;100m8@@@XXXX[0;31;5;40;100mX[0;1;30;90;41m8[0;31;5;41;101mX[0;31;5;40;100mX@@[0;1;30;90;41m8[0;31;5;41;101m8XX[0;1;31;91;41m8[0;1;30;90;41m88[0;30;5;40;100m8[0;1;30;90;40m88@@XXX[0;1;30;90;41mS[0;1;31;91;41mX@[0;31;5;41;101m88[0;1;31;91;41mS[0;30;41m@[0;31;40mS[0;34;40m:::[0;30;41m8[0;1;31;91;41m;;[0;1;30;90;41m::[0;31;40m8[0;34;40m..........   [0m
[0;34;40m.:;;;;[0;1;30;90;40mSSSXX[0;1;30;90;41m@[0;1;30;90;40m@8888[0;30;5;40;100m8888@@XXXSSS[0;31;5;40;100mS[0;31;5;41;101m@X[0;31;5;40;100mXX[0;1;31;91;41m8[0;31;5;41;101mX@[0;1;30;90;41m8[0;31;5;40;100m88[0;30;5;40;100m888[0;31;5;40;100m8[0;1;30;90;41m88@@XXSSS%%[0;31;40m8;[0;34;40m:::::[0;31;40mt[0;1;30;90;41m:[0;1;31;91;41mS[0;1;30;90;41m:[0;1;31;91;41mt[0;31;40mS:[0;34;40m........   [0m
[0;34;40m.;;;;[0;1;30;90;40m%SSXX[0;1;30;90;41m@@[0;1;30;90;40m8[0;1;30;90;41m8[0;30;5;40;100m8[0;31;5;40;100m8[0;1;30;90;41m8[0;31;5;40;100m8[0;1;30;90;41m88[0;31;5;40;100m@@X[0;30;5;40;100mXSS%[0;36;5;40;100m%[0;35;5;40;100m%%[0;35;5;41;101mX@[0;31;5;40;100mS[0;31;5;41;101m8X[0;31;5;40;100mXX@[0;30;5;40;100m@[0;31;5;40;100m8[0;1;30;90;41m8[0;31;5;41;101m8[0;1;31;91;41m@XS[0;1;30;90;41m8@@X[0;1;31;91;41mXXXS[0;1;30;90;41m%[0;1;31;91;41mSSt[0;1;30;90;41mt[0;30;41mX[0;31;40m%[0;34;40m:::[0;31;40m;[0;30;41m8[0;1;30;90;41m:[0;1;31;91;41m.@[0;30;41m8[0;34;40m........   [0m
[0;34;40m.;;;;[0;1;30;90;40m%SSXX[0;1;31;91;41mX[0;1;30;90;40m8[0;1;30;90;41m888[0;1;31;91;41m8[0;31;5;41;101m@@8@XX[0;1;30;90;41m88[0;31;5;40;100mS[0;35;5;40;100m%[0;36;5;40;100mtt[0;35;5;40;100mtt[0;35;5;41;101mX[0;35;5;40;100mt%[0;35;5;41;101m8[0;31;5;40;100mSS[0;30;5;40;100mXX@[0;31;5;40;100m@[0;1;30;90;41m8[0;1;31;91;41m8[0;1;30;90;41m8[0;1;31;91;41m@@@8[0;31;5;41;101m8[0;1;31;91;41m8XXX@8%%8888t[0;30;41mX[0;31;40m;[0;34;40m:[0;31;40mt[0;1;30;90;41m:[0;1;31;91;41mX[0;1;30;90;41m::[0;31;40m8.[0;34;40m.......  [0m
[0;34;40m.;;;;[0;1;30;90;40mSSSX[0;1;30;90;41m@@@[0;1;31;91;41mSXX8[0;1;30;90;41m8[0;31;5;40;100m8[0;1;30;90;41m8[0;31;5;40;100m@@[0;1;30;90;41m8[0;1;31;91;41m8[0;31;5;41;101mX[0;35;5;41;101mX8[0;35;5;40;100mt;;;[0;35;5;41;101mX[0;35;5;40;100mtt%[0;31;5;40;100m%[0;30;5;40;100mSSX@@8[0;31;5;40;100m8[0;1;30;90;41m88[0;31;5;41;101m8@[0;1;31;91;41m8XX8[0;31;5;41;101m888[0;1;31;91;41m8[0;31;5;41;101m88[0;1;31;91;41mX%X8@@:[0;30;41mX[0;31;40mt[0;34;40m.[0;31;40mX[0;1;31;91;41m;[0;1;30;90;41m:[0;1;31;91;41mX[0;31;40m;.[0;34;40m......  [0m
[0;34;40m.;;;;[0;1;30;90;40mSSS[0;1;30;90;41m8[0;1;31;91;41mX@[0;31;5;41;101m8[0;1;31;91;41mS[0;1;30;90;41m8[0;31;5;40;100m8[0;30;5;40;100m888@@X[0;31;5;40;100mXSS[0;35;5;41;101m8XX[0;35;5;40;100m;;;[0;35;5;41;101mX[0;35;5;40;100m;t%%[0;30;5;40;100mSSXX@88[0;1;31;91;41m@[0;31;5;41;101m@[0;1;31;91;41m8@[0;31;5;41;101m@[0;1;31;91;41m8[0;1;30;90;41m@X[0;1;31;91;41m@[0;31;5;41;101m8[0;1;30;90;41mS[0;31;40mS8[0;1;30;90;41m%[0;1;31;91;41m@[0;31;5;41;101m8[0;1;31;91;41m8@88Stt[0;30;41m@[0;31;40m:[0;30;41m8[0;1;31;91;41m:[0;1;30;90;41m::[0;31;40m@[0;34;40m......  [0m
[0;34;40m.;;;;[0;1;30;90;40mSSX[0;1;30;90;47m8[0;1;31;91;41mX@8[0;1;30;90;41m8[0;31;5;40;100m8[0;1;30;90;40m8[0;30;5;40;100m8888@XXSS[0;35;5;40;100m%%[0;35;5;41;101mXX[0;35;5;40;100m;;;[0;35;5;41;101mX[0;35;5;40;100mt%[0;31;5;40;100m%[0;30;5;40;100mSSX@@8[0;31;5;40;100m8[0;1;31;91;41m@[0;31;5;41;101m@@88[0;1;30;90;41m@[0;1;30;90;40m@XX[0;30;41m8[0;31;40mS%t[0;34;40m;[0;31;40m%[0;1;30;90;41mt[0;31;5;41;101m88[0;1;31;91;41m8[0;31;5;41;101m88[0;1;31;91;41mXt@[0;1;30;90;41m:[0;31;40mt[0;30;41mS[0;1;31;91;41mt:[0;30;41m8[0;31;40m;[0;34;40m.....  [0m
[0;34;40m.;;;;[0;1;30;90;40m%SX[0;1;30;90;41mX[0;35;5;40;100m  [0;1;30;90;41m@8[0;31;5;40;100m8[0;1;30;90;40m88[0;30;5;40;100m888@@XXS[0;31;5;40;100mS%[0;35;5;40;100m%[0;35;5;41;101mXX[0;35;5;40;100mtt%[0;35;5;41;101m8[0;31;5;40;100mSSSX[0;30;5;40;100mX[0;31;5;40;100m@@8[0;1;31;91;41m8[0;31;5;41;101m8@@[0;1;31;91;41mX[0;1;30;90;41m@@[0;1;30;90;40m@XXSS[0;1;30;90;41m%[0;1;31;91;41m@[0;1;30;90;41mt[0;31;40m@;[0;30;41m@[0;31;40m8[0;34;40m:[0;31;40m%[0;1;30;90;41m:[0;31;5;41;101m8[0;1;31;91;41m@S8;[0;31;40mt[0;30;41mX[0;1;31;91;41m%8[0;30;41mt[0;34;40m.....  [0m
[0;34;40m.;;;;[0;1;30;90;40m%S[0;31;40m8[0;1;30;90;41m@[0;1;30;90;47m8[0;36;5;40;100m;[0;1;30;90;41m8@[0;30;5;40;100m8[0;1;30;90;40m88[0;30;5;40;100m88X[0;37;5;40;100m88[0;30;5;40;100mS[0;1;30;90;47m8t[0;30;5;40;100mS[0;31;5;40;100mSS[0;31;5;41;101m8SSX8[0;31;5;40;100mSS[0;1;31;91;41m8[0;1;30;90;41m88[0;31;5;41;101m@8[0;1;30;90;41m8[0;1;31;91;41m@8[0;1;30;90;41m8[0;1;31;91;41m@[0;1;30;90;41m8[0;1;30;90;40m8@@XXSS[0;31;40m8[0;1;31;91;41mS[0;1;30;90;41m%[0;1;31;91;41mtS[0;1;30;90;41mt[0;31;40mt[0;34;40m:::[0;31;40m:[0;1;30;90;41m:[0;1;31;91;41m88S8[0;1;30;90;41m:[0;31;40m%[0;1;31;91;41mS8[0;1;30;90;41m.[0;34;40m....   [0m
[0;34;40m.:;;;;[0;1;30;90;40mS[0;35;5;40;100m%;[0;37;5;40;100m@[0;30;5;40;100mX[0;35;5;40;100m:[0;1;30;90;41m@[0;1;30;90;40m8888[0;30;5;40;100m8@[0;31;5;40;100m@[0;35;5;40;100m [0;31;5;41;101m8[0;1;30;90;41m8[0;1;30;90;47m8[0;31;5;40;100mS[0;30;5;40;100mX[0;31;5;40;100mS[0;1;30;90;41m8[0;31;5;41;101m8XXXXX88XXXXX@@8[0;1;31;91;41m8@8[0;31;5;41;101m8[0;1;30;90;41mX[0;31;40m8[0;1;30;90;41mSS[0;1;31;91;41m%t[0;31;5;41;101m8[0;1;30;90;41mt[0;1;31;91;41mS%[0;1;30;90;41m;[0;31;40m8[0;34;40m:::[0;31;40m%[0;1;31;91;41m88X@X[0;30;41mS[0;31;40mS[0;1;31;91;41m@%[0;34;40m....   [0m
[0;34;40m.:;;;;[0;1;30;90;40m%[0;30;5;40;100m8[0;36;5;40;100mt[0;1;30;90;47m8[0;1;30;90;40m@[0;30;5;40;100m8[0;1;30;90;40m@888[0;30;5;40;100m8[0;1;30;90;47m;[0;37;5;40;100mX[0;31;5;41;101mX@[0;1;31;91;41m8[0;31;5;41;101m@8[0;1;30;90;41m8[0;30;5;40;100m@@X[0;1;31;91;41m8[0;31;5;41;101m8XXXXXXXXXX@@@@@88[0;1;31;91;41m888@8X@[0;31;5;41;101m8[0;1;31;91;41mSSt[0;1;30;90;41m;[0;1;31;91;41mt[0;30;41mX[0;34;40m::.[0;1;31;91;41m%88X8t[0;31;40mS[0;30;41m@[0;1;31;91;41m8[0;31;40m.[0;34;40m...   [0m
[0;34;40m ::;;;;[0;36;5;40;100m [0;37;5;40;100m@[0;1;30;90;40m8XXX@@8888[0;31;5;40;100m8[0;1;30;90;41m8[0;31;5;41;101m8[0;1;31;91;41m8[0;1;30;90;41m8[0;31;5;41;101m8[0;30;5;40;100m@@@[0;31;5;40;100m@[0;1;30;90;41m8[0;31;5;41;101m8XXXXXXX@@@@@@88888888[0;1;31;91;41mS[0;31;5;41;101m88[0;1;31;91;41mSX[0;31;5;41;101m8[0;1;30;90;41m;[0;1;31;91;41m%X[0;30;41m%[0;34;40m:.[0;1;31;91;41m:X888@[0;30;41m;[0;31;40m.[0;1;31;91;41m;[0;31;40mt[0;34;40m...   [0m
 [0;34;40m:::;;[0;31;40m;[0;1;30;90;41m%%[0;1;30;90;40mSSXX@[0;1;30;90;41m@@[0;1;30;90;40m88888[0;30;5;40;100m8[0;1;30;90;41m8[0;31;5;41;101m@X[0;1;30;90;41m8[0;30;5;40;100m888[0;31;5;40;100m8[0;1;30;90;41m88[0;31;5;41;101m8XX@@@@@@@@88[0;1;31;91;41m888888[0;31;5;41;101m8888[0;1;31;91;41mX[0;31;5;41;101m88[0;1;31;91;41m%t[0;1;30;90;41m:[0;1;31;91;41mS[0;30;41m8[0;34;40m.[0;31;40m:[0;34;40m.[0;31;40mS[0;1;31;91;41m%88t[0;31;40m;[0;30;41m8[0;31;40m%[0;34;40m..   [0m 
 [0;34;40m.::;;[0;31;40m;[0;1;31;91;41mt[0;31;5;41;101m8[0;31;40mXS[0;1;30;90;41mSX[0;1;31;91;41mX@[0;1;30;90;41mX@@8[0;1;30;90;40m8888[0;31;5;41;101m88@[0;1;30;90;41m8[0;30;5;40;100m8888[0;31;5;40;100m8[0;1;30;90;41m88[0;31;5;41;101m8@@@@@8[0;1;31;91;41m8[0;31;5;41;101m88888888[0;1;31;91;41m@S8888[0;31;5;41;101m88[0;1;31;91;41m8[0;1;30;90;41m:[0;1;31;91;41mS[0;1;30;90;41m:[0;1;31;91;41m:[0;31;40mt[0;34;40m...[0;30;41m8[0;1;31;91;41m88%[0;31;40m8tt[0;34;40m..   [0m 
 [0;34;40m.:::;;[0;30;41m8[0;31;5;41;101m8[0;30;41m@[0;31;40m8[0;1;31;91;41mXX[0;1;30;90;41mSXXX[0;1;31;91;41m8@[0;1;30;90;41m@8[0;1;30;90;40m8[0;30;5;40;100m8[0;31;5;41;101m8[0;1;30;90;41m88[0;31;5;41;101m@[0;1;30;90;41m8[0;31;5;40;100m8[0;1;30;90;40m8888[0;1;30;90;41m8[0;1;31;91;41m8@8[0;31;5;41;101m888[0;1;31;91;41m88[0;31;5;41;101m888888888888[0;1;31;91;41m@[0;31;5;41;101m8888[0;1;30;90;41m:[0;31;5;41;101m8[0;1;30;90;41m:[0;1;31;91;41m%[0;30;41m;[0;34;40m...[0;31;40mS[0;1;31;91;41m88t[0;30;41mX[0;34;40m...    [0m 
  [0;34;40m:::::[0;30;41mX[0;1;31;91;41m8[0;1;30;90;41m%[0;1;31;91;41mtS[0;31;40m8[0;1;30;90;40mSSSX[0;31;40m@[0;1;31;91;41mX8[0;1;30;90;41m@[0;1;30;90;40m@[0;31;5;40;100m@[0;1;30;90;47m8[0;1;30;90;41m8[0;1;30;90;40m8[0;1;30;90;41m8[0;31;5;41;101m88[0;1;30;90;41m88[0;1;30;90;40m88[0;1;30;90;41m8[0;31;5;41;101m888[0;1;31;91;41m8@8X[0;31;5;41;101m8888888888888[0;1;31;91;41m8X[0;1;30;90;41m:;[0;1;31;91;41m@S8[0;1;30;90;41m:[0;1;31;91;41mSX[0;31;40m:[0;34;40m..[0;31;40m8[0;1;31;91;41m88;[0;30;41m@[0;34;40m...    [0m 
  [0;34;40m.::::[0;31;40m;[0;1;30;90;41mt[0;1;31;91;41m8S[0;30;41m@[0;34;40m;;[0;1;30;90;40mSSSS[0;1;30;90;41mX[0;31;5;41;101m8[0;1;30;90;41mX[0;1;30;90;40m@[0;36;5;40;100m ;[0;1;30;90;40m@@@@[0;1;30;90;41m@[0;31;5;41;101m888[0;1;31;91;41mS[0;1;30;90;41m@[0;1;31;91;41mX[0;31;5;41;101m888[0;1;31;91;41mS[0;30;41m8[0;1;30;90;41mS[0;31;5;41;101m88888888888[0;1;31;91;41m8[0;31;5;41;101m8[0;1;31;91;41mS[0;1;30;90;41m:[0;1;31;91;41m%[0;31;40mtX[0;1;31;91;41m88;SS[0;31;40m@[0;34;40m..[0;1;30;90;41m.[0;1;31;91;41m88;[0;31;40m@[0;34;40m..    [0m  
  [0;34;40m :::::[0;30;41m8[0;1;31;91;41m%@[0;31;40m@[0;34;40m;;;;[0;1;30;90;40m%S[0;1;30;90;41mS[0;1;31;91;41m@[0;1;30;90;41mS[0;1;30;90;40mXXXXXXXXX[0;1;30;90;41mX[0;1;31;91;41mS[0;31;5;41;101m8[0;1;31;91;41m8[0;31;5;41;101m888[0;1;31;91;41mS[0;1;30;90;40mSS[0;1;31;91;41m%[0;31;5;41;101m8888888888[0;1;31;91;41m8X8[0;31;5;41;101m8[0;1;31;91;41m%[0;30;41mt[0;31;40mX[0;34;40m.[0;1;31;91;41m88:XS[0;30;41m8[0;34;40m.[0;31;40m%[0;1;31;91;41mS88[0;1;30;90;41m.[0;31;40m:[0;34;40m.     [0m  
   [0;34;40m.::::[0;31;40m:[0;30;41m8[0;1;31;91;41m:8[0;1;30;90;41mtt[0;30;41m88[0;1;30;90;41m%[0;1;31;91;41m%SX[0;31;40m%[0;1;30;90;40mSSSSSXSSSSS[0;31;40m@[0;1;30;90;41mSS[0;1;31;91;41m88[0;31;40m8[0;1;30;90;40m%%[0;1;30;90;41m%[0;31;5;41;101m88888888[0;1;31;91;41m@SX@[0;31;5;41;101m88[0;1;31;91;41mt%[0;34;40m.[0;31;40mS[0;1;31;91;41m88:%@[0;30;41m@[0;34;40m..[0;31;40m;[0;1;31;91;41m8%[0;30;41m@[0;34;40m.     [0m   
    [0;34;40m.::::[0;30;41m8[0;1;31;91;41mSt;[0;1;30;90;41mttt[0;1;31;91;41m@[0;1;30;90;41mt[0;31;40mS8[0;34;40m;;;;[0;1;30;90;40m%8[0;37;5;40;100mX[0;35;5;40;100m [0;1;30;90;41mS[0;1;30;90;40mSSS%S[0;36;5;40;100m [0;1;30;90;47m@[0;31;40m%[0;34;40m;;;[0;31;40mX[0;1;31;91;41m8[0;31;5;41;101m88888[0;1;30;90;41m;[0;31;40mS[0;1;30;90;41m;[0;31;5;41;101m8[0;1;31;91;41m@[0;31;5;41;101m888[0;1;30;90;41m:[0;31;40m;[0;34;40m.[0;30;41mX[0;1;31;91;41mX8S;t[0;31;40m8[0;34;40m..[0;31;40m:[0;1;31;91;41m8[0;30;41m.[0;31;40m:[0;34;40m.    [0m    
    [0;34;40m .::::[0;31;40mX[0;1;31;91;41mt;[0;31;40mS[0;34;40m:[0;31;40mXt[0;34;40m;;;;;;[0;1;30;90;40m@[0;1;30;90;47mX[0;35;5;40;100m [0;1;31;91;41m8@8[0;1;30;90;41m%[0;31;40m;[0;34;40m;;;;;;;;;;[0;31;40m@[0;1;31;91;41mS[0;31;5;41;101m888[0;1;31;91;41m;[0;31;40m:[0;34;40m:[0;1;31;91;41m%8[0;31;5;41;101m88[0;1;31;91;41m88X[0;30;41m8[0;34;40m..[0;31;40mt[0;1;31;91;41m88.;[0;31;40m:[0;34;40m..[0;30;41mX[0;1;31;91;41m;[0;31;40mX[0;34;40m      [0m    
     [0;34;40m...::[0;31;40mt[0;30;41mt[0;1;31;91;41mX%[0;31;40m%[0;34;40m::::::;;;[0;31;5;40;100m8[0;1;31;91;41mS88XXt[0;30;41m@[0;31;40mt[0;34;40m;;;;;:[0;31;40mt@[0;30;41m%[0;1;31;91;41m8[0;31;5;41;101m888[0;1;30;90;41m:[0;34;40m::[0;1;31;91;41mS[0;31;5;41;101m8[0;1;31;91;41m888[0;1;30;90;41m:[0;30;41mX[0;31;40m8[0;34;40m..[0;31;40m@[0;1;31;91;41m8@t[0;30;41m@[0;34;40m..[0;31;40mS[0;1;31;91;41m%[0;31;40m@[0;34;40m      [0m     
      [0;34;40m....::[0;31;40m@[0;1;31;91;41m;8[0;30;41mX[0;31;40m:[0;34;40m::::::[0;37;5;40;100m@[0;35;5;40;100m [0;1;30;90;41m;t[0;30;41m%[0;1;30;90;41m;[0;1;31;91;41m8[0;31;5;41;101m8[0;1;31;91;41m88Xt;tS8[0;31;5;41;101m888888[0;1;31;91;41m8[0;1;30;90;41m%[0;34;40m:[0;30;41m8[0;1;31;91;41m8888@S[0;34;40m...[0;31;40mX[0;1;31;91;41mS8S[0;1;30;90;41m.[0;31;40m:[0;34;40m.[0;31;40mt[0;1;31;91;41mt[0;31;40m@[0;34;40m      [0m      
       [0;34;40m.....[0;31;40m:[0;30;41mX[0;1;31;91;41m:8[0;1;30;90;41m:[0;31;40mt[0;34;40m:::::::::::[0;31;40m%[0;1;31;91;41m;8[0;30;41mt[0;31;40m8[0;30;41m@%[0;1;30;90;41m;;:::;[0;30;41m%8[0;31;40mX[0;31;5;40;100m8[0;1;30;90;47mS[0;34;40m.[0;1;31;91;41m:888@[0;30;41m;X[0;34;40m.[0;31;40mX[0;1;30;90;41m:[0;1;31;91;41m88X;[0;31;40mS[0;34;40m.[0;31;40mX[0;1;31;91;41m;[0;31;40mX[0;34;40m      [0m       
        [0;34;40m......[0;31;40m;[0;30;41m%[0;1;31;91;41mX@[0;30;41mS[0;31;40m%[0;34;40m::::::::::[0;31;40m8[0;31;5;41;101m8[0;30;41m%[0;34;40m:::::::::...[0;1;30;90;40mS[0;31;40m;[0;1;30;90;41m:[0;1;31;91;41m888@t[0;31;40m;:;[0;1;30;90;41m.[0;1;31;91;41m88XX[0;31;40m8.[0;30;41m@%[0;31;40m:[0;34;40m      [0m        
         [0;34;40m......[0;31;40m:[0;30;41m88[0;1;31;91;41m%X[0;1;30;90;41m:[0;31;40mX:[0;34;40m:::::::[0;1;30;90;40m8[0;1;30;90;47m:[0;1;30;90;40m8[0;34;40m::::.......[0;31;40m:[0;30;41m@[0;1;31;91;41mX888[0;30;41m;@[0;31;40m;[0;34;40m...[0;30;41m8[0;1;31;91;41m88%[0;31;40m@S[0;30;41mt[0;31;40mX[0;34;40m       [0m         
          [0;34;40m ......[0;31;40m;[0;30;41mX[0;1;31;91;41m:%8S[0;1;30;90;41m:[0;31;40m8;[0;34;40m....[0;1;30;90;40m@[0;34;40m:.........[0;31;40m;@[0;30;41m%[0;1;31;91;41mX88Xt[0;30;41m%[0;31;40m;[0;34;40m...[0;31;40m:[0;30;41m@[0;1;31;91;41mXX[0;30;41m:[0;31;40mS[0;30;41m@[0;31;40m8.[0;34;40m       [0m          
            [0;34;40m........[0;31;40m;[0;30;41mt[0;1;31;91;41mS88@;[0;30;41m;8[0;31;40m@@%tS%88[0;30;41m@t[0;1;30;90;41m:[0;1;31;91;41mt888X@:[0;31;40m%;@8[0;30;41m8t[0;1;31;91;41m.@S[0;1;30;90;41m.[0;31;40m@.S.[0;34;40m       [0m            
             [0;34;40m........[0;31;40m:8[0;30;41m88[0;1;31;91;41m:X888888888888@XXt[0;31;40mX@S.[0;34;40m..[0;1;30;90;41m.[0;1;31;91;41m88@%[0;30;41m;[0;31;40m8.[0;34;40m.         [0m             
              [0;34;40m .........[0;31;40m;X[0;30;41m8XX8[0;1;31;91;41m.%t[0;1;30;90;41m:[0;30;41m@[0;1;31;91;41m:%[0;1;30;90;41m.[0;30;41mX[0;31;40m;[0;30;41mX[0;31;40m@:[0;34;40m...[0;31;40m.X[0;30;41m;[0;1;31;91;41m%%[0;1;30;90;41m.[0;30;41m8[0;31;40mt[0;34;40m..          [0m              
                [0;34;40m .................[0;31;40m;S%SXX88[0;30;41m8X;::S[0;31;40m8X.[0;34;40m..           [0m                
                  [0;34;40m ..............[0;31;40m;@8[0;30;41m888[0;31;40m88X%;.[0;34;40m....             [0m                  
                    [0;34;40m ........................               [0m                    
                      [0;34;40m ................                   [0m                      
                        [0;34;40m                                [0m                        
                          [0;34;40m                            [0m                          
                             [0;34;40m                      [0m                             
                                [0;34;40m                [0m                                
                                   [0;34;40m          [0m                                   
                                      [0;34;40m    [0m                                      
