[0;34;40m ..................:::::::::::::::::::::..........................              [0m
[0;34;40m.......:::::::::::::;;;;;;;;;;;;;;;;;;;:::::::::::::..................          [0m
[0;34;40m.....:::::::::::;;;;;;;;;;;;;;;;;;;;;;;;;;;::::::::::..................         [0m
[0;34;40m....:::::::::;;;;;;;;;[0;1;30;90;40m%%SSSSSSSSSSS%%[0;34;40m;[0;31;40mt;[0;34;40m;;;;;;:::::::::.................        [0m
[0;34;40m..:::::::::;;;;;;;[0;1;30;90;40m%SSSSSSSSSXXXX8[0;1;30;90;43m8XXS%[0;37;43m@[0;1;33;93;43m@S[0;1;30;90;43m%t%t%[0;31;5;40;100mS[0;32;40m;[0;34;40m:::::::::................       [0m
[0;34;40m.::::::::;;;;;;[0;1;30;90;40m%SSSSSXXXX@[0;31;5;40;100mS[0;1;30;90;40m@XX[0;1;30;90;47mX[0;36;5;40;100m [0;33;5;40;100m%% [0;37;5;40;100m8[0;33;5;40;100m t[0;1;33;93;43m%@[0;33;5;43;103m88[0;1;33;93;43mXS[0;1;30;90;43m%%[0;1;30;90;40m8[0;34;40m;;;::::::::...............       [0m
[0;34;40m.:::::::;;;;;[0;1;30;90;40m%SSSSXXXX@[0;33;5;40;100m8[0;1;30;90;43mXX@[0;33;5;40;100m8[0;30;5;40;100m88[0;1;30;90;40m8[0;36;5;40;100m   [0;33;5;40;100m.@[0;1;30;90;43m8X[0;1;33;93;43mX[0;1;30;90;43mSS[0;33;5;40;100m88[0;1;33;93;43mX@[0;33;5;43;103m%[0;1;30;90;43mS[0;33;5;40;100m8[0;33;5;43;103m@@[0;1;33;93;43mS[0;1;30;90;43m;[0;31;5;40;100mX[0;31;40m@;[0;34;40m::::...............      [0m
[0;34;40m.:::::;;;;;[0;1;30;90;40m%SSSXXXX@[0;33;5;40;100m8[0;1;30;90;43m@@[0;33;5;43;103mX[0;1;33;93;43mX@8[0;33;5;43;103m;S[0;1;33;93;43m@[0;1;30;90;43m8[0;30;5;40;100m@[0;1;30;90;40m8[0;33;5;40;100m8[0;1;30;90;43m@8[0;33;5;40;100m8[0;1;30;90;43m@[0;33;5;40;100m8[0;1;30;90;40m8@XX[0;1;30;90;43mS[0;33;5;43;103m%;[0;1;33;93;43mS[0;33;5;40;100m8[0;1;30;90;40mX[0;31;5;40;100mS[0;1;30;90;43m%t[0;1;33;93;43m8%[0;1;30;90;43m;[0;31;40m:%:[0;34;40m::...............     [0m
[0;34;40m.::::;;;;;[0;1;30;90;40m%SSSXXX@[0;33;5;40;100m8[0;33;47m88[0;1;33;93;43m8[0;33;5;43;103mtX[0;1;30;90;43m88[0;1;33;93;43mX[0;33;5;43;103mSt:t[0;1;30;90;43m8[0;31;5;40;100mS[0;1;30;90;40m888888@@@X[0;1;30;90;43mX[0;33;5;43;103mX;[0;1;33;93;43m@[0;33;5;40;100m8[0;1;30;90;40m%[0;33;5;40;100m8[0;1;33;93;43mX8[0;33;5;43;103m@[0;1;33;93;43m@@X%[0;1;30;90;43m:;[0;31;40m;:[0;34;40m..............     [0m
[0;34;40m.:::;;;;;[0;1;30;90;40mSSSXXX@@[0;1;30;90;43m8[0;1;33;93;43mS[0;1;30;90;43m8[0;33;5;40;100m.[0;37;43mS[0;33;5;43;103mS[0;1;30;90;43m88[0;33;5;40;100m8[0;30;5;40;100m8@[0;1;30;90;43m8[0;33;5;43;103m%[0;37;5;43;103m%[0;33;5;43;103m%[0;1;30;90;43m8[0;30;5;40;100m8[0;1;30;90;40m8888888[0;30;5;40;100m@[0;33;5;40;100m8[0;1;33;93;43mS[0;33;5;43;103m:%[0;1;30;90;43mX[0;1;30;90;40mX[0;1;30;90;43mS[0;1;33;93;43mX[0;33;5;43;103mS[0;1;33;93;43m%[0;30;5;40;100mX[0;31;40m%S[0;1;30;90;43mt[0;1;33;93;43mS[0;1;30;90;43m:[0;1;33;93;43m%SS[0;31;40m8[0;34;40m..............    [0m
[0;34;40m.::;;;;;[0;1;30;90;40mSSSXX@@[0;33;5;40;100m8[0;1;30;90;43m88[0;37;5;40;100m@S[0;33;5;40;100m [0;1;33;93;43m8[0;1;30;90;43m8[0;33;5;40;100m8[0;30;5;40;100m8888[0;33;5;40;100m@[0;1;30;90;43m8[0;37;5;43;103mSS[0;1;33;93;43mX[0;33;5;40;100m8[0;30;5;40;100m888[0;1;30;90;40m88[0;33;5;40;100m8[0;1;30;90;43m8[0;1;33;93;43mX[0;33;5;43;103mt;[0;1;33;93;43mX[0;1;30;90;43mX[0;1;30;90;40mXX[0;1;30;90;43mX[0;1;33;93;43m@[0;33;5;43;103mt[0;1;30;90;40m8[0;34;40m;;;[0;1;30;90;43mt[0;33;5;43;103m;[0;1;30;90;43m;[0;1;30;90;40m8[0;1;30;90;43m:[0;1;33;93;43m@@[0;1;30;90;43m;;[0;32;40m.[0;34;40m...........    [0m
[0;34;40m.::;;;;[0;1;30;90;40mSSSXX@@[0;30;5;40;100mS[0;31;5;40;100mS[0;33;5;40;100m [0;37;5;40;100m@[0;36;5;40;100m [0;33;5;40;100m [0;1;33;93;43mX[0;1;30;90;43m8[0;33;5;40;100m8[0;30;5;40;100m88@@@@[0;1;30;90;43m8[0;33;5;43;103mX[0;37;5;43;103mS[0;37;43mX[0;33;5;40;100m@[0;30;5;40;100m8@[0;31;5;40;100mS[0;1;30;90;43m8[0;37;43mS[0;33;5;43;103m%:;[0;1;30;90;43m8@[0;1;30;90;40m8@XX8[0;1;33;93;43m8[0;33;5;43;103mS[0;1;33;93;43m%[0;1;30;90;43mS[0;31;5;40;100mS[0;1;30;90;43m%[0;33;5;43;103mX[0;1;33;93;43m@[0;1;30;90;43mt[0;34;40m:[0;31;40mX[0;1;30;90;43m::::;[0;32;40m.[0;34;40m...........   [0m
[0;34;40m.:;;;;[0;1;30;90;40m%SSXX@@@[0;30;5;40;100m%[0;37;5;40;100m@[0;36;5;40;100m [0;30;5;40;100m8S[0;1;30;90;43m88[0;30;5;40;100m8@@@XXXX[0;1;30;90;43m8[0;33;5;43;103mX[0;37;5;43;103mX[0;37;43mX[0;1;30;90;43m8[0;33;5;40;100m@[0;1;30;90;43m8[0;33;5;43;103m%[0;37;5;43;103mSS[0;33;5;43;103mS[0;1;30;90;43m88[0;30;5;40;100mS[0;1;30;90;40m88@@XXX[0;1;30;90;43mS[0;33;5;43;103m@Xtt[0;1;33;93;43m@[0;1;30;90;43mt[0;31;40mX[0;34;40m:::[0;33;5;40;100m8[0;1;33;93;43mSS[0;1;30;90;43m::[0;31;5;40;100mS[0;34;40m..........   [0m
[0;34;40m.:;;;;[0;1;30;90;40mSSSXX[0;33;5;40;100m8[0;1;30;90;40m@8888[0;30;5;40;100m8888@@XXXSSS[0;1;30;90;43m8[0;37;5;43;103mXX[0;1;30;90;43m88[0;37;5;43;103mXXX[0;1;33;93;43m@[0;1;30;90;43m88[0;30;5;40;100m88[0;31;5;40;100mS[0;33;5;40;100m8[0;1;30;90;43m8@@XXSSSSS%[0;30;5;40;100mX[0;31;40m;[0;34;40m:::::[0;31;40m%[0;1;30;90;43m:[0;1;33;93;43m8[0;1;30;90;43m:[0;1;33;93;43mX[0;31;40m@:[0;34;40m........   [0m
[0;34;40m.;;;;[0;1;30;90;40m%SSXX[0;33;5;40;100m8[0;1;30;90;43m@[0;1;30;90;40m8[0;33;5;40;100m8[0;30;5;40;100mX[0;33;5;40;100m8[0;1;30;90;43m8[0;33;5;40;100m8[0;1;30;90;43m8888[0;33;5;40;100mX[0;30;5;40;100mXSS%[0;36;5;40;100m%[0;33;5;40;100m%[0;37;43m@[0;37;5;43;103mX@[0;37;43m@[0;37;5;43;103m@X[0;37;43mX[0;1;30;90;43m8[0;33;5;40;100mX[0;30;5;40;100m@[0;33;5;40;100m@[0;1;30;90;43m8[0;33;5;43;103mt@8[0;1;33;93;43m8[0;1;30;90;43m@@XX[0;33;5;43;103m8@8[0;1;33;93;43m@S@@S[0;1;30;90;43m;t[0;31;40mS[0;34;40m:::[0;31;40m;[0;1;30;90;43m;::[0;33;5;43;103mX[0;1;30;90;43m:[0;34;40m........   [0m
[0;34;40m.;;;;[0;1;30;90;40m%SSX@[0;33;5;43;103m8[0;30;5;40;100m8[0;1;30;90;43m@[0;1;33;93;43m@[0;1;30;90;43m8[0;33;5;43;103m%[0;37;5;43;103mSSSSXX@@[0;37;43m@[0;33;5;40;100m%[0;36;5;40;100mtt[0;33;5;40;100mt[0;37;5;43;103m8X88@[0;1;30;90;43m8[0;33;5;40;100mX[0;30;5;40;100mXX@[0;1;30;90;43m8[0;33;5;43;103m8X[0;1;33;93;43mX[0;33;5;43;103m@@@S;S@[0;1;33;93;43m8[0;33;5;43;103m@@S[0;1;33;93;43m@@[0;33;5;43;103mSSSS[0;1;33;93;43mS[0;1;30;90;43m;[0;31;40m;[0;34;40m:[0;31;40m%[0;1;30;90;43m:[0;33;5;43;103m@[0;1;30;90;43m..[0;33;5;40;100m8[0;32;40m.[0;34;40m.......  [0m
[0;34;40m.;;;;[0;1;30;90;40mSSSX[0;1;30;90;43mXX@[0;1;33;93;43m888[0;33;5;43;103mS[0;1;30;90;43m8[0;33;5;40;100m8[0;1;30;90;43m888[0;33;5;43;103m@[0;37;5;43;103m@@X@[0;33;47m8[0;33;5;40;100mtt[0;37;5;43;103m8X8[0;33;47m8[0;37;5;43;103m8[0;33;5;40;100mS[0;30;5;40;100m%SX@@8[0;1;30;90;43m8[0;37;43mS[0;1;33;93;43m8[0;33;5;43;103m%:%88%:;t%;;@[0;1;33;93;43m@[0;33;5;43;103m@tXX[0;1;33;93;43m%[0;1;30;90;43m;[0;31;40mt[0;34;40m.[0;31;40m@[0;1;33;93;43m%[0;1;30;90;43m.[0;33;5;43;103m@[0;31;40mt.[0;34;40m......  [0m
[0;34;40m.;;;;[0;1;30;90;40mSSS[0;33;5;40;100m8[0;33;5;43;103m@@%[0;1;33;93;43m@@[0;33;5;40;100m8[0;30;5;40;100m888@@X[0;33;5;40;100mSS[0;33;5;43;103m8[0;37;5;43;103m@XX[0;37;43m8[0;33;47m8[0;1;33;93;47m8[0;37;5;43;103mX8[0;33;47m8[0;33;5;40;100m%%[0;30;5;40;100mSSXX@88[0;33;5;43;103m@[0;37;5;43;103m%[0;33;5;43;103m%@:%[0;1;33;93;43mS[0;1;30;90;43mX[0;33;5;43;103mX;[0;1;30;90;43mS[0;1;30;90;40m8[0;30;5;40;100mX[0;1;30;90;43m%[0;33;5;43;103mS;%X%t[0;1;33;93;43m@SX[0;1;30;90;43m;[0;31;40m:[0;1;30;90;43m:...[0;31;40m8[0;34;40m......  [0m
[0;34;40m.;;;;[0;1;30;90;40mSS@[0;33;47mX[0;33;5;43;103m8XS[0;1;30;90;43m@[0;33;5;40;100m8[0;1;30;90;40m8[0;30;5;40;100m8888@XXSS[0;1;30;90;43m8[0;37;5;43;103m8XX[0;1;33;93;47m8[0;33;47m8[0;37;5;43;103m8@[0;37;43m8@[0;33;5;40;100m%[0;30;5;40;100mSSX@@8[0;33;5;40;100m8[0;33;5;43;103m@[0;37;5;43;103m%[0;33;5;43;103m:;;[0;33;5;40;100m8[0;1;30;90;40m@XX[0;33;5;40;100m8[0;1;30;90;40m8X[0;31;40mt[0;34;40m;[0;31;40m%[0;1;30;90;43m;[0;33;5;43;103m;;%;;@[0;1;33;93;43mX[0;33;5;43;103mS[0;1;30;90;43m:[0;31;40m%[0;1;30;90;43m:[0;1;33;93;43mXt[0;1;30;90;43m:[0;31;40mt[0;34;40m.....  [0m
[0;34;40m.;;;;[0;1;30;90;40m%SX[0;1;30;90;43mS[0;33;5;40;100m. [0;1;30;90;43m@@[0;33;5;40;100m8[0;1;30;90;40m88[0;30;5;40;100m888@@XXS[0;33;5;40;100m%[0;1;30;90;43m8[0;37;5;43;103m@XX@8[0;33;47m8[0;37;5;43;103m@[0;37;43m@[0;1;30;90;43m88[0;33;5;40;100mS[0;30;5;40;100mX[0;33;5;40;100mX@8[0;33;5;43;103mSt.:[0;1;33;93;43m8[0;1;30;90;43m@@[0;1;30;90;40m@XXSS[0;1;30;90;43m%[0;33;5;43;103m@[0;1;30;90;43mt[0;1;30;90;40m8[0;32;40m;[0;1;30;90;43mt[0;33;5;40;100m8[0;34;40m:[0;31;40m%[0;1;30;90;43m:[0;33;5;43;103m;S[0;1;33;93;43m@[0;33;5;43;103m%[0;1;33;93;43mS[0;31;40mt[0;1;30;90;43m:[0;1;33;93;43m@[0;33;5;43;103mS[0;1;30;90;43m.[0;34;40m.....  [0m
[0;34;40m.;;;;[0;1;30;90;40m%S[0;31;5;40;100mS[0;1;30;90;43mX[0;1;30;90;47m8[0;36;5;40;100m;[0;1;30;90;43m8[0;1;33;93;43m@[0;33;5;40;100m8[0;1;30;90;40m88[0;30;5;40;100m88X[0;37;5;40;100m88[0;30;5;40;100mS[0;1;30;90;47m8t[0;30;5;40;100mS[0;33;5;40;100mS[0;1;30;90;43m8[0;37;5;43;103m@XXX@[0;33;5;43;103m8[0;37;43m@[0;37;5;43;103m@[0;33;5;43;103m8[0;37;43mX[0;37;5;43;103mXX[0;1;30;90;43m8[0;33;5;43;103m@S[0;1;33;93;43mX[0;33;5;43;103mX[0;1;30;90;43m8[0;30;5;40;100m@[0;1;30;90;40m@@XXSS[0;31;5;40;100mS[0;1;33;93;43m8[0;1;30;90;43mt[0;1;33;93;43mS8[0;1;30;90;43m;[0;31;40m%[0;34;40m:::[0;31;40m:[0;1;30;90;43m:[0;33;5;43;103mtt8%[0;1;30;90;43m.[0;31;40mS[0;33;5;43;103m@%[0;1;30;90;43m.[0;34;40m....   [0m
[0;34;40m.:;;;;[0;1;30;90;40mS[0;33;5;40;100mS;[0;37;5;40;100m@[0;30;5;40;100mX[0;33;5;40;100m;[0;1;33;93;43mX[0;30;5;40;100mX[0;1;30;90;40m888[0;30;5;40;100m8X[0;1;30;90;43m8[0;33;47m8[0;37;5;43;103mX[0;1;33;93;43m8[0;1;33;93;47m8[0;33;5;40;100mS[0;30;5;40;100mX[0;33;5;40;100mS[0;37;5;43;103m@XXXXXXXXSSSSS%[0;33;5;43;103m::%@St[0;1;30;90;43mX[0;30;5;40;100mX[0;1;30;90;43mX%[0;1;33;93;43mXS[0;33;5;43;103m;[0;1;30;90;43mt[0;1;33;93;43m@@[0;1;30;90;43m;[0;30;5;40;100mX[0;34;40m:::[0;31;40mS[0;33;5;43;103mtt@S@[0;1;30;90;43m:[0;31;40m@[0;33;5;43;103mS[0;1;33;93;43mX[0;34;40m....   [0m
[0;34;40m.:;;;;[0;1;30;90;40m%[0;30;5;40;100m8[0;36;5;40;100mt[0;1;30;90;47m8[0;1;30;90;40m@[0;30;5;40;100m8XX[0;1;30;90;40m88[0;30;5;40;100m8[0;1;30;90;47m;;[0;37;5;43;103mSS[0;33;5;43;103mS[0;37;5;43;103mS[0;33;5;43;103m%[0;37;43mX[0;30;5;40;100m@@[0;31;5;40;100mS[0;37;5;43;103mXXXXXXSSSSS%%[0;33;5;43;103m:::::;%%SXS@X;[0;1;33;93;43m8@S[0;1;30;90;43m;[0;1;33;93;43mS[0;1;30;90;43m;[0;34;40m::.[0;1;33;93;43mX[0;33;5;43;103mttXt[0;1;33;93;43mS[0;31;40m@[0;1;30;90;43m:[0;33;5;43;103mS[0;31;40m.[0;34;40m...   [0m
[0;34;40m ::;;;;[0;36;5;40;100m [0;37;5;40;100m@[0;1;30;90;40m8XXX@@8888[0;33;5;40;100m8[0;1;30;90;43m8[0;33;5;43;103mt%@%[0;30;5;40;100mX@@[0;33;5;40;100m@[0;37;43mX[0;37;5;43;103mXSSSSSSS%[0;33;5;43;103m.::::::::;;;;[0;1;33;93;43m8[0;33;5;43;103m;;[0;1;33;93;43m8[0;33;5;43;103m@;[0;1;30;90;43m:[0;1;33;93;43mX[0;33;5;43;103m@[0;1;30;90;43m;[0;34;40m:.[0;1;30;90;43m:[0;33;5;43;103m@t%tX[0;1;30;90;43m.[0;31;40m.[0;1;33;93;43mS[0;31;40mt[0;34;40m...   [0m
 [0;34;40m:::;;[0;31;40m;[0;1;30;90;43mS%[0;1;30;90;40mSSX88[0;33;5;40;100m88[0;1;30;90;40m88888[0;30;5;40;100m@[0;1;30;90;43m8[0;37;5;43;103m%S[0;1;30;90;43m8[0;30;5;40;100m888[0;33;5;40;100m8[0;1;30;90;43m8[0;1;33;93;43m8[0;37;5;43;103mSSS%%[0;33;5;43;103m.::::::;tS%%St;t;;@;;[0;1;33;93;43m@S[0;1;30;90;43m:[0;1;33;93;43m@[0;1;30;90;43m;[0;34;40m.[0;31;40m:[0;34;40m.[0;31;40mX[0;1;33;93;43m@[0;33;5;43;103mtt[0;1;33;93;43mX[0;31;40mt[0;1;30;90;43m:[0;31;40mS[0;34;40m..   [0m 
 [0;34;40m.::;;[0;32;40m;[0;1;33;93;43mS[0;33;5;43;103mt[0;1;30;90;40m88[0;1;30;90;43mSX[0;33;5;43;103m8@[0;1;30;90;43mXX[0;1;33;93;43mX[0;1;30;90;43m8[0;30;5;40;100m8[0;1;30;90;40m88[0;30;5;40;100m8[0;33;5;43;103mtt[0;37;5;43;103m%[0;1;30;90;43m8[0;30;5;40;100m8888[0;33;5;40;100m8[0;1;30;90;43m88[0;33;5;43;103m::::::;X;:::;;;;X[0;1;33;93;43m8[0;33;5;43;103mSS%t;;S[0;1;30;90;43m:[0;1;33;93;43m8[0;1;30;90;43m::[0;31;40mt[0;34;40m...[0;1;30;90;43m:[0;33;5;43;103mtt[0;1;33;93;43m@[0;1;30;90;43m:[0;31;40m%%[0;34;40m..   [0m 
 [0;34;40m.:::;;[0;1;30;90;43m%[0;33;5;43;103m;[0;1;30;90;43mS[0;33;5;40;100m8[0;33;5;43;103m@@[0;1;30;90;43mSXXX[0;33;5;43;103mS@[0;1;30;90;43m@[0;33;5;40;100m8[0;1;30;90;40m8[0;31;5;40;100mS[0;33;5;43;103m;[0;1;33;93;43mS[0;1;30;90;43m8[0;33;5;43;103m:[0;1;33;93;43m@[0;33;5;40;100m8[0;1;30;90;40m8888[0;1;30;90;43m8[0;33;5;43;103m%@S;::SS::;;;;;;;t;;X;;;;[0;1;30;90;43m:[0;33;5;43;103m;[0;1;30;90;43m:[0;1;33;93;43m@[0;1;30;90;43m:[0;34;40m...[0;31;40mX[0;33;5;43;103mtt[0;1;33;93;43mX[0;1;30;90;43m:[0;34;40m...    [0m 
  [0;34;40m:::::[0;1;30;90;43mt[0;33;5;43;103mS[0;1;30;90;43mt[0;1;33;93;43mX@[0;30;5;40;100mX[0;1;30;90;40mSSSX[0;30;5;40;100m@[0;33;5;43;103m8t[0;1;30;90;43m@[0;1;30;90;40m8[0;33;5;40;100mX[0;1;33;93;47m@[0;1;30;90;43m8[0;1;30;90;40m8[0;1;30;90;43m8[0;33;5;43;103mt:[0;1;33;93;43mX[0;1;30;90;43m8[0;30;5;40;100m8[0;1;30;90;40m8[0;1;30;90;43m8[0;33;5;43;103m::;SXS8:;;;;;;;;;;;;S@[0;1;30;90;43m::[0;33;5;43;103mX[0;1;33;93;43m@[0;33;5;43;103mt[0;1;30;90;43m:[0;1;33;93;43m@[0;33;5;43;103m@[0;31;40m:[0;34;40m..[0;1;30;90;43m:[0;33;5;43;103mt%[0;1;33;93;43mS[0;1;30;90;43m:[0;34;40m...    [0m 
  [0;34;40m.::::[0;31;40m;[0;1;30;90;43m;[0;33;5;43;103m%[0;1;33;93;43m8[0;1;30;90;43m%[0;34;40m;;[0;1;30;90;40mSSSS[0;1;30;90;43mX[0;33;5;43;103m;[0;1;33;93;43mX[0;30;5;40;100m@[0;36;5;40;100m ;[0;1;30;90;40m@@@[0;30;5;40;100m8[0;1;30;90;43mX[0;33;5;43;103m;:;[0;1;33;93;43m@[0;1;30;90;43m@[0;33;5;43;103m8:::[0;1;33;93;43m@[0;33;5;40;100m8[0;1;30;90;43mS[0;33;5;43;103m;;;;;;;;;;;t;[0;1;33;93;43m@[0;1;30;90;43m:[0;1;33;93;43m@[0;31;40mt8[0;33;5;43;103mtt[0;1;33;93;43m%@[0;33;5;43;103m8[0;31;40m8[0;34;40m..[0;1;30;90;43m.[0;33;5;43;103mt%[0;1;33;93;43m%[0;31;40m8[0;34;40m..    [0m  
  [0;34;40m :::::[0;1;30;90;43mt[0;1;33;93;43mX[0;33;5;43;103mX[0;1;30;90;40m8[0;34;40m;;;;[0;1;30;90;40m%S[0;1;30;90;43m%[0;33;5;43;103mX[0;1;30;90;43mS[0;1;30;90;40m8XXXXXXX8[0;1;30;90;43mX[0;1;33;93;43m8[0;33;5;43;103m;%;;;[0;1;33;93;43m8[0;1;30;90;40mXS[0;1;33;93;43m@[0;33;5;43;103m;;;;;;;;;;t@t;[0;1;33;93;43m@[0;1;30;90;43m:[0;31;40m@[0;34;40m.[0;33;5;43;103m%t[0;1;30;90;43m.[0;33;5;43;103m@[0;1;33;93;43m@[0;1;30;90;43m:[0;34;40m.[0;31;40mS[0;1;33;93;43m@[0;33;5;43;103m%%[0;1;30;90;43m.[0;31;40m:[0;34;40m.     [0m  
   [0;34;40m.::::[0;31;40m:[0;33;5;40;100m8[0;1;33;93;43m%[0;33;5;43;103mS[0;1;30;90;43m;%[0;33;5;40;100m88[0;1;30;90;43mt[0;1;33;93;43m@8[0;33;5;43;103m@[0;1;30;90;40mXSSSSSXSSSSS8[0;1;30;90;43mSS[0;33;5;43;103m%t[0;30;5;40;100mX[0;1;30;90;40m%%[0;1;30;90;43m%[0;33;5;43;103m;;;;;;;;S8XS;;[0;1;33;93;43mS@[0;34;40m.[0;31;40mX[0;33;5;43;103mtt[0;1;30;90;43m.[0;1;33;93;43mX[0;33;5;43;103mS[0;1;30;90;43m:[0;34;40m..[0;31;40m;[0;33;5;43;103m%[0;1;33;93;43mX[0;1;30;90;43m.[0;34;40m.     [0m   
    [0;34;40m.::::[0;1;30;90;43m;[0;1;33;93;43m8XS[0;1;30;90;43m;;t[0;33;5;43;103mX[0;1;30;90;43mt[0;1;30;90;40m8[0;30;5;40;100mX[0;34;40m;;;;[0;1;30;90;40m%8[0;37;5;40;100m8[0;33;47m8[0;1;30;90;43mS[0;1;30;90;40mSSS%S[0;36;5;40;100m [0;1;30;90;47mt[0;1;30;90;40m@[0;34;40m;;;[0;1;30;90;40m8[0;33;5;43;103m%;;;;;[0;1;30;90;43m;[0;31;40mX[0;1;30;90;43m:[0;33;5;43;103m;S;;;[0;1;30;90;43m:[0;31;40mt[0;34;40m.[0;1;30;90;43m:[0;33;5;43;103m@t[0;1;33;93;43m8SX[0;1;30;90;41m8[0;34;40m..[0;31;40m:[0;33;5;43;103m%[0;1;30;90;43m [0;31;40m:[0;34;40m.    [0m    
    [0;34;40m .::::[0;31;40m8[0;1;33;93;43mXS[0;31;40mX[0;34;40m:[0;1;30;90;40m8[0;31;40mt[0;34;40m;;;;;;[0;1;30;90;40m@[0;1;30;90;47mX[0;33;47m8[0;33;5;43;103m%XS[0;1;30;90;43m%[0;31;40m;[0;34;40m;;;;;;;;;;[0;1;30;90;40m8[0;1;33;93;43m8[0;33;5;43;103m;;;[0;1;33;93;43mS[0;32;40m:[0;34;40m:[0;1;33;93;43m@[0;33;5;43;103mt;;tt@[0;1;30;90;43m;[0;34;40m..[0;31;40mt[0;33;5;43;103mtt[0;1;30;90;43m.[0;1;33;93;43m%[0;31;40m:[0;34;40m..[0;1;30;90;43m:[0;1;33;93;43mS[0;31;40m@[0;34;40m      [0m    
     [0;34;40m...::[0;31;40m%[0;1;30;90;43m:[0;33;5;43;103m@[0;1;33;93;43mX[0;31;40mS[0;34;40m::::::;;;[0;33;5;40;100m8[0;1;33;93;43m@[0;33;5;43;103mSS@@[0;1;33;93;43mS[0;1;30;90;43m%[0;31;40mt[0;34;40m;;;;;:[0;31;40m%[0;30;5;40;100m@[0;1;30;90;43mt[0;33;5;43;103mt;;;[0;1;30;90;43m:[0;34;40m::[0;1;33;93;43m@[0;33;5;43;103m;ttt[0;1;30;90;43m::[0;1;30;90;40m8[0;34;40m..[0;31;40m8[0;33;5;43;103mtS[0;1;33;93;43mS[0;1;30;90;43m:[0;34;40m..[0;31;40mX[0;1;33;93;43mX[0;31;40m8[0;34;40m      [0m     
      [0;34;40m....::[0;31;40m8[0;1;33;93;43m%[0;33;5;43;103m%[0;1;30;90;43m;[0;31;40m:[0;34;40m::::::[0;37;5;40;100m@[0;33;5;40;100m [0;1;30;90;43m;tt;[0;33;5;43;103m%ttt@[0;1;33;93;43mXSX[0;33;5;43;103m8%;;;;;;%[0;1;30;90;43m%[0;34;40m:[0;1;30;90;43m;[0;33;5;43;103mStttX[0;1;33;93;43m@[0;34;40m...[0;31;40m@[0;33;5;43;103m8%[0;1;33;93;43m@[0;1;30;90;43m.[0;31;40m;[0;34;40m.[0;31;40m%[0;1;33;93;43mS[0;31;40m8[0;34;40m      [0m      
       [0;34;40m.....[0;31;40m:[0;1;30;90;43m;:[0;33;5;43;103m%[0;1;30;90;43m:[0;31;40m%[0;34;40m:::::::::::[0;31;40m%[0;1;33;93;43m%[0;33;5;43;103mS[0;1;30;90;43m;[0;31;5;40;100mX[0;1;30;90;43m;;;:::::;;[0;31;40m@[0;33;5;40;100m8[0;1;30;90;47mS[0;34;40m.[0;1;33;93;43mt[0;33;5;43;103mtttX[0;1;30;90;43m::[0;34;40m.[0;31;40m@[0;1;30;90;43m.[0;33;5;43;103m%%@[0;1;33;93;43mS[0;31;40m@[0;34;40m.[0;31;40m@[0;1;33;93;43m%[0;31;40m@[0;34;40m      [0m       
        [0;34;40m......[0;31;40m;[0;1;30;90;43m;[0;33;5;43;103m@S[0;1;30;90;43m;[0;31;40mS[0;34;40m::::::::::[0;31;5;40;100mX[0;33;5;43;103m;[0;1;30;90;43m;[0;34;40m:::::::::...[0;1;30;90;40mS[0;31;40m;[0;1;30;90;43m:[0;33;5;43;103m%ttX[0;1;33;93;43mS[0;31;40m;:t[0;1;30;90;43m.[0;33;5;43;103mtS@@[0;1;30;90;41m8[0;31;40m.[0;1;30;90;43m..[0;31;40m:[0;34;40m      [0m        
         [0;34;40m......[0;31;40m:[0;1;30;90;43m;;[0;1;33;93;43mX[0;33;5;43;103mX[0;1;30;90;43m:[0;31;40m@:[0;34;40m:::::::[0;30;5;40;100m8[0;1;37;97;47mt[0;1;30;90;40m8[0;34;40m::::.......[0;31;40m:[0;1;30;90;43m:[0;33;5;43;103m@ttS[0;1;30;90;43m::[0;31;40m;[0;34;40m...[0;1;30;90;43m:[0;33;5;43;103m%%[0;1;33;93;43m@[0;31;40m8X[0;1;30;90;43m.[0;31;40m@[0;34;40m       [0m         
          [0;34;40m ......[0;31;40mt[0;1;30;90;43m;[0;1;33;93;43m%@[0;33;5;43;103mt[0;1;33;93;43m8[0;1;30;90;43m:[0;31;5;40;100mX[0;31;40mt[0;34;40m....[0;1;30;90;40m@[0;34;40m:.........[0;31;40m;8[0;1;30;90;43m:[0;33;5;43;103m@tt@[0;1;33;93;43mX[0;1;30;90;43m:[0;31;40mt[0;34;40m...[0;31;40m;[0;1;30;90;43m:[0;33;5;43;103m@@[0;1;30;90;43m.[0;31;40mX[0;1;30;90;43m.[0;31;43m8[0;31;40m.[0;34;40m       [0m          
            [0;34;40m........[0;31;40mt[0;1;30;90;43m:[0;1;33;93;43m@[0;33;5;43;103m%tS[0;1;33;93;43m%[0;1;30;90;43m:;[0;31;40m88%%@S[0;31;5;40;100mXS[0;1;30;90;43m::.[0;1;33;93;43mS[0;33;5;43;103m%%t@X[0;1;33;93;43m%[0;31;40mS;8[0;33;5;40;100m8[0;1;30;90;43m::.[0;33;5;43;103mS8[0;1;30;90;43m.[0;31;40m8.X.[0;34;40m       [0m            
             [0;34;40m........[0;31;40m:[0;33;5;40;100m8[0;1;30;90;43m::[0;1;33;93;43mt[0;33;5;43;103m@%ttt%%t%ttttS@@[0;1;33;93;43mS[0;31;40m88X.[0;34;40m..[0;1;30;90;43m.[0;33;5;43;103m%%X[0;1;33;93;43m@[0;1;30;90;43m.[0;30;41m8[0;31;40m.[0;34;40m.         [0m             
              [0;34;40m .........[0;31;40mt8[0;1;30;90;43m::::.[0;1;33;93;43mXS[0;1;30;90;43m::[0;1;33;93;43m%@[0;1;30;90;43m.:[0;31;40m;[0;1;30;90;43m:[0;31;40m8:[0;34;40m...[0;31;40m.8[0;1;30;90;43m.[0;1;33;93;43m@X[0;1;30;90;43m..[0;31;40m%[0;34;40m..          [0m              
                [0;34;40m .................[0;31;40mtXSX@88[0;33;5;40;100m8[0;1;30;90;43m::...:[0;1;30;90;41m8[0;31;40m@:[0;34;40m..           [0m                
                  [0;34;40m ..............[0;31;40m;8[0;1;30;90;41m8[0;1;30;90;43m:::[0;31;5;40;100mS[0;30;41m8[0;31;40m8St.[0;34;40m....             [0m                  
                    [0;34;40m ........................               [0m                    
                      [0;34;40m ................                   [0m                      
                        [0;34;40m                                [0m                        
                          [0;34;40m                            [0m                          
                             [0;34;40m                      [0m                             
                                [0;34;40m                [0m                                
                                   [0;34;40m          [0m                                   
                                      [0;34;40m    [0m                                      
