[0;32;40m%[0;30;42mSSSSSSSSSSSSS%%%%%%%%%%%%%%%%%%%%%%%%%%%%%%%%SSSSSSSSSSSSSSSSSSSSXXXXXXXXXXXXX8[0m
[0;32;40mX[0;1;30;90;42m:::::::::::;;;;;;;ttttttttttttttttX%ttt;;;;;;;:::::::::::::::.........[0;30;42m....::::S[0m
[0;32;40mX[0;1;30;90;42m:::::::::;;;;;ttttttt%%%%%%%%%%%%8[0;33;5;40;100m8[0;1;30;90;42m@ttttttt;;;;;::::::::::::::.........[0;30;42m....:::S[0m
[0;32;40mX[0;1;30;90;42m:::::::;;;;;ttttt%%%%%%%%SSSSSSSS[0;1;30;90;43m8[0;33;5;40;100m8[0;1;30;90;42m%%%%%ttttt;;;;;:::::::::::::.........[0;30;42m....::S[0m
[0;32;40mX[0;1;30;90;42m:::::;;;;;tttt%%%%%SSSSSSSSSSSS[0;32;5;40;100m8[0;33;5;40;100m8[0;32;5;40;100m8[0;1;30;90;42mSSSS%%%%%ttttt;;;;::::::::::::........[0;30;42m.....:S[0m
[0;32;40mX[0;1;30;90;42m::::;;;;tttt%%%%SSSSSXXXXXXXX@[0;33;5;40;100m88[0;1;30;90;42m@XXXXSSSS%%%%tttt;;;;;:::::::::::........[0;30;42m.....S[0m
[0;32;40mX[0;1;30;90;42m::;;;;tttt%%%%SSSXXXXX@@@@8[0;33;5;40;100m888[0;1;30;90;42m@@@@@XXXXXSS[0;33;5;40;100m88[0;1;30;90;42m%%%tttt;;;;:::::::::::........[0;30;42m....S[0m
[0;32;40mX[0;1;30;90;42m:;;;;ttt%%%%SSSXXXX@@@8[0;33;5;40;100m8888[0;1;30;90;42m8888888@@@@@X[0;33;5;40;100m8[0;1;30;90;43mX[0;1;31;91;41m8[0;33;41m8[0;1;30;90;42mSS%%%ttt;;;;:::::::::::........[0;30;42m...S[0m
[0;32;40mX[0;1;30;90;42m;;;;ttt%%%SSSXXX@@@@8[0;33;5;40;100m888[0;1;30;90;42m888888888888888[0;1;30;90;41m@[0;31;5;41;101m8888[0;33;41mX[0;1;30;90;42mSS%%%ttt;;;;:::::::::::.......[0;30;42m...S[0m
[0;32;40mX[0;1;30;90;42m;;;ttt%%%SSSXX@@@888[0;33;5;40;100m88[0;1;30;90;42m8888888888888888[0;33;41m8[0;1;30;90;41m8[0;1;31;91;41m8888[0;31;5;41;101m8[0;32;5;40;100m8[0;1;30;90;42mSS%@%ttt;;;;::::::::::........[0;30;42m..S[0m
[0;32;40mX[0;1;30;90;42m;;ttt%%%SSSXX@@@88[0;32;5;40;100m8[0;1;30;90;43m8[0;33;5;40;100m8[0;1;30;90;42m8888888888888888[0;33;5;40;100m8[0;1;30;90;43m8[0;31;43m8[0;1;30;90;41m8[0;1;31;91;41m8[0;31;5;41;101m88[0;1;31;91;41m8[0;33;5;40;100m8[0;1;30;90;42mXS@[0;1;37;97;47m [0;1;30;90;47mS[0;37;5;40;100m%[0;1;30;90;42m8tt;;;:::::::::::.......[0;30;42m..S[0m
[0;32;40mX[0;1;30;90;42m;;tt%%%SSSXX@@8888[0;33;5;40;100m@@[0;1;30;90;42m88888888888888888[0;33;5;40;100mX[0;1;30;90;47m [0;1;37;97;47m%t[0;33;5;40;100m;[0;31;5;41;101m8[0;1;31;91;41m88[0;33;5;40;100m8[0;1;30;90;42mX8[0;1;37;97;47m.[0;1;30;90;47mXXt[0;1;37;97;47m.[0;1;30;90;47m%[0;32;5;40;100mX[0;1;30;90;42m@;;;::::::::::........[0;30;42m.S[0m
[0;32;40mX[0;1;30;90;42m;ttt%%SSSXX@@8888[0;33;5;40;100m8X[0;1;30;90;42m88888888[0;32;5;40;100mXXX[0;1;30;90;42m8888888[0;33;5;40;100mt[0;1;30;90;47m8;[0;33;5;40;100m:[0;1;30;90;41m8[0;1;31;91;41m8[0;31;5;41;101m@@[0;33;41m8[0;1;30;90;42mX[0;32;5;40;100m8[0;37;5;40;100mX[0;1;30;90;47mS[0;1;37;97;47m.:[0;1;30;90;47mXX@[0;1;30;90;42mS;;;;::::::::::.......[0;30;42m.S[0m
[0;32;40mX[0;1;30;90;42m;tt%%%SSXX@@8[0;36;5;40;100m [0;1;30;90;47mX[0;37;5;40;100m;[0;33;5;40;100m%;;[0;36;5;40;100m;t%[0;32;5;40;100mSSXXSSSSSSXX[0;1;30;90;42m88[0;32;5;40;100m@[0;33;5;40;100mXS[0;1;30;90;43m8[0;33;5;40;100m%[0;1;31;91;41m8[0;1;30;90;41m8[0;1;30;90;43m8[0;33;47m8[0;1;30;90;43m8[0;33;5;40;100m88@t[0;36;5;40;100m: [0;1;30;90;47m:@[0;1;30;90;42m%tt;;;::::::::::.......[0;30;42m.S[0m
[0;32;40mX[0;1;30;90;42mttt%%SSSXX@@88[0;32;5;40;100mS[0;1;30;90;42m8[0;1;30;90;47m:..[0;1;37;97;47mS[0;1;30;90;47m [0;33;5;40;100m%;:.        ....:%[0;1;30;90;47mS[0;37;5;47;107m8[0;1;30;90;47mS :  [0;1;37;97;47m;[0;33;47mX@[0;33;5;40;100mS[0;1;30;90;41m88[0;33;41m8[0;31;43m8[0;33;41m8[0;1;30;90;41m8[0;1;30;90;43mt[0;1;30;90;42m8;;::::::::::........[0;30;42mS[0m
[0;32;40mX[0;1;30;90;42mttt%%SSXX@@88888[0;33;5;40;100m [0;1;37;97;47m;[0;1;30;90;47m [0;1;37;97;47m@:[0;31;5;41;101m@8S[0;35;5;41;101mXXX88X@@8[0;31;5;41;101mSX[0;1;31;91;41m8[0;31;5;41;101mX8[0;1;30;90;43m8[0;33;5;40;100mS%[0;31;5;41;101m8[0;31;5;40;100mS[0;33;41m8[0;1;31;91;41m8[0;1;30;90;43m8[0;33;47m888[0;33;41m8[0;1;31;91;41m@[0;31;5;41;101m88888[0;1;31;91;41m@@[0;33;41mt[0;1;30;90;42m8::::::::::........[0;30;42mS[0m
[0;32;40mX[0;1;30;90;42mttt%%SSXX@@88888[0;32;5;40;100m@[0;33;5;40;100m;;:%XS[0;1;30;90;43m8[0;33;5;41;101m8[0;35;5;41;101mXX[0;35;5;40;100m;;[0;35;5;41;101mXXX[0;35;5;40;100m%[0;35;5;41;101mX[0;31;5;41;101mX8@[0;1;30;90;41m8[0;31;5;41;101m8[0;33;5;40;100mXX[0;1;30;90;41m8[0;31;5;41;101m8[0;1;31;91;41m88[0;31;5;41;101m8[0;1;31;91;41m8[0;31;5;41;101m888[0;1;31;91;41m888@@8X@@[0;33;41mS[0;1;30;90;42m;:::::::::........[0;30;42mS[0m
[0;32;40mX[0;1;30;90;42mtt%%%SSXX@@888888[0;33;5;40;100mSX[0;1;30;90;42m8[0;32;5;40;100mXSS[0;36;5;40;100m%[0;33;5;40;100m%tt;;;[0;33;5;41;101m8[0;35;5;40;100mt[0;35;5;41;101m@X[0;31;5;41;101mX[0;1;30;90;41m8[0;1;31;91;41m8[0;31;5;41;101m88[0;1;30;90;41m8[0;33;5;40;100m@@[0;31;5;41;101m8[0;1;31;91;41m8[0;31;5;41;101m@@@888888[0;1;31;91;41m@8@[0;31;5;41;101m8[0;33;41m%[0;1;30;90;42m8;;:::::::::........[0;30;42mS[0m
[0;32;40mX[0;1;30;90;42mttt%%SSXX@@888888[0;33;5;40;100m@S[0;32;5;40;100mX[0;1;30;90;42m8[0;32;5;40;100mXS%[0;36;5;40;100m%tt;;;[0;33;5;40;100mtt[0;33;5;41;101m8[0;1;30;90;43m8[0;33;5;40;100mS[0;31;5;41;101mX8XX[0;1;30;90;41m8[0;1;31;91;41m8[0;33;5;40;100mX[0;1;30;90;41m8[0;1;31;91;41m8[0;31;5;41;101m@@8[0;1;31;91;41m888[0;31;5;41;101m888[0;1;31;91;41mS[0;33;41m8[0;33;5;40;100m8[0;1;30;90;42m8;;;;:::::::::........[0;30;42mS[0m
[0;32;40mX[0;1;30;90;42mttt%%SSXXX@@888888[0;33;5;40;100mXS[0;32;5;40;100mXXSSS[0;36;5;40;100m%%ttt%%[0;32;5;40;100m%S[0;33;5;40;100mS[0;31;5;41;101m8[0;1;30;90;41m8[0;31;5;41;101m8[0;1;30;90;41m88[0;31;5;41;101m8[0;1;31;91;41m8[0;33;5;40;100m@[0;33;41m8[0;31;5;41;101m@@888[0;1;30;90;42mXSS[0;33;5;40;100m88[0;1;30;90;42m%tt;;;::::::::::........[0;30;42mS[0m
[0;32;40mX[0;1;30;90;42mttt%%%SSXX@@8888888[0;33;5;40;100mXSX[0;32;5;40;100mXXSSS%%%SSSX[0;33;5;40;100mX[0;31;5;41;101mX8[0;1;31;91;41m888[0;31;5;41;101mX@[0;1;31;91;41m@[0;1;30;90;43m8[0;33;41m8[0;31;5;41;101m@88[0;33;5;40;100m8[0;1;30;90;42mSSS%%ttt;;;::::::::::........[0;30;42mS[0m
[0;32;40mX[0;1;30;90;42m;tt%%%SSXXX@@8888888[0;33;5;40;100mXSX[0;32;5;40;100mXXXXSSSXXX[0;1;30;90;42m8[0;33;5;40;100mX[0;31;5;41;101m8[0;1;30;90;41m88[0;1;31;91;41m88[0;31;5;41;101m88[0;1;31;91;41m88[0;1;30;90;43m8[0;33;41m8[0;31;5;41;101m8[0;33;41m8[0;1;30;90;42mXSS%%%ttt;;;::::::::::.......[0;30;42m.S[0m
[0;32;40m%[0;1;30;90;42m;ttt%%%SSXX@@888888888[0;33;5;40;100mXXXX[0;1;30;90;42m88888888[0;33;5;40;100m@[0;1;30;90;43m8[0;33;5;40;100m@[0;33;41m8[0;1;30;90;41m8[0;33;41m88[0;1;31;91;41m8[0;33;41m@[0;1;31;91;41m8[0;33;41mX[0;33;5;40;100m88[0;1;30;90;42mXSSS%%ttt;;;::::::::::........[0;30;42m.@[0m
 [0;1;30;90;42m;;ttt%%SSSXX@@@888888888[0;32;5;40;100m@[0;33;5;40;100mXXX[0;1;30;90;42m888888[0;33;5;40;100m8[0;1;30;90;41m8[0;1;31;91;41m8[0;33;41m88888888@[0;1;30;90;42mXSSS%%%ttt;;;::::::::::........[0;30;42m.[0;32;40m8[0m
 [0;30;42mt[0;1;30;90;42m;ttt%%%SSSXX@@@88888888888[0;33;5;40;100m@@8[0;1;30;90;42m888[0;33;5;40;100m8[0;1;30;90;41m8[0;31;5;41;101m@@@@@@@8888[0;1;31;91;41m8[0;1;30;90;42mSS%%%ttt;;;:::::::::::.......[0;30;42m..[0;32;40mS[0m
 [0;30;42m@[0;1;30;90;42m;;ttt%%%SSSXXX@@@88888888888[0;33;5;40;100m@8[0;1;30;90;42m88[0;31;5;40;100m8[0;31;5;41;101m@@@@@@8888888[0;1;30;90;42mX%%%ttt;;;:::::::::::........[0;30;42m..[0m 
 [0;32;40mX[0;1;30;90;42m;;;tttt%%%SSSXXX@@@8888888888[0;33;5;40;100m88[0;32;5;40;100m@[0;31;5;41;101m8@@@@888888888[0;33;5;40;100m8[0;1;30;90;42m%%ttt;;;;::::::::::........[0;30;42m..S[0m 
  [0;30;42m;[0;1;30;90;42m;;;tttt%%%SSSSXXX@@@@@@888888[0;33;5;40;100m8[0;1;30;90;41m8[0;31;5;41;101m@8888888888888[0;1;31;91;41mX[0;1;30;90;42m%ttt;;;;:::::::::::........[0;30;42m..[0;32;40m@[0m 
  [0;32;40m8[0;1;30;90;42m:;;;;ttt%%%%SSSSXXXXXX@@@@@@@[0;33;5;40;100m8[0;1;31;91;41m8[0;31;5;41;101m888888888888888[0;33;41mX[0;1;30;90;42mtt;;;::::::::::::........[0;30;42m..;[0m  
   [0;1;30;90;42m::;;;;tttt%%%%%SSSSSXXXXXXXXX[0;1;31;91;41m@[0;31;5;41;101m88888888888888888[0;33;41m8[0;1;30;90;42m;;;::::::::::::........[0;30;42m...[0;32;40m8[0m  
   [0;32;40m8[0;1;30;90;42m:::;;;;ttttt%%%%%SSSSSSSSSS[0;33;5;40;100m8[0;1;31;91;41m888888888[0;31;5;41;101m888888888[0;1;31;91;41m@[0;1;30;90;42mX;::::::::::::........[0;30;42m...t[0m   
    [0;30;42m%[0;1;30;90;42m:::;;;;;tttttt%%%%%%%%%%%@[0;1;31;91;41m8[0;31;5;41;101m888888888[0;1;31;91;41m8888888@@8[0;1;30;90;43m;[0;1;30;90;42m::::::::::::........[0;30;42m....[0;32;40m%[0m   
     [0;1;30;90;42m:::::;;;;;;tttttttt%%%%%%[0;33;41mS[0;1;31;91;41m@XXXXXX@8888[0;31;5;41;101m888888[0;1;31;91;41m8@X[0;1;30;90;42mX::::::::::........[0;30;42m....[0;32;40m8[0m    
     [0;32;40mS[0;1;30;90;42m:::::::;;;;;;;tttttttttS[0;1;31;91;41m88888888X@88@SSSSSSX@S[0;33;41m8[0;1;30;90;42m::::::::.........[0;30;42m....X[0m     
      [0;32;40m@[0;1;30;90;42m:::::::::;;;;;;;;;;;;;8[0;31;5;41;101m8888888[0;1;31;91;41m8[0;1;30;90;42m8;X8[0;33;41mS[0;1;31;91;41m@@@@@@@[0;1;30;90;41m8[0;1;30;90;42m:::::::::.........[0;30;42m....%[0m      
       [0;32;40m8[0;1;30;90;42m:::::::::::::;;;;;;;;[0;33;5;40;100m8[0;31;5;41;101m888888[0;1;31;91;41mX[0;33;5;40;100m8[0;1;30;90;42m;:::%[0;1;31;91;41mX[0;31;5;41;101m88[0;1;31;91;41m8888[0;33;41m%[0;1;30;90;42m;::::::..........[0;30;42m....%[0m       
        [0;32;40m@[0;1;30;90;42m::::::::::::::::::::@[0;1;31;91;41mS@@8[0;31;5;41;101m88[0;1;31;91;41mS[0;1;30;90;42mS:::::8[0;1;31;91;41m8888888@[0;1;30;90;42mt:::..........[0;30;42m.....%[0m        
         [0;32;40mX[0;1;30;90;42m::::::::::::::::::::[0;33;41mt[0;1;31;91;41m@X8X88[0;33;5;40;100m8[0;1;30;90;42m::::::8[0;33;41m%[0;1;31;91;41mXS@@@t[0;1;30;90;42m%:...........[0;30;42m.....X[0m         
          [0;32;40mt[0;30;42mt[0;1;30;90;42m::::::::::::::::::[0;33;41m%[0;1;31;91;41m88@@@[0;31;5;40;100mS[0;1;30;90;42m:::::::::[0;33;41mt[0;1;31;91;41m8@@@X[0;1;30;90;41m8[0;1;30;90;42m..........[0;30;42m.....:[0;32;40m8[0m          
            [0;30;42m@[0;1;30;90;42m:::::::::::::::::[0;33;41m%[0;1;31;91;41m88888[0;1;30;90;42m%:::::::::%[0;1;31;91;41mX8888%[0;1;30;90;42m:.......[0;30;42m......;[0;32;40mS[0m           
             [0;32;40mX[0;1;30;90;42m:.::::::::::::::[0;33;41mt[0;1;31;91;41m8888@[0;1;30;90;42m::::::::...8[0;1;31;91;41m88888[0;1;30;90;41m8[0;1;30;90;42m.....[0;30;42m......:X[0m             
               [0;30;42m@[0;1;30;90;42m......::::::::[0;1;31;91;41mt8888[0;33;41mt[0;1;30;90;42m::..........[0;33;41m@[0;1;31;91;41m888@[0;33;41mt[0;30;42m:[0;1;30;90;42m.[0;30;42m.......:;[0;32;40mX[0m              
                [0;32;40m%[0;30;42m%[0;1;30;90;42m..........:8[0;1;31;91;41m%X8@X[0;30;42mS[0;1;30;90;42m............[0;30;42m;[0;1;31;91;41mtX88X[0;30;42m8......::8[0m                
                  [0;32;40m@[0;30;42m;[0;1;30;90;42m...[0;30;42m;[0;1;30;90;42mtt8[0;33;41m8[0;1;31;91;41mt8888@[0;33;41m;[0;1;30;90;42m.............8[0;1;31;91;41m88888%[0;30;42m:..:::X[0m                  
                    [0;32;40m8[0;30;42m;[0;1;30;90;42m.:[0;1;30;90;41m8[0;33;41m;[0;1;31;91;41mSXXXS%XX[0;33;41mS[0;1;30;90;42m.........[0;30;42m:;%[0;33;41m8[0;1;31;91;41mX8X;;S%[0;30;42mS:::X[0;32;40m%[0m                   
                      [0;32;40m@[0;30;42mt[0;1;30;90;42m..[0;30;42m:ttt:[0;1;30;90;42m8[0;33;41mS%[0;1;30;90;42m8.....[0;30;42m....%[0;30;41m8[0;33;41mXSX[0;31;40m8[0;30;42mX:SS;::@[0;32;40mt[0m                     
                        [0;32;40mS[0;30;42mS.......................:::::;8[0m                        
                           [0;30;42m8;..............:::::::::%[0;32;40m@[0m                          
                             [0;32;40mX[0;30;42m@:.::::::::::::::::t8[0m                             
                                [0;32;40mX[0;30;42mX::::::::::::;8[0;32;40m%[0m                               
                                   [0;32;40mX[0;30;42m8;:::::%[0;32;40m8[0m                                   
                                       [0;32;40m8[0;30;42m8[0;32;40mX[0m                                      
