[0;31;5;40;100m8[0;35;5;40;100m.........                              [0;1;34;94;44m::::::::::................ [0;1;30;90;44m.      [0;30;44m     8[0m
[0;31;5;40;100mX[0;1;30;90;47m888888888888888888888888888888888888888[0;34;5;44;104m888888888888[0;1;34;94;44m888888888888888888888@@@@@@[0;30;44m%[0m
[0;31;5;40;100mX[0;1;30;90;47m888888888888888888888888888888888888888[0;34;5;44;104m8888888888888[0;1;34;94;44m888888888888888888888@@@@@[0;30;44m%[0m
[0;31;5;40;100mX[0;1;30;90;47m8888888888888[0;33;47mX[0;1;30;90;47m8888[0;1;33;93;47m8[0;1;30;90;47m88888[0;33;47mX[0;1;30;90;47m88888888888888[0;34;5;44;104m888888888888888[0;1;34;94;44m88888888888888888888@@@@[0;30;44m%[0m
[0;31;5;40;100mX[0;1;30;90;47m8888888888888[0;37;5;43;103mX[0;33;47mX[0;1;30;90;47m888[0;33;5;43;103m;[0;1;33;93;47m@[0;1;30;90;47m888[0;37;5;43;103m@[0;1;33;93;47mX[0;1;30;90;47m88888888888888[0;34;5;44;104m88888888888888888[0;1;34;94;44m88[0;34;5;44;104m8[0;1;30;90;47m8[0;1;37;97;47m% [0;1;30;90;47m8[0;34;5;44;104m8[0;1;34;94;44m88888888888@@@[0;30;44m%[0m
[0;31;5;40;100mX[0;1;30;90;47m88888888[0;33;47mX[0;1;30;90;47m8888[0;1;33;93;47m8[0;33;5;43;103m;[0;1;33;93;47m8[0;1;30;90;47m88[0;37;5;43;103mX[0;33;5;43;103m;[0;1;33;93;47mX[0;1;30;90;47m8[0;1;33;93;47m8[0;33;5;43;103m:[0;1;30;90;47m8888[0;1;33;93;47m@[0;33;47mS[0;1;30;90;47m888888888[0;34;5;44;104m888888888888888888[0;1;34;94;44m888[0;34;5;44;104m8[0;1;37;97;47m [0;37;5;47;107m%%8[0;1;30;90;47m8[0;1;34;94;44m8888888888@@[0;30;44m%[0m
[0;31;5;40;100mX[0;1;30;90;47m88888888[0;33;47m@[0;37;5;43;103mX[0;1;33;93;47m8@[0;1;30;90;47m88[0;37;5;43;103m8[0;33;5;43;103m:[0;37;5;43;103mS[0;33;47mS[0;37;5;43;103mS[0;33;5;43;103m:[0;37;5;43;103m8[0;1;33;93;47mS[0;37;5;43;103m%[0;33;5;43;103m:[0;1;30;90;47m@8[0;1;33;93;47mX[0;37;5;43;103mX[0;1;33;93;47m@[0;1;30;90;47m8888888888[0;34;5;44;104m8888888888888888888[0;1;34;94;44m8888[0;1;30;90;47m8[0;37;5;47;107m%%S@[0;1;30;90;47m8[0;1;34;94;44m88888888@@[0;30;44m%[0m
[0;31;5;40;100mX[0;1;30;90;47m888888888[0;33;47mS[0;37;5;43;103m8[0;33;5;43;103m;;[0;37;5;43;103mX[0;1;33;93;47m@[0;33;5;43;103m::[0;37;5;43;103m%[0;33;5;43;103m::[0;37;5;43;103mSt[0;33;5;43;103m.[0;37;5;43;103m@[0;1;33;93;47mS[0;37;5;43;103m8;[0;1;33;93;47m8[0;1;37;97;47m       [0;1;30;90;47m8888[0;34;5;44;104m88888888888888888888[0;1;34;94;44m8888[0;1;37;97;47m [0;37;5;47;107m%%SS[0;1;37;97;47m.[0;1;34;94;44m88888888@[0;30;44m%[0m
[0;31;5;40;100mX[0;1;30;90;47m88888[0;33;47m@[0;1;33;93;47m@[0;33;47mSSXXS[0;37;5;43;103mS[0;33;5;43;103m::::::.[0;37;5;43;103m;::;::8[0;1;37;97;47m  [0;1;33;93;47mX[0;37;5;43;103m8[0;1;33;93;47m8%[0;1;37;97;47m     [0;1;30;90;47m8[0;34;5;44;104m888888888888888888888[0;1;34;94;44m888[0;34;5;44;104m8[0;37;5;47;107mX%SSS[0;1;37;97;47m:[0;1;34;94;44m8888888@[0;30;44m%[0m
[0;31;5;40;100mX[0;1;30;90;47m888888[0;1;33;93;47m8[0;37;5;43;103m@S[0;33;5;43;103m;::[0;37;5;43;103m%[0;33;5;43;103m::::.[0;37;5;43;103m:::::::%88tS[0;1;33;93;47mS[0;1;37;97;47m        [0;34;5;44;104m@888888888888888888888[0;1;34;94;44m888[0;1;37;97;47m.[0;37;5;47;107m%%SSS[0;1;30;90;47m8[0;1;34;94;44m8888888[0;30;44m%[0m
[0;31;5;40;100mX[0;1;30;90;47m888888888[0;33;47mS[0;1;33;93;47m8[0;37;5;43;103m%[0;33;5;43;103m:::.[0;37;5;43;103m::::::....:X[0;1;33;93;47m@[0;1;37;97;47m          [0;34;5;44;104m@@@8888888888888888888[0;1;34;94;44m888[0;1;37;97;47m [0;37;5;47;107m%%SSS[0;1;37;97;47mX[0;1;34;94;44m8888888[0;30;44m%[0m
[0;31;5;40;100mS[0;1;30;90;47m8888[0;33;47mXX[0;1;33;93;47m@[0;37;5;43;103m8[0;33;5;43;103m;:::::.[0;37;5;43;103m:::::......:@8888[0;1;33;93;47m@[0;1;37;97;47m      [0;34;5;44;104m@@@@8888888888888888888[0;1;34;94;44m88[0;1;37;97;47m@[0;37;5;47;107m%%%SSS[0;1;34;94;44m8888888[0;30;44m%[0m
[0;31;5;40;100mS[0;1;30;90;47m8888[0;33;47mX[0;1;33;93;47m888@@[0;37;5;43;103m8%[0;33;5;43;103m:[0;37;5;43;103m;::::........;X@8[0;1;37;97;47m         [0;34;5;44;104m@@@@@888888888888888888[0;1;34;94;44m8[0;36;5;44;104m8[0;37;5;47;107m%%%%SSX[0;1;34;94;44m8888888[0;30;44m%[0m
[0;31;5;40;100mS[0;1;30;90;47m88888888[0;1;33;93;47mX[0;37;5;43;103mX[0;33;5;43;103m::.[0;37;5;43;103m::::..........8[0;1;33;93;47m%[0;1;37;97;47m          [0;34;5;44;104mX@@@@@888888888888888888[0;37;5;47;107m8%%%%%S[0;1;37;97;47m.[0;1;34;94;44m8888888[0;30;44m%[0m
[0;31;5;40;100mS[0;1;30;90;47m888888[0;33;47mS[0;37;5;43;103m8[0;33;5;43;103m:[0;37;5;43;103m8[0;1;33;93;47m88[0;37;5;43;103mS:::.........X8%%X8[0;1;33;93;47m@[0;1;37;97;47m       [0;34;5;44;104mXX@@@@@8888888888888888[0;37;5;47;107m8%%%%%%S[0;36;5;44;104m8[0;1;34;94;44m8888888[0;30;44m%[0m
[0;31;5;40;100mS[0;1;30;90;47m88888[0;33;47mX[0;1;33;93;47m8@[0;1;30;90;47m88[0;1;33;93;47mS[0;37;5;43;103mS:XX:.......t.:[0;1;37;97;47mt            [0;34;5;44;104mXX@@@@@88888888888888[0;1;30;90;47m8[0;37;5;47;107mSt%%%%%%[0;1;30;90;47m8[0;1;34;94;44m88888888[0;30;44m%[0m
[0;31;5;40;100mS[0;1;30;90;47m8888888888[0;37;5;43;103m8S[0;1;33;93;47mX[0;1;37;97;47m [0;37;5;43;103m%.@8..8..[0;1;37;97;47m [0;1;33;93;47m%[0;37;5;43;103m8%S[0;1;37;97;47m;          [0;34;5;44;104mXXX@@@@8@888888888[0;1;30;90;47m8[0;1;37;97;47m [0;37;5;47;107mSttt%%%%S[0;1;30;90;47m8[0;1;34;94;44m888888888[0;30;44m%[0m
[0;31;5;40;100mS[0;1;30;90;47m888888888[0;1;33;93;47m8[0;37;5;43;103m8[0;1;33;93;47m%[0;1;37;97;47m  [0;37;5;43;103m:X[0;1;37;97;47m [0;1;33;93;47m@[0;37;5;43;103m.X[0;1;37;97;47m [0;1;33;93;47m@[0;37;5;43;103m.@[0;1;37;97;47m    [0;1;33;93;47mS[0;1;37;97;47m;         [0;34;5;44;104mXXX@@@@8@[0;1;37;97;47m [0;37;5;47;107m8[0;1;37;97;47mt  .%[0;37;5;47;107m8ttttttt%%%[0;1;37;97;47m;[0;34;5;44;104m8[0;1;34;94;44m8888888888[0;30;44m%[0m
[0;31;5;40;100mS[0;1;30;90;47m8888888888[0;1;37;97;47m    [0;37;5;43;103mt[0;1;33;93;47mX[0;1;37;97;47m  [0;37;5;43;103m8S[0;1;37;97;47m   [0;37;5;43;103m88[0;1;37;97;47m              [0;34;5;44;104mXXX@@@@888@[0;1;30;90;47m8[0;1;37;97;47m@[0;37;5;47;107mttttttttttt8[0;1;37;97;47m [0;36;5;44;104m8[0;1;34;94;44m888888888888[0;30;44m%[0m
[0;31;5;40;100mS[0;1;30;90;47m88888888888[0;1;37;97;47m  [0;1;33;93;47mX@[0;1;37;97;47m    [0;37;5;43;103m%[0;1;37;97;47m    [0;1;33;93;47mX[0;1;37;97;47m              [0;34;5;44;104mXX@@@@@8888888[0;1;30;90;47m88[0;1;37;97;47m  .  [0;1;30;90;47m88[0;34;5;44;104m8[0;1;34;94;44m888888888888888[0;30;44m%[0m
[0;31;5;40;100mS[0;1;30;90;47m88888888888[0;1;37;97;47m        [0;1;33;93;47mS[0;1;37;97;47m                   [0;34;5;44;104mXX@@@@888888888888888888[0;1;34;94;44m888888888888888[0;30;44m%[0m
[0;31;5;40;100mX[0;1;30;90;47m888888888888[0;1;37;97;47m                           [0;34;5;44;104mX@@@@@88888888888888888[0;1;34;94;44m8888888888888888[0;30;44mS[0m
[0;31;5;40;100m8[0;1;30;90;47m8888888888888[0;1;37;97;47m                          [0;34;5;44;104m@@@@@888888888888888888[0;1;34;94;44m8888888888888888[0;30;44m8[0m
[0;31;40mX[0;37;45m8[0;35;47m8888888888888@@@@@@XXXX[0;1;30;90;47m         [0;35;47mXXXX@@[0;1;30;90;45m888888888888888888888888888888888888888[0;34;40mX[0m
 [0;1;34;94;44m8[0;34;5;44;104m88888888888888@@@@@@@@XXXXXXXXXXX@@@@@[0;1;37;97;47m   [0;1;30;90;47m888888888888888888888888888888888888[0m 
 [0;1;34;94;44m;[0;34;5;44;104m8888888888888888@@@@@@@@@@@@@@@@@@@@@@[0;1;37;97;47m [0;1;30;90;47m8888888888888888888888888888888888888[0;35;5;40;100m [0m 
 [0;30;44mS[0;34;5;44;104m888888888888888888@@@@@@@@@@@@@@@@@@88[0;1;30;90;47m88888888888888[0;33;47mX@[0;1;30;90;47m8888888888888888888888[0;31;5;40;100mX[0m 
  [0;1;34;94;44m8[0;34;5;44;104m88888888888888888888@[0;1;30;90;47m8[0;1;37;97;47m  [0;1;30;90;47m8[0;36;5;44;104m@[0;34;5;44;104m@@@@@888888[0;1;30;90;47m8888888888[0;37;5;43;103m8[0;1;30;90;47m888[0;1;33;93;47m8[0;37;5;43;103m8[0;1;30;90;47m888[0;37;5;43;103m@[0;33;47m@[0;1;30;90;47m88888888888888888[0;31;40mS[0m 
  [0;1;30;90;44m:[0;34;5;44;104m88888888888888888888888[0;1;30;90;47m8[0;37;5;47;107mt;8[0;1;30;90;47m8[0;34;5;44;104m@88888888[0;1;30;90;47m888888[0;33;47mS[0;1;30;90;47m888[0;37;5;43;103m@[0;33;5;43;103m;[0;33;47m8[0;1;30;90;47m8[0;1;33;93;47m8[0;33;5;43;103m;[0;1;33;93;47m8[0;1;30;90;47m8[0;1;33;93;47m8[0;33;5;43;103mt[0;1;30;90;47m888[0;33;47m@8[0;1;30;90;47m888888888888[0;35;5;40;100m:[0m  
  [0;34;40mS[0;1;34;94;44m8[0;34;5;44;104m88888888888888888888888[0;36;5;44;104m@[0;37;5;47;107mS;;X[0;1;30;90;47m8[0;34;5;44;104m8888888[0;1;30;90;47m888888[0;37;5;43;103m88[0;1;33;93;47m8[0;33;47mX[0;1;30;90;47m8[0;33;5;43;103m;;[0;37;5;43;103m8[0;1;33;93;47m8[0;33;5;43;103m;;[0;33;47m@[0;33;5;43;103mtt[0;1;30;90;47m88[0;37;5;43;103mX[0;33;5;43;103mt[0;1;30;90;47m8888888888888[0;31;40m8[0m  
   [0;30;44m:[0;34;5;44;104m888888888888888888888888[0;1;30;90;47m8[0;37;5;47;107m;;;;[0;1;37;97;47m [0;34;5;44;104m888888[0;1;30;90;47m8888888[0;1;33;93;47m8[0;33;5;43;103m;;;[0;37;5;43;103m@[0;33;5;43;103m;;;;;t;t[0;1;33;93;47m8[0;33;5;43;103mtt[0;1;30;90;47m8888888888888[0;35;5;40;100mt[0m   
    [0;1;34;94;44mX[0;34;5;44;104m888888888888888888888888[0;1;37;97;47mS[0;37;5;47;107m;;;;[0;1;30;90;47m8[0;34;5;44;104m88888[0;1;30;90;47m888[0;1;33;93;47m888888[0;33;5;43;103m;;;;;;;;;;;;t[0;33;47m8@[0;1;33;93;47m8[0;33;5;43;103mt[0;1;33;93;47m8[0;33;47m8[0;1;30;90;47m88888888[0m    
    [0;34;40m8[0;1;34;94;44m8[0;34;5;44;104m88888888888888888888888[0;1;30;90;47mS[0;37;5;47;107mtttt%[0;34;5;44;104m88888[0;1;30;90;47m8888[0;33;47m@[0;1;33;93;47m8[0;37;5;43;103m@[0;33;5;43;103m;;;;;;;;;;;;tttttt[0;33;47m@[0;1;30;90;47m888888888[0;30;41m8[0m    
     [0;30;44m@[0;1;34;94;44m88[0;34;5;44;104m888888888888888888888[0;1;37;97;47m [0;37;5;47;107mttttt[0;1;30;90;47m8[0;34;5;44;104m8888[0;1;30;90;47m88888[0;33;47m8[0;37;5;43;103m8X[0;33;5;43;103m;;;;;;;;;;ttttt[0;33;47m8@888[0;1;30;90;47m888888[0;31;5;40;100m8[0m     
      [0;30;44mt[0;1;34;94;44m888[0;34;5;44;104m8888888888888888888[0;37;5;47;107m8ttttt[0;1;30;90;47m8[0;34;5;44;104m8888[0;1;30;90;47m88[0;33;47m8[0;37;5;43;103m8[0;33;5;43;103m;;;;;;;;;;;;tttttttt%%[0;1;33;93;47m8[0;33;47m88[0;1;30;90;47m8888[0;35;5;40;100m%[0m      
       [0;30;44m:[0;1;34;94;44m88888[0;34;5;44;104m888888888888888[0;1;30;90;47m8[0;37;5;47;107mtttttt[0;36;5;40;100m.[0;34;5;44;104m8888[0;1;30;90;47m888888[0;33;47m8[0;33;5;43;103mtt;;;;;tttttttt%[0;33;47m8[0;1;30;90;47m88888888[0;35;5;40;100mt[0m       
        [0;30;44m;[0;1;34;94;44m88888888[0;34;5;44;104m8888888888[0;1;30;90;47m8[0;37;5;47;107mtttttt[0;1;37;97;47m@[0;34;5;44;104m88888[0;1;30;90;47m8888[0;33;47m@[0;33;5;43;103mttt[0;37;5;43;103m@[0;33;5;43;103mt;;ttttttttt%%%%%%[0;33;47m8[0;1;30;90;47m888[0;35;5;40;100m%[0m        
         [0;30;44mS[0;1;34;94;44m888888888888[0;34;5;44;104m8888[0;1;37;97;47m.[0;37;5;47;107mttttttS[0;34;5;44;104m888[0;1;34;94;44m888[0;1;30;90;47m888[0;33;47m8[0;1;33;93;47m8[0;33;47m8[0;1;30;90;47m88[0;33;5;43;103mttttttttttt%t%[0;33;47m@[0;1;30;90;47m8888[0;33;47m8[0;1;30;90;47m88[0;31;5;40;100m@[0m         
          [0;34;40m8[0;1;34;94;44m@88[0;34;5;44;104m8[0;1;34;94;44m8888888[0;34;5;44;104m8[0;1;30;90;47m8[0;1;37;97;47m:[0;37;5;47;107m%%%%%%%8[0;34;5;44;104m8[0;1;34;94;44m888888[0;1;30;90;47m8888888[0;1;33;93;47m8[0;33;5;43;103mt[0;33;47m8@[0;33;5;43;103mttttt%tt[0;33;47m8[0;37;5;43;103m@[0;33;5;43;103m%%%[0;33;47m@[0;1;30;90;47m8888[0;31;5;40;100m8[0m          
            [0;1;34;94;44m;8[0;34;5;44;104m8[0;1;30;90;47m8[0;1;37;97;47mXt:;X[0;37;5;47;107mX%%%%%%%%X[0;1;30;90;47mX[0;34;5;44;104m8[0;1;34;94;44m8888888[0;1;30;90;47m888888[0;33;47m8[0;37;5;43;103mX[0;33;47m@[0;1;30;90;47m8[0;33;47m8[0;33;5;43;103mt[0;1;33;93;47m8[0;1;30;90;47m8[0;33;5;43;103m%t[0;1;30;90;47m8[0;33;47m8[0;33;5;43;103m%%[0;1;30;90;47m888[0;33;47m88[0;1;30;90;47m88[0;35;5;40;100m [0m            
             [0;30;44m%[0;1;34;94;44m888[0;1;30;90;47m8[0;1;37;97;47m:[0;37;5;47;107mX%%%%%%%X[0;1;37;97;47m:[0;1;30;90;47m8[0;34;5;44;104m8[0;1;34;94;44m888888888[0;1;30;90;47m8888888888[0;33;47m@[0;33;5;43;103m%[0;1;30;90;47m88[0;33;47m8[0;33;5;43;103m%[0;33;47m8[0;1;30;90;47m88[0;33;5;43;103m%S[0;1;30;90;47m88888[0;31;5;40;100mX[0m             
              [0;34;40mS[0;1;34;94;44m;8888[0;34;5;44;104m8[0;36;5;44;104m8[0;1;30;90;47m888[0;36;5;40;100m;[0;34;5;44;104m8[0;1;34;94;44m8888888888888[0;1;30;90;47m8888888888[0;33;47m88[0;1;30;90;47m888[0;33;5;43;103m%[0;33;47m8[0;1;30;90;47m888[0;33;47m8[0;1;30;90;47m888[0;35;5;40;100m [0;31;40m@[0m              
                [0;30;44m8[0;1;34;94;44mS8888888888888888888888[0;1;30;90;47m888888888888888[0;33;47m@[0;1;30;90;47m8888888[0;31;5;40;100m8[0m                
                  [0;30;44m%[0;1;34;94;44m@88888888888888888888[0;1;30;90;47m888888888888888888888[0;31;5;40;100mS[0m                  
                    [0;30;44mt[0;1;34;94;44m@888888888888888888[0;1;30;90;47m8888888888888888888[0;31;5;40;100mS[0m                    
                      [0;30;44m%[0;1;34;94;44mX8888888888888888[0;1;30;90;47m88888888888888888[0;31;5;40;100mX[0m                      
                        [0;30;44m@[0;1;34;94;44m%88888888888888[0;1;30;90;47m88888888888888[0;37;5;40;100m:[0;31;5;40;100m8[0m                        
                          [0;34;40m@[0;30;44m.[0;1;34;94;44m@888@@@@@@@@[0;1;30;90;47m888888888888[0;35;5;40;100m;[0;1;30;90;41m@[0m                          
                             [0;30;44m@[0;1;34;94;44m:@@@@@@@@@[0;1;30;90;47m888888888[0;35;5;40;100m.[0;31;5;40;100m8[0m                             
                                [0;30;44mX[0;1;34;94;44m;@@@@@@[0;1;30;90;47m888888[0;35;5;40;100m [0;31;5;40;100m@[0m                                
                                   [0;30;44m@[0;1;34;94;44m X@@[0;1;30;90;47m888[0;35;5;40;100m:[0;31;5;40;100m8[0m                                   
                                      [0;34;40m@[0;30;44mS[0;31;5;40;100m@[0;30;41m8[0m                                      
