[0;34;40m ..................:::::::::::::::::::::..........................              [0m
[0;34;40m.......:::::::::::::;;;;;;;;;;;;;;;;;;;:::::::::::::..................          [0m
[0;34;40m.....:::::::::::;;;;;;;;;;;;;;;;;;;;;;;;;;;::::::::::..................         [0m
[0;34;40m....:::::::::;;;;;;;;;[0;1;30;90;40m%%SSSSSSSSSSS%%[0;34;40m;;;;;;;;;:::::::::.................        [0m
[0;34;40m..:::::::::;;;;;;;[0;1;30;90;40m%SSSSSSSSSXXXSSSSSSSSS%[0;34;40m;;;;;;;:::::::::................       [0m
[0;34;40m.::::::::;;;;;;[0;1;30;90;40m%S[0;30;41m8[0;31;40mS[0;1;30;90;40mSSX[0;1;30;90;41mX[0;31;40m@[0;1;30;90;40mXXX[0;31;40m88[0;1;30;90;40mXXX[0;31;40m8[0;30;41m8[0;1;30;90;40mXXXX[0;30;41m8[0;1;30;90;40mS[0;31;40mS[0;1;30;90;41mS[0;1;30;90;40mS%[0;34;40m;[0;31;40mt[0;30;41mX[0;34;40m;;;[0;31;40m;[0;30;41m8[0;31;40m:[0;34;40m::[0;31;40m:[0;30;41m8[0;31;40m%[0;34;40m...[0;31;40m8S[0;34;40m..........       [0m
[0;34;40m.:::::::;;;;;[0;1;30;90;40m%SSS[0;1;30;90;41mSX[0;1;30;90;40mXXX[0;1;30;90;41mX[0;1;31;91;41mX[0;1;30;90;40m@@@[0;1;30;90;41m@[0;31;5;41;101m8[0;1;30;90;40m@@@[0;1;30;90;41m@[0;31;5;41;101m8[0;1;30;90;40m@@X@[0;31;5;41;101m8[0;30;41m8[0;1;31;91;41mS[0;1;30;90;41mS[0;1;30;90;40mSSS[0;1;30;90;41m%[0;1;31;91;41mS[0;31;40mt[0;34;40m;;[0;30;41mS[0;1;31;91;41m@[0;31;40mt[0;34;40m::[0;30;41m8[0;31;5;41;101m8[0;31;40m%[0;34;40m:.[0;31;40mS[0;1;31;91;41m8[0;31;40m@[0;34;40m...........      [0m
[0;34;40m.:::::;;;[0;31;40m%[0;1;30;90;41m%%[0;1;30;90;40mSSS[0;31;40m@[0;1;30;90;41mX[0;31;5;41;101m8[0;30;41m8[0;1;30;90;40m@@[0;1;30;90;41m@[0;31;5;41;101m8[0;1;30;90;41m8[0;1;30;90;40m88[0;1;30;90;41m8[0;31;5;41;101m8[0;1;30;90;41m8[0;1;30;90;40m88[0;1;30;90;41m8[0;31;5;41;101m8[0;1;30;90;41m8[0;1;30;90;40m8@[0;1;30;90;41m@[0;1;31;91;41m8[0;1;30;90;41m@[0;1;30;90;40m@[0;30;41m8[0;31;5;41;101m8[0;1;30;90;41mX[0;31;40mX[0;1;30;90;40mS[0;31;40mX[0;1;31;91;41m8S[0;31;40m8[0;34;40m;[0;31;40mt[0;1;31;91;41mSX[0;30;41m8[0;34;40m:[0;31;40m:[0;1;31;91;41m;@[0;30;41m@[0;31;40m:[0;34;40m.[0;1;30;90;41m:[0;1;31;91;41m8[0;30;41mS[0;31;40m:[0;34;40m..[0;31;40mX[0;1;30;90;41m:[0;31;40m8[0;34;40m.....     [0m
[0;34;40m.::::;;;;;[0;31;40m8[0;31;5;41;101m8[0;30;41m8[0;1;30;90;40mS[0;31;40m8[0;1;31;91;41m8[0;31;5;41;101m8[0;1;30;90;41m@[0;1;30;90;40m@8[0;1;31;91;41m8[0;31;5;41;101m@[0;1;31;91;41mX[0;1;30;90;40m88[0;1;31;91;41m@[0;31;5;41;101m@8[0;1;30;90;40m88[0;1;30;90;41m8[0;31;5;41;101m@@[0;31;5;40;100m8[0;1;30;90;40m8[0;1;30;90;41m8[0;31;5;41;101m@@[0;1;30;90;41m8[0;1;30;90;40m@@[0;1;31;91;41m%[0;31;5;41;101m8[0;1;31;91;41m8[0;31;40m@[0;1;30;90;40mS[0;1;30;90;41mS[0;31;5;41;101m88[0;31;40m8[0;34;40m;[0;1;30;90;41m%[0;31;5;41;101m88[0;30;41mX[0;34;40m:[0;31;40m8[0;31;5;41;101m88[0;30;41mt[0;34;40m:[0;31;40mX[0;1;31;91;41m88[0;1;30;90;41m:[0;34;40m..[0;1;31;91;41m;[0;1;30;90;41m.[0;34;40m......     [0m
[0;34;40m.:::;;;;;[0;1;30;90;40mS[0;1;30;90;41mS[0;31;5;41;101m8[0;1;30;90;41mX[0;1;30;90;40mX[0;1;30;90;41mX[0;31;5;41;101m88[0;1;31;91;41mX[0;1;30;90;40m8[0;1;30;90;41m8[0;31;5;41;101m@@8[0;30;5;40;100m8[0;31;5;40;100m8[0;31;5;41;101m@@@[0;31;5;40;100m8[0;30;5;40;100m8[0;31;5;41;101mX@@[0;31;5;40;100m8[0;1;30;90;40m8[0;31;5;41;101m8@@[0;1;30;90;41m8[0;1;30;90;40m88[0;1;31;91;41m8[0;31;5;41;101m88[0;1;30;90;41mX[0;1;30;90;40mX[0;1;31;91;41mt[0;31;5;41;101m88[0;1;30;90;41mS[0;34;40m;[0;1;30;90;41m%[0;31;5;41;101m88[0;1;31;91;41m;[0;34;40m:[0;30;41mS[0;31;5;41;101m88[0;1;31;91;41mX[0;34;40m:[0;30;41m8[0;1;31;91;41m888[0;31;40m:.[0;1;31;91;41mS8[0;31;40m%[0;34;40m......    [0m
[0;34;40m.::;;;;;[0;1;30;90;40mS[0;31;40mX[0;31;5;41;101m88[0;1;31;91;41mX[0;1;30;90;40m@[0;1;30;90;41m@[0;31;5;41;101m8@@[0;1;30;90;41m8[0;31;5;40;100m8[0;31;5;41;101m@@@[0;1;30;90;41m8[0;31;5;40;100m8[0;31;5;41;101m8XX[0;1;31;91;41m8[0;31;5;40;100m8[0;1;30;90;41m8[0;31;5;41;101mXX8[0;31;5;40;100m8[0;1;30;90;41m8[0;31;5;41;101m@@[0;1;31;91;41m8[0;1;30;90;40m8[0;1;30;90;41m8[0;31;5;41;101m@@8[0;31;40m8[0;1;30;90;41mX[0;31;5;41;101m888[0;30;41m@[0;1;30;90;41mS[0;31;5;41;101m888[0;1;30;90;41mt[0;31;40m8[0;1;31;91;41m8[0;31;5;41;101m88[0;1;30;90;41m:[0;31;40mS[0;1;31;91;41mX88t[0;31;40m:[0;30;41mS[0;1;31;91;41m88[0;1;30;90;41m:[0;34;40m......    [0m
[0;34;40m.::;;;;[0;1;30;90;40mSSX[0;1;31;91;41m8[0;31;5;41;101m888[0;1;30;90;41m@[0;1;31;91;41m8[0;31;5;41;101m@@@[0;1;30;90;41m8[0;1;31;91;41m8[0;31;5;41;101mXXX[0;1;31;91;41m8[0;1;30;90;41m8[0;31;5;41;101mXXX@[0;31;5;40;100m@[0;31;5;41;101mXXXX[0;31;5;40;100m8[0;31;5;41;101mXX@[0;1;30;90;41m88[0;31;5;41;101m@@[0;1;31;91;41m8[0;1;30;90;41m@[0;31;5;41;101m8888[0;1;30;90;41mS[0;31;5;41;101m8888[0;1;30;90;41mt[0;31;5;41;101m8888[0;1;30;90;41m;[0;1;31;91;41m8[0;31;5;41;101m88[0;1;31;91;41m8.%888[0;30;41m8[0;34;40m.......   [0m
[0;34;40m.:;;;;[0;1;30;90;40m%SSXX[0;1;30;90;41mX[0;31;5;41;101m8@@@@@@XXXXXXXXXXXXXXXXXXXXX@@@@@8888888888888888[0;1;31;91;41m@88888:[0;31;40mX[0;34;40m........   [0m
[0;34;40m.:;;;;[0;1;30;90;40mSSXXX@8[0;1;30;90;41m888[0;31;5;40;100m8[0;1;30;90;41m8[0;1;31;91;41m8[0;31;5;41;101mXXXX[0;1;31;91;41m8[0;31;5;41;101m@XXXXXXXXXXXXXXXX@@@@@888888888888888[0;1;31;91;41mS[0;30;41m%[0;31;40m888t[0;34;40m..[0;31;40m%S[0;34;40m......   [0m
[0;34;40m.;;;;[0;1;30;90;40m%SS[0;1;30;90;41mX[0;1;31;91;41mS8[0;1;30;90;41m@8888[0;31;5;41;101m@XXXXX[0;1;30;90;41m8[0;1;30;90;47m:X[0;35;5;40;100m%;[0;35;5;41;101m8XXXX[0;31;5;41;101mSXXXXXXXXX@@@@@8888888888888888[0;1;31;91;41m8;[0;1;30;90;41m:[0;30;41m;[0;1;30;90;41m:[0;1;31;91;41mSt[0;1;30;90;41m:[0;30;41m8[0;34;40m.....   [0m
[0;34;40m.;;;;[0;1;30;90;40m%SSXX[0;1;30;90;41m@@[0;31;5;41;101m@@@@XXXXXXX[0;31;5;40;100m%[0;1;30;90;47mX[0;1;37;97;47m@[0;37;5;47;107m@[0;1;30;90;47m%[0;35;5;40;100m:[0;35;5;41;101mXXXXX[0;31;5;41;101mXXXXXXXX@@@@@88888888888888[0;1;31;91;41m88[0;31;5;41;101m8[0;1;31;91;41m888S[0;30;41m8[0;31;40m.[0;34;40m........  [0m
[0;34;40m.;;;;[0;1;30;90;40mSSSXX@@[0;31;5;40;100m8[0;1;30;90;41m888[0;31;5;40;100m8[0;1;30;90;41m8[0;31;5;41;101m8XXXX[0;31;5;40;100mS[0;35;5;40;100m [0;1;37;97;47m%[0;37;5;47;107mSS[0;1;37;97;47m8[0;1;30;90;47m8[0;35;5;40;100m;[0;35;5;41;101mXXX[0;31;5;41;101mSXXXXXXXX@@@@88888888888888[0;1;31;91;41mX[0;30;41m%[0;31;40m8[0;30;41m8[0;31;40m8X:[0;34;40m.[0;31;40m:%.[0;34;40m......  [0m
[0;34;40m.;;;;[0;1;30;90;40mSS[0;31;40m8[0;1;31;91;41m%8[0;1;30;90;41m@@8888[0;31;5;41;101m8XXXXXX[0;31;5;40;100mS[0;35;5;41;101mX[0;35;5;40;100mt[0;1;30;90;47m8[0;37;5;47;107m8SS[0;1;37;97;47mS[0;37;5;40;100mt[0;35;5;41;101m8XX[0;31;5;41;101mXXXXXXXX@@@@8888888888888888[0;1;31;91;41m8;[0;1;30;90;41m:[0;30;41m%t[0;1;31;91;41m;X[0;1;30;90;41m:[0;30;41mS[0;34;40m......  [0m
[0;34;40m.;;;;[0;1;30;90;40mSSXX@[0;1;30;90;41m@[0;1;31;91;41m8[0;31;5;41;101m@@@@XXXXXXX[0;31;5;40;100mS[0;35;5;41;101mXXX[0;35;5;40;100m:[0;1;30;90;47m;[0;37;5;47;107mXSX[0;1;30;90;47m.[0;35;5;40;100m:[0;31;5;41;101mXXXXXXXXX@@@@888888888888888[0;1;31;91;41m8[0;31;5;41;101m8[0;1;31;91;41m8888[0;30;41m%[0;31;40m:[0;34;40m........  [0m
[0;34;40m.;;;;[0;1;30;90;40m%SSXX@@[0;1;30;90;41m8888[0;31;5;40;100m8[0;1;30;90;41m8[0;31;5;41;101m@XXX8[0;35;5;40;100m [0;1;30;90;47m%X[0;35;5;40;100m;[0;35;5;41;101mX8[0;35;5;40;100m [0;1;37;97;47m:[0;37;5;47;107mSS8[0;1;30;90;47m8[0;31;5;40;100mS[0;31;5;41;101mXXXXXX@@@@@88888888888888[0;1;31;91;41mX[0;1;30;90;41m;[0;31;40m8[0;30;41m@@[0;31;40m8;[0;34;40m.[0;31;40m.%.[0;34;40m......  [0m
[0;34;40m.;;;;[0;1;30;90;40m%S[0;30;41m8[0;1;31;91;41mSX[0;1;30;90;41mX@8888[0;31;5;41;101m8XXXXX[0;37;5;40;100mS[0;37;5;47;107mXXX[0;1;37;97;47mS[0;35;5;40;100m.[0;31;5;41;101mXS[0;31;5;40;100m%[0;37;5;40;100m%[0;1;37;97;47m@[0;37;5;47;107mXX[0;1;37;97;47m@[0;37;5;40;100mt[0;1;31;91;41m8[0;31;5;41;101mXXXX@@@@88888888888888888[0;1;31;91;41m8;[0;30;41mtXS[0;1;30;90;41m:[0;1;31;91;41mX:[0;30;41m:[0;31;40m:[0;34;40m....   [0m
[0;34;40m.:;;;;[0;1;30;90;40mSSSX[0;1;30;90;41mX[0;31;5;41;101m88@@@@@XXXX[0;35;5;40;100m:[0;1;37;97;47mt[0;37;5;47;107mXXX[0;1;37;97;47m8[0;35;5;40;100m [0;31;5;41;101m8XX[0;31;5;40;100mS[0;1;30;90;47m@[0;37;5;47;107m8XX[0;1;37;97;47m [0;35;5;40;100m;[0;31;5;41;101m8X@@@@@88888888888888888[0;1;31;91;41m88888[0;1;30;90;41m:[0;31;40m%[0;34;40m.......   [0m
[0;34;40m.:;;;;[0;1;30;90;40m%SSXX@[0;1;30;90;41m@@8888[0;31;5;41;101m8XXXX[0;1;30;90;41m8[0;1;30;90;47m8[0;37;5;47;107m8XX@[0;37;5;40;100m@[0;1;31;91;41m8[0;31;5;41;101mXX@[0;35;5;40;100mt[0;1;30;90;47m;[0;37;5;47;107m@X8[0;1;30;90;47m@[0;1;30;90;41m8[0;31;5;41;101m8@@@8888888888888888[0;1;31;91;41m@[0;1;30;90;41m:[0;31;40m8[0;30;41m@X8[0;31;40mS[0;34;40m..[0;31;40m:.[0;34;40m.....   [0m
[0;34;40m ::;;;;[0;30;41m8[0;1;31;91;41mX[0;1;30;90;41mSXX[0;31;40m88[0;1;30;90;41m@8[0;31;5;41;101m8@@@@XXX@[0;35;5;40;100m%[0;1;30;90;47m.[0;37;5;47;107mXXX[0;1;30;90;47m%[0;1;30;90;41m8[0;31;5;41;101mXXX8[0;35;5;40;100m.[0;1;37;97;47m;[0;37;5;47;107m@@[0;1;37;97;47m@[0;37;5;40;100m%[0;1;30;90;41m8[0;31;5;41;101m@8888888888888888[0;1;31;91;41m@@[0;31;5;41;101m8[0;1;31;91;41m8:[0;30;41mtXX;[0;1;31;91;41m%%[0;1;30;90;41m.[0;31;40mt[0;34;40m....   [0m
 [0;34;40m:::;;;[0;31;40mX%[0;30;41m8[0;1;30;90;41mS[0;31;5;41;101m888888[0;1;30;90;41m88[0;31;5;41;101m8@@@@XX[0;1;31;91;41m8[0;37;5;40;100mt[0;1;37;97;47m8[0;37;5;47;107mXX[0;1;37;97;47m:[0;31;5;40;100mS[0;31;5;41;101m@X@@[0;1;30;90;41m8[0;37;5;40;100mS[0;1;37;97;47m@[0;37;5;47;107m88[0;1;37;97;47m.[0;35;5;40;100m%[0;1;31;91;41m8[0;31;5;41;101m888888888888888[0;1;31;91;41m8[0;30;41mX%[0;1;31;91;41mX8888t[0;31;40m8.[0;34;40m.....   [0m 
 [0;34;40m.::;;;;;[0;1;30;90;40m%S[0;31;40m8[0;1;30;90;41mXXX@[0;1;30;90;40m@[0;1;30;90;41m@[0;31;5;41;101m8@@@@@@@@@[0;31;5;40;100m@[0;1;30;90;47mS[0;37;5;47;107m8@[0;1;37;97;47mX[0;31;5;40;100mS[0;31;5;41;101m@@@@8[0;1;30;90;41m8[0;1;30;90;47m8[0;1;37;97;47m8[0;37;5;47;107m88[0;1;30;90;47m@[0;1;30;90;41m8[0;1;31;91;41m8[0;31;5;41;101m88888888888888[0;1;31;91;41m8[0;30;41m@[0;31;40m:X88%.[0;34;40m.......   [0m 
 [0;34;40m.:::;;;;;[0;1;30;90;40m%SSXX[0;1;30;90;41mXX[0;31;5;41;101m8888[0;1;31;91;41m8[0;31;5;41;101m@@@@@@@[0;1;31;91;41m8[0;35;5;40;100m:[0;1;37;97;47m [0;37;5;47;107m8[0;1;30;90;47m.[0;1;30;90;41m8[0;31;5;41;101m@@@88[0;1;31;91;41m8[0;31;5;40;100m@[0;1;30;90;47m;[0;37;5;47;107m88[0;1;37;97;47m@[0;37;5;40;100mS[0;1;30;90;41mS[0;31;5;41;101m8888888888[0;1;31;91;41m%%[0;31;5;41;101m8[0;1;31;91;41m88%[0;30;41mS8[0;31;40m88t[0;34;40m......    [0m 
  [0;34;40m:::::;;;[0;31;40m8[0;1;31;91;41mSX[0;31;5;41;101m88888[0;1;31;91;41m8[0;1;30;90;41mX@[0;31;5;41;101m888@@@@@@@[0;1;31;91;41m@[0;31;5;40;100mX[0;37;5;40;100mt[0;1;30;90;41m8[0;31;5;41;101m8888888[0;1;31;91;41mS[0;35;5;40;100m.[0;1;37;97;47mt88:[0;35;5;40;100mt[0;1;31;91;41mS[0;31;5;41;101m888888888[0;30;41m88[0;1;31;91;41m:@88%[0;1;30;90;41m:[0;30;41m;[0;1;31;91;41m;[0;31;40m%[0;34;40m.....    [0m 
  [0;34;40m.:::::;;[0;31;40m8%[0;34;40m;[0;31;40mt@[0;30;41m8[0;1;30;90;41mS[0;31;40m8[0;1;30;90;40mX[0;1;30;90;41mX[0;1;31;91;41m8[0;31;5;41;101m88888888888888888888888[0;1;30;90;41mX[0;37;5;40;100mS[0;1;37;97;47m@88[0;1;30;90;47mS[0;1;30;90;41m8[0;1;31;91;41m8[0;31;5;41;101m8888888[0;1;31;91;41m8[0;30;41m%[0;31;40m;.%:[0;34;40m...[0;31;40m::[0;34;40m....    [0m  
  [0;34;40m :::::::;;;[0;31;40m%8[0;30;41m8@[0;1;30;90;41mS[0;1;31;91;41mt[0;31;5;41;101m888[0;1;31;91;41m@[0;1;30;90;41mX[0;31;5;41;101m888888888888888888888[0;1;31;91;41m8[0;1;30;90;41m8[0;1;30;90;47m@[0;1;37;97;47m88@[0;37;5;40;100mX[0;1;30;90;41mt[0;31;5;41;101m888[0;1;31;91;41m:[0;1;30;90;41m:[0;1;31;91;41m888@[0;1;30;90;41m::[0;30;41mtS[0;31;40m@[0;34;40m......     [0m  
   [0;34;40m.::::::::[0;31;40mS[0;1;31;91;41mS[0;1;30;90;41mtt[0;1;31;91;41mX[0;31;5;41;101m88[0;1;31;91;41m8%[0;1;30;90;41mS[0;31;40m8[0;1;31;91;41m8[0;31;5;41;101m88888888888888888888888[0;1;31;91;41mX[0;31;5;40;100mX[0;1;30;90;47m.[0;1;37;97;47m8[0;1;30;90;47m;[0;1;30;90;41m@[0;31;5;41;101m888[0;1;31;91;41m8[0;30;41m8[0;31;40m8[0;30;41m;[0;1;31;91;41m:%;[0;30;41m;@8[0;1;30;90;41m:[0;31;40m:[0;34;40m....     [0m   
    [0;34;40m.:::::::[0;31;40m;;[0;34;40m;;;[0;31;40m;%;;[0;30;41m8[0;1;31;91;41mX[0;31;5;41;101m88888888888888888888888888[0;1;31;91;41m;[0;1;30;90;41m8[0;1;31;91;41m%[0;31;5;41;101m888[0;1;31;91;41m888[0;1;30;90;41m:[0;31;40mS[0;34;40m............    [0m    
    [0;34;40m .:::::::::[0;31;40m@[0;30;41mS[0;1;30;90;41mttt[0;1;31;91;41mX[0;31;5;41;101m888[0;1;31;91;41mS[0;1;30;90;41m%[0;1;31;91;41m8[0;31;5;41;101m88888888888888888888888888[0;1;31;91;41m8[0;30;41mt[0;1;30;90;41m:[0;1;31;91;41m8888S;:[0;1;30;90;41m.[0;31;40m8[0;34;40m.....      [0m    
     [0;34;40m...:::::::[0;1;30;90;41m;[0;30;41m@8[0;1;30;90;41mt;[0;1;31;91;41m%;[0;1;30;90;41mt[0;30;41m8[0;31;40mS[0;1;31;91;41mS[0;31;5;41;101m88[0;1;31;91;41m88[0;31;5;41;101m888888888888888888888[0;1;31;91;41mX888[0;30;41m8[0;31;40m;[0;30;41m8%%@[0;31;40m8;t[0;30;41m@[0;34;40m....      [0m     
      [0;34;40m....::::::::::::[0;31;40mt[0;30;41mX[0;1;31;91;41m8[0;31;5;41;101m88[0;1;31;91;41m8[0;30;41m8[0;1;31;91;41m8[0;31;5;41;101m8888888888888888888[0;1;31;91;41m88[0;30;41m%[0;1;30;90;41m:[0;1;31;91;41m888.[0;31;40m8%t;:[0;34;40m......      [0m      
       [0;34;40m......::::[0;31;40m%[0;1;30;90;41m:[0;1;31;91;41mt%S8[0;31;5;41;101m888[0;1;31;91;41m:[0;31;40mX[0;30;41m%[0;31;5;41;101m88888888888888888[0;1;31;91;41m88888;[0;31;40m:[0;30;41mX[0;1;31;91;41m%8888X:%[0;31;40mX[0;34;40m....      [0m       
        [0;34;40m........:[0;31;40m8X:%8[0;30;41m@@[0;31;40m8t[0;34;40m:[0;31;40m8[0;1;31;91;41m8[0;31;5;41;101m88[0;1;31;91;41mX[0;30;41mS[0;31;5;41;101m888888888[0;1;31;91;41m88888[0;1;30;90;41m:[0;30;41m;[0;1;31;91;41m888[0;30;41m:[0;31;40m;[0;34;40m.[0;31;40m:%%:[0;34;40m..[0;31;40m:%[0;34;40m..       [0m        
         [0;34;40m.............:[0;31;40m:8[0;30;41m%[0;1;30;90;41m:[0;1;31;91;41m8[0;31;5;41;101m88[0;1;31;91;41m:[0;31;40mS[0;30;41m;[0;31;5;41;101m8888[0;1;31;91;41m8888888888X[0;31;40m:[0;30;41mX[0;1;31;91;41mX88@[0;1;30;90;41m.[0;30;41mS[0;31;40m@.[0;34;40m......       [0m         
          [0;34;40m ...........[0;31;40m%[0;1;31;91;41m@[0;1;30;90;41m:[0;30;41m%t%@[0;31;40mS[0;34;40m.[0;31;40m8[0;1;31;91;41m888t[0;1;30;90;41m:[0;1;31;91;41m888888@[0;1;30;90;41m:[0;1;31;91;41m888[0;1;30;90;41m:[0;31;40m;.X[0;30;41m8888[0;1;31;91;41mt[0;31;40m8[0;34;40m....        [0m          
            [0;34;40m..........[0;31;40m.X[0;34;40m...[0;31;40m:X[0;30;41mX[0;1;31;91;41m:888[0;1;30;90;41m:[0;31;40m;[0;1;31;91;41mt@%888S8[0;30;41m88[0;1;31;91;41mX88X[0;30;41m:@[0;31;40mS.[0;34;40m..[0;31;40m:.[0;34;40m..        [0m            
             [0;34;40m.............[0;31;40mX[0;1;31;91;41mS[0;1;30;90;41m:::[0;30;41m;X[0;31;40mS.[0;30;41mS[0;1;31;91;41m8@[0;30;41m8[0;1;31;91;41mX8[0;1;30;90;41m:[0;30;41mt[0;1;31;91;41m8t[0;31;40m;:8[0;30;41mSXSS[0;1;31;91;41m;[0;30;41m%[0;34;40m....         [0m             
              [0;34;40m ...........[0;31;40mtX[0;34;40m...[0;31;40m:S[0;30;41m@[0;1;31;91;41m;888[0;30;41mX:[0;1;31;91;41m8[0;31;40mS[0;1;31;91;41mS88X[0;30;41mt[0;31;40m8t.[0;34;40m..[0;31;40m:t[0;34;40m..          [0m              
                [0;34;40m .............[0;30;41m@[0;1;31;91;41mS[0;1;30;90;41m...[0;30;41m;@[0;31;40mt;[0;1;31;91;41mS8[0;30;41m8[0;31;40m:8[0;30;41m;[0;1;30;90;41m.[0;30;41m::[0;1;31;91;41m.[0;1;30;90;41m.[0;34;40m...           [0m                
                  [0;34;40m ...........[0;31;40mXt[0;34;40m......[0;31;40m8[0;1;31;91;41m88:[0;34;40m......[0;31;40m.S[0;34;40m            [0m                  
                    [0;34;40m .................[0;31;40m;[0;30;41m;[0;1;31;91;41m%[0;31;40m8[0;34;40m...               [0m                    
                      [0;34;40m ................ [0;31;40m [0;34;40m                 [0m                      
                        [0;34;40m                                [0m                        
                          [0;34;40m                            [0m                          
                             [0;34;40m                      [0m                             
                                [0;34;40m                [0m                                
                                   [0;34;40m          [0m                                   
                                      [0;34;40m    [0m                                      
