[0;36;5;40;100m [0;1;30;90;47m....      [0;1;37;97;47m                                     [0;1;30;90;47m      .........:::::::::;;;;;;;[0;36;5;40;100m [0m
[0;37;5;40;100m@[0;37;5;47;107m%%%%%%ttttttttttttttttttttttttttttttttttttttttttttt%%%%%%%%SSSSSSSXXXX@@@@@@@@[0;37;5;40;100m8[0m
[0;37;5;40;100m@[0;37;5;47;107m%%%%ttttttttttttttttttttttttttttttttttttttttttttttttt%%%%%%%SSSSSSSXXXX@@@@@@@[0;37;5;40;100m8[0m
[0;37;5;40;100m@[0;37;5;47;107m%%ttt%S%%%%%%%%%%%%%%%%%%%%%%%%%%%%%%%%%%%%%%%%%%%SSSSSSSSXXXXXXX@@@@@88@@@@@@[0;37;5;40;100m8[0m
[0;37;5;40;100m@[0;37;5;47;107m%tttt[0;1;37;97;47m.[0;31;5;41;101m88888888888888888888888888888888888888888888888888[0;1;31;91;41m8888888888888888[0;1;30;90;47mS[0;37;5;47;107m@@@@@[0;37;5;40;100m8[0m
[0;37;5;40;100m@[0;37;5;47;107mttttt[0;1;37;97;47m:[0;31;5;41;101m88[0;1;37;97;47m:::;;;;;;;;;ttttttttttttttttt;;;;;;;;;:::::::::::.......      [0;1;31;91;41m88[0;1;30;90;47mS[0;37;5;47;107mX@@@@[0;37;5;40;100m8[0m
[0;37;5;40;100m8[0;37;5;47;107mttttt[0;1;37;97;47m:[0;31;5;41;101m88[0;37;5;47;107mtt[0;1;30;90;47m t;;;;;;:::::::::::::::::::::;;;;;;ttttttt%%%%%%%%SSSSSSSt[0;37;5;47;107mSS[0;31;5;41;101m8[0;1;31;91;41m8[0;1;30;90;47mS[0;37;5;47;107mXX@@@[0;37;5;40;100m8[0m
[0;37;5;40;100m8[0;37;5;47;107mttttt[0;1;37;97;47m:[0;31;5;41;101m88[0;37;5;47;107mtt[0;36;5;40;100mt[0;1;30;90;40mX[0;30;5;40;100m8XXXXSSSS%%[0;36;5;40;100m%tttttttt%%[0;30;5;40;100m%%SSSSXXXX@@@88888888[0;1;30;90;40m8888888888@[0;34;40m:[0;1;30;90;40m@[0;37;5;47;107mSS[0;31;5;41;101m8[0;1;31;91;41m8[0;1;30;90;47m%[0;37;5;47;107mXX@@@[0;37;5;40;100m8[0m
[0;37;5;40;100m8[0;37;5;47;107mttttt[0;1;37;97;47m:[0;31;5;41;101m88[0;37;5;47;107mt;[0;36;5;40;100mt[0;1;30;90;40m@[0;1;30;90;47m.[0;37;5;47;107m;;;;:::::::::::::::::::::::;;;;;;;;tttttttttttt%%%%%[0;1;37;97;47m [0;34;40m:[0;1;30;90;40m@[0;37;5;47;107mSS[0;31;5;41;101m8[0;1;31;91;41m8[0;1;30;90;47m%[0;37;5;47;107mXXX@@[0;37;5;40;100m8[0m
[0;37;5;40;100m8[0;37;5;47;107mttttt[0;1;37;97;47m:[0;31;5;41;101m88[0;37;5;47;107m;;[0;36;5;40;100mt[0;1;30;90;40m@[0;1;30;90;47m [0;37;5;47;107m;;:::t;;;;;:;:;......;;;;;t;tt%;;;;;t%%%%%S%S%St%%%%[0;1;37;97;47m [0;34;40m:[0;1;30;90;40m@[0;37;5;47;107mSS[0;31;5;41;101m8[0;1;31;91;41m8[0;1;30;90;47m%[0;37;5;47;107mXXX@@[0;37;5;40;100m8[0m
[0;37;5;40;100m8[0;37;5;47;107mttttt[0;1;37;97;47m:[0;31;5;41;101m88[0;37;5;47;107m;;[0;36;5;40;100m;[0;1;30;90;40m8[0;1;30;90;47m [0;37;5;47;107m;::::[0;36;5;40;100m     .[0;37;5;40;100mS[0;36;5;40;100mt[0;37;5;40;100m8[0;36;5;40;100mt[0;37;5;47;107m......[0;36;5;40;100m     t [0;30;5;40;100mX[0;36;5;40;100m [0;30;5;40;100m@[0;37;5;47;107m;;;;;;[0;36;5;40;100m ;[0;30;5;40;100m%S[0;36;5;40;100m;[0;30;5;40;100m8[0;36;5;40;100m [0;1;30;90;40m8[0;36;5;40;100m [0;34;40m;[0;37;5;47;107mt%%%%[0;1;37;97;47m.[0;34;40m:[0;1;30;90;40m8[0;37;5;47;107mSS[0;31;5;41;101m8[0;1;31;91;41m8[0;1;30;90;47m%[0;37;5;47;107mXXXX@[0;37;5;40;100m8[0m
[0;37;5;40;100m8[0;37;5;47;107mttttt[0;1;37;97;47m:[0;31;5;41;101m88[0;37;5;47;107m;;[0;36;5;40;100m;[0;1;30;90;40m8[0;1;37;97;47m [0;37;5;47;107m::::.[0;37;5;40;100m8[0;30;5;40;100m8@@@XXXX[0;36;5;40;100m [0;37;5;47;107m      [0;1;30;90;47m8[0;30;5;40;100m@88888[0;1;30;90;40m88[0;36;5;40;100m [0;37;5;47;107m;;;;;;[0;37;5;40;100m@[0;1;30;90;40mSSS%[0;34;40m;;;;[0;30;5;40;100m@[0;37;5;47;107mtt%%%[0;1;37;97;47m.[0;34;40m:[0;1;30;90;40m8[0;37;5;47;107mSS[0;31;5;41;101m8[0;1;31;91;41m8[0;1;37;97;47m [0;37;5;47;107mXXXX@[0;37;5;40;100m8[0m
[0;37;5;40;100m8[0;37;5;47;107mttttt[0;1;37;97;47m;[0;31;5;41;101m88[0;37;5;47;107m;;[0;36;5;40;100m;[0;1;30;90;40m8[0;1;37;97;47m.[0;37;5;47;107m:::..:[0;1;30;90;47m:[0;30;5;40;100m@XXXXS[0;1;30;90;47m8[0;37;5;47;107m:      .[0;1;30;90;47m.[0;30;5;40;100m@@8888[0;37;5;40;100m8[0;37;5;47;107mt:;;;;;t[0;1;30;90;47mS[0;1;30;90;40mSS%[0;34;40m;;;[0;36;5;40;100m [0;37;5;47;107mStt%%%[0;1;37;97;47m.[0;34;40m:[0;1;30;90;40m8[0;37;5;47;107mSS[0;31;5;41;101m8[0;1;31;91;41m8[0;1;37;97;47m [0;37;5;47;107mSXXX@[0;37;5;40;100m8[0m
[0;37;5;40;100m8[0;37;5;47;107mttttt[0;1;37;97;47m;[0;31;5;41;101m8@[0;37;5;47;107m;;[0;36;5;40;100m:[0;1;30;90;40m8[0;1;37;97;47m.[0;37;5;47;107m::.... [0;36;5;40;100m.[0;30;5;40;100mXSSS[0;36;5;40;100mt[0;37;5;47;107mX         [0;36;5;40;100m:[0;30;5;40;100m@@88@[0;37;5;47;107m8:::;;;;;t[0;30;5;40;100m8[0;1;30;90;40mSS[0;34;40m;;[0;1;30;90;40mS[0;1;37;97;47m8[0;37;5;47;107mtttt%%[0;1;37;97;47m.[0;34;40m:[0;1;30;90;40m8[0;37;5;47;107m%S[0;31;5;41;101m8[0;1;31;91;41m8[0;1;37;97;47m [0;37;5;47;107mSXXXX[0;37;5;40;100m8[0m
[0;37;5;40;100m8[0;37;5;47;107mtttt;[0;1;37;97;47m;[0;31;5;41;101m8@[0;37;5;47;107m;;[0;36;5;40;100m:[0;1;30;90;40m8[0;1;37;97;47m.[0;37;5;47;107m:....  [0;1;30;90;47m8[0;30;5;40;100mS%[0;36;5;40;100mtt [0;37;5;47;107m          [0;37;5;40;100m8[0;30;5;40;100mXX@8[0;36;5;40;100m:[0;37;5;47;107m:::::;;;;;[0;36;5;40;100m [0;1;30;90;40mSSS%[0;30;5;40;100m@[0;37;5;47;107mttttt%%[0;1;37;97;47m.[0;34;40m:[0;1;30;90;40m8[0;37;5;47;107m%S[0;31;5;41;101m8[0;1;31;91;41m8[0;1;37;97;47m [0;37;5;47;107mSXXXX[0;37;5;40;100m8[0m
[0;37;5;40;100m8[0;37;5;47;107mtttt;[0;1;37;97;47m;[0;31;5;41;101m8@[0;37;5;47;107m;;[0;36;5;40;100m:[0;30;5;40;100m8[0;1;37;97;47m.[0;37;5;47;107m:...  .[0;36;5;40;100m [0;30;5;40;100m%[0;36;5;40;100mtt;;[0;37;5;47;107mX        .[0;36;5;40;100m.[0;30;5;40;100mXX@@8[0;37;5;47;107m@::::;;;;%[0;30;5;40;100m8[0;1;30;90;40mSSS[0;34;40m;[0;1;30;90;40m%[0;37;5;47;107m8tttt%%[0;1;37;97;47m.[0;34;40m:[0;1;30;90;40m8[0;37;5;47;107m%S[0;31;5;41;101m8[0;1;31;91;41m8[0;1;37;97;47m [0;37;5;47;107mSXXXX[0;37;5;40;100m8[0m
[0;37;5;40;100m8[0;37;5;47;107mtttt;[0;1;37;97;47m;[0;31;5;41;101m8@[0;37;5;47;107m;;[0;36;5;40;100m:[0;30;5;40;100m8[0;1;37;97;47m.[0;37;5;47;107m:...  [0;1;30;90;47mS[0;30;5;40;100mS[0;36;5;40;100m%[0;33;5;40;100mtt[0;36;5;40;100m;:[0;37;5;40;100m8[0;37;5;47;107m.       [0;1;30;90;47m%[0;30;5;40;100mSSXX@8[0;36;5;40;100m [0;37;5;47;107m;:::;;;;[0;37;5;40;100m8[0;1;30;90;40mXSSS%[0;34;40m;[0;36;5;40;100m [0;37;5;47;107m%ttt%%[0;1;37;97;47m.[0;34;40m:[0;1;30;90;40m8[0;37;5;47;107m%S[0;31;5;41;101m8[0;1;31;91;41m8[0;1;37;97;47m [0;37;5;47;107mSXXXX[0;37;5;40;100m8[0m
[0;37;5;40;100m8[0;37;5;47;107mtttt;[0;1;37;97;47m;[0;31;5;41;101m8@[0;37;5;47;107m;;[0;36;5;40;100m:[0;30;5;40;100m8[0;1;37;97;47m.[0;37;5;47;107m:...;[0;1;30;90;47m8[0;30;5;40;100mSS[0;33;5;40;100m%S%;[0;36;5;40;100m::[0;37;5;40;100m8[0;37;5;47;107mt    ;[0;1;30;90;47m@[0;36;5;40;100m%[0;30;5;40;100mS[0;31;5;40;100mS[0;33;5;40;100m@@[0;31;5;40;100mX[0;30;5;40;100m88[0;36;5;40;100m [0;37;5;47;107mX::;;%[0;37;5;40;100m@[0;1;30;90;40mXXX[0;31;40m88X[0;34;40m;;[0;36;5;40;100m;[0;37;5;47;107m8tt%%[0;1;37;97;47m.[0;34;40m:[0;1;30;90;40m8[0;37;5;47;107m%S[0;31;5;41;101m8[0;1;31;91;41m8[0;1;37;97;47m [0;37;5;47;107mSXXXX[0;37;5;40;100m8[0m
[0;37;5;40;100m8[0;37;5;47;107mtttt;[0;1;37;97;47m;[0;31;5;41;101m8@[0;37;5;47;107m;;[0;36;5;40;100m:[0;30;5;40;100m8[0;1;37;97;47m.[0;37;5;47;107m:...[0;1;37;97;47mS[0;30;5;40;100mXSS[0;33;5;40;100m%S%t[0;36;5;40;100m;::[0;1;37;97;47m [0;37;5;47;107m    [0;1;37;97;47mS[0;36;5;40;100mt[0;30;5;40;100m%S[0;31;5;40;100mS[0;33;5;40;100m@[0;31;5;40;100mSX[0;30;5;40;100m888[0;1;30;90;47m%[0;37;5;47;107m::;;[0;1;37;97;47mt[0;1;30;90;40m@XX[0;31;40mX88@[0;34;40m;;;[0;37;5;40;100m8[0;37;5;47;107mtt%%[0;1;37;97;47m.[0;34;40m:[0;1;30;90;40m8[0;37;5;47;107m%S[0;31;5;41;101m8[0;1;31;91;41m8[0;1;37;97;47m [0;37;5;47;107mSXXXX[0;37;5;40;100m8[0m
[0;37;5;40;100m8[0;37;5;47;107mtttt;[0;1;37;97;47m;[0;31;5;41;101m8@[0;37;5;47;107m;;[0;36;5;40;100m:[0;1;30;90;40m8[0;1;37;97;47m.[0;37;5;47;107m:...[0;1;37;97;47mS[0;30;5;40;100mXXS[0;33;5;40;100mSSSt[0;36;5;40;100m;;;[0;1;30;90;47m [0;37;5;47;107m    [0;1;37;97;47mS[0;36;5;40;100m%[0;30;5;40;100mSS[0;31;5;40;100mS[0;33;5;40;100m@[0;31;5;40;100mSX[0;30;5;40;100m888[0;1;30;90;47mS[0;37;5;47;107m::;;[0;1;37;97;47mt[0;1;30;90;40m@XX[0;31;40mX88@[0;34;40m;;;[0;37;5;40;100m8[0;37;5;47;107mtt%%[0;1;37;97;47m.[0;34;40m:[0;1;30;90;40m8[0;37;5;47;107m%S[0;31;5;41;101m8[0;1;31;91;41m8[0;1;37;97;47m [0;37;5;47;107mSXXXX[0;37;5;40;100m8[0m
[0;37;5;40;100m8[0;37;5;47;107mtttt;[0;1;37;97;47m;[0;31;5;41;101m8@[0;37;5;47;107m;;[0;36;5;40;100m:[0;1;30;90;40m8[0;1;37;97;47m.[0;37;5;47;107m::..[0;1;37;97;47mS[0;1;30;90;47m@XXXSSSSSS[0;1;37;97;47m;[0;37;5;47;107m    [0;1;37;97;47mS[0;1;30;90;47mXXXX@@8888:[0;37;5;47;107m:;;;[0;1;37;97;47m:[0;37;5;40;100m8@@@@XXXSS[0;1;30;90;47mS[0;37;5;47;107mtt%%[0;1;37;97;47m.[0;34;40m:[0;1;30;90;40m8[0;37;5;47;107m%S[0;31;5;41;101m8[0;1;31;91;41m8[0;1;37;97;47m [0;37;5;47;107mSXXXX[0;37;5;40;100m8[0m
[0;37;5;40;100mX[0;37;5;47;107mttttt[0;1;37;97;47m%[0;31;5;41;101m88[0;37;5;47;107m;;[0;36;5;40;100m [0;1;30;90;40m8[0;1;30;90;47m:[0;37;5;47;107m::....                   ...:::::;;;;;;ttttttttttt%%[0;1;30;90;47m:[0;34;40m:[0;30;5;40;100m8[0;37;5;47;107mSS[0;31;5;41;101m8[0;1;31;91;41m8[0;1;37;97;47m [0;37;5;47;107mSXXXX[0;37;5;40;100mX[0m
[0;36;5;40;100m [0;37;5;47;107mttttt8[0;31;5;41;101m88[0;37;5;47;107m%;[0;36;5;40;100m [0;1;30;90;40m8[0;1;30;90;47m@[0;37;5;47;107m:::.....               ....:::::;;;;;;ttttttttttt%%%[0;1;30;90;47m@[0;34;40m:[0;36;5;40;100mt[0;37;5;47;107mSS[0;1;31;91;41m88[0;1;37;97;47m;[0;37;5;47;107mXXXX@[0;36;5;40;100m [0m
[0;30;5;40;100m@[0;37;5;47;107mtttttt[0;31;5;41;101m88[0;1;37;97;47mX[0;37;5;47;107m;[0;1;30;90;47m@[0;1;30;90;40m8[0;36;5;40;100m [0;37;5;47;107m:::::.....          ......:::::;;;;;;;ttttttttttt%%%[0;36;5;40;100m [0;34;40m:[0;37;5;40;100m%[0;37;5;47;107mS[0;1;37;97;47mX[0;1;31;91;41m88[0;37;5;47;107m8XXXX@[0;36;5;40;100m%[0m
 [0;37;5;47;107m%ttttt[0;35;5;41;101m@[0;31;5;41;101m8[0;1;37;97;47m [0;37;5;47;107m;[0;1;37;97;47m%[0;1;30;90;40m8[0;30;5;40;100m8[0;37;5;47;107mt::::::......[0;37;5;40;100m8[0;1;30;90;47m8[0;37;5;40;100m@X[0;1;30;90;47m8[0;36;5;40;100m [0;1;30;90;47m@[0;36;5;40;100m [0;1;30;90;47m%[0;36;5;40;100m [0;37;5;47;107m.:::::[0;37;5;40;100mS@[0;36;5;40;100m  [0;37;5;40;100m@[0;36;5;40;100m [0;37;5;40;100m8[0;36;5;40;100m;[0;1;30;90;47m8[0;36;5;40;100m%[0;37;5;47;107mttttttttt%%%%[0;1;30;90;40m8[0;34;40m:[0;1;30;90;47m:[0;37;5;47;107mS[0;1;30;90;47mX[0;1;31;91;41m88[0;37;5;47;107mSXXXX@[0m 
 [0;1;37;97;47m;[0;37;5;47;107mttttt[0;1;30;90;47m@[0;31;5;41;101m8[0;35;5;41;101m@[0;37;5;47;107m;t[0;30;5;40;100m@[0;1;30;90;40m8[0;1;37;97;47m:[0;37;5;47;107m;;:::::::...[0;37;5;40;100mX[0;30;5;40;100m88888888[0;36;5;40;100m%[0;37;5;47;107m:::::;[0;36;5;40;100m [0;1;30;90;40m@@@XXXSS[0;30;5;40;100m8[0;37;5;47;107mttttttttt%%%[0;1;37;97;47m:[0;34;40m:[0;1;30;90;40mS[0;37;5;47;107m@S[0;35;5;41;101m8[0;1;31;91;41m8[0;1;30;90;47m8[0;37;5;47;107mXXXX@[0;1;37;97;47mt[0m 
 [0;37;5;40;100mS[0;37;5;47;107mttttt8[0;31;5;41;101m88[0;37;5;47;107m8;[0;1;30;90;47m8[0;1;30;90;40m@[0;36;5;40;100m [0;37;5;47;107m;;;;::::::::t[0;37;5;40;100m8[0;30;5;40;100m88888[0;1;30;90;40m8[0;36;5;40;100m [0;37;5;47;107m@:::;;;S[0;37;5;40;100mS[0;1;30;90;40mXXXSSS[0;36;5;40;100m:[0;37;5;47;107m8tttttttt%%%%[0;36;5;40;100m:[0;34;40m:[0;36;5;40;100m [0;37;5;47;107mS[0;1;37;97;47m@[0;1;31;91;41m88[0;1;37;97;47mt[0;37;5;47;107mXXXX@[0;37;5;40;100m@[0m 
  [0;37;5;47;107m%ttttt[0;35;5;40;100m [0;31;5;41;101m8[0;1;30;90;47m8[0;37;5;47;107mt@[0;1;30;90;40m8@[0;1;37;97;47mt[0;37;5;47;107m;;;;;;::::::t[0;30;5;40;100m8[0;1;30;90;40m88888[0;1;37;97;47m8[0;37;5;47;107m:;;;;;;;%[0;1;30;90;40m@XSSS%[0;1;37;97;47mS[0;37;5;47;107mtttttttt%%%%[0;1;37;97;47m:[0;34;40m:;[0;1;37;97;47m@[0;37;5;47;107mS[0;1;30;90;47m8[0;1;31;91;41m8[0;31;5;41;101m8[0;37;5;47;107mXXXX@@[0;1;30;90;40m8[0m 
  [0;1;30;90;47m;[0;37;5;47;107mttttt[0;1;37;97;47mS[0;31;5;41;101m88[0;1;37;97;47m@[0;37;5;47;107mt[0;1;30;90;47m@[0;1;30;90;40mX[0;30;5;40;100mS[0;37;5;47;107mS;;;;;;;;;;;;[0;36;5;40;100m [0;1;30;90;40m8888[0;36;5;40;100m;[0;37;5;47;107m;;;;;;;;;;[0;36;5;40;100m [0;1;30;90;40mSSS%[0;30;5;40;100m8[0;37;5;47;107mtttttttt%%%%S[0;30;5;40;100m@[0;34;40m:[0;37;5;40;100mS[0;37;5;47;107mS[0;1;37;97;47m8[0;1;31;91;41m88[0;1;37;97;47m [0;37;5;47;107mXXX@@[0;1;30;90;47m.[0m  
  [0;1;30;90;40m8[0;37;5;47;107m%ttttt[0;1;30;90;47m8[0;31;5;41;101m8[0;35;5;41;101m8[0;37;5;47;107mt%[0;36;5;40;100mt[0;1;30;90;40mX[0;37;5;40;100mX[0;37;5;47;107m;;;;;;;;;;;;[0;30;5;40;100mS[0;1;30;90;40m@@@@8[0;37;5;47;107mS;;;;;;;tt[0;30;5;40;100m@[0;1;30;90;40mSS%[0;34;40m;[0;1;30;90;40m%[0;37;5;47;107m8tttttt%%%%%[0;37;5;40;100m@[0;34;40m:[0;30;5;40;100m8[0;37;5;47;107m8S[0;35;5;40;100m;[0;1;31;91;41m8[0;35;5;40;100m;[0;37;5;47;107mXXXX@@[0;30;5;40;100m@[0m  
   [0;1;30;90;47mX[0;37;5;47;107mttttt@[0;31;5;41;101m88[0;1;30;90;47m8[0;37;5;47;107mt[0;1;37;97;47m8[0;1;30;90;40m8X[0;1;30;90;47mt[0;37;5;47;107mt;;;;;;;;;[0;1;30;90;47mt[0;1;30;90;40m@@@@@X[0;37;5;40;100mX[0;37;5;47;107m;;;;tttt[0;1;30;90;47mS[0;1;30;90;40mS%[0;34;40m;;;;[0;36;5;40;100m [0;37;5;47;107mttttt%%%%%[0;1;30;90;47m;[0;34;40m:[0;1;30;90;40mX[0;1;37;97;47mS[0;37;5;47;107mS[0;1;30;90;47mX[0;1;31;91;41m88[0;37;5;47;107m8XXX@@[0;1;30;90;47m%[0m   
    [0;37;5;47;107m8ttttt[0;1;37;97;47mS[0;31;5;41;101m88[0;1;37;97;47m;[0;37;5;47;107mt[0;1;37;97;47mt[0;1;30;90;40m@X[0;1;37;97;47m.[0;37;5;47;107mttttt;;;[0;1;30;90;47mt[0;1;30;90;40m@XX[0;31;40m88[0;1;30;90;40mXXX[0;37;5;40;100mX[0;37;5;47;107m%ttttt[0;1;30;90;47mS[0;1;30;90;40mS[0;34;40m;[0;31;40mt88%[0;34;40m;;[0;37;5;40;100mS[0;37;5;47;107m%t%%%%%%[0;1;37;97;47m:[0;34;40m;;[0;1;30;90;47m [0;37;5;47;107mS[0;1;37;97;47m;[0;1;31;91;41m88[0;1;37;97;47m [0;37;5;47;107mXXX@@[0;1;37;97;47m8[0m    
    [0;36;5;40;100m%[0;37;5;47;107m%ttttt[0;1;37;97;47m [0;31;5;41;101m88[0;1;37;97;47mX[0;37;5;47;107mt[0;1;37;97;47m.[0;1;30;90;40mXX[0;1;37;97;47m [0;37;5;47;107mtttttt[0;1;37;97;47mt[0;1;30;90;40mSSS[0;31;40mX88@[0;1;30;90;40mSSS[0;1;30;90;47m@[0;37;5;47;107mtttt[0;1;37;97;47m:[0;34;40m;;;[0;31;40mS88X[0;34;40m;;;[0;1;30;90;47m8[0;37;5;47;107m%%%%%%[0;1;37;97;47m [0;1;30;90;40mS[0;34;40m;[0;1;30;90;47mt[0;37;5;47;107mS[0;1;37;97;47mS[0;1;31;91;41m88[0;1;30;90;47m8[0;37;5;47;107mXXX@@@[0;36;5;40;100mt[0m    
     [0;36;5;40;100m [0;37;5;47;107m%ttttt[0;1;30;90;47mX[0;31;5;41;101m88[0;1;37;97;47mS[0;37;5;47;107mt[0;1;37;97;47m;[0;1;30;90;40m@S[0;1;30;90;47m@[0;37;5;47;107mttttt[0;1;37;97;47m;[0;1;30;90;40mSS%[0;31;40mX88@[0;1;30;90;40m%%[0;34;40m;[0;1;30;90;47m8[0;37;5;47;107mtttt[0;1;37;97;47m.[0;34;40m;;;[0;31;40m%88X[0;34;40m:::[0;1;30;90;47m8[0;37;5;47;107m%%%%%[0;1;30;90;47m@[0;34;40m;;[0;1;30;90;47m:[0;37;5;47;107mS[0;1;37;97;47mt[0;1;31;91;41m88[0;1;30;90;47m8[0;37;5;47;107mXXX@@@[0;36;5;40;100m [0m     
      [0;1;30;90;47m8[0;37;5;47;107m%%%ttt[0;1;30;90;47mX[0;31;5;41;101m88[0;1;37;97;47m.[0;37;5;47;107mt[0;1;37;97;47mX[0;30;5;40;100m8[0;34;40m;[0;36;5;40;100m [0;37;5;47;107mXttt[0;1;30;90;47m.[0;36;5;40;100m;;;[0;33;5;40;100m;ttt[0;36;5;40;100m;;;[0;1;30;90;47m8[0;37;5;47;107mtttt[0;1;30;90;47m:[0;36;5;40;100mttt[0;33;5;40;100mt%%%[0;36;5;40;100mtt%[0;37;5;40;100m8[0;37;5;47;107m%%%X[0;36;5;40;100m [0;34;40m:[0;1;30;90;40m@[0;1;37;97;47m:[0;37;5;47;107mS[0;1;37;97;47m.[0;1;31;91;41m88[0;1;30;90;47m8[0;37;5;47;107mXXX@@@[0;1;30;90;47m@[0m      
       [0;1;30;90;47mX[0;37;5;47;107m%%%%tt[0;1;37;97;47m [0;31;5;41;101m88[0;1;30;90;47m@[0;37;5;47;107mt8[0;36;5;40;100m.[0;34;40m;[0;30;5;40;100m8[0;1;37;97;47m%[0;37;5;47;107mtttttttttttttttttttttt%%%%%%%%%%[0;1;37;97;47m%[0;30;5;40;100m@[0;34;40m:[0;36;5;40;100m;[0;1;37;97;47m8[0;37;5;47;107mS[0;1;30;90;47mS[0;1;31;91;41m88[0;1;30;90;47mX[0;37;5;47;107mXXX@@@[0;1;30;90;47m%[0m       
        [0;1;30;90;47m8[0;37;5;47;107m%%%%%%[0;1;37;97;47mS[0;31;5;41;101m88[0;35;5;40;100m [0;37;5;47;107m@t[0;1;30;90;47m%[0;1;30;90;40mX[0;34;40m;[0;37;5;40;100mX[0;37;5;47;107mXttttttttttttttttt%%%%%%%%%%%8[0;37;5;40;100mX[0;34;40m;;[0;1;30;90;47m8[0;37;5;47;107mX8[0;37;5;40;100m.[0;1;31;91;41m88[0;1;37;97;47m:[0;37;5;47;107mXX@@@@[0;1;30;90;47mX[0m        
         [0;37;5;40;100mX[0;37;5;47;107m%%%%%%@[0;35;5;40;100m [0;1;31;91;41m8[0;31;5;41;101m8[0;1;37;97;47m.[0;37;5;47;107mt[0;1;37;97;47m8[0;36;5;40;100m.[0;34;40m;[0;1;30;90;40m8[0;1;30;90;47m%[0;37;5;47;107m%tttttttttt%%%%%%%%%%%%%%S[0;1;30;90;47mt[0;1;30;90;40m8[0;34;40m:[0;36;5;40;100m%[0;1;37;97;47mX[0;37;5;47;107mS[0;1;37;97;47m [0;1;31;91;41m88[0;35;5;41;101m8[0;37;5;47;107m8XX@@@@[0;37;5;40;100mX[0m         
          [0;36;5;40;100m;[0;37;5;47;107m8%%%%%%[0;1;37;97;47m [0;31;5;41;101m8[0;1;31;91;41m8[0;35;5;40;100m [0;37;5;47;107m8%[0;1;30;90;47m.[0;30;5;40;100m8[0;34;40m;[0;30;5;40;100mX[0;1;30;90;47m.[0;37;5;47;107m%%%%%%%%%%%%%%%%%%%%SS[0;1;37;97;47m.[0;30;5;40;100mS[0;34;40m:[0;30;5;40;100m8[0;1;30;90;47mt[0;37;5;47;107mX8[0;37;5;40;100m:[0;1;31;91;41m88[0;1;30;90;47m8[0;37;5;47;107mXX@@@@[0;1;37;97;47m8[0;36;5;40;100m:[0m          
            [0;1;37;97;47m:[0;37;5;47;107mS%%%%%8[0;1;30;90;47m8[0;1;31;91;41m8[0;31;5;41;101m8[0;1;30;90;47m8[0;37;5;47;107mXS[0;1;30;90;47mt[0;30;5;40;100m8[0;34;40m;[0;30;5;40;100mX[0;1;30;90;47m;[0;37;5;47;107mS%%%%%%%%%%%%%SSSX[0;1;30;90;47m;[0;30;5;40;100mX[0;34;40m:[0;1;30;90;40m8[0;1;30;90;47m@[0;37;5;47;107m@@[0;1;30;90;47m8[0;1;31;91;41m88[0;35;5;40;100m [0;1;37;97;47m8[0;37;5;47;107mX@@@@@[0;1;37;97;47m;[0m            
             [0;37;5;40;100m@[0;37;5;47;107mXSSS%%%[0;1;37;97;47m%[0;31;5;41;101m8[0;1;31;91;41m8[0;31;5;41;101m8[0;1;30;90;47mX[0;37;5;47;107mSS[0;1;30;90;47m%[0;30;5;40;100m8[0;34;40m:[0;1;30;90;40m8[0;1;30;90;47m8[0;37;5;47;107m8%%%%%%SSSSSS8[0;1;30;90;47m@[0;1;30;90;40m8[0;34;40m:[0;1;30;90;40m8[0;1;30;90;47m@[0;37;5;47;107m@X[0;1;30;90;47mX[0;1;31;91;41m888[0;1;37;97;47m.[0;37;5;47;107mX@@@@@8[0;37;5;40;100m8[0m             
              [0;30;5;40;100m8[0;1;37;97;47m;[0;37;5;47;107mSSSSSSS[0;1;37;97;47m [0;31;5;41;101m8[0;1;31;91;41m8[0;31;5;41;101m8[0;1;30;90;47m@[0;37;5;47;107m@S[0;1;30;90;47m:[0;36;5;40;100m:[0;34;40m:[0;1;30;90;40m%[0;36;5;40;100m [0;1;37;97;47m.[0;37;5;47;107mSSSSSSSS[0;1;37;97;47m:[0;36;5;40;100m [0;1;30;90;40mS[0;34;40m:[0;36;5;40;100m%[0;1;30;90;47m;[0;37;5;47;107mX@[0;1;30;90;47mX[0;1;31;91;41m888[0;1;30;90;47m%[0;37;5;47;107m@@@@@@@[0;1;37;97;47m:[0;30;5;40;100m8[0m              
                [0;36;5;40;100m [0;1;37;97;47m8[0;37;5;47;107mSSSSSSS[0;1;37;97;47m [0;31;5;41;101m8[0;1;31;91;41m88[0;1;30;90;47m8[0;1;37;97;47m@[0;37;5;47;107mS[0;1;37;97;47mX[0;37;5;40;100mX[0;1;30;90;40m8[0;34;40m:[0;1;30;90;40m8[0;37;5;40;100mS[0;1;37;97;47m;[0;37;5;47;107mSS[0;1;37;97;47m%[0;37;5;40;100mX[0;1;30;90;40m8[0;34;40m:[0;1;30;90;40m@[0;36;5;40;100m [0;1;37;97;47m%[0;37;5;47;107mX[0;1;37;97;47m@[0;1;30;90;47m8[0;1;31;91;41m888[0;1;37;97;47m [0;37;5;47;107m@@@@@@@[0;1;37;97;47m8[0;36;5;40;100m [0m                
                  [0;37;5;40;100m8[0;37;5;47;107m@SSSSSSS[0;1;37;97;47m;[0;35;5;40;100m.[0;1;31;91;41m88[0;35;5;41;101m8[0;1;37;97;47m [0;37;5;47;107mXX[0;1;30;90;47m [0;36;5;40;100m [0;1;30;90;40mS[0;34;40m:[0;1;30;90;40m88[0;34;40m:;[0;36;5;40;100m [0;1;30;90;47m.[0;37;5;47;107m@X[0;1;37;97;47m [0;35;5;40;100m;[0;1;31;91;41m88[0;35;5;40;100mt[0;1;37;97;47m [0;37;5;47;107m@@@@@@@8[0;37;5;40;100m8[0m                  
                    [0;1;30;90;47m8[0;37;5;47;107m8XXXXXXX[0;1;37;97;47m@[0;1;30;90;47m8[0;1;31;91;41m888[0;1;30;90;47m8[0;1;37;97;47m;[0;37;5;47;107mX@[0;1;30;90;47m:[0;36;5;40;100m  [0;1;30;90;47mt[0;37;5;47;107m8X[0;1;37;97;47m;[0;1;30;90;47m8[0;1;31;91;41m888[0;1;30;90;47m8[0;1;37;97;47mX[0;37;5;47;107m@@@@@@@8[0;1;30;90;47m8[0m                    
                      [0;37;5;40;100m@[0;1;37;97;47m8[0;37;5;47;107mXXXXXXXX[0;1;37;97;47m.[0;1;30;90;47m8[0;1;31;91;41m888[0;1;30;90;47m8[0;1;37;97;47m [0;37;5;47;107m@@[0;1;37;97;47m.[0;1;30;90;47m8[0;1;31;91;41m888[0;35;5;40;100m [0;1;37;97;47m [0;37;5;47;107m@@@@@@@@[0;1;37;97;47m8[0;37;5;40;100m8[0m                      
                        [0;36;5;40;100m [0;1;37;97;47mS[0;37;5;47;107mXXXXXXXX@[0;1;37;97;47m [0;35;5;40;100m [0;1;31;91;41m888888[0;35;5;40;100m.[0;1;37;97;47m [0;37;5;47;107m8@@@@@@@@[0;1;37;97;47mS[0;36;5;40;100m [0m                        
                          [0;30;5;40;100mS[0;1;30;90;47m%[0;37;5;47;107m8@@@@@@@@@[0;1;37;97;47m [0;1;30;90;47m88[0;1;37;97;47m [0;37;5;47;107m8@@@@@@@@8[0;1;30;90;47m;[0;36;5;40;100mt[0m                          
                             [0;36;5;40;100m [0;1;37;97;47m.[0;37;5;47;107m@@@@@@@@@@@@@@@@@@[0;1;37;97;47m:[0;36;5;40;100m [0m                             
                                [0;36;5;40;100m [0;1;37;97;47m;[0;37;5;47;107m@@@@@@@@@@@@[0;1;37;97;47mt[0;37;5;40;100mX[0m                                
                                   [0;36;5;40;100m [0;1;30;90;47m;[0;37;5;47;107m8@@@@8[0;1;30;90;47m.[0;36;5;40;100m [0m                                   
                                      [0;30;5;40;100mS[0;37;5;40;100m@@[0;36;5;40;100m%[0m                                      
