[0;32;40m@[0;30;42mSSSSSSSSSSSS%%%%%%%%%%%%%%%%%%%%%%%%%%%%%%%%SSSSSSSSSSSSSSSSSSSSSXXXXXXXXXXXXX[0;32;40mX[0m
[0;30;42m8[0;1;30;90;42m:::::::::::;;;;;;;tttttttttttttttttttt[0;33;42mX@[0;1;30;90;42m;;;;;;::::::::::::::.........[0;30;42m.....::::[0;32;40m8[0m
[0;30;42m8[0;1;30;90;42m:::::::::;;;;;ttttttt%%%%%%%%%%%%%%%t[0;32;43mX[0;33;5;43;103mtt[0;32;43m%[0;1;30;90;42mtt;;;;;::::::::::::::........[0;30;42m.....:::[0;32;40m8[0m
[0;30;42m8[0;1;30;90;42m:::::::;;;;;ttttt%%%%%%%%SSSSSSS%%%S[0;1;33;93;43m;[0;33;5;43;103m;:::[0;1;33;93;43m%[0;33;42mt[0;1;30;90;42mtt;;;;;:::::::::::::........[0;30;42m.....::[0;32;40m8[0m
[0;30;42m8[0;1;30;90;42m:::::;;;;ttttt%%%%%SSSSSSSSSSSSSSS[0;33;42m8[0;33;5;43;103mS::::::S[0;33;42m8[0;1;30;90;42mttt;;;;;::::::::::::........[0;30;42m.....:[0;32;40m8[0m
[0;30;42m8[0;1;30;90;42m:::;;;;;tttt%%%%SSSSSXXXXXXXXXXXX[0;1;30;90;43mX[0;33;5;43;103m;::::::::;[0;1;30;90;43m%[0;1;30;90;42mtttt;;;;::::::::::::........[0;30;42m....:[0;32;40m8[0m
[0;30;42m8[0;1;30;90;42m::;;;;tttt%%%SSSSXXXXX@@@@@@@@@@[0;1;33;93;43mS[0;33;5;43;103m::::::::::::[0;1;33;93;43mX[0;33;42m%[0;1;30;90;42mtttt;;;;:::::::::::........[0;30;42m....8[0m
[0;30;42m8[0;1;30;90;42m:;;;;ttt%%%SSSSXXX@@@@@8888888[0;32;43m8[0;33;5;43;103m%..:::;88;:::::%[0;32;43m8[0;1;30;90;42m%ttt;;;;:::::::::::.......[0;30;42m....8[0m
[0;30;42m8[0;1;30;90;42m;;;;ttt%%%SSSXXX@@@8888888888[0;1;30;90;43m8[0;37;5;43;103mt::::[0;33;5;43;103mS[0;1;30;90;43m@[0;31;5;40;100mXSS@[0;1;30;90;43m@[0;33;5;43;103m@::::;[0;1;30;90;43m%[0;1;30;90;42m%ttt;;;;::::::::::........[0;30;42m...8[0m
[0;30;42m8[0;1;30;90;42m;;;ttt%%%SSXXX@@@8888888888[0;33;42m8[0;33;5;43;103mX[0;37;5;43;103m:::::[0;1;30;90;43m8[0;31;5;40;100mX[0;33;5;40;100m8[0;1;30;90;43m8888[0;33;5;40;100m8[0;30;5;40;100m8[0;1;30;90;43mX[0;33;5;43;103m:::::@[0;33;42mS[0;1;30;90;42mttt;;;:::::::::::........[0;30;42m..8[0m
[0;30;42m8[0;1;30;90;42m;;ttt%%%SSXXX@@88888888888[0;1;30;90;43m8[0;37;5;43;103mS.....[0;1;33;93;43m8[0;31;5;40;100mX[0;33;5;40;100mt[0;1;30;90;47m8[0;1;30;90;43m8888[0;33;5;40;100m:S[0;30;5;40;100m8[0;1;33;93;43mX[0;33;5;43;103m:::::%[0;32;43m@[0;1;30;90;42mttt;;;::::::::::........[0;30;42m..8[0m
[0;30;42m8[0;1;30;90;42m;ttt%%%SSXXX@@88888888888[0;37;43mS[0;37;5;43;103m:......[0;33;5;40;100m@S[0;1;30;90;47m%[0;1;30;90;43m888888[0;1;30;90;47mX[0;33;5;40;100m8[0;30;5;40;100m@[0;33;5;43;103m;:::::;[0;1;30;90;43mt[0;1;30;90;42mttt;;;::::::::::.......[0;30;42m..8[0m
[0;30;42m8[0;1;30;90;42m;ttt%%SSXXX@@8888888888[0;1;30;90;43m8[0;37;5;43;103mX.......X[0;31;5;40;100mS[0;1;30;90;43m8888888888[0;30;5;40;100m8[0;1;33;93;43m8[0;33;5;43;103m:::::::@[0;33;42mS[0;1;30;90;42mt;;;::::::::::........[0;30;42m.8[0m
[0;30;42m8[0;1;30;90;42mttt%%%SSXX@@8888888888[0;1;30;90;43m8[0;37;5;43;103mS........@[0;33;5;40;100mS[0;1;30;90;43m8888888888[0;30;5;40;100m8[0;1;33;93;43m8[0;33;5;43;103m::::::::t[0;32;43mX[0;1;30;90;42m;;;;::::::::::.......[0;30;42m.8[0m
[0;30;42m8[0;1;30;90;42mttt%%SSXXX@@888888888[0;37;43mX[0;37;5;43;103m...........[0;33;5;40;100mX%[0;1;30;90;43m88888888[0;33;5;40;100m88[0;33;5;43;103m::::::::::;[0;1;33;93;43m:[0;1;30;90;42mt;;::::::::::.......[0;30;42m.8[0m
[0;30;42m8[0;1;30;90;42mtt%%%SSXX@@88888888[0;1;30;90;43m8[0;37;5;43;103mX............S[0;33;5;40;100m%t[0;1;30;90;43m8888888[0;33;5;40;100m8[0;33;5;43;103mS.:::::::::;;X[0;33;42mS[0;1;30;90;42m;::::::::::.......[0;30;42m.8[0m
[0;30;42m8[0;1;30;90;42mtt%%%SSXX@@8888888[0;1;30;90;43m8[0;37;5;43;103m%.........8[0;37;43m8[0;1;30;90;43m88[0;37;43m@[0;1;30;90;43m8[0;33;5;40;100m%t[0;1;30;90;43m88888[0;33;5;40;100m@[0;1;30;90;43m88@@X[0;33;5;43;103m8::::::;;;t[0;32;43mX[0;1;30;90;42m::::::::::........[0;30;42m8[0m
[0;30;42m8[0;1;30;90;42mtt%%%SSXX@@888888[0;1;33;93;43mS[0;37;5;43;103m...:@@[0;37;43m888[0;1;30;90;43m8[0;37;5;40;100m8[0;1;30;90;47m.[0;37;5;47;107m8;S[0;1;37;97;47m8t[0;1;30;90;47m.X[0;37;5;40;100m8[0;33;5;40;100m  [0;37;5;40;100mX[0;1;30;90;47m8%[0;1;37;97;47m.X[0;37;5;47;107m@S[0;1;37;97;47m@[0;1;30;90;47mX[0;33;5;40;100mt[0;1;30;90;43mX%%%[0;1;33;93;43mX[0;33;5;43;103m8t;;;[0;1;33;93;43mt[0;33;42m;[0;1;30;90;42m::::::::........[0;30;42m8[0m
[0;30;42m8[0;1;30;90;42mtt%%%SSXX@@8888[0;32;43m8[0;33;5;43;103m%[0;37;5;43;103m.;[0;37;43mX[0;33;5;40;100mX%tt;; [0;1;37;97;47m@[0;37;5;47;107m t[0;1;37;97;47m.[0;1;30;90;47mX88[0;37;5;40;100m8[0;1;30;90;47mS;:[0;1;37;97;47m [0;1;30;90;47m :%@[0;37;5;40;100mXX[0;33;5;40;100m [0;37;5;40;100m@[0;1;30;90;47m%[0;37;5;47;107m@;[0;1;37;97;47mt[0;33;5;40;100mt[0;31;5;40;100mS[0;33;5;40;100m8[0;31;5;40;100mX8[0;31;40m8[0;33;5;40;100m8[0;1;30;90;43m;[0;33;5;43;103mt;X[0;33;42mX[0;1;30;90;42m:::::::........[0;30;42m8[0m
[0;30;42m8[0;1;30;90;42mtt%%%SSXX@@888[0;1;30;90;43m8[0;37;5;43;103m%:[0;1;30;90;43m8[0;33;5;40;100mXS%[0;1;30;90;43m88[0;33;5;40;100m;t[0;1;30;90;47m@[0;37;5;47;107m::[0;1;30;90;47m:[0;33;5;40;100m.::;tt[0;1;30;90;43m88888888[0;33;5;40;100m@88[0;1;30;90;43m88[0;33;5;40;100m8[0;1;30;90;47m8[0;37;5;47;107mSt[0;37;5;40;100m@[0;31;5;40;100mX[0;1;30;90;43m@@XX[0;1;30;90;41m8[0;31;40m@[0;1;30;90;43m:[0;33;5;43;103m;t[0;32;43mS[0;1;30;90;42m::::::.......[0;30;42m.8[0m
[0;30;42m8[0;1;30;90;42mttt%%SSSXX@@8[0;1;33;93;43mX[0;37;5;43;103m:;[0;1;30;90;43m8[0;33;5;40;100mX[0;1;30;90;43m88888[0;33;5;40;100mt[0;1;30;90;47m8[0;37;5;47;107m S[0;37;5;40;100m@[0;33;5;40;100m;;tt%t[0;1;30;90;43m8888888888[0;33;5;40;100m8[0;31;5;40;100m@[0;33;5;40;100m8888S[0;1;37;97;47m8[0;37;5;47;107mt[0;33;5;40;100m 8[0;1;30;90;43m@XXX[0;31;43m8[0;1;30;90;41m8[0;1;30;90;43m;[0;33;5;43;103mt;[0;1;33;93;43m%[0;33;42m;[0;1;30;90;42m::::.......[0;30;42m.8[0m
[0;32;40m8[0;1;30;90;42mttt%%%SSXX@[0;32;43m8[0;33;5;43;103m%[0;37;5;43;103m::[0;1;30;90;43m8[0;33;5;40;100m@[0;1;30;90;43m888888[0;33;5;40;100m;[0;37;5;47;107m;;[0;33;5;40;100m [0;1;30;90;43m888888[0;33;5;40;100mS%SSSXX@@@8[0;31;5;40;100mS[0;1;30;90;43m888888[0;33;5;40;100m@[0;37;5;47;107m@X[0;30;5;40;100m8[0;1;30;90;43m@XXX[0;31;43m88[0;1;30;90;41m8[0;1;30;90;43m;[0;33;5;43;103m;;S[0;33;42m@[0;1;30;90;42m::........[0;30;42m.[0;32;40m8[0m
[0;32;40m@[0;1;30;90;42m;ttt%%SSSX[0;1;30;90;43mX[0;33;5;43;103m;:.S[0;30;5;40;100m8[0;1;30;90;43m8888[0;33;5;40;100mSXX[0;1;30;90;47m@[0;37;5;47;107m [0;1;30;90;47m;[0;1;30;90;43m8888888[0;33;5;40;100mSXSSS[0;1;30;90;43m88[0;33;5;40;100m@@8[0;31;5;40;100mSX[0;1;30;90;43m8888888[0;37;5;40;100m@[0;37;5;47;107mt[0;37;5;40;100m@[0;31;40m@[0;1;30;90;41m88[0;31;43m8888[0;31;40m%[0;1;33;93;43m8[0;33;5;43;103m;;t[0;32;43mt[0;1;30;90;42m:........[0;30;42m.[0;32;40m@[0m
[0;32;40m%[0;1;30;90;42m;ttt%%%S[0;33;42mS[0;1;33;93;43mX[0;33;5;43;103m::::%[0;33;5;40;100m8[0;31;5;40;100mS[0;33;5;40;100m88[0;1;30;90;43m88[0;33;5;43;103m%[0;1;30;90;43m8[0;1;37;97;47m%[0;37;5;47;107m:[0;33;5;40;100mt[0;1;30;90;43m88888[0;33;5;40;100mSXS[0;1;30;90;43m8888888888[0;33;5;40;100m8[0;31;5;40;100m@[0;33;5;40;100m8[0;1;30;90;43m88888[0;31;5;40;100m@[0;37;5;47;107mX[0;1;37;97;47m;[0;1;30;90;43mt[0;33;5;43;103mX[0;1;30;90;43m:;[0;1;30;90;41m8[0;31;40m88[0;1;30;90;40m8[0;33;5;43;103m@;;tt[0;1;33;93;43m%[0;33;42m;[0;1;30;90;42m......[0;30;42m..[0;32;40mS[0m
 [0;1;30;90;42m;;ttt%%[0;33;42m8[0;33;5;43;103m%:::::::tt[0;37;5;43;103m::::[0;1;30;90;43m8[0;1;37;97;47m88[0;33;5;40;100m@XXXXX@X[0;1;30;90;43m888888888888[0;33;5;40;100m8[0;31;5;40;100m@XXXX@8[0;1;37;97;47m;8[0;1;30;90;43mt[0;33;5;43;103m;;;;%S;;;;tttX[0;33;42m8[0;1;30;90;42m.....[0;30;42m..[0m 
 [0;30;42mt[0;1;30;90;42m;;ttt[0;1;30;90;43m%[0;33;5;43;103m;:::::::::.[0;37;5;43;103m;:::[0;1;30;90;43m8[0;1;37;97;47m8%[0;33;5;40;100m@[0;1;30;90;43m888888[0;33;5;40;100m@8[0;1;30;90;43m8888888888[0;31;5;40;100mX[0;33;5;40;100m8[0;1;30;90;43m8888@@[0;31;5;40;100m8[0;1;30;90;47m:[0;1;37;97;47m8[0;1;30;90;43mt[0;33;5;43;103m;;;;;;;;;ttttt%[0;32;43m:[0;1;30;90;42m...[0;30;42m..t[0m 
 [0;32;40m8[0;1;30;90;42m;;;tt[0;32;43m%[0;33;5;43;103mt::::::::::::.[0;37;5;43;103m;[0;1;30;90;43m8[0;1;37;97;47m;8[0;33;5;40;100m8[0;1;30;90;43m8888888[0;33;5;40;100m8[0;31;5;40;100mX[0;33;5;40;100m888[0;1;30;90;43m88[0;33;5;40;100m888[0;31;5;40;100m8[0;33;5;40;100m8[0;1;30;90;43m8888@@@[0;31;5;40;100m@[0;1;37;97;47m:;[0;1;30;90;43m;[0;33;5;43;103m;;;;;;;;;ttttt%[0;32;43m%[0;1;30;90;42m...[0;30;42m..8[0m 
  [0;1;30;90;42m:;;;tt[0;33;42m8[0;33;5;43;103mS:::::::::::::[0;1;33;93;43m8[0;1;30;90;47m8[0;37;5;47;107mt[0;31;5;40;100mS[0;1;30;90;43m8888888[0;31;5;40;100mX[0;33;5;40;100m8888888888[0;31;5;40;100m8[0;1;30;90;43m88@@@@X[0;31;40m8[0;37;5;47;107m@[0;1;30;90;47m8[0;1;30;90;43m:[0;33;5;43;103m;;;;;;;;tttttX[0;33;42m8[0;1;30;90;42m...[0;30;42m...[0;32;40m;[0m 
  [0;30;42mX[0;1;30;90;42m:;;;tt[0;33;42mt[0;1;33;93;43m%[0;33;5;43;103m::::::::::::;[0;33;5;40;100m%[0;37;5;47;107m;[0;33;5;40;100m [0;1;30;90;43m88888[0;33;5;40;100m8[0;31;5;40;100m@[0;1;30;90;43m888888888888[0;31;5;40;100m8[0;33;5;40;100m8[0;1;30;90;43m@@@XX[0;33;5;40;100m;[0;37;5;47;107mt[0;30;5;40;100mX[0;33;5;43;103m%;;;;;;;ttttt[0;1;33;93;43mt[0;33;42m:[0;1;30;90;42m....[0;30;42m..S[0m  
  [0;32;40mt[0;1;30;90;42m::;;;;tt[0;32;43mS[0;33;5;43;103mt:::::::::::[0;1;30;90;43mS[0;1;30;90;47m:[0;1;37;97;47m@[0;30;5;40;100m8[0;31;5;40;100mSSSSXS[0;1;30;90;43m88888888888@[0;31;5;40;100m@8@[0;1;30;90;41m888[0;31;40m@[0;1;37;97;47m:[0;1;30;90;47m;[0;1;30;90;43m;[0;33;5;43;103m;;;;;;;tttt%[0;32;43mS[0;1;30;90;42m.....[0;30;42m...[0;32;40m%[0m  
   [0;30;42m@[0;1;30;90;42m::;;;;;t[0;33;42mX[0;33;5;43;103mX;:::::::::%[0;30;5;40;100mX[0;37;5;47;107m8[0;1;30;90;47m8[0;33;5;40;100m8[0;1;30;90;43m8888[0;33;5;40;100m8[0;31;5;40;100m8[0;1;30;90;43m8888888@@@[0;1;30;90;41m8[0;31;5;40;100m8[0;1;30;90;43mXXXX[0;1;30;90;41m8[0;33;5;40;100m [0;37;5;47;107m8[0;30;5;40;100m8[0;33;5;43;103mS;;;;;;ttttX[0;33;42mX[0;1;30;90;42m.....[0;30;42m...@[0m   
    [0;1;30;90;42m::::;;;;;t[0;1;33;93;43m;[0;33;5;43;103m;;;:::::::[0;1;30;90;43m%[0;36;5;40;100m;[0;37;5;47;107mS[0;33;5;40;100m 8[0;1;30;90;43m8888[0;31;5;40;100m@8@@@@@888[0;1;30;90;41m88[0;1;30;90;43mXXXX[0;33;41m8[0;33;5;40;100m:[0;37;5;47;107mS[0;36;5;40;100m;[0;1;30;90;43m:[0;33;5;43;103m;;;;;;tttt[0;1;33;93;43m;[0;33;42m:[0;1;30;90;42m.....[0;30;42m...;[0m    
    [0;32;40mS[0;1;30;90;42m:::::;;;;;[0;32;43mX[0;33;5;43;103m%;;;;::::[0;1;30;90;43m%[0;1;30;90;40m8[0;33;5;40;100m [0;37;5;47;107m%[0;37;5;40;100m8[0;33;5;40;100m8[0;1;30;90;43m@[0;33;5;40;100m8[0;31;5;40;100m8@[0;1;30;90;43m@@@@@@@XXX[0;1;30;90;41m88@[0;31;43m8[0;1;30;90;41m8[0;37;5;40;100mX[0;37;5;47;107mS[0;33;5;40;100m [0;31;40m@[0;1;30;90;43m;[0;33;5;43;103m;;;;tttt%[0;32;43m@[0;1;30;90;42m......[0;30;42m...:[0;32;40mS[0m    
     [0;32;40m8[0;1;30;90;42m:::::::;;;[0;33;42mS[0;33;5;43;103m@;;;;;;S[0;31;40m;[0;1;30;90;43m@[0;31;5;40;100m8[0;33;5;40;100m:[0;37;5;47;107m@[0;1;37;97;47m;[0;31;5;40;100mX8[0;1;30;90;43mX[0;1;30;90;41m8[0;1;30;90;43mX@XXXXXXX[0;31;43m8[0;30;41m8[0;33;41m8[0;1;30;90;41m8[0;30;5;40;100m8[0;1;37;97;47m.[0;37;5;47;107mX[0;33;5;40;100m.[0;1;30;90;41m8[0;31;43m8[0;31;40m:[0;33;5;43;103m@;;tttt@[0;33;42mS[0;1;30;90;42m......[0;30;42m....[0;32;40m8[0m     
      [0;30;42m8[0;1;30;90;42m:::::::::;;[0;1;30;90;43m:[0;33;5;43;103m;;;;;[0;1;33;93;43m@[0;31;40mt[0;1;30;90;43mXXX[0;31;5;40;100mX[0;1;37;97;47m.[0;37;5;47;107mS[0;1;30;90;47m@[0;33;5;40;100m8[0;1;30;90;43mX[0;31;40mX[0;1;30;90;41m888@@888[0;31;40mX[0;33;41m8[0;31;5;40;100mX[0;1;30;90;47m8[0;37;5;47;107mX[0;1;37;97;47m:[0;31;5;40;100m@[0;33;41m8[0;31;43m88[0;31;40mt[0;1;33;93;43mX[0;33;5;43;103mttttt[0;1;30;90;43m.[0;1;30;90;42m:......[0;30;42m....8[0m      
       [0;30;42m@[0;1;30;90;42m:::::::::::[0;32;43m8[0;33;5;43;103m%;;;@[0;31;40m:[0;1;30;90;43mXXXX[0;1;30;90;41m8[0;33;5;40;100m.[0;1;37;97;47mS[0;37;5;47;107m%[0;1;30;90;47m.[0;33;5;40;100m 8[0;1;30;90;41m8@88@8[0;31;5;40;100mS[0;33;5;40;100m [0;1;30;90;47m;[0;37;5;47;107mX[0;1;37;97;47mX[0;33;5;40;100m [0;1;30;90;41m8[0;31;43m8888[0;31;40m;[0;33;5;43;103m8tttS[0;32;43m8[0;1;30;90;42m......[0;30;42m.....@[0m       
        [0;30;42m8[0;1;30;90;42m:::::::::::[0;33;42m%[0;1;33;93;43mX[0;33;5;43;103m;;;[0;33;5;40;100m8[0;1;30;90;41m8[0;31;43m8888[0;33;41m8[0;32;40m%[0;33;5;40;100mS[0;1;30;90;47m%[0;37;5;47;107m8%[0;1;37;97;47mS[0;1;30;90;47m%[0;37;5;40;100m@X[0;1;30;90;47mS[0;1;37;97;47m%[0;37;5;47;107m%8[0;1;30;90;47m%[0;33;5;40;100mt[0;32;40m%[0;1;30;90;41m8[0;31;43m8888[0;1;30;90;41m8[0;1;30;90;40m8[0;33;5;43;103mttt[0;1;33;93;43m@[0;33;42m%[0;1;30;90;42m......[0;30;42m.....8[0m        
         [0;32;40m8[0;1;30;90;42m::::::::::::[0;1;30;90;43m:[0;33;5;43;103m;;@[0;31;40mS[0;1;30;90;41m8[0;31;43m888[0;33;41m8[0;1;30;90;40m8[0;33;5;43;103m;8[0;1;30;90;43m:[0;33;5;40;100m8 [0;1;30;90;47m%[0;1;37;97;47mSS[0;1;30;90;47mt[0;33;5;40;100m 8[0;1;30;90;43m:[0;33;5;43;103m8;[0;1;30;90;43m:[0;1;30;90;41m8[0;31;43m888[0;33;41m8[0;31;40m%[0;1;33;93;43m8[0;33;5;43;103mtt[0;1;30;90;43m.[0;1;30;90;42m......[0;30;42m.....:[0;32;40m8[0m         
          [0;32;40mS[0;1;30;90;42m::::::::::::[0;33;42m8[0;33;5;43;103mS;8[0;1;30;90;40m8[0;1;30;90;41m8[0;31;43m88[0;1;30;90;41m8[0;33;5;40;100m8[0;33;5;43;103m;;;;;[0;1;30;90;43m:[0;1;30;90;41m88[0;1;30;90;43m;[0;33;5;43;103mt;;;t[0;1;30;90;43m:[0;1;30;90;41m8[0;31;43m88[0;1;30;90;41m8[0;31;40m@[0;1;33;93;43m8[0;33;5;43;103mtS[0;32;43m8[0;1;30;90;42m......[0;30;42m.....:[0;32;40mX[0m          
            [0;30;42m%[0;1;30;90;42m:::::::::::[0;33;42mt[0;1;33;93;43mS[0;33;5;43;103m;t[0;1;30;90;43m:[0;31;40m88@[0;1;33;93;43m@[0;33;5;43;103m;;;;;;[0;1;30;90;43m:;[0;33;5;43;103mtttttt[0;1;33;93;43m8[0;31;40m@88[0;1;30;90;43m:[0;33;5;43;103mSt[0;1;33;93;43mS[0;33;42mt[0;1;30;90;42m.....[0;30;42m......%[0m            
             [0;30;42m8[0;1;30;90;42m.:::::::::::[0;32;43m%[0;33;5;43;103mt;tXt;tttttttttttttttt@%t%[0;32;43mt[0;1;30;90;42m.....[0;30;42m......:8[0m             
              [0;32;40mt[0;30;42m%[0;1;30;90;42m.....::::::[0;33;42m@[0;33;5;43;103mXttttttttttttttttttttttX[0;33;42m8[0;1;30;90;42m...[0;30;42m.......:%[0;32;40mt[0m              
                [0;32;40m@[0;30;42m:[0;1;30;90;42m..........[0;33;42m;[0;1;33;93;43mt[0;33;5;43;103mtttttttttttttttttt%%[0;1;33;93;43m%[0;33;42m;[0;1;30;90;42m.[0;30;42m........:;[0;32;40m@[0m                
                  [0;30;42m8[0;1;30;90;42m...........[0;32;43mX[0;33;5;43;103mStttttttttttt%%%%S[0;32;43mS[0;30;42m........:::8[0m                  
                    [0;30;42m8:[0;1;30;90;42m.........[0;33;42mS[0;33;5;43;103m@tttt%%%%%%%%%%@[0;33;42mX[0;30;42m......::::8[0m                    
                      [0;32;40m8[0;30;42m:[0;1;30;90;42m........[0;33;42m:[0;1;30;90;43m [0;33;5;43;103m%%%%%%%%%%%%[0;1;33;93;43m;[0;33;42m:[0;30;42m....::::;8[0m                      
                        [0;32;40m8[0;30;42mt........[0;32;43m@[0;33;5;43;103mS%%%%%%%%X[0;32;43m@[0;30;42m..::::::t[0;32;40m8[0m                        
                          [0;32;40m%[0;30;42m@:......[0;33;42m%[0;1;33;93;43m@[0;33;5;43;103m%%%%%%[0;1;33;93;43m8[0;33;42m%[0;30;42m:::::::X[0;32;40mS[0m                          
                             [0;32;40m8[0;30;42mS:.:::.[0;32;43m:[0;33;5;43;103mSSSS[0;1;30;90;43m [0;30;42m.:::::S[0;32;40m8[0m                             
                                [0;32;40m8[0;30;42m%::::[0;33;42m8[0;33;5;43;103mXX[0;32;43m8[0;30;42m::::%[0;32;40m8[0m                                
                                   [0;32;40m@[0;30;42mX::[0;33;42mt%[0;30;42m::X[0;32;40m8[0m                                   
                                      [0;32;40m%88S[0m                                      
