[0;30;44m8[0;1;34;94;44m........::::::::[0;1;30;90;41m8::;;;;;;;;;;;;;[0;1;30;90;44mt[0;1;34;94;44m:::::::::::::::[0;1;30;90;41m8::::::.[0;30;41m::::::::[0;1;30;90;44mS[0;1;34;94;44m [0;1;30;90;44m.      [0;30;44m     8[0m
[0;30;44m%[0;1;34;94;44m888888[0;34;5;44;104m8888888888[0;1;30;90;45mt[0;1;31;91;41mXXXXXXXXXXXXXXX[0;35;44m8[0;34;5;44;104m888888888888888[0;1;30;90;45m;[0;1;31;91;41mXSSSSSSSSSSSSS%[0;35;44m@[0;1;34;94;44m8888888@@@@@@[0;30;44m%[0m
[0;30;44m%[0;1;34;94;44m8888[0;34;5;44;104m88888888888[0;1;34;94;44m@[0;35;41m%[0;1;31;91;41mXXXXXXXXXXXXXX[0;35;41m@[0;34;5;44;104m888888888888888[0;1;34;94;44m@[0;35;41m%[0;1;31;91;41mXXXSSSSSSSSSSS[0;35;41mS[0;1;34;94;44m@88888888@@@@@[0;30;44m%[0m
[0;30;44m%[0;1;34;94;44m888[0;34;5;44;104m88888888888[0;35;44m@[0;35;41mX[0;1;31;91;41mXXXXX@@@@@@@@@[0;31;45m8[0;1;34;94;44m8[0;34;5;44;104m88888888888888[0;35;44mX[0;35;41mS[0;1;31;91;41mXXXXXSSSSSSSSS[0;35;41m@[0;1;34;94;44mX8888888888@@@@[0;30;44m%[0m
[0;30;44m%[0;1;34;94;44m8[0;34;5;44;104m888888888888[0;1;34;94;44m@[0;1;31;91;41mSXX@@@@@@@@@@@@[0;35;41m@[0;34;5;44;104m888888888888888[0;1;34;94;44m8[0;35;41m%[0;1;31;91;41mXXXXXXXXSSSSSS[0;35;41m%[0;1;34;94;44m8888888888888@@@[0;30;44m%[0m
[0;30;44m%[0;34;5;44;104m8888888888888[0;35;44m8[0;1;31;91;41m@@@@@@@@@@@@@@@[0;1;30;90;45mX[0;34;5;44;104m888888888888888[0;35;44m@[0;1;31;91;41mXXXXXXXXXXSSSSS[0;35;41m8[0;1;34;94;44m88888888888888@@[0;30;44m%[0m
[0;30;44m%[0;34;5;44;104m8888888888888[0;1;34;94;44m8[0;35;41mX[0;1;31;91;41m@@@@@@@@@88888[0;35;41m@[0;1;34;94;44m8[0;34;5;44;104m888888888888888[0;35;41m@[0;1;31;91;41mXXXXXXXXXXSSSSt[0;1;34;94;44m@8888888888888@@[0;30;44m%[0m
[0;30;44m%[0;34;5;44;104m88888888888888[0;1;34;94;44m8[0;31;45m8[0;1;31;91;41m@[0;35;5;40;100mt[0;37;5;40;100mXt[0;35;5;40;100mt[0;1;30;90;41m8[0;1;31;91;41mX8888888[0;31;45m8[0;35;44m8[0;34;5;44;104m@@@88888888888[0;1;34;94;44m8[0;35;41m8[0;1;31;91;41mXXXXXXXXXXSSSS[0;35;41mS[0;35;44m%[0;1;34;94;44m8888888888888@[0;30;44m%[0m
[0;30;44m%[0;34;5;44;104m8888888888888888[0;35;41m8[0;31;5;40;100m8[0;1;37;97;47m;S[0;1;30;90;47m;[0;1;37;97;47m8.[0;1;30;90;47m8[0;35;5;40;100mt[0;1;30;90;41m8[0;1;31;91;41m88888[0;35;41m8[0;34;5;44;104m8@@@@@888888888[0;1;34;94;44m8[0;35;41m@[0;1;31;91;41mXXXXXXXXXXSSSS[0;35;41mt[0;1;34;94;44m@888888888888@[0;30;44m%[0m
[0;30;44m%[0;34;5;44;104m88888888888888[0;1;34;94;44m8[0;1;30;90;44m8[0;1;30;90;45m@[0;1;30;90;41m8[0;31;5;40;100m@[0;1;37;97;47m;[0;37;5;47;107m8@@[0;1;37;97;47m8%%[0;1;30;90;47mX[0;35;5;40;100m.[0;1;30;90;41m8[0;1;31;91;41m888[0;1;30;90;45m8[0;34;5;44;104m@@@@@@@88888888[0;1;30;90;45mS[0;1;31;91;41mXXXXXXXXXXXSSSS[0;35;44m8[0;1;34;94;44m8888888888888[0;30;44m%[0m
[0;30;44m%[0;34;5;44;104m88888888888888[0;1;34;94;44m8[0;37;5;40;100m%[0;1;30;90;47mt[0;37;5;40;100m88[0;1;37;97;47m.[0;37;5;47;107m@@[0;1;37;97;47m:[0;37;5;40;100m8@8[0;1;37;97;47mX[0;37;5;47;107mX[0;1;37;97;47mX[0;1;30;90;47m@[0;35;5;40;100mt[0;35;41m8[0;34;5;44;104m8XX@@@@@@@888888[0;35;41m8[0;1;31;91;41m@XXXXXXXXXXXSS%[0;1;34;94;44mX8888888888888[0;30;44m%[0m
[0;30;44m%[0;34;5;44;104m8888888888888@8[0;1;30;90;45m8[0;31;5;40;100mX[0;1;30;90;47m8[0;37;5;47;107m@@@X[0;1;37;97;47mS[0;1;30;90;47m8[0;37;5;40;100mS[0;1;30;90;47m@[0;1;37;97;47m8[0;37;5;47;107mXXX[0;1;37;97;47m .[0;36;5;40;100m [0;1;34;94;44m8[0;34;5;44;104mXXX@@@@@@888[0;1;34;94;44m8[0;1;30;90;45mX[0;1;31;91;41m@@@XXXXXXXXXXS[0;35;41mt[0;35;44mX[0;1;34;94;44m88888888888888[0;30;44m%[0m
[0;30;44m%[0;34;5;44;104m888888888888@8[0;31;45m8[0;1;31;91;41m88X[0;37;5;40;100m@[0;37;5;47;107m@@XXX@X[0;1;37;97;47mX[0;37;5;47;107m8X@[0;1;37;97;47mt[0;37;5;47;107mX[0;1;37;97;47mt[0;1;30;90;47m:[0;36;5;40;100m.[0;34;5;44;104m8XXX@@@@@88[0;31;45m8[0;1;31;91;41m@@@@@XXXXXXXXX%[0;1;34;94;44mS888888888888888[0;30;44m%[0m
[0;30;44m%[0;34;5;44;104m888888888888@[0;1;30;90;45m8[0;1;31;91;41m8888@[0;37;5;40;100m%[0;1;37;97;47m;[0;1;30;90;47m;[0;1;37;97;47m8[0;37;5;47;107mXXX[0;1;30;90;47mS[0;37;5;47;107mX8[0;1;37;97;47m;[0;37;5;47;107mX[0;1;37;97;47m;@X[0;1;30;90;47m%[0;1;37;97;47m;[0;36;5;40;100m t[0;1;30;90;44m8[0;34;5;44;104m8@@@@@[0;35;44m8[0;1;31;91;41m@@@@@@XXXXXXXXX[0;31;45m8[0;34;5;44;104m8[0;1;34;94;44m888888888888888[0;30;44m%[0m
[0;30;44m%[0;34;5;44;104m88888888888@@[0;1;34;94;44m8[0;1;31;91;41m888888[0;35;5;40;100m.[0;1;37;97;47mS%:@[0;1;30;90;47mt[0;37;5;47;107m8S8@[0;1;37;97;47m.8[0;37;5;47;107m@[0;1;30;90;47m [0;37;5;47;107m8[0;1;37;97;47m@%[0;1;30;90;47m8%t8[0;34;5;40;100mS[0;34;5;44;104m8@@8[0;1;31;91;41mX@@@@@@XXXXXXXX[0;35;41mS[0;1;34;94;44m8888888888888888[0;30;44m%[0m
[0;30;44m%[0;34;5;44;104m88888888888@@@[0;1;30;90;45m8[0;35;41m8[0;1;31;91;41m88[0;31;5;41;101m888[0;31;5;40;100mS[0;35;5;40;100m [0;1;30;90;47m;[0;1;37;97;47mX[0;37;5;47;107mS[0;1;37;97;47m.[0;37;5;47;107mX[0;1;30;90;47mt[0;37;5;47;107mS88[0;1;37;97;47m:[0;37;5;47;107mX[0;1;30;90;47m%[0;37;5;47;107m8[0;1;37;97;47m;S[0;37;5;47;107mX[0;37;5;40;100m8S[0;1;30;90;47mt8[0;37;5;40;100m%[0;1;30;90;44m8[0;34;5;44;104m8[0;34;45m8[0;35;41mX[0;1;31;91;41m@@@@@XXXXXXXXX[0;31;45m8[0;1;34;94;44m888888888888888[0;30;44m%[0m
[0;30;44m%[0;34;5;44;104m88888888888@@@@[0;34;45m8[0;35;41m8[0;1;31;91;41m8[0;31;5;41;101m88888[0;35;5;40;100m.[0;1;37;97;47m%[0;37;5;47;107mS@[0;1;37;97;47m@[0;37;5;47;107mSX[0;1;37;97;47m%[0;37;5;47;107mS8[0;1;30;90;47m [0;1;37;97;47m:[0;37;5;47;107m@X[0;1;30;90;47m.[0;37;5;47;107m8[0;1;37;97;47m:@[0;1;30;90;47mS;:S[0;37;5;40;100mX[0;1;30;90;44m8[0;35;44m@[0;35;41mX[0;1;31;91;41m@@@@XXXXXXXXXX[0;35;41m@[0;1;34;94;44m88888888888888[0;30;44m%[0m
[0;30;44m%[0;34;5;44;104m8888888888@@@@@X[0;1;30;90;45m8[0;1;31;91;41m8[0;31;5;41;101m88888[0;35;5;41;101m8[0;35;5;40;100mt[0;1;30;90;47m;[0;37;5;47;107m8@SSSSSS8[0;1;30;90;47m:[0;1;37;97;47m%[0;37;5;47;107mX[0;1;30;90;47m:[0;1;37;97;47mS%[0;37;5;47;107m8[0;1;30;90;47m@X[0;1;37;97;47m8%@[0;1;30;90;47m8[0;35;5;40;100m8[0;1;31;91;41m@@@@XXXXXXXXXXS[0;35;44m8[0;1;34;94;44m8888888888888[0;30;44m%[0m
[0;30;44m%[0;34;5;44;104m88888888888@@@@X[0;1;30;90;45m8[0;1;31;91;41m8[0;31;5;41;101m88888[0;35;5;41;101m88[0;35;5;40;100mt[0;1;30;90;47m8:[0;1;37;97;47m8[0;37;5;47;107mS@X[0;1;37;97;47mS[0;37;5;47;107mXXX[0;1;37;97;47mS[0;1;30;90;47m;[0;1;37;97;47m8[0;1;30;90;47m.[0;37;5;47;107m8[0;1;37;97;47m8[0;37;5;47;107m@[0;1;30;90;47mt[0;37;5;40;100m%[0;1;30;90;44m8[0;1;34;94;44mS[0;1;30;90;44m@[0;31;5;40;100m8[0;1;31;91;41m%@@@XXXXXXXXXXS[0;35;44mS[0;1;34;94;44m8888888888888[0;30;44m%[0m
[0;30;44m%[0;34;5;44;104m88888888888@@@@[0;1;30;90;45m8[0;1;31;91;41m888[0;31;5;41;101m888888[0;35;5;41;101m8[0;35;5;40;100m%;[0;1;37;97;47m.[0;1;30;90;47m;..t[0;37;5;47;107m@XXXX[0;1;37;97;47m.[0;1;30;90;47m:[0;37;5;47;107m8[0;1;37;97;47m:t[0;37;5;47;107m8[0;1;30;90;47m.:[0;1;30;90;44m8[0;1;30;90;45m@[0;1;31;91;41m@@@@@XXXXXXXXXS[0;34;45m8[0;1;34;94;44m88888888888888[0;30;44m%[0m
[0;30;44m%[0;34;5;44;104m88888888888@@@[0;1;30;90;45m8[0;1;31;91;41m8888[0;31;5;41;101m88888888[0;35;5;40;100m.[0;37;5;47;107mX[0;37;5;40;100m@[0;1;37;97;47m:[0;1;30;90;47mS[0;1;37;97;47m8[0;1;30;90;47m [0;37;5;47;107mXXXXX8[0;1;30;90;47m%[0;1;37;97;47m%%[0;1;30;90;47mt[0;37;5;47;107m8[0;1;30;90;47m%[0;1;37;97;47m:[0;1;30;90;41m@[0;1;31;91;41m@@@@XXXXXXXXXS[0;35;44m8[0;1;34;94;44m888888888888888[0;30;44m%[0m
[0;30;44mS[0;34;5;44;104m888888888888@[0;34;45m8[0;1;31;91;41m8888888[0;31;5;41;101m888888[0;37;5;40;100mX[0;1;30;90;47m8[0;35;5;40;100mS[0;1;30;90;47m8%[0;37;5;47;107m@[0;1;30;90;47mS[0;37;5;47;107mXXXXX@@[0;1;37;97;47m.[0;1;30;90;47mt[0;37;5;47;107m8[0;1;30;90;47mt[0;37;5;47;107m8[0;1;37;97;47m@[0;1;30;90;47m;[0;1;30;90;41m8[0;1;31;91;41m@@@XXXXXXXXX[0;35;41m8[0;1;34;94;44m8888888888888888[0;30;44mS[0m
[0;30;44m8[0;34;5;44;104m8888888888888[0;35;44m8[0;1;31;91;41m888888888[0;31;5;41;101m8888[0;1;31;91;41m8[0;31;5;41;101m8[0;1;30;90;45m8[0;36;5;40;100m [0;1;30;90;47m.[0;1;37;97;47mS[0;1;30;90;47m.[0;37;5;47;107mXXX@@@@8[0;1;37;97;47m@[0;1;30;90;47m@[0;1;37;97;47mS:%[0;1;30;90;47m::[0;1;30;90;41m@[0;1;31;91;41m@XXXXXXXXXX[0;35;41m@[0;1;34;94;44m8888888888888888[0;30;44m8[0m
[0;34;40mX[0;34;5;44;104m88888888888888[0;1;30;90;45m8[0;1;31;91;41m888888888888888[0;35;5;40;100mS[0;37;5;47;107m8[0;36;5;40;100m t[0;1;30;90;47mt[0;37;5;47;107m@[0;1;30;90;47m.[0;1;37;97;47m@[0;37;5;47;107m@88888[0;1;30;90;47mS[0;1;37;97;47m [0;37;5;47;107m88[0;1;37;97;47mt[0;37;5;40;100m8[0;31;5;40;100mX[0;1;30;90;41mX[0;1;31;91;41mXXXXXXXXXS[0;1;30;90;45m;[0;1;34;94;44m888888888888888[0;34;40m@[0m
 [0;1;34;94;44m8[0;34;5;44;104m88888888888888[0;1;30;90;45m8[0;1;31;91;41m88888888888888[0;1;30;90;41m8[0;35;5;40;100m@[0;34;5;44;104m@X8[0;36;5;40;100mt[0;1;30;90;47m;.t[0;1;37;97;47m@[0;37;5;47;107m88888[0;1;30;90;47m.t[0;1;37;97;47m@.X[0;36;5;40;100m  [0;35;5;40;100mt[0;1;30;90;41mt[0;1;31;91;41mXXXXXXXSS[0;1;30;90;45m;[0;1;34;94;44m88888888888888[0m 
 [0;1;34;94;44m;[0;34;5;44;104m888888888888888[0;1;30;90;45m@[0;1;31;91;41m888888888888888[0;34;45m8[0;34;5;44;104m@@@8[0;36;5;40;100m%[0;1;30;90;47m% t [0;37;5;47;107m8888[0;1;37;97;47m:[0;1;30;90;47m@[0;1;37;97;47m88:[0;37;5;40;100m8[0;1;30;90;47mX[0;37;5;40;100mS[0;1;30;90;41m8[0;1;31;91;41mSXXXXSSSS[0;35;44mX[0;1;34;94;44m888888888888t[0m 
 [0;30;44mS[0;34;5;44;104m888888888888888[0;1;30;90;45m@[0;1;31;91;41m@88888888888888[0;34;45m8[0;34;5;44;104m@@@@88[0;34;5;40;100m@[0;1;30;90;47mX[0;1;37;97;47mS[0;1;30;90;47m%.[0;37;5;47;107m88[0;1;37;97;47m8t[0;1;30;90;47m8[0;1;37;97;47m8%8[0;35;5;40;100m [0;31;5;40;100mX[0;35;5;40;100m;[0;30;41m8[0;1;31;91;41m%XXSSSSS[0;35;44mX[0;1;34;94;44m888888888888[0;30;44m%[0m 
  [0;1;34;94;44m8[0;34;5;44;104m8888888888888[0;34;45m8[0;1;31;91;41m@@@@@8888888888[0;1;30;90;45m8[0;34;5;44;104m@88888888[0;34;5;40;100m8[0;1;30;90;47m8[0;1;37;97;47m@8888t[0;37;5;40;100m8[0;1;37;97;47m8[0;1;30;90;47m.[0;1;37;97;47m;[0;1;30;90;41m8[0;1;31;91;41mXS%XSSSSS[0;31;45m8[0;1;34;94;44m888888888888@[0;34;40m%[0m 
  [0;1;30;90;44m:[0;34;5;44;104m888888888888[0;1;30;90;45mS[0;1;31;91;41mX@@@@@@@@@@@88@[0;1;30;90;45m@[0;34;5;44;104m88888888888[0;34;5;40;100mS[0;36;5;40;100m [0;1;30;90;47m8[0;1;37;97;47mt8@8%[0;37;5;40;100m8[0;1;37;97;47m8[0;1;30;90;47m.[0;1;37;97;47m.[0;1;30;90;41mX[0;1;31;91;41mXXSSSSS[0;1;30;90;45m:[0;1;34;94;44m8888888888888.[0m  
  [0;34;40mS[0;1;34;94;44m8[0;34;5;44;104m8888888888[0;35;44m@[0;1;31;91;41mX@@@@@@@@@@@@@@[0;31;45m8[0;34;5;44;104m888888888888[0;1;34;94;44m8[0;36;5;40;100m [0;37;5;40;100m@[0;1;30;90;44m@[0;35;5;40;100m:[0;37;5;40;100m@[0;1;37;97;47m:S%[0;37;5;40;100m8[0;1;30;90;47m:[0;1;37;97;47mX[0;1;30;90;47mt[0;1;30;90;41mS[0;1;31;91;41mSSSSS[0;35;41mX[0;1;34;94;44m8888888888888@[0;34;40mX[0m  
   [0;30;44m:[0;34;5;44;104m8888888888[0;35;44m8[0;1;31;91;41mXXXX@@@@@@@@@@@[0;1;30;90;45mS[0;34;5;44;104m8888888888888[0;1;30;90;44mS[0;36;5;40;100m.[0;35;44mS[0;1;31;91;41mX[0;1;30;90;41mt[0;35;5;40;100m.[0;1;37;97;47mS[0;1;30;90;47m;[0;1;37;97;47m%[0;1;30;90;47m@[0;1;37;97;47m%%%[0;35;5;40;100m%[0;1;31;91;41mtSSS[0;35;41m8[0;1;34;94;44m8888888888888[0;30;44m.[0m   
    [0;1;34;94;44mX[0;34;5;44;104m8888888888[0;31;45m8[0;1;31;91;41mXXXXXXX@@@@@@@X[0;35;44m8[0;34;5;44;104m888888888888888[0;1;30;90;45mt[0;1;31;91;41mXS[0;1;30;90;41mX[0;1;30;90;47mX[0;1;37;97;47m88[0;1;30;90;47m.S[0;1;37;97;47m.@[0;37;5;40;100m8[0;1;30;90;41m8[0;1;31;91;41m;S%[0;35;44mX[0;1;34;94;44m88888888888S[0m    
    [0;34;40m8[0;1;34;94;44m8[0;34;5;44;104m8888888888[0;1;30;90;45mt[0;1;31;91;41mXXXXXXXXXXXXXXS[0;34;45m8[0;34;5;44;104m88888888888888[0;1;34;94;44m8[0;1;30;90;45m;[0;1;31;91;41mXX;[0;35;5;40;100m:[0;1;30;90;47mX%8[0;1;37;97;47mX[0;1;30;90;47m.[0;36;5;40;100m [0;1;30;90;47m8@[0;35;5;40;100m.[0;1;30;90;41mt[0;1;31;91;41m;[0;35;44m8[0;1;34;94;44m888888888@[0;34;40m8[0m    
     [0;30;44m@[0;1;34;94;44m88[0;34;5;44;104m888888888[0;35;41m8[0;1;31;91;41mXXXXXXXXXXXXXXX[0;1;34;94;44mX[0;34;5;44;104m888888888888888[0;35;41m8[0;1;31;91;41mSSS[0;1;30;90;41mX[0;1;30;90;47m@[0;36;5;40;100m [0;37;5;40;100mX[0;1;30;90;47mX[0;37;5;40;100mS[0;1;30;90;47m@t@@[0;37;5;40;100mX[0;35;5;40;100m [0;34;5;40;100m@[0;1;30;90;44mt[0;1;34;94;44m:@8888@[0;30;44mX[0m     
      [0;30;44mt[0;1;34;94;44m888[0;34;5;44;104m8888888[0;1;30;90;45m;[0;1;31;91;41mXXXXXXXXXXXXXXX[0;35;44m8[0;34;5;44;104m888888888888888[0;1;30;90;45m;[0;1;31;91;41mSSSS[0;1;30;90;41m%[0;1;30;90;47mS[0;37;5;40;100mX[0;36;5;40;100m [0;35;5;40;100m [0;1;30;90;41mS[0;35;5;40;100mt [0;37;5;40;100m%[0;35;5;40;100m  S[0;1;30;90;44mX[0;1;34;94;44m:@888@[0;30;44m;[0m      
       [0;30;44m:[0;1;34;94;44m88888[0;34;5;44;104m888[0;1;34;94;44mX[0;1;31;91;41m%XXXXXXXXXXXXXX[0;35;41m@[0;1;34;94;44m8[0;34;5;44;104m888888888888[0;1;34;94;44m88X[0;35;41mt[0;1;31;91;41mSSSSS[0;1;30;90;41mS[0;1;30;90;47mS[0;37;5;40;100m@[0;1;30;90;47m.[0;30;41m%[0;1;31;91;41m%%%%[0;35;41mS[0;1;34;94;44m@8888@@[0;30;44m.[0m       
        [0;30;44m;[0;1;34;94;44m888888[0;35;44m@[0;35;41mt[0;1;31;91;41mSXXXXXXXXXXXXX[0;31;45m8[0;1;34;94;44m8[0;34;5;44;104m888888888[0;1;34;94;44m88888[0;35;44mX[0;35;41m%[0;1;31;91;41mSSSSSS%[0;31;5;40;100m@[0;37;5;40;100m%[0;1;37;97;47mX[0;35;5;40;100m;[0;1;31;91;41m%%%[0;35;41m8[0;1;34;94;44mX8888@@[0;30;44m:[0m        
         [0;30;44mS[0;1;34;94;44m8888X[0;1;31;91;41m%SSSSSSSSSXXXXX[0;35;41mS[0;1;34;94;44m8[0;34;5;44;104m88888[0;1;34;94;44m8888888888[0;1;31;91;41mtSSSSSSSS:[0;37;5;40;100m@[0;1;37;97;47mX[0;37;5;40;100mS[0;1;31;91;41mt%[0;35;41mt[0;1;34;94;44m@8888@@[0;30;44mS[0m         
          [0;34;40m8[0;1;34;94;44m@88[0;35;44m@[0;1;31;91;41mSSSSSSSSSSSSSSS[0;31;45m8[0;1;34;94;44m888888888888888[0;35;44mS[0;1;31;91;41mSSSSSSS%%%[0;1;30;90;41mX[0;1;37;97;47mS[0;35;5;40;100m [0;1;31;91;41m%%[0;35;41m8[0;1;34;94;44m888@@X[0;34;40m8[0m          
            [0;1;34;94;44m;8@[0;35;41m%[0;1;31;91;41mSSSSSSSSSSSSSSt[0;1;34;94;44mX888888888888888[0;35;41mX[0;1;31;91;41mSSS%%%%%%[0;1;30;90;41m.[0;37;5;40;100m8[0;1;30;90;41mS[0;1;31;91;41m%%;[0;1;34;94;44m%@@@;[0m            
             [0;30;44m%[0;1;34;94;44m8X[0;35;41m@[0;1;31;91;41mSSSSSSSSSSSSSS[0;35;41m%[0;35;44mS[0;1;34;94;44m88888888888888@[0;35;41m8[0;1;31;91;41m%%%%%%%%%[0;30;41mX[0;1;31;91;41mt%%%[0;35;41mt[0;35;44m%[0;1;34;94;44m@[0;30;44m%[0m             
              [0;34;40mS[0;1;34;94;44m;8[0;35;41m%[0;1;31;91;41mSSSSSSSSSSSSSS[0;35;41mt[0;1;34;94;44m@88888888888888@[0;35;41m%[0;1;31;91;41m%%%%%%%%%%%ttt[0;30;41m;[0;34;40mS[0m              
                [0;30;44m8[0;35;41m8[0;1;31;91;41m%%%SSSSSSSSSSSS[0;35;44mX[0;1;34;94;44m888888888888888[0;1;30;90;45m.[0;1;31;91;41m%%%%%%%%tttt:[0;30;41m8[0m                
                  [0;30;41mX[0;1;31;91;41mt%%%%%%%%%%%%[0;35;41m;[0;1;34;94;44m@88888888888888@[0;35;41m%[0;1;31;91;41m%%%%%%ttttt[0;30;41mX[0m                  
                    [0;30;41mS[0;1;31;91;41mt%%%%%%%%%[0;35;41m%[0;35;44m%[0;1;34;94;44m88888888888888X[0;35;41m@[0;1;31;91;41m%%%%ttttt;[0;30;41mS[0m                    
                      [0;30;41mX[0;1;31;91;41m;%%%%%%[0;35;41m;[0;1;34;94;44mS88888888888888@[0;35;41mS[0;1;31;91;41m%ttttttt;[0;30;41mX[0m                      
                        [0;30;41m8[0;1;31;91;41m.%%%%[0;31;45m8[0;1;34;94;44m888888888888@@@[0;35;44m%[0;1;31;91;41mttttttt.[0;30;41m8[0m                        
                          [0;31;40mX[0;30;41mt[0;1;31;91;41mt%[0;35;41m%[0;1;34;94;44m@@@@@@@@@@@@@@@X[0;35;41m:[0;1;31;91;41mtttt[0;30;41m;[0;31;40m@[0m                          
                             [0;30;41m8.[0;35;41m8[0;1;34;94;44mX@@@@@@@@@@@@@@[0;35;44m%[0;35;41m;[0;30;41m.8[0m                             
                                [0;31;40mX[0;1;34;94;44m;@@@@@@@@@@@@t[0;30;44mS[0m                                
                                   [0;30;44m@[0;1;34;94;44m X@@@@@.[0;30;44m@[0m                                   
                                      [0;34;40m@[0;30;44mS%[0;34;40m@[0m                                      
