[0;36;5;40;100m [0;1;30;90;47m....      [0;1;37;97;47m   [0;1;30;90;47m:[0;33;5;40;100m@[0;1;30;90;41m:[0;30;42m@%%%%%%%%%%%%X[0;1;30;90;41m;;[0;30;42m@%%%%%%%%%%%S@[0;1;30;90;41m;;[0;30;42m@SSSSSSSSSSSS8[0;1;30;90;41m;[0;31;5;40;100m8[0;1;30;90;47mt::::::;;;;;;;[0;36;5;40;100m [0m
[0;37;5;40;100m@[0;37;5;47;107m%%%%%%ttttttttt[0;1;37;97;47m [0;31;5;41;101m8[0;1;30;90;43mt[0;1;30;90;42mttttttttt%[0;1;30;90;43m%[0;1;31;91;41m8[0;31;5;41;101m88[0;1;31;91;41m8[0;1;30;90;43m%[0;1;30;90;42mttttt;;;;;[0;1;30;90;43m;[0;1;31;91;41m8[0;31;5;41;101m88[0;1;31;91;41m8[0;31;43m8[0;1;30;90;42m;:::::::::[0;31;43m8[0;1;31;91;41m8[0;1;30;90;47m8[0;37;5;47;107mXSSXXXX@@@@@@@@[0;37;5;40;100m8[0m
[0;37;5;40;100m@[0;37;5;47;107m%%%%tt[0;1;30;90;47mt[0;1;37;97;47m [0;37;5;47;107m8[0;1;30;90;47mX[0;1;37;97;47m%S[0;37;5;47;107m8tttX[0;1;30;90;47m8[0;1;31;91;41m@[0;1;30;90;42mtt%%%%%%[0;1;31;91;41mX[0;31;5;41;101m888888[0;1;31;91;41m@[0;1;30;90;42m%ttttttt[0;1;31;91;41mX[0;31;5;41;101m888888[0;1;31;91;41mX[0;1;30;90;42m::::::::[0;1;31;91;41mX[0;37;5;40;100m.[0;37;5;47;107m8SSSS[0;1;30;90;47mS;[0;1;37;97;47m8[0;1;30;90;47m8[0;1;37;97;47m:;S[0;37;5;47;107m@@@@@[0;37;5;40;100m8[0m
[0;37;5;40;100m@[0;37;5;47;107m%%ttS[0;1;30;90;47m;[0;33;5;40;100m%[0;1;30;90;43mS[0;33;42m@[0;1;30;90;43m%t8[0;1;37;97;47m:[0;37;5;47;107mttttt[0;1;37;97;47mS[0;36;5;40;100m;[0;1;30;90;42m%%%%%SS[0;31;5;41;101m88888888[0;1;30;90;42mS%%%%ttt[0;31;5;41;101m88888888[0;1;30;90;42m;::::::[0;32;5;40;100mX[0;1;37;97;47m;[0;37;5;47;107m%%SS@[0;1;30;90;47mt[0;33;5;40;100mX[0;32;43m8[0;33;42mX[0;32;43m88[0;1;30;90;43m8[0;1;30;90;47m:[0;37;5;47;107m@@@@@[0;37;5;40;100m8[0m
[0;37;5;40;100m@[0;37;5;47;107m%ttt[0;33;47m@[0;1;31;91;41m8[0;31;5;41;101m88[0;1;31;91;41m8[0;33;41m8[0;31;5;41;101m88@[0;1;30;90;47mX[0;37;5;47;107mttt;;;[0;1;37;97;47m [0;1;30;90;42m8SSSSS[0;31;5;41;101m88888888[0;1;30;90;42mSSS%%%%%[0;31;5;41;101m88888888[0;1;30;90;42m;::::X[0;1;30;90;47m%[0;37;5;47;107m%%%%%S[0;33;47m8[0;1;31;91;41m888@[0;33;41m@[0;1;31;91;41m888[0;1;30;90;47m8[0;37;5;47;107m@@@@[0;37;5;40;100m8[0m
[0;37;5;40;100m@[0;37;5;47;107mtttt[0;33;5;41;101m8[0;31;5;41;101m88888888[0;33;5;41;101m@[0;37;5;47;107m;;;;;;;%[0;1;30;90;47m8[0;1;30;90;42m@XXX[0;31;5;41;101m88888888[0;1;30;90;42mXSSSSS%%[0;31;5;41;101m88888888[0;1;30;90;42m;;:;[0;37;5;40;100m%[0;37;5;47;107m@%%%%%%%[0;31;5;41;101m88[0;1;31;91;41m88888888[0;37;5;47;107m@@@@[0;37;5;40;100m8[0m
[0;37;5;40;100m8[0;37;5;47;107mtttt[0;1;30;90;47mS[0;31;5;41;101m@888888@[0;33;5;41;101m@[0;37;5;47;107m;;;;;;;;;8[0;36;5;40;100m [0;1;30;90;42m@[0;1;30;90;43m8[0;31;5;41;101m88888888[0;1;30;90;43m@[0;1;30;90;42mXXXXSS[0;1;30;90;43mS[0;31;5;41;101m88888888[0;1;30;90;43mt[0;1;30;90;42m;[0;36;5;40;100mt[0;1;37;97;47mX[0;37;5;47;107mttt%%%%%%[0;1;30;90;47m@[0;31;5;41;101m8[0;1;31;91;41m88[0;31;5;41;101m8[0;1;31;91;41m8888[0;31;5;41;101m8[0;37;5;47;107mX@@@[0;37;5;40;100m8[0m
[0;37;5;40;100m8[0;37;5;47;107mttttt[0;33;47m8[0;31;5;41;101m@88888@[0;37;5;47;107m8;;;;;;:::::[0;1;37;97;47mX[0;35;5;41;101m@[0;31;5;41;101m@@@@@@@@8[0;33;41m8[0;33;5;40;100m8[0;1;30;90;42mXXX[0;33;41m8[0;31;5;41;101m8888888888[0;1;37;97;47m:[0;37;5;47;107mtttttt%%%%%%[0;33;47m8[0;31;5;41;101m88[0;1;31;91;41m88888[0;1;37;97;47mX[0;37;5;47;107mX@@@[0;37;5;40;100m8[0m
[0;33;5;40;100m [0;37;5;47;107mtttttt[0;1;37;97;47mt[0;37;43m8[0;31;5;41;101m8[0;33;5;41;101m@[0;31;5;41;101m8[0;1;30;90;47m8[0;37;5;47;107m%;;;[0;1;37;97;47m  8[0;1;30;90;47mX[0;1;37;97;47m;t[0;37;5;47;107m8:::;[0;1;37;97;47m [0;31;5;41;101m@@88@@@@@8[0;1;30;90;43m@@[0;31;5;41;101m888888[0;1;31;91;41m88[0;31;5;41;101m88[0;1;30;90;47m8[0;37;5;47;107mStttt[0;1;30;90;47mt%[0;1;37;97;47mS[0;1;30;90;47m8[0;1;37;97;47m  %[0;37;5;47;107m%%S[0;1;37;97;47m:[0;1;31;91;43m8[0;1;31;91;41m8[0;31;5;41;101m8[0;1;31;91;41m8[0;1;30;90;47m8[0;37;5;47;107m8XXX@@[0;33;5;40;100m [0m
[0;32;40m8[0;33;5;40;100m%[0;1;37;97;47m@[0;37;5;47;107mtttttt[0;1;37;97;47m [0;1;30;90;47m8[0;1;37;97;47m%[0;37;5;47;107m;;;%[0;1;30;90;47mt[0;33;5;40;100m%[0;1;30;90;43m8[0;33;5;40;100m8[0;1;30;90;43m88[0;33;5;40;100m:[0;1;37;97;47m;[0;37;5;47;107m.....@[0;1;30;90;47m8[0;1;30;90;42m88[0;1;30;90;43m8[0;31;5;41;101m@@@@@@@88888[0;1;30;90;43mX[0;1;30;90;42mSS[0;33;5;40;100m [0;37;5;47;107m8ttttS[0;1;30;90;47mX[0;33;5;40;100m8[0;1;30;90;43m%[0;33;42m8[0;1;30;90;43m;;8[0;1;37;97;47m [0;37;5;47;107m%%%%S[0;1;37;97;47m [0;37;43m8[0;1;37;97;47m.[0;37;5;47;107mSXXXX[0;1;37;97;47mS[0;33;5;40;100m%[0;32;40m8[0m
[0;30;42m8[0;1;30;90;42m;%[0;1;30;90;47mS[0;37;5;47;107mXttt;;;;;;;[0;33;47m@[0;31;5;41;101m@@X[0;33;5;41;101m8[0;1;31;91;43m8[0;31;5;41;101m@[0;33;5;41;101mXX[0;1;37;97;47m [0;37;5;47;107m......[0;1;37;97;47m@[0;36;5;40;100m [0;1;30;90;42m8[0;33;5;40;100m8[0;1;30;90;43m8[0;31;5;41;101m@@@@@@@8[0;33;41m8[0;1;30;90;42m@X[0;32;5;40;100mX[0;1;37;97;47m:[0;37;5;47;107m;;tttt[0;33;47m8[0;31;5;41;101m888[0;1;31;91;41m8@[0;31;5;41;101m888[0;1;30;90;47m8[0;37;5;47;107m%%%SSSSSSX8[0;1;30;90;47m@[0;1;30;90;42m@[0;30;42m.8[0m
[0;30;42m8[0;1;30;90;42m;tt[0;31;5;41;101m8[0;1;37;97;47m [0;37;5;47;107mt;;;;;;::[0;1;31;91;43m8[0;31;5;41;101mX@[0;33;5;41;101mX[0;31;5;41;101mXXX[0;33;5;41;101mXXS[0;37;5;47;107m       .[0;1;37;97;47m [0;32;5;40;100mS[0;1;30;90;42m8[0;31;5;41;101m8X@@@@@8[0;1;30;90;42m@8[0;1;30;90;47m@[0;37;5;47;107mt;;;;ttt[0;33;5;41;101m@[0;31;5;41;101m888888888[0;37;5;47;107m%%%%SSSSS[0;1;30;90;47m%[0;1;31;91;41m8[0;1;30;90;42m.[0;30;42m..8[0m
[0;30;42m8[0;1;30;90;42m;tt[0;1;31;91;41m8[0;31;5;41;101m8[0;35;5;41;101m8[0;1;37;97;47mS[0;37;5;47;107m;;;;;::[0;1;37;97;47m [0;33;5;41;101mX[0;31;5;41;101mXX[0;33;5;41;101mXXXXS[0;1;30;90;47m8[0;37;5;47;107m         %[0;1;30;90;47m8[0;31;5;41;101m@XXX@@@8[0;1;30;90;47m8[0;37;5;47;107m@;;;;;;ttt[0;1;37;97;47m [0;31;5;41;101m@8888888[0;1;31;91;43m8[0;37;5;47;107m%%%%SSS[0;1;37;97;47m%[0;31;5;41;101m8[0;1;31;91;41m88[0;1;30;90;42m..[0;30;42m.8[0m
[0;30;42m8[0;1;30;90;42mttt[0;31;5;41;101m8888[0;1;30;90;47m8[0;37;5;47;107mX;;::::[0;1;30;90;47mS[0;33;5;41;101mSX[0;31;5;41;101mX[0;33;5;41;101mXSS[0;1;30;90;47m8[0;37;5;47;107mt           8[0;1;30;90;47m8[0;31;5;41;101mXXX@[0;35;5;41;101mX[0;1;37;97;47mX[0;37;5;47;107m:::;;;;t;ttt[0;1;30;90;47m8[0;31;5;41;101m@888888[0;37;5;47;107m8%%%%%8[0;1;30;90;47m8[0;1;31;91;41m8888[0;1;30;90;42m..[0;30;42m.8[0m
[0;30;42m8[0;1;30;90;42mttt[0;31;5;41;101m888888[0;1;37;97;47m [0;37;5;47;107m;:::..8[0;1;30;90;47m8[0;31;5;41;101mX[0;33;5;41;101mSX[0;1;37;97;47m [0;37;5;47;107m.   [0;1;37;97;47m. @[0;1;30;90;47mX[0;1;37;97;47m:;[0;37;5;47;107m8    [0;1;37;97;47m.[0;31;5;41;101mXX[0;1;37;97;47m [0;37;5;47;107m:::::[0;1;30;90;47mt@[0;1;37;97;47m;[0;1;30;90;47m8t[0;1;37;97;47m S[0;37;5;47;107mttt[0;1;37;97;47mX[0;33;47m8[0;31;5;41;101m8@8[0;1;30;90;47mX[0;37;5;47;107m%%%%%S[0;1;30;90;47mX[0;1;31;91;41m888888[0;1;30;90;42m..[0;30;42m.8[0m
[0;30;42m8[0;1;30;90;42mtt%[0;1;30;90;43mS[0;1;31;91;41mX[0;31;5;41;101m8888[0;1;31;91;41m8[0;33;5;40;100mt[0;1;37;97;47mS[0;37;5;47;107m::... 8[0;1;37;97;47m [0;37;5;47;107m8   ;[0;1;30;90;47m;S[0;1;30;90;43m8[0;33;5;40;100m%[0;1;30;90;43m88[0;1;30;90;47m8[0;1;37;97;47m;[0;37;5;47;107m.    t%...:%[0;1;30;90;47m@[0;1;30;90;43m88@XS8[0;1;37;97;47m [0;37;5;47;107mttttt[0;1;37;97;47m;[0;1;30;90;47m8[0;1;37;97;47mX[0;37;5;47;107mtt%%%[0;1;37;97;47mt[0;33;5;40;100mX[0;1;31;91;41mS8888t[0;33;42m8[0;1;30;90;42m..[0;30;42m.8[0m
[0;30;42m8[0;1;30;90;42mtt%%S[0;1;30;90;43mS[0;1;31;91;41m8[0;31;5;41;101m8[0;1;30;90;43m@[0;1;30;90;42m@@8[0;1;30;90;47m8[0;37;5;47;107mX...       [0;33;47mS[0;33;5;41;101mSSS[0;1;31;91;43m8[0;1;30;90;43m8[0;33;5;41;101mXSS[0;1;37;97;47m [0;37;5;47;107m      ...:[0;33;47m8[0;31;5;41;101m@@@8888@[0;1;30;90;47m8[0;37;5;47;107mttttttttt%8[0;37;5;40;100m;[0;1;30;90;42m:::[0;1;30;90;43m:[0;1;31;91;41m@@[0;1;30;90;43m:[0;1;30;90;42m:....[0;30;42m8[0m
[0;32;40m8[0;1;30;90;42mtt%%%SXXX@@888[0;1;37;97;47m.[0;37;5;47;107m:.       [0;33;47m8[0;33;5;41;101mSSSSSSSS[0;33;47m8[0;37;5;47;107m      ...:[0;1;31;91;43m8[0;31;5;41;101mX@@@@888@[0;37;5;47;107mtttttttt%[0;1;30;90;47m;[0;1;30;90;42m%:::::S%......[0;32;40m@[0m
[0;30;41m%[0;33;41mX[0;33;42m8[0;1;30;90;42m%%%SSXX@@8[0;33;5;40;100m8[0;31;43m8[0;31;5;41;101m@[0;35;5;41;101mX[0;1;37;97;47m%[0;37;5;47;107m       [0;1;37;97;47mS[0;37;43m8[0;33;5;41;101mSSSSSSS[0;1;30;90;47m8[0;37;5;47;107m      ...:[0;1;37;97;47m:[0;33;5;41;101mX[0;31;5;41;101m@@@@@88[0;1;30;90;47m8[0;37;5;47;107mttttttt[0;1;37;97;47m;[0;31;5;41;101m8[0;1;31;91;41m8[0;33;41mS[0;33;42mX[0;1;30;90;42m::::......[0;33;42mS[0;33;41m%[0;30;41m%[0m
[0;30;41m%[0;31;5;41;101m88[0;31;43m8[0;1;30;90;42m%%SSXX@@[0;1;30;90;43m8[0;31;5;41;101m8@@XX[0;1;30;90;47m8[0;37;5;47;107mX      [0;1;37;97;47m [0;37;43m8[0;1;31;91;43m8[0;33;5;41;101mXSSS[0;1;30;90;47m8[0;37;5;47;107m;     .;..::[0;1;37;97;47m [0;33;5;41;101mX@[0;31;5;41;101m8@@8[0;37;5;40;100m [0;37;5;47;107mSttttt8[0;37;5;40;100m.[0;31;5;41;101m88[0;1;31;91;41m888[0;33;41m8[0;1;30;90;42m:::.....[0;33;41m8[0;1;31;91;41m88[0;30;41m%[0m
[0;30;41m%[0;31;5;41;101m888[0;1;30;90;42m%%SSSXX@[0;31;5;41;101m8@@@@XXX[0;1;30;90;47mS[0;37;5;47;107m:     %[0;1;37;97;47m [0;33;5;41;101mX[0;1;31;91;43m8[0;33;5;41;101mS[0;1;37;97;47m%[0;37;5;47;107m   :[0;1;30;90;47m%8[0;1;37;97;47m.[0;1;30;90;47m8[0;1;37;97;47m  @[0;37;5;47;107m:::@[0;1;30;90;47m8[0;31;5;41;101m8[0;33;5;41;101m@[0;31;5;41;101m@[0;1;37;97;47m [0;37;5;47;107mttttt%[0;1;30;90;47m8[0;31;5;41;101m8888[0;1;31;91;41m8888[0;1;30;90;42m:::.....[0;1;31;91;41m888[0;30;41m%[0m
[0;30;41mS[0;31;5;41;101m888[0;1;30;90;42m%%%SSXX@[0;31;5;41;101m8@@@@@XX[0;1;30;90;42m8[0;36;5;40;100m;[0;1;37;97;47mt[0;37;5;47;107m      8[0;1;37;97;47m [0;37;5;47;107m%   %[0;1;30;90;47m@[0;1;30;90;43m888888[0;1;37;97;47m [0;37;5;47;107mt::;;8[0;1;30;90;47mX[0;37;5;47;107m8;tttt[0;1;37;97;47m.[0;1;30;90;42m8;[0;31;5;41;101m888[0;1;31;91;41m88888[0;1;30;90;42m::......[0;1;31;91;41m888[0;30;41mS[0m
[0;30;41m8[0;31;5;41;101m888[0;1;30;90;42m%%%SSSXX[0;31;5;41;101m88@@@@@X[0;1;30;90;42m888[0;1;30;90;47m8[0;37;5;47;107m8          [0;33;47m8[0;33;5;41;101mX[0;31;5;41;101mX[0;33;5;41;101mXX8[0;31;5;41;101m@XX[0;1;30;90;47m8[0;37;5;47;107m:;;;;;;ttt[0;1;37;97;47m8[0;36;5;40;100m.[0;1;30;90;42m;;;[0;31;5;41;101m888[0;1;31;91;41m88888[0;1;30;90;42m::......[0;1;31;91;41m888[0;30;41m8[0m
[0;31;40mX[0;31;5;41;101m888[0;1;30;90;42m%%%%SSSX[0;31;5;41;101m888@@@@@[0;32;5;40;100m8[0;1;30;90;42m8888[0;1;37;97;47m [0;37;5;47;107m        .[0;33;47m8[0;33;5;41;101mX[0;31;5;41;101mX[0;33;5;41;101mXX[0;31;5;41;101mX@X@[0;33;5;41;101m@[0;37;5;47;107m;;;;;;;tt[0;1;30;90;47m%[0;1;30;90;42m%;;;[0;33;42mS[0;31;5;41;101m888[0;1;31;91;41m88888[0;1;30;90;42mS:.....%[0;1;31;91;41m888[0;31;40m@[0m
 [0;1;31;91;41m8[0;31;5;41;101m88[0;1;31;91;41m8[0;1;30;90;43m%[0;1;30;90;42m%%%S[0;1;30;90;43mX[0;1;31;91;41m8[0;31;5;41;101m8888@@@@8[0;1;30;90;43m8[0;1;30;90;42m88[0;1;37;97;47m [0;37;5;47;107m:.........[0;1;37;97;47mS[0;33;5;41;101mS[0;31;5;41;101mX@XXX@@[0;1;30;90;47m8[0;37;5;47;107m;;;;;;ttt%[0;1;30;90;47mX[0;1;30;90;42mX;[0;1;30;90;43m;[0;1;31;91;41m8[0;31;5;41;101m88[0;1;31;91;41m888888@[0;1;30;90;43m:[0;1;30;90;42m:..:[0;31;43m8[0;1;31;91;41m@888[0m 
 [0;1;31;91;41m;[0;31;5;41;101m8888[0;1;31;91;41m@[0;1;30;90;43m%S[0;1;31;91;41mX[0;31;5;41;101m88888888@@@@[0;1;30;90;47m8[0;37;5;47;107mX......:S...:[0;1;37;97;47m [0;33;5;41;101mXX[0;31;5;41;101m@[0;33;5;41;101mX[0;31;5;41;101m@@[0;1;30;90;47m8[0;37;5;47;107mt;;;;;t8tttt@[0;1;30;90;47m8[0;31;5;41;101m888[0;1;31;91;41m888888888%[0;33;42m88[0;1;31;91;41m%8888t[0m 
 [0;30;41mX[0;31;5;41;101m888888888888[0;1;31;91;41m@[0;1;30;90;43mXX[0;1;31;91;41m@[0;31;5;41;101m88[0;35;5;41;101m@[0;1;37;97;47mS[0;37;5;47;107m::::@[0;1;30;90;47m88%[0;33;5;40;100m [0;1;30;90;47mtt[0;1;37;97;47m@[0;37;5;47;107m:::%[0;1;37;97;47m [0;31;5;41;101m@@[0;33;5;41;101m@[0;1;37;97;47mS[0;37;5;47;107m;;;8[0;1;30;90;47m8[0;36;5;40;100m [0;1;30;90;47m8[0;33;5;40;100mt[0;1;30;90;47m@@[0;1;37;97;47m%[0;37;5;47;107mtttt[0;1;37;97;47m%[0;31;5;41;101m88[0;1;31;91;41m8S[0;33;42m8[0;32;43m8[0;1;31;91;41mS888888888888[0;30;41m%[0m 
  [0;1;30;90;43m;[0;1;31;91;41m8[0;31;5;41;101m888888888[0;1;30;90;43mS[0;1;30;90;42mSSXX[0;1;30;90;43m8[0;1;37;97;47m [0;37;5;47;107m;;:::8[0;1;30;90;47m8[0;1;30;90;43m888888[0;33;47mX[0;37;5;47;107mS::;;8[0;1;37;97;47m [0;37;5;47;107mS;;;8[0;33;5;40;100m.[0;1;30;90;43m8X%t[0;33;41m88[0;33;47m8[0;37;5;47;107m@tttt%[0;1;30;90;47mS[0;1;30;90;43mX[0;1;30;90;42m::::[0;31;43m8[0;1;31;91;41m888888888X[0;33;41m8[0;32;40m;[0m 
  [0;30;42mX[0;33;42m%[0;1;31;91;41m8[0;31;5;41;101m8888888[0;1;30;90;42m%%%SS[0;1;30;90;47m8[0;37;5;47;107mX;;;;;;[0;37;43m8[0;31;5;41;101m@@@@@8@@[0;1;30;90;47m8[0;37;5;47;107m;;;;;;;;;;[0;37;43m@[0;31;5;41;101m88888888[0;35;5;40;100m.[0;37;5;47;107mtttt%%@[0;37;5;40;100m%[0;1;30;90;42m::::[0;33;42m%[0;1;31;91;41m88888888[0;1;30;90;42mS[0;30;42mS[0m  
  [0;32;40mt[0;1;30;90;42m:[0;1;31;91;41m8[0;31;5;41;101m8888888[0;1;30;90;42m%%%[0;36;5;40;100m%[0;1;37;97;47m%[0;37;5;47;107m;;;;;;;;[0;1;31;91;43m8[0;31;5;41;101m@8@@@@@@[0;33;5;41;101m@[0;37;5;47;107m;;;;;;;;tt[0;33;5;41;101m@[0;31;5;41;101m@88888888[0;37;5;47;107mttt%%%%%[0;1;37;97;47m%[0;32;5;40;100mX[0;1;30;90;42m:.:[0;1;31;91;41m88888888[0;30;42m.[0;32;40m%[0m  
   [0;30;42m@[0;1;31;91;41m8[0;31;5;41;101m8888888[0;1;30;90;42mt8[0;1;37;97;47m [0;37;5;47;107mtttt;;;;;;[0;1;37;97;47mX[0;33;5;41;101m@[0;31;5;41;101m@8@8@@@[0;1;30;90;47m8[0;37;5;47;107m;;;;;ttttt[0;1;37;97;47mS[0;33;5;41;101m8[0;31;5;41;101m8888888[0;1;30;90;47m8[0;37;5;47;107mtt%%%%%%SS[0;1;30;90;47mt[0;1;30;90;42m@:[0;1;31;91;41m88888888[0;30;42m@[0m   
    [0;1;31;91;41mX[0;31;5;41;101m8888888[0;1;30;90;47m8[0;37;5;47;107mXtttttt%8tt;;[0;1;37;97;47m [0;33;5;41;101m@[0;31;5;41;101m@8[0;33;5;41;101m@[0;31;5;41;101m8@[0;1;30;90;47m8[0;37;5;47;107mtttttttttttt[0;1;37;97;47m [0;33;5;41;101m8[0;31;5;41;101m88@88[0;1;30;90;47m8[0;37;5;47;107m%%%%%%X[0;1;37;97;47m8[0;37;5;47;107mSSSS@[0;1;30;90;47m8[0;1;31;91;41m8888888S[0m    
    [0;31;40m8[0;1;31;91;41m8[0;31;5;41;101m8888[0;35;5;41;101m8[0;1;37;97;47mS[0;37;5;47;107mtttS[0;1;37;97;47mS[0;37;5;40;100m;[0;33;5;40;100m.[0;1;30;90;47m8[0;32;5;40;100mX[0;1;30;90;47m@X[0;1;37;97;47mS[0;37;5;47;107mttt%[0;1;37;97;47m [0;31;5;41;101m88[0;33;5;41;101m8[0;1;37;97;47mX[0;37;5;47;107mttttt8[0;1;30;90;47m8[0;35;5;40;100m [0;37;5;47;107m8ttttt%[0;1;37;97;47m [0;31;5;41;101m888[0;1;37;97;47mS[0;37;5;47;107m%%S[0;1;37;97;47m%[0;36;5;40;100m [0;33;5;40;100m;[0;1;30;90;47m8[0;1;30;90;42m8[0;1;30;90;47m88[0;1;37;97;47mt[0;37;5;47;107mSSSX[0;1;37;97;47m%[0;31;5;41;101m8[0;1;31;91;41m8888@[0;31;40m8[0m    
     [0;31;40mS[0;33;41mX[0;1;31;91;41m8[0;31;5;41;101m8[0;1;37;97;47m [0;37;5;47;107mttttt[0;1;37;97;47m@[0;1;30;90;43m8[0;31;43m88[0;33;41m8[0;31;43mX[0;33;41m8@[0;33;47m8[0;37;5;47;107m8tttt@[0;1;37;97;47m:[0;37;5;47;107m%tttt%[0;1;30;90;47m8[0;33;41m@[0;31;5;41;101m88[0;33;41mX[0;1;30;90;47m8[0;37;5;47;107mSttttt@[0;1;37;97;47m.[0;37;5;47;107mS%%%[0;1;37;97;47mX[0;1;30;90;43m8[0;31;43m8[0;33;41m88[0;31;43m8[0;33;41m@S[0;1;30;90;43m8[0;1;37;97;47m8[0;37;5;47;107mSXXXX[0;1;37;97;47m [0;1;31;91;41m88[0;33;41m%[0;31;40mS[0m     
      [0;30;42m8[0;1;30;90;47mS[0;37;5;47;107mX%ttttt[0;1;31;91;43m8[0;31;5;41;101m88888888[0;35;5;41;101m8[0;37;5;47;107mtttttttttt[0;1;37;97;47m.[0;1;30;90;42m8;;[0;1;30;90;43mt;[0;1;30;90;42m;;8[0;1;37;97;47m [0;37;5;47;107mtttt%%%%%%[0;1;31;91;43m8[0;31;5;41;101m8[0;1;31;91;41m8[0;31;5;41;101m888[0;1;31;91;41m8[0;31;5;41;101m8[0;1;31;91;41m8[0;31;5;41;101m8[0;37;5;47;107mXXXXX@8[0;1;30;90;47mX[0;30;42m@[0m      
       [0;1;30;90;47mX[0;37;5;47;107m%%%%ttt[0;33;5;41;101m8[0;31;5;41;101m888888888[0;37;5;47;107mtttttttt8[0;33;5;40;100m:[0;1;30;90;42m;;;:::::::[0;33;5;40;100mt[0;1;37;97;47m@[0;37;5;47;107m%%%%%%%%[0;33;5;41;101m8[0;31;5;41;101m8[0;1;31;91;41m8[0;31;5;41;101m888[0;1;31;91;41m888[0;31;5;41;101m8[0;37;5;47;107mXXXX@@@[0;1;30;90;47m%[0m       
        [0;1;30;90;47m8[0;37;5;47;107m%%%%%%[0;1;37;97;47m@[0;31;5;41;101m88888888[0;1;30;90;47m8[0;37;5;47;107mttttttX[0;1;30;90;47m8[0;31;5;41;101m8[0;1;31;91;41mS[0;33;42m8[0;1;30;90;42m::::::::[0;33;42m8[0;1;31;91;41m%8[0;1;30;90;47m8[0;37;5;47;107m8%%%%%S[0;1;37;97;47mX[0;31;5;41;101m888[0;1;31;91;41m88888[0;1;30;90;47m8[0;37;5;47;107mXX@@@@[0;1;30;90;47mX[0m        
         [0;37;5;40;100mX[0;37;5;47;107m%%%%%%[0;1;37;97;47m:[0;33;5;41;101m8[0;31;5;41;101m88888[0;1;30;90;47m8[0;37;5;47;107mtttttt[0;1;37;97;47m [0;31;5;41;101m88888[0;1;30;90;42m;:::::::[0;1;31;91;41m8888[0;31;5;41;101m8[0;1;37;97;47m [0;37;5;47;107mS%SSSS[0;1;37;97;47m.[0;33;5;41;101m8[0;1;31;91;41m88[0;31;5;41;101m8[0;1;31;91;41m88[0;1;30;90;47m8[0;37;5;47;107mXX@@@@[0;37;5;40;100mX[0m         
          [0;36;5;40;100m;[0;37;5;47;107m8%%%%%%[0;1;37;97;47m [0;31;5;41;101m88[0;33;5;41;101m8[0;1;37;97;47m8[0;37;5;47;107m%%%%%[0;1;37;97;47mS[0;31;5;41;101m8[0;1;31;91;41m888888[0;1;30;90;42m::::::::[0;1;31;91;41m888888[0;31;5;41;101m8[0;1;37;97;47m;[0;37;5;47;107mSSSSSX[0;1;37;97;47m [0;1;31;91;41m88[0;31;5;41;101m8[0;1;37;97;47mX[0;37;5;47;107mX@@@@[0;1;37;97;47m8[0;36;5;40;100m:[0m          
            [0;1;37;97;47m:[0;37;5;47;107mS%%%%%X[0;1;37;97;47mS[0;37;5;47;107m%%%%%8[0;37;5;40;100m%[0;1;31;91;41m88888888[0;1;30;90;42m::::::::[0;1;31;91;41m88888888[0;33;5;40;100m [0;1;37;97;47m8[0;37;5;47;107mSSXXX8[0;1;37;97;47mt[0;37;5;47;107m@@@@@@[0;1;37;97;47m;[0m            
             [0;37;5;40;100m@[0;37;5;47;107mXSSS%%%%%%S[0;1;30;90;47mS[0;1;30;90;42mS:[0;1;31;91;41m88888888[0;1;30;90;42m;:::::::[0;1;31;91;41m88888888[0;1;30;90;42m:t[0;1;30;90;47m8[0;37;5;47;107mXXXXX@@@@@8[0;37;5;40;100m8[0m             
              [0;30;5;40;100m8[0;1;37;97;47m;[0;37;5;47;107mSSSSSSS[0;1;37;97;47m;[0;1;30;90;42m8:[0;33;42m%[0;33;41mX[0;1;31;91;41m88888888[0;33;41mS[0;33;42mS[0;1;30;90;42m....[0;33;42mS[0;33;41mX[0;1;31;91;41m88888888[0;33;41mS[0;33;42m%[0;1;30;90;42m.8[0;1;37;97;47m [0;37;5;47;107mX@@@@@@[0;1;37;97;47m:[0;30;5;40;100m8[0m              
                [0;36;5;40;100m [0;1;37;97;47m8[0;37;5;47;107mSSS8[0;37;5;40;100mS[0;1;30;90;42mtt[0;33;41m8[0;1;31;91;41m888888888888[0;33;41m8[0;1;30;90;42mtt[0;33;41m8[0;1;31;91;41m88888888888@[0;33;41m8[0;1;30;90;42m;;[0;33;5;40;100m;[0;1;37;97;47mX[0;37;5;47;107m@@@[0;1;37;97;47m8[0;36;5;40;100m [0m                
                  [0;37;5;40;100m8[0;37;5;47;107m8[0;1;30;90;47m8[0;1;31;91;41m88XX888888[0;33;41m@@[0;1;31;91;41m888888XX888888[0;33;41m@@[0;1;31;91;41m888888SS@8[0;1;30;90;47m8[0;37;5;47;107m8[0;37;5;40;100m8[0m                  
                    [0;30;41mt[0;1;31;91;41m@8888888[0;33;41m%[0;33;42m@[0;1;30;90;42m..[0;33;42m@[0;33;41mt[0;1;31;91;41m8888888888[0;33;41mt[0;33;42m@[0;30;42m..[0;33;42m@[0;33;41mt[0;1;31;91;41m8@@@@@@X[0;30;41mt[0m                    
                      [0;30;41m%[0;1;31;91;41mX8888[0;1;30;90;43m.[0;1;30;90;42m......[0;1;30;90;43m.[0;1;31;91;41m@8888888[0;1;30;90;43m.[0;30;42m.....:[0;1;30;90;43m.[0;1;31;91;41m@@@@X[0;30;41m%[0m                      
                        [0;30;41m@[0;1;31;91;41m%88[0;1;30;90;42m.[0;30;42m.......[0;1;31;91;41mX888888@[0;30;42m....::::[0;1;31;91;41m@@%[0;30;41m@[0m                        
                          [0;31;40m@[0;30;41m.[0;30;42m:.......[0;1;31;91;41mX@@@@@@@[0;30;42m::::::::[0;30;41m.[0;31;40m8[0m                          
                             [0;32;40m8[0;30;42mS:.:::[0;1;31;91;41mX@@@@@@@[0;30;42m:::::S[0;32;40m8[0m                             
                                [0;32;40m8[0;30;42m%::[0;1;31;91;41mt@@@@@@%[0;30;42m::%[0;32;40m8[0m                                
                                   [0;32;40m@[0;30;42m@[0;33;41m8[0;1;31;91;41mX@@X[0;33;41m8[0;30;42m@[0;32;40m8[0m                                   
                                      [0;31;40mt[0;30;41mS%[0;31;40mt[0m                                      
