[0;32;40m@[0;30;42mSSSSSSSSSSSS%%%%%%%%%%%%%%%%%%%%%%%%%%%%%%%%SSSSSSSSSSSSSSSSSSSSSXXXXXXXXXXXXX[0;32;40mX[0m
[0;30;42m8[0;1;30;90;42m:::::::::::;;;;;;;ttttttttttttttttttttt;;;;;;;::::::::::::::.........[0;30;42m.....::::[0;32;40m8[0m
[0;30;42m8[0;1;30;90;42m:::::::::;;;;;tttttttS[0;1;30;90;43m8[0;1;30;90;42m%%%%%%%%%%%%%ttttttt;;;;;::::::::::::::........[0;30;42m.....:::[0;32;40m8[0m
[0;30;42m8[0;1;30;90;42m:::::::;;;;;ttttt%%%S[0;1;33;93;47m8[0;37;5;43;103mt[0;37;43m@[0;1;30;90;42m%SSSSSSS%%%%%%%%ttttt;;;;;:::::::::::::........[0;30;42m.....::[0;32;40m8[0m
[0;30;42m8[0;1;30;90;42m:::::;;;;ttttt%%%%%S[0;33;47m8[0;37;5;43;103mttt[0;1;30;90;43m8[0;1;30;90;42mSSSSSSSSSSSSS%%%%%tttt;;;;;::::::::::::........[0;30;42m.....:[0;32;40m8[0m
[0;30;42m8[0;1;30;90;42m:::;;;;;tttt%%S[0;32;43m@[0;1;30;90;43m%[0;1;33;93;43mXXX[0;37;5;43;103mXS;X[0;33;5;43;103mX[0;1;33;93;43mXXX[0;1;30;90;43mX[0;32;43m8[0;1;30;90;42mXXXXXXSSSSS%%%%tttt;;;;::::::::::::........[0;30;42m....:[0;32;40m8[0m
[0;30;42m8[0;1;30;90;42m::;;;;tttt%%[0;33;42m@[0;1;30;90;43m%[0;33;5;43;103m%X[0;1;30;90;43mS[0;33;5;43;103mX;::;[0;37;5;43;103m@[0;33;5;43;103m:::;[0;1;33;93;43mSS[0;33;5;43;103m%X[0;1;30;90;43m@[0;1;30;90;42m@@@XXXXXSSS%%%%tttt;;;;:::::::::::........[0;30;42m....8[0m
[0;30;42m8[0;1;30;90;42m:;;;;ttt%%[0;33;42m%[0;1;30;90;43m%[0;33;5;43;103m%[0;1;33;93;43m@[0;1;30;90;43mSS[0;33;5;43;103mt:::::[0;37;5;43;103m@[0;33;5;43;103m:::::S[0;1;30;90;43m8[0;1;33;93;43mt[0;33;5;43;103mX%[0;1;30;90;43m@[0;1;30;90;42m@@@@XXXXSSS%%%%ttt;;;;:::::::::::.......[0;30;42m....8[0m
[0;30;42m8[0;1;30;90;42m;;;;ttt%%[0;33;42mS[0;33;5;43;103m8[0;1;33;93;43mS%X[0;33;5;43;103mt;[0;1;33;93;43m8[0;33;5;43;103m:::::[0;37;5;43;103mX[0;33;5;43;103m:::::8:tX[0;1;33;93;43mS[0;33;5;43;103mX[0;1;33;93;43m@[0;1;30;90;42m88@@@@XXXSSS%%%ttt;;;;::::::::::........[0;30;42m...8[0m
[0;30;42m8[0;1;30;90;42m;;;tt%[0;33;42mX8[0;32;43m8[0;1;33;93;43mSS[0;33;5;43;103m;::::[0;1;30;90;43m@[0;1;33;93;43mt[0;33;5;43;103m;%%SXStt;[0;1;33;93;43m%8[0;37;5;43;103m%%%%[0;33;5;43;103m;@[0;1;30;90;43m888[0;1;30;90;42m88@@@XXSSS%%%ttt;;;:::::::::::........[0;30;42m..8[0m
[0;30;42m8[0;1;30;90;42m;;tt[0;1;30;90;43m8[0;37;5;43;103mXttt@[0;33;5;43;103mt:::::t%;.[0;37;5;43;103m%%[0;33;5;43;103m@[0;37;5;43;103mSSS[0;33;5;43;103mtt[0;37;5;43;103mSSSSSS[0;33;5;43;103m;[0;37;5;43;103mt:::X[0;1;30;90;43m8[0;1;30;90;42m@@@XXSSS%%%ttt;;;::::::::::........[0;30;42m..8[0m
[0;30;42m8[0;1;30;90;42m;ttt%[0;1;30;90;43m8[0;37;5;43;103m8ttSXSS[0;33;5;43;103m::St.[0;37;5;43;103m%%X8[0;1;33;93;47m8[0;37;5;43;103m@XSSS[0;33;5;43;103m%[0;37;5;43;103mXSXXXS;.:[0;1;33;93;47m8[0;1;30;90;43m8[0;1;30;90;42m888@@XXSSS%%%ttt;;;::::::::::.......[0;30;42m..8[0m
[0;30;42m8[0;1;30;90;42m;ttt%%X[0;37;43mX[0;33;5;43;103mS;::;[0;37;5;43;103mS[0;33;5;43;103m;[0;1;33;93;43mt[0;33;5;43;103m;S[0;37;5;43;103mS[0;1;33;93;47m8XX@XS[0;37;5;43;103mXX@X[0;33;5;43;103m@[0;37;5;43;103m@XXXSS@[0;1;30;90;43m8[0;1;30;90;42m888888@@XXSSS%%ttt;;;::::::::::........[0;30;42m.8[0m
[0;30;42m8[0;1;30;90;42mttt%%%S[0;1;33;93;43m8S[0;33;5;43;103m:::::S;[0;37;5;43;103m%S8[0;1;33;93;47mX[0;37;5;43;103m.[0;1;37;97;47m8[0;37;5;47;107m:[0;1;37;97;47m8[0;37;5;43;103m;[0;1;37;97;47m8[0;37;5;43;103m@XXXXXXXXX[0;1;33;93;43m@[0;37;43mS[0;1;30;90;42m8888888@@XXSS%%%tt;;;;::::::::::.......[0;30;42m.8[0m
[0;30;42m8[0;1;30;90;42mttt%%SS[0;33;5;43;103mS[0;1;30;90;43mX[0;33;5;43;103m%::::t[0;37;5;43;103m%SS@[0;1;37;97;47m8[0;37;5;43;103mt[0;1;37;97;47m8[0;37;5;47;107m:[0;1;37;97;47m8[0;1;33;93;47m@[0;1;37;97;47m8[0;37;5;43;103m@@X@@XXXX[0;33;5;43;103m%X[0;1;33;93;43m8[0;1;30;90;42m8888888@@XXSSS%%ttt;;;::::::::::.......[0;30;42m.8[0m
[0;30;42m8[0;1;30;90;42mtt%%%SS[0;1;33;93;43m8[0;33;5;43;103mS[0;1;30;90;43mX[0;33;5;43;103mS:[0;1;33;93;43mXSt[0;33;5;43;103m%[0;37;5;43;103mSSS8[0;1;33;93;47m@[0;1;37;97;47m88[0;1;33;93;47mSX[0;37;5;43;103m8XX@@[0;1;33;93;47m8[0;37;43m@[0;37;5;43;103m@X[0;33;5;43;103mS[0;37;43mX[0;37;5;43;103mX[0;1;30;90;43m8[0;1;30;90;42m88888888@@XXSS%%ttt;;;::::::::::.......[0;30;42m.8[0m
[0;30;42m8[0;1;30;90;42mtt%%%SS[0;1;30;90;43mX[0;33;5;43;103m:[0;1;33;93;43mX[0;1;30;90;43m@[0;33;5;43;103m:::[0;37;5;43;103m%[0;33;5;43;103m;%[0;37;5;43;103mSX[0;33;5;43;103mS[0;37;5;43;103mXX@X@8@88@XXX@[0;37;43m@[0;37;5;43;103m@X[0;33;5;40;100m@[0;1;30;90;42m88888888@@XXSS%%ttt;;;::::::::::........[0;30;42m8[0m
[0;30;42m8[0;1;30;90;42mtt%%%SSX[0;1;33;93;43mX[0;33;5;43;103mt[0;1;30;90;43m@[0;33;5;43;103m:::[0;37;5;43;103m%SSX[0;33;5;43;103m@[0;37;5;43;103mXXX@XX888XXXXX@[0;37;43m@[0;37;5;43;103mX[0;1;30;90;43m8[0;1;30;90;42m888888888@@XXSS%%%tt;;;::::::::::........[0;30;42m8[0m
[0;30;42m8[0;1;30;90;42mtt%%%SSX@[0;1;33;93;43m8X[0;33;5;43;103m%::[0;37;5;43;103m%SXXSXXX[0;37;43m@[0;37;5;43;103m@@@XXSXXXX@@[0;37;43m@[0;32;5;40;100mX[0;1;30;90;42m888888888@@[0;1;30;90;43m88[0;1;30;90;42mSS%%ttt;;;::::::::::........[0;30;42m8[0m
[0;30;42m8[0;1;30;90;42mtt%%%SSXX@[0;1;30;90;43m@[0;1;33;93;43m@[0;33;5;43;103m%:[0;37;5;43;103mXXSSSXXX[0;1;30;90;43m8[0;37;5;43;103mXXXXXXSX@@[0;37;43m@[0;1;30;90;43m8[0;32;5;40;100mX[0;1;30;90;42m888888888@@[0;1;30;90;43m8[0;37;5;43;103m;t[0;37;43m@[0;1;30;90;42mS%%ttt;;;::::::::::.......[0;30;42m.8[0m
[0;30;42m8[0;1;30;90;42mttt%%SSSXX@[0;37;43m@[0;37;5;43;103m;;:SSSSSXXXXXXXX@S.[0;1;33;93;47mS[0;37;5;43;103m.[0;1;30;90;43m8[0;32;5;40;100mX[0;1;30;90;42m8888888888[0;33;42m@[0;1;30;90;43m8[0;37;5;43;103mt;tt[0;1;30;90;43m8[0;33;42mS[0;1;30;90;42m%ttt;;;::::::::::.......[0;30;42m.8[0m
[0;32;40m8[0;1;30;90;42mttt%%%SSXX@[0;1;33;93;47m8[0;37;5;43;103m;::8[0;33;5;43;103m@SSX[0;1;33;93;43mS[0;37;43mXXX[0;1;33;93;43mX[0;33;5;43;103mX[0;37;5;43;103mXX@[0;1;33;93;47m@[0;37;5;43;103m...[0;33;47m8[0;1;30;90;42m8888888[0;1;30;90;43m8[0;1;33;93;43mX[0;33;5;43;103m8@XSt[0;37;5;43;103mSS[0;33;5;43;103mtSX[0;1;33;93;43mX8S[0;32;43mS[0;33;42mt[0;1;30;90;42m;;:::::::::........[0;30;42m.[0;32;40m8[0m
[0;32;40m@[0;1;30;90;42m;ttt%%SSSXX[0;1;33;93;47m88[0;37;43m@[0;32;43m8[0;1;30;90;42m88[0;1;30;90;43m8[0;1;33;93;43m%[0;33;5;43;103m8@S[0;37;5;43;103mXX[0;33;5;43;103m@8[0;37;43mX[0;1;30;90;43m8[0;1;30;90;42m88[0;1;30;90;43m8[0;33;47m8[0;1;33;93;47m88[0;1;30;90;42m8888[0;33;42m8[0;1;30;90;43m8[0;33;5;43;103mt%[0;1;33;93;43m%S[0;33;5;43;103m::::tt;;;;[0;1;33;93;43mt[0;1;30;90;43m;[0;33;5;43;103mX%[0;1;30;90;43m:[0;33;42m%[0;1;30;90;42m:::::::::........[0;30;42m.[0;32;40m@[0m
[0;32;40m%[0;1;30;90;42m;ttt%%%SSSXX@@88888888888888888888888[0;1;30;90;43m8[0;33;5;43;103mtX[0;1;30;90;43m88[0;33;5;43;103mS::::;tt;;;;;X[0;1;30;90;43m;:[0;1;33;93;43mX[0;33;5;43;103mS[0;1;30;90;43m:[0;1;30;90;42m::::::::.......[0;30;42m..[0;32;40mS[0m
 [0;1;30;90;42m;;ttt%%%SSSXX@@@88888888888888888888[0;1;30;90;43m8[0;33;5;43;103mX@%;:8[0;1;33;93;43mX[0;33;5;43;103m;:;;tt;;;t[0;1;33;93;43mSX[0;33;5;43;103m;%X[0;1;33;93;43m%S[0;1;30;90;43m:[0;1;30;90;42m::::::........[0;30;42m..[0m 
 [0;30;42mt[0;1;30;90;42m;;ttt%%%SSSXXX@@@8888888888888[0;1;30;90;43m88[0;37;43m@88[0;33;5;43;103mXt::::;[0;1;33;93;43mX;[0;33;5;43;103mt%X[0;1;33;93;43mXX[0;33;5;43;103mXS%[0;1;33;93;43m;S[0;33;5;43;103m%;;;;%[0;1;33;93;43m@[0;1;30;90;43m888[0;32;43m8[0;33;42mS[0;1;30;90;42m:.......[0;30;42m..t[0m 
 [0;32;40m8[0;1;30;90;42m;;;ttt%%%SSSXXXX@@@88888888888[0;1;33;93;47m8[0;37;5;43;103m:::;X[0;33;5;43;103m:::::%%tt;;@@;;tt%S;;;;t%[0;37;5;43;103mSSSS[0;37;43m@[0;33;42m;[0;1;30;90;42m.......[0;30;42m..8[0m 
  [0;1;30;90;42m:;;;tttt%%%SSSXXXX@@@@@@8888888[0;1;30;90;43m8[0;37;5;43;103m8;S@XSS[0;33;5;43;103m;;[0;1;33;93;43m%[0;33;5;43;103m;;;%[0;37;5;43;103m888@[0;33;5;43;103m%;;;[0;1;33;93;43mt[0;33;5;43;103mtt%%%%[0;37;5;43;103mXS8[0;1;30;90;43m8[0;1;30;90;42m:.......[0;30;42m...[0;32;40m;[0m 
  [0;30;42mX[0;1;30;90;42m:;;;tttt%%%%SSSSXXXXXX@@@@@@@@@@[0;33;5;43;103m8S::;;tX[0;1;33;93;43mS[0;33;5;43;103m@@%[0;1;33;93;47m8[0;37;5;43;103m8@@8[0;1;33;93;47m8[0;33;5;43;103mS[0;1;33;93;43mX8SX[0;33;5;43;103mttttt[0;1;33;93;43m@8[0;1;30;90;42m::........[0;30;42m..S[0m  
  [0;32;40mt[0;1;30;90;42m::;;;;tttt%%%%SSSSSSXXXXXXXXXXX[0;32;43m8[0;33;5;43;103mXX;;;;;[0;1;33;93;43m@[0;33;5;43;103m;;;[0;1;33;93;47m8[0;37;5;43;103m8@[0;1;37;97;47m88[0;1;33;93;47m8[0;37;5;43;103m8[0;1;33;93;47m8[0;33;5;43;103m;;;[0;1;33;93;43mS[0;33;5;43;103mtttttX[0;1;33;93;43mX[0;33;42m8[0;1;30;90;42m........[0;30;42m...[0;32;40m%[0m  
   [0;30;42m@[0;1;30;90;42m::;;;;;ttttt%%%%%SSSSSSSSSSSSS[0;32;43m8[0;33;5;43;103mt[0;1;30;90;43m%[0;33;5;43;103m%;;t%[0;1;33;93;43mX[0;33;5;43;103mtttS[0;1;33;93;47m8[0;37;5;43;103m8XX8[0;1;33;93;47m8[0;33;5;43;103mSttt[0;1;33;93;43mS[0;33;5;43;103mS%ttS[0;1;30;90;43m:[0;33;5;43;103mS[0;33;42m8[0;1;30;90;42m.......[0;30;42m...@[0m   
    [0;1;30;90;42m::::;;;;;tttttt%%%%%%%%%%%%%%%S[0;33;5;43;103m%@[0;1;30;90;43m%[0;33;5;43;103m%S[0;1;30;90;43mt[0;1;33;93;43mXX[0;33;5;43;103m%;;t[0;1;33;93;43m@[0;37;5;43;103m8888[0;1;33;93;43m@[0;33;5;43;103mt;t%[0;1;33;93;43mSX[0;1;30;90;43m:[0;33;5;43;103mXS[0;31;43m%[0;1;33;93;43mX[0;33;5;43;103mX[0;33;42m:[0;1;30;90;42m......[0;30;42m...;[0m    
    [0;32;40mS[0;1;30;90;42m:::::;;;;;;tttttttt%%%%%%%%%%%[0;1;30;90;43mt[0;33;5;43;103m;[0;1;30;90;43mt[0;1;33;93;43m;[0;33;5;43;103m;;;;S@[0;1;33;93;43mX8[0;33;5;43;103m%;tt;t[0;1;33;93;43m@XX[0;33;5;43;103mXtttt[0;1;33;93;43m;[0;1;30;90;43m:[0;33;5;43;103mt[0;1;30;90;43m.[0;1;30;90;42m......[0;30;42m...:[0;32;40mS[0m    
     [0;32;40m8[0;1;30;90;42m:::::::;;;;;;;tttttttttttttttt[0;1;33;93;43m8[0;33;5;43;103m8[0;1;33;93;43m:[0;33;5;43;103m;;;;;tS[0;1;33;93;43m%[0;33;5;43;103mXt%%tX[0;1;33;93;43m%[0;33;5;43;103mX%ttttt[0;1;33;93;43m:X8[0;1;30;90;42m......[0;30;42m....[0;32;40m8[0m     
      [0;30;42m8[0;1;30;90;42m:::::::::;;;;;;;;;;;;;;;;;;;;[0;33;42mt[0;1;33;93;43m@%[0;33;5;43;103m%;;;%t;tt%[0;1;33;93;43mtt[0;33;5;43;103m%%tt%%tttS[0;1;33;93;43m;@[0;33;42mt[0;1;30;90;42m.....[0;30;42m....8[0m      
       [0;30;42m@[0;1;30;90;42m::::::::::::;;;;;;;;;;;;;;;;;;[0;32;43m@[0;1;33;93;43m@[0;33;5;43;103mSt[0;37;5;43;103mS[0;33;5;43;103mt;;ttt[0;1;30;90;43m::[0;33;5;43;103mttttt%S%X[0;1;33;93;43m@[0;32;43m@[0;1;30;90;42m.....[0;30;42m.....@[0m       
        [0;30;42m8[0;1;30;90;42m:::::::::::::::::::::::::::::;[0;37;5;43;103m8%%X[0;33;5;43;103mStttt%SS%ttt%S[0;37;5;43;103m@XX8[0;33;42m;[0;1;30;90;42m....[0;30;42m.....8[0m        
         [0;32;40m8[0;1;30;90;42m::::::::::::::::::::::::::::[0;33;42m8[0;37;5;43;103m%%%8[0;1;30;90;43m%[0;1;33;93;43mSS%[0;1;30;90;43m......[0;1;33;93;43m%S%[0;1;30;90;43mt[0;1;33;93;43m8[0;37;5;43;103mXXX[0;32;43m8[0;1;30;90;42m..[0;30;42m.....:[0;32;40m8[0m         
          [0;32;40mS[0;1;30;90;42m:::::::::::::::::::::::::::[0;33;42m8[0;37;43mX[0;1;30;90;43m8[0;33;42mX[0;1;30;90;42m:::[0;33;42m@[0;32;43mS[0;1;30;90;43m:.....[0;32;43m%[0;33;42m@[0;1;30;90;42m...[0;33;42m%[0;1;30;90;43m@8[0;33;42m8[0;1;30;90;42m.[0;30;42m.....:[0;32;40mX[0m          
            [0;30;42m%[0;1;30;90;42m:::::::::::::::::::::::::::::::::::.............[0;30;42m......%[0m            
             [0;30;42m8[0;1;30;90;42m.::::::::::::::::::::::::::::................[0;30;42m......:8[0m             
              [0;32;40mt[0;30;42m%[0;1;30;90;42m.....::::::::::::::::...................[0;30;42m.......:%[0;32;40mt[0m              
                [0;32;40m@[0;30;42m:[0;1;30;90;42m...................................[0;30;42m........:;[0;32;40m@[0m                
                  [0;30;42m8[0;1;30;90;42m...............................[0;30;42m........:::8[0m                  
                    [0;30;42m8:[0;1;30;90;42m........................[0;30;42m.........::::8[0m                    
                      [0;32;40m8[0;30;42m:[0;1;30;90;42m................[0;30;42m............::::;8[0m                      
                        [0;32;40m8[0;30;42mt......................::::::t[0;32;40m8[0m                        
                          [0;32;40m%[0;30;42m@:..............:::::::::X[0;32;40mS[0m                          
                             [0;32;40m8[0;30;42mS:.::::::::::::::::S[0;32;40m8[0m                             
                                [0;32;40m8[0;30;42m%::::::::::::%[0;32;40m8[0m                                
                                   [0;32;40m@[0;30;42mX::::::X[0;32;40m8[0m                                   
                                      [0;32;40m%88S[0m                                      
