[0;32;40m@[0;30;42mSSSSSSSSSSSS%%%%%%%%%%%%%%%%%%%%%%%%%%%%%%%%SSSSSSSSSSSSSSSSSSSSSXXXXXXXXXXXXX[0;32;40mX[0m
[0;30;42m8[0;1;30;90;42m:::::::::::;;;;;;;ttttttttttttttttttttt;;;;;;;::::::::::::::.........[0;30;42m.....::::[0;32;40m8[0m
[0;30;42m8[0;1;30;90;42m:::::::::;;;;;ttttttt%%%%%%%%%%%%%%%ttttttt;;;;;::::::::::::::........[0;30;42m.....:::[0;32;40m8[0m
[0;30;42m8[0;1;30;90;42m:::::::;;;;;ttttt%[0;1;30;90;43m8[0;33;42mX[0;1;30;90;42m%%%%%SSSSSSS%%%%%%%%ttttt;;;;;::::::::[0;33;42m%[0;32;43m@[0;1;30;90;42m:::........[0;30;42m.....::[0;32;40m8[0m
[0;30;42m8[0;1;30;90;42m:::::;;;;ttttt%%%[0;1;30;90;43m8[0;37;5;43;103mt8[0;33;42m8[0;1;30;90;42mSSSSSSSSSSSSSSSSS%%%%%tttt;;;;;:::::[0;33;42mS[0;37;5;43;103m8S[0;1;30;90;43m8[0;1;30;90;42m:::........[0;30;42m.....:[0;32;40m8[0m
[0;30;42m8[0;1;30;90;42m:::;;;;;tttt%%%%[0;32;43m8[0;37;5;43;103mttt8[0;1;30;90;42m@XXXXXXXXXXXXXXSSSSS%%%%tttt;;;;:::;[0;37;5;43;103m8%%S[0;32;43m8[0;1;30;90;42m:::........[0;30;42m....:[0;32;40m8[0m
[0;30;42m8[0;1;30;90;42m::;;;;tttt%[0;33;42m8[0;1;30;90;43m%[0;1;33;93;43mSXX[0;33;5;43;103m8[0;37;5;43;103m@t%X[0;1;33;93;43m8X@%[0;1;30;90;43m@[0;33;42m@[0;1;30;90;42m@@@@@@@@XXXXXSSS%%%%tttt[0;33;42mt[0;32;43mS[0;1;30;90;43m:[0;1;33;93;43mS%X[0;33;5;43;103m%[0;37;5;43;103mX%X[0;1;33;93;43m8[0;1;30;90;43m...:[0;33;42m@[0;1;30;90;42m.......[0;30;42m....8[0m
[0;30;42m8[0;1;30;90;42m:;;;;ttt%[0;1;30;90;43m%[0;33;5;43;103m8%[0;1;33;93;43mSt[0;33;5;43;103mt:::[0;37;5;43;103m@[0;33;5;43;103m;:::%[0;1;30;90;43m@[0;33;5;43;103m@;[0;1;33;93;43m@[0;1;30;90;43m8[0;1;30;90;42m88888@@@@XXXXSSS%%%%[0;33;42m8[0;1;33;93;43m%[0;33;5;43;103m%[0;1;33;93;43m@[0;1;30;90;43m;[0;33;5;43;103mS;;;t[0;37;5;43;103mS[0;33;5;43;103mttt%[0;1;33;93;43m:[0;1;30;90;43m.[0;33;5;43;103mX[0;1;33;93;43m8[0;32;43m%[0;33;42m:[0;1;30;90;42m....[0;30;42m....8[0m
[0;30;42m8[0;1;30;90;42m;;;;ttt[0;32;43mX[0;33;5;43;103mXX[0;1;33;93;43m%[0;1;30;90;43mS[0;1;33;93;43mS[0;33;5;43;103m;::::[0;37;5;43;103m@[0;33;5;43;103m;:::::[0;1;33;93;43mt[0;1;30;90;43m8[0;33;5;43;103m@;8[0;32;43m8[0;1;30;90;42m888888@@@@XXXSSS[0;33;42mX[0;1;33;93;43m@[0;33;5;43;103m%[0;1;33;93;43mX[0;1;30;90;43mt;[0;33;5;43;103mt;;;;ttttttt[0;1;33;93;43mS[0;31;43mt[0;1;30;90;43m.[0;33;5;43;103m8@[0;32;43mX[0;1;30;90;42m....[0;30;42m...8[0m
[0;30;42m8[0;1;30;90;42m;;;ttt[0;1;30;90;43mt[0;33;5;43;103m@[0;1;33;93;43m%%[0;33;5;43;103mS;8%::::[0;37;5;43;103mX[0;33;5;43;103m:::.[0;37;5;43;103m%[0;33;5;43;103mX%;S[0;1;33;93;43mX@[0;33;5;43;103mX[0;1;30;90;43m8[0;1;30;90;42m88888888@@@XXS[0;33;42m8[0;33;5;43;103m8[0;1;33;93;43mS%S[0;33;5;43;103m%S[0;1;33;93;43m8[0;33;5;43;103m;;;tt%ttttS[0;1;33;93;43mX[0;33;5;43;103m%[0;1;33;93;43mX;;S[0;1;30;90;43m.[0;1;30;90;42m....[0;30;42m..8[0m
[0;30;42m8[0;1;30;90;42m;;[0;33;42m%8[0;32;43m8[0;1;30;90;43m8[0;1;33;93;43m@[0;33;5;43;103m%;;;:8[0;1;30;90;43mX[0;33;5;43;103mSt%SXX%t[0;37;5;43;103mS[0;1;33;93;43mS[0;37;43mS[0;37;5;43;103mSSSSS[0;33;5;43;103mS8[0;1;30;90;43m888[0;1;30;90;42m888888@8[0;33;42m8[0;1;30;90;43m88[0;1;33;93;43m8X[0;33;5;43;103m;;;;;[0;1;30;90;43mt[0;1;33;93;43m:[0;33;5;43;103mtSX[0;1;33;93;43mSS@[0;33;5;43;103mXSX[0;1;30;90;43m.[0;1;33;93;43mX[0;33;5;43;103mttttS[0;1;33;93;43mS[0;32;43mX[0;33;42m8Xt[0;30;42m..8[0m
[0;30;42m8[0;33;42mS[0;37;5;43;103m8ttt%[0;33;5;43;103m%;;;::t%%::.X[0;37;5;43;103m%SSS[0;33;5;43;103mt[0;37;5;43;103mSSSSSSS@...:[0;1;33;93;47m8[0;1;30;90;42m8888[0;33;47m8[0;37;5;43;103m;;;;X[0;33;5;43;103m;;;;;;SX%;;t[0;1;33;93;43mX[0;33;5;43;103m;;tXXStttttX[0;37;5;43;103m@XX@8[0;33;42m%[0;30;42m8[0m
[0;30;42m8[0;1;30;90;42m;[0;33;42mX[0;33;47m8[0;37;5;43;103mttS@SS[0;33;5;43;103m;:;[0;1;33;93;43m@[0;33;5;43;103m::::[0;37;5;43;103m@[0;1;33;93;47m8[0;37;5;43;103m8@SSXX[0;33;5;43;103mS[0;37;5;43;103mXXXXSt:.;[0;33;47m8[0;1;30;90;42m888888[0;37;43m@[0;37;5;43;103mS;tSXS[0;33;5;43;103m;;;[0;1;33;93;43mX[0;33;5;43;103mt;;ttS@%%ttt[0;1;33;93;43mS[0;33;5;43;103mSt%%SS[0;37;5;43;103m@XX[0;37;43m@[0;33;42mS[0;30;42m.8[0m
[0;30;42m8[0;1;30;90;42mttt[0;32;43m8[0;33;5;43;103mX%;;;;t@S@t[0;37;5;43;103m@[0;1;33;93;47mX@[0;37;5;43;103mS[0;1;33;93;47m@XX[0;37;5;43;103mXXX[0;37;43m@[0;37;5;43;103m@XXXXX@[0;1;33;93;47m8[0;33;5;40;100mS[0;1;30;90;42m888888888[0;33;5;43;103m8S;::;t%[0;1;30;90;43m%[0;33;5;43;103mS@%[0;37;5;43;103m8[0;1;33;93;47m8[0;37;5;43;103m888[0;1;33;93;47m8[0;33;5;43;103mSS[0;1;33;93;43m@X%[0;33;5;43;103m%%%t%X8[0;33;42m8[0;1;30;90;42m..[0;30;42m.8[0m
[0;30;42m8[0;1;30;90;42mttt[0;1;30;90;43m%[0;1;33;93;43mS[0;33;5;43;103mt;;::;X::;[0;1;33;93;47mX[0;37;5;43;103mX[0;1;33;93;47mS[0;37;5;47;107m:;[0;1;33;93;47mX@@[0;37;5;43;103mXX@@XXXXX@@[0;32;5;40;100mX[0;1;30;90;42m888888888[0;33;5;43;103mXX:::;;[0;1;33;93;43m@[0;33;5;43;103mt;t[0;37;5;43;103mX[0;1;33;93;47m8[0;37;5;43;103mS[0;1;37;97;47m88[0;1;33;93;47m8[0;37;5;43;103m8[0;1;33;93;47m8[0;33;5;43;103m%tt[0;1;33;93;43mS[0;33;5;43;103mStttt%[0;1;33;93;43m;[0;32;43mX[0;1;30;90;42m..[0;30;42m.8[0m
[0;30;42m8[0;1;30;90;42mtt%[0;1;30;90;43m%[0;33;5;43;103m@[0;1;33;93;43mt[0;33;5;43;103m;:::;t:::[0;1;33;93;47m@8X[0;1;37;97;47m88[0;1;33;93;47mXS[0;37;5;43;103m8XXX@XXXX@[0;37;43m@[0;37;5;43;103m@[0;33;5;40;100mS[0;32;5;40;100mX[0;1;30;90;42m88888888[0;33;5;43;103m:[0;1;30;90;43m@[0;33;5;43;103mt::;;S;;t%[0;1;33;93;47m8[0;37;5;43;103mX[0;1;33;93;47m@X[0;37;5;43;103mX8[0;1;33;93;47m8[0;33;5;43;103m%ttS%ttt%[0;1;33;93;43m:X[0;1;30;90;43m.[0;1;30;90;42m..[0;30;42m.8[0m
[0;30;42m8[0;1;30;90;42mtt%[0;32;43m8[0;33;5;43;103m;[0;1;33;93;43mt[0;1;30;90;43mS[0;33;5;43;103m;X[0;1;30;90;43mX[0;1;33;93;43mXS[0;33;5;43;103m;:[0;37;5;43;103m%S[0;1;33;93;47m8@XXX[0;37;5;43;103m8XXX@[0;1;33;93;47m88[0;33;47m8[0;37;5;43;103m@8[0;37;43m8[0;37;5;43;103m@@[0;32;5;40;100mSXX[0;1;30;90;42m8888888[0;33;5;43;103m@S[0;1;30;90;43m@[0;33;5;43;103m%t[0;1;30;90;43mS[0;1;33;93;43m%:[0;33;5;43;103mS;;;@[0;37;5;43;103m8[0;1;33;93;47m888[0;37;5;43;103m8[0;33;5;43;103m%tt%[0;1;33;93;43mt;[0;1;30;90;43m:[0;1;33;93;43m@[0;33;5;43;103mt[0;1;30;90;43m..[0;33;5;43;103m%[0;32;43m8[0;1;30;90;42m...[0;30;42m8[0m
[0;30;42m8[0;1;30;90;42mtt%%[0;33;5;43;103m8t[0;1;30;90;43mS[0;33;5;43;103mS::::S%:X[0;37;5;43;103mSSXXXX@@@8XXXX[0;33;47m88[0;37;5;43;103mX[0;37;43m@[0;32;5;40;100mSSX[0;1;30;90;42m8888888[0;1;30;90;43m8[0;33;5;43;103m:[0;1;33;93;43mS[0;1;30;90;43mX[0;33;5;43;103m::;;SX%X@;;%;t[0;1;33;93;43mX[0;33;5;43;103m%@[0;1;33;93;43m@[0;33;5;43;103m%tttX[0;31;43m%[0;33;5;43;103mX[0;1;33;93;43m8[0;1;30;90;42m....[0;30;42m8[0m
[0;30;42m8[0;1;30;90;42mtt%%[0;33;42m8[0;33;5;43;103mt[0;1;33;93;43m%X[0;33;5;43;103m:::::tXX[0;37;5;43;103mSSSXXX@@@XXXXX[0;33;47m8[0;37;5;43;103m@8[0;33;5;40;100m%[0;32;5;40;100mSXX[0;1;30;90;42m88888888[0;1;33;93;43m8[0;33;5;43;103mS[0;1;30;90;43mX[0;33;5;43;103m::;;;t@[0;1;33;93;43m%[0;33;5;43;103m%;;t;t[0;1;33;93;43mSS[0;33;5;43;103mSttttt[0;1;33;93;43mS[0;1;30;90;43m.[0;33;5;43;103mS[0;33;42m8[0;1;30;90;42m....[0;30;42m8[0m
[0;30;42m8[0;1;30;90;42mtt%%%[0;32;43mX[0;33;5;43;103mX[0;1;33;93;43m%[0;33;5;43;103m;:::[0;37;5;43;103mXX[0;33;5;43;103m:[0;37;5;43;103m%[0;33;5;43;103mt[0;37;5;43;103mS[0;1;33;93;43m%[0;37;5;43;103mXXXXXXXXXX@[0;1;33;93;47m8[0;37;5;43;103m8[0;33;5;40;100m%[0;32;5;40;100mSSX[0;1;30;90;42m8888888888[0;33;5;43;103m8[0;1;33;93;43mS[0;33;5;43;103mt;;;;%;;%SX[0;1;30;90;43m:[0;33;5;43;103m%Stt%%tttt[0;1;33;93;43m;[0;33;5;43;103m8[0;32;43m@[0;1;30;90;42m....[0;30;42m.8[0m
[0;30;42m8[0;1;30;90;42mttt%%S[0;33;42m@[0;1;30;90;43mS[0;33;5;43;103m@t;[0;37;5;43;103m@S[0;33;5;43;103m::[0;37;5;43;103m%SS[0;37;43mS[0;33;5;43;103mX[0;37;5;43;103mXXXXXSS@@8[0;37;43m@[0;33;5;40;100mS[0;32;5;40;100mSXX[0;1;30;90;42m8888888888@@[0;1;30;90;43mX[0;1;33;93;43m@[0;33;5;43;103m%;t[0;37;5;43;103mS[0;33;5;43;103m;;;;;[0;1;33;93;43m8[0;1;30;90;43m:[0;33;5;43;103m;;;ttt%%%[0;1;33;93;43mX[0;1;30;90;43m.[0;33;42mS[0;1;30;90;42m.....[0;30;42m.8[0m
[0;32;40m8[0;1;30;90;42mttt%%%S[0;33;42mX[0;37;5;43;103m%t;X[0;33;5;43;103m;::.[0;37;5;43;103m%S[0;33;5;43;103mt[0;37;5;43;103mSSSXXXX:..[0;1;33;93;47m@[0;32;5;40;100mXXX[0;1;30;90;42m88888888888@@@X[0;33;47m8[0;37;5;43;103mtt%[0;33;5;43;103mt;;;;;;X;;;tt%%[0;37;5;43;103mSXX[0;33;42mS[0;1;30;90;42m......[0;30;42m.[0;32;40m8[0m
[0;32;40m@[0;1;30;90;42m;ttt%%S[0;1;30;90;43m8[0;37;5;43;103mt;;8[0;1;33;93;43m8[0;33;5;43;103mXX@[0;1;33;93;43mSt[0;1;30;90;43m8[0;37;43mS[0;1;33;93;43m%[0;33;5;43;103m@S%S[0;1;33;93;47m8[0;37;5;43;103m:...[0;33;5;40;100mS[0;1;30;90;42m8888888888888@@XX[0;37;5;43;103mStt%[0;1;33;93;43m@@@Xt[0;1;30;90;43m;;;:[0;1;33;93;43m:%XXS[0;37;5;43;103m8SSS[0;1;30;90;43m8[0;1;30;90;42m......[0;30;42m.[0;32;40m@[0m
[0;32;40m%[0;1;30;90;42m;ttt%%%[0;1;30;90;43m8[0;1;33;93;47m8[0;37;43m8[0;1;30;90;43m8[0;1;30;90;42m@@[0;32;43m8[0;1;30;90;43m@[0;1;33;93;43mX[0;33;5;43;103m8@XX@8[0;1;33;93;43mX[0;1;30;90;43m8[0;1;30;90;42m88[0;33;5;40;100mX[0;37;43m8[0;1;33;93;47m8@[0;1;30;90;43m8[0;1;30;90;42m88888888888@@@XX[0;33;42mX[0;37;5;43;103m8[0;33;47m8[0;1;30;90;43m8[0;33;42mS[0;1;30;90;42mt[0;33;42m%[0;32;43mS[0;1;30;90;43m;[0;1;33;93;43m@[0;33;5;43;103m8888[0;1;33;93;43m8%[0;1;30;90;43m:[0;33;42m@[0;1;30;90;42m::[0;33;42m8[0;1;30;90;43m8[0;37;5;43;103m8[0;1;30;90;43m8[0;1;30;90;42m.....[0;30;42m..[0;32;40mS[0m
 [0;1;30;90;42m;;ttt%%%SSSXX@@@8888888888888888888888[0;37;43m88[0;1;30;90;42m8@@@XXSSS%%%ttt;;;::::::::::........[0;30;42m..[0m 
 [0;30;42mt[0;1;30;90;42m;;ttt%%%SSSXXX@@@8888888888888888888[0;37;43m8[0;37;5;43;103m;;[0;33;47m8[0;1;30;90;42m@XXXSSS%%%ttt;;;:::::::::::.......[0;30;42m..t[0m 
 [0;32;40m8[0;1;30;90;42m;;;ttt%%%SSSXXXX@@@88888888888888[0;33;42m8[0;32;43m8[0;1;30;90;43m8[0;37;5;43;103m;;;;[0;1;30;90;43m8[0;33;42m8@[0;1;30;90;42mSS%%%tttt;;;:::::::::::........[0;30;42m..8[0m 
  [0;1;30;90;42m:;;;tttt%%%SSSXXXX@@@@@@88888[0;33;42m@[0;1;30;90;43m@[0;1;33;93;43m8[0;33;5;43;103m@@X%t[0;37;5;43;103mSS[0;33;5;43;103mt%X[0;1;33;93;43mX[0;33;5;43;103m8[0;1;33;93;43m8[0;1;30;90;43m%[0;33;42mX[0;1;30;90;42mtttt;;;:::::::::::........[0;30;42m...[0;32;40m;[0m 
  [0;30;42mX[0;1;30;90;42m:;;;tttt%%%%SSSSXXXXXX@@@@[0;33;42m8[0;1;33;93;43mS[0;33;5;43;103m;X[0;1;30;90;43mX[0;1;33;93;43mS[0;33;5;43;103m::::;t;;;;[0;1;33;93;43mS[0;1;30;90;43mt[0;33;5;43;103m@t[0;1;33;93;43m%[0;33;42m@[0;1;30;90;42m;;;;::::::::::::........[0;30;42m..S[0m  
  [0;32;40mt[0;1;30;90;42m::;;;;tttt%%%%SSSSSSXXXXX[0;1;30;90;43mX[0;33;5;43;103mS[0;1;33;93;43m@[0;1;30;90;43mXS[0;33;5;43;103mS:;;;;tt;;;;;S[0;1;30;90;43mtt[0;1;33;93;43mS[0;33;5;43;103mS[0;1;30;90;43m;[0;1;30;90;42m;;::::::::::::........[0;30;42m...[0;32;40m%[0m  
   [0;30;42m@[0;1;30;90;42m::;;;;;ttttt%%%%%SSSSSS[0;1;30;90;43mS[0;1;33;93;43mXX[0;33;5;43;103m%;;[0;1;33;93;43m8[0;1;30;90;43mS[0;33;5;43;103m;;;tttt;;t[0;1;30;90;43mt[0;1;33;93;43mX[0;33;5;43;103m;tS[0;1;33;93;43mS%[0;1;30;90;43m:[0;1;30;90;42m::::::::::::........[0;30;42m...@[0m   
    [0;1;30;90;42m::::;;;;;tttttt%%%[0;33;42m8[0;1;30;90;43m88[0;37;43m@@[0;33;5;43;103m@t;;;;t[0;1;33;93;43mX[0;1;30;90;43m%[0;33;5;43;103m%SX[0;1;33;93;43mSS[0;33;5;43;103mXS%[0;1;30;90;43m;[0;1;33;93;43mS[0;33;5;43;103m%;;;;t[0;1;33;93;43m@[0;1;30;90;43m8888[0;33;42m@[0;1;30;90;42m::::::........[0;30;42m...;[0m    
    [0;32;40mS[0;1;30;90;42m:::::;;;;;;ttttt%[0;37;43m@[0;37;5;43;103mttttS[0;33;5;43;103m;;;;;S%tt;;@@;;tt%S;;;;;%[0;37;5;43;103m%%%%[0;37;43mX[0;1;30;90;42m;:::.........[0;30;42m...:[0;32;40mS[0m    
     [0;32;40m8[0;1;30;90;42m:::::::;;;;;;;ttt[0;32;43m8[0;37;5;43;103m8%@[0;33;5;43;103mtttttt[0;1;33;93;43mt[0;33;5;43;103m;;;%[0;37;5;43;103m888@[0;33;5;43;103m%;;;[0;1;33;93;43m;[0;33;5;43;103mtt%%%t[0;37;5;43;103mXS8[0;32;43m8[0;1;30;90;42m::::.........[0;30;42m....[0;32;40m8[0m     
      [0;30;42m8[0;1;30;90;42m:::::::::;;;;;;;;t[0;1;33;93;43m8[0;33;5;43;103mX;;;;t[0;1;33;93;43m@X[0;33;5;43;103m8[0;1;33;93;43mX[0;33;5;43;103mS[0;1;33;93;47m8[0;37;5;43;103m8XX8[0;1;33;93;47m8[0;33;5;43;103mS[0;1;33;93;43mX8[0;33;5;43;103mX[0;1;33;93;43mS[0;33;5;43;103mttttt@[0;1;33;93;43m8[0;1;30;90;42m::::..........[0;30;42m....8[0m      
       [0;30;42m@[0;1;30;90;42m::::::::::::;;;;[0;33;42m8[0;33;5;43;103m@[0;1;33;93;43mX[0;33;5;43;103m;;;;t[0;1;33;93;43mX[0;33;5;43;103m;;;[0;1;33;93;47m8[0;37;5;43;103m8@[0;1;37;97;47m88[0;37;5;43;103m88[0;1;33;93;47m8[0;33;5;43;103m;;t[0;1;33;93;43mX[0;33;5;43;103mttttt[0;1;33;93;43mX@[0;33;42m8[0;1;30;90;42m::.........[0;30;42m.....@[0m       
        [0;30;42m8[0;1;30;90;42m:::::::::::::::[0;33;42m8[0;33;5;43;103mt[0;1;30;90;43m:[0;33;5;43;103mX;;%S[0;1;33;93;43m%[0;33;5;43;103mtttS[0;1;33;93;47m8[0;37;5;43;103m8@@8[0;1;33;93;47m8[0;33;5;43;103mStt%[0;1;33;93;43m%[0;33;5;43;103mXSttX[0;1;30;90;43m:[0;33;5;43;103mS[0;33;42m8[0;1;30;90;42m..........[0;30;42m.....8[0m        
         [0;32;40m8[0;1;30;90;42m::::::::::::::;[0;33;5;43;103mX@[0;31;43m%[0;33;5;43;103mSX[0;1;30;90;43m:[0;1;33;93;43m@[0;33;5;43;103mXS;;%[0;1;33;93;43mX[0;37;5;43;103m@@88[0;1;33;93;43mX[0;33;5;43;103m%ttSX[0;1;33;93;43m@[0;1;30;90;43m.[0;33;5;43;103m@S[0;31;43m%[0;1;33;93;43m@[0;33;5;43;103m@[0;1;30;90;42m:........[0;30;42m.....:[0;32;40m8[0m         
          [0;32;40mS[0;1;30;90;42m::::::::::::::[0;32;43m%[0;33;5;43;103mt[0;1;30;90;43m:[0;1;33;93;43m:[0;33;5;43;103mttttS[0;1;33;93;43mX%@[0;33;5;43;103m%tttt%[0;1;33;93;43m@%X[0;33;5;43;103mXtttt[0;1;33;93;43m;[0;1;30;90;43m.[0;33;5;43;103mt[0;1;30;90;43m.[0;1;30;90;42m........[0;30;42m.....:[0;32;40mX[0m          
            [0;30;42m%[0;1;30;90;42m:::::::::::::[0;1;33;93;43mS[0;33;5;43;103m8[0;1;33;93;43m:[0;33;5;43;103mttttt%S[0;1;33;93;43mS[0;33;5;43;103m@SSSSX[0;1;33;93;43m%[0;33;5;43;103mSSttttt[0;1;33;93;43m:XX[0;1;30;90;42m:......[0;30;42m......%[0m            
             [0;30;42m8[0;1;30;90;42m.::::::::::::[0;1;30;90;43m.[0;1;33;93;43m%[0;33;5;43;103mXttt%%tttt[0;1;33;93;43mt;[0;33;5;43;103m%%%t%S%%%X[0;1;33;93;43mt%[0;33;42m:[0;1;30;90;42m.....[0;30;42m......:8[0m             
              [0;32;40mt[0;30;42m%[0;1;30;90;42m.....:::::::[0;33;42m8[0;1;33;93;43m@[0;33;5;43;103mX%[0;37;5;43;103mX[0;33;5;43;103m%ttttt[0;1;30;90;43m..[0;33;5;43;103mttt%%%SSX[0;1;33;93;43m@[0;33;42m8[0;1;30;90;42m....[0;30;42m.......:%[0;32;40mt[0m              
                [0;32;40m@[0;30;42m:[0;1;30;90;42m..........:[0;37;5;43;103m8SS@[0;33;5;43;103mXStt%S[0;1;33;93;43mXX[0;33;5;43;103mX%%%SX[0;37;5;43;103m@XX8[0;33;42m;[0;1;30;90;42m.[0;30;42m........:;[0;32;40m@[0m                
                  [0;30;42m8[0;1;30;90;42m.........[0;33;42m8[0;37;5;43;103mXX@[0;37;43mX[0;32;43mS[0;1;30;90;43m.[0;1;33;93;43mSt[0;1;30;90;43m..[0;1;33;93;43m;;[0;1;30;90;43m..[0;1;33;93;43mt%[0;1;30;90;43m [0;32;43mS[0;37;43mX[0;37;5;43;103m8@@[0;32;43m8[0;30;42m......:::8[0m                  
                    [0;30;42m8:[0;1;30;90;42m......[0;33;42mX[0;1;30;90;43m8[0;32;43m8[0;33;42m;[0;1;30;90;42m...[0;33;42mt[0;32;43m8%[0;1;30;90;43m....[0;32;43m%8[0;33;42mt[0;1;30;90;42m.[0;30;42m..[0;33;42m:[0;32;43m8[0;1;30;90;43m8[0;33;42m8[0;30;42m...::::8[0m                    
                      [0;32;40m8[0;30;42m:[0;1;30;90;42m................[0;30;42m............::::;8[0m                      
                        [0;32;40m8[0;30;42mt......................::::::t[0;32;40m8[0m                        
                          [0;32;40m%[0;30;42m@:..............:::::::::X[0;32;40mS[0m                          
                             [0;32;40m8[0;30;42mS:.::::::::::::::::S[0;32;40m8[0m                             
                                [0;32;40m8[0;30;42m%::::::::::::%[0;32;40m8[0m                                
                                   [0;32;40m@[0;30;42mX::::::X[0;32;40m8[0m                                   
                                      [0;32;40m%88S[0m                                      
