[0;32;40m@[0;30;42mSSSSSSSSSSSS%%%%%%%%%%%%%%%%%%%%%%%%%%%%%%%%SSSSSSSSSSSSSSSSSSSSSXXXXXXXXXXXXX[0;32;40mX[0m
[0;30;42m8[0;1;30;90;42m:::::::::::;;;;;;;ttttttttttttttttttttt;;;;;;;::::::::::::::.........[0;30;42m.....::::[0;32;40m8[0m
[0;30;42m8[0;1;30;90;42m:::::::::;;;;;ttttttt%%%%%%%%%%%%%%%ttttttt;;;;;::::::::::::::........[0;30;42m.....:::[0;32;40m8[0m
[0;30;42m8[0;1;30;90;42m:::::::;;;;;ttttt%%%%%%%%SSSSSSS%%%%%%%%ttttt;;;;;:::::::::::::........[0;30;42m.....::[0;32;40m8[0m
[0;30;42m8[0;1;30;90;42m:::::;;;;ttttt%%%%%SSSSSSSSSSSSSSSSSSS%%%%%tttt;;;;;::::::::::::........[0;30;42m.....:[0;32;40m8[0m
[0;30;42m8[0;1;30;90;42m:::;;;;;tttt%%%%SSSSSXXXXXXXXXXXXXXXSSSSS%%%%tttt;;;;::::::::::::........[0;30;42m....:[0;32;40m8[0m
[0;30;42m8[0;1;30;90;42m::;;;;tttt%%%SSSSXXXXX@@@@@@@@@@@@@XXX[0;33;42mX@[0;1;30;90;42mSSS%%%%tttt;;;;:::::::::::........[0;30;42m....8[0m
[0;30;42m8[0;1;30;90;42m:;;;;ttt%%%SSSSXXX@@@@@88888888888@@@[0;1;30;90;43m8[0;37;5;43;103m8@[0;1;30;90;43m8[0;1;30;90;42mXSSS%%%%ttt;;;;:::::::::::.......[0;30;42m....8[0m
[0;30;42m8[0;1;30;90;42m;;;;ttt%%%SSSXXX@@@88888888888888888[0;1;30;90;43m8[0;37;5;43;103mX;;S[0;1;30;90;43m8[0;1;30;90;42mXXSSS%%%ttt;;;;::::::::::........[0;30;42m...8[0m
[0;30;42m8[0;1;30;90;42m;;;ttt%%%SSXXX@@@8888888888888888888[0;1;33;93;47m8[0;37;5;43;103m:;;;8[0;1;30;90;42m8XXSSS%%%ttt;;;:::::::::::........[0;30;42m..8[0m
[0;30;42m8[0;1;30;90;42m;;ttt%%%SSXXX@@8888888888888888[0;1;30;90;43m8888[0;33;47m8[0;37;5;43;103m::::;;[0;37;43m@[0;1;30;90;43m@XX[0;33;42m8[0;1;30;90;42mSS%%%ttt;;;::::::::::........[0;30;42m..8[0m
[0;30;42m8[0;1;30;90;42m;ttt%%%SSXXX@@8888888888888[0;1;30;90;43m88[0;33;5;43;103m8[0;37;5;43;103mSS[0;33;5;43;103mX@X%[0;37;5;43;103mSX::X[0;33;5;43;103mtS[0;1;33;93;43m@SX[0;33;5;43;103mXt[0;1;33;93;43m8[0;1;30;90;43m%[0;33;42m@[0;1;30;90;42m%%ttt;;;::::::::::.......[0;30;42m..8[0m
[0;30;42m8[0;1;30;90;42m;ttt%%SSXXX@@888888888888[0;1;30;90;43m8[0;33;5;43;103m8[0;37;5;43;103mXXX[0;37;43mX[0;1;33;93;43mX[0;37;5;43;103mXXSSSSXX[0;33;5;43;103m:::::t[0;1;33;93;43m%[0;1;30;90;43mS[0;33;5;43;103m8;;[0;1;33;93;43m8[0;1;30;90;43m%[0;1;30;90;42m%tt;;;::::::::::........[0;30;42m.8[0m
[0;30;42m8[0;1;30;90;42mttt%%%SSXX@@8888888888[0;32;5;40;100mX[0;1;30;90;43m8[0;37;5;43;103mXXX@[0;37;43m@X[0;37;5;43;103m@XXXXXSSX@%[0;33;5;43;103m.:::::X[0;1;30;90;43mXS[0;1;33;93;43m@[0;33;5;43;103m;;@[0;1;30;90;43mt[0;1;30;90;42mt;;;;::::::::::.......[0;30;42m.8[0m
[0;30;42m8[0;1;30;90;42mttt%%SSXXX@@888888888[0;1;30;90;43m8[0;37;5;43;103m@X@@[0;37;43m@@@[0;37;5;43;103m@XXXXXXXSXXS%[0;33;5;43;103m::::::t[0;1;30;90;43mSS%[0;1;33;93;43mS[0;33;5;43;103mX;8[0;33;42m8[0;1;30;90;42m;;;::::::::::.......[0;30;42m.8[0m
[0;30;42m8[0;1;30;90;42mtt%%%SSXX@@888888888[0;1;30;90;43m8[0;37;5;43;103mX@[0;37;43m@@[0;33;47m8[0;37;5;43;103m@@X@XXXXXXXXX@S%[0;33;5;43;103m.:::::S;t[0;1;33;93;43mX:[0;1;30;90;43mtt[0;1;33;93;43m@[0;33;5;43;103m%[0;32;43mX[0;1;30;90;42m;;::::::::::.......[0;30;42m.8[0m
[0;30;42m8[0;1;30;90;42mtt%%%SSXX@@88888888[0;1;30;90;43m8[0;37;5;43;103mX[0;37;43m@[0;37;5;43;103m@@XXXXX[0;33;47m8[0;1;30;90;43m8[0;37;5;43;103m8XXXXXXXXS[0;33;5;43;103mt;:::X[0;1;30;90;43m@X[0;33;5;43;103m:;;;;t[0;1;33;93;43mX[0;1;30;90;43m;[0;33;5;43;103mS[0;33;42m@[0;1;30;90;42m;::::::::::........[0;30;42m8[0m
[0;30;42m8[0;1;30;90;42mtt%%%SSXX@@888[0;1;30;90;43m888[0;37;43m8[0;33;47m8[0;1;33;93;47m8[0;37;5;43;103m@XXXXXXXX@8[0;37;43m8[0;37;5;43;103m@@@XX[0;33;5;43;103mX[0;1;33;93;43mSS[0;33;5;43;103mX%t%tX[0;1;30;90;43m@[0;33;5;43;103m@t:;;;;;;S[0;1;33;93;43m%X[0;1;30;90;43m888[0;32;43m8[0;33;42mS[0;1;30;90;42m::::::........[0;30;42m8[0m
[0;30;42m8[0;1;30;90;42mtt%%%SSXX@@8[0;1;33;93;47m8[0;37;5;43;103mt:....%XXXXXXXXXX@@@@XXXX[0;33;5;43;103mSX[0;37;5;43;103mSS%[0;33;5;43;103m::XXt;:;;;;;;;S[0;37;5;43;103mXt%%%%X8[0;33;42m%[0;1;30;90;42m:::........[0;30;42m8[0m
[0;30;42m8[0;1;30;90;42mtt%%%SSXX@@8[0;1;30;90;43m8[0;1;33;93;47m8[0;37;5;43;103m::....SXXXXXXX@@@XX@XXXS[0;33;5;43;103mSS[0;37;5;43;103mS%[0;33;5;43;103m.:;::%[0;1;33;93;43m@[0;33;5;43;103m;;;;;;;tt[0;37;5;43;103m%t%%%%8[0;33;42m8[0;1;30;90;42m::::.......[0;30;42m.8[0m
[0;30;42m8[0;1;30;90;42mttt%%SSSXX@@88[0;37;43m8[0;37;5;43;103m%..:t%SSSSXX@@[0;33;5;43;103mX[0;37;5;43;103mXXXXXX@8[0;1;37;97;47m8[0;1;33;93;47m8X[0;37;5;43;103mXS[0;33;5;43;103m:::::[0;1;33;93;43m%[0;33;5;43;103mXt;tt[0;37;5;43;103mSXSSXS%%X[0;1;30;90;43m8[0;1;30;90;42m;:::::.......[0;30;42m.8[0m
[0;32;40m8[0;1;30;90;42mttt%%%SSXX@@8888[0;33;47m8[0;37;5;43;103mX[0;33;5;43;103m%[0;37;5;43;103mSSSXXXX@X[0;37;43m@[0;33;5;43;103mS[0;37;5;43;103mXXXX8[0;1;37;97;47m8[0;1;33;93;47m@@8[0;37;5;43;103m@[0;1;33;93;47m8@X[0;37;5;43;103m8[0;33;5;43;103m::t;[0;1;33;93;43mS[0;1;30;90;43mS[0;33;5;43;103m;%tt;;;;tX%[0;1;30;90;43m8[0;33;42m%[0;1;30;90;42m::::::........[0;30;42m.[0;32;40m8[0m
[0;32;40m@[0;1;30;90;42m;ttt%%SSSXX@@888[0;1;30;90;43m8[0;33;5;43;103mSS[0;37;5;43;103mSSSSSXXXX[0;37;43mX[0;37;5;43;103mXX[0;33;5;43;103m8X[0;37;5;43;103m8[0;1;37;97;47m8[0;1;33;93;47m8[0;37;5;43;103m:[0;1;33;93;47mX[0;1;37;97;47m88[0;1;33;93;47m@[0;37;5;43;103m;[0;1;33;93;47m8S[0;37;5;43;103m@[0;1;33;93;43m%@[0;33;5;43;103mS;[0;1;30;90;43mS[0;33;5;43;103m@t;;;;;;;[0;1;33;93;43mS@[0;1;30;90;43m:[0;1;30;90;42m:::::::........[0;30;42m.[0;32;40m@[0m
[0;32;40m%[0;1;30;90;42m;ttt%%%SSSXX@@88[0;33;5;43;103m8[0;1;33;93;43m@[0;33;5;43;103mS[0;37;5;43;103m%SSSSSSS[0;33;5;43;103m@[0;37;5;43;103mSSSSS[0;1;33;93;47m@X[0;37;5;43;103mS;[0;1;37;97;47m8[0;37;5;47;107m::[0;1;37;97;47m8[0;37;5;43;103m%S[0;1;33;93;47m@8[0;33;5;43;103m::;;;[0;1;33;93;43m%[0;33;5;43;103mt;;;;;;;[0;1;33;93;43mXt[0;33;5;43;103m8[0;1;30;90;42m:::::::.......[0;30;42m..[0;32;40mS[0m
 [0;1;30;90;42m;;ttt%%%SSSXX@@@[0;33;5;43;103mXX[0;1;30;90;43m8[0;33;5;43;103m;[0;37;5;43;103m%%%SSSS[0;33;5;43;103m%[0;37;5;43;103mSSSSS8[0;1;37;97;47m8[0;37;5;43;103m8:[0;1;33;93;47mX[0;1;37;97;47m88[0;1;33;93;47mX[0;37;5;43;103m;8[0;1;33;93;47mX[0;37;5;43;103m8[0;33;5;43;103m;;;;;@t;;;;;;%[0;1;30;90;43m:[0;1;33;93;43mX[0;33;5;43;103mS[0;1;30;90;42m::::::........[0;30;42m..[0m 
 [0;30;42mt[0;1;30;90;42m;;ttt%%%SSSXXX@[0;33;5;43;103m8:[0;1;30;90;43m@8[0;33;5;43;103m%::.;XS[0;1;33;93;43m%[0;33;5;43;103mS:::::[0;1;33;93;47m@X8[0;37;5;43;103mX%%@[0;1;33;93;47m8X[0;37;5;43;103m8[0;33;5;43;103mt;;tt[0;1;33;93;43mX[0;1;30;90;43mt[0;1;33;93;43m%[0;33;5;43;103m8%;;;S[0;31;43mt[0;1;30;90;43m:[0;33;5;43;103mt[0;1;33;93;43m8[0;1;30;90;42m::::::.......[0;30;42m..t[0m 
 [0;32;40m8[0;1;30;90;42m;;;ttt%%%SSSXXX[0;1;30;90;43mX[0;33;5;43;103m:t[0;1;30;90;43m@8[0;33;5;43;103mt:@[0;1;30;90;43m88[0;33;5;43;103mSXt:::::t[0;37;5;43;103m88[0;1;37;97;47m8[0;1;33;93;47m8[0;1;37;97;47m8[0;1;33;93;47m88[0;33;5;43;103mX%;;;;;S[0;1;33;93;43mSX[0;1;30;90;43m;t[0;1;33;93;43mX[0;33;5;43;103m;%[0;31;43mS[0;1;30;90;43m:[0;33;5;43;103m%t[0;1;30;90;43m:[0;1;30;90;42m:::::........[0;30;42m..8[0m 
  [0;1;30;90;42m:;;;tttt%%%SSSX[0;33;42mX[0;33;5;43;103m%:[0;1;33;93;43m@[0;1;30;90;43mX@[0;33;5;43;103m::::::t@t::S[0;1;30;90;43m@[0;33;5;43;103mt:;;%:;t[0;1;30;90;43m%[0;33;5;43;103m@;;%[0;1;33;93;43mS[0;33;5;43;103m%;;;;;;[0;1;30;90;43m:[0;31;43mt[0;1;33;93;43mS[0;33;5;43;103mt%[0;33;42mS[0;1;30;90;42m::::........[0;30;42m...[0;32;40m;[0m 
  [0;30;42mX[0;1;30;90;42m:;;;tttt%%%%SSS[0;1;30;90;43mS[0;33;5;43;103m::[0;1;30;90;43mXX[0;33;5;43;103m:::::::;X[0;1;33;93;43mt;[0;33;5;43;103m%::::;;;;;;S[0;1;30;90;43mtt[0;33;5;43;103m@t;;;;;;;[0;31;43mt[0;1;30;90;43m:[0;33;5;43;103mtt[0;1;30;90;43m:[0;1;30;90;42m:::::........[0;30;42m..S[0m  
  [0;32;40mt[0;1;30;90;42m::;;;;tttt%%%%SS[0;1;33;93;43m8[0;33;5;43;103m;[0;1;33;93;43mX[0;1;30;90;43mX[0;33;5;43;103m;:::::::;t%[0;1;33;93;43m%S[0;33;5;43;103m;;;tt;;;[0;1;33;93;43m%t[0;33;5;43;103mStt;;;;;;;;[0;31;43mt[0;1;33;93;43m%[0;33;5;43;103mt[0;1;33;93;43m8[0;33;42m:[0;1;30;90;42m::::........[0;30;42m...[0;32;40m%[0m  
   [0;30;42m@[0;1;30;90;42m::;;;;;ttttt%%%[0;33;42mS[0;1;33;93;43m8[0;33;5;43;103m%[0;1;30;90;43m%[0;33;5;43;103m%;;;;;;;[0;37;5;43;103m@[0;33;5;43;103mt;;%XS%[0;1;33;93;43m;[0;1;30;90;43m%[0;33;5;43;103m%X@%t;t[0;37;5;43;103mX[0;33;5;43;103mt;;;;;;%[0;1;30;90;43m:[0;33;5;43;103mX[0;1;33;93;43m8[0;33;42mt[0;1;30;90;42m::::........[0;30;42m...@[0m   
    [0;1;30;90;42m::::;;;;;tttttt%%[0;1;30;90;43m%[0;33;5;43;103mS[0;1;30;90;43m%[0;33;5;43;103mS;;;;t[0;37;5;43;103m@[0;33;5;43;103m;;;;;;;t[0;1;33;93;43mt;[0;33;5;43;103mt;;;;;;t[0;37;5;43;103mX[0;33;5;43;103mt;;;;X[0;1;30;90;43m:[0;33;5;43;103mX[0;1;30;90;43m.[0;33;42m;[0;1;30;90;42m::::........[0;30;42m...;[0m    
    [0;32;40mS[0;1;30;90;42m:::::;;;;;;tttttt[0;33;42m8[0;1;30;90;43mt[0;33;5;43;103m8X%t[0;37;5;43;103mX@[0;33;5;43;103m;;;;;;;;;[0;1;30;90;43mtt[0;33;5;43;103m;;;;;;;;t[0;37;5;43;103mXS[0;33;5;43;103mt%@8[0;1;30;90;43m:[0;33;42m@[0;1;30;90;42m::::.........[0;30;42m...:[0;32;40mS[0m    
     [0;32;40m8[0;1;30;90;42m:::::::;;;;;;;ttt[0;33;42m8[0;37;5;43;103m%t%tt[0;33;5;43;103mtt;;;;;;;;SX;;;;;;;;t%[0;37;5;43;103m%%%%%[0;32;43m8[0;1;30;90;42m::::.........[0;30;42m....[0;32;40m8[0m     
      [0;30;42m8[0;1;30;90;42m:::::::::;;;;;;;[0;37;43mX[0;37;5;43;103mttttt[0;33;5;43;103m%@S;;;;tS[0;1;33;93;43mX%%S[0;33;5;43;103mSt;;;;S[0;1;33;93;43m@[0;33;5;43;103m%[0;37;5;43;103m%%%SS[0;37;43mX[0;1;30;90;42m::..........[0;30;42m....8[0m      
       [0;30;42m@[0;1;30;90;42m::::::::::::;;;[0;37;5;43;103m8ttttS[0;37;43m@[0;1;30;90;43m;[0;1;33;93;43m8tt;[0;1;30;90;43m:;;:::::::[0;1;33;93;43m:tt@[0;1;30;90;43m:[0;37;43mX[0;37;5;43;103mXSSSS8[0;1;30;90;42m:.........[0;30;42m.....@[0m       
        [0;30;42m8[0;1;30;90;42m::::::::::::::[0;37;5;43;103m8%@[0;37;43m@[0;1;30;90;43m8[0;33;42m%[0;1;30;90;42m::[0;33;42mt[0;32;43mS[0;1;33;93;43m%[0;33;5;43;103m8%;;;;;;;t%8[0;1;33;93;43m%[0;32;43m%[0;33;42mt[0;1;30;90;42m::[0;33;42mt[0;1;30;90;43m8[0;37;43mX[0;37;5;43;103m8SX[0;1;30;90;42m:........[0;30;42m.....8[0m        
         [0;32;40m8[0;1;30;90;42m:::::::::::::[0;1;30;90;43m@[0;33;42m@[0;1;30;90;42m;::::::::::[0;33;42mtX8888Xt[0;1;30;90;42m:::::::::.:[0;33;42mX[0;1;30;90;43m@[0;1;30;90;42m.......[0;30;42m.....:[0;32;40m8[0m         
          [0;32;40mS[0;1;30;90;42m::::::::::::::::::::::::::::::::::::::::............[0;30;42m.....:[0;32;40mX[0m          
            [0;30;42m%[0;1;30;90;42m:::::::::::::::::::::::::::::::::::.............[0;30;42m......%[0m            
             [0;30;42m8[0;1;30;90;42m.::::::::::::::::::::::::::::................[0;30;42m......:8[0m             
              [0;32;40mt[0;30;42m%[0;1;30;90;42m.....::::::::::::::::...................[0;30;42m.......:%[0;32;40mt[0m              
                [0;32;40m@[0;30;42m:[0;1;30;90;42m...................................[0;30;42m........:;[0;32;40m@[0m                
                  [0;30;42m8[0;1;30;90;42m...............................[0;30;42m........:::8[0m                  
                    [0;30;42m8:[0;1;30;90;42m........................[0;30;42m.........::::8[0m                    
                      [0;32;40m8[0;30;42m:[0;1;30;90;42m................[0;30;42m............::::;8[0m                      
                        [0;32;40m8[0;30;42mt......................::::::t[0;32;40m8[0m                        
                          [0;32;40m%[0;30;42m@:..............:::::::::X[0;32;40mS[0m                          
                             [0;32;40m8[0;30;42mS:.::::::::::::::::S[0;32;40m8[0m                             
                                [0;32;40m8[0;30;42m%::::::::::::%[0;32;40m8[0m                                
                                   [0;32;40m@[0;30;42mX::::::X[0;32;40m8[0m                                   
                                      [0;32;40m%88S[0m                                      
