[0;32;40m@[0;30;42mSSSSSSSSSSSS%%%%%%%%%%%%%%%%%%%%%%%%%%%%%%%%SSSSSSSSSSSSSSSSSSSSSXXXXXXXXXXXXX[0;32;40mX[0m
[0;30;42m8[0;1;30;90;42m:::::::::::;;;;;;;ttttttttttttttttttttt;;;;;;;::::::::::::::.........[0;30;42m.....::::[0;32;40m8[0m
[0;30;42m8[0;1;30;90;42m:::::::::;;;;;ttttttt%%%%%%%%%%%%%%%ttttttt;;;;;::::::::::::::........[0;30;42m.....:::[0;32;40m8[0m
[0;30;42m8[0;1;30;90;42m:::::::;;;;;ttttt%%%%%%%%SSSSSSS%%%%%%%%ttttt;;;;;:::::::::::::........[0;30;42m.....::[0;32;40m8[0m
[0;30;42m8[0;1;30;90;42m:::::;;;;ttttt%%%%%SSSSSSSSSSSSSSSSSSS%%%%%tttt;;;;;::::::::::::........[0;30;42m.....:[0;32;40m8[0m
[0;30;42m8[0;1;30;90;42m:::;;;;;tttt%%%%SSSSSXXXXXXXXXXXXXXXSSSSS%%%%tttt;;;;::::::::::::........[0;30;42m....:[0;32;40m8[0m
[0;30;42m8[0;1;30;90;42m::;;;;tttt%%%SSSSXXXXX@@@@@@@@@@@@@XXXXXSSS%%%%tttt;;;;:::::::::::........[0;30;42m....8[0m
[0;30;42m8[0;1;30;90;42m:;;;;ttt%%%SSSSXXX@@@@@88888888888@@@@XXXXSSS%%%%ttt;;;;:::::::::::.......[0;30;42m....8[0m
[0;30;42m8[0;1;30;90;42m;;;;ttt%%%SSSXXX@@@888888888888888888@@@@XXXSSS%%%ttt;;;;::::::::::........[0;30;42m...8[0m
[0;30;42m8[0;1;30;90;42m;;;ttt%%%SSXXX@@@88888888888888888888888@@@XXSSS%%%ttt;;;:::::::::::........[0;30;42m..8[0m
[0;30;42m8[0;1;30;90;42m;;ttt%%%SSXXX@@88888888888888888888888888@@@XXSSS%%%ttt;;;::::::::::........[0;30;42m..8[0m
[0;30;42m8[0;1;30;90;42m;ttt%%%SSXXX@@88[0;1;30;90;47m8[0;32;5;40;100m@[0;1;30;90;42m8888888888888888888888888@@XXSSS%%%ttt;;;::::::::::.......[0;30;42m..8[0m
[0;30;42m8[0;1;30;90;42m;ttt%%SSXXX@@888[0;37;5;40;100m@[0;32;5;40;100mS[0;1;30;90;42m888888888[0;32;5;40;100mXXX[0;1;30;90;42m8888888888888888@XSSS%%ttt;;;::::::::::........[0;30;42m.8[0m
[0;30;42m8[0;1;30;90;42mttt%%%S[0;1;30;90;47mS[0;32;5;40;100mX[0;1;30;90;42mX@@8888[0;36;5;40;100m:[0;37;5;40;100m8[0;1;30;90;42m88888[0;32;5;40;100mXXSSSSSSXXX[0;1;30;90;42m8[0;32;5;40;100m@[0;36;5;40;100m.[0;1;30;90;47m8S[0;1;37;97;47m %8[0;37;5;47;107m8888[0;1;37;97;47m8X;[0;1;30;90;47m:8[0;36;5;40;100m [0;32;5;40;100m@[0;1;30;90;42m%tt;;;;::::::::::.......[0;30;42m.8[0m
[0;30;42m8[0;1;30;90;42mttt%%SS[0;32;5;40;100m8[0;36;5;40;100m [0;32;5;40;100m8[0;1;30;90;42m@@8888[0;36;5;40;100mt[0;1;30;90;47m%[0;1;30;90;42m8888[0;32;5;40;100mXSSS[0;36;5;40;100m%%%%%[0;32;5;40;100mSS[0;37;5;40;100mt[0;1;30;90;47m:[0;1;37;97;47m8[0;37;5;47;107mXXX[0;1;37;97;47m@[0;1;30;90;47m.;:.[0;1;37;97;47m  [0;1;30;90;47m.;%S[0;1;37;97;47m:88%[0;1;30;90;47m8[0;32;5;40;100m8[0;1;30;90;42mt;;;::::::::::.......[0;30;42m.8[0m
[0;30;42m8[0;1;30;90;42mtt%%%SSX[0;32;5;40;100m8[0;1;30;90;47mt[0;1;30;90;42m888888[0;36;5;40;100mt[0;1;37;97;47m.[0;1;30;90;42m888[0;32;5;40;100mXSS[0;36;5;40;100m%%tttt;[0;1;30;90;47m@[0;1;37;97;47m@[0;37;5;47;107mXXX[0;1;37;97;47m8[0;1;30;90;47m [0;1;37;97;47m.S[0;37;5;47;107m@@@[0;1;37;97;47mS[0;1;30;90;47m;t:[0;1;37;97;47mt8[0;37;5;47;107m8[0;1;37;97;47m:[0;1;30;90;47mXX[0;1;37;97;47mX88[0;1;30;90;47m%[0;32;5;40;100m8[0;1;30;90;42m;;::::::::::.......[0;30;42m.8[0m
[0;30;42m8[0;1;30;90;42mtt%%%SSXX[0;36;5;40;100m:[0;1;30;90;47mS[0;1;30;90;42m88888[0;36;5;40;100m.[0;1;37;97;47m%[0;32;5;40;100m@[0;1;30;90;42m8[0;32;5;40;100mXSS[0;36;5;40;100m%%tt;;[0;37;5;40;100mX[0;1;37;97;47m8[0;37;5;47;107mSSS8[0;1;30;90;47m.[0;1;37;97;47mt[0;37;5;47;107mXXX@[0;1;37;97;47m .;[0;37;5;47;107m8[0;1;37;97;47m8X%[0;1;30;90;47m.tS[0;37;5;47;107m8[0;1;37;97;47m8[0;1;30;90;47m@:[0;1;37;97;47m888[0;1;30;90;47m8[0;1;30;90;42m%::::::::::........[0;30;42m8[0m
[0;30;42m8[0;1;30;90;42mtt%%%SSXX@[0;1;30;90;47mt[0;36;5;40;100m [0;1;30;90;42m8888[0;36;5;40;100m [0;1;37;97;47m8[0;32;5;40;100m@[0;1;30;90;42m8[0;32;5;40;100mXSS[0;36;5;40;100m%tt;;[0;1;30;90;47m%[0;37;5;47;107mSSSS8[0;1;30;90;47mt[0;37;5;47;107mXXXX@[0;1;30;90;47m8[0;1;37;97;47m8[0;37;5;47;107m@[0;1;37;97;47m8[0;1;30;90;47m;.[0;1;37;97;47m;[0;1;30;90;47m:@[0;1;37;97;47m@:[0;1;30;90;47mX[0;1;37;97;47m88[0;1;30;90;47mtt[0;1;37;97;47m888 [0;1;30;90;42mX:::::::::........[0;30;42m8[0m
[0;30;42m8[0;1;30;90;42mtt%%%SSXX@[0;32;5;40;100mS[0;1;37;97;47m@[0;32;5;40;100mS[0;1;30;90;42m888[0;37;5;40;100m@[0;37;5;47;107m@[0;32;5;40;100m@[0;1;30;90;42m8[0;32;5;40;100mXSS[0;36;5;40;100m%%tt[0;1;30;90;47m:[0;37;5;47;107mSSSSS[0;1;30;90;47mS[0;37;5;47;107mXXXXX[0;1;30;90;47mt[0;1;37;97;47mX[0;37;5;47;107m@@[0;1;30;90;47m@[0;37;5;47;107m88[0;37;5;40;100m8[0;1;37;97;47m%S[0;37;5;40;100mS[0;37;5;47;107m8[0;1;30;90;47mX[0;1;37;97;47mX88[0;37;5;40;100mS[0;1;37;97;47mX888[0;1;30;90;47m;[0;30;42m%[0;1;30;90;42m::::::::........[0;30;42m8[0m
[0;30;42m8[0;1;30;90;42mtt%%%SSXX@@[0;1;30;90;47m%[0;1;37;97;47m:[0;1;30;90;42m888[0;1;30;90;47m@[0;37;5;47;107mX[0;32;5;40;100mS[0;1;30;90;42m88[0;32;5;40;100mXSS%[0;36;5;40;100m%[0;1;30;90;47mS[0;37;5;47;107mSSSSS[0;1;37;97;47mX.[0;37;5;47;107mXXXXX[0;1;30;90;47m8[0;37;5;47;107m@@@[0;1;30;90;47m%[0;1;37;97;47m:[0;37;5;47;107m8[0;1;37;97;47mS[0;1;30;90;47m;t[0;1;37;97;47m88[0;37;5;40;100mX[0;1;37;97;47m@88;[0;1;30;90;47mX[0;1;37;97;47m8888[0;36;5;40;100m.[0;1;30;90;42m::::::::.......[0;30;42m.8[0m
[0;30;42m8[0;1;30;90;42mttt%%SSSXX@[0;32;5;40;100mS[0;37;5;47;107m8[0;1;30;90;47m8[0;1;30;90;42m88[0;1;30;90;47m;[0;37;5;47;107mX[0;36;5;40;100m.[0;1;30;90;42m888[0;32;5;40;100mXSS[0;36;5;40;100m [0;37;5;47;107mXSSXXX[0;1;30;90;47mS[0;37;5;47;107m8XXXXX[0;1;37;97;47m:S[0;37;5;47;107m@@8[0;1;37;97;47m%[0;1;30;90;47m.[0;1;37;97;47m.[0;1;30;90;47m ;%t[0;1;37;97;47m8888t[0;1;30;90;47mX[0;1;37;97;47m8888[0;1;30;90;47m.[0;30;42m%[0;1;30;90;42m:::::::.......[0;30;42m.8[0m
[0;32;40m8[0;1;30;90;42mttt%%%SSXX@@[0;1;30;90;47m;[0;37;5;47;107m8[0;36;5;40;100m.[0;1;30;90;42m8[0;1;37;97;47mt[0;37;5;47;107m@[0;36;5;40;100m [0;1;30;90;42m88888[0;32;5;40;100mX[0;1;37;97;47mX[0;37;5;47;107mXXXXXX[0;1;30;90;47mX[0;37;5;47;107m8XXXXX@[0;1;30;90;47m%[0;1;37;97;47mt[0;37;5;47;107m888888888[0;1;37;97;47m888X[0;37;5;40;100m8[0;1;37;97;47m888888[0;30;42m@[0;1;30;90;42m::::::........[0;30;42m.[0;32;40m8[0m
[0;32;40m@[0;1;30;90;42m;ttt%%SSSXX@[0;36;5;40;100m;[0;37;5;47;107m8[0;1;37;97;47m@[0;36;5;40;100m.[0;37;5;47;107m8[0;1;37;97;47mt[0;1;30;90;47m%[0;36;5;40;100m [0;32;5;40;100m@[0;1;30;90;42m888[0;37;5;40;100mX[0;37;5;47;107mXXXXXXX[0;1;37;97;47m%[0;1;30;90;47m.[0;37;5;47;107mXXX@@@@[0;1;37;97;47mt[0;1;30;90;47m;[0;1;37;97;47mt[0;37;5;47;107m888888[0;1;37;97;47m88X[0;1;30;90;47m%X[0;1;37;97;47m8888888[0;1;30;90;42m@::::::........[0;30;42m.[0;32;40m@[0m
[0;32;40m%[0;1;30;90;42m;ttt%%%SSSXX@[0;1;37;97;47m.[0;37;5;47;107m8[0;1;37;97;47m@ [0;37;5;47;107m@@@[0;1;37;97;47m8[0;1;30;90;47mX[0;36;5;40;100m:[0;32;5;40;100m8[0;1;37;97;47m [0;37;5;47;107mXXXXXXXX[0;1;30;90;47m8[0;37;5;47;107mX@@@@8888[0;1;37;97;47m%[0;1;30;90;47m;;:[0;1;37;97;47m::[0;1;30;90;47m:t;.[0;1;37;97;47m88888888%[0;30;42mX[0;1;30;90;42m::::::.......[0;30;42m..[0;32;40mS[0m
 [0;1;30;90;42m;;ttt%%%SSSX[0;1;30;90;47m@;[0;37;5;47;107m88888@@@@[0;1;30;90;47m8:[0;37;5;47;107mXXXXXX@@[0;1;30;90;47m.[0;1;37;97;47m;[0;37;5;47;107m@@@88888888[0;1;37;97;47m8S%@88888888888[0;37;5;40;100mS[0;1;30;90;42m::::::........[0;30;42m..[0m 
 [0;30;42mt[0;1;30;90;42m;;ttt%%%SS[0;32;5;40;100mS[0;37;5;47;107m8888888888@[0;1;37;97;47m@[0;1;30;90;47m8[0;37;5;40;100m@[0;1;30;90;47m%[0;1;37;97;47m .:;;:[0;1;30;90;47mt[0;36;5;40;100m [0;1;37;97;47m%[0;37;5;47;107m88888888888[0;1;37;97;47m8888888888888[0;1;30;90;47m:[0;30;42m%[0;1;30;90;42m::::::.......[0;30;42m..t[0m 
 [0;32;40m8[0;1;30;90;42m;;;ttt%%%S[0;32;5;40;100m8[0;1;30;90;47mX[0;1;37;97;47m;8[0;37;5;47;107m88888888888[0;1;37;97;47mS:..   [0;1;30;90;47m.%X [0;37;5;47;107m888888888[0;1;37;97;47m8888888888888[0;1;30;90;47m;[0;30;42mX[0;1;30;90;42m::::::........[0;30;42m..8[0m 
  [0;1;30;90;42m:;;;tttt%%%SS@[0;36;5;40;100m.[0;1;30;90;47mt[0;37;5;47;107m8888888888888888888[0;1;37;97;47m;[0;1;30;90;47m8[0;1;37;97;47mS[0;37;5;47;107m88888[0;1;37;97;47m8888888888888X[0;1;30;90;47m8[0;36;5;40;100m :%[0;32;5;40;100mXX@@XXS%X[0;30;42m;[0;1;30;90;42m..[0;30;42m...[0;32;40m;[0m 
  [0;30;42mX[0;1;30;90;42m:;;;tttt%%%%SSS[0;32;5;40;100mS[0;1;30;90;47m [0;37;5;47;107m8888888888888888888[0;1;30;90;47m%8[0;1;37;97;47mt[0;37;5;47;107m8[0;1;37;97;47m8888888888888X[0;1;30;90;47m@8[0;1;37;97;47mX888@@@@@@X[0;1;30;90;47m;[0;32;5;40;100m8[0;1;30;90;42m...[0;30;42m..S[0m  
  [0;32;40mt[0;1;30;90;42m::;;;;tttt%%%%SSS[0;36;5;40;100m:[0;1;30;90;47m::[0;37;5;47;107m88888888888888888[0;1;37;97;47m8[0;1;30;90;47m.%t;[0;1;37;97;47m;X88888%[0;1;30;90;47m;@X%[0;1;37;97;47mX8888@@@@@@[0;1;30;90;47mS[0;32;5;40;100mX[0;30;42mt[0;1;30;90;42m...[0;30;42m...[0;32;40m%[0m  
   [0;30;42m@[0;1;30;90;42m::;;;;;ttttt%%%%%SX[0;36;5;40;100m.[0;1;30;90;47m;[0;1;37;97;47m%[0;1;30;90;47m:[0;37;5;47;107m8888888888[0;1;37;97;47m88888888t[0;1;30;90;47m:%%ttt:[0;1;37;97;47m;8888888@@@@%[0;37;5;40;100m8[0;1;30;90;42m8[0;30;42m;[0;1;30;90;42m....[0;30;42m...@[0m   
    [0;1;30;90;42m::::;;;;;tttttt%%%%%%S8[0;36;5;40;100m [0;37;5;40;100m8[0;1;30;90;47mt[0;37;5;40;100m@[0;1;37;97;47m;8888888888888;88888888888:[0;1;30;90;47mX[0;36;5;40;100m [0;32;5;40;100m@[0;1;30;90;42mX[0;36;5;40;100m% t[0;30;42m%[0;1;30;90;42m......[0;30;42m...;[0m    
    [0;32;40mS[0;1;30;90;42m:::::;;;;;;tttttttt%%%%%%%%S[0;32;5;40;100m8[0;36;5;40;100m; [0;37;5;40;100mS@8888@S[0;36;5;40;100m [0;1;30;90;42m@[0;32;5;40;100m8[0;37;5;40;100mX@S%%%[0;36;5;40;100m  [0;32;5;40;100m@[0;30;42mSt[0;1;30;90;42m::::.........[0;30;42m...:[0;32;40mS[0m    
     [0;32;40m8[0;1;30;90;42m:::::::;;;;;;;ttttttttttttttttttt;;;;;;;:::::::::::::::.........[0;30;42m....[0;32;40m8[0m     
      [0;30;42m8[0;1;30;90;42m:::::::::;;;;;;;;;;;;;;;;;;;;;;;;;;;::::::::::::::::..........[0;30;42m....8[0m      
       [0;30;42m@[0;1;30;90;42m::::::::::::;;;;;;;;;;;;;;;;;;::::::::::::::::::::.........[0;30;42m.....@[0m       
        [0;30;42m8[0;1;30;90;42m:::::::::::::::::::::::::::::::::::::::::::::::..........[0;30;42m.....8[0m        
         [0;32;40m8[0;1;30;90;42m:::::::::::::::::::::::::::::::::::::::::::...........[0;30;42m.....:[0;32;40m8[0m         
          [0;32;40mS[0;1;30;90;42m::::::::::::::::::::::::::::::::::::::::............[0;30;42m.....:[0;32;40mX[0m          
            [0;30;42m%[0;1;30;90;42m:::::::::::::::::::::::::::::::::::.............[0;30;42m......%[0m            
             [0;30;42m8[0;1;30;90;42m.::::::::::::::::::::::::::::................[0;30;42m......:8[0m             
              [0;32;40mt[0;30;42m%[0;1;30;90;42m.....::::::::::::::::...................[0;30;42m.......:%[0;32;40mt[0m              
                [0;32;40m@[0;30;42m:[0;1;30;90;42m...................................[0;30;42m........:;[0;32;40m@[0m                
                  [0;30;42m8[0;1;30;90;42m...............................[0;30;42m........:::8[0m                  
                    [0;30;42m8:[0;1;30;90;42m........................[0;30;42m.........::::8[0m                    
                      [0;32;40m8[0;30;42m:[0;1;30;90;42m................[0;30;42m............::::;8[0m                      
                        [0;32;40m8[0;30;42mt......................::::::t[0;32;40m8[0m                        
                          [0;32;40m%[0;30;42m@:..............:::::::::X[0;32;40mS[0m                          
                             [0;32;40m8[0;30;42mS:.::::::::::::::::S[0;32;40m8[0m                             
                                [0;32;40m8[0;30;42m%::::::::::::%[0;32;40m8[0m                                
                                   [0;32;40m@[0;30;42mX::::::X[0;32;40m8[0m                                   
                                      [0;32;40m%88S[0m                                      
