                                [0;1;30;90;43m::.:[0;1;33;93;43mX@8888@X[0;1;30;90;43m..:.[0m                                
                          [0;1;30;90;43m::[0;1;33;93;43m8[0;33;5;43;103m%;;;;;;;;;;;;;;;;;;;;%[0;1;33;93;43m8[0;1;30;90;43m..[0m                          
                      [0;1;30;90;43m::[0;33;5;43;103mX;::::%[0;1;30;90;43mSX@[0;33;5;43;103mX;:;;;;;;;;;;;;t[0;1;33;93;43mS[0;1;30;90;43m%X[0;33;5;43;103m8t@[0;1;30;90;43m..[0m                      
                   [0;1;30;90;43m:[0;1;33;93;43mX[0;33;5;43;103mt:;[0;1;33;93;43m8[0;1;30;90;43m@[0;33;5;43;103mX::[0;1;30;90;43m@[0;1;30;90;40m8[0;30;5;40;100m@[0;1;30;90;40mS[0;34;40m;[0;1;30;90;40m8[0;1;33;93;43m@[0;33;5;43;103m::S;t;;8[0;1;30;90;43m@[0;33;5;43;103m@;;[0;1;30;90;43mS[0;1;30;90;40m8[0;30;5;40;100m8[0;32;40m;[0;34;40m:[0;32;40m;[0;1;30;90;43mX[0;33;5;43;103m;;S%[0;1;30;90;43m:.[0m                   
                 [0;1;30;90;43m:[0;33;5;43;103m%::::X[0;33;5;40;100m@8[0;30;5;40;100m8[0;1;30;90;43mX[0;33;5;43;103m@[0;1;30;90;43m8[0;33;5;40;100mX8[0;30;5;40;100m8[0;1;30;90;40mSX[0;1;30;90;43m8[0;33;5;43;103m;[0;1;30;90;43m8[0;33;5;40;100m8[0;1;30;90;43m8[0;1;33;93;43mX[0;33;5;40;100m8[0;33;5;43;103m%[0;1;30;90;43m8[0;33;5;40;100m8[0;1;30;90;40m@[0;1;30;90;43mS[0;33;5;43;103m8[0;1;30;90;43m@[0;33;5;40;100m88[0;1;30;90;40m8[0;34;40m;:[0;1;30;90;43m@[0;33;5;43;103mt[0;1;33;93;43mX[0;30;5;40;100m@[0;1;30;90;43mX%[0;33;5;40;100m8[0;33;5;43;103mS[0;1;30;90;43m.[0m                 
               [0;31;43mS[0;33;5;43;103mt;::::::t[0;1;33;93;43m8[0;33;5;40;100m8[0;1;30;90;40mX[0;33;5;40;100m8[0;1;30;90;43m88[0;33;5;40;100m8[0;30;5;40;100mX[0;1;30;90;40mXX[0;1;30;90;43m8[0;33;5;43;103m:;8[0;1;30;90;43m88[0;33;5;43;103m8:t[0;1;33;93;43m8[0;1;30;90;43m8[0;1;30;90;40m%[0;30;5;40;100m8[0;1;30;90;43m@@[0;30;5;40;100m@8[0;34;40m::[0;1;30;90;43mS[0;33;5;43;103m;t8[0;1;30;90;43m%S[0;1;33;93;43m8[0;33;5;43;103m;t[0;1;33;93;43mt[0;31;43mX[0;31;40m@[0m              
             [0;31;43mS[0;1;33;93;43m:::[0;33;5;43;103m;::::::::S[0;1;30;90;43m8[0;33;5;40;100m@[0;30;5;40;100m@[0;1;30;90;40m8@@@8[0;37;43mS[0;33;5;43;103m:[0;1;30;90;43m88[0;33;5;43;103mX:::::%[0;1;30;90;43m8[0;30;5;40;100mS8[0;1;30;90;40mS[0;34;40m;;:;[0;1;30;90;43mX[0;33;5;43;103m;[0;1;30;90;43mSS[0;33;5;43;103m8;;;t[0;1;33;93;43m...[0;31;43mS[0m             
           [0;33;41m8[0;1;33;93;43m.::::[0;33;5;43;103m;;::::::8[0;37;43mS[0;33;5;43;103m8[0;1;30;90;43m8[0;1;30;90;40m88[0;30;5;40;100m@[0;1;30;90;40m8[0;30;5;40;100m8@[0;33;5;43;103mX:[0;33;5;40;100mX[0;1;30;90;43m8[0;33;5;43;103m;::::@[0;1;30;90;43m8[0;1;33;93;43m8[0;1;30;90;43m8[0;1;30;90;40m@S8SS@[0;1;33;93;43m@[0;33;5;43;103m;[0;33;5;40;100m8[0;1;30;90;43m8[0;33;5;43;103mS;;t[0;1;33;93;43m:....[0;1;31;91;43m8[0;31;43m8[0m           
         [0;31;40mX[0;1;31;91;43m8[0;1;33;93;43m::::;[0;33;5;43;103m;;::::::;[0;37;43mX[0;33;5;40;100mS8[0;30;5;40;100m8[0;33;5;40;100mX8X[0;30;5;40;100m88[0;1;30;90;40m8[0;33;5;43;103m8.[0;1;30;90;43m8[0;33;5;40;100mX[0;33;5;43;103m@:::;[0;1;33;93;43mX[0;33;5;40;100m@[0;30;5;40;100m@[0;1;30;90;40m8[0;30;5;40;100mSS[0;33;5;40;100m8[0;1;30;90;40m@X[0;34;40m;[0;1;30;90;43mS[0;33;5;43;103m;[0;1;30;90;43mS[0;30;5;40;100m@[0;1;33;93;43m8[0;33;5;43;103m;;;[0;1;33;93;43m.......[0;31;43mt[0;31;40m@[0m         
        [0;33;41m8[0;1;33;93;43m.:::;[0;33;5;43;103m;;::::::.[0;37;5;43;103m::%[0;33;5;43;103m%[0;37;5;43;103m;S;::[0;1;30;90;43m8[0;1;30;90;40m88[0;1;33;93;43m8[0;37;5;43;103m:%[0;33;5;40;100mS[0;33;5;43;103m:..::;S:S:;:[0;1;30;90;43m@[0;1;30;90;40mS[0;34;40m;[0;1;30;90;43mX[0;33;5;43;103m;;[0;33;5;40;100m8[0;33;5;43;103mS;;[0;1;33;93;43m.........[0;1;31;91;43m8[0;33;41m8[0m        
       [0;31;43m8[0;1;33;93;43m::::;[0;33;5;43;103m;;::::::[0;37;5;43;103m::::S;%[0;37;43mX[0;33;5;40;100m@@[0;30;5;40;100mSSS8S[0;1;30;90;43m8[0;37;5;43;103m:[0;1;30;90;43m8[0;37;5;43;103m%::[0;33;5;43;103m.:t;t[0;1;33;93;43mX[0;33;5;40;100m8[0;30;5;40;100mX[0;1;30;90;40m888[0;34;40m;[0;1;30;90;40m@[0;1;30;90;43m8[0;33;5;43;103m;[0;1;30;90;43mX[0;33;5;43;103m8;[0;1;33;93;43m:.........[0;1;31;91;43m88[0;31;43m8[0m       
      [0;31;43m@[0;1;33;93;43m::::;[0;33;5;43;103m;;:::::::[0;37;5;43;103m;:::X@[0;37;43m@[0;30;5;40;100mX8[0;33;5;40;100mX[0;37;43mX[0;33;5;40;100mS[0;30;5;40;100m88[0;33;5;40;100mS[0;37;43m@[0;1;30;90;43m8[0;1;33;93;43m8[0;37;5;43;103m:::::[0;33;5;43;103m%8[0;1;33;93;43m8[0;30;5;40;100m8[0;1;30;90;40mX[0;33;5;40;100m8[0;1;30;90;43m@[0;33;5;40;100m8[0;1;30;90;40mS[0;34;40m;[0;1;30;90;40mX[0;1;30;90;43mX@X[0;33;5;43;103m;;[0;1;33;93;43m...........[0;1;31;91;43m88[0;31;43mX[0m      
     [0;31;43mX[0;1;33;93;43m::::;[0;33;5;43;103m;;:::::::..[0;37;5;43;103m:.....@[0;30;5;40;100mX[0;33;5;40;100m%[0;37;5;43;103m@[0;1;30;90;43m8[0;30;5;40;100m@@[0;33;5;40;100m%[0;37;5;43;103mt...:::::[0;33;5;43;103m.:X[0;1;30;90;40m88[0;1;33;93;43m8[0;1;30;90;43m8[0;1;30;90;40mS%X[0;33;5;43;103mS;;;[0;1;33;93;43m:...........[0;1;31;91;43m888[0;31;43m@[0m     
    [0;31;43m8[0;1;33;93;43m::::;;[0;33;5;43;103m;:::::::...[0;37;5;43;103m%.[0;33;47m8[0;33;5;40;100m:[0;1;30;90;43m8[0;33;5;40;100mS%%[0;37;43m8[0;37;5;43;103m%[0;33;47m88[0;33;5;40;100m%[0;30;5;40;100mX[0;33;5;40;100m%[0;37;5;43;103m.....:[0;33;5;43;103m8[0;33;5;40;100m%8[0;1;30;90;43m8[0;30;5;40;100m8[0;1;30;90;40m8[0;1;30;90;43m8[0;33;5;43;103m;[0;1;30;90;43m8[0;1;33;93;43m8[0;1;30;90;40m8%[0;33;5;40;100m8[0;33;5;43;103m:;[0;1;33;93;43m;:............[0;1;31;91;43m888[0;31;43m8[0m    
   [0;31;40m8[0;1;33;93;43m:::::;[0;33;5;43;103m;:::::::.....[0;37;5;43;103m.@[0;1;30;90;43m88[0;37;43m@[0;37;5;43;103m@:.:t[0;1;33;93;47mX[0;30;5;40;100mS[0;33;5;40;100m;[0;37;5;43;103m8......X[0;1;30;90;43m888[0;33;5;43;103m@;:;%@[0;1;30;90;40m@8[0;1;33;93;43m8[0;33;5;43;103m:;[0;1;33;93;43m:::...........[0;1;31;91;43m8888[0;30;41m@[0m   
   [0;1;31;91;43m8[0;1;33;93;43m:::::;[0;33;5;43;103m;:::::::.....[0;37;5;43;103mX......;[0;1;30;90;47m%[0;33;5;40;100m :[0;37;43m8[0;37;5;43;103m;........:::;[0;33;5;43;103m::[0;1;30;90;43m8[0;30;5;40;100mX8[0;1;30;90;43m8[0;33;5;43;103mS:;[0;1;33;93;43m::::...........[0;1;31;91;43m88888[0m   
  [0;31;43m8[0;1;33;93;43m:::::;[0;33;5;43;103m;;::::::......[0;37;5;43;103mX;......@%S..........::::[0;33;5;43;103m.:SX%;:;;[0;1;33;93;43m::::...........[0;1;31;91;43m88888[0;31;43m8[0m  
  [0;1;31;91;43m8[0;1;33;93;43m:::::;[0;33;5;43;103m;:::::::......[0;37;5;43;103mXX...................::::[0;33;5;43;103m.::::::;[0;1;33;93;43m:::::............[0;1;31;91;43m88888[0m  
 [0;33;41m8[0;1;33;93;43m::::::;[0;33;5;43;103m;:::::::......[0;37;5;43;103mXX@..............t[0;37;43m@@[0;33;5;43;103m8[0;37;5;43;103m::::[0;33;5;43;103m.:::::;[0;1;33;93;43m::::::............[0;1;31;91;43m88888[0;33;41m8[0m 
 [0;31;43mt[0;1;33;93;43m::::::;[0;33;5;43;103m;:::::::......[0;37;5;43;103mXX@;.......88..%[0;1;30;90;43m8[0;33;5;40;100m;[0;30;5;40;100mS@8[0;33;5;40;100m%[0;37;5;43;103mt::[0;33;5;43;103m:::::;;[0;1;33;93;43m::::::...........[0;1;31;91;43m8888888[0m 
 [0;1;33;93;43m.::::::;[0;33;5;43;103m;;::::::.......[0;37;5;43;103mXX@......[0;33;47m8[0;33;5;40;100m .[0;1;30;90;43m8[0;37;5;43;103m@8[0;33;5;40;100m;:;[0;30;5;40;100mX8S[0;33;5;43;103mS[0;37;5;43;103mt[0;33;5;40;100m8@[0;37;43mS[0;1;30;90;43m8[0;1;33;93;43m8[0;33;5;43;103m:;[0;1;33;93;43m;::::::...........[0;1;31;91;43m8888888[0;31;40m%[0m
[0;30;41m8[0;1;33;93;43m.:::::::;[0;33;5;43;103m;:::::::.......[0;37;5;43;103mXXX.....:@[0;37;43m8[0;33;5;40;100m%tt[0;37;43m@[0;33;5;40;100m%%[0;30;5;40;100mS8[0;33;5;40;100mX[0;37;5;43;103m%t[0;33;5;43;103m;8[0;1;30;90;43m88[0;33;5;43;103m%;[0;1;33;93;43m;:::::::...........[0;1;31;91;43m8888888[0;30;41m8[0m
[0;33;41m8[0;1;33;93;43m.:::::::;[0;33;5;43;103m;;:::::::........[0;37;5;43;103mX;.......[0;33;47m8[0;33;5;40;100m;[0;36;5;40;100m:%[0;30;5;40;100m8888[0;33;5;40;100mX[0;33;5;43;103m%t[0;1;30;90;43m88[0;33;5;43;103m;::;[0;1;33;93;43m;:::::::...........[0;1;31;91;43m8888888[0;33;41m8[0m
[0;31;43m8[0;1;33;93;43m..:::::::;[0;33;5;43;103m;::::::::........[0;37;5;43;103mX.....t@@@[0;33;5;40;100mt[0;30;5;40;100m8@X8X[0;33;5;40;100mX[0;37;5;43;103m;[0;1;30;90;43m8[0;33;5;40;100mX[0;1;33;93;43m8[0;33;5;43;103m::;[0;1;33;93;43m;:::::::...........[0;1;31;91;43m88888888[0;31;43m8[0m
[0;31;43m8[0;1;33;93;43m..::::::::;[0;33;5;43;103m;::::::::........[0;37;5;43;103mS....@[0;33;5;40;100m;t[0;30;5;40;100mSX[0;33;5;40;100mSX[0;30;5;40;100mS@[0;1;30;90;40m8[0;33;5;40;100m8[0;33;5;43;103m.X[0;30;5;40;100m@[0;1;30;90;43m8[0;33;5;43;103mt;;[0;1;33;93;43m:::::::............[0;1;31;91;43m88888888[0;33;41m8[0m
[0;33;41m8[0;1;33;93;43m...::::::::;[0;33;5;43;103m;:::::::::.......[0;37;5;43;103m;....XXX[0;33;5;43;103m%[0;37;5;43;103mS:[0;33;5;43;103m@[0;30;5;40;100mX[0;1;30;90;40m8[0;33;5;40;100m8[0;33;5;43;103m::[0;1;30;90;43m88[0;33;5;43;103m:;[0;1;33;93;43m::::::::............[0;1;31;91;43m88888888[0;33;41m8[0m
[0;31;40m8[0;1;33;93;43m....::::::::;[0;33;5;43;103m;;:::::::::::....[0;37;5;43;103m::::%:[0;33;5;43;103m%[0;1;30;90;43m8[0;33;5;40;100m888[0;30;5;40;100mS[0;1;30;90;40m@@[0;33;5;40;100mX[0;33;5;43;103mXt[0;1;30;90;43m8[0;33;5;43;103m;[0;1;33;93;43m::::::::............[0;1;31;91;43m888888888[0;30;41m8[0m
 [0;1;33;93;43m.....::::::::;[0;33;5;43;103m;;:::::::::::::::[0;37;5;43;103m::;[0;1;33;93;43m88[0;33;5;40;100mX[0;1;30;90;40m88[0;1;30;90;43m88[0;30;5;40;100m8[0;1;30;90;40mXX[0;1;30;90;43m8[0;33;5;40;100m8[0;1;30;90;43m8[0;33;5;43;103m@[0;1;33;93;43m::::::::............[0;1;31;91;43m8888888888[0m 
 [0;31;43m%[0;1;33;93;43m.....:::::::::;[0;33;5;43;103m;;::::::::::::::..::;[0;33;5;40;100m8[0;1;30;90;40m@[0;1;30;90;43m8[0;33;5;43;103mt[0;30;5;40;100m8[0;1;30;90;40mXX[0;1;30;90;43m8[0;33;5;43;103m;;;[0;1;33;93;43m:::::::............[0;1;31;91;43m8888888888[0;31;43m%[0m 
 [0;33;41m@[0;1;33;93;43m......::::::::::;[0;33;5;43;103m;;;:::::::::::t[0;1;30;90;43m888[0;33;5;40;100m8[0;1;30;90;40m8[0;30;5;40;100m@[0;33;5;43;103m@[0;1;33;93;43m8@[0;33;5;40;100m8[0;1;30;90;40mS@[0;33;5;43;103m8;[0;1;33;93;43m:::::::.............[0;1;31;91;43m8888888888[0;33;41m8[0m 
  [0;1;31;91;43m8[0;1;33;93;43m.......:::::::::::;;[0;33;5;43;103m;;;;::::::t[0;1;30;90;43m8[0;33;5;40;100m8[0;1;30;90;43m@@[0;33;5;43;103m@;:::[0;1;30;90;43m8[0;1;30;90;40mS[0;33;5;40;100m8[0;33;5;43;103m;[0;1;33;93;43m::::::..............[0;1;31;91;43m88888888888[0m  
  [0;33;41m8[0;1;33;93;43m........::::::::::::::;;;[0;33;5;43;103m;;;;;;::::::8[0;33;5;40;100mX[0;30;5;40;100m@[0;1;30;90;40m8[0;1;30;90;43mX[0;33;5;43;103m%;[0;1;33;93;43m:::::..............[0;1;31;91;43m88888888888[0;33;41m8[0m  
   [0;1;31;91;43m8[0;1;33;93;43m.........:::::::::::::::::::::[0;33;5;43;103m;:::::t[0;1;33;93;43m@[0;33;5;43;103mX8;;[0;1;33;93;43m::::..............[0;1;31;91;43m8888888888888[0m   
   [0;31;40mX[0;1;31;91;43m8[0;1;33;93;43m...........:::::::::::::::::::[0;33;5;43;103m;:::;;;;;;[0;1;33;93;43m::................[0;1;31;91;43m8888888888888[0;31;40m8[0m   
    [0;33;41m@[0;1;33;93;43m..............::::::::::::::::[0;33;5;43;103m;;;;;;;;;;[0;1;33;93;43m.................[0;1;31;91;43m8888888888888[0;33;41m8[0m    
     [0;33;41m8[0;1;33;93;43m.................:::::::::::::[0;33;5;43;103m;;;;;;;;[0;1;33;93;43m................[0;1;31;91;43m88888888888888[0;33;41m8[0m     
      [0;33;41m8[0;1;33;93;43m.............................:[0;33;5;43;103m;;;;;;[0;1;33;93;43m:..............[0;1;31;91;43m888888888888888[0;31;43m8[0m      
       [0;33;41m8[0;1;31;91;43m8[0;1;33;93;43m............................[0;33;5;43;103m;;;;;;[0;1;33;93;43m.............[0;1;31;91;43m8888888888888888[0;33;41m8[0m       
        [0;31;40m8[0;1;31;91;43m8[0;1;33;93;43m............................[0;33;5;43;103m;;;t[0;1;33;93;43m............[0;1;31;91;43m88888888888888888[0;30;41m8[0m        
          [0;31;43mS[0;1;31;91;43m8[0;1;33;93;43m..........................:[0;33;5;43;103mtt[0;1;33;93;43m:.........[0;1;31;91;43m888888888888888888[0;31;43mX[0m          
           [0;30;41m@[0;1;31;91;43m888[0;1;33;93;43m........................[0;33;5;43;103mtt[0;1;33;93;43m.......[0;1;31;91;43m88888888888888888888[0;33;41m@[0m           
             [0;31;43m8[0;1;31;91;43m888888[0;1;33;93;43m.......................[0;1;31;91;43m88888888888888888888888[0;31;43m8[0m             
               [0;31;43m8[0;1;31;91;43m888888888888[0;1;33;93;43m.......[0;1;31;91;43m88888888888888888888888888888[0;31;43m8[0m               
                 [0;33;41m8[0;1;31;91;43m88888888888888888888888888888888888888888888[0;33;41m8[0m                 
                    [0;31;43m8[0;1;31;91;43m88888888888888888888888888888888888888[0;31;43m8[0;31;40m8[0m                   
                       [0;33;41m8[0;31;43mS[0;1;31;91;43m888888888888888888888888888888[0;31;43mS[0;33;41m8[0m                       
                           [0;33;41m8[0;31;43m@%[0;1;31;91;43m88888888888888888888[0;31;43m%@[0;33;41m8[0;31;40m8[0m                          
                                 [0;30;41m@[0;33;41m88[0;31;43m88@@@@88[0;33;41m88[0;30;41m@[0m                                 
