[0;34;40m ......;[0;1;30;90;40m%[0;34;40m......;[0;1;30;90;40mS[0;34;40m..::::[0;1;30;90;40mSS[0;34;40m::::::[0;1;30;90;40mSX[0;34;40m::::::[0;1;30;90;40mSS[0;34;40m......;[0;1;30;90;40mS[0;34;40m......;[0;1;30;90;40mS[0;34;40m......;;.     :;       [0m
[0;36;5;40;100m:[0;30;5;40;100m8[0;34;40m....[0;1;30;90;40m@[0;1;30;90;47m%%[0;30;5;40;100m8[0;34;40m::::[0;30;5;40;100m8[0;1;30;90;47m%t[0;30;5;40;100m8[0;34;40m::;;[0;30;5;40;100m8[0;1;30;90;47mtt[0;30;5;40;100m8[0;34;40m;;;;[0;1;30;90;40m8[0;1;30;90;47mt;[0;30;5;40;100m@[0;34;40m;;;;[0;30;5;40;100m8[0;1;30;90;47mtt[0;30;5;40;100m@[0;34;40m::::[0;1;30;90;40m8[0;1;30;90;47m%%[0;30;5;40;100m8[0;34;40m::..[0;1;30;90;40m8[0;1;30;90;47mS%[0;30;5;40;100m8[0;34;40m....[0;1;30;90;40m@[0;1;30;90;47mXS[0;1;30;90;40m8[0;34;40m....[0;1;30;90;40mX[0;1;30;90;47m@X[0;1;30;90;40m8[0;34;40m    [0;1;30;90;40mX[0;36;5;40;100m;[0m
[0;34;40m.....::[0;36;5;40;100m. [0;34;40m::::::[0;36;5;40;100m. [0;34;40m;;;;;;[0;36;5;40;100m  [0;34;40m;;;;;;[0;36;5;40;100m  [0;34;40m;;;;;;[0;36;5;40;100m  [0;34;40m;;::::[0;36;5;40;100m. [0;34;40m::::..[0;36;5;40;100m: [0;34;40m......[0;36;5;40;100m. [0;34;40m......[0;36;5;40;100mt [0;34;40m      .[0m
[0;30;5;40;100mS[0;34;40m;..::;[0;1;30;90;47mS;[0;1;30;90;40m%[0;34;40m:::;[0;1;30;90;40mS[0;1;30;90;47m%.[0;1;30;90;40mX[0;34;40m;;;;[0;1;30;90;40mX[0;1;30;90;47mt:[0;1;30;90;40m@SSSSX[0;1;30;90;47m%.[0;1;30;90;40m@S%%[0;34;40m;[0;1;30;90;40mX[0;1;30;90;47m;:[0;1;30;90;40mX[0;34;40m;;;;;[0;1;30;90;47m%;[0;34;40m;::::;[0;1;30;90;47mS;[0;34;40m;....:[0;1;30;90;47mX%[0;34;40m:....:[0;1;30;90;47m8%[0;34;40m:    .[0;30;5;40;100mX[0m
[0;34;40m..:::::::::;;;;;;;[0;1;30;90;40m%SSSSSSSSSXXXSSSSSSSSS%[0;34;40m;;;;;;;:::::::::................       [0m
[0;34;40m.::[0;30;5;40;100m@X[0;34;40m::::;;[0;30;5;40;100mX[0;36;5;40;100mt[0;34;40m;;[0;1;30;90;40m%SSS[0;36;5;40;100mt;[0;1;30;90;40mXXXXXX[0;36;5;40;100m;:[0;1;30;90;40mXXXXXX[0;36;5;40;100mt:[0;1;30;90;40mXSSSSS[0;36;5;40;100m%t[0;34;40m;;;;;:[0;30;5;40;100m@S[0;34;40m:::::.[0;30;5;40;100m@X[0;34;40m......[0;30;5;40;100m8@[0;34;40m....  [0;30;5;40;100m8@[0;34;40m   [0m
[0;34;40m.:[0;1;30;90;40m8[0;1;30;90;47m88[0;30;5;40;100m8[0;34;40m::;;[0;30;5;40;100m8[0;1;30;90;47m8@[0;30;5;40;100mX[0;1;30;90;40mSSSS[0;30;5;40;100m@[0;1;30;90;47mXX[0;36;5;40;100mt[0;1;30;90;40m@@@@[0;30;5;40;100mX[0;1;30;90;47mSS[0;30;5;40;100m%[0;1;30;90;40m@@@@[0;30;5;40;100mS[0;1;30;90;47mXS[0;36;5;40;100m%[0;1;30;90;40mXXXS[0;30;5;40;100m8[0;1;30;90;47m@@[0;30;5;40;100m@[0;34;40m;;;;[0;1;30;90;40m8[0;1;30;90;47m88[0;30;5;40;100m8[0;34;40m::::[0;1;30;90;40m8[0;1;30;90;47m88[0;30;5;40;100m8[0;34;40m....[0;1;30;90;40m@[0;37;5;40;100m88[0;1;30;90;40m8[0;34;40m....[0;1;30;90;40m@[0;37;5;40;100m@8[0;1;30;90;40m8[0;34;40m  [0m
[0;34;40m.::[0;37;5;40;100m8[0;1;30;90;47m8[0;34;40m:;;;;;[0;37;5;40;100m@[0;1;30;90;47mX[0;1;30;90;40mSSXXXX[0;1;30;90;47m@S[0;1;30;90;40m@@8888[0;1;30;90;47m8S[0;1;30;90;40m888888[0;1;30;90;47m8%[0;1;30;90;40m@@@XXX[0;1;30;90;47m88[0;1;30;90;40mSS[0;34;40m;;;;[0;37;5;40;100m@[0;1;30;90;47m8[0;34;40m::::::[0;37;5;40;100m8[0;1;30;90;47m8[0;34;40m......[0;37;5;40;100mS8[0;34;40m......[0;37;5;40;100m%8[0;34;40m   [0m
[0;34;40m.:;[0;36;5;40;100m [0;37;5;40;100mS[0;1;30;90;40mS[0;34;40m;;;;[0;1;30;90;40mX[0;37;5;40;100mS8[0;1;30;90;40m8XXX@8[0;37;5;40;100m88[0;30;5;40;100m8[0;1;30;90;40m8888[0;30;5;40;100m8[0;37;5;40;100m8[0;1;30;90;47m8[0;30;5;40;100m8[0;1;30;90;40m8888[0;30;5;40;100m8[0;37;5;40;100m8[0;1;30;90;47m8[0;30;5;40;100m8[0;1;30;90;40m8@@@8[0;37;5;40;100m@@[0;1;30;90;40m8SS%[0;34;40m;[0;1;30;90;40mS[0;36;5;40;100m [0;37;5;40;100mX[0;1;30;90;40mS[0;34;40m::::;[0;36;5;40;100m [0;37;5;40;100mS[0;1;30;90;40m%[0;34;40m....:[0;36;5;40;100m  [0;34;40m;....:[0;36;5;40;100m  [0;34;40m:  [0m
[0;34;40m.:::;;;;;[0;1;30;90;40mSSSXXX@@@8888888[0;30;5;40;100m888888888[0;1;30;90;40m8888888@@@XXXSS%[0;34;40m;;;;;::::::...............    [0m
[0;1;30;90;40mXS[0;34;40m:;;;[0;1;30;90;40mS[0;36;5;40;100m  [0;1;30;90;40m@SXX@8[0;37;5;40;100mS@[0;30;5;40;100m8[0;1;30;90;40m888[0;30;5;40;100m88[0;37;5;40;100m@8[0;30;5;40;100m@8888@[0;37;5;40;100m@8[0;30;5;40;100m@888[0;1;30;90;40m8[0;30;5;40;100m8[0;37;5;40;100mX@[0;30;5;40;100m8[0;1;30;90;40m8@@X@[0;36;5;40;100m [0;37;5;40;100m%[0;1;30;90;40m@%[0;34;40m;;;[0;1;30;90;40mS[0;36;5;40;100m  [0;1;30;90;40m%[0;34;40m:::::[0;36;5;40;100m  [0;34;40m;....:[0;36;5;40;100m  [0;34;40m:..  .[0;1;30;90;40mS[0m
[0;30;5;40;100mX8[0;34;40m:;;;[0;1;30;90;40m8[0;37;5;40;100m@8[0;30;5;40;100m@[0;1;30;90;40mXX@@[0;30;5;40;100mX[0;37;5;40;100m8[0;1;30;90;47m@[0;36;5;40;100mt[0;1;30;90;40m8[0;30;5;40;100m888[0;36;5;40;100mt[0;1;30;90;47m@X[0;36;5;40;100m:[0;30;5;40;100m@@@@[0;36;5;40;100m;[0;1;30;90;47m@S[0;36;5;40;100m:[0;30;5;40;100m8888[0;36;5;40;100mt[0;1;30;90;47m@8[0;36;5;40;100mt[0;1;30;90;40m88@@[0;30;5;40;100m8[0;37;5;40;100m88[0;30;5;40;100m8[0;1;30;90;40mS%[0;34;40m;;[0;1;30;90;40m8[0;37;5;40;100mS8[0;1;30;90;40m8[0;34;40m::::[0;1;30;90;40m@[0;37;5;40;100mSX[0;1;30;90;40m8[0;34;40m....[0;1;30;90;40mX[0;36;5;40;100m [0;37;5;40;100mS[0;1;30;90;40m@[0;34;40m... [0;1;30;90;40mS[0;30;5;40;100m@[0m
[0;30;5;40;100mX[0;34;40m;;;;;[0;1;30;90;40mS[0;1;30;90;47m:[0;1;37;97;47m.[0;1;30;90;40mXXX@@8[0;1;37;97;47m.%[0;30;5;40;100m88888@[0;1;37;97;47mt%[0;30;5;40;100mXXXXXX[0;1;37;97;47m;S[0;30;5;40;100mX@@888[0;1;37;97;47m;%[0;30;5;40;100m8[0;1;30;90;40m888@@[0;1;30;90;47m.[0;1;37;97;47m:[0;1;30;90;40mXSS%[0;34;40m;;[0;1;30;90;47m:[0;1;37;97;47m:[0;34;40m;:::::[0;1;30;90;47m;:[0;34;40m:.....[0;1;30;90;47mS.[0;34;40m.... .[0;30;5;40;100m@[0m
[0;34;40m;[0;1;30;90;40m%[0;34;40m;;;;[0;1;30;90;40mX[0;30;5;40;100mXS[0;1;30;90;40m@X@@8[0;30;5;40;100m8[0;36;5;40;100mt.[0;30;5;40;100m8888@X[0;36;5;40;100m  [0;30;5;40;100m%SSSS[0;36;5;40;100m%  [0;30;5;40;100m%XX@@@[0;36;5;40;100m..[0;30;5;40;100m8[0;1;30;90;40m88888[0;30;5;40;100mS[0;36;5;40;100m%[0;1;30;90;40m@SSS[0;34;40m;[0;1;30;90;40mS[0;30;5;40;100m8@[0;34;40m;:::::[0;30;5;40;100m88[0;34;40m:....:[0;1;30;90;40m8[0;30;5;40;100m8[0;34;40m:... .:[0m
[0;34;40m.;;;;[0;1;30;90;40m%SSXX@@8888[0;30;5;40;100m8888@@XXSS%[0;36;5;40;100m%%t%%[0;30;5;40;100mSSSXX@@8888[0;1;30;90;40m888@@XXXSS%[0;34;40m;;;;::::::.............   [0m
[0;34;40m.;[0;1;30;90;40m8[0;1;30;90;47mXS[0;30;5;40;100m8[0;1;30;90;40mSSXX[0;30;5;40;100m@[0;1;30;90;47m%;[0;36;5;40;100m%[0;1;30;90;40m88[0;30;5;40;100m88[0;36;5;40;100m;[0;1;30;90;47m. [0;36;5;40;100m [0;30;5;40;100mXSS[0;36;5;40;100m% [0;1;37;97;47m .[0;36;5;40;100m ttt% [0;1;30;90;47m.[0;1;37;97;47m [0;36;5;40;100m [0;30;5;40;100m@@88[0;36;5;40;100m%[0;1;30;90;47m;;[0;30;5;40;100mS[0;1;30;90;40m8@@X[0;30;5;40;100m8[0;1;30;90;47mS%[0;30;5;40;100m8[0;34;40m;;;;[0;1;30;90;40m8[0;1;30;90;47mXX[0;1;30;90;40m8[0;34;40m::..[0;1;30;90;40mX[0;1;30;90;47m8@[0;1;30;90;40m@[0;34;40m....[0;1;30;90;40mX[0;1;30;90;47m88[0;1;30;90;40m@[0;34;40m  [0m
[0;34;40m.;[0;1;30;90;40m%[0;36;5;40;100m  [0;1;30;90;40mXSS@[0;36;5;40;100m [0;1;30;90;47m8 [0;1;37;97;47m.[0;37;5;40;100m8@[0;30;5;40;100m888X[0;37;5;40;100m8[0;1;30;90;47m8[0;36;5;40;100m%[0;30;5;40;100mSS[0;36;5;40;100m%t;[0;1;30;90;47m8X[0;36;5;40;100m.;;ttt[0;37;5;40;100m8[0;1;30;90;47m@[0;30;5;40;100m%@@888[0;37;5;40;100mX@[0;30;5;40;100m8[0;1;30;90;40m8@@X@[0;36;5;40;100m [0;37;5;40;100mS[0;1;30;90;40mX[0;34;40m;;;;;[0;36;5;40;100m  [0;34;40m;::..:[0;36;5;40;100m  [0;34;40m:....:[0;36;5;40;100m: [0;34;40m:  [0m
[0;34;40m.;[0;1;30;90;40mS[0;1;37;97;47m.:[0;1;30;90;40m@S[0;36;5;40;100m [0;37;5;47;107m8[0;1;37;97;47m.[0;30;5;40;100mX[0;1;37;97;47m8[0;37;5;47;107m:8[0;1;37;97;47m.[0;1;30;90;47m.[0;1;37;97;47m8[0;37;5;40;100m@[0;30;5;40;100mS[0;1;37;97;47mS@[0;36;5;40;100mt[0;30;5;40;100mSS[0;36;5;40;100m%t:[0;1;37;97;47mS8[0;36;5;40;100m :;tt;[0;1;37;97;47mS8[0;36;5;40;100mt[0;30;5;40;100mX@88@[0;1;37;97;47mt%[0;30;5;40;100m8[0;1;30;90;40m8@@X@[0;1;37;97;47m t[0;1;30;90;40m@[0;34;40m;;;;[0;1;30;90;40m%[0;1;37;97;47m.:[0;1;30;90;40mS[0;34;40m::..:[0;1;30;90;47m:[0;1;37;97;47m.[0;34;40m;....:[0;1;30;90;47m;[0;1;37;97;47m [0;34;40m:  [0m
[0;34;40m.;;[0;1;30;90;40mSSS[0;30;5;40;100mX[0;37;5;47;107mS8[0;1;37;97;47m88[0;37;5;47;107m::%[0;1;37;97;47m8[0;37;5;47;107m:..8[0;36;5;40;100m [0;30;5;40;100mSXSS[0;36;5;40;100m%tt::;;;tt[0;30;5;40;100m%[0;36;5;40;100m%t[0;30;5;40;100mX@@88888[0;1;30;90;40m88@@XXXX%[0;34;40m;;;;:;;:::...::.......:.  [0m
[0;34;40m.;;;;[0;1;30;90;40m%S[0;30;5;40;100m@[0;36;5;40;100m. :[0;1;30;90;47m8[0;1;37;97;47m%S@[0;37;5;47;107m:.. .[0;1;30;90;47m:[0;30;5;40;100mSX[0;36;5;40;100m  [0;30;5;40;100m%[0;36;5;40;100mttttt  [0;30;5;40;100m%SSXX@[0;36;5;40;100m::[0;30;5;40;100m88[0;1;30;90;40m8888[0;30;5;40;100mXX[0;1;30;90;40mXXSS%[0;34;40m;[0;30;5;40;100m88[0;34;40m;:::::[0;1;30;90;40m88[0;34;40m......[0;1;30;90;40mX8[0;34;40m.....  [0m
[0;36;5;40;100m.[0;30;5;40;100mX[0;34;40m;;;[0;1;30;90;40m%[0;30;5;40;100m8[0;1;30;90;47mt@[0;30;5;40;100mS[0;1;30;90;40m@@[0;30;5;40;100m%[0;1;37;97;47mS[0;37;5;47;107m%[0;1;37;97;47m;8[0;37;5;47;107m..  8[0;37;5;40;100mS[0;1;37;97;47m..[0;36;5;40;100m [0;30;5;40;100mS%[0;36;5;40;100mt [0;37;5;40;100mX[0;1;37;97;47m ;[0;1;30;90;47m [0;1;37;97;47m;%X@XX%[0;1;30;90;47m:@[0;36;5;40;100m t[0;1;30;90;40m8[0;30;5;40;100mX[0;1;30;90;47m;;[0;30;5;40;100mS[0;1;30;90;40mSSS[0;34;40m;[0;30;5;40;100m@[0;1;30;90;47mS%[0;30;5;40;100m@[0;34;40m::::[0;1;30;90;40m8[0;1;30;90;47mSS[0;30;5;40;100m8[0;34;40m....[0;1;30;90;40m@[0;1;30;90;47m@X[0;1;30;90;40m8[0;34;40m... [0;1;30;90;40m@[0;36;5;40;100m:[0m
[0;34;40m::;;;;[0;1;30;90;40mS[0;36;5;40;100m [0;37;5;40;100mX[0;1;30;90;40mXX@@8[0;1;30;90;47m%[0;37;5;47;107m:8[0;1;37;97;47m;[0;37;5;47;107m..  :[0;1;37;97;47m.[0;1;30;90;47mt.[0;1;37;97;47mS[0;37;5;47;107m@:          ...:::%[0;1;37;97;47m%[0;1;30;90;47mS[0;36;5;40;100m [0;1;30;90;40mXSS%[0;34;40m;;[0;36;5;40;100m [0;37;5;40;100mX[0;34;40m::::::[0;36;5;40;100m  [0;34;40m......[0;36;5;40;100m  [0;34;40m....  .[0m
[0;30;5;40;100m8[0;1;30;90;40mS[0;34;40m;;;;[0;1;30;90;40mX[0;1;30;90;47m@S[0;1;30;90;40m8XX@@[0;30;5;40;100m8[0;37;5;40;100mX[0;37;5;47;107mt%[0;1;37;97;47m [0;37;5;47;107m...               ....:::::;;;[0;1;37;97;47m8[0;1;30;90;47m@[0;30;5;40;100m@[0;34;40m;;[0;1;30;90;40mS[0;1;30;90;47m8S[0;1;30;90;40mX8[0;30;5;40;100mX[0;36;5;40;100m  [0;1;30;90;47m8[0;1;37;97;47m.;;%%;[0;1;30;90;47m.8:X[0;34;40m:... :[0;1;30;90;40m8[0m
[0;34;40m ::;;;;[0;1;30;90;40m%SSXXX@@8[0;36;5;40;100m [0;37;5;47;107mS%[0;1;37;97;47m [0;37;5;47;107m....          ......:::::;;;;;;t@[0;1;37;97;47m8@8[0;37;5;47;107m8%tS[0;1;37;97;47mX[0;1;30;90;47m @[0;37;5;40;100mS[0;36;5;40;100m t[0;30;5;40;100mSS[0;36;5;40;100m.[0;37;5;40;100m8[0;1;30;90;47m:[0;1;37;97;47m%X[0;1;30;90;47mS[0;1;30;90;40m@[0;34;40m..   [0m
 [0;34;40m::[0;36;5;40;100mt;[0;34;40m;;;[0;1;30;90;40m%SS[0;36;5;40;100m: [0;1;30;90;40mX@@8[0;36;5;40;100mt[0;37;5;47;107m8@[0;1;37;97;47m.[0;37;5;47;107m............%[0;1;37;97;47m8@@@XXX@[0;37;5;47;107mt:;;;;;;;[0;1;37;97;47m.[0;1;30;90;47m%[0;37;5;40;100mSS[0;36;5;40;100m  [0;30;5;40;100mS[0;1;30;90;40m@[0;36;5;40;100mt;[0;34;40m:.....[0;30;5;40;100mX[0;36;5;40;100mt[0;34;40m......[0;30;5;40;100m@[0;36;5;40;100m%[0;34;40m  [0m 
 [0;34;40m.[0;1;30;90;40m8[0;1;30;90;47m88[0;30;5;40;100m8[0;34;40m;;;[0;1;30;90;40m%[0;30;5;40;100m8[0;1;30;90;47m8@[0;30;5;40;100mS[0;1;30;90;40mX@@@[0;30;5;40;100m@[0;1;37;97;47mX[0;37;5;47;107m8[0;1;37;97;47m%[0;37;5;47;107m::...%[0;1;37;97;47m8XXXX[0;37;5;47;107m8;:;X[0;1;37;97;47m8St.[0;1;30;90;47m.[0;1;37;97;47m.[0;37;5;47;107m;;;;;;t[0;1;30;90;47m88[0;30;5;40;100m8[0;34;40m::::[0;1;30;90;40m8[0;37;5;40;100m88[0;30;5;40;100m8[0;34;40m....[0;1;30;90;40m@[0;37;5;40;100m88[0;1;30;90;40m8[0;34;40m....[0;1;30;90;40m@[0;37;5;40;100mX@[0;1;30;90;40m8[0;34;40m [0m 
 [0;34;40m.:[0;1;30;90;47m8X[0;34;40m;;;;;[0;1;30;90;40m%[0;1;30;90;47m8t[0;1;30;90;40mSXXX@@[0;37;5;40;100m8[0;1;37;97;47m:[0;1;30;90;47m;[0;37;5;47;107m:::[0;1;37;97;47mttS8X:[0;1;30;90;47m;8[0;37;5;40;100m%[0;36;5;40;100m.[0;1;30;90;47m%S[0;1;30;90;40m8@@@@8[0;1;30;90;47m;.[0;1;37;97;47m@[0;37;5;47;107m;;tttX[0;36;5;40;100mt[0;34;40m::::::[0;1;30;90;47m@S[0;34;40m......[0;37;5;40;100m8[0;1;30;90;47m@[0;34;40m......[0;37;5;40;100m8[0;1;30;90;47m@[0;34;40m  [0m 
  [0;34;40m;[0;36;5;40;100m  [0;1;30;90;40mS[0;34;40m:;;;[0;1;30;90;40mS[0;36;5;40;100m  [0;1;30;90;40m@SSXX8[0;36;5;40;100m  [0;30;5;40;100m@[0;37;5;47;107m::X[0;1;30;90;47m;[0;37;5;40;100m@[0;36;5;40;100mt [0;30;5;40;100m8[0;1;30;90;40m88888[0;36;5;40;100m [0;37;5;40;100mS[0;1;30;90;40m8@XXX@[0;36;5;40;100m :[0;37;5;40;100m@[0;1;30;90;47mS[0;1;37;97;47mX[0;37;5;47;107mtttt[0;1;37;97;47mX[0;1;30;90;40m@[0;34;40m::::;[0;36;5;40;100m  [0;34;40m;....:[0;36;5;40;100m. [0;34;40m:....:[0;36;5;40;100m: [0;34;40m: [0m 
  [0;34;40m.:::::;;;;;;[0;1;30;90;40mSSSSXXX[0;37;5;40;100mX[0;37;5;47;107m;S[0;1;30;90;47m:[0;1;37;97;47mS[0;1;30;90;40m8@@@@@@@@XXXXXSSSSS[0;1;30;90;47m;[0;1;37;97;47m8[0;37;5;40;100m8[0;36;5;40;100m%[0;1;30;90;47mX[0;37;5;47;107mStt[0;36;5;40;100m.[0;34;40m:::::...............    [0m  
  [0;34;40m :::[0;1;30;90;40m%[0;36;5;40;100m [0;37;5;40;100mS[0;1;30;90;40mX[0;34;40m;;;;[0;1;30;90;40m@[0;37;5;40;100mS@[0;1;30;90;40m8S8[0;36;5;40;100m [0;37;5;47;107mS[0;1;37;97;47m8 8[0;30;5;40;100m@[0;1;30;90;40mXXXX8[0;37;5;40;100mX8[0;1;30;90;40m8XXXS8[0;37;5;40;100mX@[0;1;30;90;40m8[0;36;5;40;100m [0;1;30;90;47m@[0;1;37;97;47m8S[0;36;5;40;100m  . [0;37;5;47;107mt[0;1;37;97;47m8[0;36;5;40;100mt[0;34;40m:[0;1;30;90;40mS[0;36;5;40;100m [0;37;5;40;100mS[0;1;30;90;40mS[0;34;40m....;[0;36;5;40;100m  [0;34;40m;....:[0;36;5;40;100m  [0;34;40m;    [0m  
   [0;34;40m.::[0;1;30;90;40mS[0;36;5;40;100m [0;37;5;40;100mX[0;1;30;90;40m@[0;34;40m::;;[0;1;30;90;40m8[0;36;5;40;100m [0;37;5;40;100m8[0;36;5;40;100m [0;1;37;97;47m8[0;37;5;47;107m@@[0;1;37;97;47mt[0;30;5;40;100m8[0;36;5;40;100m  [0;30;5;40;100m8[0;1;30;90;40mSSSS8[0;37;5;40;100mS8[0;30;5;40;100m8[0;1;30;90;40mSSSS8[0;37;5;40;100mXX[0;30;5;40;100m8[0;36;5;40;100m  t[0;34;40m;[0;1;30;90;47mS[0;1;37;97;47mS8[0;37;5;47;107m8[0;1;30;90;47mX[0;34;40m;::[0;1;30;90;40mX[0;36;5;40;100m [0;37;5;40;100mX[0;1;30;90;40m@[0;34;40m....[0;1;30;90;40mS[0;36;5;40;100m  [0;1;30;90;40mS[0;34;40m....;[0;36;5;40;100m  [0;1;30;90;40mS[0;34;40m   [0m   
    [0;34;40m.::[0;1;37;97;47m ;[0;34;40m;::::[0;1;30;90;40m%[0;1;37;97;47m:%[0;1;30;90;40mX[0;34;40m;;;;[0;1;30;90;40mS[0;1;37;97;47m:;[0;1;30;90;40mX%SSSX[0;1;37;97;47m.%[0;1;30;90;40mX%[0;34;40m;;;[0;1;30;90;40mS[0;1;37;97;47m:t[0;1;30;90;40mX[0;34;40m;;;:;[0;1;30;90;47m;.[0;34;40m;::::;[0;1;37;97;47m t[0;34;40m;....:[0;1;30;90;47m.[0;1;37;97;47m [0;34;40m:.....[0;1;30;90;47m;[0;1;37;97;47m.[0;34;40m:  [0m    
    [0;34;40m .:[0;1;30;90;40mX@[0;34;40m:::::;[0;1;30;90;40m@8[0;34;40m;;;;;;[0;1;30;90;40m88%[0;34;40m;;;;[0;1;30;90;40m%88[0;34;40m;;;;;;[0;1;30;90;40m88[0;34;40m;:::::[0;1;30;90;40mX@[0;34;40m::::.:[0;1;30;90;40mS@[0;34;40m:.....[0;1;30;90;40mSX[0;34;40m......;[0;1;30;90;40mS[0;34;40m.  [0m    
     [0;34;40m...:::;;::::::[0;1;30;90;40m%%[0;34;40m;;;;;;[0;1;30;90;40mSS[0;34;40m;;;;;;[0;1;30;90;40m%S[0;34;40m;:::::;;:::::::;......::......::      [0m     
      [0;34;40m....[0;1;30;90;40m8[0;1;30;90;47mSt[0;30;5;40;100m8[0;34;40m::::[0;1;30;90;40m8[0;1;30;90;47m%t[0;30;5;40;100m8[0;34;40m::::[0;1;30;90;40m8[0;1;30;90;47m%t[0;30;5;40;100m8[0;34;40m::::[0;30;5;40;100m8[0;1;30;90;47m%t[0;30;5;40;100m8[0;34;40m::::[0;1;30;90;40m8[0;1;30;90;47m%%[0;30;5;40;100m8[0;34;40m:::.[0;1;30;90;40m@[0;1;30;90;47mS%[0;1;30;90;40m8[0;34;40m....[0;1;30;90;40m8[0;1;30;90;47mSS[0;30;5;40;100m8[0;34;40m....[0;1;30;90;40mX[0;1;30;90;47m@X[0;1;30;90;40m@[0;34;40m    [0m      
       [0;34;40m...:[0;36;5;40;100m: [0;34;40m::::::[0;36;5;40;100m  [0;34;40m::::::[0;36;5;40;100m  [0;34;40m::::::[0;36;5;40;100m. [0;34;40m::::::[0;36;5;40;100m  [0;34;40m:....:[0;36;5;40;100m: [0;34;40m:.....[0;36;5;40;100m  [0;34;40m......[0;36;5;40;100m; [0;34;40m.   [0m       
        [0;34;40m..:[0;1;30;90;47m%.[0;34;40m;..::;[0;1;30;90;47m;.[0;1;30;90;40m%[0;34;40m::::;[0;1;30;90;47mt.[0;34;40m;::::;[0;1;30;90;47m;[0;1;37;97;47m [0;34;40m;::::;[0;1;30;90;47mt:[0;34;40m;....:[0;1;30;90;47m%:[0;34;40m;....:[0;1;30;90;47mt;[0;34;40m;... .[0;1;30;90;47mXt[0;34;40m:  [0m        
         [0;34;40m..........::.:::::::::::::::...........................       [0m         
          [0;34;40m ....[0;1;30;90;40m8[0;30;5;40;100m8[0;34;40m......[0;30;5;40;100m88[0;34;40m......[0;1;30;90;40m8[0;30;5;40;100m8[0;34;40m......[0;30;5;40;100m88[0;34;40m......[0;1;30;90;40m8[0;30;5;40;100m8[0;34;40m......[0;1;30;90;40m8[0;30;5;40;100m8[0;34;40m..... [0;1;30;90;40m88[0;34;40m     [0m          
            [0;34;40m..[0;1;30;90;40m8[0;1;30;90;47m88[0;30;5;40;100m8[0;34;40m....[0;1;30;90;40m8[0;1;30;90;47m88[0;1;30;90;40m8[0;34;40m....[0;1;30;90;40m@[0;1;30;90;47m88[0;30;5;40;100m8[0;34;40m....[0;1;30;90;40m8[0;1;30;90;47m88[0;30;5;40;100m8[0;34;40m....[0;1;30;90;40m@[0;1;30;90;47m88[0;1;30;90;40m8[0;34;40m....[0;1;30;90;40m8[0;37;5;40;100m8[0;1;30;90;47m8[0;1;30;90;40m8[0;34;40m..  [0;1;30;90;40mX[0;37;5;40;100m88[0;1;30;90;40m@[0;34;40m  [0m            
             [0;34;40m..[0;36;5;40;100m [0;37;5;40;100m@[0;34;40m......[0;36;5;40;100m [0;37;5;40;100mS[0;34;40m......[0;36;5;40;100m [0;37;5;40;100m@[0;34;40m......[0;36;5;40;100m [0;37;5;40;100mX[0;34;40m......[0;36;5;40;100m [0;37;5;40;100mS[0;34;40m......[0;36;5;40;100m [0;37;5;40;100mX[0;34;40m.     [0;36;5;40;100m  [0;34;40m  [0m             
              [0;34;40m.[0;37;5;40;100mX8[0;34;40m;....:[0;37;5;40;100m@8[0;34;40m;....:[0;37;5;40;100mX8[0;34;40m;....:[0;37;5;40;100m@8[0;34;40m;....:[0;37;5;40;100mX@[0;34;40m:....:[0;37;5;40;100mS8[0;34;40m:    .[0;37;5;40;100mSS[0;34;40m.[0m              
                [0;34;40m ....................................           [0m                
                  [0;34;40m [0;36;5;40;100mt.[0;34;40m......[0;36;5;40;100mt:[0;34;40m......[0;36;5;40;100mt.[0;34;40m......[0;36;5;40;100m;:[0;34;40m.... .[0;30;5;40;100m%[0;36;5;40;100m:[0;34;40m.     [0;36;5;40;100mtt[0;34;40m [0m                  
                    [0;36;5;40;100m [0;1;30;90;40m8[0;34;40m....[0;1;30;90;40mX[0;37;5;40;100mSX[0;1;30;90;40m8[0;34;40m....[0;1;30;90;40m@[0;37;5;40;100mSX[0;1;30;90;40m8[0;34;40m....[0;1;30;90;40mX[0;37;5;40;100mSX[0;1;30;90;40m8[0;34;40m    [0;1;30;90;40mS[0;36;5;40;100m [0;37;5;40;100mS[0;1;30;90;40m@[0;34;40m    [0;1;30;90;40mX[0;36;5;40;100m.[0m                    
                      [0;34;40m ....[0;1;30;90;47m@%[0;34;40m......[0;1;30;90;47m@t[0;34;40m..    [0;1;30;90;47m@X[0;34;40m      [0;1;30;90;47m8S[0;34;40m     [0m                      
                        [0;34;40m  .[0;30;5;40;100m@X[0;34;40m:    :[0;30;5;40;100m@X[0;34;40m:    .[0;30;5;40;100m@@[0;34;40m:    .[0;30;5;40;100m8@[0;34;40m.  [0m                        
                          [0;34;40m                            [0m                          
                             [0;34;40m :[0;37;5;40;100mS@[0;1;30;90;40mS[0;34;40m    ;[0;37;5;40;100mXX[0;1;30;90;40mS[0;34;40m    ;[0;37;5;40;100mSX[0;34;40m: [0m                             
                                [0;30;5;40;100m8[0;34;40m:    :[0;36;5;40;100m  [0;34;40m:    .[0;1;30;90;40m8[0m                                
                                   [0;34;40m   .[0;1;30;90;47m;.[0;34;40m:   [0m                                   
                                      [0;34;40m :: [0m                                      
