[0;30;5;40;100m8[0;36;5;40;100m                                                                     .........[0;30;5;40;100m8[0m
[0;30;5;40;100mS[0;37;5;40;100m888888888888888888888[0;1;30;90;47m888888888888888[0;37;5;40;100m888888888888888888888888@@@@@@@@XXXXXXSSSS[0;30;5;40;100mS[0m
[0;30;5;40;100mS[0;37;5;40;100m8888888888888888[0;1;30;90;47m8888888888888888888888888[0;37;5;40;100m88888888888888888888@@@@@@@@XXXXXXSSS[0;30;5;40;100mS[0m
[0;30;5;40;100mS[0;37;5;40;100m8888888888888[0;1;30;90;47m8888888888888888888888888888888[0;37;5;40;100m888888888888888888@@@@@@@@XXXXXXSS[0;30;5;40;100mS[0m
[0;30;5;40;100mS[0;37;5;40;100m88888888888[0;1;30;90;47m88888888888888888888888888888888888[0;37;5;40;100m888888888888888888@@@@@@@XXXXXXS[0;30;5;40;100mS[0m
[0;30;5;40;100mS[0;37;5;40;100m888888888[0;1;30;90;47m88888888888888@@@@@@@@@@888888888888888[0;37;5;40;100m88888888888888888@@@@@@@XXXXXS[0;30;5;40;100mS[0m
[0;30;5;40;100mS[0;37;5;40;100m8888888[0;1;30;90;47m888888888888@@@@@@@@@@@@@@@@@@@88888888888[0;37;5;40;100m8888888888888888@@@@@@@XXXXXX[0;30;5;40;100mS[0m
[0;30;5;40;100mS[0;37;5;40;100m888888[0;1;30;90;47m8888888888@@@@@@XXXXXXXXXXXXX@@@@@@8888888888[0;37;5;40;100m888888888888888@@@@@@@XXXXX[0;30;5;40;100mS[0m
[0;30;5;40;100mS[0;37;5;40;100m88888[0;1;30;90;47m888888888@@@@@XXXXXXSSSSSSSXXXXXX@@@@@888888888[0;37;5;40;100m888888888888888@@@@@@@XXXX[0;30;5;40;100mS[0m
[0;30;5;40;100mS[0;37;5;40;100m8888[0;1;30;90;47m88888888@@@@XXXXXSXSSSSSSSSSSSSSXXXX@@@@888888888[0;37;5;40;100m888888888888888@@@@@@XXXX[0;30;5;40;100mS[0m
[0;30;5;40;100m%[0;37;5;40;100m888[0;1;30;90;47m88888888@@@@XXXSSS[0;37;5;40;100m8[0;36;5;40;100m [0;1;30;90;47mS%%%%%%S[0;36;5;40;100m [0;1;30;90;47m8%SSSSXXXX@@@@88888888[0;37;5;40;100m88888888888888@@@@@@@XXX[0;30;5;40;100mS[0m
[0;30;5;40;100m%[0;37;5;40;100m88[0;1;30;90;47m88888888@@@XXXXSSS8[0;36;5;40;100m ; [0;1;30;90;47m@tttX[0;37;5;40;100m@[0;36;5;40;100m ;[0;37;5;40;100mX[0;1;30;90;47m%%%%SSSXXX@@@@88888888[0;37;5;40;100m88888888888888@@@@@@XXX[0;30;5;40;100mS[0m
[0;30;5;40;100m%[0;37;5;40;100m88[0;1;30;90;47m8888888@@@X[0;36;5;40;100m [0;1;30;90;47m8SSS@[0;37;5;40;100mX[0;36;5;40;100m .[0;30;5;40;100m@[0;36;5;40;100m;     :[0;30;5;40;100mX[0;36;5;40;100m% [0;1;30;90;47m@tt%%SXSXXX@@@88888888[0;37;5;40;100m88888888888888@@@@@@XXX[0;30;5;40;100mS[0m
[0;30;5;40;100m%[0;37;5;40;100m8[0;1;30;90;47m88888888@@@X[0;36;5;40;100m.t     :t[0;30;5;40;100mXXS[0;36;5;40;100m;:;tt[0;30;5;40;100mSS[0;36;5;40;100m      :[0;1;30;90;47m@SSXXX@@@88888888[0;36;5;40;100m [0;37;5;40;100m@88888888888@@@@@@@XX[0;30;5;40;100mS[0m
[0;30;5;40;100m%[0;37;5;40;100m8[0;1;30;90;47m8888888@@@XX[0;36;5;40;100m;[0;30;5;40;100mS@X[0;36;5;40;100mt%[0;30;5;40;100mS[0;36;5;40;100m:.:...    .;[0;30;5;40;100mS[0;36;5;40;100m%t%[0;30;5;40;100mS%[0;36;5;40;100m [0;1;30;90;47m%%SSXXX@@@8888888[0;36;5;40;100m [0;30;5;40;100mS[0;37;5;40;100m888888888888@@@@@@XX[0;30;5;40;100mS[0m
[0;30;5;40;100m%[0;37;5;40;100m8[0;1;30;90;47m8888888@@@X[0;37;5;40;100mX[0;36;5;40;100m.[0;30;5;40;100m8X@[0;36;5;40;100m;:;[0;30;5;40;100mSXS[0;36;5;40;100mtt;..tt;:  .%[0;30;5;40;100mX[0;36;5;40;100m; [0;1;30;90;47mS%SSXXX@@@888888[0;37;5;40;100m8[0;30;5;40;100mSS[0;37;5;40;100m888888888888@@@@@@XX[0;30;5;40;100mS[0m
[0;30;5;40;100m%[0;1;30;90;47m88888888@@@8[0;36;5;40;100m.[0;30;5;40;100mS8[0;36;5;40;100m:t[0;30;5;40;100m@@XXS[0;36;5;40;100m.:. ;  ;;; :; .t  [0;1;30;90;47m8SSSXX@@@88888[0;37;5;40;100m8[0;36;5;40;100m;[0;1;30;90;40m@[0;36;5;40;100m [0;37;5;40;100m888888888888@@@@@@XX[0;30;5;40;100mS[0m
[0;30;5;40;100m%[0;1;30;90;47m88888[0;37;5;40;100m%[0;36;5;40;100m  [0;37;5;40;100mX[0;1;30;90;47m8[0;36;5;40;100m %[0;30;5;40;100m8X[0;36;5;40;100m;[0;30;5;40;100m88@@XXSS[0;36;5;40;100m%..; :   t [0;30;5;40;100mSS[0;36;5;40;100mt ;;::  [0;37;5;40;100m8[0;1;30;90;47mX@@@88888[0;36;5;40;100m:[0;30;5;40;100m8[0;1;30;90;40m@[0;36;5;40;100m.[0;37;5;40;100mX88888888888@@@@@XSX[0;30;5;40;100mS[0m
[0;30;5;40;100m%[0;1;30;90;47m888888[0;36;5;40;100m [0;1;30;90;40mXX[0;30;5;40;100m8@[0;1;30;90;40m8[0;30;5;40;100mX[0;36;5;40;100m;[0;30;5;40;100mSS%[0;36;5;40;100mt;[0;30;5;40;100mXX%[0;36;5;40;100m:.:t.  .;tt ;[0;30;5;40;100mSXX[0;36;5;40;100m::[0;30;5;40;100m@@X[0;36;5;40;100m [0;1;30;90;47mXX@@@8888[0;37;5;40;100mS[0;30;5;40;100m@[0;1;30;90;40m8[0;34;40m;[0;1;30;90;40m@[0;36;5;40;100m:[0;37;5;40;100m88888888888@@@[0;36;5;40;100m ;:[0;37;5;40;100mXX[0;30;5;40;100mS[0m
[0;30;5;40;100m%[0;37;5;40;100m8[0;1;30;90;47m88888[0;37;5;40;100mS[0;1;30;90;40mXX@[0;30;5;40;100m8%[0;36;5;40;100m.[0;30;5;40;100m@[0;1;30;90;40m8[0;30;5;40;100m88S[0;36;5;40;100mt;%;[0;30;5;40;100mSS[0;36;5;40;100m;  ttttt[0;30;5;40;100m%S[0;36;5;40;100m.;[0;30;5;40;100mX@@[0;36;5;40;100m;;[0;30;5;40;100m8[0;36;5;40;100m; [0;1;30;90;47mXX@@@8888[0;36;5;40;100m [0;30;5;40;100m88[0;34;40m;[0;1;30;90;40mX[0;36;5;40;100m:[0;37;5;40;100m88888888888@@%[0;30;5;40;100m8X[0;37;5;40;100mXXX[0;30;5;40;100mS[0m
[0;30;5;40;100m%[0;37;5;40;100m8[0;1;30;90;47m88888[0;36;5;40;100m.[0;1;30;90;40mXX@8[0;36;5;40;100mt[0;1;30;90;40m888[0;30;5;40;100m8[0;36;5;40;100m;[0;30;5;40;100m@8@@XXSSS[0;36;5;40;100mt [0;30;5;40;100m%%[0;36;5;40;100mt::;[0;30;5;40;100mXS[0;36;5;40;100m;.[0;30;5;40;100m@8[0;36;5;40;100m;[0;30;5;40;100mSX[0;36;5;40;100m: [0;1;30;90;47m8@@88888[0;36;5;40;100m [0;30;5;40;100mS[0;34;40m;:[0;30;5;40;100m8X[0;36;5;40;100m [0;37;5;40;100mS%[0;36;5;40;100m [0;37;5;40;100m8888888@@[0;36;5;40;100m [0;1;30;90;40mX[0;36;5;40;100m [0;37;5;40;100m@XX[0;30;5;40;100mS[0m
[0;30;5;40;100mS[0;37;5;40;100m8[0;1;30;90;47m88888[0;1;30;90;40m8SXX@@888[0;36;5;40;100m;[0;30;5;40;100m8888@@XXXXS[0;36;5;40;100m :;t[0;30;5;40;100mXXX@X[0;36;5;40;100m:[0;30;5;40;100mS888[0;36;5;40;100mt[0;30;5;40;100mX8XX[0;36;5;40;100mt. [0;1;30;90;47m8888[0;37;5;40;100m@[0;30;5;40;100mS[0;1;30;90;40m@[0;34;40m:[0;30;5;40;100m8[0;34;40m;[0;1;30;90;40mSS[0;34;40m;[0;30;5;40;100m8[0;36;5;40;100m   t[0;30;5;40;100m@[0;36;5;40;100m   [0;30;5;40;100mS8S[0;37;5;40;100mXXXX[0;30;5;40;100mX[0m
[0;30;5;40;100m8[0;37;5;40;100m88[0;1;30;90;47m888[0;37;5;40;100mS[0;1;30;90;40mSSXXX@@8[0;30;5;40;100mX[0;36;5;40;100m:[0;1;30;90;47m8%[0;36;5;40;100m [0;30;5;40;100mX88@@@@[0;36;5;40;100mt:[0;30;5;40;100mXXX@@@S[0;36;5;40;100m:[0;30;5;40;100m888[0;1;30;90;40m888[0;30;5;40;100mSS[0;1;30;90;40m88[0;30;5;40;100m8[0;36;5;40;100mt[0;1;30;90;47m888888[0;36;5;40;100m [0;30;5;40;100mX[0;34;40m;[0;1;30;90;40m8[0;34;40m;:[0;1;30;90;40m@[0;34;40m;:;;[0;1;30;90;40m%XSS8SS[0;30;5;40;100mX[0;37;5;40;100mS@XXX[0;30;5;40;100m8[0m
[0;1;30;90;40mX[0;37;5;40;100m88[0;1;30;90;47m888[0;36;5;40;100m [0;1;30;90;40m%S@XXX@@[0;36;5;40;100m [0;37;5;47;107m8[0;1;30;90;47m8[0;36;5;40;100m [0;1;37;97;47mX[0;37;5;40;100mS[0;30;5;40;100m8@[0;36;5;40;100mt%t.;[0;30;5;40;100m@@@@888[0;36;5;40;100m.[0;30;5;40;100m888[0;1;30;90;40m8[0;30;5;40;100m8@[0;1;30;90;40m8[0;30;5;40;100m88X[0;1;30;90;40m@[0;30;5;40;100mS[0;36;5;40;100m:[0;1;30;90;47m888888[0;37;5;40;100m8[0;36;5;40;100m:[0;30;5;40;100m88[0;1;30;90;40m888[0;34;40m::[0;1;30;90;40mX@[0;34;40m;:..:[0;1;30;90;40m8[0;36;5;40;100m:[0;37;5;40;100mX@@XXX[0;1;30;90;40m@[0m
 [0;37;5;40;100m888[0;1;30;90;47m88[0;37;5;40;100m8[0;1;30;90;40mX%@XXXX8[0;1;30;90;47m@%X[0;36;5;40;100m%[0;1;30;90;47mX[0;36;5;40;100m [0;1;30;90;40m8[0;30;5;40;100mX888[0;36;5;40;100m;;%[0;30;5;40;100m8@[0;36;5;40;100m [0;37;5;40;100mX[0;36;5;40;100m   [0;30;5;40;100m8[0;1;30;90;40m8[0;30;5;40;100mX@S@[0;1;30;90;40m@[0;30;5;40;100mX[0;1;30;90;40m@8[0;30;5;40;100m8@%[0;36;5;40;100m [0;1;30;90;47m88888[0;37;5;40;100m8[0;36;5;40;100m [0;1;30;90;40m8[0;34;40m:::[0;1;30;90;40m8[0;34;40m;[0;1;30;90;40m@[0;34;40m;...;[0;1;30;90;40m8[0;36;5;40;100m: [0;37;5;40;100m@@@XXXX[0m 
 [0;36;5;40;100m [0;37;5;40;100m888[0;1;30;90;47m88[0;36;5;40;100m [0;1;30;90;40m%S8SS@[0;30;5;40;100mX[0;36;5;40;100mt[0;37;5;40;100mX8[0;36;5;40;100m ;[0;1;30;90;40m88888[0;30;5;40;100m8[0;36;5;40;100mt[0;30;5;40;100m88[0;36;5;40;100m [0;1;30;90;47m8SSSSX[0;36;5;40;100mt[0;1;30;90;40m8888[0;36;5;40;100m;[0;30;5;40;100m8S[0;1;30;90;40mXXS@8[0;30;5;40;100m8%[0;36;5;40;100m    [0;30;5;40;100mX[0;34;40m;:::[0;1;30;90;40m%[0;30;5;40;100m8[0;1;30;90;40mX[0;34;40m;[0;1;30;90;40mS@[0;30;5;40;100m8[0;36;5;40;100m; [0;37;5;40;100mX@@@@@XXX[0;36;5;40;100m [0m 
 [0;30;5;40;100mX[0;37;5;40;100m8888[0;1;30;90;47m88[0;36;5;40;100m [0;30;5;40;100m@8[0;1;30;90;40m8[0;30;5;40;100m@8[0;1;30;90;40m88@8@@@88[0;30;5;40;100mX8[0;1;30;90;40m8888[0;37;5;40;100mX[0;1;30;90;47mXXXXXX@[0;36;5;40;100mt[0;30;5;40;100m88@X[0;1;30;90;40mX[0;30;5;40;100mX[0;1;30;90;40mXSXS[0;34;40m;;[0;1;30;90;40m%S[0;34;40m;:::::::[0;30;5;40;100m%[0;36;5;40;100m    [0;37;5;40;100mX88@@@@@@XXXX[0;30;5;40;100mS[0m 
  [0;37;5;40;100m88888[0;1;30;90;47m88[0;1;30;90;40mX[0;34;40m;;[0;1;30;90;40m%[0;30;5;40;100mX[0;1;30;90;40mS8XXXX@[0;30;5;40;100m@8[0;1;30;90;40m@[0;36;5;40;100m%[0;1;30;90;40m888[0;36;5;40;100m;[0;1;30;90;47mXXXXX@@@@[0;36;5;40;100m [0;1;30;90;40m@X@8@SSX[0;30;5;40;100m8[0;34;40m;;[0;1;30;90;40m@S[0;34;40m::[0;1;30;90;40mX8[0;34;40m;::[0;30;5;40;100m8[0;37;5;40;100m8888888@@@@@@@XXXX[0;34;40m;[0m 
  [0;36;5;40;100m [0;37;5;40;100m8888@[0;30;5;40;100m@[0;1;30;90;40mX[0;34;40m;;;;[0;1;30;90;40mS[0;30;5;40;100m8@X[0;1;30;90;40mXX[0;36;5;40;100m;[0;1;30;90;47m8[0;37;5;40;100m8[0;36;5;40;100m;[0;30;5;40;100m@[0;1;30;90;40m@@[0;30;5;40;100mX[0;1;30;90;47m8@@@@@@@@@8[0;37;5;40;100mX[0;30;5;40;100m@[0;1;30;90;40mSSSX888[0;34;40m;;;[0;30;5;40;100m8[0;34;40m:::[0;1;30;90;40mX[0;34;40m::[0;36;5;40;100mt[0;37;5;40;100m8888888@@@@@@@XXXX[0;36;5;40;100m [0m  
  [0;1;30;90;40m%[0;37;5;40;100m8888[0;1;30;90;40m8[0;34;40m::;;;;[0;1;30;90;40mX[0;37;5;40;100mX8[0;36;5;40;100mt[0;1;30;90;40mS[0;36;5;40;100m;[0;1;30;90;47m88[0;37;5;40;100mX[0;30;5;40;100m8[0;1;30;90;40mXX[0;36;5;40;100mt[0;1;30;90;47m8@@@@888888888[0;37;5;40;100m%[0;30;5;40;100mS[0;1;30;90;40mX[0;34;40m;;;;;;[0;1;30;90;40mX[0;34;40m::::[0;1;30;90;40m@[0;36;5;40;100mt[0;37;5;40;100mS8888888@@@@@@@XXXXX[0;1;30;90;40mX[0m  
   [0;36;5;40;100m:[0;37;5;40;100m888[0;1;30;90;40mX[0;34;40m::[0;1;30;90;40m%[0;34;40m;;;;;;;[0;36;5;40;100m;[0;1;30;90;47m8[0;37;5;40;100mS[0;30;5;40;100mS[0;1;30;90;40mSS8[0;36;5;40;100m [0;1;30;90;47m88888888888888888[0;37;5;40;100m8[0;36;5;40;100m .[0;30;5;40;100mS@88@S[0;36;5;40;100m: [0;37;5;40;100m@888888888@@@@@@@XXXXX[0;36;5;40;100m:[0m   
    [0;37;5;40;100mS88[0;36;5;40;100m [0;34;40m:::[0;1;30;90;40m8S[0;34;40m:;;[0;1;30;90;40m8[0;36;5;40;100m [0;1;30;90;47m8[0;30;5;40;100m8[0;34;40m;[0;1;30;90;40m%[0;30;5;40;100m8[0;36;5;40;100m [0;1;30;90;47m88888888888888888888[0;37;5;40;100m8888888888888888888@@@@@@@XXXXX[0;36;5;40;100m [0m    
    [0;1;30;90;40m@[0;37;5;40;100m888X[0;36;5;40;100m.: [0;37;5;40;100m8@X888[0;1;30;90;47m8[0;37;5;40;100m8@8[0;1;30;90;47m8888888888888888888[0;37;5;40;100m888888888888888888888@@@@@@@XXXXXS[0;1;30;90;40m@[0m    
     [0;30;5;40;100m@[0;37;5;40;100m888888888888888888[0;1;30;90;47m88888888888[0;37;5;40;100m8888888888888888888888888@@@@@@@@XXXXXX[0;30;5;40;100m@[0m     
      [0;36;5;40;100mt[0;37;5;40;100m8888888888888888888888888888888888888888888888888888@@@@@@@@XXXXXX[0;36;5;40;100m;[0m      
       [0;36;5;40;100m:[0;37;5;40;100m8888888888888888888888888888888888888888888888888@@@@@@@@@XXXXXX[0;36;5;40;100m:[0m       
        [0;36;5;40;100m;[0;37;5;40;100m8888888888888888888888888888888888888888888888@@@@@@@@@XXXXXXX[0;36;5;40;100m;[0m        
         [0;30;5;40;100mX[0;37;5;40;100m8888888888888888888888888888888888888888888@@@@@@@@@XXXXXXXS[0;30;5;40;100mX[0m         
          [0;1;30;90;40m8[0;37;5;40;100mX88888888888888888888888888888888888888@@@@@@@@@@@XXXXXXX[0;36;5;40;100m [0;1;30;90;40m8[0m          
            [0;36;5;40;100m [0;37;5;40;100m8888888888888888888888888888888888@@@@@@@@@@@XXXXXXXXX[0;36;5;40;100m [0m            
             [0;30;5;40;100mS[0;37;5;40;100m@@88888888888888888888888888@@@@@@@@@@@@@@XXXXXXXXXS[0;30;5;40;100mS[0m             
              [0;1;30;90;40mS[0;36;5;40;100m [0;37;5;40;100m@@@@@@@@88888888888@@@@@@@@@@@@@@@@@@XXXXXXXXXXS[0;36;5;40;100m [0;1;30;90;40mS[0m              
                [0;30;5;40;100m8[0;36;5;40;100m [0;37;5;40;100m@@@@@@@@@@@@@@@@@@@@@@@@@@@@@@@@XXXXXXXXXXXS[0;36;5;40;100m [0;30;5;40;100m8[0m                
                  [0;30;5;40;100mS[0;37;5;40;100mX@@@@@@@@@@@@@@@@@@@@@@@@@@XXXXXXXXXXXXSSS[0;30;5;40;100m%[0m                  
                    [0;36;5;40;100mt[0;37;5;40;100mS@@@@@@@@@@@@@@@@@@@XXXXXXXXXXXXXXSSSS[0;36;5;40;100mt[0m                    
                      [0;30;5;40;100mS[0;37;5;40;100mSXXXXXXXXXXXXXXXXXXXXXXXXXXXXSSSS[0;36;5;40;100m [0;30;5;40;100mS[0m                      
                        [0;30;5;40;100m8[0;36;5;40;100m [0;37;5;40;100mXXXXXXXXXXXXXXXXXXXXXXSSSSSS[0;36;5;40;100m [0;30;5;40;100m@[0m                        
                          [0;1;30;90;40m@[0;36;5;40;100m:[0;37;5;40;100mSXXXXXXXXXXXXXXSSSSSSSSS[0;36;5;40;100m.[0;1;30;90;40m@[0m                          
                             [0;30;5;40;100m8[0;36;5;40;100m [0;37;5;40;100mSSSSSSSSSSSSSSSSSS[0;36;5;40;100m [0;30;5;40;100m8[0m                             
                                [0;30;5;40;100m@[0;36;5;40;100m [0;37;5;40;100mSSSSSSSSSSSS[0;36;5;40;100m [0;30;5;40;100mX[0m                                
                                   [0;30;5;40;100m8[0;36;5;40;100m.[0;37;5;40;100m%SSSSS[0;36;5;40;100m [0;30;5;40;100m8[0m                                   
                                      [0;1;30;90;40mX[0;30;5;40;100mXS[0;1;30;90;40m@[0m                                      
