[0;34;40m;[0;1;30;90;40m88888888888888888888888[0;30;5;40;100m88888888888[0;1;30;90;40m888888888888888888888888888888888@@@@@@@@@@@[0;34;40m;[0m
[0;1;30;90;40mX[0;30;5;40;100m@@@XXXXXXXXXXXXXSSSSSSSSSSSSSSSSSSSSSSSSSXXXXXXXXXXXX@@@@@@@@@@888888888888888[0;1;30;90;40mS[0m
[0;1;30;90;40mX[0;30;5;40;100m@@XXXXXXXXXXXSSSSSSSS%%%[0;36;5;40;100m%%%%%%%%[0;30;5;40;100m%%%%SSSSSSSSXXXXXXXXXXX@@@@@@@@@88888888888888[0;1;30;90;40mS[0m
[0;1;30;90;40mX[0;30;5;40;100mXXXXXXXXXXXSSSSS%%%[0;36;5;40;100m%tttttttttttttttt%%[0;30;5;40;100m%%SSSSSSXXXXXXXXXX@@@@@@@@@8888888888888[0;1;30;90;40mS[0m
[0;1;30;90;40mX[0;30;5;40;100mXXXXXX[0;1;31;91;41m@@@@@@@888888888888888888888888888888@@@@@@@@@@@@@@@XXXXXXXXXXXSSS[0;30;5;40;100m888888[0;1;30;90;40mS[0m
[0;1;30;90;40mX[0;30;5;40;100mXXXXXX[0;31;5;41;101m88[0;1;30;90;41m8888888[0;31;5;40;100m888888@@@@@@@@@@@@@@@888888[0;1;30;90;41m888888888888888@@@@@@@@@@@@X[0;1;31;91;41m88[0;30;5;40;100m888888[0;1;30;90;40mS[0m
[0;1;30;90;40mX[0;30;5;40;100mXXXXXS[0;31;5;41;101m88[0;31;5;40;100mX[0;30;5;40;100mS[0;31;5;40;100mX@XXXXXSSSSS%[0;35;5;40;100m%%%%%%%%%%%[0;31;5;40;100m%SSSSSXXXXX@@@@8888888888888888888[0;30;5;40;100m88[0;1;31;91;41m88[0;30;5;40;100m888888[0;1;30;90;40mS[0m
[0;1;30;90;40mX[0;30;5;40;100mXXXXSS[0;31;5;41;101m88[0;31;5;40;100mX[0;36;5;40;100m%[0;1;30;90;41m8[0;31;5;41;101m88888888888@@@@@@@@@@@@@888888888888888888888888[0;1;31;91;41m88888888[0;1;30;90;41m%[0;30;5;40;100m@8[0;1;31;91;41m88[0;30;5;40;100m888888[0;1;30;90;40mS[0m
[0;1;30;90;40mX[0;30;5;40;100mXXXSS[0;31;5;40;100mS[0;31;5;41;101m88[0;31;5;40;100mX[0;36;5;40;100mt[0;1;30;90;41m8[0;31;5;41;101m8[0;1;30;90;41m8[0;35;5;40;100mt;;;::::..............:::::;;;tttt[0;31;5;40;100m%SSSSXXXX[0;30;5;40;100mX@@@@@@@@[0;1;30;90;41mS[0;1;31;91;41m8[0;1;30;90;41m%[0;30;5;40;100m@8[0;1;31;91;41m88[0;30;5;40;100m888888[0;1;30;90;40mS[0m
[0;1;30;90;40mX[0;30;5;40;100mXXSSS[0;31;5;40;100mS[0;31;5;41;101m88[0;31;5;40;100mS[0;36;5;40;100mt[0;1;30;90;41m8[0;31;5;41;101m8[0;1;30;90;41m8[0;36;5;40;100m;:::...                ....:::;;;ttt%[0;30;5;40;100m%SSSSXXXXXXXX@@[0;1;30;90;41mX[0;1;31;91;41m8[0;1;30;90;41mS[0;30;5;40;100m@[0;31;5;40;100m8[0;1;31;91;41m88[0;30;5;40;100m888888[0;1;30;90;40mS[0m
[0;1;30;90;40mX[0;30;5;40;100mXSSSS[0;31;5;40;100m%[0;31;5;41;101m88[0;31;5;40;100mS[0;36;5;40;100m;[0;1;30;90;41m8[0;31;5;41;101m8[0;1;30;90;41m8[0;36;5;40;100m::...                     ..:::;;;ttt%[0;30;5;40;100m%SSSXXXXXXXX@@[0;1;30;90;41mX[0;1;31;91;41m8[0;1;30;90;41mS[0;30;5;40;100m@[0;31;5;40;100m8[0;1;31;91;41m88[0;30;5;40;100m888888[0;1;30;90;40mS[0m
[0;1;30;90;40mX[0;30;5;40;100mXSSS%[0;31;5;40;100m%[0;31;5;41;101m88[0;31;5;40;100mS[0;36;5;40;100m;[0;1;30;90;41m8[0;31;5;41;101m8[0;1;30;90;41m8[0;36;5;40;100m:..                     .. ...:::;;ttt%[0;30;5;40;100m%SSSXXXXXXXX@[0;1;30;90;41mX[0;1;31;91;41m8[0;1;30;90;41mS[0;30;5;40;100m@[0;31;5;40;100m8[0;1;31;91;41m88[0;30;5;40;100m888888[0;1;30;90;40mS[0m
[0;1;30;90;40mX[0;30;5;40;100mSSS%[0;36;5;40;100m%[0;35;5;40;100m%[0;31;5;41;101m88[0;31;5;40;100m%[0;36;5;40;100m;[0;1;30;90;41m8[0;31;5;41;101m8[0;1;30;90;41m8[0;36;5;40;100m..                     .[0;1;37;97;47m@8[0;1;30;90;47m%[0;36;5;40;100m    ::;;;ttt[0;30;5;40;100mSSSSSXXXXXXX@[0;1;30;90;41mX[0;1;31;91;41m8[0;1;30;90;41mS[0;30;5;40;100m@[0;31;5;40;100m8[0;1;31;91;41m88[0;30;5;40;100m888888[0;1;30;90;40mS[0m
[0;1;30;90;40mX[0;30;5;40;100mSSS%[0;36;5;40;100mt[0;35;5;40;100mt[0;31;5;41;101m88[0;31;5;40;100m%[0;36;5;40;100m;[0;1;30;90;41m8[0;31;5;41;101m8[0;1;30;90;41m8[0;36;5;40;100m.                  [0;37;5;40;100m@[0;36;5;40;100m    .[0;37;5;40;100m8[0;1;37;97;47m%[0;37;5;47;107m@[0;37;5;40;100mX[0;36;5;40;100m  [0;1;30;90;47m;S[0;37;5;40;100mXX[0;36;5;40;100m:[0;30;5;40;100mSSS[0;36;5;40;100m [0;30;5;40;100mSSSSXXXXXXXX[0;1;30;90;41mX[0;1;31;91;41m8[0;1;30;90;41mS[0;30;5;40;100m@[0;31;5;40;100m8[0;1;31;91;41m88[0;30;5;40;100m888888[0;1;30;90;40mS[0m
[0;1;30;90;40mX[0;30;5;40;100mSSS[0;36;5;40;100m%t[0;35;5;40;100mt[0;31;5;41;101m88[0;35;5;40;100m%[0;36;5;40;100m:[0;1;30;90;41m8[0;31;5;41;101m@[0;1;30;90;41m8[0;36;5;40;100m. :                 [0;1;30;90;47m::;[0;37;5;40;100m8[0;1;30;90;47m%X[0;36;5;40;100m [0;1;30;90;47m.[0;1;37;97;47m.[0;37;5;47;107m@8[0;1;30;90;47m::X[0;37;5;40;100m8[0;36;5;40;100m;:;[0;30;5;40;100mS[0;36;5;40;100m.[0;30;5;40;100m@SSSXXXXXXXX[0;1;30;90;41mX[0;1;31;91;41m8[0;1;30;90;41mS[0;30;5;40;100m@[0;31;5;40;100m8[0;1;31;91;41m88[0;30;5;40;100m888888[0;1;30;90;40mS[0m
[0;1;30;90;40mX[0;30;5;40;100mSS%[0;36;5;40;100m%t[0;35;5;40;100mt[0;31;5;41;101m88[0;35;5;40;100m%[0;36;5;40;100m:[0;1;30;90;41m8[0;31;5;41;101m@[0;1;30;90;41m8[0;36;5;40;100m     [0;1;37;97;47m:[0;37;5;40;100m@[0;36;5;40;100m                 [0;37;5;40;100mS[0;1;30;90;47m.[0;1;37;97;47m%;t@[0;1;30;90;47m.[0;37;5;40;100m8[0;36;5;40;100m [0;1;37;97;47mS[0;1;30;90;47m @[0;36;5;40;100m.tt[0;30;5;40;100m@[0;37;5;40;100mS[0;30;5;40;100mXSSS@X[0;36;5;40;100m.[0;1;30;90;47m8[0;37;5;40;100mX[0;36;5;40;100m [0;30;5;40;100m8[0;1;30;90;41mX[0;1;31;91;41m8[0;1;30;90;41mS[0;30;5;40;100m@[0;31;5;40;100m8[0;1;31;91;41m88[0;30;5;40;100m888888[0;1;30;90;40mS[0m
[0;1;30;90;40mX[0;30;5;40;100mSS%[0;36;5;40;100m%t[0;35;5;40;100mt[0;31;5;41;101m88[0;35;5;40;100m%[0;36;5;40;100m:[0;1;30;90;41m8[0;31;5;41;101m@[0;1;30;90;41m8[0;36;5;40;100m     [0;1;37;97;47m.@[0;1;30;90;47m.[0;37;5;40;100m8S[0;36;5;40;100m   [0;37;5;40;100mSSSS%[0;36;5;40;100m      [0;1;30;90;47m8[0;36;5;40;100m ..:. [0;1;30;90;47m8[0;1;37;97;47mS[0;37;5;47;107m8[0;1;37;97;47m8[0;36;5;40;100m:t [0;1;30;90;47m:8[0;36;5;40;100m  ;; [0;37;5;40;100m8[0;1;30;90;47m;:[0;36;5;40;100m;[0;30;5;40;100m@[0;1;30;90;40m8[0;30;5;40;100m@[0;1;30;90;41mX[0;1;31;91;41m8[0;1;30;90;41mS[0;30;5;40;100m@[0;31;5;40;100m8[0;1;31;91;41m88[0;30;5;40;100m888888[0;1;30;90;40mS[0m
[0;1;30;90;40mX[0;30;5;40;100mSS%[0;36;5;40;100m%t[0;35;5;40;100mt[0;31;5;41;101m88[0;35;5;40;100m%[0;36;5;40;100m:[0;1;30;90;41m8[0;31;5;41;101m@[0;1;30;90;41m8[0;36;5;40;100m     [0;1;37;97;47m@[0;37;5;47;107mXX@[0;1;37;97;47m%%:[0;1;30;90;47m:;S[0;37;5;40;100mXSS[0;36;5;40;100m   [0;37;5;40;100mX[0;1;30;90;47mS [0;1;37;97;47mt@[0;37;5;47;107m88@@@88[0;1;37;97;47mS[0;36;5;40;100m ;[0;30;5;40;100mS[0;1;37;97;47m@8t[0;1;30;90;47m;[0;1;37;97;47m;%S88t[0;30;5;40;100mXXXXX[0;1;30;90;41mX[0;1;31;91;41m8[0;1;30;90;41mS[0;30;5;40;100m@[0;31;5;40;100m8[0;1;31;91;41m88[0;30;5;40;100m888888[0;1;30;90;40mS[0m
[0;1;30;90;40mX[0;30;5;40;100mSS%[0;36;5;40;100m%t[0;35;5;40;100mt[0;31;5;41;101m88[0;35;5;40;100m%[0;36;5;40;100m:[0;1;30;90;41m8[0;31;5;41;101m@[0;1;30;90;41m8[0;36;5;40;100m   [0;1;30;90;47m%[0;1;37;97;47m.;;::[0;37;5;47;107m8XSSS8[0;1;30;90;47m8[0;37;5;40;100mS[0;36;5;40;100m  [0;1;30;90;47m%[0;1;37;97;47m8[0;37;5;47;107mXXXXX[0;1;37;97;47mX[0;37;5;47;107mX[0;1;37;97;47m:.[0;1;30;90;47m.X[0;36;5;40;100m ;:; [0;1;37;97;47m.[0;1;30;90;47m:[0;37;5;40;100m8[0;1;30;90;47mS[0;1;37;97;47m:[0;1;30;90;47mt[0;1;37;97;47m.88[0;36;5;40;100m [0;30;5;40;100mXXXXX[0;1;30;90;41mX[0;1;31;91;41m8[0;1;30;90;41mS[0;30;5;40;100m@[0;31;5;40;100m8[0;1;31;91;41m88[0;30;5;40;100m888888[0;1;30;90;40mS[0m
[0;1;30;90;40mX[0;30;5;40;100mSS%[0;36;5;40;100m%t[0;35;5;40;100mt[0;31;5;41;101m88[0;35;5;40;100m%[0;36;5;40;100m:[0;1;30;90;41m8[0;31;5;41;101m@[0;1;30;90;41m8[0;36;5;40;100m   :[0;37;5;47;107mXXX[0;1;37;97;47mX.:[0;1;30;90;47m.[0;1;37;97;47m@[0;37;5;47;107mSX[0;1;30;90;47m%[0;36;5;40;100m  [0;37;5;40;100m@[0;1;37;97;47m8[0;37;5;47;107mXXXXXX[0;1;37;97;47m@[0;37;5;40;100m88[0;36;5;40;100m:...:::[0;30;5;40;100m%[0;1;37;97;47m;[0;1;30;90;47m@[0;37;5;47;107m8[0;1;30;90;47m8[0;1;37;97;47mX[0;1;30;90;47m8[0;1;37;97;47m8%[0;1;30;90;47m%.[0;36;5;40;100mt[0;30;5;40;100mX@XXX[0;1;30;90;41mX[0;1;31;91;41m8[0;1;30;90;41mS[0;30;5;40;100m@[0;31;5;40;100m8[0;1;31;91;41m88[0;30;5;40;100m888888[0;1;30;90;40mS[0m
[0;1;30;90;40mX[0;30;5;40;100mSSS[0;36;5;40;100m%t[0;35;5;40;100mt[0;31;5;41;101m88[0;35;5;40;100m%[0;36;5;40;100m:[0;1;30;90;41m8[0;31;5;41;101m@[0;1;30;90;41m8[0;36;5;40;100m:  [0;1;37;97;47m [0;37;5;47;107mX[0;1;37;97;47m;.8[0;37;5;47;107mX[0;1;30;90;47m:[0;1;37;97;47mX[0;37;5;47;107mXX[0;1;37;97;47m@[0;1;30;90;47mX[0;36;5;40;100m  [0;37;5;47;107m8XXXXX[0;1;37;97;47m.8[0;37;5;40;100mX[0;36;5;40;100m.[0;1;30;90;47m:.[0;36;5;40;100m:..::t[0;1;30;90;47mXX[0;1;37;97;47mX8[0;1;30;90;47m%[0;1;37;97;47mX8[0;1;30;90;47m8[0;1;37;97;47m@8X%[0;1;30;90;47m8[0;30;5;40;100m8XXX[0;1;30;90;41mX[0;1;31;91;41m8[0;1;30;90;41mS[0;30;5;40;100m@[0;31;5;40;100m8[0;1;31;91;41m88[0;30;5;40;100m888888[0;1;30;90;40mS[0m
[0;1;30;90;40mX[0;30;5;40;100mSSS%[0;36;5;40;100m%[0;35;5;40;100mt[0;31;5;41;101m88[0;31;5;40;100mS[0;36;5;40;100m;[0;31;5;40;100m@[0;31;5;41;101m8[0;1;30;90;41m8[0;36;5;40;100m...: [0;1;30;90;47m8[0;37;5;47;107m@8[0;1;30;90;47m;[0;37;5;47;107m8XXX[0;1;37;97;47m@S[0;36;5;40;100m [0;1;30;90;47mS[0;37;5;47;107mXXXXXXX[0;37;5;40;100m8[0;36;5;40;100m  [0;37;5;47;107m@@[0;1;30;90;47m;[0;36;5;40;100m tt [0;1;30;90;47m;[0;1;37;97;47m.[0;1;30;90;47m [0;37;5;47;107m8[0;1;37;97;47m8@[0;1;30;90;47mS[0;1;37;97;47m88[0;1;30;90;47m8[0;1;37;97;47mS[0;37;5;40;100m@[0;30;5;40;100m8@XXX@[0;1;30;90;41mS[0;1;31;91;41m8[0;1;30;90;41mS[0;30;5;40;100m@[0;31;5;40;100m8[0;1;31;91;41m88[0;30;5;40;100m888888[0;1;30;90;40mS[0m
[0;1;30;90;40m%[0;30;5;40;100mSSSS[0;36;5;40;100m%t[0;1;31;91;41m8[0;31;5;41;101m8[0;31;5;40;100mX[0;36;5;40;100m;[0;31;5;40;100m@[0;31;5;41;101m8[0;1;31;91;41m@[0;36;5;40;100m..  ; [0;1;30;90;47mt[0;37;5;40;100m888@8[0;1;30;90;47m%[0;37;5;47;107m8X@[0;1;30;90;47mt[0;37;5;47;107mXXXXX8[0;1;37;97;47m;:[0;37;5;40;100m@[0;1;30;90;47mX[0;37;5;47;107m@888[0;1;37;97;47m8[0;37;5;47;107m888[0;1;37;97;47mt[0;37;5;47;107m8[0;1;37;97;47m888[0;1;30;90;47m8[0;1;37;97;47m888[0;1;30;90;47mt[0;30;5;40;100m8XXXXX@[0;1;30;90;41m%[0;1;31;91;41m8[0;1;30;90;41mX[0;30;5;40;100m@[0;31;5;40;100m8[0;1;31;91;41m88[0;30;5;40;100m888888[0;34;40m;[0m
[0;34;40m:[0;30;5;40;100mXSSS%[0;36;5;40;100m%[0;1;30;90;41m@[0;31;5;41;101m8[0;1;30;90;41m8[0;36;5;40;100m;[0;31;5;40;100mS[0;31;5;41;101m88[0;35;5;40;100m:[0;36;5;40;100m...             [0;37;5;47;107m@XXXX@@[0;1;37;97;47m8[0;1;30;90;47m;[0;37;5;47;107m88[0;1;37;97;47m8[0;36;5;40;100m ; [0;37;5;40;100mX[0;1;30;90;47m.[0;1;37;97;47mt[0;1;30;90;47m88:[0;1;37;97;47m88[0;1;30;90;47m:[0;1;37;97;47m8t;@[0;36;5;40;100m [0;30;5;40;100mSXXXX@[0;1;31;91;41m@8[0;1;30;90;41m8[0;30;5;40;100m@[0;1;30;90;41m@[0;1;31;91;41m8%[0;30;5;40;100m888888[0;34;40m:[0m
 [0;30;5;40;100mXSSSS%[0;1;30;90;41m8[0;31;5;41;101m8[0;1;30;90;41m8[0;36;5;40;100mt[0;35;5;40;100mt[0;31;5;41;101m88[0;35;5;40;100m%[0;36;5;40;100m::...        ;[0;1;30;90;47mS[0;37;5;40;100m%[0;1;30;90;47m8[0;37;5;47;107m@[0;1;37;97;47m8.[0;37;5;47;107m8@@@888[0;1;37;97;47mS[0;1;30;90;47m8:[0;37;5;40;100mS[0;36;5;40;100m [0;37;5;40;100mX[0;30;5;40;100mS[0;36;5;40;100m;[0;30;5;40;100mSX[0;36;5;40;100m:[0;1;30;90;47m;[0;1;37;97;47m8[0;36;5;40;100m [0;30;5;40;100m@@@[0;36;5;40;100m;[0;30;5;40;100mXXXX@[0;31;5;40;100m8[0;1;31;91;41m88[0;30;5;40;100m8@[0;1;30;90;41m%[0;1;31;91;41m8[0;1;30;90;41mS[0;30;5;40;100m888888[0m 
 [0;30;5;40;100m8XSSSS[0;31;5;40;100m@[0;31;5;41;101m88[0;35;5;40;100mt[0;36;5;40;100mt[0;1;30;90;41m8[0;31;5;41;101m8[0;1;30;90;41m8[0;36;5;40;100m::::...    ;[0;1;30;90;47m.[0;37;5;40;100mX[0;1;30;90;47m8X[0;36;5;40;100m.[0;37;5;40;100m8[0;1;30;90;47mX%[0;37;5;47;107m88[0;1;37;97;47mXS8[0;37;5;47;107m8888888[0;1;37;97;47mS@.[0;1;30;90;47mX[0;36;5;40;100m [0;30;5;40;100mSX[0;36;5;40;100m  [0;30;5;40;100m8XXXXXX@@[0;1;30;90;41mX[0;1;31;91;41m8t[0;30;5;40;100m@8[0;1;31;91;41m88[0;1;30;90;41m8[0;30;5;40;100m88888[0;1;30;90;40m8[0m 
 [0;1;30;90;40mS[0;30;5;40;100mXXSSSS[0;1;31;91;41m@[0;31;5;41;101m8[0;31;5;40;100m8[0;36;5;40;100mt[0;31;5;40;100mX[0;31;5;41;101m8[0;1;31;91;41m8[0;35;5;40;100m;[0;36;5;40;100m;::::.....:[0;37;5;40;100m8[0;1;30;90;47m8[0;36;5;40;100m: :[0;37;5;40;100mX[0;1;30;90;47mX[0;36;5;40;100m;[0;1;30;90;47m:[0;37;5;47;107m8[0;1;37;97;47m8[0;1;30;90;47m8%[0;37;5;47;107m8888888[0;1;37;97;47m8888%[0;36;5;40;100m [0;30;5;40;100m@XXXXXXXXX@@[0;1;31;91;41m@8[0;1;30;90;41m8[0;30;5;40;100m@[0;1;30;90;41m@[0;1;31;91;41m8X[0;30;5;40;100m888888[0;1;30;90;40mS[0m 
  [0;30;5;40;100mXXXSSS[0;1;30;90;41m8[0;31;5;41;101m8[0;1;31;91;41m8[0;31;5;40;100m%[0;35;5;40;100mt[0;1;31;91;41mX[0;31;5;41;101m8[0;1;30;90;41m8[0;36;5;40;100m;;;:::::  [0;1;30;90;47mS[0;36;5;40;100m [0;37;5;40;100mS[0;1;30;90;47mt[0;36;5;40;100m [0;1;30;90;47mt@[0;36;5;40;100m.: [0;37;5;47;107m8[0;1;37;97;47m;[0;36;5;40;100m  [0;37;5;40;100m@[0;1;30;90;47m8@@88t[0;1;37;97;47m.[0;1;30;90;47m;[0;1;37;97;47m8888[0;37;5;40;100mX[0;30;5;40;100mXXXXXXXX@@[0;1;30;90;41m@[0;1;31;91;41m8X[0;30;5;40;100m@@[0;1;31;91;41mS8[0;1;30;90;41mX[0;30;5;40;100m888888[0;34;40m.[0m 
  [0;1;30;90;40m8[0;30;5;40;100mXXXXS[0;31;5;40;100mS[0;1;31;91;41m8[0;31;5;41;101m8[0;1;30;90;41m8[0;36;5;40;100m%[0;31;5;40;100mX[0;31;5;41;101m88[0;31;5;40;100mS[0;36;5;40;100mt;;;;;:t:[0;37;5;40;100mS[0;36;5;40;100m [0;37;5;40;100mX[0;1;30;90;47m [0;37;5;40;100m8[0;36;5;40;100m;:::[0;30;5;40;100mS[0;1;37;97;47m@[0;1;30;90;47mX[0;36;5;40;100mt;;ttt[0;1;30;90;47mX[0;1;37;97;47m8[0;37;5;40;100mX[0;36;5;40;100m t[0;1;30;90;47m8[0;1;37;97;47m.8[0;1;30;90;47m:[0;36;5;40;100m [0;30;5;40;100m@XXXXXX@@[0;31;5;40;100m8[0;1;31;91;41m88[0;1;30;90;41m8[0;30;5;40;100m@[0;1;30;90;41m8[0;1;31;91;41m8@[0;30;5;40;100m888888[0;1;30;90;40m@[0m  
  [0;34;40m:[0;30;5;40;100mXXXXXS[0;31;5;40;100m8[0;31;5;41;101m8[0;1;31;91;41m8[0;31;5;40;100mX[0;30;5;40;100m%[0;1;30;90;41m8[0;31;5;41;101m8[0;1;31;91;41mX[0;35;5;40;100mt[0;36;5;40;100mttt;;;;;;;;[0;30;5;40;100mS[0;1;30;90;47m.[0;36;5;40;100m.  ;[0;30;5;40;100mS[0;1;37;97;47m.[0;36;5;40;100m tttt[0;30;5;40;100m%[0;1;37;97;47mS;[0;37;5;40;100m@[0;30;5;40;100m@SSX[0;1;30;90;47m [0;1;37;97;47m88[0;1;30;90;47m@[0;30;5;40;100m8XXXXX@@@[0;1;31;91;41m%8[0;1;30;90;41mS[0;30;5;40;100m@8[0;1;31;91;41mX8[0;1;30;90;41m@[0;30;5;40;100m888888[0;34;40m:[0m  
   [0;1;30;90;40m@[0;30;5;40;100mXXXXXX[0;1;30;90;41mX[0;31;5;41;101m8[0;1;31;91;41mS[0;30;5;40;100mS[0;31;5;40;100mS[0;1;31;91;41mS[0;31;5;41;101m8[0;1;30;90;41m8[0;35;5;40;100m%[0;36;5;40;100mtttttttttt[0;30;5;40;100m%[0;1;30;90;47mS[0;30;5;40;100mS[0;36;5;40;100m [0;1;30;90;47mt[0;37;5;40;100m8[0;36;5;40;100m [0;1;37;97;47m;[0;36;5;40;100mttt%[0;30;5;40;100m%[0;37;5;40;100m8[0;1;37;97;47m8[0;1;30;90;47m:[0;36;5;40;100m.[0;30;5;40;100mSX@[0;36;5;40;100m [0;1;37;97;47mt[0;1;30;90;47m 8[0;30;5;40;100m8XXXX@@@@[0;1;30;90;41mS[0;1;31;91;41m8%[0;30;5;40;100m8@[0;1;30;90;41m%[0;1;31;91;41m8[0;1;30;90;41m%[0;30;5;40;100m888888[0;1;30;90;40m@[0m   
    [0;30;5;40;100m8XXXXXX[0;1;31;91;41mX[0;31;5;41;101m8[0;1;30;90;41m8[0;30;5;40;100mS[0;31;5;40;100mX[0;1;31;91;41m@[0;31;5;41;101m8[0;1;30;90;41m8[0;30;5;40;100m%%[0;36;5;40;100m%%tttttt[0;30;5;40;100m%[0;36;5;40;100m:[0;30;5;40;100mS[0;36;5;40;100m ; [0;1;30;90;47m.[0;1;37;97;47m8[0;36;5;40;100m;[0;30;5;40;100mXSXS[0;36;5;40;100m [0;1;37;97;47m8;[0;1;30;90;47m:[0;36;5;40;100m  [0;1;30;90;47m;[0;1;37;97;47m@ %[0;30;5;40;100m8XXXX@@@@[0;1;30;90;41mX[0;1;31;91;41m8X[0;31;5;40;100m8[0;30;5;40;100m@[0;1;30;90;41mX[0;1;31;91;41m8X[0;30;5;40;100m8888888[0m    
    [0;34;40m:[0;30;5;40;100m@XXXXX[0;31;5;40;100m@[0;1;31;91;41m8[0;31;5;41;101m8[0;1;30;90;41m8[0;30;5;40;100mS[0;31;5;40;100mX[0;1;31;91;41m@[0;31;5;41;101m8[0;1;30;90;41m8[0;30;5;40;100mSSS%%%%%%%X[0;36;5;40;100m [0;1;30;90;47m8[0;36;5;40;100m :[0;37;5;40;100m8[0;36;5;40;100m [0;37;5;40;100m@8[0;1;30;90;47mS[0;36;5;40;100m [0;30;5;40;100m@@[0;1;30;90;47m;[0;1;37;97;47m88888@[0;36;5;40;100m :[0;30;5;40;100m@XXX@@@@[0;1;30;90;41mX[0;1;31;91;41m8@[0;31;5;40;100m8[0;30;5;40;100m@[0;1;30;90;41m@[0;1;31;91;41m8@[0;31;5;40;100m8[0;30;5;40;100m888888[0;34;40m:[0m    
     [0;1;30;90;40mS[0;30;5;40;100mXXXXXX[0;31;5;40;100m8[0;1;31;91;41m8[0;31;5;41;101m8[0;1;30;90;41m8[0;30;5;40;100mX[0;31;5;40;100m@[0;1;31;91;41mX[0;31;5;41;101m8[0;1;31;91;41m%[0;31;5;40;100mX[0;30;5;40;100mSSSSSSSSXXSS[0;36;5;40;100m [0;37;5;40;100m@[0;30;5;40;100mSSSX@@X@[0;36;5;40;100m;    [0;1;30;90;47m;8[0;30;5;40;100m@XX@@@@@[0;1;30;90;41m%[0;1;31;91;41m8S[0;31;5;40;100m8[0;30;5;40;100m8[0;1;30;90;41m@[0;1;31;91;41m8@[0;31;5;40;100m8[0;30;5;40;100m888888[0;34;40m;[0m     
      [0;1;30;90;40mX[0;30;5;40;100mXXXXXX[0;31;5;40;100m8[0;1;31;91;41m8[0;31;5;41;101m8[0;1;30;90;41m@[0;30;5;40;100mX[0;31;5;40;100mX[0;1;30;90;41mS[0;31;5;41;101m8[0;1;31;91;41m@[0;31;5;40;100m8[0;30;5;40;100mXSSSSSSSSS@[0;36;5;40;100m [0;30;5;40;100m@XXXX8[0;36;5;40;100m: [0;1;30;90;47m8@[0;30;5;40;100m88[0;36;5;40;100m [0;1;37;97;47m;[0;1;30;90;47m.[0;30;5;40;100mSX@@@@@[0;31;5;40;100m8[0;1;31;91;41mS8t[0;30;5;40;100m88[0;1;30;90;41mX[0;1;31;91;41m8@[0;31;5;40;100m8[0;30;5;40;100m888888[0;1;30;90;40mX[0m      
       [0;1;30;90;40m@[0;30;5;40;100m@XXXXX[0;31;5;40;100m8[0;1;31;91;41mX[0;31;5;41;101m8[0;1;30;90;41mS[0;31;5;40;100m@[0;30;5;40;100mX[0;1;30;90;41m8[0;1;31;91;41m88[0;1;30;90;41m8[0;30;5;40;100mXXXXXXXXXX8XXXXXX[0;36;5;40;100m.[0;1;37;97;47m.[0;36;5;40;100m [0;37;5;40;100m8[0;1;30;90;47mX:S[0;36;5;40;100m [0;30;5;40;100m8@@@@@@[0;1;30;90;41m@[0;1;31;91;41m88[0;1;30;90;41mX[0;30;5;40;100m@8[0;1;30;90;41m%[0;1;31;91;41m8S[0;31;5;40;100m8[0;30;5;40;100m888888[0;1;30;90;40mX[0m       
        [0;1;30;90;40m@[0;30;5;40;100m@@@@XX@[0;1;30;90;41mS[0;31;5;41;101m8[0;1;31;91;41m@[0;31;5;40;100m8[0;30;5;40;100mX[0;31;5;40;100m8[0;1;31;91;41mS[0;31;5;41;101m8[0;1;31;91;41mS[0;31;5;40;100m8[0;30;5;40;100mXXXXXXXXXXXXXXX@[0;37;5;40;100mS[0;1;37;97;47m [0;1;30;90;40m8[0;30;5;40;100m88@@@@@@@[0;31;5;40;100m8[0;1;31;91;41m%8S[0;31;5;40;100m8[0;30;5;40;100m8[0;31;5;40;100m8[0;1;31;91;41mS8[0;1;30;90;41mt[0;30;5;40;100m8888888[0;1;30;90;40mX[0m        
         [0;1;30;90;40mS[0;30;5;40;100m@@@@@@X[0;1;30;90;41m8[0;1;31;91;41m88[0;1;30;90;41mX[0;30;5;40;100m@X[0;1;30;90;41m@[0;1;31;91;41m8[0;31;5;41;101m8[0;1;30;90;41mS[0;31;5;40;100m@[0;30;5;40;100mXXXXXXXXXXXXXX@8@@@@@@@@8[0;1;30;90;41mS[0;1;31;91;41m88[0;1;30;90;41mX[0;30;5;40;100m88[0;1;30;90;41mX[0;1;31;91;41m88[0;1;30;90;41mX[0;30;5;40;100m8888888[0;1;30;90;40mS[0m         
          [0;34;40m;[0;30;5;40;100m8@@@@@@[0;31;5;40;100m8[0;1;31;91;41m%8X[0;31;5;40;100m8[0;30;5;40;100mX[0;31;5;40;100m8[0;1;30;90;41mS[0;1;31;91;41m88[0;1;30;90;41mX[0;31;5;40;100m@[0;30;5;40;100mXXXXXXX@@@@@@@@@@@@@8[0;1;30;90;41mX[0;1;31;91;41m88[0;1;30;90;41m%[0;31;5;40;100m8[0;30;5;40;100m8[0;31;5;40;100m8[0;1;31;91;41m%8%[0;31;5;40;100m8[0;30;5;40;100m888888[0;1;30;90;40m8[0;34;40m:[0m          
            [0;1;30;90;40m8[0;30;5;40;100m@@@@@@@[0;1;30;90;41m8[0;1;31;91;41m@8[0;1;30;90;41m%[0;31;5;40;100m8[0;30;5;40;100m@[0;31;5;40;100m8[0;1;30;90;41mS[0;1;31;91;41m88[0;1;30;90;41mX[0;31;5;40;100m8[0;30;5;40;100m@@@@@@@@@@@@@@@@[0;31;5;40;100m8[0;1;30;90;41mS[0;1;31;91;41m88[0;1;30;90;41m%[0;31;5;40;100m8[0;30;5;40;100m8[0;31;5;40;100m8[0;1;30;90;41m%[0;1;31;91;41m8X[0;1;30;90;41mX[0;30;5;40;100m8888888[0;1;30;90;40m8[0m            
             [0;1;30;90;40mS[0;30;5;40;100m8@@@@@@8[0;1;30;90;41mX[0;1;31;91;41m88[0;1;30;90;41mS[0;31;5;40;100m8[0;30;5;40;100m@[0;31;5;40;100m8[0;1;30;90;41mS[0;1;31;91;41m88[0;1;30;90;41m%[0;31;5;40;100m8[0;30;5;40;100m@@@@@@@@@@@@[0;31;5;40;100m8[0;1;30;90;41m%[0;1;31;91;41m88[0;1;30;90;41m%[0;31;5;40;100m8[0;30;5;40;100m88[0;1;30;90;41m%[0;1;31;91;41m88[0;1;30;90;41m%[0;30;5;40;100m88888888[0;1;30;90;40mS[0m             
              [0;34;40m:[0;1;30;90;40m8[0;30;5;40;100m@@@@@@@[0;31;5;40;100m8[0;1;30;90;41mS[0;1;31;91;41m88[0;1;30;90;41mS[0;31;5;40;100m8[0;30;5;40;100m@[0;31;5;40;100m8[0;1;30;90;41mX[0;1;31;91;41m@8S[0;1;30;90;41mX[0;31;5;40;100m8[0;30;5;40;100m@@@@@@[0;31;5;40;100m8[0;1;30;90;41mX[0;1;31;91;41mS8@[0;1;30;90;41mS[0;31;5;40;100m8[0;30;5;40;100m8[0;31;5;40;100m8[0;1;30;90;41m%[0;1;31;91;41m@8[0;1;30;90;41m%[0;31;5;40;100m8[0;30;5;40;100m8888888[0;1;30;90;40m8[0;34;40m:[0m              
                [0;34;40m;[0;30;5;40;100m8888@@@@[0;31;5;40;100m8[0;1;30;90;41mS[0;1;31;91;41m88t[0;1;30;90;41m8[0;30;5;40;100m@@[0;1;30;90;41m8%[0;1;31;91;41m88t[0;1;30;90;41m@[0;30;5;40;100m88[0;1;30;90;41m@[0;1;31;91;41m;88[0;1;30;90;41mt8[0;30;5;40;100m88[0;1;30;90;41m8t[0;1;31;91;41m8@[0;1;30;90;41m%[0;31;5;40;100m8[0;30;5;40;100m8888888[0;1;30;90;40m8[0;34;40m;[0m                
                  [0;1;30;90;40mS[0;30;5;40;100m888888888[0;1;30;90;41mX[0;1;31;91;41mX8X[0;1;30;90;41mX[0;31;5;40;100m8[0;30;5;40;100m88[0;1;30;90;41m@[0;1;31;91;41mt8888%[0;1;30;90;41mX[0;30;5;40;100m888[0;1;30;90;41mX[0;1;31;91;41mS8X[0;1;30;90;41mS[0;30;5;40;100m888888888[0;1;30;90;40mS[0m                  
                    [0;1;30;90;40mX[0;30;5;40;100m888888888[0;1;30;90;41m8t[0;1;31;91;41m88;[0;1;30;90;41m@[0;30;5;40;100m888[0;1;30;90;41m@X[0;31;5;40;100m8[0;30;5;40;100m88[0;1;30;90;41m@[0;1;31;91;41m;@@[0;1;30;90;41mt@[0;30;5;40;100m888888888[0;1;30;90;40mS[0m                    
                      [0;1;30;90;40mS[0;30;5;40;100m8888888888[0;1;30;90;41mX[0;1;31;91;41mt88;[0;1;30;90;41mX[0;31;5;40;100m8[0;30;5;40;100m8[0;1;30;90;41mXt[0;1;31;91;41m@8t[0;1;30;90;41mX[0;30;5;40;100m888888888[0;1;30;90;40m8S[0m                      
                        [0;34;40m;[0;1;30;90;40m8[0;30;5;40;100m8888888888[0;1;30;90;41mX[0;1;31;91;41m;@88@t[0;1;30;90;41mX[0;30;5;40;100m8888888888[0;1;30;90;40m8[0;34;40m;[0m                        
                          [0;34;40m:[0;1;30;90;40m@[0;30;5;40;100m88888888888[0;1;30;90;41mXX[0;30;5;40;100m88888888888[0;1;30;90;40m@[0;34;40m:[0m                          
                             [0;34;40m;[0;1;30;90;40m8[0;30;5;40;100m888888888888888888[0;1;30;90;40m8[0;34;40m;[0m                             
                                [0;34;40m;[0;1;30;90;40m8[0;30;5;40;100m888888888888[0;1;30;90;40m8%[0m                                
                                   [0;34;40m;[0;1;30;90;40m@8[0;30;5;40;100m88888[0;1;30;90;40m@[0;34;40m;[0m                                   
                                      [0;34;40m:[0;1;30;90;40mSS[0;34;40m:[0m                                      
