[0;36;5;40;100m [0;1;30;90;47m....      [0;1;37;97;47m                                     [0;1;30;90;47m      .........:::::::::;;;;;;;[0;36;5;40;100m [0m
[0;37;5;40;100m@[0;37;5;47;107m%%%%%%ttttttttttttttttttttttttttttttttttttttttttttt%%%%%%%%SSSSSSSXXXX@@@@@@@@[0;37;5;40;100m8[0m
[0;37;5;40;100m@[0;37;5;47;107m%%%%ttttttttttttttttttttttttttttttttttttttttttttttttt%%%%%%%SSSSSSSXXXX@@@@@@@[0;37;5;40;100m8[0m
[0;37;5;40;100m@[0;37;5;47;107m%%ttttttttttttttttttt;;;;;;;;;;;;;;ttttttttttttttttttt%%%%%%%%SSSSSSXXXX@@@@@@[0;37;5;40;100m8[0m
[0;37;5;40;100m@[0;37;5;47;107m%tttttttttttttttt;;;;;;;;;;;;;;;;;;;;;;;tttttttttttttttt%%%%%%%SSSSSSXXXX@@@@@[0;37;5;40;100m8[0m
[0;37;5;40;100m@[0;37;5;47;107mtttttttttttttt;;;;;;;;;;;;;;;;;;;;;;;;;;;;ttttttttttttttt%%%%%%%SSSSSSXXXX@@@@[0;37;5;40;100m8[0m
[0;37;5;40;100m8[0;37;5;47;107mtttttttttttt;;;;;;;;;;;;;:::::::;;;;;;;;;;;;;ttttttttttttt%%%%%%%SSSSSXXXXX@@@[0;37;5;40;100m8[0m
[0;37;5;40;100m8[0;37;5;47;107mtttttttttt;;;;;;;;;;::::::::::::::::tX@@X%;;;;ttttttttttttt%%%%%%%SSSSSXXXX@@@[0;37;5;40;100m8[0m
[0;37;5;40;100m8[0;37;5;47;107mttttttttt;;;;;;;;::::::::::::t[0;1;37;97;47mS [0;1;30;90;47m8[0;1;34;94;47m8[0;34;5;44;104mX@@@88888@[0;36;5;44;104m@[0;1;30;90;47m8X[0;1;37;97;47m;[0;37;5;47;107mXttttttttttt%%%%%%SSSSSSXXXX@@[0;37;5;40;100m8[0m
[0;37;5;40;100m8[0;37;5;47;107mtttttttt;;;;;;;:::::::...:8[0;1;30;90;47mX[0;36;5;44;104mX[0;34;5;44;104mX@@@@@@@@@@888888888@[0;1;30;90;47m8[0;1;37;97;47m;[0;37;5;47;107m%tttttttt%%%%%%SSSSSXXXX@@[0;37;5;40;100m8[0m
[0;37;5;40;100m8[0;37;5;47;107mttttttt;;;;;;;:::::....8[0;1;30;90;47m@[0;36;5;44;104mX[0;34;5;44;104mXXXXXXXXX@@@@@@@88888888888[0;1;30;90;47m8[0;1;37;97;47mX[0;37;5;47;107mtttttt%%%%%%SSSSSSXXXX@[0;37;5;40;100m8[0m
[0;37;5;40;100m8[0;37;5;47;107mtttttt;;;;;;:::::....8[0;1;30;90;47m8[0;34;5;44;104mXXXXXXXXXXXXXX@@@@@@888888888888[0;36;5;44;104m8[0;1;37;97;47mt[0;37;5;47;107mttttt%%%%%%SSSSSXXXX@[0;37;5;40;100m8[0m
[0;37;5;40;100m8[0;37;5;47;107mttttt;;;;;;;::::...S[0;1;30;90;47m8[0;34;5;44;104mXXXXXXXXXXXXXXXXXX@@@@@8888888888888[0;36;5;40;100m [0;37;5;47;107m8ttt%%%%%%SSSSSSXXX@[0;37;5;40;100m8[0m
[0;37;5;40;100m8[0;37;5;47;107mttttt;;;;;;::::...[0;1;37;97;47m [0;34;5;44;104mXXXXXXXXXXXXXXXXXXXXX@@@@@88888888888888[0;1;30;90;47m@[0;37;5;47;107m%tt%%%%%%SSSSSXXXX[0;37;5;40;100m8[0m
[0;37;5;40;100m8[0;37;5;47;107mtttt;;;;;;::::..:[0;1;30;90;47m8[0;34;5;44;104mXXXXXXXS[0;36;5;44;104mXXXXX[0;34;5;44;104mSXXXXXXXXX@@@@@88888888888888[0;36;5;44;104m8[0;37;5;47;107mSt%%%%%%SSSSSXXXX[0;37;5;40;100m8[0m
[0;37;5;40;100m8[0;37;5;47;107mtttt;;;;;;::::.;[0;1;30;90;47m8[0;34;5;44;104mXXXXXXS[0;36;5;44;104mXXXXXXXXX[0;34;5;44;104mXXXXXXXX@@@@@8888888888888888[0;37;5;47;107mX%%%%%%SSSSSXXXX[0;37;5;40;100m8[0m
[0;37;5;40;100m8[0;37;5;47;107mtttt;;;;;;:::::[0;1;30;90;47m8[0;34;5;44;104mXXXXXXS[0;36;5;44;104mXXXXXXXXXX[0;34;5;44;104mSXXXXXXXX@@@@8888888888888888[0;36;5;44;104m8[0;37;5;47;107mS%%%%%SSSSSXXXX[0;37;5;40;100m8[0m
[0;37;5;40;100m8[0;37;5;47;107mtttt;;;;;;::::[0;1;37;97;47m [0;34;5;44;104mXXXXXXXS[0;36;5;44;104mXXXXXXXXXXX[0;34;5;44;104mXXXXXXXX@@@@88888888888888888[0;1;30;90;47m8[0;37;5;47;107m%%%%%SSSSSXXXX[0;37;5;40;100m8[0m
[0;37;5;40;100m8[0;37;5;47;107mtttt;;;;;;:::8[0;34;5;44;104m@XXXXXXXX[0;36;5;44;104mXXXXXXXXXX[0;34;5;44;104mSXXXXXXXX@@@@88888888888888888[0;1;34;94;44m8[0;1;37;97;47mt[0;37;5;47;107m%%%%SSSSSXXXX[0;37;5;40;100m8[0m
[0;37;5;40;100m8[0;37;5;47;107mtttt;;;;;;:::[0;1;30;90;47m8[0;34;5;44;104m@XXXXXXXXXS[0;36;5;44;104mXXXXXXX[0;34;5;44;104mSXXXXXXXX@@@@@88888888888888888[0;1;34;94;44m8[0;34;5;44;104m8[0;37;5;47;107m%%%%SSSSSXXXX[0;37;5;40;100m8[0m
[0;37;5;40;100m8[0;37;5;47;107mtttt;;;;;;::@[0;34;5;44;104m@@@XXXXXXXXXSSSSSSXXXXXXXXXX@@@@888888888888888888[0;1;34;94;44m88[0;1;37;97;47mS[0;37;5;47;107m%%%SSSSSXXXX[0;37;5;40;100m8[0m
[0;37;5;40;100mX[0;37;5;47;107mttttt;;;;;;:[0;1;37;97;47m [0;34;5;44;104m@@@@XXXXXXXXXXXXXXXXXXXXXXX@@@@@88888888888888888[0;1;34;94;44m888[0;1;30;90;47m8[0;37;5;47;107m%%SSSSSSXXXX[0;37;5;40;100mX[0m
[0;36;5;40;100m [0;37;5;47;107mttttt;;;;;;;[0;1;30;90;47m8[0;34;5;44;104m@@@@@XXXXXXXXXXXXXXXXXXXXX@@@@@888888888888888888[0;1;34;94;44m888[0;1;30;90;47m8[0;37;5;47;107m%%SSSSSXXXX@[0;36;5;40;100m [0m
[0;30;5;40;100m@[0;37;5;47;107mtttttt;;;;;;[0;1;30;90;47m8[0;34;5;44;104m8@@@@@@XXXXXXXXXXXXXXXXX@@@@@@8888888888888888888[0;1;34;94;44m888[0;36;5;44;104m8[0;37;5;47;107m%%SSSSSXXXX@[0;36;5;40;100m%[0m
 [0;37;5;47;107m%tttttt;;;;;[0;1;30;90;47m8[0;34;5;44;104m88@@@@@@@@XXXXXXXXXXX@@@@@@@@8888888888888888888[0;1;34;94;44m8888[0;36;5;40;100m.[0;37;5;47;107m%SSSSSSXXXX@[0m 
 [0;1;37;97;47m;[0;37;5;47;107mttttttt;;;;[0;1;37;97;47m [0;34;5;44;104m8888@@@@@@@@@@@@@@@@@@@@@@@88888888888888888888[0;1;34;94;44m88888[0;1;30;90;47m8[0;37;5;47;107m%SSSSSXXXX@[0;1;37;97;47mt[0m 
 [0;37;5;40;100mS[0;37;5;47;107mtttttttt;;;[0;1;37;97;47mX[0;34;5;44;104m888888@@@@@@@@@@@@@@@@@@88888888888888888888888[0;1;34;94;44m88888[0;1;37;97;47m [0;37;5;47;107mSSSSSSXXXX@[0;37;5;40;100m@[0m 
  [0;37;5;47;107m%ttttttttt;;[0;34;5;44;104m@888888888@@@@@@@@@@88888888888888888888888888[0;1;34;94;44m88888[0;34;5;44;104m8[0;37;5;47;107mSSSSSSXXXX@@[0;1;30;90;40m8[0m 
  [0;1;30;90;47m;[0;37;5;47;107mttttttttttt[0;1;37;97;47m [0;34;5;44;104m88888888888888888888888888888888888888888888[0;1;34;94;44m888888[0;1;30;90;47mX[0;37;5;47;107mSSSSSXXXX@@[0;1;30;90;47m.[0m  
  [0;1;30;90;40m8[0;37;5;47;107m%ttttttttttt[0;36;5;44;104m@[0;34;5;44;104m888888888888888888888888888888888888888888[0;1;34;94;44m888888[0;34;5;44;104m8[0;37;5;47;107mSSSSSXXXXX@@[0;30;5;40;100m@[0m  
   [0;1;30;90;47mX[0;37;5;47;107mttttttttttt@[0;34;5;44;104m8888888888888888888888888888888888888888[0;1;34;94;44m8888888[0;34;5;44;104m8[0;1;37;97;47m8[0;37;5;47;107mSSSSXXXXX@@[0;1;30;90;47m%[0m   
    [0;37;5;47;107m8ttttttttttt8[0;34;5;44;104m88888888888888888888888888888888888888[0;1;34;94;44m88888888[0;1;37;97;47mt[0;37;5;47;107mSSSSSXXXX@@[0;1;37;97;47m8[0m    
    [0;36;5;40;100m%[0;37;5;47;107m%ttttttttttt[0;1;37;97;47m@[0;34;5;44;104m88888888888888888888888888888888888[0;1;34;94;44m88888888[0;34;5;44;104m8[0;1;37;97;47mt[0;37;5;47;107mSSSSXXXXX@@@[0;36;5;40;100mt[0m    
     [0;36;5;40;100m [0;37;5;47;107m%ttttttttttt@[0;36;5;44;104m@[0;34;5;44;104m8888888888888888888888888888888[0;1;34;94;44m888888888[0;36;5;44;104m8[0;37;5;47;107m8SSSSXXXXX@@@[0;36;5;40;100m [0m     
      [0;1;30;90;47m8[0;37;5;47;107m%%%tttttttttt[0;1;37;97;47m [0;34;5;44;104m8888888888888888888888888888[0;1;34;94;44m8888888888[0;1;30;90;47mX[0;37;5;47;107mSSSSSXXXXX@@@[0;1;30;90;47m@[0m      
       [0;1;30;90;47mX[0;37;5;47;107m%%%%ttttttttt@[0;1;30;90;47m8[0;34;5;44;104m88888888888888888888888[0;1;34;94;44m88888888888[0;1;30;90;47m8[0;37;5;47;107m8SSSSXXXXXX@@@[0;1;30;90;47m%[0m       
        [0;1;30;90;47m8[0;37;5;47;107m%%%%%%%ttttttt@[0;1;30;90;47m8[0;34;5;44;104m88888888888888888[0;1;34;94;44m888888888888[0;34;5;44;104m8[0;1;30;90;47m8[0;37;5;47;107m8SSSSSXXXXX@@@@[0;1;30;90;47mX[0m        
         [0;37;5;40;100mX[0;37;5;47;107m%%%%%%%%%%%ttttt[0;1;37;97;47mt[0;1;30;90;47m8[0;34;5;44;104m888888888[0;1;34;94;44m88888888888888[0;34;5;44;104m8[0;1;30;90;47m8[0;1;37;97;47m:[0;37;5;47;107mSSSSSSXXXXXX@@@@[0;37;5;40;100mX[0m         
          [0;36;5;40;100m;[0;37;5;47;107m8%%%%%%%%%%%%%%%%%[0;1;37;97;47m@ [0;1;30;90;47m8[0;34;5;44;104m88[0;1;34;94;44m8888888888888[0;34;5;44;104m8[0;1;30;90;47m8X[0;1;37;97;47mS[0;37;5;47;107mSSSSSSSXXXXXX@@@@[0;1;37;97;47m8[0;36;5;40;100m:[0m          
            [0;1;37;97;47m:[0;37;5;47;107mS%%%%%%%%%%%%%%%%%%%%8[0;1;37;97;47mS.  [0;1;30;90;47mXXS[0;1;37;97;47m  %[0;37;5;47;107m8SSSSSSSSSSXXXXXX@@@@@[0;1;37;97;47m;[0m            
             [0;37;5;40;100m@[0;37;5;47;107mXSSS%%%%%%%%%%%%%%%%%%%%%%SSSSSSSSSSSSSXXXXXXX@@@@@8[0;37;5;40;100m8[0m             
              [0;30;5;40;100m8[0;1;37;97;47m;[0;37;5;47;107mSSSSSSSSSSSSSSSSSSSSSSSSSSSSSSSSSSXXXXXXXX@@@@@@[0;1;37;97;47m:[0;30;5;40;100m8[0m              
                [0;36;5;40;100m [0;1;37;97;47m8[0;37;5;47;107mSSSSSSSSSSSSSSSSSSSSSSSSSSSSXXXXXXXXX@@@@@@@[0;1;37;97;47m8[0;36;5;40;100m [0m                
                  [0;37;5;40;100m8[0;37;5;47;107m@SSSSSSSSSSSSSSSSSSSSSXXXXXXXXXXX@@@@@@@@8[0;37;5;40;100m8[0m                  
                    [0;1;30;90;47m8[0;37;5;47;107m8XXXXXXXXXXXXXXXXXXXXXXXXXXX@@@@@@@@@8[0;1;30;90;47m8[0m                    
                      [0;37;5;40;100m@[0;1;37;97;47m8[0;37;5;47;107mXXXXXXXXXXXXXXXXXXXX@@@@@@@@@@@@[0;1;37;97;47m8[0;37;5;40;100m8[0m                      
                        [0;36;5;40;100m [0;1;37;97;47mS[0;37;5;47;107mXXXXXXXXXXX@@@@@@@@@@@@@@@@@[0;1;37;97;47mS[0;36;5;40;100m [0m                        
                          [0;30;5;40;100mS[0;1;30;90;47m%[0;37;5;47;107m8@@@@@@@@@@@@@@@@@@@@@@8[0;1;30;90;47m;[0;36;5;40;100mt[0m                          
                             [0;36;5;40;100m [0;1;37;97;47m.[0;37;5;47;107m@@@@@@@@@@@@@@@@@@[0;1;37;97;47m:[0;36;5;40;100m [0m                             
                                [0;36;5;40;100m [0;1;37;97;47m;[0;37;5;47;107m@@@@@@@@@@@@[0;1;37;97;47mt[0;37;5;40;100mX[0m                                
                                   [0;36;5;40;100m [0;1;30;90;47m;[0;37;5;47;107m8@@@@8[0;1;30;90;47m.[0;36;5;40;100m [0m                                   
                                      [0;30;5;40;100mS[0;37;5;40;100m@@[0;36;5;40;100m%[0m                                      
