[0;30;44m@[0;36;5;40;100m [0;1;30;90;47m;:...................................................:::::::::::;;;;;;;;;;;t[0;36;5;40;100m [0;1;30;90;44mX[0m
[0;30;44m;[0;1;34;94;44m88[0;1;30;90;47m8[0;1;37;97;47m@[0;37;5;47;107m%%%%%%%%%%%%%%%%%%%%%%%%%%%%%%%%%%%%%%%%%%%%%%%%%%SSSSSSSSSXXXXXXXX@@@[0;1;37;97;47m@[0;1;30;90;47m8[0;1;34;94;44m8@[0;1;30;90;44m;[0m
[0;30;44m;[0;1;34;94;44m8888[0;1;30;90;47m8[0;1;37;97;47m@[0;37;5;47;107m%%%%%%%%%%%%[0;1;37;97;47m8 [0;1;30;90;47m@[0;33;5;40;100m.;[0;1;37;97;47m@[0;37;5;47;107mtttttttttttttt%%%%%%%%%%%%%%%%[0;1;37;97;47m@[0;33;5;40;100mtt[0;37;5;40;100m8[0;1;30;90;47m;[0;1;37;97;47m@[0;37;5;47;107mSSSSXXXXXXXX[0;1;37;97;47m@[0;1;30;90;47m8[0;1;34;94;44m8@@@[0;30;44m;[0m
[0;30;44m;[0;1;34;94;44m88888[0;34;5;44;104m8[0;1;30;90;47m8[0;37;5;47;107mX%%%%%%%%[0;1;37;97;47m:[0;33;5;40;100m.[0;1;30;90;43m88888[0;33;5;40;100mX[0;1;37;97;47m8[0;37;5;47;107mtttttttttttttttt%%%%%%%%%%%%[0;1;37;97;47m@[0;33;5;40;100m8[0;31;43m88888[0;33;5;40;100m%[0;1;30;90;47m:[0;37;5;47;107mXSSXXXXX@[0;1;30;90;47m8[0;1;34;94;44m88@@@@[0;30;44m;[0m
[0;1;30;90;44m:[0;1;34;94;44m88888[0;34;5;44;104m888[0;1;37;97;47m;[0;37;5;47;107m%%%%t@[0;33;5;40;100m [0;1;30;90;43m888[0;33;5;40;100m8[0;1;30;90;43m8888[0;33;5;40;100mS[0;1;37;97;47m8[0;37;5;47;107mtttttttttttttttttt%%%%%%%%[0;1;37;97;47m8[0;33;5;40;100m8[0;1;30;90;43mXX[0;31;43m88[0;33;41m8[0;31;43m888[0;33;5;40;100m%[0;1;37;97;47m8[0;37;5;47;107mSSXXX[0;1;37;97;47m:[0;1;34;94;44m88888@@@[0;30;44m;[0m
[0;1;30;90;44m;[0;1;34;94;44m8888[0;34;5;44;104m88888[0;1;30;90;47m8[0;37;5;47;107m%ttt@[0;33;5;40;100mt[0;1;30;90;43m8888[0;33;5;40;100m8[0;1;30;90;43m8888[0;33;5;40;100mt[0;37;5;47;107m8;;;;;;ttttttttttttt%%%%%8[0;33;5;40;100mS[0;1;30;90;43mXXXX[0;1;30;90;41m8[0;31;43m8888[0;33;5;40;100m8[0;1;37;97;47m8[0;37;5;47;107mSSSX[0;1;30;90;47m8[0;1;34;94;44m8888888@@[0;30;44m;[0m
[0;1;30;90;44m;[0;1;34;94;44m88[0;34;5;44;104m88888888[0;1;30;90;47m8[0;37;5;47;107mSttt8[0;33;5;40;100m%[0;1;30;90;43m8888[0;33;5;40;100m8[0;1;30;90;43m8888[0;33;5;40;100m.[0;37;5;47;107mX;;;;;;;;;;tttttttttt%%@[0;33;5;40;100mt[0;1;30;90;43m@@XX[0;1;30;90;41m8[0;1;30;90;43mXX[0;31;43m88[0;33;5;40;100m8[0;1;37;97;47mX[0;37;5;47;107mSSS@[0;36;5;40;100m.[0;1;34;94;44m888888888@[0;30;44m;[0m
[0;1;30;90;44m;[0;1;34;94;44m8[0;34;5;44;104m8888888888[0;36;5;44;104m8[0;37;5;47;107mXttt8[0;33;5;40;100m%[0;1;30;90;43m8888[0;33;5;40;100m@[0;1;30;90;43m8888[0;33;5;40;100m [0;37;5;47;107mS;;;;;;;;;;;;ttttttttX[0;33;5;40;100m:[0;1;30;90;43m@@@@[0;31;5;40;100m@[0;1;30;90;43mXXXX[0;33;5;40;100m8[0;1;37;97;47mS[0;37;5;47;107mSSS@[0;36;5;44;104m8[0;1;34;94;44m8888888888@[0;30;44m;[0m
[0;1;30;90;44m;[0;34;5;44;104m888888888888[0;36;5;40;100m.[0;37;5;47;107m%;;;[0;1;37;97;47m8[0;33;5;40;100m%[0;1;30;90;43m888[0;33;5;40;100mXX[0;1;30;90;43m8888[0;37;5;40;100m8[0;37;5;47;107mt::::::;;;;;;;tttttS[0;33;5;40;100m [0;1;30;90;43m88@@[0;31;5;40;100m8[0;1;30;90;43mXXXX[0;33;5;40;100m8[0;1;37;97;47mt[0;37;5;47;107m%SSX[0;36;5;44;104m8[0;1;34;94;44m888888888888[0;30;44m;[0m
[0;1;30;90;44m;[0;34;5;44;104m8888888888888[0;1;30;90;47m8[0;37;5;47;107m;;;;[0;1;37;97;47m@[0;33;5;40;100m%[0;1;30;90;43m888[0;33;5;40;100mSS%[0;1;30;90;43m888[0;1;30;90;47m8[0;37;5;47;107m;::::::::;;;;;ttt%[0;33;5;40;100m [0;1;30;90;43m8888[0;33;5;40;100m88[0;1;30;90;43m@@X[0;33;5;40;100m8[0;1;37;97;47m;[0;37;5;47;107m%%%S[0;36;5;40;100m [0;1;34;94;44m8888888888888[0;30;44m;[0m
[0;1;30;90;44m;[0;34;5;44;104m88888888888888[0;1;37;97;47m [0;37;5;47;107m;;::[0;1;37;97;47m8[0;33;5;40;100mt[0;1;30;90;43m888[0;33;5;40;100m%tt[0;1;30;90;43m88[0;33;5;40;100mt[0;1;30;90;47m8[0;37;5;47;107m:....:::::;;;;;t[0;37;5;40;100m8[0;1;30;90;43m88888[0;33;5;40;100m8[0;1;30;90;43m@@@[0;33;5;40;100m8[0;1;37;97;47m;[0;37;5;47;107m%%%%[0;1;30;90;47m8[0;1;34;94;44m88888888888888[0;30;44m;[0m
[0;1;30;90;44m;[0;34;5;44;104m88888888888888@[0;1;37;97;47m@[0;37;5;47;107m:::.[0;1;37;97;47m@[0;33;5;40;100m;[0;1;30;90;43m8[0;33;5;40;100m;;;;;::;[0;1;30;90;47mS[0;37;5;47;107m......::::;;;;[0;1;30;90;47m8[0;1;30;90;43m888[0;33;5;40;100m8[0;1;30;90;43m8[0;33;5;40;100m8[0;1;30;90;43m88@[0;33;5;40;100m8[0;1;37;97;47m [0;37;5;47;107m%%%%[0;1;37;97;47mt[0;1;34;94;44m888888888888888[0;30;44m;[0m
[0;1;30;90;44mt[0;34;5;44;104m8888888888888@@[0;36;5;44;104mX[0;37;5;47;107m;:...[0;1;37;97;47mX[0;33;5;40;100m::::::::::[0;1;30;90;47m;[0;37;5;47;107m   ...::::;;[0;1;30;90;47m%[0;1;30;90;43m888[0;33;5;40;100m8[0;1;30;90;43m88888@[0;1;30;90;47m:[0;37;5;47;107m%%%%S[0;34;5;44;104m8[0;1;34;94;44m888888888888888[0;30;44m;[0m
[0;1;30;90;44mt[0;34;5;44;104m888888888888@@@@[0;1;37;97;47m [0;37;5;47;107m...  [0;1;37;97;47mS[0;33;5;40;100m::::..::::[0;1;30;90;47m:[0;37;5;47;107m   ....:::[0;1;30;90;47mt[0;33;5;40;100m@[0;1;30;90;43m88[0;33;5;40;100m8[0;1;30;90;43m88[0;33;5;40;100m8[0;1;30;90;43m888[0;1;30;90;47mt[0;37;5;47;107m%%%%%[0;1;30;90;47m@[0;1;34;94;44m8888888888888888[0;30;44m;[0m
[0;1;30;90;44mt[0;34;5;44;104m88888888888@@@@X[0;36;5;44;104mX[0;37;5;47;107m:.    [0;1;37;97;47m;[0;33;5;40;100m.........:[0;1;30;90;47m [0;37;5;47;107m   ...::[0;1;30;90;47m:[0;33;5;40;100mX[0;1;30;90;43m8[0;33;5;40;100m@@[0;1;30;90;43m88[0;33;5;40;100m8[0;1;30;90;43m888[0;1;30;90;47m%[0;37;5;47;107m%%%%%X[0;34;5;44;104m8[0;1;34;94;44m8888888888888888[0;30;44m;[0m
[0;1;30;90;44mt[0;34;5;44;104m88888888888@@@@XX[0;1;37;97;47m:[0;37;5;47;107m      [0;1;37;97;47m:[0;33;5;40;100m. .[0;37;5;40;100m88[0;33;5;40;100m ...:[0;1;37;97;47m.[0;37;5;47;107m   ...[0;1;37;97;47m:[0;33;5;40;100mSXX[0;1;30;90;43m8888[0;33;5;40;100m8[0;1;30;90;43m88[0;1;30;90;47mS[0;37;5;47;107mt%%%%%[0;1;30;90;47mS[0;1;34;94;44m88888888888888888[0;30;44m;[0m
[0;1;30;90;44mt[0;34;5;44;104m88888888888@@@@XX[0;1;30;90;47m8[0;37;5;47;107m       [0;1;37;97;47m:[0;33;5;40;100m [0;1;30;90;47m8[0;33;5;40;100m [0;1;30;90;47m8[0;37;5;40;100m88[0;33;5;40;100m ..:[0;1;37;97;47m8[0;37;5;47;107m  ..8[0;33;5;40;100m%S[0;1;30;90;43m88888[0;33;5;40;100m8[0;1;30;90;43m88[0;1;30;90;47m@[0;37;5;47;107mtt%%%%%[0;34;5;44;104m8[0;1;34;94;44m88888888888888888[0;30;44m;[0m
[0;1;30;90;44mt[0;34;5;44;104m88888888888@@@@XXX[0;37;5;47;107m@       [0;1;30;90;47m [0;37;5;40;100m8[0;33;5;40;100m [0;1;30;90;47m88[0;37;5;40;100m8[0;33;5;40;100m ..[0;1;30;90;47m;[0;37;5;47;107m.  ...[0;1;30;90;47m;[0;33;5;40;100mSS[0;1;30;90;43m8888[0;33;5;40;100m8[0;1;30;90;43m8[0;1;30;90;47m8[0;37;5;47;107mttt%%%%[0;1;37;97;47mt[0;34;5;44;104m8[0;1;34;94;44m88888888888888888[0;30;44m;[0m
[0;1;30;90;44mt[0;34;5;44;104m88888888888@@@@XXX[0;1;37;97;47m [0;37;5;47;107m        [0;1;30;90;47m;[0;37;5;40;100m8[0;1;30;90;47m8[0;37;5;40;100m8[0;33;5;40;100m...[0;1;37;97;47m [0;37;5;47;107m    ...:[0;1;30;90;47m:[0;33;5;40;100mX[0;1;30;90;43m8[0;33;5;40;100m@[0;1;30;90;43m888[0;37;5;40;100m@[0;37;5;47;107m%ttt%%%%[0;1;30;90;47m8[0;34;5;44;104m8[0;1;34;94;44m88888888888888888[0;30;44m;[0m
[0;1;30;90;44mt[0;34;5;44;104m88888888888@@@@XXX[0;1;30;90;47m8[0;37;5;47;107m        .[0;1;37;97;47m@SX8 [0;33;5;40;100m.[0;37;5;40;100m@[0;37;5;47;107m@   ...@[0;33;5;40;100m:[0;1;30;90;43m8[0;1;30;90;47mS[0;1;37;97;47mS:.;[0;37;5;47;107m%tttt%%%%[0;34;5;44;104m8[0;1;34;94;44m888888888888888888[0;30;44m;[0m
[0;1;30;90;44mt[0;34;5;44;104m88888888888@@@@@XX[0;36;5;44;104mX[0;37;5;47;107m:             [0;1;30;90;47m.[0;33;5;40;100m:[0;37;5;40;100m@[0;37;5;47;107mS ...S[0;33;5;40;100m [0;1;30;90;43m8[0;1;30;90;47mX[0;37;5;47;107m;;;ttttttt%%%8[0;34;5;44;104m8[0;1;34;94;44m888888888888888888[0;30;44m;[0m
[0;1;30;90;44mt[0;34;5;44;104m888888888888@@@@XXX[0;37;5;47;107m8             .[0;1;30;90;47m;[0;33;5;40;100m;[0;37;5;40;100m8[0;37;5;47;107m%..%[0;37;5;40;100m@[0;1;30;90;43m8[0;1;30;90;47m@[0;37;5;47;107m;;;;tttttt%%%%[0;1;37;97;47m [0;34;5;44;104m8[0;1;34;94;44m888888888888888888[0;30;44mt[0m
[0;30;44mS[0;34;5;44;104m8888888888888@@@@@X[0;1;37;97;47m.[0;37;5;47;107m..            .[0;1;30;90;47m%[0;33;5;40;100mt[0;37;5;40;100m8[0;37;5;47;107m%t[0;37;5;40;100m8[0;1;30;90;43m8[0;1;30;90;47m8[0;37;5;47;107m;;;;ttttttt%%%%[0;1;30;90;47m8[0;1;34;94;44m8888888888888888888[0;30;44mS[0m
[0;30;44m8[0;34;5;44;104m88888888888888@@@@@[0;1;37;97;47m [0;37;5;47;107m......      ...:[0;1;30;90;47m@[0;1;30;90;43m8[0;37;5;40;100m88[0;1;30;90;43m8[0;37;5;40;100m8[0;37;5;47;107mt;;;ttttttt%%%%%[0;1;30;90;47m8[0;1;34;94;44m8888888888888888888[0;30;44m8[0m
[0;34;40mt[0;34;5;44;104m888888888888888@@@@[0;1;30;90;47m8[0;37;5;47;107m:::............:;[0;37;5;40;100m8[0;1;30;90;43m8[0;33;5;40;100mX [0;37;5;47;107m%;;;ttttttt%%%%%%[0;36;5;40;100m.[0;1;34;94;44m8888888888888888888[0;34;40mS[0m
 [0;1;34;94;44mX[0;34;5;44;104m8888888888888888@@[0;1;30;90;47m8[0;37;5;47;107m::::::::::::::::;[0;1;30;90;47m8[0;33;5;40;100m@[0;1;30;90;43m8[0;37;5;40;100m@[0;37;5;47;107mt;;ttttttt%%%%%%%[0;36;5;44;104m8[0;1;34;94;44m888888888888888888S[0m 
 [0;1;30;90;44m;[0;34;5;44;104m888888888888888888[0;1;30;90;47m8[0;37;5;47;107m;;;::::::::::::;[0;1;30;90;47mX[0;1;30;90;43m8[0;33;5;40;100m..[0;1;30;90;43m8[0;37;5;40;100m8[0;37;5;47;107mtttttttt%%%%%%%%[0;36;5;44;104m8[0;1;34;94;44m888888888888888888[0;30;44m:[0m 
 [0;34;40mX[0;1;34;94;44m8[0;34;5;44;104m88888888888888888[0;1;30;90;47m8[0;37;5;47;107m;;;;;;;;;;;;;;;[0;1;30;90;47m%[0;1;30;90;43m8[0;33;5;40;100mt[0;37;5;47;107m8@[0;33;5;40;100m:[0;1;30;90;43m8[0;1;30;90;47m8[0;37;5;47;107mtttttt%%%%%%%%%[0;36;5;44;104m8[0;1;34;94;44m888888888888888888[0;34;40m@[0m 
  [0;1;34;94;44mt8[0;34;5;44;104m8888888888888888[0;1;30;90;47m8[0;37;5;47;107m;;;;;;;;;;;;;;[0;1;30;90;47mt[0;33;5;40;100m8S[0;1;37;97;47m8[0;37;5;47;107mtt8[0;33;5;40;100m%[0;1;30;90;43m8[0;1;30;90;47mX[0;37;5;47;107mttt%%%%%%%%%%%[0;36;5;40;100m.[0;1;34;94;44m88888888888888888t[0m  
  [0;34;40m8[0;1;34;94;44m88[0;34;5;44;104m888888888888888[0;1;30;90;47mX[0;37;5;47;107mtttttttt;tttt[0;1;30;90;47m;[0;33;5;40;100m8X[0;1;37;97;47mX[0;37;5;47;107mtttt[0;1;37;97;47m8[0;33;5;40;100m@[0;1;30;90;43m8[0;1;30;90;47mS[0;37;5;47;107mt%%%%%%%%%%%%[0;1;30;90;47m8[0;1;34;94;44m88888888888888888[0;30;44m8[0m  
   [0;1;34;94;44m:888[0;34;5;44;104m8888888888888[0;1;37;97;47m [0;37;5;47;107mtttttttttttt[0;1;30;90;47m.[0;33;5;40;100m88[0;1;37;97;47m%[0;37;5;47;107mtttttt[0;1;37;97;47mX[0;33;5;40;100m8[0;1;30;90;43m8[0;1;30;90;47m%[0;37;5;47;107m%%%%%%%%%%%%[0;1;30;90;47m8[0;1;34;94;44m8888888888888888:[0m   
   [0;34;40m%[0;1;34;94;44m8888[0;34;5;44;104m888888888888[0;37;5;47;107m8ttttttttttt[0;1;37;97;47m:[0;33;5;40;100m88[0;1;37;97;47mt[0;37;5;47;107mttttt%%%[0;1;37;97;47mt[0;33;5;40;100m8[0;1;30;90;43m@[0;1;30;90;47m:[0;37;5;47;107m%%%%%%%%%%S[0;1;37;97;47m [0;1;34;94;44m888888888888888@[0;34;40mS[0m   
    [0;30;44m@[0;1;34;94;44m888888[0;34;5;44;104m888888888[0;37;5;47;107m%%ttttttttt[0;1;37;97;47mt[0;33;5;40;100m88[0;1;37;97;47m:[0;37;5;47;107mtt%%%%%%%%[0;1;37;97;47m;[0;33;5;40;100m8[0;1;30;90;43m@[0;1;37;97;47m [0;37;5;47;107m%%%%%%%SSS8[0;1;34;94;44m88888888888888@[0;30;44m@[0m    
     [0;1;30;90;44m:[0;1;34;94;44m8888888[0;34;5;44;104m888888[0;1;30;90;47m8[0;37;5;47;107m%%%%%%%%%%[0;1;37;97;47m%[0;33;5;40;100m8[0;1;30;90;43m8[0;1;30;90;47m.[0;37;5;47;107m%%%%%%%%%%%%[0;1;37;97;47m:[0;33;5;40;100m88[0;1;37;97;47m:[0;37;5;47;107m%%%%SSSSSS[0;34;5;44;104m8[0;1;34;94;44m888888888888@[0;30;44m;[0m     
      [0;1;30;90;44m:[0;1;34;94;44m888888888[0;34;5;44;104m888[0;1;37;97;47m [0;37;5;47;107m%%%%%%%%%[0;1;37;97;47mS[0;33;5;40;100m8[0;1;30;90;43m@[0;1;30;90;47mt[0;37;5;47;107m%%%%%%%%%%%%%%[0;1;30;90;47m:[0;1;30;90;43mX[0;33;5;40;100m8[0;1;37;97;47mt[0;37;5;47;107m%SSSSSSSS[0;1;30;90;47m8[0;1;34;94;44m88888888888@.[0m      
       [0;1;34;94;44m:8888888888[0;34;5;44;104m8[0;37;5;47;107mS%%%%%%%%[0;1;37;97;47m@[0;33;5;40;100m8[0;1;30;90;43mX[0;1;30;90;47m@[0;37;5;47;107m%%%%%%%%%%%%%%%%[0;1;30;90;47m%[0;31;43m8[0;33;5;40;100m8[0;1;37;97;47mt[0;37;5;47;107mSSSSSSSS8[0;1;34;94;44m8888888888@:[0m       
        [0;1;30;90;44m:[0;1;34;94;44m888888888[0;1;30;90;47m8[0;37;5;47;107m%%%%%%%%[0;1;37;97;47m8[0;33;5;40;100m8[0;1;30;90;43mX[0;1;30;90;47m8[0;37;5;47;107m%%%%%%%%%%%%%%%%SS[0;1;30;90;47m@[0;31;43m8[0;33;5;40;100m8[0;1;37;97;47mS[0;37;5;47;107mSSSSSSXX[0;1;30;90;47m8[0;1;34;94;44m8888888@@:[0m        
         [0;1;30;90;44m:[0;1;34;94;44m8888888[0;34;5;44;104m8[0;37;5;47;107m@%%%%%%%8[0;33;5;40;100m@[0;1;30;90;43mX[0;37;5;40;100m8[0;37;5;47;107m%%%%%%%%%%%%%%SSSSSS[0;1;30;90;47m8[0;31;43m8[0;33;5;40;100m8[0;1;37;97;47m@[0;37;5;47;107mSSSXXXX[0;1;37;97;47m@[0;1;34;94;44m888888@@[0;30;44m.[0m         
          [0;30;44mX[0;1;34;94;44m888888[0;1;37;97;47m [0;37;5;47;107mSSS%%%%8[0;33;5;40;100mS[0;31;43m8[0;33;5;40;100m [0;37;5;47;107mS%%%%%%%%SSSSSSSSSSSSS[0;37;5;40;100m8[0;31;43m8[0;33;5;40;100m8[0;1;37;97;47m8[0;37;5;47;107mXXXXXXX[0;1;30;90;47m8[0;1;34;94;44m888@@@[0;30;44mX[0m          
           [0;34;40mX[0;1;34;94;44mS888[0;1;30;90;47m8[0;37;5;47;107mSSSSSSS8[0;33;5;40;100mS[0;31;43m8[0;33;5;40;100m [0;37;5;47;107mSSSSSSSSSSSSSSSSSSSSSSSX[0;33;5;40;100m [0;31;43m8[0;33;5;40;100m@[0;1;37;97;47m8[0;37;5;47;107mXXXXXX@[0;36;5;40;100mt[0;1;34;94;44m8@@%[0;34;40m@[0m           
             [0;1;30;90;44m:[0;1;34;94;44m8[0;1;30;90;47m8[0;37;5;47;107mSSSSSSS@[0;33;5;40;100m%[0;31;43m8[0;33;5;40;100m;[0;37;5;47;107mXSSSSSSSSSSSSSSSSSSSSXXXX@[0;33;5;40;100m:[0;33;41m8[0;33;5;40;100m@[0;1;37;97;47m8[0;37;5;47;107mXXXX@@8[0;1;34;94;44m8@[0;30;44m [0m             
              [0;34;5;40;100m8[0;1;37;97;47m@[0;37;5;47;107mSSSS[0;1;37;97;47m8[0;1;30;90;47mXt[0;33;5;40;100m.[0;31;43m8[0;33;5;40;100m%[0;37;5;47;107m8SSSSSSSSSSSSSSSSSXXXXXXXXX8[0;33;5;40;100m%[0;33;41m8[0;33;5;40;100m%[0;1;30;90;47mt@[0;1;37;97;47mX[0;37;5;47;107m@@@@[0;1;37;97;47mX[0;30;44m8[0m              
                [0;37;5;40;100m@[0;37;5;47;107m8XX[0;1;37;97;47m8[0;33;5;40;100m;[0;31;43m88[0;31;5;40;100m@[0;1;30;90;47mX[0;37;5;47;107mXSSSSSSSSSSSXXXXXXXXXXXXXXXX[0;1;30;90;47mX[0;1;30;90;41m8[0;33;41m88[0;33;5;40;100m%[0;1;37;97;47mS[0;37;5;47;107m@@8[0;37;5;40;100m8[0m                
                  [0;1;30;90;47m%[0;37;5;47;107mXXX[0;1;37;97;47mS[0;1;30;90;47mS[0;33;5;40;100m. [0;37;5;47;107m8XXXXXXXXXXXXXXXXXXXXXXXXXX8[0;33;5;40;100m :[0;1;30;90;47m@[0;1;37;97;47mt[0;37;5;47;107m@@@[0;1;30;90;47m;[0m                  
                   [0;30;5;40;100m8[0;1;30;90;47m;[0;37;5;47;107mXXXXXXXXXXXXXXXXXXXXXXXXXXXX@@@@@@@@@@[0;1;30;90;47m;[0;30;5;40;100m@[0m                   
                      [0;1;30;90;47mS[0;37;5;47;107m@XXXXXXXXXXXXXXXXXXXX@@@@@@@@@@@@8[0;1;30;90;47m%[0;30;5;40;100m8[0m                     
                        [0;1;30;90;47m8[0;37;5;47;107m8XXXXXXXXXXX@@@@@@@@@@@@@@@@@[0;1;37;97;47m8[0;1;30;90;47m8[0m                        
                          [0;36;5;40;100m [0;1;37;97;47m:[0;37;5;47;107m@@@@@@@@@@@@@@@@@@@@@@@@[0;1;37;97;47m;[0;36;5;40;100m [0m                          
                             [0;37;5;40;100m8[0;1;37;97;47mX[0;37;5;47;107m@@@@@@@@@@@@@@@@@@[0;1;37;97;47m@[0;37;5;40;100m8[0m                             
                               [0;30;5;40;100m@[0;1;30;90;47m8[0;1;37;97;47m8[0;37;5;47;107m@@@@@@@@@@@@[0;1;37;97;47m8[0;1;30;90;47mX[0;30;5;40;100mS[0m                               
                                  [0;30;5;40;100mX[0;37;5;40;100m8[0;1;37;97;47mt[0;37;5;47;107m@@@@@@[0;1;37;97;47m%[0;37;5;40;100m8[0;30;5;40;100mS[0m                                  
                                      [0;36;5;40;100m [0;1;30;90;47mXS[0;36;5;40;100m [0m                                      
