[0;30;5;40;100m@[0;36;5;40;100m:[0;30;5;40;100mX8[0;34;40m:..............:::::::::::::::::::[0;1;30;90;40m@[0;36;5;40;100mtt[0;1;30;90;40m8[0;34;40m........................          [0;1;30;90;40m@[0;30;5;40;100m8S@[0m
[0;34;40m.[0;36;5;40;100m [0;34;40m:;[0;30;5;40;100m@XXX8[0;34;40m;::::::::::;;;;;;;;;;;;;;;;[0;30;5;40;100m8[0;36;5;40;100m:[0;30;5;40;100m@[0;34;40m::[0;30;5;40;100m8[0;36;5;40;100m;[0;30;5;40;100m8[0;34;40m::::::::...................[0;1;30;90;40m8[0;30;5;40;100m8888[0;34;40m: [0;36;5;40;100m.[0;34;40m [0m
[0;34;40m.:[0;36;5;40;100m [0;34;40m..:::;[0;30;5;40;100mXSS%8[0;34;40m;:;;;;;;;;;;;;;;;;;;[0;30;5;40;100m@[0;36;5;40;100m.[0;30;5;40;100m8[0;34;40m;;;;;;[0;1;30;90;40m8[0;36;5;40;100m:[0;30;5;40;100m@[0;34;40m:::::::.............[0;1;30;90;40m8[0;30;5;40;100mX@@8[0;34;40m;     [0;36;5;40;100m;[0;34;40m: [0m
[0;34;40m..[0;1;30;90;40m@[0;36;5;40;100m;[0;34;40m:::::::::[0;1;30;90;40mX[0;30;5;40;100mS[0;36;5;40;100m%tt[0;30;5;40;100m@[0;1;30;90;40mS[0;34;40m;;[0;1;30;90;40m%%SSSSSSSS[0;30;5;40;100mS[0;36;5;40;100m.[0;30;5;40;100m8[0;1;30;90;40m%%[0;34;40m;;;;;;;;[0;1;30;90;40m8[0;36;5;40;100m;[0;30;5;40;100mX[0;34;40m:::::::.....:[0;1;30;90;40m8[0;30;5;40;100mXX@@[0;1;30;90;40mS[0;34;40m.....    [0;30;5;40;100mX[0;1;30;90;40mX[0;34;40m  [0m
[0;34;40m..:[0;30;5;40;100m8X[0;34;40m::::::;;;;;;;[0;1;30;90;40m@[0;36;5;40;100mt;;;[0;30;5;40;100mS[0;1;30;90;40mXSSSXX[0;36;5;40;100m: [0;30;5;40;100m8[0;1;30;90;40mSSSSSSS%[0;34;40m;;;;;;[0;1;30;90;40mX[0;36;5;40;100m;%[0;34;40m::::[0;31;40m::[0;30;5;40;100m8XXX@[0;1;30;90;40mS[0;34;40m...........  [0;1;30;90;40m8[0;30;5;40;100m8[0;34;40m   [0m
[0;34;40m.:::[0;36;5;40;100m;[0;1;30;90;40m8[0;34;40m:::;;;;;;[0;1;30;90;40m%SSSSSXX8[0;31;5;40;100m@X[0;36;5;40;100m.. [0;1;30;90;47m@[0;36;5;40;100m ........:::::;;;;;:[0;37;5;40;100m8[0;36;5;40;100m t[0;31;40mS[0;1;31;91;41mS[0;31;40mS[0;1;30;90;40mS[0;34;40m:............... [0;1;30;90;40mX[0;36;5;40;100mt[0;34;40m    [0m
[0;34;40m.::::[0;36;5;40;100m [0;1;30;90;40mX[0;34;40m:;;;;;[0;1;30;90;40m%SSSSXXXX@@[0;1;30;90;41m@[0;31;5;41;101m8[0;31;5;40;100m@[0;37;5;40;100mSX[0;30;5;40;100mS8[0;31;5;40;100m88[0;30;5;40;100m88888888[0;1;30;90;40m888888[0;30;5;40;100m88[0;1;30;90;40m@8[0;36;5;40;100m  [0;1;30;90;41m%;[0;34;40m::::..............:[0;36;5;40;100m.[0;34;40m     [0m
[0;34;40m.:::::[0;36;5;40;100m [0;34;40m;;;;[0;1;30;90;40m%SSSXXXX@@@@8[0;36;5;40;100m [0;31;5;40;100m@[0;1;30;90;47m8[0;1;30;90;40m88[0;37;5;40;100mX[0;1;30;90;40m8[0;30;5;40;100m8[0;1;30;90;41m8[0;1;31;91;41mS[0;1;30;90;41m8[0;1;30;90;40m8@@@@XXXSS[0;1;30;90;41mS%%[0;31;40m@[0;34;40m;[0;36;5;40;100m [0;34;40m;[0;35;5;40;100mt[0;1;37;97;47mX[0;30;5;40;100m8[0;36;5;40;100m:[0;34;40m::::.............[0;36;5;40;100m [0;34;40m.     [0m
[0;34;40m.::::;[0;1;30;90;40mS[0;36;5;40;100m [0;34;40m;;[0;1;30;90;40m%SSSXXX@@@88[0;36;5;40;100m:[0;37;5;40;100m8[0;36;5;40;100mt[0;1;30;90;40m8[0;1;37;97;47m%%[0;30;5;40;100m8@[0;1;30;90;47m@[0;36;5;40;100m   [0;31;5;40;100mX[0;31;5;41;101m8[0;1;30;90;41m8[0;36;5;40;100m;   .;[0;31;40m8[0;1;30;90;41mX[0;30;41m8[0;36;5;40;100m::;[0;37;5;40;100m@[0;1;30;90;40m8[0;35;5;40;100mt[0;37;5;47;107mX[0;35;5;40;100m [0;34;40m:[0;1;30;90;40m8[0;36;5;40;100m [0;30;5;40;100mX[0;34;40m:::...........[0;36;5;40;100m.[0;34;40m;.     [0m
[0;34;40m.:::;;;[0;30;5;40;100m8[0;36;5;40;100m.[0;1;30;90;40mSSSXXX@@@88[0;36;5;40;100m%[0;37;5;40;100m@[0;36;5;40;100m [0;1;30;90;40m88[0;30;5;40;100m8[0;35;5;40;100mt[0;1;37;97;47mS[0;1;30;90;47m8[0;35;5;40;100m;[0;36;5;40;100m  [0;30;5;40;100m88[0;1;30;90;40m8[0;31;5;41;101m8@[0;31;5;40;100m8[0;1;30;90;40m888@@[0;1;31;91;41m8[0;31;5;41;101m8[0;1;30;90;40mXXS[0;36;5;40;100mt;[0;31;5;40;100m8[0;1;37;97;47m%[0;1;30;90;47m;[0;31;40m;[0;34;40m;::[0;30;5;40;100m@[0;36;5;40;100m [0;1;30;90;40m8[0;34;40m:..........[0;30;5;40;100mX[0;1;30;90;40m8[0;34;40m...    [0m
[0;34;40m.::;;;;;[0;30;5;40;100m%[0;36;5;40;100mt[0;1;30;90;40mSXX@@@88[0;30;5;40;100mX[0;37;5;40;100m@[0;36;5;40;100m [0;30;5;40;100m88888[0;36;5;40;100m;[0;31;5;40;100mS[0;31;5;41;101m@8[0;31;5;40;100m8[0;36;5;40;100m :[0;30;5;40;100m88[0;1;30;90;41m8[0;31;5;41;101m@[0;1;30;90;41m8[0;1;30;90;40m8888[0;1;30;90;41m8[0;31;5;41;101m8[0;1;30;90;41m@[0;1;30;90;40mXX[0;30;5;40;100m8[0;36;5;40;100m [0;31;40m8[0;1;31;91;41m88[0;30;5;40;100m88[0;34;40m;::::[0;36;5;40;100mt [0;1;30;90;40m8[0;34;40m........[0;30;5;40;100m8X[0;34;40m....    [0m
[0;34;40m.::;;;;[0;1;30;90;40mSS[0;36;5;40;100m [0;30;5;40;100m@[0;1;30;90;40mX@@@8[0;30;5;40;100m8[0;37;5;40;100mX[0;36;5;40;100m [0;30;5;40;100m88888S[0;37;5;40;100mS[0;36;5;40;100m [0;30;5;40;100m@[0;31;5;40;100m@[0;31;5;41;101mX[0;1;31;91;41m8[0;30;5;40;100m@[0;1;30;90;47mS[0;36;5;40;100m  [0;35;5;40;100m [0;31;5;40;100m@[0;1;30;90;41m8[0;36;5;40;100m;  .[0;1;30;90;41m88[0;35;5;40;100m:[0;36;5;40;100m..[0;1;30;90;47m@[0;1;30;90;40mX[0;1;31;91;41m%[0;31;5;41;101m8[0;30;41m8[0;34;40m;[0;30;5;40;100m@[0;36;5;40;100m [0;1;30;90;40mX[0;34;40m:::::[0;36;5;40;100m: [0;1;30;90;40m%[0;34;40m.....[0;1;30;90;40m@[0;36;5;40;100m:[0;34;40m......   [0m
[0;34;40m.:;;;;[0;1;30;90;40m%SSX[0;36;5;40;100m [0;30;5;40;100m8[0;1;30;90;40m@@8[0;36;5;40;100m [0;37;5;40;100mX[0;30;5;40;100m88888@[0;36;5;40;100m  [0;30;5;40;100mXXXX[0;31;5;40;100mX[0;31;5;41;101mX[0;31;5;40;100mS[0;36;5;40;100m;[0;37;5;40;100m8[0;30;5;40;100m@@[0;1;30;90;41m88[0;30;5;40;100m888[0;1;30;90;40m8[0;1;30;90;41m8[0;1;31;91;41m@[0;1;30;90;40m8@[0;36;5;40;100m [0;30;5;40;100m8[0;31;5;40;100m8[0;31;5;41;101m8[0;1;30;90;41mS[0;1;30;90;40mS%[0;34;40m;;[0;36;5;40;100mt:[0;34;40m;::::;[0;36;5;40;100m  [0;34;40m:..;[0;36;5;40;100m [0;34;40m.......   [0m
[0;34;40m.:;;;;[0;1;30;90;40mSSSX@[0;37;5;40;100mS[0;1;30;90;40m8[0;36;5;40;100m [0;37;5;40;100mX[0;30;5;40;100m@[0;1;30;90;40m8[0;30;5;40;100m8888[0;36;5;40;100m [0;37;5;40;100m%[0;30;5;40;100mSXXSS[0;36;5;40;100m [0;35;5;40;100m [0;31;5;41;101m8@[0;30;5;40;100mS[0;36;5;40;100m.[0;35;5;40;100m [0;1;30;90;41m8[0;31;5;41;101m8[0;31;5;40;100m@[0;30;5;40;100m8888[0;1;30;90;40m8[0;1;30;90;41m8[0;1;31;91;41m8[0;31;5;40;100m8[0;30;5;40;100mS[0;1;30;90;40m@[0;1;30;90;41mX[0;31;5;41;101m8[0;31;5;40;100m8[0;30;5;40;100m@[0;1;30;90;40mS[0;34;40m;;;;[0;36;5;40;100m;[0;30;5;40;100m%[0;34;40m::::.[0;1;30;90;40m%[0;36;5;40;100m .[0;34;40m:[0;36;5;40;100m [0;34;40m:.......   [0m
[0;34;40m.;;;;[0;1;30;90;40m%SSXX@[0;36;5;40;100m;[0;1;30;90;47m.[0;36;5;40;100m:[0;1;30;90;40m88[0;30;5;40;100m888[0;36;5;40;100m.[0;37;5;40;100mX[0;36;5;40;100m;[0;30;5;40;100mXXSS[0;36;5;40;100m;[0;37;5;40;100m@[0;36;5;40;100m t[0;35;5;40;100m%[0;35;5;41;101mX[0;31;5;40;100mS[0;36;5;40;100m [0;31;5;40;100mS[0;31;5;41;101mX[0;31;5;40;100mX[0;36;5;40;100m [0;31;5;40;100m%[0;1;30;90;41m8[0;36;5;40;100m;[0;1;31;91;41m@[0;31;5;40;100m%[0;30;5;40;100mX[0;1;31;91;41mX[0;1;30;90;41m8[0;30;5;40;100m8[0;1;30;90;40m@[0;1;30;90;41mX[0;31;5;41;101m8[0;1;30;90;40mX[0;30;5;40;100mX[0;36;5;40;100m [0;1;30;90;40m@[0;34;40m;;;;[0;1;30;90;40mX[0;36;5;40;100m;[0;31;40m;[0;1;30;90;40mX[0;30;5;40;100m@[0;35;5;40;100mt[0;30;41m888[0;35;5;40;100m [0;30;5;40;100mS[0;34;40m........   [0m
[0;34;40m.;;;;[0;1;30;90;40m%SSX[0;30;5;40;100m@[0;36;5;40;100m [0;30;5;40;100mS[0;35;5;40;100m [0;1;30;90;41m8888[0;1;37;97;47m;@%; [0;1;30;90;47m;@[0;37;5;40;100mS[0;35;5;40;100m [0;37;5;40;100mX[0;36;5;40;100m;tt[0;35;5;40;100mt[0;35;5;41;101mX[0;35;5;40;100mt[0;36;5;40;100m [0;31;5;40;100mS[0;31;5;41;101m8[0;30;5;40;100mXX[0;31;5;40;100m@[0;31;5;41;101m8[0;31;5;40;100m8[0;31;5;41;101m8[0;31;5;40;100m8[0;1;30;90;40m8[0;1;30;90;41m88[0;30;5;40;100mS[0;36;5;40;100m:[0;1;30;90;41m@X[0;1;30;90;40mXSS[0;35;5;40;100m: [0;1;30;90;47m%[0;1;37;97;47m;8[0;37;5;47;107m8X[0;1;37;97;47m8.[0;1;30;90;47mX[0;37;5;40;100mS[0;31;5;40;100m8[0;31;40mX;[0;37;5;40;100mS[0;1;30;90;40m@[0;36;5;40;100m;[0;1;30;90;40m@[0;34;40m.......  [0m
[0;34;40m.;;;;[0;1;30;90;40mSS8[0;36;5;40;100m t[0;1;30;90;40m@@[0;1;30;90;47m@[0;1;30;90;40m88[0;30;5;40;100m88[0;36;5;40;100mt[0;35;5;40;100m  [0;37;5;40;100m@[0;1;30;90;47mX[0;1;37;97;47m [0;1;30;90;47m. [0;37;5;47;107m;[0;1;37;97;47m.[0;35;5;40;100m [0;36;5;40;100m;.[0;35;5;40;100m tt[0;36;5;40;100mt[0;31;5;40;100m%[0;31;5;41;101m8[0;31;5;40;100mXX[0;1;30;90;41m8[0;1;30;90;47m88[0;35;5;40;100mt[0;1;30;90;41m8[0;31;5;40;100m8[0;1;31;91;41m8[0;31;5;40;100m8[0;1;30;90;40m8@[0;1;30;90;41m@X[0;1;30;90;40mX[0;30;41m8[0;35;5;40;100m:[0;37;5;47;107m8[0;1;37;97;47m [0;31;5;40;100mS[0;35;5;40;100m.;:[0;30;5;40;100m@[0;1;30;90;40m@[0;30;5;40;100m8X[0;34;40m:...[0;37;5;40;100m@[0;34;40m..[0;1;30;90;40m8[0;36;5;40;100mt[0;1;30;90;40mS[0;34;40m.....  [0m
[0;34;40m.;;;;[0;1;30;90;40mS[0;36;5;40;100m.:[0;1;30;90;40mXX@@[0;1;30;90;47m@[0;1;30;90;40m88[0;30;5;40;100m88[0;36;5;40;100m. [0;30;5;40;100m@XX[0;36;5;40;100m%[0;1;30;90;47m%[0;37;5;40;100m%@[0;1;30;90;47m.[0;37;5;40;100m%[0;35;5;40;100m; :;[0;35;5;41;101m8[0;35;5;40;100m%; [0;31;5;40;100mS[0;1;30;90;47m8[0;35;5;41;101m@[0;1;37;97;47m  [0;1;30;90;47m8[0;31;5;41;101mX[0;35;5;40;100m..[0;30;5;40;100m8[0;1;30;90;40m8[0;1;30;90;41m@[0;1;31;91;41m%[0;1;30;90;41mX[0;1;31;91;41m8[0;1;30;90;41mX[0;1;30;90;40m8[0;35;5;40;100mt[0;36;5;40;100m;;[0;37;5;40;100m8[0;1;30;90;40mS[0;34;40m:::[0;1;30;90;40m8[0;30;5;40;100mX[0;34;40m:...[0;37;5;40;100m@[0;34;40m....[0;30;5;40;100m@[0;36;5;40;100mt[0;34;40m:...  [0m
[0;34;40m.;;;[0;36;5;40;100m;.[0;1;30;90;40m@SXX@@[0;1;30;90;47m@[0;1;30;90;40m88[0;30;5;40;100m88[0;36;5;40;100m. [0;30;5;40;100m@XXS[0;37;5;40;100m8[0;36;5;40;100m%t; [0;37;5;40;100m%[0;35;5;41;101m8@[0;35;5;40;100mtt%[0;31;5;41;101m8[0;31;5;40;100mSX[0;1;30;90;47mS8[0;31;5;41;101mXX[0;35;5;41;101mX[0;1;37;97;47m [0;35;5;40;100m [0;1;30;90;41m8[0;1;31;91;41mX@[0;1;30;90;41m@@[0;31;5;41;101m8[0;1;30;90;41mX[0;35;5;40;100m [0;36;5;40;100m [0;1;30;90;40mS[0;34;40m;;[0;36;5;40;100m [0;34;40m;:::[0;1;30;90;40m8[0;30;5;40;100mX[0;34;40m:...[0;37;5;40;100m@[0;34;40m.....:[0;30;5;40;100mSX[0;34;40m..  [0m
[0;34;40m.;[0;30;5;40;100mX[0;36;5;40;100m.[0;1;30;90;40m@%SSXX@@[0;1;30;90;47m@[0;1;30;90;40m888[0;30;5;40;100m8[0;36;5;40;100m: [0;30;5;40;100m@@XX[0;37;5;40;100m8[0;30;5;40;100mS%[0;36;5;40;100mt.[0;37;5;40;100m@[0;35;5;40;100mtt[0;35;5;41;101m@[0;35;5;40;100m%%[0;31;5;40;100mSSX[0;35;5;41;101m8[0;1;37;97;47mS[0;31;5;41;101mXXX[0;1;37;97;47m%[0;1;31;91;41m@[0;1;30;90;41m88@[0;1;31;91;41m@[0;1;30;90;41mXX[0;1;30;90;40mX[0;36;5;40;100m;[0;30;5;40;100m@[0;1;30;90;40m%[0;34;40m;;[0;36;5;40;100m [0;34;40m;:::[0;1;30;90;40m8[0;30;5;40;100mX[0;34;40m:...[0;37;5;40;100m@[0;34;40m.......:[0;36;5;40;100m%[0;30;5;40;100m8[0;34;40m  [0m
[0;1;30;90;40mX[0;36;5;40;100m.[0;1;30;90;40m8[0;34;40m;;[0;1;30;90;40m%SSXX@@[0;1;30;90;47m@[0;1;30;90;40m888[0;30;5;40;100m8[0;36;5;40;100m: [0;30;5;40;100m8@@X[0;37;5;40;100m8[0;30;5;40;100mSSS[0;36;5;40;100m:[0;37;5;40;100m@[0;30;5;40;100m%%[0;31;5;40;100m%[0;35;5;40;100m [0;31;5;40;100mSX[0;1;30;90;41m8[0;31;5;40;100mX[0;31;5;41;101m8[0;1;37;97;47m [0;1;31;91;47m8[0;31;5;41;101mX[0;1;30;90;47m88[0;31;5;41;101m8[0;30;5;40;100m88[0;1;30;90;40m@[0;36;5;40;100m [0;1;30;90;40mXXS[0;36;5;40;100m;[0;30;5;40;100m@[0;34;40m;;;[0;36;5;40;100m [0;34;40m::::[0;1;30;90;40m8[0;30;5;40;100mX[0;34;40m:...[0;37;5;40;100m@[0;34;40m.........[0;1;30;90;40mS[0;36;5;40;100mt[0;1;30;90;40mX[0m
[0;1;30;90;40m@[0;36;5;40;100m:[0;1;30;90;40m8[0;34;40m;;;[0;1;30;90;40mSSSXX@[0;1;30;90;47m8[0;1;30;90;40m8888[0;36;5;40;100m: [0;30;5;40;100m88@@[0;37;5;40;100m8[0;30;5;40;100mXXX[0;36;5;40;100m;[0;37;5;40;100mX[0;30;5;40;100mSSS[0;37;5;40;100m8[0;30;5;40;100mXX[0;36;5;40;100m; [0;1;30;90;47m88[0;1;37;97;47m [0;31;5;41;101mX[0;1;37;97;47m;[0;31;5;41;101mX[0;1;30;90;47m8[0;31;5;40;100m8[0;1;30;90;41m8@[0;31;5;40;100m@[0;1;30;90;40mXXS[0;36;5;40;100m;[0;30;5;40;100m@[0;34;40m;;;[0;36;5;40;100m [0;34;40m::::[0;1;30;90;40m8[0;30;5;40;100mX[0;34;40m....[0;37;5;40;100m@[0;34;40m.........[0;1;30;90;40mS[0;36;5;40;100m%[0;1;30;90;40mX[0m
[0;34;40m.:[0;30;5;40;100m@[0;36;5;40;100m.[0;1;30;90;40m@[0;34;40m;[0;1;30;90;40m%SSXXX[0;1;30;90;47m8[0;1;30;90;40m@888[0;36;5;40;100m; [0;30;5;40;100m8888[0;37;5;40;100m8[0;30;5;40;100m@@@[0;36;5;40;100mt[0;37;5;40;100mS[0;30;5;40;100mXXX[0;31;5;40;100mS[0;31;5;41;101m8@[0;1;31;91;41m8[0;1;30;90;41m8[0;35;5;40;100m [0;1;37;97;47m S[0;1;30;90;47m8[0;37;5;47;107m8[0;1;30;90;47mX[0;35;5;40;100m%[0;1;30;90;41m8@@[0;1;31;91;41m88[0;1;30;90;41mX[0;1;30;90;40mS[0;36;5;40;100mt[0;30;5;40;100m8[0;34;40m;;;[0;36;5;40;100m [0;34;40m::::[0;1;30;90;40m8[0;30;5;40;100mX[0;34;40m....[0;37;5;40;100m@[0;34;40m.......:[0;30;5;40;100m%8[0;34;40m  [0m
[0;34;40m ::;[0;36;5;40;100mt.[0;1;30;90;40mS%SSXX[0;1;30;90;47m8[0;1;30;90;40m@@88[0;36;5;40;100mt [0;1;30;90;40m8[0;30;5;40;100m888[0;37;5;40;100m@[0;30;5;40;100m88@[0;36;5;40;100m [0;1;30;90;47m@[0;35;5;40;100m [0;31;5;40;100mS[0;31;5;41;101m8@[0;31;5;40;100m@[0;30;5;40;100m888[0;31;5;40;100m8[0;1;30;90;47m88[0;31;5;41;101m@[0;1;37;97;47m [0;35;5;41;101mX[0;1;30;90;41m@[0;1;30;90;40m@@[0;36;5;40;100m:[0;30;5;40;100m8[0;1;30;90;41mS[0;1;31;91;41m88[0;1;30;90;41mX[0;30;41m8[0;31;40m;[0;34;40m;;[0;36;5;40;100m [0;34;40m::::[0;1;30;90;40m8[0;30;5;40;100mX[0;34;40m....[0;37;5;40;100m@[0;34;40m......[0;30;5;40;100mSX[0;34;40m.   [0m
 [0;34;40m:::;[0;1;30;90;40mS[0;36;5;40;100m:;[0;1;30;90;40mSSSX[0;1;30;90;47m8[0;1;30;90;40mX@@8[0;36;5;40;100mt.[0;1;30;90;40m888[0;30;5;40;100m8[0;1;30;90;47m@[0;36;5;40;100m [0;35;5;40;100m  [0;31;5;40;100m%[0;1;30;90;41m8[0;31;5;41;101m@8[0;1;30;90;41m8[0;30;5;40;100m8[0;36;5;40;100m.[0;31;5;40;100mX[0;1;30;90;41m888[0;35;5;40;100m:[0;1;30;90;41m888[0;35;5;40;100m.[0;31;5;40;100m8[0;1;30;90;41m@[0;1;31;91;41m8[0;1;30;90;41mX[0;31;40m8[0;1;30;90;40mS[0;31;40mS[0;1;30;90;41m@[0;1;31;91;41m%[0;31;5;41;101m8[0;1;31;91;41m@[0;1;30;90;41m@[0;37;5;40;100mSS[0;30;5;40;100m8[0;31;40m;[0;34;40m::[0;1;30;90;40m8[0;30;5;40;100m@[0;34;40m....[0;37;5;40;100mX[0;34;40m....[0;30;5;40;100m8[0;36;5;40;100m%[0;34;40m:.   [0m 
 [0;34;40m.::;;;[0;1;30;90;40m@[0;36;5;40;100m.[0;30;5;40;100mS[0;1;30;90;40mSS[0;1;30;90;47m8[0;1;30;90;40mXX@@[0;30;5;40;100m@[0;35;5;40;100m [0;37;5;40;100m@[0;1;30;90;47m8@ [0;1;37;97;47m;8[0;37;5;47;107mX[0;1;30;90;47m8[0;1;30;90;41m88[0;31;5;40;100m8[0;35;5;40;100m [0;30;5;40;100m88[0;1;30;90;41m8[0;1;31;91;41m8[0;31;5;40;100m@@[0;1;30;90;41m88[0;1;31;91;41mX8@[0;1;30;90;41m@@[0;30;5;40;100m8[0;1;30;90;40m8[0;1;30;90;41mX[0;1;31;91;41m8[0;1;30;90;41mS[0;30;5;40;100mX[0;36;5;40;100m;[0;34;40m;[0;31;40mtS[0;31;5;40;100m8[0;1;30;90;47m@:[0;1;37;97;47m:t[0;37;5;47;107m88[0;1;37;97;47m@[0;1;30;90;47m%[0;31;5;40;100m8[0;31;40mX;[0;34;40m.[0;37;5;40;100mX[0;34;40m..[0;1;30;90;40m8[0;36;5;40;100mt[0;1;30;90;40m%[0;34;40m...   [0m 
 [0;34;40m.:::;;;;[0;30;5;40;100m8[0;36;5;40;100m [0;30;5;40;100m8[0;1;30;90;47m8[0;1;30;90;40mS[0;30;41m8[0;1;30;90;41mXX[0;35;5;40;100m.[0;37;5;47;107m;:@[0;1;30;90;47m [0;35;5;40;100m :t [0;1;30;90;40m8888[0;36;5;40;100m:[0;35;5;40;100m:[0;1;30;90;41m88[0;1;30;90;40m8[0;1;30;90;41m8[0;1;31;91;41m8[0;31;5;41;101m@8888888[0;1;30;90;41mS[0;31;40m%@[0;1;31;91;41m8[0;1;30;90;41m%[0;34;40m;;;:[0;36;5;40;100mt[0;30;5;40;100m@[0;34;40m:::[0;1;30;90;40m8[0;35;5;40;100m [0;1;30;90;47mXX[0;31;5;40;100m@[0;1;31;91;41m:X;[0;31;5;40;100m@[0;1;30;90;40mX[0;36;5;40;100m;[0;1;30;90;40m@[0;34;40m....    [0m 
  [0;34;40m:::::;;;;[0;30;5;40;100mX[0;1;30;90;47m [0;31;40m8[0;1;30;90;41mSS[0;30;41m8[0;1;30;90;40mX8[0;35;5;40;100m [0;1;30;90;40m@@@@@[0;30;5;40;100mS[0;36;5;40;100m [0;1;30;90;40m8888[0;1;30;90;41m8[0;1;31;91;41m8[0;1;30;90;40m8[0;35;5;40;100m [0;1;30;90;47m8[0;31;5;41;101m@88@[0;1;37;97;47m [0;1;30;90;47m8[0;31;5;41;101m888[0;1;30;90;47m88[0;30;5;40;100m8[0;30;41m8[0;1;31;91;41mX[0;34;40m;;:[0;36;5;40;100m;[0;30;5;40;100m8[0;34;40m:::::[0;36;5;40;100m [0;1;30;90;40mX[0;34;40m....;[0;1;30;90;47m8[0;30;5;40;100m8[0;34;40m......    [0m 
  [0;34;40m.:::::;;;[0;1;30;90;40mS[0;37;5;40;100m@@[0;1;30;90;40mSSSSX8[0;36;5;40;100m [0;1;30;90;40m@XX@@[0;30;5;40;100m@[0;36;5;40;100m [0;1;30;90;40m@@@[0;1;30;90;41m@[0;31;5;40;100m8[0;35;5;40;100mt[0;1;37;97;47m;[0;1;30;90;47m@88[0;31;5;41;101m@[0;37;5;47;107m@[0;1;37;97;47m.[0;1;30;90;47mX[0;1;37;97;47m [0;31;5;41;101m8[0;1;30;90;47mX[0;35;5;41;101m@[0;1;37;97;47m.[0;37;5;40;100mS[0;34;40m;[0;1;30;90;41mt[0;31;40mt[0;34;40m:[0;36;5;40;100m:[0;1;30;90;40m8[0;34;40m:::::[0;36;5;40;100m [0;1;30;90;40m%[0;34;40m.....[0;36;5;40;100m  [0;1;30;90;40mS[0;34;40m.....    [0m  
  [0;34;40m :::::::;[0;30;5;40;100m@S@[0;37;5;40;100mS[0;34;40m;[0;1;30;90;40m%SSS@[0;36;5;40;100m [0;1;30;90;40m@XXXX[0;30;5;40;100m8[0;36;5;40;100m [0;30;5;40;100m@[0;1;30;90;47m%[0;37;5;40;100mS[0;1;30;90;40mX[0;1;30;90;41mX[0;1;30;90;47m8[0;35;5;41;101m@[0;31;5;41;101m8@[0;1;30;90;47m8[0;37;5;47;107m8[0;31;5;41;101m8[0;1;37;97;47m S[0;31;5;41;101m8[0;35;5;41;101m@[0;31;5;41;101m8[0;1;30;90;47mS[0;1;31;91;41m8[0;31;40mt[0;1;30;90;40mS[0;37;5;47;107m8[0;1;30;90;47mS[0;1;30;90;40m8[0;34;40m:::::[0;36;5;40;100m [0;34;40m;.....[0;36;5;40;100m [0;30;5;40;100m8[0;1;30;90;40m@[0;30;5;40;100mX[0;34;40m....     [0m  
   [0;34;40m.:::::::[0;36;5;40;100m [0;1;30;90;40mS[0;34;40m;[0;30;5;40;100mX[0;37;5;40;100mS[0;34;40m;;;[0;1;30;90;40m%SX[0;36;5;40;100m [0;1;30;90;40mXSSSS8[0;37;5;47;107m8t[0;30;5;40;100mXS[0;31;5;40;100mS[0;35;5;41;101m@[0;1;37;97;47mt [0;31;5;41;101m8[0;1;37;97;47m :[0;31;5;41;101m8[0;35;5;41;101m8[0;37;5;47;107m8[0;35;5;41;101m8[0;1;30;90;47m8[0;1;37;97;47m [0;31;5;41;101m8[0;35;5;40;100m [0;31;40mX[0;34;40m:[0;1;30;90;47m8[0;37;5;47;107mt[0;1;30;90;47mX[0;34;40m::::[0;36;5;40;100m [0;34;40m;.....[0;36;5;40;100m [0;30;5;40;100m8[0;34;40m..[0;36;5;40;100m.[0;34;40m...     [0m   
    [0;34;40m.::::::[0;36;5;40;100m [0;34;40m::;[0;30;5;40;100m@[0;36;5;40;100m [0;34;40m;;;;;[0;1;30;90;40mS[0;36;5;40;100m [0;1;30;90;40mX%%[0;30;5;40;100m8[0;1;30;90;47m [0;37;5;47;107m@[0;37;5;40;100mX[0;36;5;40;100m.[0;30;5;40;100m@[0;35;5;40;100m [0;1;37;97;47m %.[0;31;5;41;101m@[0;1;37;97;47m  [0;31;5;41;101m8[0;35;5;41;101m8[0;37;5;47;107m8[0;31;5;41;101m8[0;1;37;97;47m  [0;31;5;41;101m8[0;1;37;97;47m [0;31;40m%[0;36;5;40;100m [0;1;30;90;40m%[0;37;5;40;100mX[0;37;5;47;107m@[0;1;30;90;47m8[0;1;30;90;40m8[0;34;40m:[0;36;5;40;100m [0;34;40m;.....[0;36;5;40;100m [0;30;5;40;100m@[0;34;40m...[0;36;5;40;100m [0;34;40m...    [0m    
    [0;34;40m .:::::[0;36;5;40;100m [0;34;40m::::[0;30;5;40;100mX[0;36;5;40;100m [0;34;40m;;;;;[0;1;30;90;40mS[0;36;5;40;100m [0;1;30;90;40mS[0;35;5;40;100mt[0;37;5;47;107m%[0;1;30;90;47m:[0;1;30;90;40m@[0;30;5;40;100m@[0;37;5;40;100mS[0;36;5;40;100mt[0;31;5;40;100m8[0;1;30;90;47m888[0;31;5;41;101m8[0;1;37;97;47m  [0;31;5;41;101m8[0;1;30;90;47m8[0;1;37;97;47mX[0;31;5;41;101m8[0;1;30;90;47m88[0;31;5;41;101m8[0;35;5;40;100m;[0;36;5;40;100mt[0;30;5;40;100mX[0;34;40m::[0;1;30;90;40m@[0;1;37;97;47m8S[0;30;5;40;100mX[0;34;40m;.....[0;36;5;40;100m:[0;30;5;40;100mS[0;34;40m....[0;36;5;40;100m.[0;34;40m.      [0m    
     [0;34;40m...:::[0;36;5;40;100m [0;34;40m:::::[0;30;5;40;100mS[0;36;5;40;100m [0;34;40m::;;;;[0;35;5;40;100mt[0;1;37;97;47mX[0;1;30;90;47m.[0;31;40m;[0;1;30;90;40mX[0;36;5;40;100m [0;34;40m;;;[0;1;30;90;41mt[0;31;5;41;101m8[0;1;30;90;47m888[0;31;5;41;101m888[0;35;5;41;101m8[0;1;30;90;47m8[0;35;5;40;100m [0;35;5;41;101m8[0;1;31;91;41mX[0;31;40m%[0;34;40m:[0;36;5;40;100m [0;1;30;90;40mS[0;34;40m..[0;1;30;90;40m8[0;1;37;97;47m@[0;1;30;90;47m8[0;31;40m.[0;34;40m....[0;36;5;40;100m;t[0;34;40m.....[0;36;5;40;100m.[0;34;40m.     [0m     
      [0;34;40m....;[0;36;5;40;100m.[0;34;40m::::::[0;36;5;40;100mt.[0;34;40m::::[0;31;40m8[0;35;5;40;100m;[0;37;5;40;100m8[0;1;30;90;40mX[0;34;40m:[0;36;5;40;100m [0;34;40m;:::[0;31;40m:[0;30;41mS[0;1;31;91;41m8[0;1;30;90;47m8[0;1;37;97;47m [0;31;5;41;101m888[0;1;30;90;47m8[0;1;37;97;47m [0;35;5;41;101m8[0;1;31;91;41m:[0;31;40m%[0;34;40m:::[0;36;5;40;100m [0;34;40m:;[0;36;5;40;100m [0;31;40mt[0;35;5;40;100m:[0;1;30;90;41m;[0;31;40mS[0;34;40m..[0;36;5;40;100mt;[0;34;40m......[0;30;5;40;100mX[0;1;30;90;40mS[0;34;40m    [0m      
       [0;34;40m...[0;30;5;40;100m@8[0;34;40m.::::::[0;36;5;40;100m::[0;34;40m:[0;31;40m;[0;1;30;90;41m;[0;1;31;91;41m;[0;31;40m%[0;34;40m:[0;36;5;40;100m  [0;1;30;90;40mX[0;34;40m::::::[0;31;40mt[0;30;41mS[0;1;31;91;41m;888S[0;1;30;90;41m;[0;31;40m8[0;34;40m:....;[0;36;5;40;100m  [0;34;40m:..[0;31;40mX[0;1;31;91;41mt[0;30;41m@[0;30;5;40;100mX[0;36;5;40;100m:[0;34;40m...... [0;1;30;90;40mS[0;30;5;40;100mX[0;34;40m   [0m       
        [0;34;40m..[0;36;5;40;100m [0;34;40m:....::::[0;36;5;40;100m:[0;30;5;40;100m8[0;1;31;91;41m:[0;30;41m@[0;31;40m:[0;34;40m::[0;30;5;40;100mX[0;36;5;40;100m.[0;30;5;40;100mSSSSSSSSX[0;1;30;90;40mX[0;34;40m::::[0;30;5;40;100m8XXXXXXX[0;36;5;40;100m;[0;30;5;40;100mS[0;34;40m....[0;31;40m:[0;30;41m%;[0;31;40m:[0;34;40m....    [0;36;5;40;100m.[0;34;40m  [0m        
         [0;34;40m.[0;36;5;40;100m [0;34;40m.........[0;31;40m@[0;1;31;91;41m;[0;1;30;90;40m@[0;34;40m:::[0;1;30;90;40mX[0;36;5;40;100m.[0;34;40m:::::::::...............[0;36;5;40;100mt[0;1;30;90;40m@[0;34;40m...[0;30;5;40;100m@[0;36;5;40;100m:[0;31;40m8[0;1;31;91;41m;[0;31;40mt[0;34;40m..     [0;36;5;40;100m:[0;34;40m [0m         
          [0;1;30;90;40m8[0;30;5;40;100m@@X8[0;1;30;90;40mS[0;34;40m...[0;30;41m8[0;1;31;91;41m@[0;31;40m8[0;36;5;40;100m [0;30;5;40;100mS[0;34;40m.:[0;36;5;40;100m [0;34;40m:.........................[0;36;5;40;100m [0;34;40m:.[0;30;5;40;100m8[0;36;5;40;100m [0;34;40m..[0;30;41mS[0;1;31;91;41m%[0;31;40m%[0;34;40m :[0;1;30;90;40m8[0;30;5;40;100m888[0;1;30;90;40m8[0m          
            [0;34;40m..:[0;1;30;90;40m8[0;30;5;40;100mXX[0;31;40m%[0;30;41m%[0;31;5;40;100mX[0;1;30;90;40m8[0;34;40m:[0;36;5;40;100m [0;30;5;40;100m@[0;36;5;40;100m [0;34;40m;..........................:[0;36;5;40;100m [0;1;30;90;40m8[0;36;5;40;100m [0;34;40m.[0;1;30;90;40mX[0;30;5;40;100m88[0;1;30;90;40m@[0;31;40m%[0;1;30;90;40m88[0;34;40m.  [0m            
             [0;34;40m........[0;1;30;90;40mX[0;30;5;40;100m@X[0;37;5;40;100m@[0;1;30;90;47m8[0;36;5;40;100m...................:::::::::[0;37;5;40;100m8X[0;30;5;40;100m@8[0;1;30;90;40mS[0;34;40m.       [0m             
              [0;34;40m ..........[0;30;5;40;100m8[0;36;5;40;100m;[0;34;40m..........................[0;30;5;40;100mS8[0;34;40m.          [0m              
                [0;34;40m .........;[0;36;5;40;100m:[0;1;30;90;40mS[0;34;40m......................;[0;36;5;40;100m:[0;34;40m;          [0m                
                  [0;34;40m .........[0;30;5;40;100mS8[0;34;40m................... [0;1;30;90;40m8[0;30;5;40;100m%[0;34;40m          [0m                  
                    [0;34;40m ........[0;1;30;90;40m8[0;36;5;40;100m;[0;34;40m:.............   .[0;36;5;40;100mt[0;1;30;90;40m8[0;34;40m         [0m                    
                      [0;34;40m ........[0;36;5;40;100m;[0;1;30;90;40m@[0;34;40m......        [0;1;30;90;40mS[0;36;5;40;100m;[0;34;40m.        [0m                      
                        [0;34;40m        [0;30;5;40;100m8@[0;34;40m            [0;30;5;40;100m8@[0;34;40m        [0m                        
                          [0;34;40m       [0;1;30;90;40mS[0;36;5;40;100m;[0;34;40m.        .[0;36;5;40;100mt[0;1;30;90;40mX[0;34;40m       [0m                          
                             [0;34;40m     .[0;36;5;40;100m%[0;1;30;90;40m8[0;34;40m      [0;1;30;90;40mX[0;36;5;40;100m%[0;34;40m.     [0m                             
                                [0;34;40m    [0;1;30;90;40m8[0;30;5;40;100mS[0;34;40m    [0;30;5;40;100m@8[0;34;40m    [0m                                
                                   [0;34;40m  :[0;36;5;40;100m;[0;34;40m:.[0;36;5;40;100m;[0;34;40m;  [0m                                   
                                      [0;34;40m [0;30;5;40;100m@X[0;34;40m [0m                                      
