[0;36;5;40;100m [0;1;30;90;47m....      [0;1;37;97;47m                   [0;30;42m%%%%%%%%%%%%%%%SSSSS[0;1;30;90;47m    .........:::::::::;;;;;;;[0;36;5;40;100m [0m
[0;37;5;40;100m@[0;37;5;47;107m%%%%%%ttttttttttttttttttttttt[0;1;30;90;42mtttttttttt;;;;;;;:::[0;37;5;47;107mtt%%%%%%%%SSSSSSSXXXX@@@@@@@@[0;37;5;40;100m8[0m
[0;37;5;40;100m@[0;37;5;47;107m%%%%ttttttttt[0;1;37;97;47m [0;37;5;47;107m8tttttttttttttt[0;1;30;90;42m%%%%%%%ttttttt;;;;;:[0;37;5;47;107mtttt%%%%%%%SSX[0;1;30;90;47m%[0;37;5;47;107m@SSXXXX@@@@@@@[0;37;5;40;100m8[0m
[0;37;5;40;100m@[0;37;5;47;107m%%ttttttttt[0;1;37;97;47mS[0;1;30;90;47m8[0;1;30;90;42mS[0;32;5;40;100m8[0;37;5;40;100mS%[0;1;30;90;47mX[0;37;5;47;107mttt;;;;;;;;[0;1;30;90;42mSSS%%%%%%%%ttttt;;;;[0;37;5;47;107mttttt%%%%%%%[0;1;30;90;47mt[0;35;5;40;100m [0;1;30;90;41m:[0;35;5;40;100m%  [0;1;30;90;47m;[0;37;5;47;107mXXXX@@@@@@[0;37;5;40;100m8[0m
[0;37;5;40;100m@[0;37;5;47;107m%tttttt[0;1;37;97;47mt@[0;1;30;90;47m8[0;1;37;97;47m:[0;1;30;90;47mS[0;36;5;40;100m [0;1;30;90;42mS[0;32;5;40;100mS[0;1;30;90;42m8S[0;32;5;40;100m@8[0;1;30;90;47m@[0;1;37;97;47m.[0;37;5;47;107m;;;;;;;;[0;1;30;90;42mSSSSSSSSS%%%%%tttt;;[0;37;5;47;107mttttttt8[0;1;37;97;47m%:[0;1;30;90;47mS%@[0;1;30;90;41m8S[0;31;5;40;100m8[0;30;41m;[0;1;30;90;41mXX8[0;1;30;90;47m8[0;1;37;97;47m%[0;37;5;47;107mXX@@@@@[0;37;5;40;100m8[0m
[0;37;5;40;100m@[0;37;5;47;107mtttttt[0;1;37;97;47mS[0;1;30;90;42m%S%8%[0;36;5;40;100mt[0;1;30;90;47m8[0;37;5;40;100mS[0;36;5;40;100m%t[0;1;37;97;47m;[0;36;5;40;100m%[0;1;30;90;42m88[0;1;30;90;47mX[0;1;37;97;47mS[0;37;5;47;107m;;;;;;[0;1;30;90;42mXXXXXXXSSSSS%%%%tttt[0;37;5;47;107mtttttt%[0;1;30;90;47mX[0;1;30;90;41m:%%t:[0;35;5;40;100m;[0;1;30;90;47m8[0;35;5;40;100m;[0;31;5;40;100mX[0;35;5;40;100m [0;1;30;90;47m8[0;31;5;40;100mX[0;30;41m;[0;1;30;90;41m8[0;1;30;90;47m8[0;1;37;97;47m@[0;37;5;47;107mX@@@@[0;37;5;40;100m8[0m
[0;37;5;40;100m8[0;37;5;47;107mtttttt[0;37;5;40;100mS[0;1;30;90;42mS[0;32;5;40;100m@S[0;1;30;90;42m%%[0;36;5;40;100mt[0;1;30;90;47m%[0;36;5;40;100m [0;1;30;90;47m8[0;36;5;40;100m [0;37;5;40;100m%[0;1;30;90;42m8[0;36;5;40;100m :[0;1;30;90;42m8[0;1;30;90;47m:;[0;37;5;47;107m;::::[0;1;30;90;42m@@@@@@XXXXXSSS%%%%tt[0;37;5;47;107mtttttt%[0;1;30;90;41m8t[0;31;5;40;100m@[0;1;30;90;41m8::[0;35;5;40;100m [0;1;30;90;47m8[0;37;5;40;100mt[0;35;5;40;100m  %[0;1;30;90;41m8[0;35;5;40;100m [0;1;30;90;41m;X[0;1;30;90;47mt;[0;37;5;47;107mX@@@[0;37;5;40;100m8[0m
[0;37;5;40;100m8[0;37;5;47;107mtttt@[0;36;5;40;100m [0;32;5;40;100m8[0;1;30;90;42mX%[0;36;5;40;100m [0;37;5;40;100mS[0;1;30;90;47m8[0;32;5;40;100m8[0;36;5;40;100m [0;32;5;40;100m@[0;1;30;90;47mS[0;36;5;40;100m.[0;1;30;90;47m8[0;36;5;40;100mt[0;1;30;90;42m@[0;32;5;40;100m8[0;36;5;40;100m%.[0;1;30;90;42m8[0;37;5;40;100mt[0;1;37;97;47m@[0;37;5;47;107m:::[0;1;30;90;42m88888@@@@XXXXSSS%%%%[0;37;5;47;107mttttt[0;1;37;97;47m8[0;31;5;40;100m@[0;1;30;90;41m8;:[0;37;5;40;100m%%;[0;1;30;90;41mS[0;35;5;40;100m:.[0;37;5;40;100mt[0;35;5;40;100mt [0;1;30;90;41m8[0;30;41m:[0;1;30;90;41m%[0;35;5;40;100m%[0;1;30;90;41mS%[0;35;5;40;100m.[0;1;37;97;47m8[0;37;5;47;107m@@[0;37;5;40;100m8[0m
[0;37;5;40;100m8[0;37;5;47;107mttt[0;1;37;97;47m@[0;1;30;90;47m8[0;30;42mS[0;32;5;40;100mX[0;1;30;90;42m8SS[0;36;5;40;100m [0;1;30;90;42m8[0;36;5;40;100m;[0;1;30;90;42mX[0;32;5;40;100m8[0;36;5;40;100m [0;37;5;40;100m%[0;36;5;40;100m :[0;32;5;40;100mS[0;1;30;90;42m8[0;36;5;40;100m [0;1;37;97;47m8%@[0;37;5;47;107m::::[0;1;30;90;42m88888888@@@@XXXSSS%%[0;37;5;47;107mttt%[0;1;37;97;47mS[0;35;5;40;100m.[0;1;30;90;41m;[0;31;5;40;100mS[0;1;30;90;41mS;;[0;35;5;40;100m.[0;1;30;90;41m@8:8[0;31;5;40;100mS[0;37;5;40;100mt[0;31;5;40;100m8@[0;1;30;90;41m%t[0;37;5;40;100mt[0;1;37;97;47mX[0;1;30;90;47mt[0;1;37;97;47mS[0;37;5;47;107mX@@[0;37;5;40;100m8[0m
[0;37;5;40;100m8[0;37;5;47;107mtt%[0;1;30;90;47m8[0;32;5;40;100m8[0;1;30;90;42m%%[0;32;5;40;100m8[0;36;5;40;100m:t;[0;37;5;40;100mS[0;32;5;40;100m8[0;36;5;40;100m.[0;1;30;90;42m8[0;1;30;90;47m8[0;1;30;90;42m888[0;36;5;40;100m%[0;1;30;90;42m8[0;32;5;40;100mS[0;36;5;40;100m [0;32;5;40;100mS[0;36;5;40;100m:[0;1;30;90;47mS[0;37;5;47;107m:..[0;1;30;90;42m88888888888@@@XXSSS%[0;37;5;47;107mttt@[0;35;5;40;100m [0;1;30;90;41mX;SX[0;35;5;40;100m:[0;31;5;40;100mX[0;35;5;40;100m:t[0;1;30;90;41m88[0;35;5;40;100m.[0;31;5;40;100m@[0;1;30;90;41m::tX.8[0;31;5;40;100m@[0;1;30;90;41mS[0;31;5;40;100mX[0;1;30;90;47mX[0;37;5;47;107m@@[0;37;5;40;100m8[0m
[0;37;5;40;100m8[0;37;5;47;107mtt@[0;1;30;90;42m@[0;30;42mX[0;1;30;90;42mX[0;36;5;40;100m  [0;1;30;90;42m8S[0;32;5;40;100m@[0;1;30;90;42m@@8@[0;1;37;97;47m [0;1;30;90;47m@[0;36;5;40;100m%;[0;32;5;40;100m@[0;36;5;40;100m. [0;1;30;90;47m%[0;37;5;47;107m.[0;1;30;90;47m8[0;36;5;40;100m;[0;37;5;47;107m%..[0;1;30;90;42m888888888888@@@XXSSS[0;37;5;47;107m;tt[0;1;37;97;47m:[0;1;30;90;41mtt@[0;35;5;40;100m .[0;1;30;90;41m;;8;:;8[0;1;30;90;47m@[0;35;5;40;100m [0;1;30;90;41m8X;[0;35;5;40;100mt[0;31;5;40;100m8[0;1;37;97;47m [0;37;5;47;107m8[0;1;30;90;41m8[0;35;5;40;100mt[0;37;5;47;107m8@[0;37;5;40;100m8[0m
[0;37;5;40;100m8[0;37;5;47;107mtt8[0;1;30;90;42m@[0;32;5;40;100m8[0;1;30;90;42m@XS[0;1;30;90;47m8[0;36;5;40;100m t[0;1;30;90;42m8[0;36;5;40;100m [0;1;30;90;47m:[0;1;30;90;42m8[0;1;30;90;47m8[0;36;5;40;100m.[0;32;5;40;100mX[0;1;30;90;47m8[0;37;5;47;107m8[0;1;30;90;47m8[0;36;5;40;100m;t[0;1;30;90;47m@[0;36;5;40;100m..[0;37;5;40;100mt[0;37;5;47;107mt [0;1;30;90;42m88888888888888@@XXSS[0;37;5;47;107m;;t[0;1;37;97;47m [0;1;30;90;41m%8%t%[0;1;30;90;47m8[0;35;5;40;100m:[0;1;30;90;41m8%[0;1;30;90;47m8[0;37;5;40;100mt[0;1;31;91;41mX[0;37;5;40;100m%[0;1;30;90;41m88[0;1;30;90;47m@[0;1;37;97;47m [0;35;5;40;100m%[0;1;30;90;41mX[0;31;5;40;100mS[0;35;5;40;100m;[0;1;30;90;41m@8[0;35;5;40;100m [0;37;5;47;107m@[0;37;5;40;100m8[0m
[0;37;5;40;100m8[0;37;5;47;107mt[0;1;30;90;47m8[0;1;30;90;42mXS%[0;32;5;40;100mX8[0;1;30;90;42m8X[0;36;5;40;100m t ;[0;1;30;90;47m8[0;1;30;90;42m8[0;1;37;97;47m:[0;1;30;90;47m8[0;36;5;40;100m  [0;37;5;40;100mtt[0;32;5;40;100mX@[0;1;30;90;47m8[0;32;5;40;100m@[0;1;37;97;47m S[0;37;5;47;107m  [0;32;5;40;100mX[0;1;30;90;42m88888888888888@@XXS[0;37;5;47;107m;%[0;35;5;40;100m [0;1;30;90;41mX%S[0;31;5;40;100m@[0;1;30;90;41m8t%[0;35;5;40;100m [0;31;5;40;100m@S[0;35;5;40;100m.[0;1;31;91;41m8X[0;1;37;97;47m;[0;35;5;40;100m;%[0;31;5;40;100mX[0;35;5;40;100m [0;1;30;90;41m%;t[0;35;5;40;100m.[0;1;30;90;41mt[0;1;30;90;47m%[0;1;37;97;47m:[0;37;5;47;107m@[0;37;5;40;100m8[0m
[0;37;5;40;100m8[0;37;5;47;107mt[0;1;30;90;47mt[0;32;5;40;100m8@@[0;1;30;90;47mX[0;36;5;40;100m [0;1;30;90;47mSX[0;36;5;40;100m [0;1;30;90;42m@88[0;1;30;90;47m8[0;1;30;90;42m8[0;36;5;40;100m t[0;32;5;40;100m8@[0;1;30;90;47m8[0;36;5;40;100m [0;32;5;40;100m@[0;36;5;40;100mt[0;32;5;40;100mX[0;37;5;40;100mt[0;36;5;40;100mt[0;1;30;90;47m8[0;37;5;47;107m  [0;32;5;40;100mSSXXX[0;1;30;90;42m88888888888@@XX[0;37;5;47;107m;;[0;37;5;40;100m%[0;31;5;40;100mS[0;1;30;90;41m8[0;35;5;40;100m%[0;1;30;90;47m88@8[0;1;30;90;41m8:;8[0;35;5;40;100mt[0;1;31;91;41m8[0;35;5;40;100m:[0;1;30;90;41mS:X[0;1;30;90;47m8[0;1;30;90;41m%:t;[0;31;5;40;100m@[0;30;41m;[0;1;30;90;47mX[0;37;5;47;107mX[0;37;5;40;100m8[0m
[0;37;5;40;100m8[0;37;5;47;107mt[0;32;5;40;100mS[0;36;5;40;100mt[0;1;30;90;42mS8@[0;36;5;40;100m:[0;37;5;47;107mX[0;37;5;40;100mX[0;36;5;40;100mt[0;32;5;40;100m8%[0;36;5;40;100m [0;37;5;40;100m%[0;1;30;90;42m8[0;1;30;90;47m8[0;36;5;40;100mt[0;1;30;90;47m8[0;37;5;40;100m%[0;1;30;90;47m8[0;37;5;40;100mSS[0;1;30;90;47m88@[0;36;5;40;100mt[0;37;5;40;100mX[0;37;5;47;107m  [0;36;5;40;100m%%[0;32;5;40;100mSSSX[0;1;30;90;42m8888888888@@XX[0;37;5;47;107m;[0;1;37;97;47m8[0;1;30;90;41m8[0;35;5;40;100m%[0;1;30;90;41m%8@[0;37;5;40;100mS[0;1;37;97;47m8[0;35;5;40;100m;[0;1;30;90;41m8X8[0;35;5;40;100m [0;1;31;91;41m@8[0;37;5;40;100mX[0;1;30;90;41m@[0;35;5;40;100m %[0;37;5;40;100m;[0;31;5;40;100mX[0;35;5;40;100m% [0;31;5;40;100mX[0;35;5;40;100m.[0;1;30;90;41m.[0;1;30;90;47m8[0;37;5;47;107mX[0;37;5;40;100m8[0m
[0;37;5;40;100m8[0;37;5;47;107mttt[0;1;37;97;47m8[0;37;5;47;107mX[0;1;30;90;47m8[0;1;30;90;42m@[0;32;5;40;100m8S[0;1;30;90;42m@@[0;1;30;90;47m:[0;37;5;47;107m8[0;36;5;40;100m [0;1;30;90;42m8[0;36;5;40;100m..[0;1;30;90;47m88[0;32;5;40;100mS[0;1;30;90;47m8[0;36;5;40;100m%[0;37;5;47;107m@[0;36;5;40;100m t[0;1;37;97;47m@[0;37;5;47;107mX  [0;36;5;40;100mtt%%[0;32;5;40;100mSSX[0;1;30;90;42m8888888888@@X[0;37;5;47;107m;;;t[0;1;37;97;47mS[0;37;5;47;107mX[0;35;5;40;100m;[0;1;30;90;41mt[0;31;5;40;100mS[0;1;30;90;41m%;t[0;1;37;97;47m%t[0;1;31;91;41m@8[0;35;5;40;100m;[0;1;30;90;41mX[0;1;30;90;47m8[0;1;30;90;41m8[0;35;5;40;100m%[0;1;30;90;41mX[0;31;5;40;100mS[0;1;37;97;47m:[0;30;41m;[0;1;30;90;41m8[0;1;37;97;47m%@[0;37;5;47;107mX[0;37;5;40;100m8[0m
[0;37;5;40;100m8[0;37;5;47;107mtttt;;[0;1;37;97;47m8[0;37;5;47;107mtt[0;1;37;97;47m%@[0;37;5;47;107m;:[0;37;5;40;100m;[0;1;30;90;42m8[0;1;30;90;47m8[0;1;37;97;47m @[0;37;5;47;107m ;:8 @[0;1;37;97;47mt[0;37;5;47;107mS   [0;36;5;40;100m;tt%[0;32;5;40;100m%SXX[0;1;30;90;42m888888888@@X[0;37;5;47;107m;;;;ttS[0;1;37;97;47m8[0;37;5;47;107mtX[0;1;37;97;47m.8[0;37;5;47;107mtt[0;1;31;91;41mX8[0;1;30;90;47m%8[0;1;37;97;47m8[0;37;5;47;107mS@8[0;1;37;97;47mX[0;37;5;47;107mX[0;1;37;97;47m.[0;1;30;90;47m%[0;37;5;47;107m8XX[0;37;5;40;100m8[0m
[0;37;5;40;100m8[0;37;5;47;107mtttt;;;;;;:::[0;36;5;40;100m [0;1;30;90;42m8[0;37;5;40;100m%[0;37;5;47;107m.            [0;36;5;40;100m;;t%%[0;32;5;40;100mSSX[0;1;30;90;42m888888888@@X[0;37;5;47;107m;;;;tttttttttS[0;1;31;91;41mX8[0;1;30;90;47m8[0;37;5;47;107m%%%SSSSSXXXX[0;37;5;40;100m8[0m
[0;37;5;40;100m8[0;37;5;47;107mtttt;;;;;;::S[0;32;5;40;100m@[0;1;30;90;42m8[0;36;5;40;100m.[0;37;5;47;107m.          t[0;1;30;90;47m@[0;36;5;40;100m;tt%[0;32;5;40;100mSSXX[0;1;30;90;42m888888888@@X[0;37;5;40;100mt[0;37;5;47;107m8;;ttttttttt[0;1;37;97;47m.[0;1;31;91;41m88[0;1;30;90;47m8[0;37;5;47;107m%%%SSSSSXXXX[0;37;5;40;100m8[0m
[0;37;5;40;100m8[0;37;5;47;107mtttt;[0;1;37;97;47m8%.[0;1;30;90;47m8t[0;1;37;97;47m [0;1;30;90;47m%[0;32;5;40;100mS[0;1;30;90;42m888[0;36;5;40;100m [0;1;30;90;47mX[0;1;37;97;47mX[0;37;5;47;107m88;SS .[0;1;37;97;47m [0;36;5;40;100m:tt%%[0;32;5;40;100mSSSX[0;1;30;90;42m888888888@@XXX@[0;1;30;90;47m8[0;37;5;47;107m%tt[0;1;37;97;47mtt[0;1;30;90;47mS8S[0;1;37;97;47m [0;1;30;90;47m8[0;1;31;91;41m@888[0;35;5;40;100mt[0;1;30;90;47m8[0;1;37;97;47m;%%[0;37;5;47;107m@[0;1;37;97;47m%[0;37;5;47;107m8XXXX[0;37;5;40;100m8[0m
[0;37;5;40;100m8[0;37;5;47;107mtttt;t8[0;1;30;90;47mt%8[0;37;5;40;100mS[0;1;30;90;47m8%[0;1;30;90;42m8[0;1;30;90;47m8[0;36;5;40;100mt[0;1;37;97;47m.[0;37;5;40;100mt[0;1;30;90;47m8;[0;1;37;97;47mtX[0;37;5;47;107m8 8[0;37;5;40;100m:[0;32;5;40;100mS%%%SSSXX[0;1;30;90;42m8888888888@@XXSSS8[0;1;37;97;47m:[0;37;5;47;107mt%[0;1;37;97;47mS[0;1;30;90;47m@@[0;37;5;40;100mt[0;35;5;40;100m [0;1;30;90;47m8[0;37;5;40;100m%[0;1;31;91;41mX[0;35;5;40;100m:;[0;1;30;90;47m@[0;31;5;40;100mX[0;37;5;40;100m;[0;1;30;90;47m8;[0;1;37;97;47m @[0;37;5;47;107mSXXXX[0;37;5;40;100m8[0m
[0;37;5;40;100mX[0;37;5;47;107mttttt;;;@%[0;1;30;90;47m8[0;37;5;47;107m;[0;1;37;97;47m@[0;36;5;40;100m [0;1;30;90;47m;[0;1;37;97;47m%[0;1;30;90;47m@[0;1;37;97;47m [0;1;30;90;47m;[0;37;5;47;107m.  S[0;1;30;90;47m8[0;32;5;40;100mXXXSSSXXX[0;1;30;90;42m88888888888@@@XXSS%%%[0;36;5;40;100m [0;1;37;97;47m8[0;37;5;47;107mt%8[0;1;37;97;47m@[0;1;30;90;47m8[0;37;5;47;107mt[0;1;37;97;47m [0;1;30;90;41m8[0;1;37;97;47mS[0;1;30;90;47m8[0;1;37;97;47m [0;35;5;40;100m.[0;1;37;97;47m;[0;37;5;47;107mSSSSSXXXX[0;37;5;40;100mX[0m
[0;36;5;40;100m [0;37;5;47;107mttttt;;;;;tt[0;1;30;90;47m8[0;37;5;47;107mX:[0;1;37;97;47m [0;37;5;47;107m8%..:[0;1;37;97;47m [0;32;5;40;100mX[0;1;30;90;42m888888888888888888888@@XXSS%%%tt%[0;1;30;90;47m8[0;37;5;47;107mXttX@[0;37;5;40;100m%[0;37;5;47;107m%%[0;1;30;90;47m8[0;37;5;47;107m88SSSSSXXXX@[0;36;5;40;100m [0m
[0;30;5;40;100m@[0;37;5;47;107mtttttt;;;;;;;t:t::.[0;1;37;97;47mt[0;36;5;40;100m;[0;1;30;90;42m888888888888888888888@@@XXSSS%%ttt;;8[0;1;37;97;47m [0;37;5;47;107mttt%S%@%%SSSSSXXXX@[0;36;5;40;100m%[0m
 [0;37;5;47;107m%tttttt;;;;;;;:::8[0;37;5;40;100m;[0;1;30;90;42m8888888888888888888888@@@XXSSS%%%ttt;;;:[0;36;5;40;100mt[0;1;37;97;47mS[0;37;5;47;107m%%%%%%SSSSSSXXXX@[0m 
 [0;1;37;97;47m;[0;37;5;47;107mttttttt;;;;;;;%[0;1;30;90;47m8[0;1;30;90;42m8888888888888888888888@@@XXXSSS%%%ttt;;;:::;[0;37;5;40;100mt[0;37;5;47;107m8%%%%SSSSSXXXX@[0;1;37;97;47mt[0m 
 [0;37;5;40;100mS[0;37;5;47;107mtttttttt;;;;;[0;1;37;97;47m [0;1;30;90;42m8X@@@88888888888888888@@@XXXSSS%%%tttt;;;::::::S[0;1;30;90;47m%[0;37;5;47;107m%%SSSSSSXXXX@[0;37;5;40;100m@[0m 
  [0;37;5;47;107m%ttttttttt;[0;1;37;97;47m@[0;36;5;40;100m:[0;1;30;90;42mSXXXX@@@@@@8888888@@@@@XXXXSSSS%%%tttt;;;:::::::::[0;32;5;40;100m@[0;1;37;97;47m;[0;37;5;47;107mSSSSSXXXX@@[0;1;30;90;40m8[0m 
  [0;1;30;90;47m;[0;37;5;47;107mttttttttS[0;1;30;90;47m8[0;1;30;90;42mS%SSSSXXXXXX@@@@@@@@@XXXXXXXSSS%%%%ttt;;;;::::::::::::[0;36;5;40;100m [0;37;5;47;107m8SSXXXX@@[0;1;30;90;47m.[0m  
  [0;1;30;90;40m8[0;37;5;47;107m%tttttt[0;1;30;90;47mt[0;1;30;90;42m8t%%%%SSSSSSXXXXXXXXXXXXXSS[0;36;5;40;100m:[0;1;37;97;47m@8[0;36;5;40;100m.[0;1;30;90;42m%%%%tttt;;;;::::::::::::..%[0;1;30;90;47m@[0;37;5;47;107mXXXXX@@[0;30;5;40;100m@[0m  
   [0;1;30;90;47mX[0;37;5;47;107mtttt[0;1;37;97;47mt[0;32;5;40;100mX[0;1;30;90;42m;ttttt%%%%%SSSSSSSSSSSSSSS8[0;1;37;97;47m [0;37;5;47;107mt;tt[0;1;37;97;47m [0;1;30;90;42m8tttt;;;;:::::::::::::.....8[0;1;37;97;47m [0;37;5;47;107mXX@@[0;1;30;90;47m%[0m   
    [0;37;5;47;107m8t@[0;37;5;40;100m;[0;1;30;90;42m;;;;;tttttt%%%%%%%%%%%%%%%S[0;1;30;90;47m8[0;37;5;47;107mSttt8ttS[0;1;30;90;47m8[0;1;30;90;42m%;;;;;:::::::::::::........[0;36;5;40;100m:[0;1;37;97;47m@[0;37;5;47;107m@[0;1;37;97;47m8[0m    
    [0;36;5;40;100m%[0;1;30;90;47m@[0;1;30;90;42mS:::;;;;;;tttttttt%%%%%%%%%[0;36;5;40;100m.[0;1;37;97;47m8[0;37;5;47;107mttt%t[0;1;30;90;47m%.[0;1;37;97;47m@[0;37;5;47;107m%t8[0;36;5;40;100m [0;1;30;90;42m;;:::::::::::::.........[0;30;42m..[0;1;30;90;42m;[0;1;30;90;47m8[0;36;5;40;100mt[0m    
     [0;32;40m8[0;1;30;90;42m:::::::;;;;;;;ttttttttttt8[0;1;37;97;47m [0;37;5;47;107mtt[0;1;37;97;47m%[0;37;5;47;107mtt%[0;1;37;97;47m;[0;33;5;40;100m;[0;1;30;90;47m:[0;1;37;97;47m.[0;37;5;47;107m%t[0;1;37;97;47m@[0;37;5;47;107mt[0;1;37;97;47m:[0;1;30;90;42m8::::::::::::.........[0;30;42m....[0;32;40m8[0m     
      [0;30;42m8[0;1;30;90;42m:::::::::;;;;;;;;;;;;;S[0;1;30;90;47m8[0;37;5;47;107mSttt[0;1;37;97;47mS[0;1;30;90;47m@[0;1;37;97;47mX88[0;33;5;40;100m8[0;1;37;97;47m8[0;37;5;47;107mttS[0;1;30;90;47m%[0;37;5;47;107mtt%[0;1;30;90;47m8[0;1;30;90;42mt::::::::..........[0;30;42m....8[0m      
       [0;30;42m@[0;1;30;90;42m::::::::::::;;;;;;;;[0;36;5;40;100m [0;37;5;47;107m8tttttSt[0;1;37;97;47m8;[0;1;30;90;47mt[0;1;30;90;43m8[0;1;30;90;47mSt[0;1;37;97;47m [0;1;30;90;47m;[0;1;37;97;47mS[0;37;5;47;107m%[0;1;37;97;47mS%[0;37;5;47;107m%8[0;36;5;40;100m [0;1;30;90;42m::::::.........[0;30;42m.....@[0m       
        [0;30;42m8[0;1;30;90;42m:::::::::::::::::8[0;1;37;97;47m:[0;37;5;47;107mtttS[0;1;37;97;47m88XX:[0;1;30;90;47m [0;1;37;97;47m [0;1;30;90;47m.[0;31;43m8[0;37;5;47;107m@t%8[0;1;37;97;47m  [0;1;30;90;47m@[0;37;5;47;107m8%%%[0;1;37;97;47m;[0;1;30;90;42m8::..........[0;30;42m.....8[0m        
         [0;32;40m8[0;1;30;90;42m::::::::::::::%[0;1;30;90;47m@[0;37;5;47;107m%ttttX[0;1;37;97;47mS[0;1;30;90;47m; [0;37;5;47;107mt@%S[0;1;30;90;47m;[0;31;43m8[0;1;37;97;47mS .t[0;37;5;47;107m%%%%%%%SS[0;1;30;90;47m@[0;1;30;90;42m%........[0;30;42m.....:[0;32;40m8[0m         
          [0;32;40mS[0;1;30;90;42m::::::::::::[0;36;5;40;100m [0;37;5;47;107m8%%%%%%%[0;1;37;97;47m8:[0;1;30;90;47m tt[0;1;37;97;47m@[0;37;5;47;107m%[0;1;37;97;47m:[0;31;43m8[0;1;30;90;47m;[0;37;5;47;107m%%%%[0;1;37;97;47m..;;[0;37;5;47;107m8SSSS8[0;37;5;40;100m;[0;1;30;90;42m:.....[0;30;42m.....:[0;32;40mX[0m          
            [0;30;42m%[0;1;30;90;42m::::::::8[0;1;37;97;47m;[0;37;5;47;107m%%%%%%%%@[0;1;37;97;47m8@St.[0;1;30;90;47m:%[0;33;5;40;100m;[0;31;43m8[0;1;37;97;47mSt[0;1;30;90;47mt;[0;33;5;40;100m [0;37;5;47;107m8SSSSSSSSSX[0;1;37;97;47mt[0;32;5;40;100mX[0;1;30;90;42m..[0;30;42m......%[0m            
             [0;30;42m8[0;1;30;90;42m.::::S[0;1;30;90;47mX[0;37;5;47;107mS%%%%%%%[0;1;37;97;47m8X [0;1;30;90;47m8[0;1;37;97;47mXX[0;37;5;47;107m8%%%[0;1;30;90;47mS[0;31;43m8[0;33;5;40;100m [0;1;37;97;47m8[0;37;5;47;107mSSS8SSSSSSXXXXXX[0;1;30;90;47mX[0;1;30;90;42m%[0;30;42m....:8[0m             
              [0;32;40mt[0;30;42m%[0;1;30;90;42m.:[0;37;5;40;100mt[0;37;5;47;107m8SSSSSSSSSX88[0;1;37;97;47m t[0;37;5;40;100m@[0;1;30;90;47m;t:[0;37;5;47;107m@[0;1;30;90;47m8[0;31;43m8[0;1;30;90;47m:[0;1;37;97;47m@[0;1;30;90;47m.t@[0;33;5;40;100m:[0;1;37;97;47m. .S[0;37;5;47;107mXXXXXXX@@8[0;37;5;40;100m%[0;1;30;90;42m:[0;30;42m:%[0;32;40mt[0m              
                [0;32;40m@[0;1;37;97;47m [0;37;5;47;107mSSSSSSSSSSSSSSSSXSS[0;1;37;97;47m;[0;1;30;90;47m;[0;1;30;90;43m8[0;31;43m8[0;33;5;40;100m8[0;1;30;90;47mt[0;1;37;97;47m8[0;37;5;47;107mSS[0;1;37;97;47m8;X[0;37;5;47;107mXXXXXX@@@@@@@[0;1;37;97;47m [0;32;40m8[0m                
                  [0;37;5;40;100m8[0;37;5;47;107m@SSSSSSSSSSSSSSSSSSS[0;33;5;40;100mS[0;31;43m8[0;1;30;90;47m8[0;37;5;47;107mXXXXXXXXXX@@@@@@@@8[0;37;5;40;100m8[0m                  
                    [0;1;30;90;47m8[0;37;5;47;107m8XXXXXXXXXXXXXXXXX[0;1;30;90;43m8[0;33;41m8[0;33;5;40;100m.[0;37;5;47;107mXXXXXXX@@@@@@@@@8[0;1;30;90;47m8[0m                    
                      [0;37;5;40;100m@[0;1;37;97;47m8[0;37;5;47;107mXXXXXXXXXXXXXX8[0;31;43m8[0;33;41m8[0;33;5;40;100mS[0;37;5;47;107mXX@@@@@@@@@@@@[0;1;37;97;47m8[0;37;5;40;100m8[0m                      
                        [0;36;5;40;100m [0;1;37;97;47mS[0;37;5;47;107mXXXXX[0;1;37;97;47m8[0;37;5;47;107m@[0;1;37;97;47m8.S@;[0;33;5;40;100mX[0;33;41m888[0;37;5;40;100m8[0;1;37;97;47m [0;37;5;47;107m8@@@@[0;1;37;97;47m8[0;37;5;47;107m@@@@[0;1;37;97;47mS[0;36;5;40;100m [0m                        
                          [0;30;5;40;100mS[0;1;30;90;47m%[0;37;5;47;107m8@@[0;1;37;97;47m@[0;1;30;90;47m%[0;33;5;40;100m [0;1;30;90;47mX[0;33;5;40;100m ;@%[0;33;41m8[0;33;5;40;100m8[0;1;30;90;43mX[0;37;5;40;100m8[0;33;5;40;100m8;[0;1;30;90;47mXX;:[0;1;37;97;47m8[0;37;5;47;107m@8[0;1;30;90;47m;[0;36;5;40;100mt[0m                          
                             [0;36;5;40;100m [0;1;37;97;47m.[0;37;5;47;107m@@[0;1;37;97;47m8[0;1;30;90;47m.[0;1;37;97;47m.[0;33;5;40;100m;[0;1;37;97;47m88[0;33;5;40;100m8[0;1;30;90;47mX8XX[0;33;5;40;100m [0;1;37;97;47m:X[0;37;5;47;107m@@[0;1;37;97;47m:[0;36;5;40;100m [0m                             
                                [0;36;5;40;100m [0;1;37;97;47m;[0;37;5;47;107m@@[0;1;37;97;47mt[0;37;5;47;107m8[0;33;5;40;100m%[0;1;37;97;47m;[0;37;5;47;107m8[0;1;30;90;47m;.[0;1;37;97;47m.8[0;37;5;47;107m@[0;1;37;97;47mt[0;37;5;40;100mX[0m                                
                                   [0;36;5;40;100m [0;1;30;90;47m;[0;37;5;47;107m8[0;1;37;97;47m8X[0;37;5;47;107m@[0;1;37;97;47m%[0;37;5;47;107m8[0;1;30;90;47m.[0;36;5;40;100m [0m                                   
                                      [0;30;5;40;100mS[0;37;5;40;100m@@[0;36;5;40;100m%[0m                                      
