[0;1;30;90;43m................:::::::::::::::::::::::::::..::................    ...         [0;31;43m8[0m
[0;1;30;90;43m.[0;33;5;43;103mtttttt;;;;;;;;;[0;1;33;93;43mS[0;1;30;90;43m;[0;33;5;43;103m%;t[0;1;30;90;43mtt[0;1;33;93;43mX[0;33;5;43;103m;;;;;;;;;;;;;;;[0;1;33;93;43mX[0;1;30;90;43m;[0;33;5;43;103mX;t[0;1;30;90;43m::[0;1;33;93;43m%[0;33;5;43;103m;;;;;tttttttttt[0;1;33;93;43mX[0;1;30;90;43m.[0;1;33;93;43m@[0;33;5;43;103m%%[0;1;30;90;43m . [0;33;5;43;103m%SSSSSSSS[0;1;30;90;43m [0m
[0;1;30;90;43m.[0;33;5;43;103mtttt;;;;;;;;;[0;1;30;90;43mt[0;31;5;40;100mS[0;1;30;90;40m88[0;1;30;90;43m%tt%[0;1;33;93;43m%[0;33;5;43;103mt;;;;;;;;;;;;;[0;1;30;90;43mt[0;33;5;40;100m8[0;1;30;90;40m88[0;1;30;90;43mt;;t;[0;33;5;43;103m%;;;;;;;tttttt[0;1;30;90;43m.:[0;31;40mX%[0;1;30;90;43m:.[0;1;33;93;43m%[0;1;30;90;43m:.[0;33;5;43;103mX%%SSSSSSS[0;1;30;90;43m [0m
[0;1;30;90;43m:[0;33;5;43;103mtt;;;;;;;;;;;[0;1;30;90;43mt[0;33;5;40;100m8[0;31;40mt[0;1;30;90;43m%[0;1;33;93;43m8[0;1;30;90;43mt[0;1;33;93;43mX[0;33;5;43;103m%;;;;;;;;;;;;;;;[0;1;33;93;43mS[0;1;30;90;43mS[0;1;30;90;40mX[0;33;5;40;100m8[0;1;33;93;43m8[0;1;30;90;43mt[0;1;33;93;43mS[0;33;5;43;103m%;;;;;;;;;;ttttt[0;1;33;93;43mX[0;1;30;90;43m:[0;31;40mt8[0;1;33;93;43mS[0;1;30;90;43m..[0;33;5;43;103m@%%%%%SSSSSS[0;1;30;90;43m [0m
[0;1;30;90;43m:[0;33;5;43;103mt;;;;;;;;;S[0;1;30;90;43mtt[0;31;40m;[0;34;40m;[0;1;30;90;40m8[0;33;5;43;103m;;;;;;;;;;;;;;;;;t[0;1;30;90;43mSS[0;1;30;90;40mSS8[0;33;5;43;103mt;;;;;;;;;;;;;;;;t[0;1;30;90;43m::[0;31;40m:[0;34;40m.[0;31;40m.[0;33;5;43;103m@ttt%%%%%%%SSSSS[0;1;30;90;43m [0m
[0;1;30;90;43m:[0;33;5;43;103m;;;;;;;;;8[0;1;30;90;43mt[0;33;5;43;103m%[0;31;5;40;100mX[0;1;30;90;40mS%8[0;1;30;90;43mS[0;33;5;43;103mt;;;:::::::::::S[0;1;30;90;43mX[0;33;5;43;103m;[0;33;5;40;100m8[0;1;30;90;40m@S8[0;33;5;40;100m8[0;33;5;43;103mS;;;;;;;;;;;;;;%[0;1;30;90;43m;[0;33;5;43;103mS[0;1;30;90;43m;[0;31;40m;.:8[0;33;5;43;103m@ttt%%%%%%%SSSS[0;1;30;90;43m [0m
[0;1;30;90;43m:[0;33;5;43;103m;;;;;;;;;S;[0;1;30;90;43m%%S[0;30;5;40;100m@[0;1;30;90;40m@@[0;30;5;40;100m8[0;1;30;90;43mS[0;33;5;43;103mt::::::::::::%;[0;1;30;90;43mXXX[0;33;5;40;100m8[0;1;30;90;40m888[0;1;30;90;43mS[0;33;5;43;103mX;;;;;;;;;;;;%%[0;1;30;90;43m::;;[0;31;40m;;;[0;1;30;90;43m:[0;1;33;93;43mX[0;33;5;43;103mtt%%%%%%%SSS[0;1;30;90;43m.[0m
[0;1;30;90;43m:[0;33;5;43;103m;;;;;;;;;;[0;1;30;90;43m%[0;1;33;93;43mX[0;33;5;43;103m;;;[0;1;33;93;43m@[0;30;5;40;100m8[0;1;30;90;40mX8[0;33;5;40;100m8[0;33;5;43;103mX::::::::::::[0;1;33;93;43m8[0;1;30;90;43m@[0;33;5;43;103m:::[0;1;33;93;43m8[0;31;5;40;100mS[0;1;30;90;40mXX[0;33;5;40;100m8[0;33;5;43;103m8;;;;;;;;;;;;@[0;1;30;90;43m:[0;33;5;43;103m;tt[0;1;33;93;43m@[0;31;5;40;100mS[0;34;40m.[0;31;40m.S[0;1;33;93;43m%[0;33;5;43;103mtt%%%%%%SSS[0;1;30;90;43m.[0m
[0;1;30;90;43m:[0;33;5;43;103m;;;;;;;;;;[0;1;30;90;43m%[0;33;5;43;103m;;:::[0;31;5;40;100mS[0;1;30;90;40m8[0;30;5;40;100m8[0;1;30;90;43m@[0;33;5;43;103mt::::::::::::[0;1;30;90;43m8[0;33;5;43;103m;::::[0;33;5;40;100m8[0;1;30;90;40m88[0;1;30;90;43mX[0;33;5;43;103m%;;;;;;;;;;;;[0;1;30;90;43m:[0;33;5;43;103m%;;tt[0;1;30;90;43m;[0;31;40m;t[0;1;30;90;43m:[0;33;5;43;103mStt%%%%%%%SS[0;1;30;90;43m.[0m
[0;1;30;90;43m:[0;33;5;43;103m;;;;;;;;;;;;::;%[0;1;30;90;43m@@[0;1;33;93;43mX[0;1;30;90;43m88[0;33;5;43;103m:.[0;37;5;43;103m%%%%%%%%%%%[0;33;5;43;103m.:::t[0;1;30;90;43m@@[0;1;33;93;43m@[0;1;30;90;43mXX[0;33;5;43;103m;;;;;;;;;;;;;;;;tS[0;1;30;90;43m::[0;1;33;93;43m@[0;1;30;90;43m::[0;33;5;43;103mStt%%%%%%SS[0;1;30;90;43m.[0m
[0;1;30;90;43m:[0;33;5;43;103m;;;;;;;;;;;::[0;1;33;93;43mS[0;1;30;90;43m@[0;1;33;93;43m8[0;33;5;43;103mXt::[0;1;30;90;43m8[0;37;5;43;103m%SSSSSSSSSSSSS%[0;1;33;93;43m8[0;1;30;90;43m8[0;1;33;93;43m8[0;33;5;43;103mX%::[0;1;30;90;43mX[0;33;5;43;103m::;;;;;;;;;;;;;[0;1;33;93;43m@[0;1;30;90;43m:[0;1;33;93;43m%@[0;33;5;43;103m@tt[0;1;30;90;43m:[0;33;5;43;103mttt%%%%%%%S[0;1;30;90;43m.[0m
[0;1;30;90;43m%[0;33;5;43;103m88@@@@@@@@@XX[0;37;5;43;103m@@@@88[0;1;30;90;43m8[0;33;47m8[0;37;5;43;103m8888888888888888888@@[0;1;30;90;43m8[0;37;43mX[0;33;5;43;103mXX@@@@@@@@@888888[0;1;33;93;43m8888[0;1;30;90;43m@@[0;1;33;93;43m@@@@@@XXXXX[0;1;30;90;43mt[0m
[0;30;44m%[0;34;5;44;104m888888888888@@@@@@XXXXXXXXXXXXXXXXXXXXX@@@@@888888888888888888[0;1;34;94;44m8888888888888888[0;30;44m%[0m
[0;30;44m%[0;34;5;44;104m888888888888@@@@@XXXXXXX@8@XXXXXXXXXXXXX@@@@@8888888[0;1;34;94;44m@8[0;34;5;44;104m888888888[0;1;34;94;44m888888888888888[0;30;44m%[0m
[0;30;44m%[0;34;5;44;104m88888888888@@@@@XXXX[0;35;5;40;100m%[0;37;5;40;100m8[0;1;30;90;47mt[0;33;47m8[0;37;5;43;103m@@[0;33;47m8[0;36;5;44;104mXXXX[0;34;5;44;104mSXXXXXXXXX@@@@@88888[0;1;30;90;43m8[0;33;5;43;103mtX[0;1;33;93;43mS[0;1;30;90;43m8[0;35;5;40;100m.[0;1;30;90;44m@[0;1;34;94;44m8[0;34;5;44;104m8888[0;1;34;94;44m888888888888888[0;30;44m%[0m
[0;30;44m%[0;34;5;44;104m88888888888@@@@XX[0;35;5;40;100mt[0;1;30;90;47m8[0;37;5;43;103m8XXXX@X[0;1;30;90;47m8[0;36;5;44;104mXXXXXX[0;34;5;44;104mXXXXXXXX@@@@@88888[0;35;5;40;100m.[0;33;5;43;103m;X;;;;[0;1;33;93;43mX[0;33;5;40;100m;[0;1;30;90;44m8[0;1;34;94;44m8[0;34;5;44;104m8[0;1;34;94;44m888888888888888[0;30;44m%[0m
[0;30;44m%[0;34;5;44;104m88888888888@@@@[0;35;5;40;100m%[0;33;47m8[0;37;5;43;103mSSXXXX@@[0;1;33;93;47m8[0;35;5;44;104m8[0;36;5;44;104mXXXXXX[0;34;5;44;104mSXXXXXXXX@@@@88888[0;1;34;94;44m8[0;1;30;90;43m8[0;33;5;43;103mS[0;1;33;93;43mS[0;33;5;43;103m;;;;;t[0;1;30;90;43m8[0;1;30;90;44m8[0;1;34;94;44m888888888888888[0;30;44m%[0m
[0;30;44m%[0;34;5;44;104m8888888888@@@[0;1;34;94;44m8[0;33;5;40;100m [0;37;5;43;103mSSSSXXX@@@[0;35;5;40;100m [0;36;5;44;104mXXXXXXXX[0;34;5;44;104mXXXXXXXX@@@@888888[0;1;30;90;44m8[0;33;5;43;103mX%[0;1;33;93;43mS[0;33;5;43;103mX;;;;;t[0;33;5;40;100mX[0;1;34;94;44mS8888888888888[0;30;44m%[0m
[0;30;44m%[0;34;5;44;104m888888888888[0;35;5;40;100m.[0;33;5;43;103mX[0;37;5;43;103m%SSS[0;37;43mX[0;1;30;90;43m8[0;33;5;40;100mS[0;1;30;90;43m8[0;37;5;43;103m@@[0;33;47m8[0;36;5;40;100mt[0;36;5;44;104mXXXXXXX[0;34;5;44;104mSXXXXXXXX@@@@888888[0;1;34;94;44m@[0;1;30;90;43m%[0;33;5;43;103mXt[0;1;30;90;43mt[0;31;40m%[0;1;30;90;43mt:[0;33;5;43;103mt;;t8[0;35;5;40;100m%[0;1;34;94;44m888888888888[0;30;44m%[0m
[0;30;44m%[0;34;5;44;104m8888888888[0;1;34;94;44m@[0;1;30;90;43m8[0;33;5;43;103m::[0;37;5;43;103m%%[0;1;33;93;43m@[0;33;5;40;100m@[0;30;5;40;100m@[0;33;5;40;100mX[0;37;43mX[0;37;5;43;103mX@@X[0;35;5;40;100m%[0;36;5;44;104mXXXXXX[0;34;5;44;104mSXXXXXXXX@@@@@888888[0;1;34;94;44mS[0;33;5;43;103mS8[0;1;33;93;43m@[0;33;5;43;103m;[0;1;33;93;43m%[0;31;40mS[0;34;40m:[0;31;40mS[0;1;30;90;43m:[0;33;5;43;103m;ttt[0;1;30;90;43m8[0;1;34;94;44m%8888888888[0;30;44m%[0m
[0;30;44m%[0;34;5;44;104m888888888[0;1;30;90;44m8[0;1;33;93;43m@[0;33;5;43;103m::::[0;1;30;90;43m8[0;30;5;40;100m88[0;1;30;90;43m8[0;37;5;43;103mSX[0;33;5;43;103m@[0;37;5;43;103mXXX[0;35;5;40;100mt[0;34;5;44;104mSSSSSXXXXXXXXXX@@@@8888888[0;1;34;94;44m%[0;33;5;43;103m%;%[0;1;33;93;43mX[0;33;5;43;103mX%[0;1;30;90;43m;[0;31;40m::[0;1;30;90;43m:[0;33;5;43;103mtttt[0;1;33;93;43mX[0;1;30;90;44mX[0;1;34;94;44m888888888[0;30;44m%[0m
[0;30;44mS[0;34;5;44;104m88888888[0;34;5;40;100m@[0;33;5;43;103m@::::[0;1;33;93;43mS[0;30;5;40;100m8[0;33;5;40;100m8[0;33;5;43;103mX[0;37;5;43;103mS[0;33;5;43;103m@%[0;37;5;43;103mSXXX[0;37;5;40;100m8[0;34;5;44;104mXXXXXXXXXXXXXX@@@@@8888888[0;35;5;40;100mt[0;33;5;43;103m;;;;X[0;1;33;93;43mX[0;33;5;43;103mS8[0;1;30;90;43m;[0;31;40m;[0;1;30;90;43m:[0;33;5;43;103mtttt[0;1;33;93;43m@[0;1;30;90;44m@[0;1;34;94;44m88888888[0;30;44mS[0m
[0;30;44m8[0;34;5;44;104m8888888[0;35;5;40;100mS[0;33;5;43;103mS:::%@[0;1;30;90;43m8[0;33;5;43;103mt%@%[0;37;5;43;103mSSSSSX@[0;1;34;94;44m8[0;34;5;44;104mXXXXXXXXXXXX@@@@@8888888[0;1;34;94;44m@[0;1;33;93;43mX[0;33;5;43;103m;;;;;;@[0;1;33;93;43mX[0;33;5;43;103m@S[0;1;30;90;43m:[0;1;33;93;43m@[0;33;5;43;103m@tttX[0;34;5;40;100mX[0;1;34;94;44m8888888[0;30;44m8[0m
[0;34;40mX[0;34;5;44;104m888888[0;35;44m%[0;33;5;43;103mS;;88%%[0;1;30;90;43m8[0;33;5;40;100m [0;35;5;40;100m [0;37;5;40;100m8[0;37;43m8[0;33;5;43;103mX[0;37;5;43;103mSSSSSS[0;33;47m8[0;34;5;44;104m@XXXXXXXXX@@@@@@88888888[0;33;5;40;100mS[0;33;5;43;103m;;;;;;8[0;1;30;90;43m8[0;33;5;40;100m%.;[0;1;30;90;43m8[0;33;5;43;103mXX[0;1;33;93;43mXX[0;33;5;43;103m%tX[0;1;30;90;44m%[0;1;34;94;44m888888[0;34;40m@[0m
 [0;1;34;94;44m8[0;34;5;44;104m88888[0;1;30;90;44m8[0;33;5;43;103mS;;t[0;37;43mS[0;35;5;40;100m [0;1;34;94;44m@[0;34;5;44;104m8@@@@8[0;1;30;90;44m8[0;35;5;40;100m [0;37;43m8[0;33;5;43;103m;[0;37;5;43;103mSSS[0;37;43m8[0;34;5;44;104m8XXXXX@@@@@@@@8888888[0;1;34;94;44m8[0;33;5;40;100mS[0;33;5;43;103m;;;%[0;1;30;90;43m8[0;35;5;40;100m:[0;1;30;90;44mX[0;1;34;94;44m8[0;34;5;44;104m88[0;1;34;94;44m888S[0;35;5;40;100mt[0;1;30;90;43m@[0;33;5;43;103mSttX[0;1;30;90;44mX[0;1;34;94;44m888888[0m 
 [0;1;34;94;44m;[0;34;5;44;104m888888[0;1;34;94;44mS[0;35;5;40;100m;%[0;1;34;94;44mS[0;34;5;44;104m888888@@@@@@[0;35;44m@[0;37;5;40;100m@[0;33;5;43;103mX[0;37;5;43;103m%%[0;33;5;43;103m8[0;35;5;40;100m;[0;34;5;44;104m@@@@@@@@@@88888888[0;34;5;40;100m@[0;1;33;93;43mX[0;33;5;43;103m;;@[0;33;5;40;100m:[0;1;34;94;44m%[0;34;5;44;104m88888[0;1;34;94;44m8888888%[0;34;5;40;100m8[0;35;5;40;100mX[0;35;44m;[0;1;34;94;44m888888t[0m 
 [0;30;44mS[0;34;5;44;104m888888888888888888@@@@@@8[0;35;5;40;100m [0;33;5;43;103m@::[0;33;5;40;100m.[0;1;34;94;44m8[0;34;5;44;104m@@@@@888888888[0;1;34;94;44m@[0;33;5;40;100m;[0;33;5;43;103mt;@[0;35;5;40;100m.[0;1;34;94;44m@[0;34;5;44;104m8888888[0;1;34;94;44m88888888888888888[0;30;44m%[0m 
  [0;1;34;94;44m8[0;34;5;44;104m888888888888888888888@@@@[0;1;34;94;44m8[0;33;5;40;100m [0;33;5;43;103mt:X[0;35;5;40;100m [0;34;5;44;104m888888888888[0;35;5;40;100m%[0;1;33;93;43m8[0;33;5;43;103m;%[0;33;5;40;100mt[0;1;34;94;44mX[0;34;5;44;104m88888888[0;1;34;94;44m88888888888888888@[0;34;40m%[0m 
  [0;1;30;90;44m:[0;34;5;44;104m888888888888888888888888888[0;1;30;90;44m8[0;1;30;90;43m8[0;33;5;43;103m::[0;1;30;90;43m8[0;1;30;90;44m8[0;34;5;44;104m88888888[0;1;30;90;44m8[0;1;30;90;43m8[0;33;5;43;103m;;[0;1;30;90;43m8[0;1;30;90;44m8[0;34;5;44;104m888888888[0;1;34;94;44m888888888888888888.[0m  
  [0;34;40mS[0;1;34;94;44m8[0;34;5;44;104m8888888888888888888888888888[0;35;5;40;100m:[0;33;5;43;103m@:%[0;33;5;40;100m [0;1;34;94;44m8[0;34;5;44;104m8888[0;1;34;94;44m8[0;35;5;40;100m.[0;33;5;43;103mS;X[0;35;5;40;100m:[0;1;34;94;44m8[0;34;5;44;104m888888888[0;1;34;94;44m888888888888888888@[0;34;40mX[0m  
   [0;30;44m:[0;34;5;44;104m88888888888888888888888888888[0;1;34;94;44m@[0;33;5;40;100mt[0;33;5;43;103mt;[0;1;33;93;43mS[0;1;30;90;44m8[0;34;5;44;104m88[0;1;30;90;44m8[0;1;30;90;43m8[0;33;5;43;103m;t[0;1;30;90;43m8[0;1;34;94;44mS[0;34;5;44;104m888888888[0;1;34;94;44m88888888888888888888[0;30;44m.[0m   
    [0;1;34;94;44mX[0;34;5;44;104m888888888888888888888888888888[0;1;30;90;44m8[0;1;33;93;43mS[0;33;5;43;103m;t[0;33;5;40;100m:.[0;33;5;43;103m%;[0;1;33;93;43mX[0;34;5;40;100m8[0;34;5;44;104m8888888888[0;1;34;94;44m88888888888888888888S[0m    
    [0;34;40m8[0;1;34;94;44m8[0;34;5;44;104m888888888888888888888888888888[0;1;34;94;44m8[0;35;5;40;100m [0;1;33;93;43mX[0;33;5;43;103m8;%[0;33;5;40;100m:[0;1;34;94;44m@[0;34;5;44;104m888888888[0;1;34;94;44m888888888888888888888@[0;34;40m8[0m    
     [0;30;44m@[0;1;34;94;44m88[0;34;5;44;104m8888888888888888888888888888[0;1;34;94;44m@[0;33;5;40;100m%[0;33;5;43;103mt;[0;1;33;93;43mX@[0;1;30;90;43m8[0;1;34;94;44mX[0;34;5;44;104m8888888[0;1;34;94;44m8888888888888888888888@[0;30;44mX[0m     
      [0;30;44mt[0;1;34;94;44m888[0;34;5;44;104m8888888888888888888888888[0;34;5;40;100m@[0;1;33;93;43m@[0;33;5;43;103m;@[0;35;5;40;100mS[0;34;5;40;100mX[0;1;33;93;43m@[0;33;5;43;103m;[0;1;33;93;43m8[0;34;5;40;100m@[0;1;34;94;44m8[0;34;5;44;104m888[0;1;34;94;44m88888888888888888888888@[0;30;44m;[0m      
       [0;30;44m:[0;1;34;94;44m88888[0;34;5;44;104m88888888888888888888[0;1;34;94;44mS[0;1;30;90;43m8[0;33;5;43;103mtt[0;1;30;90;43m8[0;1;34;94;44mS[0;34;5;44;104m88[0;1;34;94;44mX[0;33;5;40;100mS[0;33;5;43;103m%t[0;1;30;90;43m8[0;1;34;94;44mt88888888888888888888888@@[0;30;44m.[0m       
        [0;30;44m;[0;1;34;94;44m88888888[0;34;5;44;104m88888888888888[0;1;34;94;44m8[0;35;5;40;100m%[0;33;5;43;103m@;[0;1;33;93;43mS[0;34;5;40;100m8[0;34;5;44;104m88888[0;1;34;94;44m8[0;1;30;90;44m8[0;1;30;90;43mS[0;33;5;43;103mtX[0;35;5;40;100m;[0;1;34;94;44m888888888888888888888@@[0;30;44m:[0m        
         [0;30;44mS[0;1;34;94;44m888888888888[0;34;5;44;104m88888888[0;1;34;94;44mt[0;1;30;90;43m8[0;33;5;43;103m;S[0;33;5;40;100m:[0;1;34;94;44m@[0;34;5;44;104m8[0;1;34;94;44m8888888@[0;35;5;40;100m:[0;33;5;43;103mXt[0;1;30;90;43m@[0;1;30;90;44mS[0;1;34;94;44m888888888888888888@@[0;30;44mS[0m         
          [0;34;40m8[0;1;34;94;44m@88888888888888888[0;35;5;40;100m:[0;33;5;43;103mXt[0;1;30;90;43m@[0;1;30;90;44mX[0;1;34;94;44m888888888888[0;35;44mt[0;1;30;90;43m8[0;33;5;43;103mt@[0;35;5;40;100m:[0;1;34;94;44m@88888888888888@@X[0;34;40m8[0m          
            [0;1;34;94;44m;88888888888888[0;1;30;90;44m@[0;1;30;90;43mX[0;33;5;43;103mt8[0;35;5;40;100m%[0;1;34;94;44m8888888888888888[0;34;5;40;100mX[0;1;33;93;43m@[0;33;5;43;103mt[0;1;30;90;43m%[0;1;30;90;44m8[0;1;34;94;44m88888888888@@@;[0m            
             [0;30;44m%[0;1;34;94;44m88888888888X[0;33;5;40;100mt[0;33;5;43;103mS%[0;1;30;90;43m8[0;1;34;94;44m%888888888888888888%[0;33;5;40;100m@[0;33;5;43;103mSS[0;33;5;40;100mX[0;1;34;94;44mS8888888@@@@[0;30;44m%[0m             
              [0;34;40mS[0;1;34;94;44m;88888888[0;34;5;40;100m@[0;1;33;93;43mS[0;33;5;43;103mt[0;1;33;93;43mS[0;34;5;40;100m8[0;1;34;94;44m8888888888888888888888[0;1;30;90;44m8[0;1;30;90;43mt[0;33;5;43;103m%[0;1;33;93;43mS[0;34;5;40;100mX[0;1;34;94;44m@888@@@@;[0;34;40mS[0m              
                [0;30;44m8[0;1;34;94;44mS88888[0;35;5;40;100mS[0;33;5;43;103m%S[0;33;5;40;100m%[0;1;34;94;44mX888888888888888888888888X[0;33;5;40;100m;[0;33;5;43;103m@S[0;33;5;40;100mS[0;1;34;94;44m@@@@@S[0;30;44m8[0m                
                  [0;30;44m%[0;1;34;94;44m@8888[0;34;5;40;100m@[0;1;30;90;44mS[0;1;34;94;44m8888888888888888888888888888[0;1;30;90;44m%[0;34;5;40;100mX[0;1;34;94;44mX@@@@[0;30;44mt[0m                  
                    [0;30;44mt[0;1;34;94;44m@888888888888888888888888888888@@@@@@X[0;30;44mt[0m                    
                      [0;30;44m%[0;1;34;94;44mX888888888888888888888888@@@@@@@@X[0;30;44m%[0m                      
                        [0;30;44m@[0;1;34;94;44m%88888888888888888@@@@@@@@@@@%[0;30;44m@[0m                        
                          [0;34;40m@[0;30;44m.[0;1;34;94;44m@888@@@@@@@@@@@@@@@@@@@@[0;30;44m [0;34;40m8[0m                          
                             [0;30;44m@[0;1;34;94;44m:@@@@@@@@@@@@@@@@@@:[0;30;44m@[0m                             
                                [0;30;44mX[0;1;34;94;44m;@@@@@@@@@@@@t[0;30;44mS[0m                                
                                   [0;30;44m@[0;1;34;94;44m X@@@@@.[0;30;44m@[0m                                   
                                      [0;34;40m@[0;30;44mS%[0;34;40m@[0m                                      
