[0;33;5;40;100m8[0;37;43m88[0;33;47m88888888888888888888888888888888888888888888888888888[0;37;43m8888888888[0;1;30;90;43m8888888888888[0;33;5;40;100m8[0m
[0;33;5;40;100mX[0;1;33;93;47mXXXXXXXXXXXXXXXXXXXXXXXXXXSSSSSXXXXXXXXXXXXXXXXXXXXXXXXXX@@@@@@@@@@@@@@@@@@@@@[0;33;5;40;100m@[0m
[0;33;5;40;100mX[0;1;33;93;47mXXXXXXXXXXXXXXXXXXXSSSSSSSSSSSSSSSSSSSXXXXXXXXXXXXXXXXXXXXX@@@@@@@@@@@@@@@@@@@[0;33;5;40;100m@[0m
[0;33;5;40;100mX[0;1;33;93;47mXXXXXXXXXXXXXXXSSSSSSSSSSSSSSSSSSSSSSSSSSSXXXXXXXXXXXXXXXXXX@@@@@@@@@@@@@@@@@@[0;33;5;40;100m@[0m
[0;33;5;40;100mX[0;1;33;93;47mXXXXXXXXXXXXXSSSSSSSSSSSSSSSSSSSSSSSSSSSSSSSXXXXXXXXXXXXXXXXX@@@@@@@@@@@@@@@@@[0;33;5;40;100m@[0m
[0;33;5;40;100mX[0;1;33;93;47mXXXXXXX[0;33;47m8@@@XXX8[0;1;30;90;47m t[0;33;47mXXXXXX@[0;1;37;97;47m888888[0;1;33;93;47mX[0;33;47mXXXXXX@[0;1;30;90;47m:.[0;33;47m@XXXXX@@[0;1;33;93;47mXXXXXX[0;33;47m8@@@@@88[0;1;30;90;47m;X[0;33;47m8888888[0;1;33;93;47m@@@@@@@[0;33;5;40;100m@[0m
[0;33;5;40;100mX[0;1;33;93;47mXXXXXXX[0;33;47m@[0;1;37;97;47m:[0;37;5;47;107mttt@[0;1;30;90;47m.[0;37;5;47;107m8;X[0;1;30;90;47m.[0;37;5;47;107mX;;;[0;1;37;97;47m:[0;1;33;93;47mX[0;1;37;97;47m8888888[0;1;30;90;47m;[0;37;5;47;107m@;;;[0;1;37;97;47mS;[0;37;5;47;107m;;[0;1;37;97;47mS:[0;37;5;47;107m;;;@[0;1;30;90;47mS[0;1;33;93;47mXXXXXXX[0;33;47m@[0;1;30;90;47m;[0;37;5;47;107mtt%X[0;1;30;90;47m;[0;1;37;97;47mX[0;37;5;47;107m%@[0;1;30;90;47mt[0;1;37;97;47mX[0;37;5;47;107mSSS[0;1;37;97;47m [0;33;47m8[0;1;33;93;47m@@@@@@@[0;33;5;40;100m@[0m
[0;33;5;40;100mX[0;1;33;93;47mXXXXXXXSX[0;1;30;90;47mt[0;37;5;47;107m%[0;1;37;97;47m8.[0;37;5;47;107m;;;;;[0;1;37;97;47m.[0;37;5;47;107m8t[0;1;30;90;47m;[0;1;33;93;47mS[0;1;37;97;47m888888888[0;1;30;90;47m [0;1;37;97;47m@[0;37;5;47;107m:[0;1;37;97;47m:[0;37;5;47;107m8;;;;X[0;1;30;90;47m:[0;37;5;47;107m;[0;1;37;97;47mX[0;1;30;90;47m;[0;1;33;93;47mSSSXXXXXXX[0;1;30;90;47mX[0;37;5;47;107mX8[0;1;30;90;47m%[0;37;5;47;107mS%%%%[0;1;37;97;47m.;[0;37;5;47;107mX[0;1;30;90;47mS[0;33;47m8[0;1;33;93;47m@@@@@@@@[0;33;5;40;100m@[0m
[0;33;5;40;100mX[0;1;33;93;47mXXXXXXSSSS[0;1;30;90;47m@ [0;37;5;47;107m;;;;;::[0;1;30;90;47m.%[0;1;37;97;47m888888888888[0;1;33;93;47mS[0;1;30;90;47m@[0;37;5;47;107m@::::;;X[0;1;30;90;47m8[0;33;47mX[0;1;33;93;47mSSSSSSXXXXXX[0;1;30;90;47m@%[0;37;5;47;107mt%%%%%%[0;1;30;90;47m [0;33;5;40;100m [0;1;33;93;47m@@@@@@@@@@[0;33;5;40;100m@[0m
[0;33;5;40;100mX[0;1;33;93;47mXXXXXSX[0;1;30;90;47m [0;1;37;97;47m:tS[0;37;5;47;107m%X%;::%S%[0;1;37;97;47mXS%[0;1;30;90;47m [0;1;37;97;47m@88888[0;1;33;93;47mS[0;1;37;97;47mtSX[0;37;5;47;107m@%S:::;XX8[0;1;37;97;47m%t[0;1;30;90;47m [0;33;47mX[0;1;33;93;47mSSSSXX[0;1;30;90;47m: [0;1;37;97;47m:;[0;37;5;47;107mX8X%%%@88[0;1;37;97;47m;.[0;1;30;90;47m.;[0;33;47m8[0;1;33;93;47m@@@@@@[0;33;5;40;100mX[0m
[0;33;5;40;100mX[0;1;33;93;47mXXXXS[0;1;30;90;47mt[0;1;37;97;47m@[0;37;5;47;107m;;[0;1;37;97;47mX.[0;37;5;47;107mX;%SSS;:%[0;1;37;97;47m;S[0;37;5;47;107m..[0;1;37;97;47m8[0;1;30;90;47m [0;1;37;97;47m888.[0;37;5;47;107m;.;[0;1;37;97;47mtX[0;37;5;47;107m.:%SSS;:[0;1;37;97;47mX[0;1;30;90;47m [0;37;5;47;107m8;%[0;1;30;90;47m:[0;1;33;93;47mXSS[0;1;30;90;47m;[0;1;37;97;47m%[0;37;5;47;107mtt[0;1;37;97;47m@[0;1;30;90;47m.[0;37;5;47;107m8tS888X%X[0;1;30;90;47m::[0;37;5;47;107mXS[0;1;37;97;47mS[0;37;5;40;100m8[0;1;33;93;47m@@@@@[0;33;5;40;100mX[0m
[0;33;5;40;100mX[0;1;33;93;47mXXXSS[0;1;30;90;47mS[0;37;5;47;107m;8[0;1;30;90;47m:[0;1;37;97;47mS[0;37;5;47;107m%%[0;1;30;90;47m;[0;37;5;47;107m;:[0;1;37;97;47mX[0;37;5;47;107m:;[0;1;30;90;47m.[0;37;5;47;107m.;8[0;1;37;97;47m.[0;37;5;47;107mX [0;1;30;90;47m.[0;1;37;97;47m88[0;1;30;90;47m:[0;37;5;47;107m; [0;1;37;97;47m@:[0;37;5;47;107mS.[0;1;37;97;47m@@[0;37;5;47;107m.X@:[0;1;37;97;47mXX[0;37;5;47;107m:@[0;1;37;97;47m;[0;1;30;90;47m.[0;37;5;47;107mtS[0;37;5;40;100m8[0;1;33;93;47mSS[0;1;30;90;47mX[0;37;5;47;107mtX[0;1;30;90;47m;[0;1;37;97;47m:[0;37;5;47;107mX%[0;1;30;90;47m@[0;37;5;47;107mXt[0;1;37;97;47m;[0;37;5;47;107m%%[0;1;30;90;47mX[0;37;5;47;107mXX[0;1;37;97;47mS[0;1;30;90;47mS[0;1;37;97;47m;[0;37;5;47;107mS[0;1;30;90;47mX[0;1;33;93;47m@@@@@[0;33;5;40;100mX[0m
[0;33;5;40;100mX[0;1;33;93;47mXXXSSX[0;1;30;90;47mS[0;1;37;97;47m;[0;37;5;47;107m;;S[0;1;30;90;47mX[0;37;5;47;107m@t:[0;1;30;90;47m:[0;37;5;47;107m.t8[0;1;30;90;47m:[0;37;5;47;107m;  [0;1;37;97;47mt[0;1;30;90;47m [0;1;37;97;47m@888;[0;1;30;90;47m:[0;37;5;47;107mS .[0;1;37;97;47mX;[0;37;5;47;107m%.[0;1;37;97;47m8@[0;37;5;47;107m:S[0;1;30;90;47m.[0;1;37;97;47mX[0;37;5;47;107m;;%[0;1;30;90;47m@.[0;1;33;93;47mSSSX[0;1;30;90;47m%;[0;37;5;47;107mttX[0;1;30;90;47m8[0;1;37;97;47m8[0;37;5;47;107mXt[0;1;30;90;47mX[0;37;5;47;107m%X[0;1;37;97;47m8[0;37;5;40;100m8[0;37;5;47;107m8SS[0;1;37;97;47mt[0;37;5;40;100m8[0;33;47m8[0;1;33;93;47m@@@@@[0;33;5;40;100mX[0m
[0;33;5;40;100mX[0;1;33;93;47mXXSSSS[0;1;30;90;47mX[0;37;5;47;107mt;;[0;1;30;90;47m.[0;37;5;47;107mS:tS[0;1;30;90;47m%[0;37;5;47;107m%:.8[0;1;37;97;47mX[0;37;5;47;107m  t[0;1;30;90;47m [0;1;37;97;47m88888[0;1;30;90;47m [0;37;5;47;107m  ;[0;1;37;97;47m.[0;37;5;47;107m  t[0;1;37;97;47mS%[0;37;5;47;107m%::[0;1;30;90;47m;[0;37;5;47;107mt:;[0;1;30;90;47mt[0;1;37;97;47m8[0;1;33;93;47mSSSS[0;33;47m8[0;37;5;47;107m8tt[0;1;37;97;47m 8[0;37;5;47;107mtS8[0;1;30;90;47m8[0;37;5;47;107m8X%[0;1;37;97;47m8[0;1;30;90;47m;[0;37;5;47;107m%SS[0;33;5;40;100m.[0;1;33;93;47m@@@@@@[0;33;5;40;100mX[0m
[0;33;5;40;100mX[0;1;33;93;47mXXSSSSS[0;1;30;90;47m:[0;1;37;97;47mt; [0;37;5;47;107m:::.[0;1;30;90;47m;[0;37;5;47;107m..  [0;1;37;97;47m:@@:888888XS8[0;1;30;90;47m;[0;37;5;47;107m.   [0;1;37;97;47m8@[0;37;5;47;107m..:t[0;1;30;90;47mS[0;1;37;97;47m%:[0;33;47mX[0;1;37;97;47m8[0;1;33;93;47mSSSSX[0;1;30;90;47mt[0;1;37;97;47m:;[0;1;30;90;47m%[0;37;5;47;107mtttt[0;1;30;90;47m8[0;37;5;47;107m%%%%[0;1;30;90;47m:. S[0;1;33;93;47m@@@@@@@[0;33;5;40;100mX[0m
[0;33;5;40;100mX[0;1;33;93;47mXXSSSSS[0;1;37;97;47m888[0;1;30;90;47mt[0;37;5;47;107m@:::[0;1;30;90;47m@[0;37;5;47;107m:  S[0;1;30;90;47m [0;1;37;97;47m88888[0;37;5;47;107mSSSSS[0;1;37;97;47m88X%[0;37;5;47;107m.  [0;1;37;97;47mSt[0;37;5;47;107m..:[0;1;37;97;47m;[0;1;33;93;47mS[0;1;37;97;47m88888[0;1;33;93;47mSSSSSXX[0;1;30;90;47mS[0;1;37;97;47m8[0;37;5;47;107mtt%[0;37;5;40;100mX[0;37;5;47;107mS%%8[0;1;30;90;47m@[0;1;33;93;47mX@@@@@@@@@[0;33;5;40;100mX[0m
[0;33;5;40;100mX[0;1;33;93;47mXXSSSSS[0;1;37;97;47m8888[0;1;33;93;47mS[0;1;37;97;47m;;[0;1;33;93;47mS[0;1;37;97;47m8[0;1;33;93;47m%[0;1;37;97;47m%%X88888[0;37;5;47;107mSSSSSSS[0;1;37;97;47m888%S%@@t%[0;1;30;90;47m [0;1;37;97;47m8888888[0;1;33;93;47mSSSSSXXX[0;33;47m@[0;1;30;90;47m. [0;33;47m@[0;1;33;93;47m@[0;33;47m8[0;1;30;90;47m..[0;33;47m8[0;1;33;93;47mX@@@@@@@@@@[0;33;5;40;100mX[0m
[0;33;5;40;100mX[0;1;33;93;47mXXSSSSS[0;1;37;97;47m888888888888888888[0;37;5;47;107mSSSSSSS[0;1;37;97;47m888888888888888888[0;1;33;93;47mSSSSSXXXXXXXXXXXXX@@@@@@@@@@[0;33;5;40;100mX[0m
[0;33;5;40;100mX[0;1;33;93;47mXXSSSSS[0;1;37;97;47m888888888888888888[0;37;5;47;107mSSSSSSS[0;1;37;97;47m888888888888888888[0;1;33;93;47mSSSSSXXXXXXXXXXXXX@@@@@@@@@@[0;33;5;40;100mX[0m
[0;33;5;40;100mX[0;1;33;93;47mXXSSSSS[0;1;37;97;47m888888888888[0;1;30;90;47m [0;1;37;97;47m%%%SS%;S;SSSSS%t888888[0;33;47mS%%SSSS@[0;1;30;90;47m :[0;33;47m@XXXXX8[0;1;33;93;47m@XXXXXXX@@@@@@@@@@@[0;33;5;40;100mX[0m
[0;33;5;40;100mX[0;1;33;93;47mXXSSSSSS[0;1;37;97;47m88888888888[0;1;30;90;47m [0;37;5;47;107m8   @[0;1;37;97;47mt[0;37;5;47;107m: X[0;1;37;97;47m;[0;37;5;47;107m:  .[0;1;37;97;47m.88888888[0;1;30;90;47m:[0;37;5;47;107m;:;;[0;1;37;97;47m.S[0;37;5;47;107m;t[0;1;37;97;47m.S[0;37;5;47;107mttt[0;1;37;97;47m@[0;1;30;90;47m%[0;1;33;93;47mXXXXXXXX@@@@@@@@@@@[0;33;5;40;100mX[0m
[0;33;5;40;100mX[0;1;33;93;47mXXXSSSSS[0;1;37;97;47m888888888888SS[0;37;5;47;107m [0;1;37;97;47m88[0;37;5;47;107m    .[0;1;37;97;47m:[0;37;5;47;107m;%[0;1;30;90;47m [0;1;37;97;47m8888888888[0;1;30;90;47m;[0;37;5;47;107m8t[0;1;30;90;47m:[0;37;5;47;107mS;;;t[0;1;37;97;47mX.[0;37;5;47;107mt[0;1;37;97;47m:[0;33;47m@[0;1;33;93;47mXXXXXXXXX@@@@@@@@@@@[0;33;5;40;100m@[0m
[0;33;5;40;100m8[0;1;33;93;47mXXXSSSSSS[0;1;37;97;47m8888888888888[0;1;30;90;47mt[0;37;5;47;107m8      .[0;1;30;90;47m: [0;1;37;97;47m888888888888[0;33;47mX[0;1;30;90;47mX[0;37;5;47;107m%;;;ttt[0;1;37;97;47m@[0;37;5;40;100m8[0;1;33;93;47m@XXXXXXXXXX@@@@@@@@@@@[0;33;5;40;100m8[0m
[0;30;5;40;100m8[0;1;33;93;47mXXXXSSSSSS[0;1;37;97;47m88888888[0;1;33;93;47mS[0;1;37;97;47m;%X[0;37;5;47;107m8t%.   t%%[0;1;37;97;47m@X%[0;1;30;90;47m [0;1;37;97;47m888888[0;1;30;90;47m [0;1;37;97;47m:t%[0;37;5;47;107mX@S;;t%8@[0;1;37;97;47m@;[0;1;30;90;47m :[0;33;47m8[0;1;33;93;47mXXXXXX@@@@@@@@@@@@[0;31;5;40;100m@[0m
 [0;1;33;93;47mXXXXSSSSSSS[0;1;37;97;47m888888[0;1;30;90;47m;[0;37;5;47;107mX::[0;1;37;97;47mX%[0;37;5;47;107m:.t%%%:.@[0;1;37;97;47m;[0;37;5;47;107m8.:[0;1;37;97;47m%[0;1;33;93;47mS[0;1;37;97;47m88[0;1;33;93;47mX[0;1;37;97;47m:[0;37;5;47;107m;;X[0;1;37;97;47m.@[0;37;5;47;107m;%@@@Xtt[0;1;37;97;47m:[0;1;30;90;47m:[0;37;5;47;107mXt8[0;1;30;90;47mX[0;1;33;93;47mXXXXX@@@@@@@@@@@@[0m 
 [0;33;47m8[0;1;33;93;47mXXXXSSSSSSS[0;1;37;97;47m8888[0;1;33;93;47mX[0;1;37;97;47mS[0;37;5;47;107m:[0;1;37;97;47m8.8[0;37;5;47;107m:8[0;1;37;97;47m;[0;37;5;47;107m..[0;1;37;97;47m@[0;37;5;47;107m.X[0;1;37;97;47m:[0;37;5;47;107m.%[0;1;37;97;47mX [0;37;5;47;107mS:[0;1;30;90;47m%[0;1;37;97;47m88[0;1;30;90;47mS[0;37;5;47;107m;t[0;1;37;97;47m. [0;37;5;47;107mX;[0;1;30;90;47m.[0;37;5;47;107m8t[0;1;37;97;47mS[0;37;5;47;107m%t[0;1;30;90;47m:[0;37;5;47;107m8%[0;1;37;97;47m8[0;1;30;90;47m;[0;1;37;97;47m.[0;37;5;47;107mt[0;1;37;97;47mS[0;33;47m8[0;1;33;93;47mXXX@@@@@@@@@@@@[0;33;47m8[0m 
 [0;33;5;40;100m@[0;1;33;93;47mXXXXXSSSSSSS[0;1;37;97;47m8888[0;33;47mX[0;1;30;90;47mS[0;1;37;97;47m8[0;37;5;47;107m::8[0;1;30;90;47mt[0;37;5;47;107mS;:[0;1;30;90;47m:[0;37;5;47;107m:%[0;1;37;97;47m%:[0;37;5;47;107m;::[0;1;30;90;47mt:[0;1;33;93;47mS[0;1;37;97;47m88[0;1;33;93;47mS[0;1;30;90;47m:S[0;37;5;47;107m%;%[0;1;30;90;47m;[0;1;37;97;47m%[0;37;5;47;107mXt[0;1;30;90;47m;[0;37;5;47;107mS%8[0;37;5;40;100m8[0;1;37;97;47m8[0;37;5;47;107mtt[0;1;37;97;47m8[0;37;5;40;100m@[0;33;47m8[0;1;33;93;47mXXXX@@@@@@@@@@@@[0;33;5;40;100m@[0m 
  [0;1;33;93;47mXXXXXXXSSSSSSS[0;1;37;97;47m888[0;1;30;90;47m%[0;37;5;47;107m;;:[0;1;30;90;47mt[0;37;5;47;107m;:SS[0;1;30;90;47mS[0;37;5;47;107mS;:[0;1;37;97;47m:[0;37;5;47;107m@::[0;1;37;97;47mS[0;1;33;93;47mX[0;1;37;97;47m8888[0;1;33;93;47mX[0;1;37;97;47m.[0;37;5;47;107m;;[0;1;37;97;47m8.[0;37;5;47;107mt%@[0;1;30;90;47mX[0;1;37;97;47m8[0;37;5;47;107mXt%[0;1;30;90;47mX[0;37;5;47;107mttt[0;37;5;40;100m8[0;1;33;93;47mXXXX@@@@@@@@@@@@@[0;31;40mS[0m 
  [0;1;30;90;43m8[0;1;33;93;47mXXXXXXXSSSSSSSSSX[0;1;30;90;47m [0;1;37;97;47mt[0;1;30;90;47mt[0;1;37;97;47m8[0;37;5;47;107m;;;;[0;1;30;90;47m%[0;37;5;47;107m;;;;[0;1;30;90;47m%[0;1;37;97;47m%;[0;1;30;90;47m:[0;1;37;97;47m888[0;1;33;93;47mSSS[0;1;30;90;47m:[0;1;37;97;47m:t[0;1;30;90;47m@[0;37;5;47;107mtttt[0;1;30;90;47m%[0;37;5;47;107mXttt[0;1;37;97;47m8[0;1;30;90;47mS[0;1;37;97;47m:[0;1;30;90;47m:[0;33;47m8[0;1;33;93;47mXXX@@@@@@@@@@@@@[0;37;43m8[0m  
  [0;1;30;90;40m8[0;1;33;93;47mXXXXXXXXXSSSSSSSSSSX[0;1;30;90;47mt[0;37;5;47;107m%;;%[0;1;30;90;47m8[0;37;5;47;107m;;;[0;1;37;97;47mX[0;1;30;90;47m:[0;1;37;97;47m88[0;1;33;93;47mSSSSSSSSSS[0;33;47m@[0;1;37;97;47mt[0;37;5;47;107mttt[0;1;30;90;47m@[0;1;37;97;47m8[0;37;5;47;107mtt%[0;1;30;90;47mt[0;1;33;93;47m@XXXXX@@@@@@@@@@@@@@[0;1;30;90;40m8[0m  
   [0;33;5;40;100mt[0;1;33;93;47mXXXXXXXXXXSSSSSSSSSS[0;33;47mX[0;1;30;90;47m  [0;33;47mX[0;1;33;93;47mX[0;1;30;90;47m   [0;1;33;93;47mXSSSSSSSSSSSSXX@[0;1;30;90;47m. [0;33;47mX[0;1;33;93;47m@[0;33;47m8[0;1;30;90;47m. [0;33;47m@[0;1;33;93;47mXXXXXX@@@@@@@@@@@@@@[0;1;30;90;43m8[0m   
    [0;1;33;93;47m@XXXXXXXXXXXXSSSSSSSSSSSSSSSSSSSSSSSSSXXXXXXXXXXXXXXXXXXX@@@@@@@@@@@@@@8[0m    
    [0;31;5;40;100mX[0;1;33;93;47mXXXXXXXXXXXXXXXXSSSSSSSSSSSSSSSSSXXXXXXXXXXXXXXXXXXXXX@@@@@@@@@@@@@@@@[0;31;5;40;100mX[0m    
     [0;33;5;40;100m@[0;1;33;93;47mXXXXXXXXXXXXXXXXXXXXXXXXX@[0;33;47m@@@@@@8[0;1;30;90;47m;:[0;33;47m8@@@@@@8[0;1;33;93;47mXXXXXXXXX@@@@@@@@@@@@@@@@[0;33;5;40;100m8[0m     
      [0;33;5;40;100mS[0;1;33;93;47mXXXXXXXXXXXXXXXXXXXXXXXXX[0;1;30;90;47mX[0;37;5;47;107m8ttt[0;1;37;97;47m% [0;37;5;47;107mtt[0;1;37;97;47mt [0;37;5;47;107mttt@[0;1;30;90;47m@[0;1;33;93;47mXXXXXXXX@@@@@@@@@@@@@@@@@[0;1;30;90;43m8[0m      
       [0;1;30;90;43m8[0;1;33;93;47mXXXXXXXXXXXXXXXXXXXXXXXXX[0;1;30;90;47mt[0;1;37;97;47mS[0;37;5;47;107mt[0;1;30;90;47m [0;1;37;97;47m@[0;37;5;47;107mtttt8[0;1;30;90;47mt[0;37;5;47;107mt[0;1;37;97;47mX[0;1;30;90;47mS[0;1;33;93;47mXXXXXXX@@@@@@@@@@@@@@@@@@[0;1;30;90;43m8[0m       
        [0;33;5;40;100m%[0;1;33;93;47mXXXXXXXXXXXXXXXXXXXXXXXXX[0;33;47m8[0;37;5;40;100m8[0;1;37;97;47m8[0;37;5;47;107mtttttt8[0;37;5;40;100m8[0;33;47m8[0;1;33;93;47mXXXXX@@@@@@@@@@@@@@@@@@@@[0;1;30;90;43m8[0m        
         [0;33;5;40;100mX[0;1;33;93;47m@XXXXXXXXXXXXXXXXXXXX[0;33;47m8[0;1;30;90;47m: [0;1;37;97;47m:8[0;37;5;47;107m8@%%%%88[0;1;37;97;47m8:[0;1;30;90;47m :[0;33;47m8[0;1;33;93;47m@@@@@@@@@@@@@@@@@@@@@[0;33;5;40;100m@[0m         
          [0;31;5;40;100mS[0;1;33;93;47m@@XXXXXXXXXXXXXXXX@[0;1;30;90;47mS[0;37;5;47;107m8%S[0;1;30;90;47m.[0;1;37;97;47m:[0;37;5;47;107m%S8888S%[0;1;37;97;47m;[0;1;30;90;47mt[0;1;37;97;47m8[0;37;5;47;107m%@[0;1;30;90;47mS[0;1;33;93;47m8@@@@@@@@@@@@@@@@@8[0;33;5;40;100m8[0m          
            [0;33;47m8[0;1;33;93;47m@@@@@XXXXXXXXXXX[0;33;5;40;100m:[0;37;5;47;107m@%[0;1;37;97;47m:[0;1;30;90;47mt[0;1;37;97;47m8[0;37;5;47;107m%[0;1;37;97;47m;;[0;37;5;47;107m%[0;1;37;97;47m88[0;37;5;47;107m%[0;1;37;97;47m;t[0;37;5;47;107m%[0;1;37;97;47m8[0;1;30;90;47m:t[0;37;5;47;107mX@[0;33;5;40;100m;[0;1;33;93;47m@@@@@@@@@@@@@@@@[0;33;47m8[0m            
             [0;33;5;40;100m@[0;1;33;93;47m@@@@@@@@@@@@@@@@[0;1;30;90;47m%[0;37;5;40;100m8[0;1;37;97;47m8[0;37;5;47;107m%S[0;1;37;97;47m.[0;1;30;90;47m%[0;37;5;47;107m8%[0;1;37;97;47mt;[0;37;5;47;107mS8[0;1;30;90;47mX[0;1;37;97;47m;[0;37;5;47;107mSS@[0;37;5;40;100m@[0;1;30;90;47m%[0;1;33;93;47m@@@@@@@@@@@@@@@@[0;33;5;40;100mX[0m             
              [0;1;30;90;40m8[0;33;47m8[0;1;33;93;47m@@@@@@@@@@@@@@@[0;1;30;90;47m@[0;37;5;47;107mSS@[0;1;30;90;47m@[0;37;5;47;107mSX8[0;1;30;90;47m .[0;37;5;47;107m8XS[0;1;30;90;47m8[0;37;5;47;107mXSS[0;1;30;90;47m@[0;1;33;93;47m@@@@@@@@@@@@@@@[0;33;47m8[0;1;30;90;40m8[0m              
                [0;33;5;40;100m8[0;1;33;93;47m8@@@@@@@@@@@@@[0;33;47m8[0;1;30;90;47m:[0;1;37;97;47m:[0;37;5;40;100m8[0;37;5;47;107mXSSS[0;1;37;97;47m:.[0;37;5;47;107mSSS8[0;37;5;40;100m8[0;1;37;97;47m.[0;1;30;90;47m:[0;33;47m8[0;1;33;93;47m@@@@@@@@@@@@@[0;33;47m8[0;33;5;40;100m8[0m                
                  [0;33;5;40;100mX[0;1;33;93;47m@@@@@@@@@@@@@@@[0;33;47m8[0;1;30;90;47mt[0;37;5;47;107mXSS[0;1;30;90;47m.:[0;37;5;47;107mXXX[0;1;30;90;47m;[0;33;47m8[0;1;33;93;47m@@@@@@@@@@@@@@@[0;33;5;40;100mX[0m                  
                    [0;33;5;40;100mS[0;1;33;93;47m@@@@@@@@@@@@@@@[0;1;30;90;47mt:;[0;33;47m88[0;1;30;90;47mt:%[0;1;33;93;47m8@@@@@@@@@@@@@8[0;33;5;40;100mS[0m                    
                      [0;33;5;40;100m@[0;1;33;93;47m8@@@@@@@@@@@@@@@@@@@@@@@@@@@@@@@@8[0;33;5;40;100mX[0m                      
                        [0;33;5;40;100m8[0;33;47m8[0;1;33;93;47m@@@@@@@@@@@@@@@@@@@@@@@@@@@@[0;33;47m8[0;33;5;40;100m8[0m                        
                          [0;30;5;40;100m@[0;1;30;90;43m8[0;1;33;93;47m@@@@@@@@@@@@@@@@@@@@@@@@[0;1;30;90;43m8[0;31;5;40;100mX[0m                          
                             [0;33;5;40;100m8[0;33;47m8[0;1;33;93;47m@@@@@@@@@@@@@@@@@@[0;33;47m8[0;33;5;40;100m8[0m                             
                                [0;33;5;40;100m8[0;33;47m8[0;1;33;93;47m@@@@@@@@@@@@[0;33;47m8[0;33;5;40;100m@[0m                                
                                   [0;33;5;40;100m8[0;1;30;90;43m8[0;1;33;93;47m8@@@@8[0;37;43m8[0;33;5;40;100m8[0m                                   
                                      [0;30;5;40;100m@[0;33;5;40;100m@@[0;31;5;40;100m@[0m                                      
