[0;1;30;90;43m.[0;1;33;93;43mSXXXXXXXXXXXXXXXXXXXXXXXXXXXXXXXXXXXXXXXXXXXXXXXXXXXXXXXSSSSSSSSSSSSS%%%[0;1;30;90;43m       [0m
[0;1;30;90;43m.[0;33;5;43;103m;;;;;;;;;;;;;;;;;;;;;;;;;;;:::;;;;;;;;;;;;;;;;;;;;;;;;;;;ttttttttt%%%%%%%%SSSS[0;1;30;90;43m [0m
[0;1;30;90;43m.[0;33;5;43;103m;;;;;;;;;;;;;;;;;;;;:::::::::::::::::;;;;;;;;;;;;;;;;;;;;;;tttttttt%%%%%%%%SSS[0;1;30;90;43m [0m
[0;1;30;90;43m:[0;33;5;43;103m;;;;;;;;;;;;;;;;:::::::::::::::::::::::::;;;;;;;;;;;;;;;;;;;ttttttttt%%%%%%%SS[0;1;30;90;43m [0m
[0;1;30;90;43m:[0;33;5;43;103m;;;;;;;;;;;;;:::::::::::::::::::::::::::::::;;;;;;;;;;;;;;;;;tttttttt%%%%%%%%S[0;1;30;90;43m [0m
[0;1;30;90;43m:[0;33;5;43;103m;;;;;;;8[0;1;30;90;43mS[0;33;5;43;103m;;:::::::::::::::@[0;1;33;93;43m8[0;33;5;43;103m%::::::::::::::::S[0;1;33;93;43m88[0;33;5;43;103m;;;;;;;;;;;;;;ttt[0;1;33;93;43m8[0;1;30;90;43mt[0;33;5;43;103mttt%%%%%%%%[0;1;30;90;43m [0m
[0;1;30;90;43m:[0;33;5;43;103m;;;;@[0;1;33;93;43m8[0;33;5;43;103m%[0;33;5;40;100m8[0;30;5;40;100m8[0;1;30;90;40m8[0;30;5;40;100m@[0;33;5;40;100m8[0;1;30;90;43mX[0;33;5;43;103m8:::::::::;[0;1;33;93;43mX[0;33;5;43;103m;[0;1;30;90;43m8[0;36;5;40;100m:[0;30;5;40;100m8S[0;33;5;40;100m8[0;1;30;90;43m8[0;1;33;93;43m@[0;33;5;43;103m::::::::::[0;1;33;93;43m@[0;33;5;43;103mS8[0;33;5;40;100m%[0;1;30;90;40m@8[0;30;5;40;100mX[0;33;5;40;100m8[0;1;30;90;43mt[0;33;5;43;103mt;;;;;;;;;8[0;1;33;93;43m8[0;33;5;43;103mS[0;33;5;40;100m8[0;1;30;90;40m@[0;32;40mt[0;1;30;90;40m8[0;30;5;40;100mS[0;1;30;90;43m;[0;33;5;43;103m8%%%%%%[0;1;30;90;43m.[0m
[0;1;30;90;43m:[0;33;5;43;103m;;;[0;1;30;90;43mt[0;1;30;90;40m8S[0;30;5;40;100mX[0;33;5;40;100m8[0;1;30;90;43mS[0;1;30;90;40m8XX@8[0;1;30;90;43m@[0;33;5;43;103mX::::::@[0;33;5;40;100m8[0;30;5;40;100m8[0;33;5;40;100m8%[0;1;30;90;43m8[0;33;5;40;100m8[0;1;30;90;40m88[0;30;5;40;100m88[0;33;5;40;100m8[0;33;5;43;103m8::::::t[0;1;30;90;43m8[0;1;30;90;40m88[0;33;5;40;100m88[0;1;30;90;43mS[0;1;30;90;40mXS%X8[0;1;30;90;43mt[0;33;5;43;103m;;;;;;;[0;1;30;90;43m;[0;1;30;90;40mS[0;32;40m;[0;1;30;90;40m8[0;30;5;40;100mX[0;1;30;90;43m;[0;32;40m%[0;34;40m:::[0;32;40mt[0;1;30;90;43m;[0;33;5;43;103m@%%%%[0;1;30;90;43m.[0m
[0;1;30;90;43m:[0;33;5;43;103m;;[0;1;30;90;43mS[0;1;30;90;40m%SS[0;34;40m;[0;1;30;90;40m%8[0;33;5;40;100m8[0;1;30;90;40mXSSX8[0;30;5;40;100m8[0;1;33;93;43m8[0;33;5;43;103m::.[0;37;5;43;103m;[0;1;33;93;43m8[0;30;5;40;100m@888[0;1;30;90;40m8[0;30;5;40;100m8[0;33;5;40;100m8[0;30;5;40;100m@[0;1;30;90;40m8888[0;30;5;40;100m8[0;1;30;90;43m8[0;33;5;43;103m..::S[0;33;5;40;100m8[0;1;30;90;40m8@@SX[0;30;5;40;100mS@[0;1;30;90;40mS[0;34;40m;;;[0;1;30;90;40m%[0;33;5;40;100m8[0;33;5;43;103m%;;;;[0;1;30;90;43m%[0;34;40m;:;.:[0;32;40m%[0;30;5;40;100mX[0;34;40m:...:[0;32;40m%[0;1;33;93;43m8[0;33;5;43;103m%%%[0;1;30;90;43m.[0m
[0;1;30;90;43m:[0;33;5;43;103m;[0;1;30;90;43mt[0;34;40m;[0;1;30;90;40m%[0;34;40m;[0;1;30;90;40m%XSXXSXXX@8[0;30;5;40;100m@[0;33;5;43;103m@[0;37;5;43;103m::[0;33;5;43;103mX[0;30;5;40;100m@888@8@88888[0;1;30;90;40m88[0;30;5;40;100m8[0;1;30;90;43m8[0;37;5;43;103m:;[0;33;5;43;103m:[0;33;5;40;100m8[0;1;30;90;40m88X8XXXS[0;34;40m;;;;;;[0;33;5;40;100m8[0;33;5;43;103m;;;[0;1;30;90;43mt[0;34;40m:;:::::.......[0;32;40m%[0;33;5;43;103m8%%[0;1;30;90;43m.[0m
[0;1;30;90;43m:[0;33;5;43;103m;[0;30;5;40;100m@[0;34;40m;[0;1;30;90;40m%S[0;34;40m;[0;1;30;90;40m@@XXXX@@88[0;30;5;40;100m8[0;33;5;40;100m8[0;37;5;43;103m%:[0;1;30;90;43m8[0;30;5;40;100m88@8@XX@8888888@[0;33;5;43;103m8[0;37;5;43;103m:[0;33;5;43;103m8[0;30;5;40;100m8[0;1;30;90;40m88@@88XSS%[0;34;40m;;[0;1;30;90;40m%[0;34;40m;[0;1;30;90;40mS[0;1;30;90;43m%[0;33;5;43;103m;t[0;1;30;90;40mS[0;34;40m::::;;::.....::[0;1;30;90;40m8[0;33;5;43;103mS%[0;1;30;90;43m.[0m
[0;1;30;90;43m:[0;33;5;43;103m;[0;1;30;90;40m88[0;1;30;90;43m%XSS[0;1;30;90;40m8@@888[0;30;5;40;100m8[0;33;5;40;100m888@[0;1;30;90;43m8[0;37;5;43;103m:[0;1;30;90;43m8[0;30;5;40;100mX[0;1;30;90;43m888[0;1;33;93;43m8[0;33;5;40;100m%[0;30;5;40;100mSXSSSS[0;33;5;40;100mS@XX@[0;37;5;43;103m%[0;1;33;93;43m8[0;30;5;40;100m8[0;33;5;40;100m8[0;1;30;90;43m8[0;33;5;40;100m8[0;1;33;93;43m@[0;33;5;40;100m8[0;1;30;90;40m8@@@@X8[0;1;30;90;43mX[0;33;5;40;100m8[0;30;5;40;100mSX[0;1;33;93;43m8[0;33;5;43;103m%[0;34;40m;[0;1;30;90;40m8[0;1;30;90;43mt%;t[0;34;40m;::;;:[0;32;40m;[0;1;30;90;43mt[0;30;5;40;100mS[0;1;30;90;40m88[0;1;30;90;43m;[0;33;5;43;103m%[0;1;30;90;43m.[0m
[0;1;30;90;43m:[0;33;5;43;103m;[0;1;30;90;43mS[0;33;5;43;103m%:::;[0;33;5;40;100m8[0;1;30;90;40m@8@@8[0;1;30;90;43m8[0;37;5;43;103m::::[0;33;5;43;103m@[0;37;5;43;103m;[0;37;43mX[0;33;5;43;103m@[0;37;5;43;103m....[0;1;30;90;43m8[0;30;5;40;100mS%SXX[0;33;5;40;100mS[0;37;5;43;103m:...S[0;33;5;43;103mSX[0;1;30;90;43m8[0;37;5;43;103m::[0;33;5;43;103m.:@[0;1;30;90;40m8@@XS@[0;33;5;43;103mX:;;;[0;1;33;93;43m8[0;33;5;43;103m;[0;1;30;90;43m%[0;33;5;43;103m%;;;t[0;1;30;90;40m8[0;34;40m:::.:[0;1;30;90;43m:[0;33;5;43;103mtt%%[0;1;33;93;43m@[0;33;5;43;103m%[0;1;30;90;43m.[0m
[0;1;30;90;43m:[0;33;5;43;103m;;:::::8[0;30;5;40;100m8[0;1;30;90;40m@88[0;33;5;40;100m8[0;33;5;43;103m@[0;37;5;43;103m:::.........:[0;33;5;40;100m%[0;36;5;40;100m%[0;30;5;40;100mS[0;36;5;40;100mt[0;33;5;40;100mt[0;37;43m@[0;37;5;43;103m.......::::[0;33;5;43;103m.:[0;1;30;90;43m8[0;1;30;90;40m8XX@[0;1;30;90;43mX[0;33;5;43;103mt:;;;;;;;;;;;[0;1;33;93;43m8[0;32;40mt[0;34;40m.::[0;33;5;40;100m8[0;1;33;93;43m8[0;33;5;43;103mtt%%%%[0;1;30;90;43m.[0m
[0;1;30;90;43m:[0;33;5;43;103m;;::::::@[0;33;5;40;100m8[0;1;30;90;40m88[0;33;5;43;103mX[0;37;5;43;103m:::...........;[0;1;30;90;43m8[0;33;5;40;100m;[0;36;5;40;100mt[0;37;43m8[0;37;5;43;103m.........:::;[0;33;5;43;103m::[0;1;30;90;43m@[0;30;5;40;100m8[0;1;30;90;40mX[0;33;5;40;100m8[0;33;5;43;103m::::;;;;;;;;;;;[0;1;33;93;43m8[0;30;5;40;100mX[0;34;40m::[0;33;5;43;103m@tttt%%%[0;1;30;90;43m.[0m
[0;1;30;90;43m:[0;33;5;43;103m;;::::::::8[0;1;30;90;43m88[0;37;5;43;103m:::.............S[0;37;43m8[0;33;5;40;100mt[0;37;5;43;103mt........::::[0;33;5;43;103m.::t[0;1;30;90;43mX[0;33;5;40;100m8[0;33;5;43;103m8:::;;;;;;;;;;;;t[0;1;33;93;43m@[0;1;30;90;43mt;[0;33;5;43;103mtttt%%%[0;1;30;90;43m.[0m
[0;1;30;90;43m:[0;33;5;43;103m;;:::::::::[0;37;5;43;103m;;;:..........................::::[0;33;5;43;103m.:::::;:::;;;;;;;;;;;;;ttttttt%%%[0;1;30;90;43m.[0m
[0;1;30;90;43m:[0;33;5;43;103m;;:::::::::[0;37;5;43;103m;:::..........................::::[0;33;5;43;103m.:::::::::;;;;;;;;;;;;;ttttttt%%%[0;1;30;90;43m.[0m
[0;1;30;90;43m:[0;33;5;43;103m;;:::::::::.[0;37;5;43;103m:::..........................::::[0;33;5;43;103m.:::::::::;;;;;;;;;;;;;ttttttt%%%[0;1;30;90;43m.[0m
[0;1;30;90;43m:[0;33;5;43;103m;;:::::::::.[0;37;5;43;103m:::::tS.................:X...::::[0;33;5;43;103m.:::::::::tXt;;;;;;;;;;ttttttt%%%[0;1;30;90;43m.[0m
[0;1;30;90;43m:[0;33;5;43;103m;;::::::::::[0;37;5;43;103m;:[0;33;5;43;103mt[0;37;5;43;103m:S[0;33;5;40;100m t[0;1;30;90;43m88[0;37;43m@[0;37;5;43;103m@..........;:.[0;33;5;40;100m:.[0;1;30;90;43m888[0;1;33;93;43m8[0;37;5;43;103m;:[0;33;5;43;103m.::::::::%:[0;1;30;90;43m@[0;33;5;40;100mX8[0;1;30;90;43m%t;[0;33;5;43;103mS;;;;;tttttttt%%%[0;1;30;90;43m.[0m
[0;1;30;90;43m:[0;33;5;43;103m;;;:::::::::.[0;1;33;93;43m@[0;33;5;40;100m@8StX[0;30;5;40;100m@@S[0;36;5;40;100mt[0;1;30;90;43m8[0;37;5;43;103mX.......@[0;33;5;40;100mS%[0;1;30;90;43m8[0;33;5;40;100m:X[0;30;5;40;100m@88@[0;33;5;40;100m8[0;1;33;93;43m8[0;33;5;43;103m:::::::t[0;1;30;90;43mS[0;1;30;90;40m8[0;1;30;90;43mS[0;33;5;40;100m88[0;1;30;90;40m@[0;34;40m:;;[0;1;30;90;40m@[0;1;30;90;43m;[0;33;5;43;103mt;;;ttttttt%%%%[0;1;30;90;43m.[0m
[0;1;30;90;43m:[0;33;5;43;103m;;;:::::::::[0;1;30;90;43m8[0;30;5;40;100m8888[0;33;5;40;100m8[0;1;30;90;43m8[0;33;5;40;100mX[0;30;5;40;100mX@@X[0;33;5;40;100m%[0;1;30;90;43m8[0;37;5;43;103m.....[0;1;33;93;43m8[0;33;5;40;100m%[0;30;5;40;100mSS@[0;33;5;40;100mX[0;1;30;90;43m8[0;33;5;40;100m8[0;30;5;40;100m@8[0;1;30;90;40m88[0;30;5;40;100m8[0;33;5;40;100m8[0;33;5;43;103m%::::X[0;33;5;40;100m8[0;1;30;90;40mXS[0;34;40m;[0;32;40mt[0;33;5;40;100m8[0;1;30;90;43m%[0;1;30;90;40mX[0;34;40m:::;[0;1;30;90;40m8[0;1;33;93;43m8[0;33;5;43;103m;;ttttttt%%%%[0;1;30;90;43m.[0m
[0;32;40m8[0;33;5;43;103m;;;;:::::::[0;1;30;90;43m8[0;1;30;90;40m888[0;30;5;40;100m8[0;1;30;90;40m88[0;30;5;40;100m888888@X[0;1;30;90;43m8[0;37;5;43;103m...[0;33;5;43;103m8[0;30;5;40;100mSX@@8888[0;1;30;90;40m8888@8[0;33;5;40;100m8[0;33;5;43;103mt::%[0;30;5;40;100m@[0;1;30;90;40mSS[0;34;40m;[0;1;30;90;40mS[0;34;40m:;;::::.:[0;32;40mt[0;1;33;93;43m8[0;33;5;43;103mtttttttt%%%%[0;33;5;40;100m8[0m
 [0;33;5;43;103m;;;;::::::X[0;1;30;90;40m8X8@8[0;30;5;40;100m88[0;1;30;90;40m888[0;30;5;40;100m88888X[0;37;43mX[0;37;5;43;103m..[0;33;5;40;100mX[0;30;5;40;100m8@88@88[0;1;30;90;40m888@@@@8[0;33;5;40;100m8[0;33;5;43;103m::[0;1;30;90;43mS[0;1;30;90;40mS[0;34;40m;[0;1;30;90;40mS[0;34;40m;[0;1;30;90;40mSS[0;34;40m;::::.:::[0;1;30;90;40m8[0;33;5;43;103m@tttttt%%%%%[0m 
 [0;1;33;93;43m8[0;33;5;43;103m;;;;:::::[0;1;33;93;43m8[0;1;30;90;40m@8[0;33;5;40;100m8[0;30;5;40;100m8[0;1;30;90;43m8[0;33;5;40;100m8[0;30;5;40;100m8888888S@@[0;33;5;40;100mX[0;37;5;43;103mS:[0;30;5;40;100mX8[0;33;5;40;100m8@88[0;30;5;40;100m888[0;1;30;90;40m8888[0;30;5;40;100m8[0;1;30;90;40m888[0;1;33;93;43m@[0;33;5;43;103m:[0;33;5;40;100m8[0;1;30;90;40m%8[0;30;5;40;100mX[0;1;30;90;40m8[0;1;30;90;43m%[0;1;30;90;40mS[0;34;40m;;;;;;[0;32;40mtt[0;34;40m;;[0;1;30;90;43mt[0;33;5;43;103mtttttt%%%%[0;1;33;93;43m8[0m 
 [0;1;30;90;43m:[0;33;5;43;103m;;;;;;:::8[0;33;5;40;100m8[0;33;5;43;103m%:;:[0;1;33;93;43m8[0;1;30;90;40m88888[0;30;5;40;100m8[0;1;33;93;43m@[0;37;5;43;103m:[0;33;5;43;103m;tS[0;1;30;90;43m8[0;37;5;43;103m:[0;33;5;40;100m8[0;33;5;43;103m8[0;37;5;43;103m:[0;33;5;43;103m:[0;37;5;43;103m;[0;33;5;43;103mt[0;30;5;40;100mX[0;1;30;90;40m88@@@[0;1;30;90;43m8[0;33;5;43;103m;;S%[0;1;30;90;43mS[0;33;5;43;103m;[0;1;30;90;43mX%[0;33;5;43;103m;;t;[0;1;30;90;43m%[0;34;40m;;:::[0;1;30;90;40m8[0;33;5;43;103mXtXX[0;1;33;93;43mS8[0;33;5;43;103mtttt%%%%%[0;1;30;90;43m.[0m 
  [0;33;5;43;103m;;;;;;;::;%:::::[0;33;5;40;100m8[0;1;30;90;40m@888[0;33;5;40;100m8[0;33;5;43;103m;......%..:::[0;1;30;90;43m8[0;1;30;90;40m8@8@8[0;1;33;93;43m8[0;33;5;43;103m::::::S;;;;;@[0;1;30;90;40mX[0;34;40m::;[0;32;40m;[0;1;30;90;43mt[0;33;5;43;103m;;tttttttt%%%%%[0;32;40mS[0m 
  [0;1;30;90;43m.[0;33;5;43;103m;;;;;;;::::::::t[0;1;30;90;43m8[0;1;30;90;40m@X[0;33;5;40;100m8[0;33;5;43;103m;::::::::::::::[0;1;30;90;43m@[0;1;30;90;40m8XX[0;33;5;43;103m8:::::;;;;;;;;;[0;1;33;93;43m8[0;1;30;90;40m8[0;34;40m::[0;1;30;90;43m;[0;33;5;43;103m;;tttttttt%%%%%[0;1;33;93;43mS[0m  
  [0;32;40mX[0;33;5;43;103m;;;;;;;;;::::::::[0;1;33;93;43m8[0;1;30;90;43m8[0;30;5;40;100m@[0;33;5;43;103mS:::::::::::::::X[0;1;30;90;43mX[0;30;5;40;100m@[0;1;30;90;43mS[0;33;5;43;103m:::;;;;;;;;;;;;%[0;1;30;90;43m;[0;30;5;40;100mX[0;1;30;90;43mt[0;33;5;43;103mttttttttt%%%%%%[0;32;40m8[0m  
   [0;1;30;90;43m.[0;33;5;43;103m;;;;;;;;;;;:::::::t@:::::::::::::::::;8;;;;;;;;;;;;;;;;;;@Sttttttt%%%%%%[0;1;30;90;43m [0m   
    [0;33;5;43;103mX;;;;;;;;;;;;;:::::::::::::::::::::::;;;;;;;;;;;;;;;;;;;;tttttttt%%%%%%@[0m    
    [0;33;5;40;100m8[0;33;5;43;103m;;;;;;;;;;;;;;;;::::::::::::::::;;;;;;;;;;;;;;;;;;;;;;ttttttttt%%%%%%S[0;1;30;90;43m.[0m    
     [0;1;30;90;43m.[0;33;5;43;103m;;;;;;;;;;;;;;;;;;;;;;;;;;;;;;;;;;;;;;;;;;;;;;;;;;;;ttttttttt%%%%%%%[0;1;30;90;43m.[0m     
      [0;1;30;90;43m.[0;33;5;43;103m;;;;;;;;;;;;;;;;;;;;[0;1;30;90;43mX[0;33;5;40;100m8[0;1;30;90;43m%[0;1;33;93;43mX8[0;33;5;43;103mS;;;;;;;;;;;;;8[0;1;30;90;43m@X[0;1;33;93;43mS@[0;33;5;43;103m@;;;;tttttttttt%%%%%%%[0;1;30;90;43m [0m      
       [0;1;30;90;43m.[0;33;5;43;103m;;;;;;;;;;;;;;;;[0;1;33;93;43m@[0;33;5;40;100m8[0;1;33;93;43mX[0;1;30;90;43m@[0;30;5;40;100m8[0;34;40m;;;[0;32;40m;[0;33;5;40;100m8[0;33;5;43;103m8;;;;;;;;X[0;1;30;90;43m%;%[0;30;5;40;100m8[0;32;40m;[0;34;40m:::[0;1;30;90;40m8[0;1;33;93;43mS[0;33;5;43;103mtttttttttt%%%%%%%%[0;1;30;90;43m [0m       
        [0;1;30;90;43m.[0;33;5;43;103m;;;;;;;;;;;;;;[0;1;30;90;43m%[0;32;40m;[0;34;40m;:[0;1;30;90;40m8[0;1;30;90;43m%%[0;1;30;90;40mX[0;34;40m;;;[0;32;40mt[0;1;30;90;43m%[0;33;5;43;103mX;;;;;[0;1;33;93;43mS[0;1;30;90;40mX[0;34;40m;:[0;1;30;90;40mS[0;33;5;40;100m8[0;1;30;90;43m;[0;1;30;90;40m8[0;34;40m;::;[0;30;5;40;100mX[0;1;33;93;43m@[0;33;5;43;103mttttttt%%%%%%%%[0;1;30;90;43m [0m        
         [0;1;30;90;43m.[0;33;5;43;103mt;;;;;;;;;;;[0;1;30;90;43m%[0;34;40m:;:;::;::::::[0;1;30;90;40m8[0;33;5;43;103mS;;;[0;1;30;90;43m;[0;32;40m;[0;34;40m;:;..;:....:[0;32;40m;[0;1;33;93;43m@[0;33;5;43;103mtttt%%%%%%%%S[0;1;30;90;43m.[0m         
          [0;1;30;90;43m.[0;33;5;43;103mSt;;;;;;;;[0;1;30;90;43m;[0;34;40m;:;.;;;:.....::[0;33;5;40;100m8[0;33;5;43;103mt;S[0;32;40mt[0;34;40m.;.::;:.......[0;32;40m%[0;33;5;43;103m8t%%%%%%%%%X[0;1;30;90;43m.[0m          
            [0;1;33;93;43m8[0;33;5;43;103mtttt;;;;[0;1;30;90;43mt[0;34;40m::;[0;32;40m:[0;1;30;90;40m8[0;34;40m;;;:::::;;;[0;1;30;90;43m;[0;33;5;43;103m;[0;1;33;93;43mS[0;34;40m:.;:[0;32;40m%t[0;34;40m;:::::::::[0;30;5;40;100mX[0;33;5;43;103m%%%%%%%%%[0;1;33;93;43m8[0m            
             [0;1;30;90;43m.[0;33;5;43;103mttttttt[0;1;30;90;43mt[0;33;5;40;100m8[0;1;33;93;43m8[0;33;5;43;103m8[0;1;33;93;43m8[0;33;5;43;103mt[0;30;5;40;100mX[0;34;40m;::::[0;32;40mt[0;1;30;90;43m;[0;1;33;93;43mX[0;1;30;90;43m::t[0;1;33;93;43m8X[0;1;30;90;40m@[0;1;30;90;43m:[0;33;5;43;103m@[0;1;33;93;43mX[0;33;5;43;103mt[0;1;30;90;43m;[0;34;40m::.:::[0;1;30;90;43m;[0;1;33;93;43mX[0;1;30;90;43m..::[0;33;5;43;103m%%%%%%S[0;1;30;90;43m [0m             
              [0;32;40m@[0;1;33;93;43m8[0;33;5;43;103mttttt[0;1;33;93;43m8[0;33;5;43;103m%tttt[0;1;33;93;43m@[0;32;40m;[0;34;40m::::[0;1;30;90;43mt[0;33;5;43;103mttttttX[0;1;33;93;43m8[0;33;5;43;103mttttS[0;1;30;90;40m8[0;34;40m.::.[0;32;40m;[0;33;5;43;103mS%%%%%%%%%%[0;1;33;93;43m@[0;32;40m@[0m              
                [0;1;30;90;43m.[0;33;5;43;103m@tttttttttt[0;1;30;90;43m:[0;32;40m;[0;34;40m..[0;1;30;90;43mt[0;33;5;43;103m@ttttttttttttt[0;1;33;93;43m8[0;32;40m%[0;34;40m..[0;32;40m%[0;1;33;93;43m8[0;33;5;43;103m%%%%%%%%S@[0;1;30;90;43m [0m                
                  [0;1;30;90;43m.[0;33;5;43;103m%ttttttttt[0;1;33;93;43m8[0;1;30;90;43mt[0;32;40m;[0;1;30;90;43m;[0;33;5;43;103mttttttttttt%%%%X[0;1;30;90;43m;[0;32;40mtS[0;33;5;43;103mS%%%%%%SS[0;1;30;90;43m [0m                  
                    [0;1;30;90;43m [0;33;5;43;103mSttttttttt@[0;1;30;90;43m:[0;33;5;43;103m@ttt%%%%%%%%%%%%%S[0;1;30;90;43m.[0;1;33;93;43m@[0;33;5;43;103m%%%SSX[0;1;30;90;43m [0m                    
                      [0;1;30;90;43m.[0;33;5;43;103mX%%%%%%%%%%%%%%%%%%%%%%%%%%%%%SSSX[0;1;30;90;43m [0m                      
                        [0;1;30;90;43m.[0;33;5;43;103m8%%%%%%%%%%%%%%%%%%%%%%%SSSSS8[0;1;30;90;43m [0m                        
                          [0;32;40m8[0;1;30;90;43m [0;33;5;43;103mS%%%%%%%%%%%%%%%%SSSSSSS[0;1;30;90;43m  [0m                          
                             [0;1;30;90;43m.[0;1;33;93;43m@[0;33;5;43;103mS%%%%%SSSSSSSSSSSS[0;1;33;93;43m@[0;1;30;90;43m [0m                             
                                [0;1;30;90;43m [0;1;33;93;43m8[0;33;5;43;103mSSSSSSSSSSSS[0;1;33;93;43m8[0;1;30;90;43m [0m                                
                                   [0;1;30;90;43m  [0;33;5;43;103mXSSSSS[0;1;33;93;43mS[0;1;30;90;43m [0m                                   
                                      [0;32;40m8[0;1;30;90;43m   [0m                                      
