[0;36;5;40;100m [0;1;30;90;47m....      [0;1;37;97;47m                            [0;1;30;90;47m;%: [0;1;37;97;47m     [0;1;30;90;47m      .........:::::::::;;;;;;;[0;36;5;40;100m [0m
[0;37;5;40;100m@[0;37;5;47;107m%%%%%%ttttttttttttttttttttttttt%[0;1;37;97;47mt[0;37;5;47;107m%[0;1;37;97;47m.[0;1;30;90;47m@% [0;36;5;40;100m:t[0;37;5;40;100m%[0;1;30;90;47m@[0;1;37;97;47m.%SX8[0;37;5;47;107mtttt%%%%%%%%SSSSSSSXXXX@@@@@@@@[0;37;5;40;100m8[0m
[0;37;5;40;100m@[0;37;5;47;107m%%%%ttttttttttttttttttttttttt%[0;1;30;90;47m8[0;36;5;40;100mt[0;1;30;90;47mt[0;36;5;40;100m:[0;1;30;90;47m.[0;36;5;40;100m [0;1;30;90;47m@[0;1;37;97;47m%[0;1;30;90;47m8[0;36;5;40;100m [0;1;30;90;47mXt[0;1;37;97;47m:[0;1;30;90;47m:[0;1;37;97;47mSS[0;37;5;47;107m8[0;1;37;97;47mS[0;37;5;47;107m@tttt%%%%%%%SSSSSSSXXXX@@@@@@@[0;37;5;40;100m8[0m
[0;37;5;40;100m@[0;37;5;47;107m%%ttttttttttttttttttt;;;;;;;;[0;37;5;40;100m8[0;1;30;90;47m8[0;37;5;47;107m8;[0;1;30;90;47m@[0;36;5;40;100m [0;37;5;47;107mS[0;36;5;40;100m [0;37;5;47;107mXS[0;30;5;40;100m@[0;1;37;97;47m:@[0;1;30;90;47m.[0;1;37;97;47m.[0;37;5;47;107mtt[0;1;37;97;47m8;[0;37;5;47;107m%ttttt%%%%%%%%SSSSSSXXXX@@@@@@[0;37;5;40;100m8[0m
[0;37;5;40;100m@[0;37;5;47;107m%tttttttttttttttt;;;;;;;;;;;;;;;;[0;1;30;90;47m:[0;1;30;90;40m8[0;30;5;40;100m@[0;37;5;40;100mS[0;36;5;40;100m [0;1;37;97;47m [0;37;5;47;107mStX[0;1;37;97;47m@t [0;37;5;47;107m8t%[0;1;37;97;47m:[0;37;5;47;107mttttttt%%%%%%%SSSSSSXXXX@@@@@[0;37;5;40;100m8[0m
[0;37;5;40;100m@[0;37;5;47;107mtttttttttttttt;;;;;;;;;;;;;;;;;;X[0;37;5;40;100mX[0;30;5;40;100mX[0;36;5;40;100m.[0;30;5;40;100m8[0;36;5;40;100m.% [0;1;37;97;47m.[0;37;5;47;107mttt[0;1;37;97;47m;[0;37;5;47;107mX%t8[0;1;37;97;47m8[0;37;5;47;107mttttttt%%%%%%%SSSSSSXXXX@@@@[0;37;5;40;100m8[0m
[0;37;5;40;100m8[0;37;5;47;107mtttttttttttt;;;;;;;;;;;;;:::::::;[0;1;30;90;47mt[0;36;5;40;100m;[0;37;5;40;100mS@[0;1;30;90;47mX[0;37;5;40;100mX[0;1;30;90;40mX@[0;37;5;40;100mX[0;1;30;90;47m;[0;1;37;97;47m8[0;37;5;47;107m%tttt@tttttttt%%%%%%%SSSSSXXXXX@@@[0;37;5;40;100m8[0m
[0;37;5;40;100m8[0;37;5;47;107mtttttttttt;;;;;;;;;;::::::::::::::::@[0;37;5;40;100m8[0;1;30;90;47m:[0;36;5;40;100m.[0;1;37;97;47m;[0;37;5;47;107m%[0;1;37;97;47m:[0;37;5;40;100m@SS[0;1;30;90;47m8[0;1;37;97;47m;[0;37;5;47;107mttttttttttt%%%%%%%SSSSSXXXX@@@[0;37;5;40;100m8[0m
[0;37;5;40;100m8[0;37;5;47;107mttttttttt;;;;;;;;::::::::::::::::::::[0;1;30;90;47m:[0;37;5;47;107m;[0;1;30;90;47m%[0;1;37;97;47mS[0;37;5;47;107m;;;;;X[0;1;30;90;47m.[0;37;5;40;100m@[0;37;5;47;107m%tttttttttt%%%%%%SSSSSSXXXX@@[0;37;5;40;100m8[0m
[0;37;5;40;100m8[0;37;5;47;107mtttttttt;;;;;;;:::::::.............::[0;1;37;97;47m8@[0;37;5;47;107m:[0;1;30;90;47m8[0;37;5;47;107m8@[0;1;37;97;47m88[0;37;5;47;107m8[0;1;37;97;47m8;[0;1;30;90;47m%[0;37;5;47;107m%ttttttttttt%%%%%%SSSSSXXXX@@[0;37;5;40;100m8[0m
[0;37;5;40;100m8[0;37;5;47;107mttttttt;;;;;;;:::::................S[0;1;37;97;47mS:[0;37;5;47;107mt[0;1;37;97;47m%[0;36;5;40;100m [0;37;5;47;107m;:;;S%t;;ttttttttttt%%%%%%SSSSSSXXXX@[0;37;5;40;100m8[0m
[0;36;5;40;100m [0;1;37;97;47m88888888888[0;37;5;47;107m888888888@@@@@@XXXX@@@@@@@88[0;1;37;97;47m8@[0;37;5;47;107m88888[0;1;37;97;47m888888888888888@@@@@@XXXXXSSSSS%[0;36;5;40;100m [0m
[0;34;40m.:;;;;[0;1;30;90;40m%SSXXX@@8888[0;30;5;40;100m8888@@@XXXXXXXX@@@88888[0;1;30;90;40m8888@@XXXSS%[0;34;40m;;;;::::::..............   [0m
[0;34;40m.:;;;;[0;1;30;90;40mSSSXX@@8888[0;30;5;40;100m8888@@XXXSSSSSSSXXX@@8[0;36;5;40;100m  [0;30;5;40;100m8[0;1;30;90;40m8888@@XXSSS[0;34;40m;;;;::::::..............   [0m
[0;34;40m.;;;;[0;1;30;90;40m%SSXX@@8888[0;30;5;40;100m8888@@XXSS%[0;36;5;40;100m%%t%%[0;30;5;40;100mSSSXX@[0;36;5;40;100m;[0;37;5;47;107m88[0;36;5;40;100mt[0;30;5;40;100m8[0;1;30;90;40m888@@XXXSS%[0;34;40m;;;;::::::.............   [0m
[0;34;40m.;;;;[0;1;30;90;40m%SSXX@@8888[0;30;5;40;100m888@@XXSS[0;36;5;40;100m%ttttttt%[0;30;5;40;100mSSXX[0;1;30;90;47m@[0;37;5;47;107mXX[0;1;30;90;47m@[0;30;5;40;100m8[0;1;30;90;40m8888@@XXSS%[0;34;40m;;;;::::::..............  [0m
[0;34;40m.;;;;[0;1;30;90;40mSSSXX@@888[0;30;5;40;100m8888@XXSS[0;36;5;40;100m%tt;;;;;tt[0;30;5;40;100m%SSX[0;1;30;90;47mX[0;1;37;97;47m@[0;37;5;47;107mX[0;1;30;90;47mX[0;30;5;40;100m8[0;1;30;90;40m8888@@XXSS%[0;34;40m;;;;::::::..............  [0m
[0;34;40m.;;;;[0;1;30;90;40mSSSXX@@888[0;30;5;40;100m888@@XXSS[0;36;5;40;100m%t;;:::;tt%[0;30;5;40;100mSSX[0;1;30;90;47mS[0;1;37;97;47mX[0;37;5;47;107m@[0;1;30;90;47mS[0;30;5;40;100m88[0;1;30;90;40m888@@XXSS%[0;34;40m;;;;::::::..............  [0m
[0;34;40m.;;;;[0;1;30;90;40mSSSXX@@888[0;30;5;40;100m8888@XXSS[0;36;5;40;100m%tt;;;;;tt[0;30;5;40;100m%SSX[0;1;30;90;47m%[0;1;37;97;47mX[0;37;5;47;107m8[0;1;30;90;47m%[0;30;5;40;100m8[0;1;30;90;40m8888@@XXSS%[0;34;40m;;;;:::::::.............  [0m
[0;34;40m.;;;;[0;1;30;90;40m%SSXX@@8888[0;37;5;40;100m8[0;1;37;97;47m@;[0;1;30;90;47m;[0;36;5;40;100m [0;30;5;40;100mXXSS%[0;36;5;40;100mttttttt[0;30;5;40;100m%SSXX[0;1;30;90;47mt[0;1;37;97;47mS[0;37;5;47;107m8[0;1;30;90;47mt[0;30;5;40;100m8[0;1;30;90;40m8888@@XXSS%[0;34;40m;;;;:[0;30;5;40;100mS[0;1;30;90;47m8;[0;1;37;97;47m:[0;36;5;40;100m [0;34;40m..............  [0m
[0;34;40m.;;;;[0;1;30;90;40m%SSXX@@8888[0;30;5;40;100m8[0;37;5;40;100m8[0;37;5;47;107m@X[0;1;37;97;47m8@[0;1;30;90;47m8[0;36;5;40;100mt[0;30;5;40;100mSSS%%%%SSSSXX@[0;1;30;90;47m;[0;1;37;97;47mS8[0;1;30;90;47m;[0;1;30;90;40m8888@@XXSSS[0;34;40m;;;[0;1;30;90;40mS[0;36;5;40;100m [0;1;37;97;47m.S88[0;37;5;40;100mS[0;34;40m:.............   [0m
[0;34;40m.:;;;;[0;1;30;90;40mSSSXX@@8888[0;30;5;40;100m8[0;36;5;40;100m%[0;1;30;90;47m@[0;1;37;97;47m88@[0;37;5;47;107m8[0;1;30;90;47m:[0;36;5;40;100m [0;30;5;40;100mSSSSSSXXX@@@[0;1;30;90;47m:[0;1;37;97;47m%@[0;1;30;90;47m:[0;1;30;90;40m8888@@XXSS%[0;34;40m;[0;30;5;40;100mS[0;1;30;90;47m8[0;1;37;97;47mS;tt[0;37;5;40;100m@[0;1;30;90;40m8[0;34;40m:..............   [0m
[0;34;40m.:;;;;[0;1;30;90;40m%SSXXX@@8888[0;30;5;40;100m888[0;37;5;40;100mS[0;1;37;97;47mt8X@@[0;1;30;90;47m8[0;36;5;40;100m;[0;30;5;40;100mXXX@@@@88[0;1;30;90;47m.[0;1;37;97;47mSX[0;1;30;90;47m.[0;1;30;90;40m888@@XXSS@[0;36;5;40;100m [0;1;37;97;47m:t:t[0;1;30;90;47m [0;36;5;40;100m [0;34;40m;:::..............   [0m
[0;34;40m ::;;;;[0;1;30;90;40m%SSXXX@@88888[0;30;5;40;100m888[0;36;5;40;100m [0;1;30;90;47m:[0;37;5;47;107m8[0;1;37;97;47m%%[0;37;5;47;107m8[0;1;30;90;47m:[0;36;5;40;100m [0;30;5;40;100m@888888[0;1;30;90;47m.[0;1;37;97;47mSS[0;1;30;90;47m.[0;1;30;90;40m88@@XXS[0;36;5;40;100mt[0;1;30;90;47mX[0;1;37;97;47m@. S[0;1;30;90;47mS[0;30;5;40;100mS[0;34;40m::::::..............   [0m
 [0;34;40m:::;;;;[0;1;30;90;40m%SSXXX@@888888[0;30;5;40;100m888%[0;1;30;90;47m8[0;1;37;97;47m8S%@S[0;37;5;40;100m8[0;30;5;40;100mX888[0;1;30;90;40m8[0;1;30;90;47m [0;1;37;97;47mS% [0;1;30;90;40m@@@X8[0;36;5;40;100m [0;1;37;97;47m:%..S[0;37;5;40;100m@[0;1;30;90;40m8[0;34;40m:::::::..............   [0m 
 [0;34;40m.::;;;;;[0;1;30;90;40m%SSSXX@@@88888888[0;30;5;40;100m88[0;36;5;40;100m [0;1;37;97;47m;8tt8[0;1;30;90;47m;[0;36;5;40;100m [0;1;30;90;40m88[0;1;37;97;47m.%%.[0;1;30;90;40m@@[0;36;5;40;100m:[0;1;30;90;47mX[0;1;37;97;47m@:.S [0;36;5;40;100m [0;1;30;90;40mS[0;34;40m;:::::::...............   [0m 
 [0;34;40m.:::;;;;;[0;1;30;90;40m%SSSXXX@@@@888888888[0;36;5;40;100m:[0;1;30;90;47m%[0;1;37;97;47m8t:@S[0;37;5;40;100m@[0;1;30;90;47m;[0;1;37;97;47m%t[0;1;30;90;47m:[0;36;5;40;100m [0;1;37;97;47m;X..@[0;1;30;90;47mS[0;30;5;40;100mS[0;34;40m;;;:::::::...............    [0m 
  [0;34;40m:::::;;;;;[0;1;30;90;40m%SSSXXXX@@@@@8888888[0;30;5;40;100m@[0;37;5;40;100m8[0;1;37;97;47mXS:tS[0;1;30;90;47m@.[0;1;37;97;47m@t.%S[0;37;5;40;100m8[0;30;5;40;100m8[0;34;40m;;;;::::::::...............    [0m 
  [0;34;40m.:::::;;;;;;[0;1;30;90;40mSSSSXXXXXX@@@@@@@@@@8[0;36;5;40;100m [0;1;30;90;47m:.[0;1;37;97;47m;@..@:[0;36;5;40;100m [0;1;30;90;40mS[0;34;40m;;;;;::::::::...............    [0m  
  [0;34;40m :::::::;;;;;;[0;1;30;90;40m%SSSSSXXXXXXXXXXXX[0;36;5;40;100mt[0;1;30;90;47m@[0;1;37;97;47m@%.t8 [0;1;30;90;47m%[0;1;37;97;47mt[0;1;30;90;47m@[0;30;5;40;100mS[0;34;40m;;;::::::::................     [0m  
   [0;34;40m.::::::::;;;;;;;[0;1;30;90;40m%SSSSSSSSSSS8[0;36;5;40;100m [0;1;37;97;47m:@:.XS[0;1;30;90;47m:[0;37;5;40;100m8[0;1;37;97;47m%X..S:[0;36;5;40;100m [0;1;30;90;40mX[0;34;40m:::::::................     [0m   
    [0;34;40m.:::::::::;;;;;;;;;[0;30;5;40;100mX[0;1;30;90;40m@%%SS[0;30;5;40;100mS[0;1;30;90;47m@[0;1;37;97;47m@% ;8:[0;36;5;40;100m [0;1;37;97;47m.;;:[0;36;5;40;100m [0;1;30;90;47m.[0;1;37;97;47m@;[0;1;30;90;47m.[0;1;37;97;47mt@[0;1;30;90;47m8[0;30;5;40;100m@[0;34;40m::::;[0;30;5;40;100m@[0;34;40m...............    [0m    
    [0;34;40m .:::::::::::;;;;;;[0;37;5;40;100mX[0;1;37;97;47m:[0;30;5;40;100m8[0;1;30;90;40mX[0;36;5;40;100m [0;1;37;97;47m X; %8[0;1;30;90;47mX[0;36;5;40;100m%[0;34;40m;;[0;1;37;97;47mS;:X[0;34;40m::[0;30;5;40;100mX[0;1;30;90;47m@[0;1;37;97;47m@%[0;1;30;90;47m [0;1;37;97;47m:S.[0;36;5;40;100m [0;1;30;90;40m%@[0;1;30;90;47m [0;37;5;40;100m@[0;34;40m:............      [0m    
     [0;34;40m...:::::::::::::;;;[0;36;5;40;100m [0;1;37;97;47m%[0;1;30;90;47mS[0;1;37;97;47m% ;X%[0;37;5;40;100mX[0;1;30;90;40m8[0;34;40m;;;;[0;1;37;97;47mX;:@[0;34;40m::::[0;1;30;90;40mS[0;36;5;40;100m [0;1;37;97;47m;X:[0;1;30;90;47m.[0;1;37;97;47mt[0;1;30;90;47mS[0;1;37;97;47m;[0;36;5;40;100m.[0;34;40m.............      [0m     
      [0;34;40m....::::::::::::[0;1;30;90;40mS[0;36;5;40;100m;[0;37;5;40;100mX8[0;1;37;97;47mt[0;1;30;90;47mX[0;1;37;97;47mX[0;1;30;90;47m [0;36;5;40;100m [0;34;40m;::::::[0;1;37;97;47m@;:8[0;34;40m:::::::[0;36;5;40;100m:[0;1;30;90;47m:[0;1;37;97;47m@[0;1;30;90;47m8[0;1;37;97;47m;[0;37;5;40;100m8[0;36;5;40;100m ;[0;34;40m;..........      [0m      
       [0;34;40m......:::::::[0;1;30;90;40m8[0;37;5;40;100mS[0;1;30;90;47m:%%S[0;36;5;40;100m [0;1;30;90;47m 8[0;34;40m:::::::::[0;1;37;97;47m8::8[0;34;40m::::.....[0;37;5;40;100mX[0;1;37;97;47m.[0;36;5;40;100m:[0;1;30;90;47mXXS.[0;37;5;40;100mS[0;1;30;90;40mX[0;34;40m.......      [0m       
        [0;34;40m........::[0;1;30;90;40mX[0;36;5;40;100m [0;1;37;97;47m; [0;1;30;90;47m%@[0;36;5;40;100m [0;1;30;90;40mS[0;34;40m:;[0;1;30;90;47mSS[0;34;40m;::::::;[0;1;37;97;47m8:.8[0;34;40m;......:[0;1;30;90;47m@t[0;34;40m;.;[0;36;5;40;100m:[0;37;5;40;100m8[0;1;30;90;47m%[0;1;37;97;47m [0;1;30;90;47m [0;36;5;40;100m [0;1;30;90;40mX[0;34;40m...       [0m        
         [0;34;40m......[0;1;30;90;40mS[0;37;5;40;100m8[0;1;30;90;47m@X@ [0;36;5;40;100m [0;30;5;40;100m8[0;34;40m::::::[0;30;5;40;100m8[0;34;40m:::::::;[0;1;37;97;47m8:.8[0;1;30;90;40mS[0;34;40m.......[0;30;5;40;100m8[0;34;40m:.....[0;1;30;90;40m8[0;36;5;40;100m [0;1;30;90;47mt888[0;37;5;40;100m8[0;1;30;90;40m%[0;34;40m      [0m         
          [0;34;40m ....[0;30;5;40;100mX[0;1;30;90;47m: :[0;30;5;40;100mX[0;34;40m:................[0;1;30;90;40mS[0;1;37;97;47m8:.8[0;1;30;90;40mX[0;34;40m.................[0;1;30;90;40m8[0;1;30;90;47mt:%[0;30;5;40;100mS[0;34;40m     [0m          
            [0;34;40m....[0;1;30;90;40m8[0;36;5;40;100m;[0;1;30;90;40m8[0;34;40m...............[0;1;30;90;40mX[0;30;5;40;100m88X[0;1;37;97;47m [0;1;30;90;47mt%[0;1;37;97;47m [0;30;5;40;100mS88[0;1;30;90;40mS[0;34;40m.............. [0;1;30;90;40mX[0;36;5;40;100mt[0;1;30;90;40m8[0;34;40m    [0m            
             [0;34;40m.....................[0;30;5;40;100mS[0;37;5;40;100mXSS[0;1;30;90;47m8tS8[0;37;5;40;100mSSS[0;30;5;40;100mX[0;34;40m............         [0m             
              [0;34;40m .......................[0;36;5;40;100m [0;1;30;90;47mX:[0;36;5;40;100m [0;34;40m..............          [0m              
                [0;34;40m .....................[0;36;5;40;100m [0;1;30;90;47m;;[0;36;5;40;100m [0;34;40m...........           [0m                
                  [0;34;40m ...................[0;36;5;40;100m [0;1;30;90;47m;S[0;37;5;40;100mS[0;34;40m.......             [0m                  
                    [0;34;40m .................[0;36;5;40;100m:[0;1;30;90;47mtX[0;36;5;40;100m [0;34;40m...               [0m                    
                      [0;34;40m ...............[0;1;30;90;40m@[0;1;30;90;47m8%[0;30;5;40;100m8[0;34;40m                [0m                      
                        [0;34;40m              [0;1;30;90;47mS88S[0;34;40m              [0m                        
                          [0;34;40m            [0;36;5;40;100m;[0;37;5;40;100m88[0;36;5;40;100m:[0;34;40m            [0m                          
                             [0;34;40m                      [0m                             
                                [0;34;40m                [0m                                
                                   [0;34;40m          [0m                                   
                                      [0;34;40m    [0m                                      
