[0;1;30;90;43m.[0;1;33;93;43mSXXXXXXXXXXXXXXXXXXXXXXXXXXXXXXXXXXXXXXXXXXXXXXXXXXXXXXXSSSSSSSSSSSSS%%%[0;1;30;90;43m       [0m
[0;1;30;90;43m.[0;33;5;43;103m;;;;;;;;;;;;;;;;;;;;;;;;;;;:::;;;;;;;;;;;;;;;;;;;;;;;;;;;ttttttttt%%%%%%%%SSSS[0;1;30;90;43m [0m
[0;1;30;90;43m.[0;33;5;43;103m;;;;;;;;;;;;;;;;;;;;:::::::::::::::::;;;;;;;;;;;;;;;;;;;;;;tttttttt%%%%%%%%SSS[0;1;30;90;43m [0m
[0;1;30;90;43m:[0;33;5;43;103m;;;;;;;;;;;;;;;;:::::::::::::::::::::::::;;;;;;;;;;;;;;;;;;;ttttttttt%%%%%%%SS[0;1;30;90;43m [0m
[0;1;30;90;43m:[0;33;5;43;103m;;;;;;;;;;;;;:::::::::::::::::::::::::::::::;;;;;;;;;;;;;;;;;tttttttt%%%%%%%%S[0;1;30;90;43m [0m
[0;1;30;90;43m:[0;33;5;43;103m;;;;;;;;;;;:::::::::::::::::::::::::::::::::::;;;;;;;;;;;;;;;;tttttttt%%%%%%%%[0;1;30;90;43m [0m
[0;1;30;90;43m:[0;33;5;43;103m;;;;;;;;;:::::::::::::::::::::::::::::::::::::::;;;;;;;;;;;;;;;tttttttt%%%%%%%[0;1;30;90;43m.[0m
[0;1;30;90;43m:[0;33;5;43;103m;;;;;;;:::::::::::::::...[0;37;5;43;103m;;;:;;;[0;33;5;43;103m..:::::::::::::::;;;;;;;;;;;;;;;tttttttt%%%%%%[0;1;30;90;43m.[0m
[0;1;30;90;43m:[0;33;5;43;103m;;;;;;:::::::::::::.[0;37;5;43;103m;:::::::::::::::[0;33;5;43;103m..:::::::::::::;;;;;;;;;;;;;;ttttttt%%%%%%[0;1;30;90;43m.[0m
[0;1;30;90;43m:[0;33;5;43;103m;;;;;::::::::::::.[0;37;5;43;103m::::::::::::::::::::;[0;33;5;43;103m.::::::::::::;;;;;;;;;;;;;;ttttttt%%%%%[0;1;30;90;43m.[0m
[0;1;30;90;43m:[0;33;5;43;103m;;;;:::::::::::.[0;37;5;43;103m:::::;t;%::;.......:::::;[0;33;5;43;103m.::::::::::;;;;;;%@tXX%S;ttttttt%%%%%[0;1;30;90;43m.[0m
[0;1;30;90;43m:[0;33;5;43;103m;;;;::::::::::.[0;37;5;43;103m:t[0;33;5;43;103m;8[0;37;43mX@[0;33;5;40;100mtt[0;37;5;40;100m8[0;33;47m8[0;33;5;40;100m:t[0;1;30;90;43m8[0;33;5;43;103m8[0;37;5;43;103mX.......:::::[0;33;5;43;103m.::::::::::%@[0;1;30;90;43m;S8[0;33;5;40;100mS8S[0;1;30;90;43m8[0;33;5;40;100mX8[0;1;30;90;43mS.[0;33;5;43;103m8ttttttt%%%%[0;1;30;90;43m.[0m
[0;1;30;90;43m:[0;33;5;43;103m;;;::::::;%8SS[0;1;33;93;43m@[0;1;30;90;43m8[0;37;5;40;100m8[0;1;30;90;47m:[0;1;37;97;47m t8[0;37;5;47;107mS8@tX%[0;1;37;97;47m;[0;1;30;90;47mS[0;33;5;40;100m:[0;37;43m@[0;37;5;43;103mX:......::::[0;33;5;43;103m.::%@88[0;1;33;93;43m8[0;1;30;90;43m@[0;33;5;40;100m:[0;37;5;40;100m8[0;1;30;90;47m;[0;1;37;97;47m. X[0;37;5;47;107mX[0;1;37;97;47mX[0;37;5;47;107m8@[0;1;37;97;47m8[0;37;5;47;107m8[0;1;30;90;47m:[0;37;5;40;100m8[0;33;5;40;100m8[0;1;30;90;43m:[0;1;33;93;43m@[0;33;5;43;103mttttt%%%%[0;1;30;90;43m.[0m
[0;1;30;90;43m:[0;33;5;43;103m;;::::::[0;1;33;93;43mX[0;33;5;40;100mS;[0;1;30;90;47m8t@[0;1;37;97;47m [0;37;5;47;107m8@S%8%tXt:t;tt[0;1;37;97;47m8:[0;1;30;90;47m%[0;37;43m@[0;37;5;43;103mX......::::[0;33;5;43;103m;[0;1;30;90;43m@[0;33;5;40;100m: [0;1;30;90;47m;;S[0;1;37;97;47m.[0;37;5;47;107m888@[0;1;37;97;47m88[0;37;5;47;107m88@X8@88[0;1;37;97;47m:[0;1;30;90;47m.[0;33;5;40;100mS[0;1;30;90;43m;[0;1;33;93;43m8[0;33;5;43;103mttt%%%%[0;1;30;90;43m.[0m
[0;1;30;90;43m:[0;33;5;43;103m;;:::::8[0;33;5;40;100m:[0;1;30;90;47m:[0;37;5;47;107m@8[0;1;37;97;47m8[0;37;5;47;107m8XSXS%.S:.:%StXt.:;[0;1;37;97;47m;[0;37;5;40;100m8[0;1;33;93;43m8[0;37;5;43;103m......:::[0;1;33;93;43mX[0;33;5;40;100m [0;1;37;97;47mS8[0;37;5;47;107m8[0;1;37;97;47m@8[0;37;5;47;107m88[0;1;37;97;47m8[0;37;5;47;107m8@S[0;1;37;97;47m8[0;37;5;47;107m%tX888[0;1;37;97;47m@[0;37;5;47;107m8%@8[0;1;30;90;47m%[0;33;5;40;100m8[0;1;30;90;43m.[0;33;5;43;103mttt%%%[0;1;30;90;43m.[0m
[0;1;30;90;43m:[0;33;5;43;103m;;:::::8[0;1;37;97;47m:[0;37;5;47;107m888@88%8;X:X%t;:;;t.;%: [0;1;30;90;47mS[0;33;5;40;100m.[0;37;43mX[0;37;5;43;103m;....:::[0;1;33;93;43mX[0;1;37;97;47mX8[0;37;5;47;107m8[0;1;37;97;47m8[0;37;5;47;107m88[0;1;37;97;47mX8[0;37;5;47;107m8X[0;1;37;97;47m8[0;37;5;47;107m888@XXS8@8[0;1;37;97;47m8[0;37;5;47;107m8XX[0;33;5;40;100m 8[0;1;30;90;43m.[0;33;5;43;103m%t%%%[0;1;30;90;43m.[0m
[0;1;30;90;43m:[0;33;5;43;103m;;:::::[0;37;43m@[0;1;37;97;47m;[0;1;30;90;47mt.[0;1;37;97;47m:t[0;1;30;90;47m;[0;1;37;97;47m;%S8[0;37;5;47;107m;@%tt;.t: ::tt;;[0;1;30;90;47m;[0;1;30;90;43m8[0;37;5;43;103m@....::t[0;1;30;90;47mt[0;1;37;97;47mX[0;1;30;90;47mt [0;1;37;97;47mt:[0;1;30;90;47m%[0;1;37;97;47m;[0;1;30;90;47m.[0;1;37;97;47mt@[0;37;5;47;107mX[0;1;37;97;47m@[0;37;5;47;107m@88XS8S%@S88@8[0;37;5;40;100m8[0;1;30;90;43mS[0;33;5;43;103m8t%%%[0;1;30;90;43m.[0m
[0;1;30;90;43m:[0;33;5;43;103m;;:::%[0;33;47m@[0;37;5;47;107mX;[0;1;37;97;47m8[0;37;5;47;107m::::[0;1;37;97;47mX8%[0;37;5;47;107m@St:t.ttt %@t:X%:[0;1;37;97;47m8[0;37;5;40;100m8[0;1;30;90;43m8[0;37;5;43;103mt...:X[0;1;37;97;47m%[0;37;5;47;107m:%[0;1;37;97;47mX[0;37;5;47;107m;;;;[0;1;37;97;47mt[0;1;30;90;47m%[0;1;37;97;47m@@8[0;37;5;47;107mSX8X88@%[0;1;37;97;47m88[0;37;5;47;107m@@[0;1;37;97;47mX8[0;37;5;47;107mX[0;1;30;90;47mt[0;33;5;40;100m8[0;1;30;90;43m:[0;33;5;43;103mS%%%[0;1;30;90;43m.[0m
[0;1;30;90;43m:[0;33;5;43;103m;;:X[0;1;30;90;43mX[0;1;37;97;47m%[0;37;5;47;107m;;8[0;1;30;90;47mt[0;37;5;47;107m%:::.@[0;1;30;90;47m.[0;37;5;47;107mX@8%%t:t: ;; tt. ;[0;37;5;40;100mX[0;1;30;90;43m8[0;37;5;43;103mX..[0;33;5;43;103m@[0;33;5;40;100mS[0;37;5;47;107mS::8[0;1;37;97;47m:[0;37;5;47;107m;;;;;X[0;1;30;90;47mS[0;37;5;47;107m8[0;1;37;97;47m8@[0;37;5;47;107m88%X8S%8@S88SS[0;1;37;97;47m8[0;30;5;40;100m@[0;1;30;90;43m:[0;33;5;43;103m@%%%[0;1;30;90;43m.[0m
[0;1;30;90;43m:[0;33;5;43;103m;;:8[0;1;30;90;43mX[0;1;37;97;47m:[0;37;5;47;107m8S8@::::..:[0;1;37;97;47mX;[0;37;5;47;107m%:;%;:ttS:t::t: [0;1;37;97;47m:[0;33;5;40;100m [0;37;5;43;103mX..[0;33;5;43;103mX[0;1;30;90;43m8[0;1;37;97;47m@88@[0;37;5;47;107mS;;;;;;%[0;1;37;97;47m:[0;1;30;90;47m:[0;37;5;47;107m8%8[0;1;37;97;47m8[0;37;5;47;107m8S888S8X88@@[0;37;5;40;100m8[0;33;5;40;100m8[0;33;5;43;103m@%%%[0;1;30;90;43m.[0m
[0;1;30;90;43m:[0;33;5;43;103m;;::::%X8[0;1;33;93;47m@@88@[0;1;37;97;47m@[0;37;5;47;107m8.8.[0;1;37;97;47m8%S[0;37;5;47;107m%S%:%:t ;.;t.[0;1;30;90;47m%[0;1;30;90;43m8[0;33;5;43;103mX[0;37;5;43;103m..:::;[0;33;5;43;103m:@[0;37;5;43;103m88[0;33;5;43;103m88[0;1;33;93;47mX%[0;1;37;97;47m@[0;37;5;47;107mt[0;1;37;97;47mt[0;37;5;47;107mt[0;1;37;97;47m%[0;1;30;90;47m  [0;1;37;97;47m88[0;37;5;47;107m8X8X8S8S888[0;33;5;40;100m.[0;1;30;90;43m:[0;33;5;43;103m8%%%[0;1;30;90;43m.[0m
[0;1;30;90;43m:[0;33;5;43;103m;;;:::::::::.[0;37;5;43;103m:[0;33;5;43;103mt[0;37;43m@[0;1;30;90;47m [0;37;5;47;107m88S .[0;1;37;97;47m@@8[0;37;5;47;107m@. %%S[0;1;37;97;47m8[0;37;5;47;107m%88[0;33;5;40;100m:[0;1;30;90;43m8[0;37;5;43;103mX.::::;[0;33;5;43;103m.::::::8[0;37;43m8[0;1;30;90;47mt[0;37;5;47;107m@[0;1;37;97;47m.@[0;37;5;47;107m%%[0;1;37;97;47m%;;t[0;37;5;47;107mS%[0;1;37;97;47m%@@[0;1;30;90;47m.[0;1;37;97;47mX[0;1;30;90;47m t[0;1;30;90;40m8[0;1;30;90;43m.[0;33;5;43;103m@%%%[0;1;30;90;43m.[0m
[0;1;30;90;43m:[0;33;5;43;103m;;;::::::::::.;[0;33;47m8[0;1;37;97;47m%@[0;33;5;43;103mS%[0;37;5;43;103m@8[0;1;33;93;47m888[0;33;47m88[0;1;33;93;47m@[0;33;47m8[0;1;33;93;47m@[0;37;43m8[0;33;47m8[0;37;5;43;103mX[0;33;47m8[0;33;5;43;103m@8[0;37;5;43;103m%.:::::[0;33;5;43;103m.:::::::%[0;1;30;90;43m8[0;33;47m@8[0;33;5;43;103m%%88888[0;1;33;93;43m@@@[0;1;30;90;43mX[0;1;33;93;43m@[0;1;30;90;43mt@[0;33;5;43;103mX[0;1;30;90;43mt[0;33;5;43;103m8[0;1;33;93;43m8[0;33;5;43;103m%%%%%[0;1;30;90;43m.[0m
[0;32;40m8[0;33;5;43;103m;;;;::::::::::.[0;37;5;43;103m:::::................:::::;[0;33;5;43;103m.::::::::::;;;;;;;;;;;;;tttttttt%%%%[0;33;5;40;100m8[0m
 [0;33;5;43;103m;;;;::::::::::::[0;37;5;43;103m;::::::..........:::::::[0;33;5;43;103m.:::::::::::;;;;;;;;;;;;;;ttttttt%%%%%[0m 
 [0;1;33;93;43m8[0;33;5;43;103m;;;;::::::::::::.[0;37;5;43;103m;:::::::::::::::::::[0;33;5;43;103m.::::::::::::;;;;;;;;;;;;;;tttttttt%%%%[0;1;33;93;43m8[0m 
 [0;1;30;90;43m:[0;33;5;43;103m;;;;;;:::::::::::::.[0;37;5;43;103m;:::::::::::::[0;33;5;43;103m..:::::::::::::;;;;;;;;;;;;;;;ttttttt%%%%%[0;1;30;90;43m.[0m 
  [0;33;5;43;103m;;;;;;;::::::::::::::::.........::::::::::::::::;;;;;;;;;;;;;;;tttttttt%%%%%[0;32;40mS[0m 
  [0;1;30;90;43m.[0;33;5;43;103m;;;;;;;::::::::::::::::::::::::::::::::::::::;;;;;;;;;;;;;;;;tttttttt%%%%%[0;1;33;93;43mS[0m  
  [0;32;40mX[0;33;5;43;103m;;;;;;;;;::::::::::::::::::::::::::;X[0;1;30;90;43m%[0;1;33;93;43m8[0;1;30;90;43m%S[0;1;33;93;43m@[0;1;30;90;43m%t[0;1;33;93;43m8[0;33;5;43;103mt;;;;;;;;;;;;;;tttttttt%%%%%%[0;32;40m8[0m  
   [0;1;30;90;43m.[0;33;5;43;103m;;;;;;;;;;;::::::::::::::::::t8[0;1;33;93;43m8[0;1;30;90;43m88[0;37;5;40;100m8[0;33;5;40;100m [0;1;30;90;47mSt .%%8[0;33;5;40;100m8[0;1;30;90;43m%[0;1;33;93;43mX[0;33;5;43;103mt;;;;;;;;;;;tttttttt%%%%%%[0;1;30;90;43m [0m   
    [0;33;5;43;103mX;;;;;;;;;;;;;:::::::::S8[0;1;30;90;43m%[0;33;5;40;100m8@[0;1;30;90;43m8[0;33;5;40;100m%[0;1;30;90;47mt[0;1;37;97;47mtS8[0;37;5;47;107m@[0;1;37;97;47m8[0;37;5;47;107m8X8%8X88[0;1;37;97;47m:[0;33;5;40;100m:[0;1;30;90;43m@;[0;33;5;43;103mX;;;;;;;;tttttttt%%%%%%@[0m    
    [0;33;5;40;100m8[0;33;5;43;103m;;;;;;;;;;;;;;;;::::::[0;1;30;90;43mt[0;33;5;40;100mS[0;1;30;90;47mS[0;1;37;97;47mS8@[0;37;5;47;107m8[0;1;37;97;47m88[0;37;5;47;107m@t@88X88888%@X[0;1;37;97;47m@[0;37;5;40;100m8[0;33;5;40;100m8[0;1;30;90;43m:[0;33;5;43;103m%;;;;ttttttttt%%%%%%S[0;1;30;90;43m.[0m    
     [0;1;30;90;43m.[0;33;5;43;103m;;;;;;;;;;;;;;;;;;;;;[0;33;5;40;100m:[0;1;37;97;47m@X8[0;37;5;47;107m88[0;1;37;97;47mS888@[0;37;5;47;107mS[0;1;37;97;47m8[0;37;5;47;107m8X%%tS88X8[0;1;37;97;47m@[0;37;5;47;107mS[0;1;37;97;47m [0;33;5;40;100m8[0;1;33;93;43m8[0;33;5;43;103m;;;ttttttttt%%%%%%%[0;1;30;90;43m.[0m     
      [0;1;30;90;43m.[0;33;5;43;103m;;;;;;;;;;;;;;;;;;;;[0;33;5;40;100m:[0;1;30;90;47mtt;[0;1;37;97;47mt.t;.88[0;37;5;47;107m88[0;1;37;97;47m8[0;37;5;47;107mX@t8@tS8[0;1;37;97;47m8[0;37;5;47;107m88[0;1;37;97;47m8[0;33;5;40;100m 8[0;1;33;93;43mS[0;33;5;43;103mtttttttttt%%%%%%%[0;1;30;90;43m [0m      
       [0;1;30;90;43m.[0;33;5;43;103m;;;;;;;;;;;;;;;;;t[0;33;47m8[0;37;5;47;107mXX[0;1;37;97;47m88[0;37;5;47;107m8[0;1;37;97;47m%[0;1;30;90;47m:[0;37;5;47;107mX[0;1;30;90;47m%[0;1;37;97;47mX8[0;37;5;47;107m@8tS8%X%%8@%8@%[0;1;37;97;47m8[0;33;5;40;100m:[0;1;30;90;43m%[0;1;33;93;43m8[0;33;5;43;103mttttttt%%%%%%%%[0;1;30;90;43m [0m       
        [0;1;30;90;43m.[0;33;5;43;103m;;;;;;;;;;;;;;%[0;37;43m@[0;1;37;97;47mt[0;37;5;47;107mt%[0;1;30;90;47m8[0;1;37;97;47m:[0;37;5;47;107mtttt[0;1;37;97;47m%[0;1;30;90;47m%[0;1;37;97;47m:88[0;37;5;47;107m8[0;1;37;97;47m8[0;37;5;47;107m8@[0;1;37;97;47m8[0;37;5;47;107m8S@[0;1;37;97;47m@[0;37;5;47;107m8@8[0;1;37;97;47m8[0;37;5;47;107m8%[0;37;5;40;100m8[0;1;30;90;40m8[0;1;33;93;43mS[0;33;5;43;103mtttttt%%%%%%%%[0;1;30;90;43m [0m        
         [0;1;30;90;43m.[0;33;5;43;103mt;;;;;;;;;;;;[0;32;40mX[0;37;5;40;100m8[0;37;5;47;107mtttttttttt@[0;1;30;90;47m:[0;1;37;97;47m.@[0;37;5;47;107m8@8S@[0;1;37;97;47m8[0;37;5;47;107m%@@8@S[0;1;37;97;47m@[0;37;5;47;107m8S[0;1;37;97;47mS[0;33;5;40;100m8[0;1;30;90;43m.[0;33;5;43;103mtttt%%%%%%%%S[0;1;30;90;43m.[0m         
          [0;1;30;90;43m.[0;33;5;43;103mSt;;;;;;;;;;%[0;1;33;93;43m8[0;33;47m8[0;1;33;93;47mS[0;33;47m8[0;1;30;90;47mS[0;1;37;97;47m%%%%8[0;37;5;47;107m%%%[0;1;37;97;47m8.:[0;37;5;47;107m@[0;1;37;97;47m888[0;37;5;47;107mS[0;1;37;97;47m@[0;37;5;47;107m8@%@8X[0;1;37;97;47m8[0;37;5;47;107mS[0;1;30;90;47m:[0;33;5;40;100mt[0;1;30;90;43m:[0;33;5;43;103m%t%%%%%%%%%X[0;1;30;90;43m.[0m          
            [0;1;33;93;43m8[0;33;5;43;103mtttt;;;;;;;;;;;;;;;;S[0;1;33;93;43m8[0;1;30;90;47m .[0;1;37;97;47m@[0;37;5;47;107m%@[0;1;37;97;47m:[0;1;30;90;47m:;[0;1;37;97;47m8[0;37;5;47;107m@@X888[0;1;37;97;47m8[0;37;5;47;107mSSX[0;37;5;40;100m8[0;30;5;40;100m@[0;1;30;90;43m.[0;33;5;43;103m%%%%%%%%%%[0;1;33;93;43m8[0m            
             [0;1;30;90;43m.[0;33;5;43;103mtttttttttttt;;;;;;;t[0;1;30;90;43m8[0;1;30;90;47m%[0;1;37;97;47m8[0;1;30;90;47m [0;1;30;90;43m8[0;33;47mX[0;1;30;90;47m [0;1;37;97;47mtt[0;1;30;90;47mS[0;37;5;40;100m8[0;33;5;40;100m [0;1;30;90;47m %[0;37;5;40;100m88[0;1;30;90;47m:[0;1;30;90;43m8[0;1;30;90;47m;[0;33;5;40;100m@8[0;1;30;90;43m [0;33;5;43;103m8%%%%%%%%S[0;1;30;90;43m [0m             
              [0;32;40m@[0;1;33;93;43m8[0;33;5;43;103mttttttttttttttttttt[0;1;33;93;43m8[0;33;5;43;103m@%ttttttttt%@@%8%%%%%%%%%%%%[0;1;33;93;43m@[0;32;40m@[0m              
                [0;1;30;90;43m.[0;33;5;43;103m@tttttttttttttttttttttttttttttt%%%%%%%%%%%%%S@[0;1;30;90;43m [0m                
                  [0;1;30;90;43m.[0;33;5;43;103m%tttttttttttttttttttttttt%%%%%%%%%%%%%%%SS[0;1;30;90;43m [0m                  
                    [0;1;30;90;43m [0;33;5;43;103mSttttttttttttttt%%%%%%%%%%%%%%%%%%%SSX[0;1;30;90;43m [0m                    
                      [0;1;30;90;43m.[0;33;5;43;103mX%%%%%%%%%%%%%%%%%%%%%%%%%%%%%SSSX[0;1;30;90;43m [0m                      
                        [0;1;30;90;43m.[0;33;5;43;103m8%%%%%%%%%%%%%%%%%%%%%%%SSSSS8[0;1;30;90;43m [0m                        
                          [0;32;40m8[0;1;30;90;43m [0;33;5;43;103mS%%%%%%%%%%%%%%%%SSSSSSS[0;1;30;90;43m  [0m                          
                             [0;1;30;90;43m.[0;1;33;93;43m@[0;33;5;43;103mS%%%%%SSSSSSSSSSSS[0;1;33;93;43m@[0;1;30;90;43m [0m                             
                                [0;1;30;90;43m [0;1;33;93;43m8[0;33;5;43;103mSSSSSSSSSSSS[0;1;33;93;43m8[0;1;30;90;43m [0m                                
                                   [0;1;30;90;43m  [0;33;5;43;103mXSSSSS[0;1;33;93;43mS[0;1;30;90;43m [0m                                   
                                      [0;32;40m8[0;1;30;90;43m   [0m                                      
