[0;30;5;40;100m@[0;36;5;40;100m            [0;1;30;90;47mS[0;1;37;97;47m            [0;1;30;90;47mt[0;37;5;40;100m%%%%%%%%%%%%[0;36;5;40;100m [0;1;37;97;47m        [0;1;30;90;47m     [0;37;5;40;100m8[0;36;5;40;100m            [0;37;5;40;100m@[0;1;30;90;47m:::::;;;;;;;[0;36;5;40;100m [0m
[0;36;5;40;100m;[0;1;30;90;47mXSSSSSSSSSSS[0;1;37;97;47m8[0;37;5;47;107mtttttttttttt8[0;1;30;90;47m%%%%%%%%%%%%%[0;37;5;47;107mtttttttttttt%[0;1;37;97;47m:[0;1;30;90;47mSSSXXXXXXXX@:[0;37;5;47;107mXXXX@@@@@@@@[0;37;5;40;100m8[0m
[0;36;5;40;100m;[0;1;30;90;47mSSSSSSSSS%%%[0;1;37;97;47m8[0;37;5;47;107mtttttttttttt8[0;1;30;90;47mttttttttt%%%%[0;37;5;47;107mttttttttttttt[0;1;37;97;47m:[0;1;30;90;47mSSSSXXXXXXXX:[0;37;5;47;107mSXXXX@@@@@@@[0;37;5;40;100m8[0m
[0;36;5;40;100m;[0;1;30;90;47mSSSSSSS%%%%%[0;1;37;97;47m8[0;37;5;47;107mtttttttt;;;;8[0;1;30;90;47mttttttttttttt[0;37;5;47;107mttttttttttttt[0;1;37;97;47m:[0;1;30;90;47mSSSSSSXXXXXX.[0;37;5;47;107mSSXXXX@@@@@@[0;37;5;40;100m8[0m
[0;36;5;40;100m:[0;1;30;90;47mSSSSSS%%%%%%[0;1;37;97;47m8[0;37;5;47;107mtttt;;;;;;;;8[0;1;30;90;47m;;;;;tttttttt[0;37;5;47;107m;tttttttttttt[0;1;37;97;47m:[0;1;30;90;47mSSSSSSSXXXXX.[0;37;5;47;107mSSSXXXX@@@@@[0;37;5;40;100m8[0m
[0;36;5;40;100m:[0;1;30;90;47mSSSS%%%%%%%%[0;1;37;97;47m8[0;37;5;47;107mt;;;;;;;;;;;8[0;1;30;90;47m;;;;;;;;;;;tt[0;37;5;47;107m;;;tttttttttt[0;1;37;97;47m:[0;1;30;90;47mSSSSSSSSXXXX.[0;37;5;47;107mSSSSXXXX@@@@[0;37;5;40;100m8[0m
[0;36;5;40;100m:[0;1;30;90;47mSSS%%%%%%%tt[0;1;37;97;47m8[0;37;5;47;107m;;;;;;;;;;;;8[0;1;30;90;47m::::::;;;;;;;[0;37;5;47;107m;;;;;;ttttttt[0;1;37;97;47m:[0;1;30;90;47m%SSSSSSSSXXX.[0;37;5;47;107mSSSSXXXXX@@@[0;37;5;40;100m8[0m
[0;36;5;40;100m.[0;1;30;90;47mt;;;;;;:::::[0;1;37;97;47mX[0;37;5;47;107m88@@@@@@@@@@[0;1;37;97;47m@[0;1;30;90;47m%%%%%%%%%%SSS[0;37;5;47;107m@@88888888888[0;1;30;90;47m:888888888888t[0;37;5;47;107m@88888888888[0;37;5;40;100mX[0m
[0;37;5;40;100m8[0;37;5;47;107mttttttttt;;;[0;1;30;90;47m8[0;34;5;44;104m888888@@@@@@@@@@@@@@@@@@@8888888888888888888888[0;1;34;94;44m88888@[0;1;30;90;47mXXXX@@@@@@88[0;36;5;40;100m;[0m
[0;37;5;40;100m8[0;37;5;47;107mtttttttt;;;;[0;1;30;90;47m8[0;34;5;44;104m888@@@@@@@@@@@XXX@@@@@@@@@@888888888888888888888[0;1;34;94;44m8888@[0;1;30;90;47mXXXXX@@@@@@8[0;36;5;40;100m;[0m
[0;37;5;40;100m8[0;37;5;47;107mttttttt;;;;;[0;1;30;90;47m8[0;34;5;44;104m88@@@@@@@XXXXXXXXXXXXX@@@@@@@8888888888888888888[0;1;34;94;44m8888@[0;1;30;90;47mXXXXX@@@@@@8[0;36;5;40;100m:[0m
[0;37;5;40;100m8[0;37;5;47;107mtttttt;;;;;;[0;1;30;90;47m8[0;34;5;44;104m@@@@@@XXXX8[0;35;5;40;100mXSX[0;34;5;44;104m8XXXXXXXXX@@@@@@8888888[0;1;34;94;44mX[0;1;30;90;44mXX[0;35;44mt[0;1;34;94;44m8[0;34;5;44;104m8888888[0;1;34;94;44m888@[0;1;30;90;47mXXXXXX@@@@@8[0;36;5;40;100m:[0m
[0;37;5;40;100m8[0;37;5;47;107mttttt;;;;;;;[0;1;30;90;47m8[0;34;5;44;104m@@@@@XXX[0;35;5;40;100mXtt%S%ttS[0;34;5;44;104mXXXXXXXXX@@@@@8888[0;34;5;40;100m8X[0;1;30;90;44m8@[0;35;44mS[0;1;30;90;44mX8[0;34;5;40;100m8[0;1;34;94;44m%[0;34;5;44;104m88888[0;1;34;94;44m888@[0;1;30;90;47mXXXXXX@@@@@@[0;36;5;40;100m:[0m
[0;37;5;40;100m8[0;37;5;47;107mttttt;;;;;;:[0;1;30;90;47m8[0;34;5;44;104m@@@@XXX[0;35;5;40;100mSt[0;34;5;44;104mXXXXXXX[0;35;5;40;100mt%[0;34;5;44;104mXXXXXXXXX@@@@@88[0;34;5;40;100mS[0;1;30;90;44m@[0;34;5;44;104m888888[0;1;34;94;44m@[0;1;30;90;40m8[0;1;34;94;44mt[0;34;5;44;104m88888[0;1;34;94;44m88@[0;1;30;90;47mXXXXXX@@@@@@[0;36;5;40;100m:[0m
[0;37;5;40;100m8[0;37;5;47;107mtttt;;;;;;::[0;1;30;90;47m8[0;34;5;44;104m@@@XXX8[0;35;5;40;100m;[0;34;5;44;104m@XXXS[0;36;5;44;104mXXXX[0;35;5;40;100m;%[0;34;5;44;104mXXXXXXXXX@@@@@[0;1;30;90;44m8[0;34;5;40;100m@[0;34;5;44;104m88888888[0;1;34;94;44m%[0;1;30;90;40m8[0;1;34;94;44m8[0;34;5;44;104m8888[0;1;34;94;44m88@[0;1;30;90;47mXXXXXX@@@@@@[0;36;5;40;100m:[0m
[0;37;5;40;100mS[0;37;5;47;107m888@@@@@@XXX[0;1;30;90;47m8[0;34;5;44;104m@@XX8[0;34;5;40;100mX[0;35;5;40;100m%[0;34;5;40;100mS[0;35;5;40;100m%;:::.::;t:%[0;34;5;44;104mXXXXXXXX@@@[0;1;34;94;44mX[0;34;5;40;100m8[0;30;5;40;100m8[0;1;30;90;44m@[0;34;5;40;100m8[0;35;5;40;100m8[0;34;5;40;100m8X@8[0;1;30;90;44m8X%[0;30;44mX[0;34;40m8[0;1;34;94;44mX[0;34;5;44;104m888[0;1;34;94;44m888[0;1;30;90;47m::::::;;;;tt[0;36;5;40;100m [0m
[0;36;5;40;100m:[0;1;30;90;47m%%%tttt;;;::[0;36;5;40;100m [0;34;5;44;104m@@XXX[0;34;5;40;100mS[0;33;5;40;100mSS%%ttt;;::;t[0;35;5;40;100m;[0;35;5;44;104m@[0;34;5;44;104mXXXXXXXX@@@[0;34;5;40;100m@[0;30;5;40;100m8[0;1;30;90;40m88@XSS[0;31;40mt;t%tS[0;1;30;90;44m%[0;34;5;44;104m888[0;1;34;94;44m88[0;36;5;44;104m8[0;37;5;47;107m%%%SSSSSXXXX[0;37;5;40;100m8[0m
[0;36;5;40;100m:[0;1;30;90;47m%%tttt;;;;::[0;36;5;40;100m [0;34;5;44;104m@@XXXX[0;35;5;40;100mt[0;33;5;40;100m%tt;;:::::;t[0;35;5;40;100mt[0;36;5;44;104mX[0;34;5;44;104mXXXXXXXX@@@8[0;31;5;40;100m@XS[0;33;5;40;100m8[0;31;5;40;100mSX@88[0;31;40m88@[0;1;30;90;40m8[0;34;5;44;104m8888[0;1;34;94;44m88[0;36;5;44;104m8[0;37;5;47;107m%%%SSSSSXXXX[0;37;5;40;100m8[0m
[0;36;5;40;100m:[0;1;30;90;47m%%%tttt;;;::[0;36;5;40;100m [0;34;5;44;104m@@XXXX[0;35;5;40;100m%[0;33;5;40;100m%tt;;;::;;;:[0;36;5;44;104mX[0;34;5;44;104mSXXXXXXXX@@@@[0;31;5;40;100mSXX[0;33;5;40;100m8[0;31;5;40;100mSX@@8[0;31;40m88@[0;1;30;90;44mX[0;34;5;44;104m8888[0;1;34;94;44m88[0;36;5;44;104m8[0;37;5;47;107m%%%SSSSSXXXX[0;37;5;40;100m8[0m
[0;36;5;40;100m:[0;1;30;90;47m%%%tttt;;;::[0;36;5;40;100m.[0;34;5;44;104m@@XXXX[0;34;5;40;100mX[0;33;5;40;100mS%tt;;;;;tt[0;35;5;40;100m;[0;34;5;44;104mSXXXXXXXX@@@@@[0;34;5;40;100mX[0;31;5;40;100mXX[0;33;5;40;100m8[0;31;5;40;100mSX@@8[0;1;30;90;41m8[0;31;40m88[0;1;30;90;44mt[0;34;5;44;104m8888[0;1;34;94;44m88[0;36;5;44;104m8[0;37;5;47;107m%%%SSSSSXXXX[0;37;5;40;100m8[0m
[0;36;5;40;100m:[0;1;30;90;47m%%%tttt;;;::[0;36;5;40;100m.[0;34;5;44;104m@@@XXX[0;1;34;94;44m8[0;33;5;40;100mS%tttttttt%[0;35;5;40;100mt[0;34;5;44;104mXXXXXXXXX@@@@8[0;34;5;40;100m8[0;31;5;40;100mXXXXX888[0;30;41m8[0;31;40m88[0;1;34;94;44m@[0;34;5;44;104m8888[0;1;34;94;44m88[0;36;5;44;104m8[0;37;5;47;107m%%%SSSSSXXXX[0;37;5;40;100m8[0m
[0;36;5;40;100m;[0;1;30;90;47m%%%ttttt;;;:[0;36;5;40;100m [0;34;5;44;104m@@@@XXX[0;35;5;40;100m%[0;33;5;40;100mS%%tt%%%%[0;35;5;40;100m;[0;34;5;44;104mXXXXXXXXX@@@@@88[0;31;5;40;100m@XXXX@88[0;31;40m88[0;1;30;90;44mX[0;34;5;44;104m8888[0;1;34;94;44m888[0;36;5;40;100m.[0;37;5;47;107m%%SSSSSSXXXX[0;37;5;40;100mX[0m
[0;30;5;40;100mX[0;1;30;90;47m%%%%tttt;;;;[0;37;5;40;100mt[0;34;5;44;104m@@@@@XX[0;35;5;40;100mX[0;33;5;40;100mXS%%%%SSS[0;35;5;40;100m%[0;34;5;44;104mXXXXXXXX@@@@@888[0;35;5;40;100m8[0;31;5;40;100m@8@X888[0;31;40m88[0;35;44m;[0;34;5;44;104m8888[0;1;34;94;44m888[0;1;30;90;47m8[0;37;5;47;107m%%SSSSSXXXX@[0;36;5;40;100m [0m
[0;1;30;90;40m8[0;1;37;97;47m:::;;;;;tttt[0;1;30;90;47mS[0;34;5;44;104m8@@@@@@[0;35;44m@[0;33;5;40;100mXXSSSSXXX[0;34;5;40;100mX[0;34;5;44;104mXXXXXX@@@@@@8888[0;34;5;40;100m8[0;31;5;40;100m8X@X88[0;1;30;90;41m8[0;31;40m8@[0;1;34;94;44m8[0;34;5;44;104m8888[0;1;34;94;44m888[0;1;30;90;47m8[0;1;37;97;47m@@@XXXXXSSSS[0;30;5;40;100mX[0m
 [0;37;5;47;107m%tttttt;;;;;%[0;34;5;44;104m88@@@@@@[0;35;5;40;100m@t[0;33;5;40;100mt%%%[0;35;5;40;100mt%X[0;34;5;44;104m@XXX@@@@@@@@88888[0;1;34;94;44m8[0;34;5;40;100mS[0;31;5;40;100mS8888[0;30;5;40;100m8[0;34;5;40;100m8[0;1;30;90;44m%[0;34;5;44;104m8888[0;1;34;94;44m8888[0;1;30;90;47m8XXXXX@@@@@@8[0m 
 [0;1;37;97;47m;[0;37;5;47;107mttttttt;;;;;[0;1;30;90;47m8[0;34;5;44;104m888@@@@@@@@@@@@@@@@@@[0;1;30;90;44m8[0;35;5;40;100mX@@[0;34;5;40;100m888[0;1;34;94;44mS[0;34;5;44;104m88888888888888888[0;1;34;94;44m8888@[0;1;30;90;47mXXXXX@@@@@@@[0;37;5;40;100mX[0m 
 [0;37;5;40;100mS[0;37;5;47;107mtttttttt;;;;[0;1;37;97;47mt[0;34;5;44;104m88888@@@@@@@@@@@@@@8[0;35;5;40;100m@[0;34;5;40;100m8[0;34;5;44;104m88888[0;1;34;94;44m8[0;34;5;40;100m8[0;1;30;90;44m@[0;34;5;44;104m8888888888888888[0;1;34;94;44m8888[0;37;5;40;100m%[0;1;30;90;47mXXXXX@@@@@@8[0;36;5;40;100m;[0m 
  [0;37;5;47;107m%ttttttttt;;;[0;36;5;40;100m [0;34;5;44;104m88888888@@@@@@@@@@[0;34;5;40;100m88[0;34;5;44;104m88888888[0;30;5;40;100m8[0;1;30;90;44mX[0;34;5;44;104m88888888888888[0;1;34;94;44m8888@[0;1;30;90;47mXXXXX@@@@@@88[0;1;30;90;40mS[0m 
  [0;1;30;90;47m;[0;37;5;47;107mttttttttttt;8[0;34;5;44;104m8888888888888888[0;1;34;94;44m8[0;1;30;90;44m8[0;34;5;40;100mX[0;34;5;44;104m8[0;1;34;94;44m8@S[0;35;44mSS[0;1;34;94;44mS@[0;34;5;44;104m8[0;1;34;94;44m@[0;1;30;90;40m8[0;1;34;94;44m%[0;34;5;44;104m888888888888[0;1;34;94;44m88888[0;1;30;90;47m8XXXX@@@@@@@8[0;36;5;40;100m [0m  
  [0;1;30;90;40m8[0;37;5;47;107m%ttttttttttS[0;1;37;97;47m8[0;1;30;90;47m8[0;34;5;44;104m888888888888888[0;1;30;90;44m@[0;1;30;90;40m8X@[0;30;5;40;100m88[0;1;30;90;40m888@@@[0;34;40mS%[0;1;30;90;40mX[0;1;34;94;44mS[0;34;5;44;104m8888888888[0;1;34;94;44m88888[0;1;30;90;47m8[0;1;37;97;47m.[0;1;30;90;47m%XXX@@@@@@88[0;1;30;90;40m@[0m  
   [0;1;30;90;47mX[0;37;5;47;107mttttttX[0;1;37;97;47m8t[0;1;30;90;47m:%%t[0;36;5;40;100m:[0;34;5;44;104m888888888888888[0;34;5;40;100m8[0;31;5;40;100m888888[0;30;5;40;100m8[0;1;30;90;40m88[0;31;40m@@@[0;1;30;90;40m8[0;34;5;44;104m888888888[0;1;34;94;44m888888[0;36;5;40;100m [0;37;5;47;107mSSS8[0;1;37;97;47mS.[0;1;30;90;47m%@@@@88[0;36;5;40;100m [0m   
    [0;37;5;47;107m8tX[0;1;37;97;47m@;[0;1;30;90;47m;%%%%%%%%[0;1;30;90;44m8[0;34;5;44;104m88888888888888[0;1;30;90;44mX[0;31;5;40;100m88@@X888[0;31;40m888@[0;1;30;90;44m%[0;34;5;44;104m88888888[0;1;34;94;44m888888[0;36;5;44;104m8[0;37;5;47;107mXSSSSSSX8[0;1;37;97;47mS [0;1;30;90;47mS8[0;37;5;40;100m8[0m    
    [0;30;5;40;100m@[0;1;30;90;47mtSSSSS%%%%%%%S[0;1;30;90;44m8[0;34;5;44;104m8888888888888[0;1;34;94;44m8[0;31;5;40;100m88@@X888[0;30;41m8[0;31;40m88@[0;1;34;94;44mS[0;34;5;44;104m888888[0;1;34;94;44m8888888[0;36;5;44;104m8[0;37;5;47;107m@SSSSSXXXXX@@[0;1;37;97;47m8[0;30;5;40;100m8[0m    
     [0;30;5;40;100mS[0;1;30;90;47mSSSSSSSS%%%%%%[0;36;5;40;100m:[0;34;5;44;104m8888888888888[0;1;30;90;40m8[0;1;30;90;41m8[0;31;5;40;100m8@X[0;1;30;90;41m8888[0;31;40m88[0;1;30;90;40m@[0;34;5;44;104m88888[0;1;34;94;44m88888888[0;1;30;90;47m8[0;37;5;47;107mSSSSSSXXXXX@@@[0;36;5;40;100m [0m     
      [0;36;5;40;100m.[0;1;30;90;47mSSSSSSSSSS%%%%8[0;34;5;44;104m888888888888[0;1;30;90;44m8[0;1;30;90;41m88[0;31;5;40;100m@[0;1;30;90;41m8888[0;31;40m888[0;1;30;90;44m%[0;34;5;44;104m888[0;1;34;94;44m888888888[0;1;30;90;47m8[0;37;5;47;107mSSSSSSXXXXX@@@[0;1;30;90;47m@[0m      
       [0;36;5;40;100m [0;1;30;90;47mSSSSSSSSSSS.[0;37;5;47;107m8t8[0;36;5;44;104m8[0;34;5;44;104m8888888888[0;35;44m;[0;1;30;90;41m888888[0;31;40m88@@[0;1;34;94;44m888888888888[0;1;30;90;47m8X;[0;1;37;97;47m8[0;37;5;47;107mSSXXXXXX@@@[0;1;30;90;47m%[0m       
        [0;36;5;40;100m [0;1;30;90;47mSSSSSSSSt[0;1;37;97;47m@[0;37;5;47;107mtttt%[0;1;30;90;47mX[0;34;5;44;104m888888888[0;1;34;94;44m8[0;30;41m8[0;1;30;90;41m88888[0;30;41m88[0;31;40m@[0;34;40m8[0;1;34;94;44m8888888888[0;36;5;40;100m.[0;1;30;90;47mXXXX@.[0;37;5;47;107m8XXXX@@@@[0;1;30;90;47mX[0m        
         [0;36;5;40;100m;[0;1;30;90;47mXXSSSS[0;1;37;97;47m;[0;37;5;47;107mS%%%tttt8[0;1;30;90;47m8[0;34;5;44;104m88888888[0;1;30;90;44m8[0;1;30;90;41m88888[0;30;41m8[0;31;40m88[0;1;30;90;44mt[0;1;34;94;44m88888888[0;1;30;90;44m8[0;1;30;90;47m8XXX@@@@X[0;1;37;97;47m;[0;37;5;47;107m@X@@@@[0;37;5;40;100mX[0m         
          [0;30;5;40;100m8[0;1;30;90;47m8XX.[0;37;5;47;107m8%%%%%%%%%%%[0;1;37;97;47mX[0;36;5;40;100m.[0;1;34;94;44m8888888X[0;35;44mt[0;1;30;90;44m%%%t[0;1;34;94;44mt88888888@[0;37;5;40;100mX[0;1;30;90;47mXXX@@@@@@@@%[0;1;37;97;47mX[0;37;5;47;107m@@[0;1;37;97;47m8[0;36;5;40;100m:[0m          
            [0;37;5;40;100m@[0;1;37;97;47m@[0;37;5;47;107m%%%%%%%%%%%%%%@[0;1;30;90;47m8[0;1;30;90;44m8[0;1;34;94;44m888888888888888888[0;36;5;40;100m.[0;1;37;97;47m;[0;1;30;90;47m;X@@@@@@@@@@888; [0m            
             [0;37;5;40;100m@[0;37;5;47;107mXSSS%%%%%%%%%%[0;1;30;90;47m:XX8[0;36;5;40;100mt[0;1;34;94;44m88888888888888[0;1;30;90;47m8[0;1;37;97;47m@[0;37;5;47;107mSS8[0;1;30;90;47mX@@@@@@@@88888[0;36;5;40;100m:[0m             
              [0;30;5;40;100m8[0;1;37;97;47m;[0;37;5;47;107mSSSSSSSSSSS[0;1;37;97;47m%[0;1;30;90;47mXXXXX@[0;36;5;40;100m [0;1;34;94;44m@88888888[0;34;5;44;104m8[0;1;30;90;47mX[0;37;5;47;107m8SSSXX[0;1;37;97;47mt[0;1;30;90;47m@@@@@@88888[0;37;5;40;100m%[0;1;30;90;40mX[0m              
                [0;36;5;40;100m [0;1;37;97;47m8[0;37;5;47;107mSSSSSSSS8[0;1;30;90;47mXXXXXXXXX8[0;36;5;40;100m.[0;1;34;94;44m@88[0;34;5;44;104m8[0;1;30;90;47m8[0;1;37;97;47m@[0;37;5;47;107mSSXXXXXXX[0;1;30;90;47m;@@888888[0;37;5;40;100m8[0;30;5;40;100mX[0m                
                  [0;37;5;40;100m8[0;37;5;47;107m@SSSSSX[0;1;30;90;47mtXXXXXXX@@@@@8[0;1;37;97;47m@[0;37;5;47;107mXXXXXXXXXXX@8[0;1;30;90;47m@888888[0;36;5;40;100m:[0m                  
                    [0;1;30;90;47m8[0;37;5;47;107m8XXX[0;1;37;97;47m.[0;1;30;90;47m@@@@@@@@@@@@@@[0;37;5;47;107mXXXXXXXXX@@@@@[0;1;37;97;47mt[0;1;30;90;47m8888[0;36;5;40;100m.[0m                    
                      [0;37;5;40;100m@[0;1;37;97;47m8X[0;1;30;90;47m@@@@@@@@@@@@@@@[0;37;5;47;107mXXXX@@@@@@@@@@@[0;1;30;90;47m:[0;37;5;40;100m8[0;36;5;40;100m:[0m                      
                        [0;36;5;40;100mt[0;37;5;40;100m@[0;1;30;90;47m@@@@@@@@@@@@@8[0;37;5;47;107m@@@@@@@@@@@@@@[0;1;37;97;47mS[0;36;5;40;100m [0m                        
                          [0;1;30;90;40m8[0;36;5;40;100m [0;1;30;90;47m888888888888[0;37;5;47;107m@@@@@@@@@@@8[0;1;30;90;47m;[0;36;5;40;100mt[0m                          
                             [0;30;5;40;100mX[0;36;5;40;100m [0;1;30;90;47m888888888[0;37;5;47;107m@@@@@@@@@[0;1;37;97;47m:[0;36;5;40;100m [0m                             
                                [0;30;5;40;100m%[0;37;5;40;100mS[0;1;30;90;47m888888[0;37;5;47;107m@@@@@@[0;1;37;97;47mt[0;37;5;40;100mX[0m                                
                                   [0;30;5;40;100mX[0;36;5;40;100m [0;1;30;90;47m888[0;37;5;47;107m@@8[0;1;30;90;47m.[0;36;5;40;100m [0m                                   
                                      [0;1;30;90;40m8[0;36;5;40;100m;[0;37;5;40;100m@[0;36;5;40;100m%[0m                                      
