[0;1;30;90;43m................::::::::::::::::;X8[0;33;5;40;100m@t[0;36;5;40;100m;SX@XSt[0;33;5;40;100m%X[0;1;30;90;43m8S:..............                [0;31;43m8[0m
[0;1;30;90;43m.[0;33;5;43;103mtttttt;;;;;;;;;;;;;;;;;;;t8[0;33;47m8[0;1;30;90;47m8[0;1;30;90;46m88[0;1;36;96;46mSSSSSSSSSSSSSSSS[0;1;30;90;46m:@8[0;37;5;40;100mt[0;37;43m8[0;1;33;93;43m8[0;33;5;43;103m%ttttttttt%%%%%%%SSSSSSSS[0;1;30;90;43m [0m
[0;1;30;90;43m.[0;33;5;43;103mtttt;;;;;;;;;;;;;;;;;t[0;37;43m@[0;1;30;90;47m8[0;1;30;90;46m8[0;1;36;96;46mSXXXXXSSSSSSSSSSSSSSSSSSSSS[0;1;30;90;46m:;8[0;1;30;90;47m8[0;1;33;93;43m@[0;33;5;43;103m%tttttt%%%%%%%SSSSSSS[0;1;30;90;43m [0m
[0;1;30;90;43m:[0;33;5;43;103mtt;;;;;;;;;;;;;;;;S[0;33;47m8[0;36;47m8[0;1;30;90;46mX[0;1;36;96;46mXXXXXXXXXXXX[0;1;30;90;46m@888[0;37;46m888[0;1;30;90;46m8888X[0;1;36;96;46mSSSSSSSS[0;1;30;90;46m:::%[0;36;5;40;100m [0;37;43mX[0;33;5;43;103m%tttt%%%%%%%SSSSSS[0;1;30;90;43m [0m
[0;1;30;90;43m:[0;33;5;43;103mt;;;;;;;;;;;;;;t[0;33;47m8[0;37;46m8[0;1;36;96;46mXXXXXXXXXX[0;37;46m8[0;1;30;90;47m8[0;33;47m88[0;33;5;43;103m@t;;;;;;;;;;;;t@[0;1;33;93;43m8[0;37;43m8[0;1;30;90;47m8[0;1;30;90;46m8@[0;1;36;96;46mSS[0;1;30;90;46m::::.%[0;37;5;40;100m%[0;33;5;43;103m8ttt%%%%%%%SSSSS[0;1;30;90;43m [0m
[0;1;30;90;43m:[0;33;5;43;103m;;;;;;;;;;;;;S[0;33;47m8[0;1;30;90;46m8[0;1;36;96;46mXXXXXXXX[0;37;46m8[0;1;30;90;47m8[0;37;5;43;103m@[0;33;5;43;103m;::::::::;;;;;;;;;;;;;;;;;@[0;37;43m@[0;37;5;40;100m%[0;1;30;90;46mX:::..:8[0;1;33;93;43m8[0;33;5;43;103mtt%%%%%%%SSSS[0;1;30;90;43m [0m
[0;1;30;90;43m:[0;33;5;43;103m;;;;;;;;;;;S[0;1;30;90;47m8[0;1;30;90;46mX[0;1;36;96;46mXXXXXXX[0;36;47m8[0;33;47m8[0;33;5;43;103mS:::::::::::::::;;;;;;;;;;;;;;;;;t8[0;1;30;90;47m8[0;1;30;90;46m@:....8[0;33;5;43;103m8t%%%%%%%SSS[0;1;30;90;43m.[0m
[0;1;30;90;43m:[0;33;5;43;103m;;;;;;;;;t[0;33;47m8[0;1;30;90;46m@[0;1;36;96;46mXXXXXX[0;37;46mS[0;1;30;90;47m8[0;37;5;43;103mX[0;33;5;43;103m::::::::::::::::;SXXXSt;;;;;;;;;;;;;;;t[0;1;33;93;43m8[0;36;5;40;100m.[0;1;30;90;46m:...:[0;37;5;40;100m%[0;33;5;43;103mS%%%%%%SSS[0;1;30;90;43m.[0m
[0;1;30;90;43m:[0;33;5;43;103m;;;;;;;;8[0;1;30;90;46m8[0;1;36;96;46mXXXXXXX[0;33;47m@[0;33;5;43;103mt::::::::::::[0;37;5;43;103mS[0;1;33;93;47m8[0;1;30;90;47mX8[0;37;46m8S[0;1;36;96;46m@@@@XXX[0;1;30;90;46m88[0;1;30;90;47m88[0;33;47m8[0;33;5;43;103m@;;;;;;;;;;tt8[0;37;5;40;100mt[0;1;30;90;46m:...8[0;1;33;93;43m8[0;33;5;43;103m%%%%%%SS[0;1;30;90;43m.[0m
[0;1;30;90;43m:[0;33;5;43;103m;;;;;;;[0;33;47m8[0;1;36;96;46mXXXXXX@[0;1;30;90;47m8[0;33;5;43;103m%:::::.[0;37;5;43;103m%%%%S8[0;1;30;90;47mX[0;36;47m8[0;1;36;96;46m8888@@@@@@@@XXXXXXX[0;1;30;90;46m8[0;1;30;90;47m8[0;33;47m8[0;33;5;43;103mS;;;;;;;ttt8[0;36;5;40;100m:[0;1;30;90;46m...:[0;1;30;90;43m8[0;33;5;43;103m%%%%%SS[0;1;30;90;43m.[0m
[0;1;30;90;43m:[0;33;5;43;103m;;;;;t[0;1;30;90;47m8[0;1;36;96;46mXXXXXX[0;37;46m8[0;37;5;43;103m@[0;33;5;43;103m::::.[0;37;5;43;103m%%SSS@[0;1;30;90;47m%[0;36;47m8[0;1;36;96;46m8888888888@@@@@@XXXXXXXSS[0;1;30;90;46mt8[0;37;43m8[0;33;5;43;103m%;;;;ttttt[0;1;33;93;43mX[0;1;30;90;46m@...[0;36;5;40;100m:[0;33;5;43;103mS%%%%S[0;1;30;90;43m.[0m
[0;1;30;90;43m:[0;33;5;43;103m;;;;t[0;37;46m8[0;1;36;96;46mXXXXX@[0;1;30;90;47m8[0;33;5;43;103m;:::.[0;37;5;43;103m%%SSS@[0;1;30;90;47m@[0;1;36;96;46m888888888888888@@@@@XXXXXXSSSSS[0;1;30;90;46mS[0;1;30;90;47m8[0;33;5;43;103mS;;;tttttS[0;1;30;90;46m8...8[0;33;5;43;103mS%%%S[0;1;30;90;43m.[0m
[0;1;30;90;43m:[0;33;5;43;103m;;;t[0;37;46m8[0;1;36;96;46mXXXXXX[0;33;47m@[0;33;5;43;103m::::[0;37;5;43;103m%%SSSX[0;1;30;90;47mX[0;1;36;96;46m888888888888[0;36;47m8@[0;1;30;90;47m8@S[0;33;47m@@[0;1;30;90;47m@88[0;37;46m8[0;1;30;90;46m8[0;1;36;96;46mXXXXXSSSSSS[0;1;30;90;46m%[0;1;30;90;47m8[0;33;5;43;103mS;ttttttt[0;37;43m8[0;1;30;90;46m:..8[0;33;5;43;103mS%%S[0;1;30;90;43m.[0m
[0;1;30;90;43m:[0;33;5;43;103m;;;[0;1;30;90;47m8[0;1;36;96;46mXXXXXX[0;33;47m8[0;33;5;43;103m::::[0;37;5;43;103m%%SSS[0;1;33;93;47m8[0;36;47m8[0;1;36;96;46m888888888[0;36;47m8[0;1;30;90;47mt[0;1;33;93;47m8[0;37;5;43;103mXXSSSS%[0;33;5;43;103m.:::::X[0;33;47m8[0;1;30;90;47m8[0;1;30;90;46m8[0;1;36;96;46mXXSSSSSSS[0;1;30;90;46mS[0;37;43m8[0;33;5;43;103mtttttttt[0;37;43mX[0;1;30;90;46m;..[0;36;5;40;100m.[0;33;5;43;103m%%%[0;1;30;90;43m.[0m
[0;1;30;90;43m:[0;33;5;43;103m;;[0;33;47m8[0;1;36;96;46mSXXXXX[0;33;47m@[0;33;5;43;103m::::.[0;37;5;43;103m%SSS[0;1;30;90;47m%[0;1;36;96;46m88888[0;37;46m@@[0;36;47m88[0;1;30;90;47mX[0;37;5;43;103m8XXXXXXSSSS%[0;33;5;43;103m:::::::;;8[0;1;30;90;47m8[0;1;30;90;46mS[0;1;36;96;46mSSSSSSSS[0;1;30;90;46m8[0;33;5;43;103mSttttttt[0;37;43mX[0;1;30;90;46m...[0;1;30;90;43m8[0;33;5;43;103m%%[0;1;30;90;43m.[0m
[0;1;30;90;43m:[0;33;5;43;103m;S[0;1;30;90;46m@[0;1;36;96;46mXXXXX[0;1;30;90;47m8[0;33;5;43;103m:::::[0;37;5;43;103m%SSS[0;1;30;90;47mX[0;1;36;96;46m88888[0;36;47m8[0;1;36;96;47mSS[0;1;30;90;47mS[0;37;5;43;103m@XXXXXXXXXSSS%[0;33;5;43;103m.::::::;;;;X[0;1;30;90;47m8[0;1;30;90;46mS[0;1;36;96;46mSSSSSSS[0;1;30;90;46m8[0;33;5;43;103m8ttttttt[0;37;43m@[0;1;30;90;46m..:[0;33;5;43;103m8%[0;1;30;90;43m.[0m
[0;1;30;90;43m:[0;33;5;43;103m;[0;1;30;90;47m8[0;1;36;96;46mSXXXX[0;1;30;90;46m8[0;33;5;43;103m%:::::[0;37;5;43;103m%SS[0;1;30;90;47mX[0;1;36;96;46m88888[0;36;47m8[0;1;36;96;47mS[0;36;47m8[0;1;33;93;47m8[0;37;5;43;103mXXXXXXXXXXXSSSS%[0;33;5;43;103m:::::::;;;;;@[0;1;30;90;46m8[0;1;36;96;46mSSSSSS[0;1;30;90;46m:%[0;1;33;93;43m8[0;33;5;43;103mtttttt%[0;36;5;40;100m [0;1;30;90;46m. 8[0;33;5;43;103m%[0;1;30;90;43m.[0m
[0;1;30;90;43m:[0;33;5;43;103m%[0;1;30;90;46mX[0;1;36;96;46mSXXXX[0;33;47m8[0;33;5;43;103m::::::[0;37;5;43;103m%S[0;33;47mX[0;1;36;96;46m888888[0;36;47m88[0;37;5;43;103m@XXXXXXXXX@[0;1;33;93;47m@[0;1;30;90;47mSS[0;36;47m888[0;1;30;90;47m@8[0;33;47m8[0;37;5;43;103mX[0;33;5;43;103m::::;;;;;;;[0;33;47m8[0;1;36;96;46mSSSSS[0;1;30;90;46m::%[0;33;5;43;103m8ttttt%X[0;1;30;90;46mS  [0;1;33;93;43m8[0;1;30;90;43m.[0m
[0;1;30;90;43m:[0;37;43m8[0;1;36;96;46mSSXXX[0;1;30;90;46m8[0;33;5;43;103mt::::::[0;37;5;43;103m%8[0;1;36;96;46m8888888[0;36;47m8[0;37;5;43;103m@XXXXXXXX[0;1;33;93;47mX[0;36;47m@[0;1;36;96;46m88888888@@@[0;37;46m8[0;33;47m8[0;33;5;43;103m%:;;;;;;;;[0;37;43m8[0;1;36;96;46mSSSS[0;1;30;90;46m:::8[0;33;5;43;103m%tttt%%[0;37;43mX[0;1;30;90;46m  [0;36;5;40;100m.[0;1;30;90;43m.[0m
[0;1;30;90;43m:[0;1;30;90;47m8[0;1;36;96;46mSSSXX[0;1;30;90;47m8[0;33;5;43;103m:::::::[0;37;5;43;103m%[0;1;30;90;47mX[0;1;36;96;46m8888888[0;1;33;93;47m@[0;37;5;43;103mXXXXXXX8[0;36;47m8[0;1;36;96;46m8888888888@@@@@[0;1;30;90;46m8[0;33;47m8[0;33;5;43;103mt;;;;;;;;[0;33;47m8[0;1;36;96;46mSSS[0;1;30;90;46m:::.[0;37;5;40;100m@[0;33;5;43;103mtttt%%%[0;1;30;90;46m8 ;[0;1;30;90;43m:[0m
[0;1;30;90;43m:[0;1;30;90;46m8[0;1;36;96;46mSSSXX[0;33;47m8[0;33;5;43;103m;::::::[0;37;5;43;103mX[0;1;36;96;46m8888888[0;36;47m8[0;37;5;43;103mXXXXXXX8[0;36;47m8[0;1;36;96;46m8888888888@@@@@XXX[0;37;46m@[0;33;5;43;103mX;;;;;;;;[0;1;30;90;46m8[0;1;36;96;46mSS[0;1;30;90;46m::..t[0;33;5;43;103mXttt%%%[0;37;43m@[0;1;30;90;46m  [0;33;5;40;100m8[0m
[0;1;30;90;43mt[0;1;36;96;46mSSSSXX[0;33;5;43;103m8;::::::[0;33;47m8[0;1;36;96;46m8888888[0;1;30;90;47mS[0;37;5;43;103mXXXXXXX[0;36;47m8[0;1;36;96;46m88888[0;37;46m@[0;1;30;90;47m8[0;33;47m@[0;1;33;93;47m88[0;33;47m8[0;1;30;90;47m8[0;37;46m@[0;1;36;96;46m@@@XXXX[0;1;30;90;46m8[0;33;5;43;103mS;;;;;;;8[0;1;30;90;46m::::...[0;37;43m8[0;33;5;43;103mtt%%%%X[0;1;30;90;46m. [0;32;5;40;100mX[0m
[0;32;5;40;100mS[0;1;36;96;46mSSSSSX[0;33;5;43;103mX;;:::::[0;1;30;90;47m8[0;1;36;96;46m@888888[0;33;47m@[0;37;5;43;103mSXXXXXX[0;1;36;96;46m88888[0;36;47m@[0;37;5;43;103mXS%%[0;33;5;43;103m:::;[0;33;47m8[0;1;36;96;46mXXXXXXX[0;36;47m8[0;33;5;43;103m;;;;;;;;[0;1;30;90;46m8:::...8[0;33;5;43;103mtt%%%%%[0;1;30;90;46m8 [0;32;5;40;100mS[0m
[0;32;40mX[0;1;36;96;46mSSSSSX[0;33;5;43;103m@;;;::::[0;1;30;90;47m8[0;1;36;96;46m@@@8888[0;33;47mX[0;37;5;43;103mSSSSSSS[0;36;47m8[0;1;36;96;46m8888[0;1;33;93;47m8[0;37;5;43;103mS%[0;33;5;43;103m.::::::[0;33;47m8[0;1;36;96;46mXXXXXSS[0;33;5;43;103m8;;;;;;;[0;37;43m8[0;1;30;90;46m::....8[0;33;5;43;103mtt%%%%%[0;33;5;40;100m [0;1;30;90;46m [0;34;40mX[0m
 [0;1;30;90;46m;[0;1;36;96;46mSSSSS[0;33;5;43;103m8;;;;:::[0;33;47m8[0;1;36;96;46m@@@@888[0;1;30;90;47m8[0;37;5;43;103mSSSSSSS[0;1;33;93;47m8[0;1;36;96;46m8888[0;36;47m8[0;33;47m8[0;1;33;93;47m8[0;1;30;90;47m8[0;37;5;43;103m@[0;33;5;43;103m:::::;[0;1;30;90;46m8[0;1;36;96;46mXXXSSS[0;37;43m8[0;33;5;43;103m;;;;;;;[0;37;43mX[0;1;30;90;46m::....%[0;33;5;43;103mt%%%%%%[0;1;30;90;43m8[0;1;30;90;46m [0m 
 [0;1;30;90;46m:[0;1;36;96;46mSSSSS[0;33;47m8[0;33;5;43;103m;;;;;::@[0;1;36;96;46m@@@@@@@@[0;37;5;43;103m@%%%%%%%[0;1;33;93;47m8[0;37;46m@[0;1;36;96;46m8@@@@X[0;37;5;43;103mX[0;33;5;43;103m:::::;[0;37;46m@[0;1;36;96;46mXXSSSS[0;37;43m@[0;33;5;43;103m;;;;;;;[0;1;33;93;43m@[0;1;30;90;46m:.....S[0;33;5;43;103mt%%%%%%[0;1;30;90;43m8[0;1;30;90;46m [0m 
 [0;1;30;90;46m:[0;1;36;96;46mSSSSS[0;37;46m8[0;33;5;43;103m;;;;;;;:[0;37;46m8[0;1;36;96;46m@@@@@@@[0;36;47m8[0;33;5;43;103m:::::::::[0;1;33;93;47m8[0;1;30;90;47mX88[0;33;47m8[0;33;5;43;103mS::::;;%[0;1;30;90;46m@[0;1;36;96;46mXSSSSS[0;33;5;43;103mX;;;;;;t[0;37;43m@[0;1;30;90;46m:.....8[0;33;5;43;103m%%%%%%%[0;1;30;90;43m8[0;1;30;90;46m.[0m 
  [0;1;30;90;46m:[0;1;36;96;46mSSSS[0;1;30;90;46m%[0;33;5;43;103mX;;;;;;;[0;1;33;93;47m@[0;1;36;96;46mXXX@@@@@[0;36;47m8[0;33;5;43;103mt:::::::::::::::;;;;[0;1;30;90;47m8[0;1;36;96;46mXSSSSS[0;1;30;90;46m8[0;33;5;43;103m;;;;;;tt[0;37;5;40;100mt[0;1;30;90;46m......[0;36;5;40;100m [0;33;5;43;103m%%%%%%S[0;1;30;90;43m8[0;34;40mt[0m 
  [0;1;30;90;46m:[0;1;36;96;46mSSSSS[0;1;30;90;47m8[0;33;5;43;103m;;;;;;;;[0;1;30;90;47m8[0;1;36;96;46mXXXXXX@@[0;37;46mX[0;1;33;93;47m8[0;33;5;43;103m:::::::::::;;;;;%[0;1;30;90;47m8[0;1;36;96;46mSSSSSSS[0;1;33;93;43m8[0;33;5;43;103m;;;;;ttt[0;1;30;90;46mX......[0;37;43m@[0;33;5;43;103m%%%%%SS[0;33;5;40;100m8[0m  
  [0;34;40m%[0;1;30;90;46m:[0;1;36;96;46mSSSS[0;1;30;90;46mt[0;33;5;43;103m8;;;;;;;t[0;36;47m8[0;1;36;96;46mXXXXXXXXX[0;36;47m8[0;33;47m8[0;33;5;43;103mt::::;;;;;;;t[0;33;47m8[0;1;30;90;46m8[0;1;36;96;46mSSSSSSS[0;1;30;90;47m8[0;33;5;43;103m;;;;;ttt[0;37;43m@[0;1;30;90;46m......:[0;33;5;43;103m@%%%%%SS[0;31;40m@[0m  
   [0;1;30;90;46m:[0;1;36;96;46mSSSSS[0;1;30;90;46m8[0;33;5;43;103m%;;;;;;;t[0;1;30;90;47m8[0;1;36;96;46mXXXXXXXXXX[0;1;30;90;46m@[0;36;47m8[0;33;47m88[0;33;5;43;103m@St%X8[0;33;47m8[0;1;30;90;47m8[0;1;30;90;46mX[0;1;36;96;46mSSSSSSSS[0;36;5;40;100m [0;33;5;43;103mt;;;;tttS[0;1;30;90;46m@......[0;36;5;40;100m [0;33;5;43;103m%%%%%SS[0;1;30;90;43m [0m   
    [0;1;30;90;46m:[0;1;36;96;46mSSSSS[0;1;30;90;46m8[0;33;5;43;103mt;;;;;;;;[0;33;47m8[0;1;30;90;46m8[0;1;36;96;46mXXXXXXXXXXXXXXXSSSSSSSSSSSS[0;1;30;90;46m;[0;1;30;90;47m8[0;33;5;43;103mt;;;ttttt[0;36;5;40;100m [0;1;30;90;46m......:[0;33;5;43;103m8%%%%SS@[0m    
    [0;34;40mX[0;1;30;90;46m:[0;1;36;96;46mSSSSS[0;1;30;90;46m8[0;33;5;43;103m%;;;;;;;;S[0;1;30;90;47m8[0;1;30;90;46mX[0;1;36;96;46mSSSSSSSSSSSSSSSSSSSSSSSS[0;1;30;90;46m8[0;33;5;43;103m8;;;tttttt[0;37;5;40;100m@[0;1;30;90;46m.......[0;33;5;40;100m.[0;33;5;43;103m%%%%SSS[0;30;41m8[0m    
     [0;1;30;90;46m.::[0;1;36;96;46mSSSS[0;1;30;90;46m8[0;33;5;43;103m8;;;;;;;;;S[0;33;47m8[0;1;30;90;46m8[0;1;36;96;46mSSSSSSSSSSSSSSSSSSS[0;1;30;90;46m;8[0;37;43mX[0;33;5;43;103m;;;ttttttt[0;37;5;40;100mS[0;1;30;90;46m.......8[0;33;5;43;103mS%%%SSS[0;1;30;90;43m.[0m     
      [0;1;30;90;46m:::::[0;1;36;96;46mSS[0;1;30;90;46mt[0;37;43m8[0;33;5;43;103mt;;;;;;;;;;@[0;33;47m8[0;37;5;40;100m@[0;1;30;90;46m@[0;1;36;96;46mSSSSSSSSSSSS[0;1;30;90;46m@[0;37;5;40;100mS[0;37;43m8[0;33;5;43;103mX;;;tttttttX[0;1;30;90;46m8.......@[0;33;5;43;103m8%%%SSS[0;1;30;90;43m [0m      
       [0;1;30;90;46m::::::[0;1;36;96;46mSS[0;1;30;90;46m8[0;37;43mX[0;33;5;43;103m;;;;;;;;;;;;;S8[0;37;43m@8[0;33;47m8888[0;37;43m8@[0;33;5;43;103m8S;;;;ttttttttt[0;37;43m@[0;1;30;90;46mX.......8[0;33;5;43;103m8%%%SSS[0;1;30;90;43m [0m       
        [0;1;30;90;46m:.:::::::8[0;37;43m@[0;33;5;43;103mt;;;;;;;;;;;;;;;;;;;;;;;tttttttttt[0;37;43mX[0;1;30;90;46m8........8[0;33;5;43;103m@%%SSSS[0;1;30;90;43m [0m        
         [0;1;30;90;46m;;..::::::X[0;1;30;90;47m8[0;33;5;43;103m8;;;;;;;;;;;;;;;;tttttttttttt@[0;37;43m8[0;1;30;90;46m@.........[0;33;5;40;100m [0;33;5;43;103mS%%SSSS[0;1;30;90;43m.[0m         
          [0;1;30;90;40m8[0;1;30;90;46m8.....:::::8[0;37;5;40;100m%[0;37;43mX[0;33;5;43;103mXttttttttttttttttttttS[0;1;33;93;43m@[0;33;5;40;100m.[0;1;30;90;46m8......... X[0;37;43mS[0;33;5;43;103m%%SSSS@[0;31;43m8[0m          
            [0;1;30;90;43m8[0;1;30;90;46m8...........:8[0;36;5;40;100m:[0;33;47m8[0;37;43m@[0;1;33;93;43m8[0;33;5;43;103m8StttttS@8[0;1;33;93;43m@[0;37;43m@[0;33;5;40;100m [0;36;5;40;100m:[0;1;30;90;46m8:.......... %[0;1;30;90;43m8[0;33;5;43;103mS%SSSSS[0;1;33;93;43m%[0m            
             [0;1;30;90;43m.[0;1;33;93;43m8[0;37;5;40;100m;[0;1;30;90;46mt................:;t;:................. S[0;1;30;90;43m8[0;33;5;43;103mX%SSSSSS[0;1;30;90;43m [0m             
              [0;31;40m@[0;1;33;93;43mS[0;33;5;43;103mS[0;37;43m@[0;1;30;90;46m8:................................ :[0;36;5;40;100m;[0;37;43mX[0;33;5;43;103mS%SSSSSS[0;1;33;93;43m%[0;31;40m@[0m              
                [0;1;30;90;43m.[0;33;5;43;103m@%X[0;37;43mX[0;37;5;40;100m;[0;1;30;90;46m8...........................@[0;36;5;40;100m [0;37;43mX[0;33;5;43;103mX%SSSSSSS[0;1;33;93;43m8[0;1;30;90;43m [0m                
                  [0;1;30;90;43m.[0;33;5;43;103mS%%%@[0;37;43mS[0;1;30;90;43m8[0;36;5;40;100m:[0;1;30;90;46m8:................@8[0;33;5;40;100m:[0;37;43mS[0;33;5;43;103m8%%SSSSSSSSX[0;1;30;90;43m [0m                  
                    [0;1;30;90;43m.[0;33;5;43;103mS%%%%%%%8[0;1;33;93;43m8[0;37;43mS@[0;1;30;90;43m888[0;33;5;40;100m.[0;1;30;90;43m8888[0;37;43mS[0;1;33;93;43m8[0;33;5;43;103m8S%%%%SSSSSSSSSX[0;1;30;90;43m [0m                    
                      [0;1;30;90;43m.[0;33;5;43;103m@%%%%%%%%%%%%%%%%%%%%SSSSSSSSSSSS@[0;1;30;90;43m [0m                      
                        [0;1;30;90;43m.[0;1;33;93;43mX[0;33;5;43;103m%%%%%%%%%%%SSSSSSSSSSSSSSSSS[0;1;33;93;43mX[0;1;30;90;43m [0m                        
                          [0;31;40m8[0;1;30;90;43m [0;33;5;43;103mSSSSSSSSSSSSSSSSSSSSSSSX[0;1;30;90;43m [0;30;41m8[0m                          
                             [0;1;30;90;43m.[0;1;33;93;43mt[0;33;5;43;103mSSSSSSSSSSSSSSSSSS[0;1;33;93;43m%[0;1;30;90;43m [0m                             
                                [0;1;30;90;43m [0;1;33;93;43m%[0;33;5;43;103mSSSSSSSSSSSS[0;1;33;93;43mS[0;1;30;90;43m [0m                                
                                   [0;1;30;90;43m  [0;33;5;43;103mXSSSSX[0;1;30;90;43m  [0m                                   
                                      [0;31;40m8[0;1;30;90;43m  [0;30;41m8[0m                                      
