[0;30;41m8[0;35;5;40;100m [0;1;30;90;47m;:...................................................:::::::::::;;;;;;;;;;;t[0;35;5;40;100m [0;1;30;90;41mX[0m
[0;30;41m%[0;1;31;91;41mSX[0;1;30;90;47m8[0;1;37;97;47m@[0;37;5;47;107m%%%%%%%%%%%%%%%%%%%%%%%%%%%%%%%%%%%%[0;1;37;97;47mS[0;1;30;90;43m8%8[0;1;37;97;47mt[0;37;5;47;107m%%%%%%%%%SSSSSSSSSXXXXXXXX@@@[0;1;37;97;47m@[0;1;30;90;47m8[0;1;31;91;41mSt[0;30;41m%[0m
[0;30;41m%[0;1;31;91;41mSSSS[0;37;5;40;100m:[0;1;37;97;47m@[0;37;5;47;107m%%%%%%%%%%%%%%tttttttttttttttttt%%[0;33;5;40;100mS[0;31;5;40;100mX[0;1;33;93;43m8[0;33;5;43;103mt[0;1;30;90;43m8[0;37;5;47;107m%%%%%%%%%%%SSSSSSSSXXXXXXXX[0;1;37;97;47m@[0;37;5;40;100m:[0;1;31;91;41m%ttt[0;30;41m%[0m
[0;30;41m%[0;1;31;91;41mSSSSSX[0;1;30;90;47m8[0;37;5;47;107mX%%%%%%%%tttttttttttttttttttttttt[0;1;30;90;43m8[0;33;5;43;103m@[0;31;5;40;100mS[0;33;5;43;103mS[0;1;30;90;43m%[0;37;5;47;107m%%%%%%%%%%%%SSSSSSSSXXXXX@[0;1;30;90;47m8[0;1;31;91;41m%%%ttt[0;30;41m%[0m
[0;30;41m%[0;1;31;91;41mSSSSSXX@[0;1;37;97;47m;[0;37;5;47;107m%%%%ttttttttttttttttttttttttttt[0;1;30;90;47mt[0;33;5;43;103mX[0;1;33;93;43mS[0;33;5;40;100m8X[0;37;5;47;107m%%%%%%%%%%%%%%SSSSSSSXXX[0;1;37;97;47m:[0;1;31;91;41mX%%%%%tt[0;30;41mS[0m
[0;30;41m%[0;1;31;91;41mSSSSXXXXX[0;1;30;90;47m8[0;37;5;47;107m%ttttttttttttt;;;;;;;;;tttttttS[0;1;30;90;43m8[0;33;5;43;103m;[0;1;30;90;43mS[0;33;5;40;100m [0;37;5;47;107mt%%%%%%%%%%%%%%SSSSSSSX[0;1;30;90;47m8[0;1;31;91;41m%%%%%%%tt[0;30;41mS[0m
[0;30;41m%[0;1;31;91;41mSSSXXXXXXX[0;35;5;40;100m [0;37;5;47;107mSttttttt;;;;;;;;;;;;;;;;;;;ttt[0;1;30;90;47m@[0;33;5;43;103m;[0;1;30;90;43mX[0;36;5;40;100m%[0;37;5;47;107mttt%%%%%%%%%%%%%SSSSS@[0;35;5;40;100m.[0;1;31;91;41m%%%%%%%%%t[0;30;41mS[0m
[0;30;41m%[0;1;31;91;41mSXXXXXXXXXX[0;35;5;40;100m:[0;37;5;47;107mXtttt;;;;;;;;;;;:;;;;;;;;;;;X[0;1;30;90;43m8[0;33;5;43;103mX[0;37;5;40;100m8[0;36;5;40;100mt[0;37;5;47;107mtttt%%%%%%%%%%%%%SSS@[0;35;5;40;100m%[0;1;31;91;41m%%%%%%%%%%%[0;30;41mS[0m
[0;30;41m%[0;1;31;91;41mSXXXXXXXXX@@[0;35;5;40;100m.[0;37;5;47;107m%;;;;;;;:::::::::::::::;;;t[0;37;5;40;100m8[0;33;5;43;103mt[0;37;5;40;100m8[0;1;37;97;47m8[0;36;5;40;100m;[0;37;5;47;107mtttttt%%%%%%%%%%%SSX[0;35;5;40;100mt[0;1;31;91;41mSS%%%%%%%%%%[0;30;41mS[0m
[0;30;41m%[0;1;31;91;41mXXXXXXXX@@@@@[0;1;30;90;47m8[0;37;5;47;107m;;;;::::::::.....:::::::t[0;1;30;90;47mS[0;33;5;43;103m%[0;1;30;90;43m8[0;37;5;47;107mX8[0;36;5;40;100m;[0;37;5;47;107mttttttt%%%%%%%%%%%S[0;35;5;40;100m [0;1;31;91;41mSSS%%%%%%%%%%[0;30;41m%[0m
[0;30;41m%[0;1;31;91;41mXXXXXXX@@@@@@8[0;1;30;90;47m%[0;37;5;47;107m;;:::::..............:%[0;1;30;90;47m%[0;33;5;43;103mt[0;1;30;90;43m8[0;37;5;47;107m@;8[0;36;5;40;100m:[0;37;5;47;107m;ttttttt%%%%%%%%%%[0;1;30;90;47m8[0;1;31;91;41mSSSSS%%%%%%%%%[0;30;41m%[0m
[0;30;41mt[0;1;31;91;41mXXXXXX@@@@@@888[0;1;37;97;47m@[0;37;5;47;107m:::.....         ...@[0;33;47m8[0;37;5;43;103mS[0;37;43m8[0;37;5;47;107m@:;8[0;36;5;40;100m:[0;37;5;47;107m;;tttttt%%%%%%%%%[0;1;37;97;47mt[0;1;31;91;41mSSSSSS%%%%%%%%%[0;30;41m%[0m
[0;1;30;90;41mt[0;1;31;91;41mXXXXXX@@@@@8888[0;35;5;40;100m.[0;37;5;47;107m;:...              [0;1;37;97;47m@[0;33;47m8[0;37;5;43;103mX[0;33;47m8[0;37;5;47;107mX:::8[0;36;5;40;100m.[0;37;5;47;107m;;ttttttt%%%%%%%S[0;1;30;90;41m8[0;1;31;91;41mSSSSSSS%%%%%%%%[0;30;41m%[0m
[0;1;30;90;41mt[0;1;31;91;41mXXXXX@@@@@888888[0;1;37;97;47m [0;37;5;47;107m...             .[0;1;37;97;47m:[0;37;5;43;103m8X[0;33;47m8[0;37;5;47;107m%..::8[0;36;5;40;100m.[0;37;5;47;107m;;;tttttt%%%%%%%[0;1;30;90;47m@[0;1;31;91;41mSSSSSSSS%%%%%%%%[0;30;41m%[0m
[0;1;30;90;41mt[0;1;31;91;41mXXXXX@@@@@888888[0;35;5;40;100m;[0;37;5;47;107m:.             :[0;1;30;90;47m:[0;37;5;43;103m@X[0;33;47m8[0;37;5;47;107mt...::8[0;36;5;40;100m [0;37;5;47;107m;;;;tttttt%%%%%X[0;1;31;91;41mXSSSSSSSS%%%%%%%%[0;30;41m%[0m
[0;1;30;90;41mt[0;1;31;91;41mXXXX@@@@@88888888[0;1;37;97;47m:[0;37;5;47;107m             ;[0;1;30;90;47m:[0;37;5;43;103m@X[0;33;47m8[0;37;5;47;107m%  ...:@[0;36;5;40;100m [0;37;5;47;107m;;;;tttttt%%%%%[0;1;30;90;47mS[0;1;31;91;41mSSSSSSSSSS%%%%%%%[0;30;41m%[0m
[0;1;30;90;41mt[0;1;31;91;41mXXXX@@@@@88888888[0;1;30;90;47m8[0;37;5;47;107m            ;[0;1;30;90;47m:[0;37;5;43;103mXX[0;33;47m8[0;37;5;47;107mX   ...:@[0;36;5;40;100m [0;37;5;47;107m;;;;tttttt%%%%%[0;1;31;91;41m@SSSSSSSSSS%%%%%%%[0;30;41m%[0m
[0;1;30;90;41mt[0;1;31;91;41mXXXX@@@@@8888888[0;31;5;41;101m88[0;37;5;47;107m@          .[0;1;30;90;47m:[0;37;5;43;103mXX[0;33;47m8[0;37;5;47;107m8    ...:@[0;36;5;40;100m [0;37;5;47;107m;;;;tttttt%%%%[0;1;37;97;47mt[0;1;31;91;41mXSSSSSSSSSS%%%%%%%[0;30;41m%[0m
[0;1;30;90;41mt[0;1;31;91;41mXXXX@@@@@88888888[0;31;5;41;101m8[0;1;37;97;47m [0;37;5;47;107m          [0;1;30;90;47m.[0;37;5;43;103m8X8[0;1;37;97;47mt[0;37;5;47;107m     ...:@[0;36;5;40;100m [0;37;5;47;107m;;;;tttttt%%%%[0;1;30;90;47m8[0;1;31;91;41mXSSSSSSSSSS%%%%%%%[0;30;41m%[0m
[0;1;30;90;41mt[0;1;31;91;41mXXXXX@@@@@8888888[0;31;5;41;101m8[0;1;30;90;47m8[0;37;5;47;107m         [0;1;37;97;47mX[0;37;5;43;103m8XX[0;1;30;90;47m;[0;37;5;47;107m      ...:8[0;36;5;40;100m [0;37;5;47;107m;;;;tttttt%%%%[0;1;31;91;41m@SSSSSSSSSS%%%%%%%%[0;30;41m%[0m
[0;1;30;90;41mt[0;1;31;91;41mXXXXX@@@@@88888888[0;35;5;41;101m8[0;37;5;47;107m:       .[0;33;47m8[0;37;5;43;103mXX[0;33;47m8[0;37;5;47;107m@     ...::8[0;36;5;40;100m [0;37;5;47;107m;;;ttttttt%%%8[0;1;31;91;41mXSSSSSSSSSS%%%%%%%%[0;30;41m%[0m
[0;30;41m%[0;1;31;91;41mXXXXX@@@@@@88888888[0;37;5;47;107m8       [0;1;37;97;47mS[0;37;5;43;103m@XX[0;1;30;90;47m;[0;37;5;47;107m     ...:::8[0;36;5;40;100m [0;37;5;47;107m;;;tttttt%%%%[0;1;37;97;47m [0;1;31;91;41mXSSSSSSSSSS%%%%%%%%[0;30;41mS[0m
[0;30;41m@[0;1;31;91;41mXXXXXX@@@@@88888888[0;1;37;97;47m.[0;37;5;47;107m..     [0;1;30;90;47m:[0;37;5;43;103mXX@[0;1;37;97;47m;[0;37;5;47;107m   ....::::8[0;36;5;40;100m.[0;37;5;47;107m;;ttttttt%%%%[0;1;30;90;47m8[0;1;31;91;41mSSSSSSSSSSS%%%%%%%%[0;30;41m@[0m
[0;31;40m8[0;1;31;91;41mXXXXXXX@@@@@8888888[0;1;30;90;47mS[0;37;5;47;107m...... [0;33;47m8[0;37;5;43;103mXX[0;37;43m@[0;37;5;47;107m@.....:::::;8[0;36;5;40;100m.[0;37;5;47;107m;ttttttt%%%%%[0;1;30;90;47m8[0;1;31;91;41mSSSSSSSSSS%%%%%%%%%[0;31;40m8[0m
[0;31;40mt[0;1;31;91;41mXXXXXXXX@@@@@@88888[0;1;30;90;47m8[0;37;5;47;107m:::...:[0;1;30;90;43m8[0;37;5;43;103mXX[0;37;43mX[0;37;5;47;107mt...:::::;;;8[0;36;5;40;100m.[0;37;5;47;107mttttttt%%%%%%[0;35;5;40;100m.[0;1;31;91;41mSSSSSSSSSS%%%%%%%%%[0;31;40m%[0m
 [0;1;31;91;41m;XXXXXXXX@@@@@@8888[0;1;30;90;47m8[0;37;5;47;107m:::::::[0;1;30;90;43m8[0;37;5;43;103mXX[0;37;43mX[0;37;5;47;107mS::::::;;;;;8[0;36;5;40;100m:[0;37;5;47;107mtttttt%%%%%%%[0;35;5;40;100mt[0;1;31;91;41mSSSSSSSSS%%%%%%%%%;[0m 
 [0;30;41m%[0;1;31;91;41mXXXXXXXXX@@@@@@@88[0;1;30;90;47m8[0;37;5;47;107m;;;::::[0;1;30;90;47mS[0;37;5;43;103mSS[0;1;33;93;43m8[0;1;37;97;47mX[0;37;5;47;107m:::;;;;;;;t[0;1;37;97;47m8[0;36;5;40;100m:[0;37;5;47;107mttttt%%%%%%%%[0;35;5;40;100m%[0;1;31;91;41mSSSSSSSSS%%%%%%%%%[0;30;41m%[0m 
 [0;31;40mS[0;1;31;91;41mSXXXXXXXXXX@@@@@@@[0;1;30;90;47m8[0;37;5;47;107m;;;;;;;[0;1;30;90;47m:[0;33;5;43;103m%:;[0;1;30;90;47m%[0;37;5;47;107m;;;;;;;;ttt[0;1;37;97;47m8[0;36;5;40;100m;[0;37;5;47;107mtttt%%%%%%%%%[0;35;5;40;100mt[0;1;31;91;41mSSSSSSSS%%%%%%%%%%[0;31;40mX[0m 
  [0;1;30;90;41m;[0;1;31;91;41mSXXXXXXXXXX@@@@@@[0;1;30;90;47m8[0;37;5;47;107m;;;;;;;S[0;1;30;90;43m8[0;33;5;43;103m;;[0;1;30;90;43m8[0;37;5;47;107m%;;;;tttttt[0;1;37;97;47m8[0;36;5;40;100m;[0;37;5;47;107mtt%%%%%%%%%%%[0;35;5;40;100m.[0;1;31;91;41mSSSSSSS%%%%%%%%%%.[0m  
  [0;31;40m8[0;1;31;91;41mSSXXXXXXXXXXXX@@@[0;1;30;90;47mX[0;37;5;47;107mtttttttt[0;1;30;90;47m;[0;33;5;43;103mS;S[0;1;30;90;47m;[0;37;5;47;107mtttttttttt[0;1;37;97;47m8[0;36;5;40;100mt[0;37;5;47;107mt%%%%%%%%%%%%[0;1;30;90;47m8[0;1;31;91;41mSSSSSS%%%%%%%%%%%[0;31;40m8[0m  
   [0;1;30;90;41m;[0;1;31;91;41mSSSXXXXXXXXXXXXX[0;1;37;97;47m [0;37;5;47;107mtttttttt%[0;33;5;40;100m.[0;33;5;43;103mt;[0;1;30;90;43m8[0;1;37;97;47m8[0;37;5;47;107mttttttttt[0;1;37;97;47m8[0;36;5;40;100mt[0;37;5;47;107m%%%%%%%%%%%%%[0;1;30;90;47m8[0;1;31;91;41mSSSSS%%%%%%%%%%%[0;30;41m.[0m   
   [0;31;40mt[0;1;31;91;41m%SSSSXXXXXXXXXXX[0;37;5;47;107m8ttttttttt8[0;1;30;90;43m8[0;33;5;43;103m;;[0;33;5;40;100m;[0;37;5;47;107m%ttttt%%%[0;1;37;97;47m8[0;30;5;40;100m%[0;37;5;47;107m%%%%%%%%%%%%S[0;1;37;97;47m [0;1;31;91;41mSSSS%%%%%%%%%%%t[0;31;40m%[0m   
    [0;30;41m8[0;1;31;91;41mSSSSSSXXXXXXXX@[0;37;5;47;107m%%ttttttttt[0;1;37;97;47m@[0;1;30;90;43m8[0;33;5;43;103m;S[0;37;5;40;100m8[0;37;5;47;107m%%%%%%%%[0;1;37;97;47m8[0;30;5;40;100mS[0;37;5;47;107m%%%%%%%%%%SSS8[0;1;31;91;41mSSS%%%%%%%%%%%%[0;30;41m8[0m    
     [0;30;41m%[0;1;31;91;41mSSSSSSSXXXXXX[0;1;30;90;47m8[0;37;5;47;107m%%%%%%%%%%%%[0;1;37;97;47mS[0;1;30;90;43m@[0;33;5;43;103mt@[0;1;30;90;47mS[0;37;5;47;107m%%%%%%%[0;1;37;97;47m8[0;30;5;40;100mS[0;37;5;47;107m%%%%%%%%SSSSSS[0;1;30;90;41m8[0;1;31;91;41m%%%%%%%%%%%%%[0;30;41m%[0m     
      [0;1;30;90;41m:[0;1;31;91;41mSSSSSSSSSXXX[0;1;37;97;47m [0;37;5;47;107m%%%%%%%%%%%%%[0;1;37;97;47mS[0;1;30;90;43m@[0;33;5;43;103mt[0;1;33;93;43m@[0;1;30;90;47mt[0;37;5;47;107m%%%%%%[0;1;37;97;47m@[0;30;5;40;100mS[0;37;5;47;107m%%%%%%SSSSSSSS[0;1;30;90;47m8[0;1;31;91;41m%%%%%%%%%%%t[0;30;41m:[0m      
       [0;1;30;90;41m:[0;1;31;91;41mSSSSSSSSSS@[0;37;5;47;107mS%%%%%%%%%%%%%%[0;1;37;97;47m@[0;1;30;90;43m8[0;33;5;43;103mt[0;1;33;93;43mX[0;1;30;90;47m:[0;37;5;47;107m%%%%%[0;1;37;97;47m@[0;30;5;40;100mX[0;37;5;47;107m%%%%SSSSSSSSSS8[0;1;31;91;41mS%%%%%%%%%t[0;30;41m.[0m       
        [0;1;30;90;41m:[0;1;31;91;41mSSSSSSSSS[0;1;30;90;47m8[0;37;5;47;107m%%%%%%%%%%%%%%%%8[0;33;5;40;100mt[0;33;5;43;103mS[0;1;33;93;43mS[0;1;30;90;47m:[0;37;5;47;107m%%%%[0;1;37;97;47m@[0;30;5;40;100mX[0;37;5;47;107m%SSSSSSSSSSSSXX[0;1;30;90;47m8[0;1;31;91;41m%%%%%%%%t[0;30;41m.[0m        
         [0;30;41mt[0;1;31;91;41mSSSSSSSX[0;37;5;47;107m@%%%%%%%%%%%%%%%%%S[0;33;5;40;100m [0;33;5;43;103m@[0;1;33;93;43mS[0;1;30;90;47m;[0;37;5;47;107m%%%[0;1;37;97;47m@[0;30;5;40;100mX[0;37;5;47;107mSSSSSSSSSSSXXXX[0;1;37;97;47m@[0;1;31;91;41m%%%%%%%t[0;30;41mt[0m         
          [0;30;41m8[0;1;31;91;41m%SSSSS[0;1;37;97;47m [0;37;5;47;107mSSS%%%%%%%%%%%%%%%%S[0;1;30;90;47mX[0;1;33;93;43m@S[0;1;30;90;47m;[0;37;5;47;107mSS[0;1;37;97;47mX[0;30;5;40;100mX[0;37;5;47;107mSSSSSSSSXXXXXXXX[0;1;30;90;47m8[0;1;31;91;41m%%%%tt[0;30;41m8[0m          
           [0;31;40mS[0;1;31;91;41m:SSS[0;1;30;90;47m8[0;37;5;47;107mSSSSSSSSSSSSSSSSSSSSSS[0;1;30;90;47mt[0;1;33;93;43mSS[0;1;30;90;47m:[0;37;5;47;107mS[0;1;37;97;47mX[0;30;5;40;100mX[0;37;5;47;107mSSSSSSXXXXXXXXXX@[0;35;5;40;100mt[0;1;31;91;41m%tt:[0;31;40mX[0m           
             [0;30;41mt[0;1;31;91;41mS[0;1;30;90;47m8[0;37;5;47;107mSSSSSSSSSSSSSSSSSSSSSSSS[0;1;30;90;47mt[0;1;33;93;43m%[0;1;30;90;43m;[0;1;37;97;47m.X[0;30;5;40;100mX[0;37;5;47;107mSSXXXXXXXXXXXXX@@8[0;31;5;40;100mS[0;1;31;91;41mt[0;30;41m;[0m             
              [0;31;5;40;100m8[0;1;37;97;47m@[0;37;5;47;107mSSSSSSSSSSSSSSSSSSSSSSSSS[0;1;30;90;47mX[0;1;33;93;43m@[0;1;30;90;43m%[0;1;30;90;47m [0;30;5;40;100m@[0;37;5;47;107mXXXXXXXXXXXX@@@@@@[0;1;37;97;47mX[0;31;40m8[0m              
                [0;37;5;40;100m@[0;37;5;47;107m8XXXSSSSSSSSSSSSSSSSSXXXX[0;33;5;40;100mS[0;33;5;43;103m%[0;33;5;40;100m8[0;30;5;40;100m@[0;37;5;47;107mXXXXXXXXXX@@@@@@8[0;37;5;40;100m8[0m                
                  [0;1;30;90;47m%[0;37;5;47;107mXXXXXXXXXXXXXXXXXXXXXXX[0;1;30;90;47mX[0;33;5;43;103m@[0;1;30;90;43m.[0;36;5;40;100mt[0;37;5;47;107mXXXXXXX@@@@@@@@[0;1;30;90;47m;[0m                  
                   [0;30;5;40;100m8[0;1;30;90;47m;[0;37;5;47;107mXXXXXXXXXXXXXXXXXXXXX[0;33;5;40;100m%[0;33;5;43;103mX[0;31;40m@[0;33;5;40;100m@[0;37;5;47;107mXXX@@@@@@@@@@[0;1;30;90;47m;[0;30;5;40;100m@[0m                   
                      [0;1;30;90;47mS[0;37;5;47;107m@XXXXXXXXXXXXXXXXX[0;1;37;97;47mt[0;1;30;90;43m ...[0;1;37;97;47mX[0;37;5;47;107m@@@@@@@@@8[0;1;30;90;47m%[0;30;5;40;100m8[0m                     
                        [0;1;30;90;47m8[0;37;5;47;107m8XXXXXXXXXXX@@@@[0;37;5;40;100m8[0;1;30;90;43m [0;31;43m8[0;33;5;43;103mS[0;1;33;93;43m%[0;1;30;90;47m:[0;37;5;47;107m@@@@@@@[0;1;37;97;47m8[0;1;30;90;47m8[0m                        
                          [0;36;5;40;100m [0;1;37;97;47m:[0;37;5;47;107m@@@@@@@@@@@@@[0;1;37;97;47m:[0;31;40mX[0;1;33;93;43m8[0;33;5;43;103mS[0;1;30;90;43m.[0;1;37;97;47mS[0;37;5;47;107m@@@@@[0;1;37;97;47m;[0;36;5;40;100m [0m                          
                             [0;37;5;40;100m8[0;1;37;97;47mX[0;37;5;47;107m@@@@@@@@@@@[0;1;30;90;47mS[0;1;30;90;43m88[0;1;30;90;47m:[0;37;5;47;107m@@@[0;1;37;97;47m@[0;37;5;40;100m8[0m                             
                               [0;30;5;40;100m@[0;1;30;90;47m8[0;1;37;97;47m8[0;37;5;47;107m@@@@@@@@@@@@[0;1;37;97;47m8[0;1;30;90;47mX[0;30;5;40;100mS[0m                               
                                  [0;30;5;40;100mX[0;37;5;40;100m8[0;1;37;97;47mt[0;37;5;47;107m@@@@@@[0;1;37;97;47m%[0;37;5;40;100m8[0;30;5;40;100mS[0m                                  
                                      [0;36;5;40;100m [0;1;30;90;47mXS[0;36;5;40;100m [0m                                      
